0	1	2	3	4	5	6	7
32	53	33	23	28	142	59	136
33	61	35	25	24	112	61	139
33	47	31	24	25	122	62	172
32	54	30	22	25	123	64	183
32	51	28	22	25	126	55	192
35	68	31	23	23	111	58	191
36	63	29	25	23	117	57	206
36	63	27	24	24	101	58	166
37	57	28	24	26	98	64	186
36	64	29	24	27	93	58	181
35	48	29	23	29	128	54	181
31	52	29	22	29	126	56	160
31	52	29	24	28	128	58	149
36	52	28	24	28	126	50	163
36	55	29	24	29	141	56	158
38	56	25	25	27	118	65	169
39	54	26	25	27	115	65	165
41	52	28	25	28	127	66	180
40	64	29	24	27	137	72	167
39	56	28	23	25	126	69	178
38	59	33	24	25	115	54	166
37	58	33	22	25	117	55	165
36	60	33	21	23	125	52	149
38	54	33	24	24	128	50	175
40	53	35	24	25	129	58	171
38	50	33	23	24	136	68	168
39	63	35	23	26	145	66	170
39	68	37	23	26	119	65	205
36	61	35	19	25	145	79	153
39	61	34	20	24	159	79	170
39	57	33	19	26	155	72	173
40	45	29	21	26	160	72	174
41	54	29	21	26	167	89	148
40	56	29	23	26	136	72	152
38	59	30	23	27	124	68	130
37	72	31	25	26	128	72	123
36	72	35	25	26	147	82	119
33	60	33	26	26	153	63	108
32	59	32	25	25	152	67	132
30	66	33	25	26	149	65	147
33	54	31	24	24	156	68	161
34	50	27	24	24	154	58	164
33	49	25	24	25	150	57	157
36	62	28	25	26	160	55	133
36	58	27	23	23	176	63	145
36	59	29	25	25	175	61	145
38	59	29	23	23	148	60	165
39	59	31	22	24	146	60	170
38	65	32	22	26	154	68	177
36	61	31	22	27	145	61	156
38	61	31	23	27	136	56	173
37	62	32	22	28	157	59	173
37	78	33	22	27	172	83	175
37	64	30	23	23	154	76	164
39	64	31	24	24	154	78	165
35	60	28	22	23	169	89	137
36	72	29	25	25	148	96	149
35	61	28	27	25	129	78	145
35	60	28	26	26	142	81	166
32	60	28	27	27	142	79	163
32	75	32	27	29	141	74	161
30	63	29	26	27	142	67	128
28	56	27	27	27	143	65	129
29	57	29	27	29	153	77	125
31	65	33	25	26	141	77	128
31	48	32	28	28	125	77	139
33	48	33	27	32	138	72	139
32	59	37	25	32	132	76	135
30	60	35	26	33	125	69	126
33	51	33	26	33	126	69	163
33	50	31	24	31	138	65	158
35	59	35	24	28	125	78	161
37	55	33	24	27	158	75	162
36	52	32	24	27	152	70	155
35	52	34	25	28	164	80	193
35	69	39	25	27	156	78	192
33	62	34	24	27	156	66	191
29	55	33	23	30	149	77	190
30	56	33	24	29	151	73	195
34	67	34	22	28	151	69	142
33	52	30	23	28	155	69	135
34	52	31	24	29	171	74	132
35	52	30	24	25	149	62	129
35	74	35	21	24	144	74	135
28	67	32	23	26	148	71	99
34	66	33	20	26	158	74	192
31	66	34	20	25	141	72	192
33	66	33	21	27	160	75	207
33	63	35	24	27	162	68	200
33	65	36	21	26	157	75	207
31	67	37	23	27	134	71	150
31	75	36	25	28	136	70	155
30	84	41	26	26	130	80	146
29	71	37	24	28	132	77	141
31	68	35	26	27	114	65	147
34	78	40	27	26	125	69	152
34	73	39	25	29	153	72	146
35	63	36	23	30	144	58	142
35	61	36	25	28	135	60	142
34	68	39	24	28	137	62	138
34	54	35	25	30	155	70	157
37	50	34	26	27	144	65	165
38	51	34	26	26	152	66	171
39	69	35	25	26	185	103	171
40	60	31	24	28	196	101	178
38	60	28	19	26	196	100	179
37	72	33	20	27	186	101	184
37	72	32	22	27	191	104	178
37	54	33	24	28	161	68	186
36	55	33	26	27	162	67	208
36	73	37	27	31	203	63	180
33	61	32	29	30	201	64	172
33	61	33	25	33	193	56	196
33	75	34	25	32	193	55	208
33	75	34	24	34	191	57	172
31	61	33	23	30	137	59	163
32	61	32	22	30	134	57	159
30	70	34	22	28	177	60	143
33	54	33	21	27	174	69	153
34	53	34	24	28	166	75	163
34	53	31	23	26	167	72	180
40	55	32	22	27	169	72	209
39	48	28	22	26	120	75	200
37	59	29	24	28	117	75	172
35	57	26	22	25	135	75	161
40	59	27	23	26	134	71	157
35	56	26	23	27	131	70	111
36	53	29	22	27	136	72	120
37	58	31	21	27	164	65	120
38	61	33	20	27	200	68	129
34	56	32	21	28	217	72	136
34	56	34	23	29	230	71	133
33	55	30	23	30	227	71	125
34	35	29	24	30	221	69	132
33	45	31	24	29	189	63	131
31	46	34	25	30	160	58	113
33	46	32	24	27	158	74	172
35	45	33	25	31	165	68	178
33	47	33	24	31	162	65	174
32	41	33	24	31	147	66	172
31	39	29	22	30	141	67	171
28	39	30	24	32	182	55	116
26	38	29	23	26	171	58	122
36	37	29	25	26	163	68	162
36	27	26	24	24	164	72	160
36	27	24	24	27	162	70	155
36	26	27	23	27	182	73	157
40	27	28	30	34	194	76	145
31	24	26	28	35	195	66	132
31	25	28	32	37	193	60	129
33	25	28	32	37	211	67	134
34	27	27	32	37	143	63	131
30	30	28	26	33	132	60	147
40	31	28	26	32	137	63	176
41	33	27	22	32	135	69	180
42	34	29	23	32	168	68	175
42	32	27	23	32	177	69	175
44	31	27	24	31	177	69	203
37	30	31	24	29	167	80	176
35	42	33	24	28	192	80	171
36	42	33	24	28	155	78	176
34	43	34	25	27	141	79	175
33	43	30	25	26	146	89	188
32	44	28	23	27	151	77	183
33	35	25	23	27	124	75	188
28	33	23	22	26	123	75	190
29	32	23	23	25	134	68	197
29	29	24	21	24	131	52	151
29	27	25	23	26	134	60	142
35	27	27	23	29	144	56	158
36	28	28	23	30	131	53	157
36	27	27	22	30	127	53	148
37	29	27	24	31	151	66	162
37	35	28	22	29	147	63	153
33	31	25	23	25	140	58	151
34	34	24	24	29	159	67	163
36	34	26	25	28	170	74	176
38	33	25	25	28	146	68	182
37	26	22	25	28	138	63	178
35	34	25	24	29	153	64	162
36	30	23	25	25	147	74	154
42	30	25	24	27	128	72	189
36	30	26	22	25	130	69	157
39	35	28	22	28	133	70	173
39	30	28	24	30	120	71	179
37	30	29	23	28	137	92	182
34	31	28	22	28	146	89	165
35	33	28	24	29	140	90	167
37	35	29	27	27	137	92	179
37	36	28	25	27	168	95	170
36	35	27	25	26	161	58	160
31	35	26	26	26	159	56	122
37	34	27	26	27	165	61	161
36	29	25	24	29	196	65	171
38	25	27	25	27	179	60	179
41	32	27	23	27	171	59	198
43	31	28	23	28	173	63	202
40	32	27	22	27	186	60	178
41	35	26	22	31	214	58	165
42	36	26	21	29	202	57	160
43	31	27	24	31	205	57	187
43	33	29	25	33	202	62	184
41	33	28	26	34	193	60	177
38	27	29	27	28	142	55	162
35	29	28	26	30	144	57	164
33	33	29	28	30	141	70	118
31	35	29	27	28	132	66	119
30	39	32	25	26	125	65	126
28	40	31	24	28	113	66	119
29	39	30	27	27	124	71	113
29	39	28	23	26	152	69	97
34	36	27	22	25	152	67	152
36	33	27	22	25	154	69	154
37	32	29	24	25	167	67	155
38	37	31	24	26	167	59	164
36	33	32	25	25	137	49	163
31	32	31	25	25	133	48	114
30	34	31	25	24	129	46	122
30	34	28	25	24	116	56	143
33	37	29	26	27	145	61	148
36	37	29	24	28	145	64	154
37	38	29	25	29	149	66	159
37	36	29	25	30	157	68	156
40	42	33	26	32	170	65	178
37	34	30	25	27	130	69	170
34	35	31	27	26	124	66	171
35	35	32	26	26	119	67	171
36	34	31	26	27	126	66	163
34	28	28	24	23	86	62	109
35	30	30	30	27	104	63	157
35	30	28	32	27	107	61	146
33	30	26	35	27	109	59	142
32	30	26	35	28	120	75	141
31	26	27	35	28	134	78	149
32	26	26	29	27	132	77	120
33	25	27	26	27	134	83	156
39	35	27	23	27	137	82	185
40	36	25	23	26	114	64	186
42	37	22	25	25	115	63	189
41	38	23	24	27	111	62	198
39	48	27	25	25	115	52	171
37	41	26	25	23	122	52	143
36	41	26	24	24	121	53	150
34	42	26	23	27	164	62	150
36	41	27	23	24	160	55	126
38	31	26	25	28	162	58	152
36	32	28	24	29	165	60	148
35	29	29	25	29	176	66	140
34	29	29	25	26	134	54	144
32	27	28	25	28	134	57	181
33	26	25	22	25	145	59	177
34	27	23	23	24	132	63	184
33	27	23	24	25	114	59	191
37	29	25	23	30	131	61	225
38	29	27	24	29	136	57	207
39	34	29	25	30	135	88	202
38	34	30	24	31	136	85	196
39	35	29	23	30	138	83	190
36	39	28	23	25	123	82	140
34	43	28	25	26	139	87	151
30	37	26	25	25	127	57	152
30	36	25	27	25	131	56	153
31	35	26	28	25	128	56	153
29	30	26	29	26	125	55	148
27	27	23	27	27	107	71	153
32	29	24	26	27	108	70	159
34	29	24	27	26	99	70	163
34	29	24	27	26	123	72	166
37	27	23	25	26	125	86	182
36	30	25	24	24	122	72	147
34	32	26	24	24	113	72	133
34	32	27	22	24	123	75	141
34	32	26	21	24	106	76	136
31	35	26	22	22	107	61	123
36	32	25	23	26	137	62	162
35	31	24	20	24	139	58	156
33	31	25	21	25	143	61	150
33	32	26	21	25	141	58	148
34	32	25	22	26	142	63	151
31	30	25	21	23	168	64	144
30	30	26	23	25	175	69	144
30	32	27	23	25	169	61	147
28	36	28	23	25	168	59	150
30	34	29	23	25	163	57	145
28	36	30	24	25	118	57	114
33	36	28	23	24	119	57	156
34	37	29	23	23	114	59	146
35	33	30	22	25	119	60	145
34	31	31	22	26	147	76	145
34	34	29	21	26	147	73	142
34	35	31	22	29	154	70	130
33	31	28	23	30	153	70	134
35	31	26	24	31	169	81	136
33	34	26	23	31	154	68	136
35	36	26	23	33	148	70	174
35	35	25	25	32	143	81	171
36	44	27	23	31	156	91	168
41	64	30	23	29	160	84	174
46	73	32	27	31	155	89	198
48	91	42	27	28	147	87	174
47	96	44	24	27	157	75	182
47	95	44	26	28	150	63	187
44	85	43	26	27	131	75	183
38	78	42	23	25	131	69	164
35	55	31	24	27	155	69	159
43	48	32	25	25	148	74	183
40	46	32	25	26	143	73	182
42	53	32	25	27	135	59	183
42	52	32	27	28	179	65	172
42	50	32	26	29	177	74	170
36	49	31	25	32	225	73	175
37	49	31	26	31	228	77	178
33	53	30	25	30	232	78	176
35	54	31	24	29	201	69	177
35	70	33	23	28	199	78	174
32	71	32	23	23	140	80	135
32	70	29	22	25	145	76	148
33	57	27	22	26	145	76	152
32	60	29	22	25	138	77	156
34	51	30	25	27	126	56	185
33	48	30	27	28	131	50	179
36	52	31	28	27	150	68	177
39	55	33	28	27	145	65	196
37	51	32	28	26	147	69	198
40	55	30	26	24	141	71	210
39	56	30	24	28	143	74	196
35	55	31	23	28	111	60	193
33	52	28	21	28	127	62	167
39	64	29	23	29	128	64	197
35	54	27	23	30	134	61	153
36	55	29	23	28	121	59	162
42	56	27	22	27	128	61	175
41	54	28	24	27	114	67	172
38	68	37	23	26	125	60	173
38	66	37	21	26	119	62	178
37	66	36	23	24	119	64	180
31	64	37	25	25	132	68	164
37	70	38	24	24	174	60	205
34	54	29	24	23	163	60	177
34	55	29	25	22	166	75	175
34	54	27	24	23	167	75	168
38	54	29	24	24	181	69	185
