0	1	2	3	4	5	6	7
69	251	309	140	70	41	56	32
61	224	290	162	84	41	56	31
56	179	310	174	96	39	37	31
57	173	307	179	93	40	36	30
50	170	308	171	90	38	30	27
49	169	279	166	93	40	31	26
42	185	245	127	77	38	31	25
40	190	214	92	57	36	30	24
41	192	230	78	66	35	31	24
35	182	219	76	68	37	32	25
35	187	236	77	61	35	40	27
36	147	217	74	57	35	49	25
35	120	201	97	57	36	50	27
31	148	185	141	73	43	54	27
33	146	173	141	72	48	56	27
33	141	151	141	80	49	51	27
35	151	157	145	80	50	44	28
34	154	159	144	83	49	42	28
71	126	157	150	61	48	44	47
82	134	202	148	62	45	40	55
88	126	198	150	59	43	39	57
87	107	191	155	59	41	37	57
98	129	216	153	65	45	41	61
77	119	217	115	68	41	36	52
72	101	167	114	63	39	37	53
70	112	168	108	89	47	40	56
71	117	160	110	94	48	41	55
57	87	162	112	92	45	38	53
59	87	166	119	91	43	36	48
57	80	167	119	94	44	34	45
57	72	175	127	102	37	31	40
57	77	178	122	101	36	32	41
58	79	149	105	98	35	31	39
54	80	128	87	102	39	31	39
47	81	120	90	103	36	29	33
49	75	102	87	75	35	27	33
52	69	95	106	71	33	25	32
57	64	83	108	75	38	29	35
78	68	88	110	68	38	33	49
80	67	90	107	70	40	36	50
76	68	103	99	63	38	36	52
78	73	123	68	63	38	36	54
82	73	120	68	62	36	33	53
62	67	114	63	64	31	29	39
77	65	114	59	57	29	28	41
84	55	107	59	59	29	28	47
84	39	76	64	59	32	28	44
77	49	75	84	59	32	28	41
79	54	77	89	59	32	27	40
63	68	82	98	59	37	27	36
53	71	72	98	58	40	27	25
46	71	67	98	55	38	26	24
51	64	62	80	66	39	28	28
71	65	77	75	64	38	30	39
72	54	87	66	69	33	29	40
74	51	91	66	75	30	30	39
76	56	102	62	79	32	33	41
73	54	108	61	67	33	31	39
48	49	100	60	67	33	27	28
56	46	82	59	57	33	30	28
57	45	80	58	70	35	30	29
52	35	67	59	64	35	29	27
51	42	72	78	68	32	29	27
51	57	71	90	75	34	30	27
39	61	83	98	81	37	28	26
36	63	83	98	63	34	24	24
32	63	79	98	62	32	24	24
30	59	77	82	62	34	26	25
31	53	73	66	66	37	25	26
27	47	60	58	64	35	25	25
29	45	69	53	72	40	26	26
29	64	87	67	74	39	27	26
30	65	81	77	74	39	26	26
30	57	84	79	66	35	28	25
31	58	81	77	66	39	29	25
34	58	75	82	61	35	29	27
32	40	58	68	58	36	27	26
37	40	63	68	54	34	27	28
35	43	60	68	62	32	28	28
33	52	60	72	58	29	27	28
32	68	74	72	61	34	29	29
33	69	76	72	62	32	28	29
31	69	68	63	63	37	29	28
34	78	85	63	61	40	29	32
34	70	90	63	62	38	29	33
35	66	83	61	63	34	26	29
36	63	77	63	67	39	26	29
33	67	81	71	65	35	24	27
31	54	61	68	64	31	25	23
31	56	57	67	65	33	24	22
28	47	55	64	62	33	24	25
27	46	60	67	86	37	25	25
27	37	54	57	92	38	24	26
29	38	56	61	92	46	25	26
32	37	57	58	94	47	26	26
31	45	57	54	96	47	26	22
30	43	55	66	76	41	26	21
31	46	56	66	73	41	27	22
30	46	55	64	69	38	25	20
27	46	55	64	68	35	24	22
28	34	48	69	62	34	24	24
33	37	53	56	58	36	23	32
33	34	51	53	54	35	23	31
32	33	51	52	58	30	23	31
35	40	52	55	54	29	24	30
34	39	54	49	57	33	25	29
30	39	50	61	65	34	28	20
32	40	50	66	69	35	27	23
32	40	49	65	64	35	27	25
30	36	43	67	66	35	28	25
30	37	42	68	72	35	29	27
28	37	39	79	65	34	27	28
26	38	41	106	76	37	29	27
26	43	43	114	83	37	28	26
