0	1	2	3	4	5	6	7
52	150	171	119	81	36	31	34
55	144	161	110	84	36	31	35
59	133	171	113	85	41	34	33
51	107	158	120	85	42	35	27
55	112	173	137	93	42	32	31
56	122	192	140	79	41	30	31
56	120	185	136	78	45	33	31
53	118	179	140	96	43	31	32
57	114	188	151	106	44	32	39
56	108	169	148	104	45	33	37
52	122	164	145	109	41	30	34
65	141	178	147	109	38	30	37
66	150	183	165	93	36	29	39
58	146	172	156	88	43	30	33
56	152	191	150	86	45	29	33
56	131	174	156	78	45	30	33
40	131	173	152	78	46	27	30
44	119	182	129	91	48	27	25
47	122	169	119	84	45	25	24
54	142	154	143	85	42	28	28
51	139	151	154	95	42	29	28
55	148	155	166	93	45	30	29
49	152	134	168	84	42	31	29
56	172	141	164	82	35	29	34
49	150	150	164	71	36	28	31
49	153	142	157	58	35	27	32
46	124	128	160	67	31	27	31
51	120	149	155	67	30	26	32
41	84	144	163	64	31	27	30
54	111	134	137	68	29	27	31
59	111	135	128	70	30	29	31
58	117	158	134	65	28	26	31
60	119	140	134	69	30	30	35
60	121	153	135	70	30	29	33
53	96	155	145	77	33	30	35
47	90	159	151	79	31	28	33
51	138	157	161	76	33	31	33
49	135	156	184	82	33	28	31
51	146	150	184	79	33	28	31
57	168	161	187	78	32	28	31
57	175	156	192	74	31	28	30
54	139	133	171	86	33	30	34
53	141	141	148	82	32	29	31
59	132	145	135	84	35	31	33
47	115	123	123	97	40	32	29
51	108	119	104	104	45	36	33
53	105	125	119	93	46	33	30
55	115	133	122	96	49	35	32
45	103	136	137	99	47	34	29
50	98	134	142	90	47	32	31
56	98	132	148	86	46	30	35
59	108	122	142	92	48	33	35
58	95	107	138	93	45	33	35
62	116	96	117	87	45	34	37
58	108	115	140	84	38	32	35
49	99	119	140	80	36	30	27
46	93	122	134	79	32	28	31
42	96	125	139	86	46	30	30
43	74	132	147	101	52	36	34
43	93	136	120	101	52	35	36
44	106	152	138	104	55	37	38
45	118	172	156	110	56	37	37
44	131	183	171	106	51	39	38
37	133	171	168	97	47	34	35
39	124	160	167	93	51	37	36
48	117	148	149	89	49	37	34
52	99	128	141	85	50	38	38
54	82	110	113	71	47	34	38
54	84	121	130	72	47	32	36
56	80	118	136	76	42	28	39
50	77	111	144	75	41	25	41
42	88	102	139	88	38	23	36
46	93	95	147	85	34	21	34
48	91	94	147	80	34	22	38
44	102	97	166	75	33	22	33
48	123	106	164	80	38	23	31
50	141	133	167	62	35	25	32
45	151	144	164	75	35	24	31
43	150	153	159	72	34	24	25
46	148	159	146	73	37	25	28
45	152	162	140	78	36	29	32
43	130	161	151	78	36	29	30
44	112	162	164	76	42	34	34
47	125	177	159	84	45	36	33
43	124	179	165	94	46	38	30
42	102	191	173	94	49	41	35
39	98	181	174	97	50	40	34
37	102	175	159	92	49	38	33
37	83	152	151	90	46	36	34
37	70	145	143	85	48	35	37
33	82	127	134	87	46	30	29
40	119	149	117	101	45	31	30
43	120	176	138	107	44	32	34
41	119	179	155	106	44	31	33
47	121	187	165	110	41	31	34
56	114	192	183	104	38	30	37
52	102	195	176	86	38	29	36
54	106	191	158	83	38	30	32
54	106	186	145	83	38	30	35
50	111	191	133	76	43	31	34
45	124	186	114	74	42	32	32
46	113	184	129	80	46	31	32
40	106	167	151	76	45	28	32
40	118	193	168	76	44	27	34
39	117	203	174	86	41	26	31
35	103	201	170	89	44	26	31
35	95	188	164	86	38	25	32
34	94	189	155	86	37	24	32
41	97	169	146	84	37	25	30
40	98	136	139	71	36	23	28
45	100	146	138	72	36	27	31
47	97	133	128	69	35	27	32
48	96	139	115	65	34	29	30
43	84	137	99	69	36	29	29
47	89	148	111	68	39	31	33
42	83	148	125	65	37	27	29
42	92	150	130	67	38	29	31
54	89	134	151	83	38	30	36
54	94	121	163	81	35	30	37
54	87	120	154	78	33	32	38
54	94	119	151	82	36	32	38
59	92	133	165	90	37	32	38
47	97	148	152	78	36	31	34
48	90	156	136	74	36	30	35
46	87	148	136	81	40	29	34
50	78	151	145	74	37	28	35
42	65	140	137	71	39	28	33
48	64	133	134	76	42	28	36
46	61	121	140	84	44	30	34
44	67	125	151	83	41	32	32
52	82	137	149	87	47	36	38
49	84	128	140	92	45	34	39
44	81	127	151	86	45	34	35
48	82	133	150	83	47	36	37
46	78	125	139	87	47	35	37
36	66	95	131	105	48	34	28
42	65	108	135	100	52	36	28
42	67	110	132	103	48	34	27
42	69	108	141	112	47	33	28
42	66	112	172	106	45	31	27
44	60	109	169	95	50	34	29
42	63	99	181	98	53	34	27
45	63	85	190	96	54	35	31
44	83	130	191	86	55	33	30
48	88	139	160	88	57	35	32
46	88	150	196	86	52	31	32
45	89	150	190	91	50	30	32
41	94	176	200	94	51	30	29
46	86	157	201	92	50	32	30
42	90	156	209	95	55	33	30
41	90	180	178	88	51	29	27
46	90	186	171	87	52	29	29
46	96	179	141	82	51	29	30
39	84	165	129	85	49	26	28
41	76	166	113	84	40	26	28
40	74	139	126	83	39	27	28
35	91	131	126	74	35	29	28
35	82	128	141	80	35	29	28
37	85	144	151	75	34	33	29
42	88	144	167	82	40	32	32
41	88	134	147	82	40	34	34
40	77	135	145	75	38	32	32
43	71	136	127	81	39	32	33
45	77	126	142	87	39	29	33
38	77	112	136	78	42	28	29
42	84	120	134	89	45	25	30
46	84	158	158	92	41	25	33
43	85	146	156	85	44	26	31
39	80	144	140	78	44	26	29
42	91	153	133	85	37	27	31
40	90	150	161	68	33	28	30
38	98	139	158	71	39	29	28
36	112	154	159	80	38	29	29
42	115	157	163	79	39	30	30
39	103	156	171	68	39	30	30
38	100	173	160	75	38	29	28
38	92	157	148	72	38	28	29
37	73	140	159	64	37	27	28
33	78	137	146	65	38	28	29
33	80	138	146	66	38	29	27
34	83	115	149	60	37	28	29
32	78	102	157	65	37	28	30
36	82	110	150	65	41	31	30
37	72	107	157	68	40	28	30
41	79	121	162	76	46	29	30
38	74	130	167	78	45	30	32
37	77	131	158	80	46	30	29
34	81	147	172	80	45	29	32
33	83	148	169	93	50	30	30
31	79	144	154	96	47	28	30
37	86	165	153	96	48	27	26
47	84	185	195	89	44	26	27
58	92	187	201	88	40	24	28
57	89	200	210	82	36	25	27
57	85	192	209	69	34	25	28
53	74	167	208	72	35	25	29
48	76	162	162	77	38	26	29
35	55	141	146	73	38	25	25
35	60	133	136	61	32	25	27
35	57	126	146	69	36	27	28
34	61	138	150	73	41	30	26
30	66	140	152	77	45	33	24
29	72	140	157	91	47	34	27
30	67	129	177	100	47	33	26
32	76	155	174	95	42	32	25
33	74	147	164	93	39	30	28
35	65	122	161	88	35	28	29
39	60	135	167	80	30	26	28
42	66	145	156	95	44	33	32
42	60	119	159	107	52	35	35
45	69	128	154	120	54	37	35
45	79	140	166	143	61	41	36
46	82	129	149	144	66	45	40
41	80	121	139	131	60	39	36
43	85	136	140	119	54	39	34
39	77	130	144	107	51	38	32
40	74	135	144	72	40	31	30
38	69	156	179	72	34	25	27
41	70	164	203	90	43	29	28
38	64	158	214	95	46	27	29
39	71	153	215	95	48	29	29
38	65	142	217	101	50	31	31
34	70	118	184	96	50	32	26
32	66	112	162	80	45	30	27
30	61	113	144	78	42	28	27
32	58	115	134	74	41	29	28
32	57	126	138	68	40	28	27
33	49	125	159	68	39	27	28
37	56	116	151	70	43	32	31
39	75	113	157	66	44	33	31
38	71	108	156	76	44	30	30
36	71	102	138	80	45	30	29
40	78	115	135	78	46	31	32
35	74	123	132	75	38	25	28
36	58	124	129	82	39	23	30
34	61	130	132	74	36	24	28
36	69	127	138	70	36	25	32
30	73	118	131	69	34	22	28
32	72	118	150	71	39	22	28
35	76	128	147	60	35	25	29
39	74	122	150	63	37	26	29
42	71	125	147	64	40	27	30
45	65	124	138	73	44	32	32
43	67	127	130	83	45	33	33
39	59	118	137	87	46	31	31
41	89	156	135	92	45	30	32
36	89	149	126	94	44	30	31
35	84	153	129	88	41	26	27
36	84	145	141	86	39	28	26
38	90	142	140	86	41	31	26
35	63	114	158	79	41	32	27
34	60	123	164	79	39	31	26
34	59	117	175	79	37	31	26
35	60	127	199	69	35	29	29
33	58	126	194	76	31	26	30
32	57	124	179	79	30	26	28
32	55	122	185	74	32	25	27
29	55	118	176	77	33	26	31
28	52	118	148	72	32	25	28
27	59	136	139	59	35	27	26
33	61	135	154	70	39	28	26
34	62	133	157	80	40	29	27
35	71	139	151	81	43	30	24
35	73	130	133	83	44	29	25
39	61	111	169	81	42	27	27
32	59	120	167	68	39	25	27
33	60	113	154	52	35	24	27
32	55	106	162	49	34	25	26
34	54	106	166	60	33	26	27
32	56	109	136	64	35	26	26
39	56	96	130	82	42	27	31
43	70	117	135	100	47	30	29
45	63	130	139	104	47	27	31
47	79	145	156	101	47	28	31
46	77	145	170	112	51	30	32
43	81	147	164	113	48	29	28
40	68	135	175	107	46	31	27
37	75	123	167	101	46	32	26
37	68	127	188	115	57	37	26
36	76	126	174	122	61	38	25
42	83	118	171	129	65	43	32
