0	1	2	3	4	5	6	7
70	145	262	58	30	28	31	59
77	153	274	60	30	27	31	59
88	190	241	55	32	27	32	61
86	205	283	59	33	32	34	52
91	229	297	59	34	31	32	41
85	235	271	54	31	34	30	34
87	233	273	53	32	34	31	43
80	218	290	56	33	33	31	40
86	215	279	57	35	33	31	41
82	221	309	65	33	31	30	40
90	225	326	65	36	28	30	41
99	241	364	71	37	28	29	34
94	238	342	69	34	33	29	34
111	277	384	82	37	37	30	38
120	284	371	77	35	38	30	39
121	287	374	79	34	39	29	37
123	282	326	77	34	39	29	36
131	328	377	86	38	33	29	35
121	324	340	74	38	27	27	32
109	308	316	74	40	27	27	32
106	336	288	71	42	26	28	33
93	336	310	72	44	30	30	35
83	300	259	60	43	31	29	35
76	301	289	64	42	31	29	33
76	312	340	72	44	31	31	34
85	320	370	74	42	30	31	34
94	326	399	77	39	28	30	37
94	329	391	75	36	31	29	37
95	321	383	73	33	32	30	36
93	320	348	63	29	42	30	34
85	332	349	59	33	46	33	35
86	379	320	61	34	49	33	31
83	372	317	64	35	47	34	31
83	374	396	71	36	46	34	33
87	353	391	72	39	37	32	35
85	317	389	70	36	32	29	34
71	254	372	62	35	29	26	31
82	307	458	77	37	28	26	30
77	273	353	66	35	28	25	28
77	270	349	68	34	29	27	35
80	246	332	70	35	29	27	35
82	256	356	75	35	29	28	35
86	265	318	71	36	31	29	38
88	278	345	72	36	32	29	38
87	283	354	69	33	30	25	29
91	292	361	68	35	32	27	29
88	287	338	63	35	32	25	27
79	223	264	52	32	29	23	26
84	211	294	59	36	30	28	30
81	227	301	58	37	32	30	31
79	221	303	64	40	33	30	35
79	250	311	63	40	34	32	38
79	266	361	64	40	34	33	38
72	280	312	57	40	31	29	35
78	332	296	58	41	30	32	35
75	355	386	56	39	29	31	30
99	331	379	59	38	29	31	29
103	316	328	58	37	29	30	25
107	309	407	62	37	31	30	25
111	258	419	65	36	32	27	25
114	232	335	66	36	32	29	28
94	234	357	62	39	35	29	31
87	227	371	64	41	34	30	33
82	226	322	60	39	32	29	31
74	211	306	58	37	30	29	30
67	218	320	54	34	32	28	30
68	219	313	53	32	28	26	26
70	257	311	54	37	33	28	35
79	265	274	52	37	33	29	36
86	262	278	54	39	33	29	36
87	255	235	50	38	31	30	36
90	267	246	52	39	31	31	37
88	236	235	46	32	28	29	31
80	229	234	47	34	28	29	31
86	255	260	48	34	28	28	30
109	270	261	55	34	29	26	32
111	253	297	58	32	28	25	30
118	239	301	60	31	27	22	27
123	235	301	60	31	28	21	26
112	219	282	60	32	31	21	27
92	232	311	58	31	30	22	26
86	239	240	50	30	29	21	24
82	270	271	58	32	30	21	26
71	281	273	57	31	32	21	26
70	285	284	56	32	30	23	26
67	249	268	61	34	30	23	26
78	276	271	62	35	32	24	29
72	245	234	52	34	30	24	29
77	245	317	58	35	26	24	29
80	239	313	55	32	27	21	28
76	251	302	46	30	28	20	29
72	199	305	48	30	28	20	28
70	204	352	54	32	29	24	29
69	174	278	49	32	30	26	28
73	149	260	55	35	29	26	27
88	159	313	67	38	33	31	30
93	195	331	69	40	33	33	30
99	191	279	69	41	33	33	30
95	199	333	79	40	31	33	33
91	210	356	77	39	35	32	33
77	190	330	67	37	31	27	31
71	156	306	66	37	28	25	31
65	154	313	62	34	31	24	31
70	151	263	56	38	34	27	31
72	163	259	58	38	29	28	30
75	181	219	60	39	29	28	30
71	187	227	61	37	29	31	29
70	193	258	62	37	27	31	28
78	192	278	65	36	27	30	27
77	189	290	62	36	26	32	29
90	189	338	67	38	26	37	31
94	185	335	68	38	27	35	31
98	182	312	68	37	27	34	31
98	215	338	62	35	30	31	29
102	211	329	64	34	29	30	29
94	248	357	59	29	30	22	26
95	253	357	57	29	34	21	26
93	268	349	56	30	36	23	27
88	254	314	54	29	35	27	29
86	242	319	55	31	37	26	29
78	205	241	51	31	36	28	33
74	208	259	54	33	35	28	33
69	207	291	52	31	32	27	32
73	229	273	50	31	27	28	32
72	243	273	48	31	26	29	31
73	229	297	52	34	27	28	29
75	245	321	54	33	30	28	31
85	244	357	57	34	33	28	31
82	209	352	58	32	34	26	31
90	219	390	68	32	37	26	34
92	282	383	71	32	37	30	33
94	287	363	68	31	34	31	31
98	286	317	69	35	34	35	37
94	285	342	70	36	34	38	36
88	267	279	62	34	31	41	34
97	204	256	56	33	32	41	35
91	205	325	61	35	31	42	35
78	201	303	57	32	28	38	32
79	194	273	54	30	27	35	31
77	214	322	56	33	29	31	31
58	246	334	51	32	26	32	28
65	215	283	46	32	29	34	27
76	208	306	46	32	30	33	25
74	225	316	50	32	30	34	26
74	226	319	46	29	30	32	26
82	206	313	48	30	32	31	28
90	232	290	50	28	32	29	30
83	230	289	47	28	31	29	28
87	250	290	49	30	34	29	30
85	236	219	47	30	40	28	29
85	245	305	54	34	45	31	31
81	224	308	53	36	49	29	32
86	242	306	58	37	53	33	35
87	230	336	58	37	54	35	35
89	233	356	60	36	49	38	36
86	230	333	56	35	45	33	32
76	240	364	62	33	39	34	30
109	231	363	75	39	36	37	31
109	227	328	72	37	30	42	29
109	261	333	79	38	29	40	27
117	276	292	81	38	30	39	28
120	273	291	78	40	30	40	29
86	269	289	65	35	28	35	28
84	261	285	70	39	32	38	31
96	273	291	71	42	36	51	32
98	238	312	70	39	35	54	34
97	246	270	67	38	37	54	32
102	256	292	75	42	37	54	31
97	281	302	71	40	34	47	27
91	263	276	65	40	32	35	27
87	278	263	63	44	30	33	26
92	298	276	65	44	29	32	30
88	296	265	56	39	30	33	31
94	272	272	63	39	31	32	32
97	303	284	66	36	28	29	30
90	313	280	68	33	30	25	31
83	292	300	70	36	34	28	27
90	292	298	71	36	32	29	27
89	287	315	66	35	36	29	30
87	295	323	61	35	37	32	32
83	284	340	59	32	36	32	31
93	297	327	58	28	33	30	34
88	301	341	60	30	33	29	32
87	315	341	58	28	28	32	32
76	256	319	59	27	29	31	29
74	244	318	57	33	28	33	30
66	220	340	59	37	28	33	31
75	210	308	55	40	27	32	32
72	198	311	58	43	29	30	31
87	191	357	57	45	27	28	32
96	209	339	63	42	28	29	33
99	214	341	65	41	27	28	32
91	204	340	63	38	28	28	31
99	225	325	65	37	28	28	32
101	237	313	70	37	30	30	35
102	241	297	69	39	32	29	32
97	230	257	62	35	35	29	30
100	250	289	66	40	35	30	32
90	224	327	67	38	37	29	31
76	219	299	61	38	36	31	29
65	227	423	66	37	35	29	29
63	221	431	65	37	33	28	30
55	199	409	61	33	33	28	29
59	206	359	55	35	29	32	28
67	230	380	56	33	31	28	30
81	207	289	52	40	33	29	32
81	231	300	53	40	33	30	30
87	242	307	56	39	33	30	32
87	249	313	56	36	34	28	31
87	228	280	58	38	32	30	29
73	235	255	54	28	29	32	26
73	237	233	54	28	29	31	28
72	228	232	54	29	29	31	27
80	210	253	57	29	28	30	28
79	222	278	59	27	28	27	27
90	210	264	58	28	27	25	29
97	211	258	59	29	26	23	28
98	229	273	59	27	25	23	27
95	266	269	59	31	25	22	26
90	269	258	56	33	26	24	26
80	268	247	53	33	26	23	23
71	250	279	55	33	27	24	23
65	233	260	55	35	28	24	23
61	215	249	52	36	27	24	24
65	186	243	51	34	26	24	23
71	206	271	57	35	29	27	26
80	205	226	58	37	28	27	29
81	204	269	60	37	28	27	30
81	177	272	61	34	30	29	32
82	180	269	60	34	31	27	33
82	192	282	61	34	28	24	31
81	218	303	61	34	28	24	31
81	229	284	57	31	28	24	30
80	237	268	54	31	28	23	28
78	246	272	54	32	27	24	28
78	226	263	49	31	29	24	29
71	212	251	46	31	29	24	28
72	212	260	54	33	27	24	26
75	217	311	59	35	28	25	28
73	221	297	59	33	29	25	26
67	226	272	59	36	27	26	27
141	225	268	59	33	26	27	30
152	243	272	52	31	28	28	31
179	236	223	49	32	27	26	31
180	227	223	50	33	25	25	31
184	227	249	53	38	28	28	35
136	220	259	52	38	27	27	33
126	189	237	57	38	27	26	32
83	208	261	60	39	25	26	30
108	285	279	63	41	28	30	33
106	282	252	62	37	26	27	27
107	281	269	63	38	29	28	27
103	277	250	59	38	28	28	27
104	309	304	62	36	28	27	29
78	234	289	57	33	28	24	25
79	227	333	60	31	32	26	28
80	230	316	57	32	29	24	28
81	249	377	61	34	32	25	29
76	196	318	55	35	34	28	29
75	195	320	63	36	34	30	31
74	193	273	55	34	29	28	30
70	188	305	57	32	29	29	31
70	194	250	51	31	29	27	32
63	195	252	48	31	26	27	30
71	201	338	50	29	27	25	28
62	196	337	48	32	29	25	29
65	197	300	46	33	30	25	28
66	201	351	55	34	28	26	27
71	241	391	63	34	30	25	25
63	235	313	58	33	29	25	27
65	247	328	59	32	27	25	28
66	261	330	60	31	26	24	28
61	239	260	54	30	26	26	28
60	190	256	45	29	25	25	30
65	210	332	46	27	28	26	30
74	212	322	48	25	27	28	29
79	203	330	50	27	30	29	31
85	204	346	52	28	31	27	31
82	200	316	52	26	28	28	29
84	202	260	53	29	27	26	29
74	187	306	53	32	30	28	30
68	215	308	51	28	26	26	27
65	245	314	49	29	27	26	27
68	251	299	53	33	31	26	29
64	246	304	51	33	34	27	28
69	257	256	50	31	33	23	27
72	273	311	55	34	33	23	29
69	287	316	53	32	31	24	29
70	295	315	48	31	28	22	28
70	286	288	46	30	23	22	27
72	297	356	52	31	23	24	30
83	256	312	48	28	24	24	29
86	207	283	50	30	24	26	29
88	201	318	50	29	24	26	30
88	220	337	52	28	25	28	31
82	204	269	47	29	24	27	27
71	223	283	49	32	25	28	28
72	223	307	50	31	25	24	28
72	219	265	50	34	26	25	26
68	208	280	50	34	25	22	27
75	224	274	51	36	26	22	26
71	212	309	50	35	24	21	26
68	227	300	53	37	24	23	25
72	253	302	52	35	25	21	25
97	251	281	65	39	27	23	28
94	253	293	62	37	26	23	29
105	254	237	64	35	29	27	28
104	269	281	64	35	31	27	27
104	297	301	65	36	29	29	29
93	288	294	51	34	30	30	28
95	264	298	56	34	30	29	31
99	294	317	56	35	29	27	33
112	281	303	58	34	28	27	36
120	249	328	69	36	31	30	36
123	263	360	74	34	32	33	38
128	275	355	74	37	34	36	37
148	395	418	99	41	37	35	40
139	390	400	97	40	35	35	39
131	386	372	91	40	34	33	40
133	402	377	101	43	32	29	39
130	399	383	101	41	32	26	38
