0	1	2	3	4	5	6	7
28	70	160	60	77	263	50	25
39	187	332	97	92	400	108	35
44	197	338	112	115	429	118	39
67	291	413	144	131	433	124	46
67	323	416	152	132	375	123	44
72	381	585	165	126	422	126	45
68	354	526	148	120	393	98	56
75	398	577	153	98	409	106	70
60	380	625	129	79	411	100	68
67	376	698	129	70	412	100	80
72	365	620	124	68	347	94	124
75	367	627	128	55	240	77	122
67	327	608	114	53	151	61	124
66	292	519	114	53	217	65	144
62	270	391	109	55	212	66	143
58	247	445	102	49	205	68	146
54	259	454	111	47	200	71	149
53	252	418	105	48	203	57	146
52	238	411	99	41	122	53	131
49	227	407	90	38	113	52	128
43	193	254	77	38	103	45	81
41	155	185	54	38	95	38	73
46	189	337	85	38	75	39	61
51	231	360	92	45	60	38	52
77	295	399	106	55	62	37	53
95	347	456	119	62	78	46	158
97	356	465	125	67	80	48	164
109	344	395	119	70	82	52	170
109	418	493	166	105	79	50	172
95	418	525	182	106	72	47	172
83	441	489	238	130	63	43	90
123	539	555	261	135	63	43	80
117	619	578	263	135	61	39	72
119	566	487	234	111	56	42	65
130	552	422	236	107	57	47	61
141	534	399	230	102	48	44	55
118	436	296	305	124	51	55	61
115	312	215	373	173	52	56	52
110	312	236	395	176	52	54	52
97	311	250	394	180	51	53	52
81	273	259	388	170	53	56	55
72	392	469	350	164	52	50	45
70	395	527	310	121	49	47	46
74	400	606	287	123	56	52	49
76	406	618	311	125	54	53	55
73	395	641	309	130	55	58	55
70	272	543	382	146	56	58	56
68	270	595	390	152	65	60	58
78	299	547	410	152	64	58	59
83	273	580	410	151	71	58	59
111	269	567	400	149	69	55	71
115	263	574	307	123	63	57	93
143	249	497	276	109	66	60	110
144	171	446	249	107	65	59	114
143	151	424	215	129	62	56	112
151	143	419	229	124	61	53	107
187	130	385	243	121	68	62	125
238	151	336	247	133	78	101	162
243	156	344	289	133	77	103	165
244	147	289	282	119	79	106	168
232	139	273	262	117	79	105	166
204	138	238	296	115	73	98	144
114	137	243	305	97	50	55	79
104	128	239	277	86	47	51	70
114	149	250	278	69	39	44	75
110	163	305	269	71	36	43	75
105	164	320	200	76	35	39	70
107	141	306	164	80	38	36	69
100	140	324	181	88	42	40	67
78	118	323	196	96	45	37	49
72	85	258	195	96	49	40	47
70	91	242	195	97	53	42	45
68	86	250	217	92	51	41	46
63	87	222	181	82	50	36	41
66	83	207	164	87	51	39	47
62	81	209	187	89	48	35	44
69	74	213	210	84	43	32	43
83	86	276	184	85	41	30	47
80	89	272	183	93	43	32	46
83	88	269	183	75	36	27	40
89	101	302	164	76	38	29	41
86	100	289	145	73	39	30	41
77	96	258	136	76	41	35	39
78	94	266	141	81	41	36	43
