0	1	2	3	4	5	6	7
109	339	583	522	257	86	57	92
110	396	660	547	331	96	59	94
91	411	763	574	340	100	58	113
115	417	838	670	325	104	60	112
119	399	859	693	350	113	58	118
123	427	936	703	382	111	57	119
125	415	906	698	325	110	59	117
128	364	864	680	324	107	61	104
122	341	840	607	369	107	63	102
131	378	840	662	463	123	66	111
180	305	756	612	468	128	67	128
189	243	753	604	476	128	67	136
197	243	756	621	465	125	63	143
191	292	732	734	448	134	66	146
191	237	678	686	344	126	66	147
156	261	664	674	348	119	62	132
145	291	656	688	436	146	72	122
133	309	609	669	447	160	82	109
142	311	606	572	423	155	83	104
171	326	585	508	451	150	80	98
157	298	531	508	403	148	80	98
158	312	552	523	293	117	73	109
165	347	622	612	292	107	69	107
167	371	584	611	281	100	64	116
144	430	619	611	188	86	63	116
174	439	654	654	196	93	72	132
171	439	643	625	192	91	68	125
163	423	733	615	174	84	66	132
153	381	747	606	168	85	67	135
134	320	693	598	165	86	69	135
107	358	697	581	158	80	62	121
133	346	670	572	144	75	62	150
134	341	547	604	149	73	61	146
134	352	544	571	142	72	59	136
128	367	573	576	136	67	53	123
124	337	549	555	128	59	54	128
106	376	524	544	127	57	52	94
120	370	474	439	113	58	52	90
126	364	491	451	119	58	52	100
133	336	557	471	137	62	53	124
128	334	580	429	131	61	47	114
124	280	585	411	127	63	46	112
110	297	648	474	132	62	56	124
103	296	653	508	132	62	61	132
136	321	616	498	120	63	64	149
147	332	611	514	120	63	65	153
155	364	649	584	135	68	65	161
159	369	604	547	133	71	67	164
169	373	617	563	135	71	63	157
155	377	681	545	135	71	64	141
146	410	761	581	148	82	68	135
142	400	874	540	139	81	70	131
135	387	887	564	136	79	60	128
128	403	896	521	133	81	64	143
112	380	877	545	138	83	64	135
121	337	876	603	168	88	69	151
120	344	852	657	183	92	68	147
124	364	855	641	181	90	71	142
125	338	892	633	179	87	65	129
119	340	860	619	177	83	62	120
114	397	779	564	142	72	54	112
120	426	707	517	123	65	51	110
118	410	680	513	131	69	54	128
126	543	702	622	159	78	66	167
131	551	705	618	158	79	67	171
135	573	717	601	157	79	67	166
131	533	698	573	151	75	67	173
134	537	768	590	146	70	60	160
125	435	720	535	125	66	51	116
136	450	785	536	119	63	47	106
146	365	786	497	111	59	42	104
138	424	872	580	129	67	46	110
150	461	819	576	133	71	53	113
164	454	806	567	131	71	54	127
161	453	764	564	133	70	54	131
156	493	816	593	138	69	54	135
160	538	737	530	134	71	55	119
149	537	812	501	119	65	46	137
138	628	779	432	102	55	40	139
133	634	808	428	100	55	38	137
124	616	821	465	107	58	39	145
121	575	889	465	95	49	35	161
167	595	929	481	101	54	45	162
171	480	995	477	104	57	45	151
174	469	942	465	99	55	45	149
171	504	943	416	85	52	43	142
173	537	884	513	118	63	49	138
130	513	813	500	122	64	44	117
128	515	802	538	132	73	48	117
147	562	796	536	136	75	52	122
155	521	733	575	147	79	57	116
170	469	711	481	121	69	55	102
167	450	678	461	112	64	52	110
180	457	641	440	102	51	50	125
171	460	639	481	109	53	52	129
169	466	639	412	98	50	48	142
176	497	688	506	117	54	48	153
180	496	645	495	124	58	50	154
175	493	675	508	122	62	49	143
166	426	749	488	115	59	47	157
168	443	755	516	119	59	48	146
149	396	782	455	106	61	46	153
167	397	801	455	97	60	46	151
147	407	747	439	104	63	51	167
165	404	724	422	108	65	53	167
186	456	836	466	110	66	50	178
217	443	761	446	112	61	52	187
229	440	749	467	113	59	53	203
230	411	773	441	104	52	48	186
237	411	821	486	111	49	46	180
226	408	844	634	140	65	52	173
236	413	821	643	149	76	57	152
220	442	853	664	153	79	58	121
235	496	937	694	158	82	59	122
215	485	913	732	167	87	61	126
207	483	788	638	147	78	56	120
166	481	830	616	138	70	48	116
155	441	913	622	142	72	48	118
153	448	817	624	145	73	50	122
154	448	774	623	146	72	46	120
179	470	854	632	147	71	49	128
176	482	918	724	153	71	48	120
175	490	826	739	163	73	51	116
170	465	920	826	193	81	56	112
173	490	964	786	182	79	56	92
144	451	928	814	195	83	57	79
136	458	938	816	197	86	59	83
142	481	981	873	219	92	64	95
129	450	952	852	211	91	63	109
126	442	934	913	227	92	67	118
129	419	979	902	238	98	72	122
134	395	990	940	262	104	76	123
140	359	1013	855	243	95	72	145
148	359	1004	847	253	103	111	158
150	371	1090	796	255	105	114	155
149	408	1030	763	240	95	112	155
155	425	996	757	264	98	114	159
151	423	936	770	261	98	114	140
140	467	976	802	319	99	83	140
147	487	909	833	343	114	85	149
171	529	931	877	394	137	99	159
178	534	860	791	414	141	100	159
173	576	848	802	472	157	102	162
171	628	755	749	451	153	99	148
170	636	702	696	435	141	93	147
157	604	661	604	415	125	79	132
146	633	771	633	385	119	69	148
156	607	828	708	369	119	73	140
151	595	812	728	355	125	74	130
146	571	830	772	350	130	75	132
148	538	871	807	326	131	75	146
137	533	847	846	351	140	87	147
127	535	790	757	316	133	86	145
130	513	805	771	302	132	85	149
127	493	779	724	305	128	84	136
109	477	773	687	297	126	81	125
110	413	788	608	233	108	67	95
123	492	949	698	199	99	66	131
132	464	931	668	191	90	64	135
134	483	923	677	174	87	65	135
131	478	907	702	172	88	68	132
138	527	918	719	172	89	76	149
146	456	763	626	158	84	73	155
145	419	775	592	145	78	67	148
151	408	834	580	138	78	67	147
160	407	794	556	130	74	65	158
159	407	662	513	130	77	64	146
148	433	647	530	132	75	64	125
190	484	835	672	161	87	75	134
189	487	868	669	160	84	72	143
182	492	882	645	150	78	69	129
186	478	899	644	145	73	62	130
176	501	908	664	154	78	58	109
134	487	750	520	127	68	51	110
130	484	623	515	137	72	54	148
128	496	572	496	139	73	57	151
112	515	590	527	141	70	57	151
124	533	639	643	160	76	67	160
134	504	575	606	151	70	61	201
147	484	570	601	140	66	60	190
154	484	656	632	147	67	60	189
154	468	664	623	151	72	62	191
140	354	652	512	134	60	51	188
124	408	756	527	134	59	54	188
93	420	748	518	132	56	52	174
97	391	698	474	124	56	50	168
95	352	774	504	121	52	47	161
103	410	740	448	102	53	43	170
129	383	706	414	99	52	40	115
138	373	744	453	104	54	39	116
132	408	741	468	106	53	41	124
134	415	666	398	97	51	38	126
167	372	665	387	91	46	40	119
145	329	611	399	100	51	39	111
140	345	670	378	94	46	37	102
138	304	661	348	91	46	36	113
137	277	650	324	87	44	36	127
118	295	659	329	88	43	36	130
152	301	667	329	90	40	35	144
158	318	597	337	97	44	39	141
165	326	607	336	94	43	41	148
176	326	655	403	130	55	42	176
170	303	632	392	132	54	43	180
140	346	615	372	121	53	42	172
138	324	636	377	123	56	40	178
135	326	640	391	126	55	35	168
144	343	609	358	97	49	37	138
150	395	605	383	99	52	35	130
146	370	628	392	105	53	36	129
162	395	627	430	112	52	39	126
162	437	672	477	122	55	41	133
153	416	615	432	111	47	36	122
140	354	581	443	115	49	38	127
146	407	575	462	118	53	41	133
127	389	505	408	107	50	39	125
123	376	408	392	107	50	40	123
121	401	460	431	120	55	46	135
121	457	521	410	115	53	46	124
135	418	552	387	109	48	42	136
137	423	667	379	103	49	43	146
141	412	725	334	94	49	41	141
136	390	710	322	87	52	38	128
162	344	716	344	101	56	38	140
148	314	677	341	109	58	41	141
150	331	617	339	114	58	41	151
159	326	591	343	118	59	45	156
162	410	585	302	112	53	41	159
135	472	567	323	105	50	46	177
139	560	677	407	122	53	45	168
153	566	678	441	127	55	46	158
144	577	669	436	119	52	44	152
147	557	684	457	125	51	44	160
152	548	665	462	141	62	48	157
145	476	605	408	121	59	43	152
123	459	682	374	114	58	42	152
128	422	698	377	115	58	41	174
128	381	738	419	128	67	47	184
120	345	765	379	110	59	39	170
128	345	730	431	110	60	41	181
143	335	635	477	118	61	42	199
137	486	638	500	130	67	43	175
133	549	661	448	114	58	40	161
139	557	671	461	107	56	41	150
141	575	722	414	114	57	45	142
130	601	758	385	116	55	46	112
131	518	815	437	119	50	46	133
127	475	753	443	165	57	43	129
118	492	813	472	185	56	41	127
128	504	815	519	223	64	43	147
132	506	801	490	225	65	46	169
125	531	759	552	232	67	46	161
131	555	785	583	204	66	50	166
134	550	731	608	227	70	54	168
120	504	646	611	204	65	52	161
130	500	664	658	203	71	54	148
131	445	694	560	204	79	57	144
126	425	723	540	205	79	56	142
134	376	691	539	186	80	57	160
147	384	812	688	258	106	73	143
130	354	775	699	316	106	70	130
125	368	724	776	341	105	71	126
144	325	720	806	345	106	75	122
132	382	745	855	350	106	75	114
115	435	682	725	362	78	63	125
114	437	707	679	343	85	66	120
135	473	699	767	380	89	67	128
125	471	653	779	391	94	65	121
142	452	685	711	385	92	68	113
138	439	627	683	447	102	67	111
148	503	670	697	471	114	63	133
133	509	783	534	434	119	64	136
143	548	887	577	483	125	75	147
142	578	1010	784	528	146	89	148
144	612	1088	883	505	158	90	163
144	586	1066	934	514	171	96	150
155	611	1055	970	525	172	98	147
142	654	1009	1016	669	242	109	143
134	617	864	994	907	276	110	144
133	624	804	932	949	278	110	126
121	609	836	957	981	278	109	121
104	572	758	917	975	279	110	120
86	542	791	823	913	219	89	106
83	629	813	652	711	164	73	108
104	627	847	665	837	196	88	123
126	610	792	586	823	197	87	127
137	704	837	577	857	194	81	122
159	722	750	560	801	193	85	122
158	684	742	555	794	202	92	114
153	637	748	552	564	154	75	92
140	659	751	504	541	148	71	119
137	569	671	518	501	159	76	121
113	529	725	531	618	178	75	123
108	496	736	524	624	183	72	120
103	507	663	488	618	183	70	117
110	487	688	512	623	175	72	85
113	544	696	525	657	180	75	90
118	544	634	537	569	161	73	91
119	535	638	606	518	148	65	97
115	547	663	618	533	155	69	103
108	561	681	643	562	182	81	104
128	470	676	600	565	181	78	96
135	473	705	630	536	188	80	98
138	483	638	563	506	188	79	93
160	444	620	572	545	186	79	91
176	441	589	584	483	161	77	107
168	440	578	595	434	146	82	125
168	425	586	529	454	134	83	134
165	416	636	573	467	126	83	129
142	494	619	559	576	131	86	135
115	478	665	528	576	129	77	123
100	482	770	651	597	154	80	110
93	481	762	671	588	162	75	91
102	474	811	664	581	159	76	95
104	426	919	797	453	154	74	87
115	458	921	815	453	154	74	90
111	445	887	770	454	148	68	87
144	481	871	742	438	139	71	115
163	495	866	717	431	140	73	120
171	468	783	640	356	134	70	128
170	431	720	607	297	119	64	126
169	442	680	550	172	76	56	123
146	371	677	616	178	81	55	109
116	350	567	622	165	76	50	99
113	420	586	509	140	71	48	100
108	426	592	466	135	69	46	97
107	431	605	437	134	67	46	103
99	446	659	340	103	55	45	91
112	469	703	464	136	60	47	97
116	454	659	486	137	59	51	83
129	462	647	518	140	60	53	98
127	447	724	559	151	66	53	98
130	517	736	582	157	71	54	101
125	496	730	493	125	67	53	110
117	480	719	476	120	68	49	113
108	479	724	443	112	65	47	101
133	518	662	581	136	71	50	103
129	465	588	597	139	70	49	109
128	516	510	563	132	65	47	99
123	473	498	617	141	65	48	102
130	524	527	673	154	73	52	118
110	558	500	624	152	71	54	110
114	589	525	614	152	70	55	109
109	543	524	611	151	69	53	119
113	555	574	583	146	68	51	136
99	586	580	550	144	66	52	123
95	563	549	442	117	62	45	122
101	504	542	407	102	58	42	135
103	500	540	400	100	58	42	128
101	563	598	500	125	65	46	106
114	501	678	583	128	67	50	114
133	459	743	585	127	65	54	168
134	459	723	585	130	66	55	171
142	498	767	630	137	66	57	175
156	509	830	591	119	58	53	173
150	558	757	490	107	51	44	172
141	581	696	461	96	46	36	146
146	593	764	511	130	60	40	140
218	644	773	548	152	78	47	156
237	603	748	513	160	85	54	169
244	562	719	504	159	85	56	179
247	588	733	516	160	84	57	165
258	642	721	606	186	90	66	167
219	628	758	607	180	82	70	160
218	692	711	623	173	78	70	189
221	684	732	666	180	82	77	209
229	702	778	724	194	89	82	211
229	783	806	740	174	81	77	199
222	815	766	687	160	78	71	201
209	750	695	644	152	73	68	195
213	752	766	646	158	80	67	176
194	684	733	568	141	72	60	178
188	580	694	374	101	60	55	184
214	474	708	386	102	58	55	179
212	467	700	406	108	59	51	154
208	481	684	380	104	53	45	137
214	507	668	409	115	59	47	127
205	479	637	460	122	64	51	133
155	474	600	446	122	65	51	120
168	534	668	463	118	64	51	112
160	517	615	428	103	56	48	111
161	514	691	484	109	58	51	117
179	496	727	459	99	52	45	108
179	488	734	533	117	63	48	112
164	452	749	526	129	70	53	114
169	446	730	519	127	71	51	114
176	451	671	498	128	71	50	113
159	496	635	499	136	75	53	109
160	486	593	419	120	66	48	112
152	480	529	423	116	62	48	133
152	461	576	494	124	65	50	134
141	470	615	449	112	62	49	139
132	410	720	436	110	61	46	147
133	411	773	454	114	63	50	159
141	448	801	502	127	62	50	168
151	505	821	588	142	61	51	181
150	475	792	634	153	62	51	179
157	573	725	681	168	72	60	188
158	586	779	702	166	70	59	187
160	606	813	864	198	83	64	176
137	576	770	867	205	89	67	165
135	591	776	856	209	92	69	158
129	518	800	821	192	82	62	150
131	509	787	805	193	79	59	143
128	470	739	619	175	68	53	122
124	465	791	523	174	65	51	123
121	467	857	598	182	60	47	135
119	417	872	623	236	66	49	121
113	407	793	610	265	75	49	115
99	342	757	586	269	72	44	123
104	375	759	628	285	69	38	137
114	418	691	653	318	75	46	126
124	421	634	731	322	83	51	133
138	418	671	762	346	82	52	155
128	433	701	803	355	87	57	157
127	422	667	815	370	88	59	148
122	355	650	777	375	105	64	161
143	408	662	743	392	124	78	160
139	408	637	766	395	138	86	141
154	442	614	743	445	140	84	131
151	437	643	709	439	141	82	124
176	542	691	649	427	130	77	108
158	503	647	609	421	110	65	108
170	504	771	563	477	90	58	106
166	478	789	542	441	90	62	108
172	498	863	499	472	103	68	123
154	398	870	526	545	132	70	121
147	424	962	633	622	144	68	121
142	461	953	696	591	154	69	125
142	488	1083	748	581	153	62	129
151	479	1007	807	559	154	71	118
145	472	971	798	576	168	77	122
150	459	902	714	520	173	79	115
136	445	869	703	489	170	80	105
128	407	757	715	494	168	82	93
129	404	774	644	503	159	76	94
139	405	784	670	398	120	68	96
167	384	796	741	348	113	66	101
189	377	730	681	385	109	64	111
190	401	708	728	431	127	68	124
188	350	661	730	440	144	70	124
179	381	713	747	487	151	72	119
146	390	783	717	523	165	75	111
143	484	871	792	514	178	81	100
148	499	849	679	479	170	83	90
162	510	855	732	458	166	84	87
160	479	803	697	398	158	81	95
163	484	731	638	379	137	78	113
172	466	664	619	417	126	79	122
168	472	651	655	409	126	75	119
137	505	715	582	389	114	68	118
142	507	712	561	376	113	68	114
148	491	748	551	315	105	67	97
122	458	841	511	198	91	55	98
121	449	850	518	164	82	55	111
140	414	788	517	149	79	55	117
134	404	786	508	144	73	53	110
133	460	756	582	164	71	54	111
125	405	683	546	159	69	55	106
127	353	679	482	159	87	62	94
102	333	660	557	173	94	65	94
108	333	712	656	207	105	78	110
99	280	693	627	203	109	77	112
106	308	616	639	207	108	73	108
102	287	567	623	195	92	64	109
112	437	568	540	173	81	58	105
107	447	584	544	161	75	51	93
106	437	556	520	140	64	48	89
98	427	568	491	136	66	50	107
96	451	561	495	137	67	51	107
101	326	586	587	158	69	55	102
98	325	512	535	152	63	51	98
100	361	512	522	148	63	51	101
93	352	472	510	142	59	51	89
100	376	500	558	157	65	56	90
81	374	576	489	137	64	51	88
84	390	549	458	123	64	47	89
81	347	510	429	127	67	48	85
77	331	512	420	128	69	48	92
71	318	505	341	114	63	45	86
75	307	434	386	133	66	47	92
103	299	422	325	116	60	45	99
122	319	419	325	108	54	43	114
120	366	529	393	116	52	44	103
125	350	552	465	120	54	44	108
140	365	533	400	98	47	43	110
124	338	515	421	100	44	44	113
131	314	544	419	99	43	43	104
150	306	500	413	106	47	40	117
149	298	467	357	98	46	38	109
134	305	469	371	100	48	39	114
133	342	453	348	96	46	37	114
143	411	464	415	119	53	42	125
145	436	450	411	111	49	45	115
144	522	576	485	124	49	46	117
143	518	560	489	125	48	44	114
204	505	553	484	124	47	43	119
190	472	616	464	118	46	44	111
173	524	601	426	110	44	41	106
173	456	488	309	90	43	44	119
173	454	479	278	83	41	47	132
93	468	528	286	85	41	47	126
86	481	440	227	67	38	42	118
86	457	476	248	80	44	45	115
81	475	469	246	79	43	40	109
93	467	449	228	79	46	37	96
103	447	457	435	134	62	45	90
108	457	442	469	153	73	52	100
112	449	377	463	151	70	50	114
112	411	356	465	157	73	51	123
108	429	386	475	160	72	51	114
115	450	464	313	117	58	46	118
109	405	526	263	86	43	36	113
119	362	535	265	79	44	35	126
120	365	532	258	63	41	33	116
119	378	531	300	63	41	38	116
134	350	421	284	66	45	34	124
127	353	387	321	84	51	36	124
119	386	480	344	94	53	37	105
131	385	516	349	98	52	38	112
139	362	519	321	96	52	35	132
111	419	600	374	109	52	39	130
122	435	586	353	107	51	39	134
120	371	495	330	102	48	38	132
109	412	488	352	101	49	38	129
101	412	522	456	111	54	43	122
104	380	424	416	112	53	44	111
93	392	438	400	103	51	45	107
91	388	470	402	105	49	45	116
86	335	488	399	109	46	44	117
87	351	443	263	105	44	42	118
72	310	439	284	103	44	37	118
74	358	425	319	109	45	34	120
87	408	410	355	121	58	39	114
89	423	369	388	146	64	43	131
84	400	389	387	143	64	39	127
86	415	421	379	134	63	42	131
86	339	382	348	133	62	42	127
74	276	416	306	119	51	35	128
73	238	502	338	99	47	34	105
68	228	548	352	110	43	35	95
119	247	547	367	128	50	37	89
172	251	661	420	130	52	38	111
208	234	640	438	137	52	42	124
209	235	575	442	176	53	43	125
215	248	532	455	186	56	43	129
191	209	508	437	180	48	40	151
157	209	439	437	189	54	45	137
109	259	458	455	197	58	44	121
109	271	447	437	186	65	42	113
116	262	404	423	171	62	42	108
121	279	438	451	173	69	48	82
102	293	364	460	171	72	47	80
97	255	338	433	166	74	45	81
97	237	344	384	164	78	50	97
74	224	354	383	183	91	60	98
68	201	354	373	189	91	58	87
77	207	357	306	237	93	57	97
98	223	438	375	239	90	58	95
93	232	476	399	230	86	56	80
97	236	501	407	274	80	47	80
98	289	504	405	282	78	43	89
90	286	518	420	246	69	38	79
66	318	451	346	242	69	35	81
68	315	415	321	238	62	33	76
61	323	432	349	202	60	29	71
56	333	482	433	218	63	34	63
59	313	478	440	235	67	42	63
58	274	476	470	257	71	44	64
58	269	481	485	263	78	47	70
75	256	479	519	269	85	55	96
82	187	422	463	265	90	56	103
83	219	423	457	270	99	55	101
81	224	430	429	244	95	54	98
82	241	471	461	236	90	52	96
69	283	447	401	218	88	46	73
64	322	483	424	211	78	40	72
71	409	507	485	183	64	39	66
70	424	516	508	188	67	39	66
76	444	462	512	188	67	42	73
87	427	476	511	164	58	46	88
87	417	415	473	123	55	46	80
83	351	514	546	141	58	49	87
90	353	539	551	146	57	51	116
109	326	581	524	139	57	51	122
106	329	581	579	146	55	51	115
105	340	628	614	151	57	51	118
106	334	506	512	121	53	48	120
103	309	465	488	105	49	48	103
78	309	458	530	107	50	45	94
69	335	444	518	110	52	43	96
72	287	379	467	106	54	47	103
68	277	416	451	107	51	46	98
62	323	430	436	106	50	47	99
61	329	480	383	105	48	48	119
68	304	480	317	90	43	44	121
67	326	468	331	88	42	40	118
64	294	436	301	88	41	39	121
62	233	433	310	91	42	37	116
71	212	344	288	81	38	33	102
71	226	424	307	86	37	31	94
73	203	415	295	100	38	33	107
83	210	426	307	109	39	32	118
86	235	405	316	107	41	30	119
93	238	478	382	126	53	36	110
89	248	398	348	142	57	39	108
86	267	469	341	144	55	39	94
82	272	470	375	160	61	43	80
81	253	531	481	180	60	44	82
64	293	491	429	186	54	44	80
63	265	493	430	177	52	42	84
75	242	477	460	178	53	41	87
79	280	481	439	162	50	37	88
81	283	468	315	142	49	34	85
83	255	453	342	121	45	34	88
