0	1	2	3	4	5	6	7
85	376	410	152	77	126	40	82
79	375	410	143	85	134	37	77
77	424	463	140	84	145	33	74
80	460	451	147	89	134	34	82
72	496	406	142	87	129	32	71
69	503	398	118	78	129	32	75
70	574	405	122	67	108	31	73
68	557	352	153	68	88	35	73
74	558	326	177	57	91	36	71
74	546	336	179	57	103	41	70
72	524	363	186	62	117	40	83
78	494	367	184	63	116	41	81
79	491	430	187	65	119	38	84
62	463	417	163	69	162	39	84
65	444	423	161	67	184	37	94
64	485	412	164	63	179	36	78
60	554	468	162	61	179	38	78
56	561	411	137	56	180	39	82
57	623	482	172	59	173	37	81
67	608	487	191	63	153	34	80
68	672	499	194	73	144	37	76
67	578	438	200	73	152	37	77
73	554	453	200	74	152	38	72
73	456	399	185	66	137	41	81
88	474	399	176	62	139	43	93
85	390	381	165	49	144	43	92
88	434	374	160	51	131	41	99
83	469	354	172	60	134	38	95
84	469	326	154	63	117	33	87
81	464	298	165	68	110	32	88
83	444	467	179	67	100	30	93
83	455	503	180	69	111	34	88
83	439	589	156	60	109	35	89
81	448	589	156	62	107	39	96
59	504	628	156	65	106	41	77
61	543	508	149	70	117	41	80
56	591	461	155	67	114	37	77
61	627	358	160	69	123	40	77
63	636	378	175	71	128	36	72
68	622	366	149	61	126	39	94
70	567	382	156	65	116	41	87
75	506	386	142	60	114	42	90
68	466	373	139	59	123	43	110
75	457	389	140	58	117	45	109
68	471	324	154	61	129	38	89
74	583	323	141	57	133	36	87
76	562	358	150	59	139	36	85
79	561	348	150	62	140	31	86
75	573	286	142	58	143	29	86
78	572	293	150	65	123	30	84
72	463	282	158	68	120	31	90
63	582	359	162	74	118	31	90
65	588	373	165	76	89	35	82
71	580	397	157	75	81	37	81
69	593	408	135	71	85	39	87
65	639	441	145	76	117	45	92
74	572	414	159	76	122	46	105
72	554	419	165	73	122	47	94
66	548	405	160	77	126	47	90
75	604	390	164	75	126	45	91
79	530	374	180	76	120	44	90
73	510	303	165	73	110	46	103
77	511	307	164	72	111	44	102
77	571	303	165	65	109	42	104
70	455	351	186	77	146	45	103
75	514	324	159	66	135	41	113
78	569	372	159	65	148	35	91
71	580	397	157	75	81	37	81
69	593	408	135	71	85	39	87
75	514	324	159	66	135	41	113
78	569	372	159	65	148	35	91
86	599	451	153	66	154	34	90
91	528	461	158	69	158	37	91
92	573	436	133	61	129	34	89
86	543	468	129	64	148	38	83
84	475	450	138	62	161	38	77
77	501	394	144	64	168	41	76
73	552	489	151	63	164	40	75
74	513	497	150	56	164	39	77
69	520	494	163	54	149	37	75
68	568	486	146	59	125	40	85
63	522	475	150	59	118	39	90
58	514	385	141	62	120	39	90
66	504	384	154	63	123	40	89
66	472	328	137	62	133	37	88
70	429	376	154	68	151	37	81
76	439	370	165	67	141	33	92
80	397	377	165	68	161	33	92
72	391	391	149	68	161	33	96
74	534	429	149	66	157	37	84
70	520	391	168	64	145	39	91
69	510	373	159	61	158	39	77
77	543	348	175	67	151	40	77
77	588	374	191	77	151	41	79
77	513	352	193	77	150	40	80
75	553	375	172	83	146	39	77
68	546	501	178	87	136	40	77
58	509	520	167	82	127	41	89
59	453	495	146	71	146	39	74
58	515	492	152	74	154	38	74
70	564	512	153	61	150	35	74
75	562	377	136	69	181	37	73
79	617	342	137	78	184	33	66
75	620	421	144	84	162	34	71
88	661	444	144	89	145	35	74
78	602	416	138	87	142	35	68
78	659	488	141	77	107	32	70
84	659	533	147	64	104	37	62
86	659	462	146	60	115	41	58
77	560	484	162	52	124	38	60
80	551	485	161	54	135	40	70
82	502	469	169	56	144	41	69
71	472	456	156	58	154	37	64
71	536	446	156	53	149	34	67
69	535	431	132	50	141	33	66
67	553	409	131	52	132	37	75
62	539	406	120	51	121	36	78
63	531	443	152	61	103	38	80
67	463	468	156	64	101	36	81
69	496	449	159	65	122	38	78
79	514	486	160	65	121	34	75
84	574	464	155	74	127	36	86
82	545	383	126	65	131	36	95
84	549	373	119	64	136	36	95
78	484	378	114	67	131	34	97
70	462	369	116	65	134	34	86
61	403	336	125	55	120	32	72
62	409	348	124	58	107	32	70
61	387	331	135	70	121	33	72
65	439	355	186	71	106	33	72
66	393	339	191	77	128	35	74
67	365	384	191	86	149	40	86
72	440	398	194	84	167	38	80
73	477	402	216	80	150	37	74
73	454	351	174	78	157	38	79
75	528	330	166	77	163	38	86
80	525	285	169	70	191	36	72
77	610	279	208	69	181	37	71
71	609	280	187	61	188	40	70
73	622	320	186	60	193	37	74
76	595	296	189	56	189	43	72
73	603	367	182	63	150	40	74
69	495	425	144	62	147	40	74
71	456	454	127	60	146	40	86
70	434	451	125	67	144	43	83
82	465	496	156	71	133	38	87
76	446	467	175	74	128	37	82
78	415	432	168	84	146	42	82
83	479	397	165	86	142	40	78
83	471	416	164	82	129	38	78
65	412	420	139	76	126	39	74
72	431	391	108	64	123	41	77
76	455	380	113	53	127	37	92
72	399	396	161	51	125	37	89
72	430	346	166	49	126	38	91
73	526	337	185	55	130	33	85
68	527	400	191	58	137	30	85
64	529	411	187	59	118	30	76
63	618	385	161	55	119	31	72
63	593	409	160	54	122	31	72
67	495	420	145	51	116	34	70
68	485	381	142	49	114	35	68
68	530	347	136	45	117	33	82
64	466	350	124	54	130	32	81
65	486	320	122	52	130	29	77
