0	1	2	3	4	5	6	7
73	363	151	80	60	34	28	66
77	369	169	76	62	35	30	56
73	353	185	77	64	35	29	43
87	397	175	73	62	32	47	39
87	421	183	73	60	30	71	76
94	441	202	94	62	31	74	83
97	482	191	96	62	32	74	84
101	482	161	95	63	34	80	86
93	524	201	104	74	42	76	92
110	477	218	106	74	44	68	67
107	470	220	84	70	46	72	74
109	470	217	83	72	46	72	74
109	507	233	85	69	44	67	74
101	419	265	102	70	39	64	66
74	451	271	102	74	35	50	65
81	457	331	100	67	33	41	47
80	437	340	97	71	34	40	44
77	384	341	94	72	32	38	38
75	343	293	75	61	30	33	35
81	379	285	74	55	32	30	33
71	349	201	78	49	33	32	31
59	339	192	84	59	32	29	27
63	427	203	88	63	36	28	30
60	426	202	91	65	36	28	29
65	369	194	100	71	38	28	28
69	399	202	121	77	39	26	28
72	403	197	118	66	37	25	28
65	319	164	115	67	36	24	24
66	378	214	113	67	39	26	31
61	388	208	109	61	35	26	34
61	377	206	84	59	33	30	34
58	348	210	80	54	36	31	33
63	347	253	91	54	36	31	35
65	296	213	85	67	33	27	28
54	290	216	77	69	34	27	25
59	315	200	75	64	35	24	30
58	325	198	84	64	30	23	32
59	352	184	76	61	29	26	33
54	342	189	80	53	28	27	32
55	309	192	81	53	29	25	32
45	277	187	82	51	27	25	26
45	279	181	78	59	31	26	25
37	232	147	79	55	30	23	22
38	232	146	75	64	30	23	22
41	309	133	74	63	28	25	24
42	297	133	74	68	30	24	25
39	308	140	77	64	27	23	28
42	337	154	84	74	33	28	32
46	345	149	86	61	33	30	35
41	313	143	86	69	33	29	34
44	311	156	86	67	34	32	33
45	312	149	79	70	35	31	33
43	281	124	72	62	32	28	30
39	253	113	64	59	32	25	27
42	219	115	64	52	31	24	26
37	225	109	61	55	30	22	24
38	201	112	73	54	29	22	20
35	179	118	63	53	27	20	20
35	181	117	65	54	28	21	21
31	233	116	63	52	28	22	21
31	230	107	63	53	30	22	21
32	239	128	73	59	29	20	20
33	276	126	77	59	28	21	19
34	277	122	79	60	28	21	19
35	233	121	79	57	27	24	20
38	244	129	84	54	31	26	28
41	230	148	79	69	34	28	32
42	185	154	78	69	36	28	33
41	187	157	75	71	36	29	33
40	176	153	85	71	37	26	33
42	206	152	90	70	34	24	29
