0	1	2	3	4	5	6	7
120	413	743	662	184	76	74	104
155	446	752	681	191	78	73	120
236	471	710	673	191	79	81	158
259	431	738	738	205	87	87	182
288	467	620	612	161	73	79	218
331	479	572	659	177	72	81	257
344	451	613	685	200	88	104	343
350	466	578	754	215	96	108	357
365	444	626	744	208	92	106	367
389	483	678	731	204	94	107	360
357	525	685	698	194	95	107	328
360	552	736	709	207	96	95	246
338	540	835	686	207	94	85	208
328	513	796	733	234	97	93	211
371	502	804	785	250	101	96	199
432	480	896	822	256	104	101	242
433	523	887	795	228	95	107	272
556	525	800	826	221	90	107	312
648	609	868	839	210	94	111	347
618	589	866	758	191	92	108	348
635	584	775	740	179	85	101	330
650	549	703	758	194	92	97	319
552	565	766	711	210	105	110	281
454	493	709	687	221	105	111	231
496	504	698	720	230	108	115	240
422	498	774	674	236	116	116	290
488	516	929	732	233	110	113	291
508	541	918	821	229	101	102	303
483	561	933	917	244	103	95	320
442	536	927	990	261	111	94	332
448	526	909	1040	269	106	93	316
356	531	772	1068	288	112	104	351
339	478	722	1012	279	112	109	350
349	529	690	898	249	106	100	315
332	539	726	849	231	99	100	292
347	590	682	800	242	105	109	275
315	558	738	730	214	94	95	230
267	560	721	727	218	89	91	217
278	478	689	703	217	92	96	221
248	448	671	677	207	84	89	223
213	454	643	653	185	79	82	201
210	454	612	679	204	94	82	166
210	461	711	669	203	94	76	150
163	514	773	646	187	85	67	134
192	520	761	661	202	87	71	138
196	457	728	690	211	85	65	172
214	430	744	656	205	82	68	178
215	399	706	702	254	102	87	242
227	374	836	825	279	112	98	257
236	404	839	830	269	111	102	260
240	414	865	923	298	136	117	234
