0	1	2	3	4	5	6	7
66	136	175	137	60	31	36	28
63	145	179	139	60	33	31	30
42	152	222	143	82	31	25	26
48	160	210	115	98	30	26	26
48	142	256	86	98	32	22	27
58	148	253	88	99	32	22	25
73	163	278	94	99	30	23	26
73	157	264	87	83	33	23	25
71	149	247	76	59	32	22	26
79	148	184	74	46	29	22	32
73	145	263	102	49	30	22	33
67	123	247	106	47	30	23	32
78	121	243	113	44	27	24	34
78	118	253	111	59	30	25	34
72	121	277	110	79	28	25	28
74	93	203	90	82	27	27	30
64	88	189	79	83	30	26	30
51	84	170	72	82	30	25	27
49	80	172	72	73	29	25	26
48	75	136	76	48	30	25	28
48	69	121	66	40	28	23	26
54	81	136	67	37	25	21	26
54	80	146	73	41	23	21	27
53	82	128	73	38	21	20	27
56	127	125	67	38	21	19	24
52	128	126	75	37	25	23	27
57	125	114	76	40	29	26	30
62	127	105	73	37	29	26	32
65	132	98	71	39	33	30	33
64	92	93	72	42	33	32	33
68	87	80	68	37	31	30	31
61	103	81	63	37	29	29	29
55	111	115	57	36	31	29	27
52	104	117	57	35	26	26	26
47	111	120	54	30	26	24	28
40	109	120	51	31	27	22	27
40	87	111	56	35	26	23	25
39	97	91	59	37	26	22	24
38	97	99	59	37	26	25	25
36	88	116	61	39	28	25	24
37	89	176	67	40	27	24	22
37	87	178	78	42	28	24	24
40	64	169	74	48	29	25	26
42	62	167	77	51	32	23	27
42	56	157	77	52	33	23	25
39	52	94	76	51	34	24	25
37	46	98	71	48	32	23	24
33	44	100	76	39	30	21	23
30	47	103	76	37	26	21	22
32	51	117	85	36	25	22	22
44	94	116	84	36	26	23	25
44	104	113	74	34	26	25	23
44	106	107	76	33	25	26	23
44	111	98	71	31	25	24	23
44	109	88	63	30	24	25	27
34	75	85	62	30	24	24	24
36	94	81	66	30	24	24	26
42	220	82	69	30	25	23	27
51	362	93	82	32	26	23	27
