0	1	2	3	4	5	6	7
145	339	675	443	121	52	41	116
146	338	716	398	114	53	44	116
153	277	685	353	111	56	46	113
158	323	662	404	114	56	44	104
168	343	625	404	114	56	43	83
135	369	554	384	107	51	39	82
161	399	566	420	110	50	41	106
167	411	629	448	108	46	41	119
171	386	605	435	102	47	41	119
163	359	683	439	109	52	44	127
177	320	705	477	113	55	46	127
174	300	643	446	106	53	41	103
157	310	558	415	111	58	42	101
157	276	605	446	125	62	45	97
169	265	523	458	124	58	42	98
155	300	529	425	120	56	40	97
144	310	574	423	115	55	39	117
143	376	625	437	108	48	36	104
143	384	571	404	106	48	37	109
138	402	586	360	95	46	38	116
141	387	650	362	93	43	38	117
141	413	684	426	110	51	41	99
146	342	660	424	121	54	47	112
165	340	651	397	118	52	46	119
150	321	674	429	124	56	48	101
154	346	654	417	123	56	47	101
154	298	647	350	114	52	42	106
156	291	664	376	108	52	38	106
130	278	653	357	98	48	36	94
131	293	630	392	96	44	37	101
148	287	592	434	108	47	39	101
146	300	563	447	114	51	46	99
162	303	506	458	112	49	44	84
156	292	544	526	120	50	44	79
164	298	548	478	117	51	42	82
147	277	512	449	108	50	41	78
148	286	497	420	102	44	35	72
132	325	536	409	106	46	36	87
185	331	579	339	106	48	33	89
178	326	601	341	110	50	34	84
195	354	651	331	111	52	37	94
191	328	637	348	124	58	43	93
202	299	629	278	116	56	41	83
184	328	592	257	115	57	45	87
194	336	620	254	109	56	45	85
174	297	583	287	128	57	46	74
173	293	610	314	128	56	42	76
190	295	600	342	135	58	46	92
168	257	579	358	134	53	43	93
169	255	493	401	148	55	46	93
173	261	467	436	144	54	43	98
176	257	373	443	142	52	44	113
140	219	347	436	136	51	42	99
142	252	367	426	131	51	41	93
123	299	373	439	134	49	42	88
112	310	385	372	121	49	43	97
116	318	449	327	104	42	40	83
147	343	495	330	106	43	42	83
146	325	508	397	121	48	44	82
153	274	511	336	101	43	43	122
160	352	578	363	104	45	43	122
189	347	559	428	120	53	46	117
165	334	527	414	117	51	45	124
161	356	551	371	112	52	49	148
157	352	543	403	114	55	46	124
165	351	480	441	119	56	49	123
137	348	482	437	112	53	49	135
161	361	531	484	121	59	55	132
161	347	513	483	121	58	51	119
173	369	538	479	123	59	50	115
189	287	553	449	118	55	48	129
182	321	606	401	113	51	46	118
163	306	605	369	101	45	39	112
165	296	618	348	91	41	40	103
153	286	608	328	89	45	40	105
117	307	631	389	92	55	42	79
145	283	752	461	95	59	45	99
148	269	768	453	96	61	45	100
145	277	752	444	95	61	46	106
144	275	734	472	104	59	46	108
146	242	709	450	108	54	43	101
149	263	502	406	105	49	41	95
145	286	498	398	108	50	40	110
153	321	552	453	120	53	38	105
151	328	530	425	118	50	36	101
170	343	543	391	108	46	37	110
143	350	617	400	117	50	39	111
139	349	581	392	114	48	40	97
124	322	536	384	106	44	40	104
132	310	648	387	104	42	42	109
119	312	631	403	110	48	45	105
127	283	588	383	102	48	42	100
126	275	583	389	108	50	39	98
146	281	584	354	108	57	44	89
151	274	547	357	104	57	45	89
141	253	585	418	117	56	40	86
138	315	613	424	117	56	42	92
145	329	622	436	119	54	45	96
187	356	609	473	120	51	44	102
186	347	554	495	118	51	41	109
192	337	500	454	117	53	44	120
197	317	514	492	124	57	44	112
201	346	475	474	118	58	44	109
151	300	470	431	117	58	41	102
165	323	498	416	119	57	40	101
161	349	508	378	101	52	40	97
144	312	482	312	86	41	39	95
143	283	546	353	93	44	40	98
164	277	548	383	98	43	43	111
146	270	543	438	118	48	46	110
144	271	572	459	126	54	48	112
152	291	571	459	132	56	47	143
154	278	568	479	134	56	47	162
138	302	604	448	125	54	44	153
131	292	589	364	103	52	42	149
141	332	585	347	98	48	39	150
135	332	536	355	92	48	38	122
131	360	527	314	85	45	33	100
119	346	483	318	91	44	30	102
124	375	514	392	104	45	29	103
106	319	615	417	103	49	31	93
122	338	642	404	104	49	34	95
140	294	649	502	129	57	38	87
163	292	707	533	129	57	42	92
173	265	703	491	120	55	41	84
177	271	603	459	118	51	39	89
174	231	580	463	116	51	40	82
159	285	544	351	87	45	38	83
145	297	605	350	91	45	39	70
135	279	643	352	96	49	39	88
135	318	675	352	98	50	37	88
119	331	719	359	99	47	35	94
111	309	737	369	106	45	33	97
121	300	716	352	105	46	31	109
120	304	643	365	101	40	33	99
123	267	601	361	97	39	34	95
135	257	548	342	97	42	35	97
150	234	645	363	102	43	37	100
141	249	540	350	105	48	38	86
134	354	612	373	114	53	46	105
127	343	765	537	146	62	52	112
121	375	760	548	148	62	54	118
160	397	683	554	152	71	54	117
185	387	761	594	155	71	53	125
196	304	738	643	157	70	45	117
206	340	601	576	150	70	44	125
209	313	695	596	156	73	45	115
182	286	681	562	145	63	43	119
156	278	612	563	148	62	43	125
160	285	658	518	144	63	47	120
150	243	626	471	124	53	40	101
142	222	561	470	123	50	37	102
120	250	553	486	133	58	41	111
107	274	564	443	121	54	40	98
110	270	524	421	124	59	43	99
137	272	580	441	131	61	47	105
139	330	561	394	117	58	46	110
160	322	572	427	117	56	45	94
185	332	557	482	125	58	48	112
207	378	544	495	129	53	44	120
216	405	540	497	129	55	42	126
212	376	538	520	138	56	42	122
205	424	574	486	125	50	42	129
191	421	628	455	133	54	41	124
176	370	594	411	117	49	40	122
139	353	584	374	110	47	38	111
159	342	625	395	125	55	44	107
175	286	568	390	129	55	44	96
173	297	503	346	115	51	44	84
150	291	513	344	113	48	45	74
155	280	474	337	111	47	46	76
167	288	455	349	98	43	45	108
163	290	548	363	95	43	45	112
155	252	551	352	91	42	42	108
157	263	562	354	90	43	40	114
169	262	558	350	93	46	40	113
138	243	510	308	94	44	36	83
153	229	443	303	108	49	41	113
159	247	478	365	120	51	42	117
156	240	466	373	121	52	43	117
142	242	499	384	121	49	44	112
137	259	550	416	122	46	43	114
98	299	533	397	111	43	38	85
104	333	531	356	101	42	39	89
101	351	610	351	104	42	40	85
97	376	601	345	116	48	39	85
124	377	573	311	111	52	41	98
138	361	562	311	105	49	39	100
141	324	531	362	117	49	40	95
164	311	489	450	137	58	41	91
163	277	475	467	129	55	40	93
149	256	450	463	130	52	39	93
152	250	481	470	139	59	46	89
140	257	477	425	125	56	43	88
141	257	467	364	107	47	42	91
147	296	481	329	102	47	41	94
157	306	503	307	95	46	40	84
142	296	492	387	96	46	35	104
147	302	509	401	103	51	39	114
142	305	468	388	103	51	36	111
142	281	486	422	114	54	37	114
141	301	526	437	109	54	35	112
144	286	522	392	115	52	33	91
151	299	508	378	110	48	32	85
146	292	506	360	104	43	29	88
159	280	519	332	98	43	29	88
153	289	478	315	96	43	30	87
152	356	463	293	82	38	29	87
147	334	468	327	86	41	30	89
135	326	518	343	86	44	34	90
132	324	469	325	84	44	34	118
130	315	507	341	91	43	36	137
155	240	513	377	104	50	39	153
169	239	510	356	106	51	39	148
170	266	482	365	112	53	41	151
165	260	494	372	116	53	40	131
165	223	513	368	115	52	38	109
134	226	526	317	109	50	40	93
111	221	542	318	115	51	44	110
129	214	537	323	115	49	42	103
158	219	525	339	110	47	45	105
170	275	502	324	110	49	45	123
184	296	522	318	101	44	41	125
183	295	530	328	94	40	43	115
177	283	526	325	86	39	41	114
153	282	548	328	89	40	39	117
138	276	500	315	82	38	40	110
131	294	514	332	87	40	42	118
128	300	593	322	89	40	34	112
