0	1	2	3	4	5	6	7
84	289	261	249	73	33	24	28
109	466	260	251	74	35	24	33
121	488	273	187	61	33	25	36
119	514	304	205	56	37	28	34
149	590	265	207	55	36	25	42
150	613	269	253	64	39	45	45
135	515	286	278	72	44	127	55
132	510	317	283	77	57	195	66
133	486	414	350	97	56	210	76
104	391	465	474	133	67	217	85
104	392	495	590	168	80	219	101
144	346	638	660	178	79	186	124
160	337	695	773	195	76	116	129
195	339	666	813	201	80	87	131
194	337	720	797	189	73	71	140
228	332	733	721	158	61	63	155
215	387	644	710	154	63	67	161
229	389	646	655	141	59	66	160
311	393	748	698	136	56	74	214
351	405	726	720	150	59	83	294
424	416	751	754	160	56	80	307
440	411	754	788	179	58	76	334
442	450	742	768	186	61	74	351
412	465	623	693	182	58	72	354
386	610	610	654	178	63	66	321
307	604	616	652	183	69	73	317
313	624	649	663	187	67	75	282
355	613	652	656	185	69	80	269
343	643	711	655	199	75	78	257
357	507	697	668	200	74	84	237
362	504	694	716	194	71	78	225
348	550	687	816	201	73	78	228
303	546	817	879	219	80	78	233
354	499	750	864	213	81	82	223
349	504	775	979	236	84	79	207
335	514	764	1014	260	95	81	245
323	409	781	898	239	94	85	246
342	397	633	860	233	88	81	243
286	367	686	944	249	86	85	248
271	387	638	840	237	89	82	268
285	385	608	781	225	80	75	231
308	366	579	774	229	77	66	228
377	334	710	854	244	76	64	231
388	345	705	827	243	81	55	212
388	426	800	898	269	78	55	186
370	391	785	840	252	77	55	185
380	407	775	884	260	79	60	194
295	424	679	811	242	82	69	173
257	489	676	773	231	77	66	167
267	386	585	707	200	75	67	168
276	386	592	803	230	82	75	184
299	435	661	826	256	93	75	187
280	473	660	820	252	90	71	188
303	442	665	808	243	87	68	208
298	465	651	761	225	85	65	206
293	470	693	696	212	81	56	212
249	440	680	612	170	73	67	251
287	451	677	599	169	73	69	274
268	422	719	646	178	71	70	261
267	430	779	675	201	74	74	270
348	455	823	748	214	79	80	283
336	505	801	765	219	80	68	246
321	469	845	871	267	95	87	223
328	530	863	906	284	104	90	225
377	520	823	892	273	103	88	222
334	512	821	890	263	104	95	189
337	489	877	979	283	108	98	174
340	505	826	890	246	98	84	173
362	476	822	811	231	102	89	171
318	466	861	795	225	99	89	171
300	450	791	744	216	94	80	194
306	407	731	658	194	88	80	209
286	386	692	659	192	88	81	238
238	341	591	644	182	78	70	252
245	353	552	749	211	81	69	260
336	505	801	765	219	80	68	246
321	469	845	871	267	95	87	223
238	341	591	644	182	78	70	252
245	353	552	749	211	81	69	260
233	339	590	717	205	77	64	234
224	330	549	702	208	88	64	229
242	316	620	766	220	92	59	196
261	308	679	790	215	89	62	167
270	275	647	693	189	86	62	150
256	327	655	715	186	85	61	147
257	427	689	702	174	68	59	160
235	447	710	615	142	57	58	169
208	446	736	588	133	54	55	169
236	452	731	589	140	53	54	179
245	441	722	562	136	54	56	187
249	378	679	511	129	57	54	171
256	366	640	483	128	62	62	167
266	347	577	495	130	61	62	168
215	353	558	544	125	61	64	157
285	346	562	579	143	62	65	155
320	351	593	654	164	64	68	145
321	333	593	761	203	68	65	163
324	340	564	771	213	70	66	163
327	344	696	887	258	87	82	158
309	335	699	898	256	87	82	163
271	291	675	886	262	91	83	166
300	283	618	854	246	85	82	156
302	278	665	906	259	90	84	164
304	272	599	860	275	94	77	153
264	309	592	872	280	99	78	147
291	325	593	826	255	91	71	182
330	387	672	948	284	101	80	184
322	415	664	882	274	100	81	189
318	440	649	804	219	82	74	192
348	413	636	761	212	76	77	194
333	401	623	754	219	82	81	172
254	346	696	629	186	69	76	195
251	327	693	640	182	63	70	207
307	298	749	657	182	65	75	214
293	299	752	626	176	68	72	209
286	292	787	677	193	71	74	218
302	281	655	552	165	68	67	197
295	247	661	654	229	80	75	181
235	244	601	679	246	90	71	170
221	264	570	691	247	86	70	177
204	310	568	657	231	79	65	157
191	313	604	696	245	84	64	144
262	326	627	590	189	75	59	152
266	332	659	613	197	70	58	146
254	325	663	628	200	71	63	185
280	309	701	638	199	71	59	192
293	314	711	633	193	75	63	202
236	319	672	709	216	82	71	205
321	308	628	646	189	83	76	232
319	278	660	631	188	84	75	196
304	255	596	776	255	101	101	206
283	295	558	764	256	98	102	191
282	295	550	715	235	91	95	175
191	293	572	824	257	86	97	174
214	325	588	907	290	100	109	174
235	342	587	753	232	82	89	157
244	335	675	900	273	100	96	175
246	337	687	923	278	105	98	175
242	334	730	834	253	100	91	158
233	311	695	779	216	87	81	157
214	283	681	820	228	88	86	176
212	249	597	687	175	67	75	169
224	237	614	634	157	59	71	167
204	302	516	682	179	63	72	153
172	319	578	673	179	62	65	150
150	353	563	639	164	63	55	119
146	365	569	597	158	57	51	98
114	407	496	566	151	55	48	113
161	362	482	470	125	56	53	143
167	349	423	489	134	58	50	140
169	336	501	490	142	55	49	137
170	348	566	648	191	68	67	175
191	300	579	670	200	75	76	172
150	289	600	662	198	72	68	144
146	315	606	616	189	73	71	160
167	358	590	703	211	78	85	221
204	348	513	602	176	73	79	207
184	376	622	611	177	70	72	201
205	389	622	660	221	88	84	226
251	363	610	673	230	96	90	232
241	293	605	632	216	92	82	188
212	293	668	661	227	94	79	178
223	267	569	673	241	102	86	181
256	304	549	610	200	89	77	156
223	321	600	680	200	82	68	141
216	333	592	656	198	85	66	132
243	316	587	681	245	93	79	200
238	313	603	727	249	88	78	214
217	258	609	789	270	96	82	214
209	306	556	760	278	99	87	224
229	321	627	775	283	99	88	227
234	419	683	782	241	91	74	180
236	437	665	701	217	84	64	154
218	436	677	631	186	73	57	157
220	398	684	563	155	62	44	133
201	379	630	530	139	57	39	122
155	321	554	406	111	50	42	101
184	282	597	427	108	50	43	124
204	317	622	423	111	54	45	116
201	350	682	451	115	55	45	118
225	350	686	400	108	53	44	122
221	305	721	381	103	54	46	131
192	304	710	418	114	57	48	121
175	297	746	448	131	59	53	139
214	290	690	471	137	62	57	146
191	306	695	472	134	61	55	141
192	356	616	591	157	59	51	150
219	384	641	589	158	61	55	144
210	379	636	687	176	69	58	133
166	346	634	703	180	70	61	129
165	356	623	703	183	72	69	139
175	302	661	714	207	78	71	134
154	280	702	736	213	77	70	145
150	269	625	688	205	69	66	147
151	282	654	656	196	64	61	161
159	279	686	720	209	66	57	154
167	286	644	637	169	55	54	181
155	287	589	621	165	56	55	172
218	292	585	543	142	50	52	169
224	296	530	530	139	50	50	156
222	300	459	448	122	51	45	154
205	281	531	417	111	49	41	109
200	285	514	444	121	54	42	101
122	277	527	464	120	53	38	105
110	307	522	465	121	56	40	104
118	289	557	528	128	51	45	119
128	291	518	534	138	55	46	125
128	288	518	580	129	51	41	134
171	296	556	651	168	60	46	130
177	266	673	791	224	70	52	169
167	250	642	810	238	77	53	170
203	278	626	855	249	81	59	186
214	267	634	797	247	81	58	185
186	263	609	751	223	76	54	179
179	238	547	632	169	66	50	152
174	272	569	542	137	58	48	134
126	255	593	504	130	56	43	108
138	294	558	493	121	51	44	105
149	287	543	531	142	52	48	107
162	298	514	534	147	59	54	96
167	311	572	565	146	56	51	100
170	322	594	531	127	51	49	94
156	279	650	546	126	52	50	85
140	274	648	506	114	51	48	82
123	262	625	495	114	43	42	89
117	293	525	481	120	44	44	95
154	275	506	457	119	45	45	104
149	277	473	443	121	47	43	122
151	275	538	493	134	48	43	130
154	281	523	470	135	51	43	125
181	191	530	489	132	54	43	115
160	176	473	482	133	54	42	115
165	190	492	484	136	52	39	110
167	177	439	419	125	58	45	108
180	171	470	390	116	55	42	112
168	202	521	410	128	58	41	122
154	236	549	428	126	56	39	117
151	246	515	386	123	59	41	111
152	262	542	382	115	53	33	113
149	267	531	396	116	53	34	109
136	243	510	318	94	46	36	111
143	242	517	301	97	50	35	111
137	222	556	364	122	48	37	109
