0	1	2	3	4	5	6	7
72	268	59	27	24	24	21	27
71	364	69	28	24	24	24	28
72	359	73	28	26	26	24	28
70	382	67	30	27	28	22	28
64	437	69	36	28	28	23	28
71	425	73	35	31	28	27	31
62	351	67	34	31	27	24	29
61	370	71	39	32	27	26	31
66	380	72	39	31	25	27	33
70	324	68	33	31	26	29	33
69	332	72	35	29	29	26	34
68	305	70	35	28	28	26	35
71	311	69	33	27	28	24	35
65	283	69	31	25	26	24	31
68	341	69	30	24	28	24	31
58	328	60	28	24	28	24	26
63	328	58	29	24	29	25	27
58	321	47	30	24	30	24	24
56	322	45	35	24	30	23	25
53	258	49	36	23	26	21	24
56	258	52	39	22	23	20	23
58	303	50	40	23	24	20	23
59	293	57	39	27	22	25	29
67	331	66	37	30	27	29	35
71	369	67	38	33	31	30	38
72	401	72	35	34	31	31	38
69	383	75	33	33	33	32	37
73	362	73	35	31	34	29	37
70	309	64	31	30	31	25	33
64	297	60	30	27	28	24	30
69	309	63	32	26	29	23	33
73	335	67	34	26	26	23	34
84	402	80	33	26	25	24	35
85	480	83	35	23	26	23	34
85	474	84	33	23	25	23	33
82	510	84	32	25	24	23	33
88	491	81	31	25	24	23	34
73	446	69	31	23	27	21	31
66	366	67	30	26	26	22	31
66	360	66	33	28	28	20	33
67	300	62	34	27	26	24	32
54	293	64	35	31	31	26	34
59	290	65	34	32	30	28	33
60	312	66	33	32	32	28	31
55	351	70	32	31	31	29	29
54	329	64	30	32	32	27	27
65	329	59	28	30	26	25	22
59	352	54	28	27	22	24	22
67	341	57	32	28	22	25	26
69	277	53	33	27	22	24	27
63	333	57	34	26	20	25	28
64	315	67	34	24	20	23	26
71	340	73	36	26	24	23	29
63	361	66	33	23	24	22	27
66	373	63	32	26	24	23	28
67	312	59	32	27	27	22	28
55	334	53	35	27	28	22	28
56	334	48	31	26	26	23	27
59	312	56	31	26	24	21	26
56	309	59	33	28	27	23	26
62	324	60	34	32	30	26	32
66	367	71	34	34	30	26	33
60	325	75	34	36	32	26	32
65	335	68	32	38	33	28	35
69	401	76	31	35	31	26	34
66	390	80	32	30	29	24	33
62	354	77	32	28	29	24	32
65	378	78	33	25	26	22	32
62	395	84	36	25	28	23	31
60	323	83	39	26	27	23	30
56	368	79	38	26	26	25	26
58	342	73	35	27	26	25	25
65	319	75	39	29	27	25	27
62	309	79	38	28	25	24	26
64	335	78	36	28	25	24	26
65	282	77	34	26	25	22	27
69	285	76	37	26	25	22	28
62	339	74	34	25	24	24	27
61	307	66	37	26	28	27	32
70	335	65	41	28	31	28	37
76	370	75	43	33	31	29	37
73	376	74	43	34	32	30	37
74	319	72	41	36	33	29	38
78	351	74	38	34	30	27	35
69	331	70	31	32	27	25	31
62	279	60	36	30	28	25	32
69	308	62	35	28	27	24	33
70	341	59	38	26	25	25	33
66	315	63	37	26	25	23	31
66	289	58	39	27	25	24	34
66	323	59	34	28	24	22	33
54	358	59	35	27	22	23	31
58	326	59	38	27	24	22	31
62	348	55	42	27	25	22	34
65	429	58	42	27	27	22	32
65	421	59	42	29	27	23	32
71	385	60	41	29	28	22	32
63	382	61	36	29	28	22	30
60	397	62	34	30	28	22	27
61	319	62	34	28	24	22	28
59	317	60	32	25	24	22	28
53	400	65	34	26	25	22	27
52	409	62	33	24	23	21	27
54	375	67	33	23	21	20	27
52	356	65	31	25	22	21	25
54	400	82	31	26	22	22	24
58	331	75	32	25	21	21	27
58	330	74	32	27	22	23	28
63	326	67	30	28	23	25	31
62	359	68	33	26	22	24	31
60	297	52	33	25	22	24	31
60	349	63	31	29	23	25	30
70	345	64	32	27	24	25	34
63	396	63	34	28	26	23	31
61	368	61	31	28	29	24	29
66	368	65	32	31	28	23	30
70	300	59	34	30	28	24	32
64	353	59	31	30	28	23	28
68	299	66	30	29	27	23	28
66	324	64	30	29	25	23	29
61	321	65	34	28	26	23	26
54	305	62	29	27	25	21	23
54	304	63	31	27	24	21	25
55	314	58	32	28	24	22	26
57	313	62	34	27	24	21	26
57	303	53	30	25	23	21	27
74	313	50	32	25	25	23	29
77	265	54	30	25	24	24	30
74	288	52	29	24	25	22	31
80	272	48	31	24	28	24	32
81	284	48	34	25	27	24	34
65	268	48	32	24	25	22	32
58	286	46	33	24	27	24	31
58	250	52	33	25	27	25	30
47	237	53	30	24	24	23	29
54	229	54	27	25	26	24	29
58	322	64	30	27	27	25	29
59	389	67	31	27	26	25	28
57	394	66	31	26	23	23	26
61	391	65	31	27	26	22	28
56	398	64	31	27	26	23	29
58	356	61	31	29	27	22	29
55	265	62	35	30	28	20	30
61	353	64	37	29	29	21	32
59	371	63	39	28	28	22	32
56	387	66	38	27	25	21	30
49	364	61	38	23	25	22	30
57	393	58	36	25	22	24	31
58	420	60	36	25	23	25	31
59	416	66	35	25	22	24	29
60	431	69	37	26	25	24	28
61	440	68	36	26	26	22	28
64	447	74	34	24	26	20	27
61	424	76	31	25	25	24	27
62	431	73	29	25	24	26	30
67	443	73	26	23	22	25	31
69	470	76	28	23	20	27	32
77	461	72	29	22	21	28	32
76	414	64	28	22	22	25	29
78	415	61	28	22	23	25	29
78	424	61	31	21	22	26	28
76	379	62	30	23	24	24	29
62	343	56	29	22	23	24	29
63	393	65	33	23	22	25	31
67	412	65	33	23	23	25	32
73	375	62	31	27	24	25	34
73	401	60	32	26	23	25	35
76	481	61	35	29	22	24	34
81	421	49	35	29	26	24	35
78	384	49	36	29	26	22	33
72	384	47	35	28	25	22	29
71	356	48	36	28	26	22	29
73	232	48	32	25	26	22	32
69	233	48	28	25	24	23	28
71	293	58	30	25	24	23	30
70	358	65	33	25	24	24	31
69	362	66	32	24	23	26	30
69	415	63	32	25	24	25	27
63	466	69	33	25	23	25	27
59	462	64	31	25	24	26	26
59	426	63	32	26	26	24	25
63	441	69	32	27	26	23	26
56	395	68	33	25	26	25	25
56	365	66	33	26	27	24	27
61	391	70	31	27	26	22	28
59	438	79	32	25	25	24	27
61	442	70	31	26	25	24	29
62	453	74	33	28	26	21	29
69	463	73	35	26	25	22	29
61	417	71	35	25	27	24	27
62	343	55	33	26	26	23	28
59	367	61	34	27	26	23	28
60	381	64	35	25	23	23	28
55	395	67	35	27	23	23	27
70	427	67	36	27	22	22	28
71	442	72	35	28	20	22	29
71	435	72	37	27	23	22	30
72	488	68	36	27	23	22	29
75	471	66	36	27	23	21	29
67	458	65	35	28	21	21	32
65	463	60	35	29	22	20	31
66	439	61	33	29	23	20	31
64	352	63	34	29	24	20	32
57	332	62	35	29	24	22	33
53	327	60	37	28	24	22	31
50	283	62	38	26	28	23	31
47	351	59	40	25	25	24	28
49	363	54	36	24	25	25	29
58	415	53	35	25	27	25	29
60	437	57	34	26	28	26	31
72	445	57	35	26	26	25	32
76	470	62	31	28	27	24	33
79	500	68	31	30	27	22	32
73	445	67	32	28	26	20	30
72	410	65	31	28	24	21	28
68	425	68	30	27	26	22	30
65	439	63	34	27	26	23	30
68	430	59	35	25	26	24	30
70	421	60	35	25	25	25	31
71	457	58	33	25	26	25	31
65	478	56	32	27	24	24	28
74	392	55	29	26	24	24	30
69	359	56	36	28	23	25	29
71	421	64	38	28	22	24	30
72	389	65	37	29	22	24	28
73	358	63	38	28	22	23	29
64	415	63	40	29	22	22	25
69	446	63	36	30	23	20	27
69	435	62	37	28	24	21	27
68	424	59	37	28	24	21	27
70	411	63	39	27	23	22	27
76	366	64	39	27	23	23	30
68	348	69	37	26	24	24	30
65	354	63	33	26	24	24	30
61	356	63	33	26	24	24	29
58	373	63	32	27	26	23	31
53	441	67	30	26	27	24	28
56	424	57	27	24	27	25	30
54	376	59	30	26	27	25	28
60	383	59	30	26	26	25	29
67	458	69	29	23	24	27	29
64	386	59	32	24	25	26	28
68	373	63	36	23	24	25	29
70	371	61	34	21	25	24	31
75	443	79	37	21	26	25	34
71	334	80	36	21	26	22	32
77	314	84	37	24	27	23	34
79	350	86	36	29	29	25	33
83	367	88	37	30	28	25	32
80	270	73	34	30	27	24	32
79	300	65	35	32	27	26	34
80	432	69	31	30	26	26	33
73	424	68	29	27	23	25	32
66	412	66	30	28	24	25	32
61	412	67	30	27	23	26	28
64	477	62	28	28	24	23	27
57	362	60	28	28	23	24	26
70	387	60	31	28	23	24	28
71	424	62	28	27	21	23	27
68	414	65	27	27	22	22	27
73	323	72	32	26	21	23	30
75	368	74	32	24	21	23	28
65	350	72	30	23	22	22	28
64	323	68	31	22	23	23	29
77	336	66	34	22	21	22	30
70	386	58	31	23	23	23	27
68	356	53	30	24	23	22	28
72	351	54	32	24	20	23	29
73	365	58	31	25	21	24	30
61	394	57	28	25	23	26	30
55	365	67	31	23	22	24	30
55	366	71	36	25	23	27	30
50	370	83	37	26	23	25	29
49	360	81	38	26	25	24	29
52	333	82	38	25	22	25	27
51	374	83	35	26	24	25	27
57	411	78	31	28	24	21	28
58	460	64	29	27	25	23	29
56	448	64	30	26	25	22	27
52	455	66	30	27	25	20	26
58	433	52	32	27	24	21	29
71	402	55	34	27	24	21	30
71	422	59	34	29	23	20	31
74	434	60	34	31	25	24	31
77	427	55	33	31	27	26	32
74	419	57	32	31	29	25	30
60	471	56	31	28	28	24	28
63	374	53	36	27	29	24	25
63	353	52	38	25	29	20	27
62	353	54	39	25	28	17	29
66	339	56	40	27	26	21	30
62	266	62	40	27	26	22	30
63	393	63	36	26	25	22	30
64	391	63	32	27	23	22	29
64	400	74	35	27	23	24	28
63	391	71	34	25	25	21	28
63	394	66	33	25	23	22	27
55	281	61	36	26	26	22	27
57	295	68	39	25	25	23	26
60	299	62	39	27	24	22	25
63	296	62	38	28	26	24	26
76	318	72	40	27	25	24	30
83	306	76	37	27	23	24	30
84	387	72	36	28	24	24	31
87	379	67	33	26	25	24	31
82	394	67	34	25	23	23	28
73	363	57	36	26	24	23	24
71	405	56	39	26	24	24	26
70	356	62	40	27	26	22	25
64	335	63	40	28	26	22	25
71	318	61	39	27	27	21	28
68	360	59	36	26	28	21	30
60	328	67	32	27	28	21	29
54	300	66	31	26	27	21	29
53	346	67	30	24	27	23	30
45	340	66	31	25	25	24	27
43	330	72	34	25	23	23	26
53	355	61	33	25	23	24	31
62	430	66	35	25	23	26	33
62	398	65	33	26	22	24	33
68	408	68	35	26	21	24	37
79	479	70	36	27	21	25	39
78	486	73	36	25	22	26	36
77	467	69	37	25	23	26	36
78	466	72	37	25	24	25	35
75	501	72	35	24	24	24	33
64	416	69	31	25	25	23	33
65	382	67	31	25	24	22	34
64	413	68	30	26	24	22	32
74	445	65	32	26	23	23	34
73	408	64	31	25	23	23	33
73	407	58	33	23	23	24	31
71	401	60	35	24	24	23	31
69	342	63	34	26	25	23	30
52	330	61	34	25	25	24	27
61	321	62	34	26	25	23	29
73	375	68	35	26	26	23	32
69	384	69	35	27	24	23	30
73	352	56	33	24	23	23	31
77	344	59	34	24	24	23	33
69	398	61	36	23	25	24	33
60	330	54	34	24	24	24	31
74	322	56	32	23	23	24	35
74	312	57	34	23	23	23	34
78	354	66	32	22	22	21	33
80	336	64	31	23	21	22	33
81	350	68	33	23	20	23	34
67	369	65	33	24	23	23	31
65	399	67	31	24	23	22	31
58	348	62	32	25	24	24	29
60	311	66	31	25	24	22	29
60	368	68	29	26	26	23	26
63	383	66	28	25	23	22	26
69	352	64	29	27	22	24	26
67	380	61	29	27	23	24	28
71	388	55	30	26	24	25	28
76	422	55	30	25	24	23	29
76	410	57	31	26	26	23	30
70	426	57	29	23	25	21	32
67	397	58	32	25	24	22	30
60	394	57	30	25	23	21	30
57	303	51	30	26	23	20	28
81	353	58	32	26	22	21	29
81	354	58	33	28	22	21	26
83	357	60	30	26	24	20	27
87	369	68	32	27	27	21	28
85	377	75	33	28	26	23	30
66	323	72	34	27	27	22	30
65	337	74	33	26	28	22	30
73	411	91	36	29	28	23	31
66	400	91	37	32	25	23	30
68	426	90	39	31	27	22	30
73	471	91	38	31	28	21	31
73	453	92	42	31	26	22	32
68	435	78	39	31	26	23	32
67	417	70	37	29	28	22	30
67	379	65	33	28	26	23	30
57	332	67	33	28	26	23	28
60	362	66	30	31	30	23	27
63	347	66	30	28	28	22	27
71	344	67	30	27	26	23	32
69	367	78	34	26	28	23	32
67	347	89	36	27	27	23	30
62	337	88	36	25	25	25	30
57	325	92	38	25	26	24	29
48	345	98	38	24	28	24	25
52	312	88	35	24	28	23	27
59	343	77	35	22	27	27	28
61	312	74	34	22	25	25	27
61	302	69	36	25	26	26	29
60	318	68	38	27	27	24	29
66	331	70	38	27	25	25	29
65	301	76	41	30	28	21	30
68	341	80	41	29	28	21	31
66	340	73	37	27	28	22	29
71	335	67	34	27	27	22	28
63	332	67	34	26	26	23	27
58	322	70	28	24	25	23	28
58	283	66	27	23	26	24	27
57	406	78	27	22	24	24	28
55	394	79	36	24	24	24	30
58	398	78	40	28	25	23	32
62	437	66	42	28	23	22	31
66	491	76	44	29	26	22	32
66	381	63	45	30	26	23	33
63	378	70	41	29	25	22	31
58	373	70	38	26	25	22	30
63	362	74	38	25	24	21	29
55	272	65	38	23	22	22	28
65	272	71	38	24	22	21	28
68	316	69	37	23	23	22	30
67	311	72	38	23	24	23	30
60	281	73	39	24	26	26	30
65	310	81	42	27	27	27	29
55	341	82	43	27	25	26	29
58	348	78	42	27	27	28	27
68	348	82	41	27	28	28	29
74	450	76	40	27	28	25	29
74	438	74	37	26	27	25	29
75	458	69	34	26	29	24	28
72	435	71	36	27	26	23	29
71	458	65	37	28	26	22	28
70	372	68	35	27	25	24	28
65	413	68	36	26	25	23	28
64	403	71	36	25	23	25	27
63	394	70	35	24	23	22	26
57	369	67	35	21	22	23	26
52	390	69	33	22	21	23	28
56	380	62	29	21	23	23	29
58	335	58	31	21	26	22	30
62	358	71	31	23	28	25	33
59	387	70	30	23	28	23	32
67	375	65	32	23	28	21	28
69	348	75	34	24	25	23	31
77	344	79	36	25	28	25	33
75	372	69	34	27	27	23	30
75	344	70	35	27	26	24	30
68	317	69	36	27	26	26	32
68	302	60	35	26	27	25	31
65	396	53	31	26	23	25	28
63	366	51	32	23	22	25	28
66	370	50	33	26	24	26	30
65	380	52	32	26	25	25	28
59	397	56	34	28	25	25	26
51	307	55	35	30	26	25	26
53	290	57	35	30	27	24	26
53	314	56	33	28	25	22	27
50	329	59	30	30	25	21	29
61	324	58	28	27	25	21	31
60	359	58	28	25	24	21	33
63	337	59	29	25	22	22	33
63	333	58	29	24	22	25	33
64	349	55	31	24	22	24	32
56	365	54	30	25	23	24	32
56	328	55	31	26	23	24	31
53	374	55	28	26	22	22	32
57	378	60	29	27	25	19	31
64	334	60	27	26	26	20	30
65	334	58	30	27	25	20	30
66	378	63	31	28	24	22	30
66	338	62	33	28	24	23	29
60	315	57	34	27	21	25	29
53	316	58	37	28	22	27	32
56	318	76	42	28	21	28	31
64	299	79	44	25	22	27	28
64	312	80	44	27	22	26	29
69	313	83	45	27	23	25	30
69	353	83	43	29	23	25	29
65	341	64	37	27	23	23	29
67	320	68	36	30	23	25	30
68	356	78	39	30	24	24	32
63	342	82	36	29	22	24	30
61	317	81	37	28	21	23	30
60	335	85	38	29	24	24	29
55	351	80	35	30	24	23	29
56	295	69	33	27	23	24	27
57	294	68	32	28	25	23	30
59	266	67	31	26	24	23	30
62	241	62	31	25	22	24	32
63	326	58	29	23	23	24	33
63	330	63	30	23	25	24	33
62	344	53	32	22	22	24	32
61	351	57	32	22	24	24	31
57	407	63	33	25	26	22	29
54	355	69	36	25	26	24	30
49	385	70	35	27	27	23	28
53	378	72	35	27	28	22	26
58	423	72	36	28	27	23	27
62	365	71	35	28	26	22	28
56	338	74	34	27	25	22	26
67	330	69	34	24	23	22	29
66	353	80	32	24	25	24	30
62	365	85	31	23	24	23	31
61	366	89	35	24	26	24	28
66	380	96	36	25	26	24	28
53	369	101	35	26	26	24	25
74	371	95	39	28	26	23	29
76	352	91	42	27	26	22	28
76	348	85	40	24	24	21	30
81	326	73	42	23	23	23	29
83	331	65	45	26	24	23	33
63	303	70	42	26	22	23	29
59	310	71	39	25	22	23	28
68	333	70	36	26	22	23	27
62	406	89	36	26	24	20	29
64	409	93	32	27	25	20	25
66	418	91	33	29	25	22	25
73	371	87	32	30	26	22	26
75	367	90	34	29	27	21	26
71	294	76	30	31	27	22	24
72	287	68	32	28	27	22	24
72	330	63	33	24	28	19	23
72	365	67	34	24	28	21	24
60	363	60	34	23	27	22	25
58	353	46	36	25	25	23	25
70	352	50	36	27	24	24	30
71	368	58	35	27	24	26	33
68	354	67	39	26	25	25	34
68	328	71	41	29	25	24	33
72	338	72	39	25	25	23	32
59	387	77	40	25	28	24	29
60	343	70	39	26	27	23	26
61	344	59	36	27	27	23	27
59	353	60	32	23	26	24	26
60	354	56	33	24	26	25	27
63	325	62	29	24	24	23	26
67	368	71	32	23	23	24	29
65	374	74	32	24	24	22	27
65	364	73	33	25	27	23	29
63	355	74	30	25	26	23	29
59	367	69	32	22	26	23	32
61	302	76	31	24	26	21	31
63	289	76	31	22	24	22	33
65	292	74	30	23	25	21	32
62	391	75	30	23	25	21	32
58	358	69	31	26	25	22	29
54	385	51	29	26	25	21	27
48	375	59	28	28	27	23	26
57	418	59	30	28	24	25	27
59	339	58	30	29	24	25	28
63	348	61	30	27	24	24	31
70	384	64	32	28	24	24	30
76	401	58	31	28	22	23	28
76	382	67	33	27	23	22	31
75	371	65	36	27	22	20	28
75	406	72	36	28	21	21	27
66	365	73	35	26	21	22	27
65	378	79	37	26	22	23	29
58	360	72	36	26	24	23	25
56	384	73	32	26	25	25	27
64	326	66	31	24	26	27	32
66	363	65	32	25	25	27	32
63	347	56	31	24	24	27	31
61	347	61	29	23	23	26	32
66	330	63	30	24	22	26	31
58	363	62	30	25	23	24	25
62	332	68	30	24	23	25	26
57	317	67	30	26	24	23	25
58	363	67	31	27	23	24	28
56	355	66	35	27	22	23	28
55	337	72	34	28	21	22	27
54	342	66	33	27	23	21	30
56	333	66	31	27	23	22	31
62	295	67	32	25	25	22	29
70	363	75	30	25	26	23	29
70	345	69	30	24	27	23	30
69	323	67	32	26	28	25	28
72	328	74	35	25	28	25	32
70	348	83	35	29	27	27	32
61	287	76	34	29	27	25	32
62	294	78	33	28	26	26	31
58	289	78	36	27	24	25	30
62	337	72	34	27	22	25	27
55	297	55	34	25	24	22	27
56	303	59	35	24	24	23	28
54	323	58	35	24	25	21	28
54	357	75	33	24	24	23	28
46	348	75	35	26	24	22	28
49	370	83	35	25	23	24	28
52	398	88	34	26	22	23	28
59	387	100	36	27	24	23	29
64	389	105	37	25	24	24	29
65	363	103	34	25	25	25	30
65	364	102	34	28	26	23	28
60	369	97	35	26	25	24	26
59	382	84	32	28	26	25	25
53	411	80	32	28	28	23	25
60	401	82	31	28	27	23	24
63	439	77	30	26	28	23	26
72	404	73	29	29	28	24	28
68	413	78	32	30	29	24	28
68	348	69	29	28	27	23	28
60	388	70	29	28	27	23	29
55	359	70	30	27	24	23	30
43	347	73	32	27	23	23	29
43	318	70	33	25	22	22	29
44	315	69	36	27	23	23	28
47	306	77	39	28	23	23	28
50	288	80	39	29	23	23	25
53	307	79	39	29	25	24	26
60	311	80	38	27	25	24	28
61	323	79	37	28	26	23	27
59	336	71	36	27	26	25	27
67	316	72	36	29	27	26	29
65	298	70	34	29	27	24	27
59	315	74	32	28	26	24	25
66	335	98	34	28	25	26	26
68	290	95	34	28	25	24	27
61	277	93	34	26	25	23	26
68	320	98	33	23	25	23	30
68	309	94	35	26	24	21	28
60	300	77	33	26	25	20	29
59	368	80	32	27	23	23	30
58	383	80	32	26	24	22	28
52	353	79	32	27	23	21	24
57	340	76	31	26	25	22	28
55	304	65	33	26	24	22	26
65	259	79	34	24	25	19	27
66	244	78	33	23	24	19	28
63	250	73	33	23	25	22	31
61	273	80	35	22	23	21	29
66	330	79	34	22	24	22	30
64	305	63	33	25	24	23	29
63	312	70	32	28	25	24	28
68	354	73	34	30	25	24	27
64	339	67	33	30	27	26	26
66	345	83	34	29	26	27	28
60	330	82	34	28	25	27	26
62	402	77	35	25	24	27	25
56	351	73	33	21	24	26	27
62	349	80	32	23	23	24	30
57	354	73	30	24	23	22	27
57	391	75	33	24	22	22	30
58	317	71	33	25	25	21	31
70	323	71	34	27	24	20	32
77	339	66	33	28	26	22	32
87	343	87	36	26	26	20	34
84	312	88	33	26	28	22	35
84	307	90	32	25	25	23	35
77	323	94	32	26	25	23	37
72	365	97	36	26	25	21	34
63	318	70	33	25	24	22	33
64	306	67	32	26	25	22	29
62	379	76	32	27	25	23	28
61	400	77	31	26	25	22	24
63	354	73	31	25	22	23	24
60	360	72	32	26	26	22	25
60	371	72	31	26	25	20	27
59	341	64	31	25	24	22	29
57	350	57	32	23	25	22	29
47	361	55	30	22	26	22	26
52	338	62	31	24	23	23	28
55	324	63	33	23	22	22	27
52	279	59	33	24	25	21	26
54	277	65	32	26	23	24	27
53	306	76	34	26	23	23	28
48	320	73	37	25	24	23	29
48	332	74	37	26	24	23	29
49	345	72	36	24	22	22	31
48	351	68	37	24	23	20	31
50	311	53	37	24	23	21	31
52	304	56	33	26	24	21	30
56	327	52	33	24	24	22	31
60	308	54	33	26	26	23	31
57	339	52	32	26	25	22	29
57	357	52	31	26	27	23	29
61	379	49	31	25	26	21	27
63	360	60	30	25	26	20	28
64	361	61	33	26	28	19	29
70	323	76	34	25	31	21	31
73	323	80	33	25	29	21	30
69	307	85	32	26	30	24	32
60	314	83	33	26	30	25	27
55	324	86	32	26	29	25	26
49	277	74	32	26	27	27	26
40	242	67	31	26	27	27	26
42	232	68	31	25	25	27	28
44	260	83	31	28	24	26	29
56	257	79	29	29	22	26	28
57	272	81	29	28	22	24	27
59	318	82	28	30	21	24	28
58	318	78	26	29	22	23	26
62	374	69	27	25	21	23	26
52	376	72	27	25	23	24	27
54	365	73	26	25	23	23	27
51	360	76	30	25	24	23	26
60	365	72	31	27	27	21	28
57	357	62	31	27	26	21	28
60	384	59	33	26	25	21	29
73	395	60	33	27	24	21	29
72	371	56	32	26	23	21	31
68	365	59	32	26	20	21	28
68	320	62	30	27	22	22	30
62	300	61	27	24	22	20	29
51	282	57	30	24	23	20	28
56	301	57	30	24	24	21	30
57	292	53	28	22	25	21	30
68	287	49	31	23	24	25	32
72	273	55	31	23	24	26	31
67	281	66	29	24	24	25	31
67	287	71	33	24	25	24	30
61	284	70	33	25	25	25	31
47	307	67	30	25	24	23	27
58	356	63	33	27	25	20	29
61	361	58	36	27	23	22	30
58	337	56	33	27	21	23	28
60	361	64	36	27	21	23	29
63	355	75	38	27	22	22	30
50	292	77	36	25	24	24	28
58	283	72	34	24	25	23	31
57	285	69	33	24	25	22	30
56	283	68	35	25	26	22	30
58	251	63	32	23	27	22	28
57	276	65	33	26	24	20	29
50	284	67	33	25	25	20	26
55	327	74	36	26	26	20	29
58	306	73	37	27	25	22	29
55	279	70	37	29	23	23	30
64	326	73	37	27	24	23	31
62	326	70	37	27	25	26	30
58	339	64	34	28	26	25	28
55	338	63	32	28	26	25	26
58	408	66	33	27	28	25	26
52	356	63	33	27	28	25	24
53	399	71	35	27	29	24	25
61	374	70	33	26	28	25	26
65	376	70	32	24	28	23	29
74	301	69	34	23	28	23	31
70	315	63	32	26	27	23	31
72	377	61	32	25	24	23	32
71	366	65	34	28	22	23	34
68	386	61	32	27	23	24	32
59	383	63	30	29	21	23	32
64	416	68	32	27	22	22	34
64	301	62	32	26	24	21	32
59	290	64	31	26	23	20	29
58	282	67	32	25	24	19	30
58	288	60	31	25	24	19	31
57	333	62	34	25	22	20	28
55	333	61	34	27	22	21	29
53	329	58	35	27	26	22	27
54	393	60	35	28	26	22	28
60	412	62	33	27	25	23	26
57	337	59	33	26	25	22	26
58	332	82	33	29	24	21	26
64	339	83	32	27	20	20	26
70	328	82	31	26	20	19	26
65	309	83	32	26	20	19	25
66	308	90	31	25	21	18	26
65	336	72	30	22	21	20	26
62	380	79	33	22	21	21	27
55	401	77	34	24	21	23	28
55	422	78	34	22	19	23	28
56	452	73	35	23	22	24	28
56	431	75	34	23	23	23	28
56	405	66	33	25	25	24	26
55	316	71	34	23	25	23	23
57	277	70	37	23	27	24	23
56	288	73	36	24	24	25	27
59	310	73	37	26	24	25	29
55	296	72	36	26	22	24	30
56	299	67	34	26	24	26	30
64	343	76	32	28	22	26	32
64	326	78	29	26	25	26	29
69	350	80	28	25	25	27	29
67	342	79	28	23	27	25	29
67	357	81	32	24	26	24	29
55	315	74	31	23	25	26	29
56	300	74	32	24	24	24	28
56	278	73	32	25	24	23	26
57	274	78	32	24	22	24	25
60	307	80	30	24	22	23	26
61	310	79	32	25	25	20	25
59	278	73	30	24	23	22	26
52	273	76	35	25	25	22	28
55	297	69	34	26	24	22	28
50	250	63	32	25	25	22	28
54	248	62	31	23	24	23	28
64	362	80	36	24	24	22	29
75	366	75	35	22	23	22	30
72	380	82	36	23	23	25	28
76	374	83	38	23	24	25	29
72	375	85	38	27	24	26	28
63	280	64	34	26	26	26	26
52	285	61	33	28	26	27	23
53	257	58	32	26	26	23	26
58	260	60	33	26	26	25	25
66	290	71	40	25	25	23	30
66	309	71	40	29	24	25	30
66	299	76	44	30	26	25	33
65	295	79	46	32	25	26	31
63	321	82	44	32	25	24	32
61	316	70	38	31	26	24	28
59	291	71	37	30	26	23	28
57	289	72	33	29	24	24	25
56	284	67	32	28	24	24	25
57	267	70	32	27	26	23	25
52	298	75	34	27	25	26	25
52	349	75	37	25	23	25	28
52	339	72	36	25	24	24	27
58	362	78	34	26	25	24	28
51	379	71	33	26	22	26	27
67	358	66	30	25	22	25	29
71	319	65	25	26	23	25	26
79	312	78	26	27	24	26	28
75	299	83	30	27	23	28	27
77	392	86	30	27	23	28	27
62	369	89	31	26	25	26	26
61	366	88	30	27	25	27	26
50	376	76	29	23	24	26	25
54	389	71	26	24	25	25	27
54	267	77	27	24	25	25	29
58	292	77	29	24	25	25	29
58	370	89	30	23	25	25	29
64	411	90	30	27	25	25	29
63	395	85	29	24	24	24	28
67	395	95	31	25	23	24	26
65	450	94	31	25	22	25	24
60	381	85	31	27	23	24	26
54	327	82	33	26	24	24	25
58	325	81	36	29	24	24	28
66	360	62	34	27	25	22	28
66	294	66	33	29	25	19	29
67	306	63	33	29	24	20	28
68	310	67	32	27	22	20	29
63	321	64	32	27	22	19	26
48	310	65	33	28	22	19	25
52	290	64	36	29	23	21	26
60	295	75	38	30	26	23	26
58	313	72	39	32	28	23	25
59	304	74	38	30	28	23	27
63	347	71	36	29	27	25	30
62	340	68	33	27	27	22	27
63	348	60	31	26	25	24	27
67	375	62	29	24	24	26	29
67	371	61	29	25	24	26	26
67	292	65	30	26	25	25	28
63	334	63	31	25	25	27	28
58	382	64	29	24	23	25	30
58	342	58	29	26	23	22	28
62	332	58	27	24	24	23	30
60	357	48	31	23	23	22	25
62	343	58	32	23	23	21	27
62	272	53	35	25	25	20	27
58	276	65	33	23	25	21	27
54	272	67	33	24	24	21	25
57	272	69	30	26	25	23	26
58	242	64	28	27	26	22	25
58	232	66	27	26	26	21	23
59	294	67	29	26	26	23	26
64	299	72	30	27	26	20	29
71	292	70	32	25	27	21	30
68	288	69	33	25	26	20	30
69	356	68	32	25	25	23	33
71	302	59	32	25	26	21	31
65	323	62	32	24	25	24	28
57	328	59	31	27	25	24	27
60	408	60	32	28	25	25	30
59	368	58	31	26	25	23	27
56	398	58	32	27	24	23	29
63	388	50	31	27	24	23	30
64	400	53	29	24	24	22	30
61	333	64	30	22	23	23	29
64	327	70	31	22	22	23	29
67	289	73	33	22	23	24	28
67	301	73	32	21	25	22	28
64	265	75	33	23	23	23	25
64	324	79	34	25	26	22	27
63	319	96	35	27	26	22	27
57	322	101	33	25	26	20	25
60	318	103	35	25	24	21	24
60	340	102	34	23	26	21	26
62	324	95	30	23	23	22	23
59	316	72	29	21	23	20	23
58	314	67	29	22	22	21	23
50	311	70	27	22	24	22	24
47	316	70	28	25	25	22	24
55	256	65	28	26	26	21	24
55	249	69	28	25	26	21	26
62	290	65	30	27	27	22	27
61	345	64	29	27	26	22	26
63	350	77	28	24	25	21	27
52	342	79	28	24	25	22	27
63	373	79	29	24	26	24	29
67	335	78	34	23	27	24	29
66	328	77	34	25	27	24	30
71	319	63	34	27	26	25	30
73	338	89	37	24	26	25	30
66	345	88	35	25	26	22	28
57	377	89	29	24	25	21	28
58	352	84	30	25	25	21	26
54	334	86	31	23	24	19	25
53	371	67	28	24	25	22	27
47	361	64	28	23	24	25	27
49	383	64	30	24	22	25	27
49	366	63	30	22	23	27	27
51	382	69	29	21	23	25	27
57	397	72	29	21	22	24	28
58	379	74	30	23	22	21	27
55	377	71	30	22	21	24	27
58	405	79	30	24	21	21	28
53	387	71	28	25	21	23	27
57	323	64	30	27	22	21	27
54	313	66	31	27	24	22	27
51	247	67	30	28	25	22	27
51	273	63	29	26	26	22	27
57	282	62	30	28	24	21	28
53	276	70	31	27	24	24	28
55	286	78	31	25	22	23	26
60	368	82	31	26	23	23	27
57	315	84	33	25	22	22	27
51	311	85	32	23	23	23	25
50	353	74	32	24	22	21	25
52	431	62	31	27	24	23	26
49	369	58	32	25	23	23	26
48	377	50	30	26	25	25	26
58	387	49	31	24	24	24	27
55	390	53	33	24	25	23	27
57	316	52	33	22	24	22	28
61	374	56	32	22	26	22	28
61	403	60	30	22	24	20	27
51	391	63	30	25	24	20	26
56	362	60	28	24	24	24	29
53	361	65	28	26	25	25	27
58	324	69	28	27	24	25	27
61	309	66	30	28	24	26	28
64	324	63	30	29	23	28	30
58	344	66	30	28	24	25	27
56	388	69	29	29	22	24	27
52	382	75	27	28	23	27	26
51	356	76	31	28	23	27	26
51	341	77	32	26	24	25	24
54	376	81	32	28	24	26	24
56	332	76	34	24	23	24	25
68	335	63	34	26	23	23	30
66	342	72	30	25	23	23	31
63	359	76	30	24	25	22	31
61	333	75	28	24	23	22	32
60	315	74	30	26	24	23	32
39	285	71	29	25	25	22	28
42	288	60	31	26	27	24	29
47	313	54	30	28	25	24	29
56	275	68	33	29	25	23	29
63	342	71	35	28	26	24	30
67	345	75	36	27	27	23	30
67	358	79	34	27	25	22	29
69	323	83	35	26	25	22	30
61	321	73	34	25	27	22	28
53	270	75	34	25	26	20	27
51	361	78	36	26	24	22	27
51	337	74	35	26	25	21	26
53	346	70	34	26	26	22	25
68	340	70	35	25	25	23	27
69	333	69	34	24	22	23	28
66	297	74	31	23	22	21	27
65	316	77	32	23	19	24	28
65	297	80	37	25	19	24	29
57	303	76	36	25	20	21	29
55	324	72	35	26	21	23	29
57	268	60	36	26	25	23	29
57	245	64	34	25	26	23	29
57	244	57	31	23	25	22	27
51	276	61	34	25	26	23	26
50	266	62	33	24	27	24	25
51	270	74	36	24	23	22	26
54	266	88	38	24	25	22	24
51	288	99	40	24	24	22	22
55	326	107	42	25	24	23	23
60	324	110	41	26	25	22	24
58	364	103	39	25	24	23	24
55	367	86	37	26	22	23	24
56	428	89	33	27	24	23	26
55	393	76	29	25	25	22	28
64	378	71	30	25	24	21	28
64	342	70	31	28	24	21	28
69	372	75	33	27	25	22	28
65	278	56	32	25	24	23	28
61	250	61	33	24	23	24	27
58	291	74	33	26	23	23	27
58	346	76	34	26	25	24	28
52	325	72	33	25	25	24	29
53	343	79	33	27	25	24	27
57	368	82	31	28	24	24	28
47	377	72	31	27	24	25	28
45	327	78	27	25	23	25	26
60	365	83	28	28	23	23	26
61	413	75	32	28	24	23	25
60	404	69	34	30	26	24	25
60	370	65	33	30	25	23	26
65	366	78	35	30	24	23	27
61	344	79	38	27	23	24	29
61	259	81	36	29	24	23	29
65	251	94	37	27	25	23	28
67	245	99	38	26	25	23	28
63	323	93	37	27	27	25	28
57	299	89	35	29	30	25	25
65	309	91	37	25	27	25	25
63	331	77	38	27	26	24	29
64	409	76	39	28	26	25	31
66	348	64	38	28	28	24	32
64	336	67	35	25	26	25	33
59	331	64	33	26	26	25	33
63	423	69	33	26	26	26	30
60	365	63	32	26	25	26	27
58	396	66	34	26	24	25	26
59	395	73	35	27	23	26	24
63	396	72	35	30	23	26	26
53	306	69	35	30	24	26	22
58	310	70	32	31	25	25	25
59	288	79	33	30	23	25	26
62	319	70	33	29	23	24	27
54	403	74	33	28	22	22	26
64	368	71	32	25	21	21	29
59	355	70	34	25	19	22	28
61	377	58	31	24	20	22	29
60	418	65	34	25	21	23	28
65	339	62	32	26	23	22	26
