0	1	2	3	4	5	6	7
111	558	225	52	82	348	78	115
110	602	205	59	87	350	70	93
109	569	230	57	69	251	72	70
109	543	218	57	62	226	67	85
105	438	223	77	67	239	60	84
99	433	213	75	65	239	56	86
90	446	209	73	66	261	59	85
87	432	221	80	92	398	54	79
93	455	222	86	97	432	52	60
86	465	213	69	91	434	46	52
75	535	232	71	92	434	43	45
74	506	287	66	92	430	42	44
73	507	270	64	65	356	38	44
64	489	300	59	62	376	39	44
73	462	296	61	68	374	42	46
74	334	297	120	72	387	46	49
74	247	251	141	75	395	44	49
76	260	240	138	79	411	43	48
76	279	195	138	104	480	45	46
61	242	182	137	104	492	43	45
62	294	230	249	113	483	44	44
56	306	252	257	116	467	46	41
58	291	251	265	111	396	47	43
58	253	247	270	83	219	43	41
63	265	249	282	78	168	42	38
61	217	226	229	69	151	37	39
59	176	207	219	56	117	31	37
53	163	200	212	55	96	27	34
50	160	238	231	58	59	24	32
40	138	326	387	73	51	25	28
52	114	312	379	68	48	26	29
70	95	305	375	74	41	29	39
89	90	304	376	79	40	27	54
121	67	274	369	77	42	30	71
148	53	153	224	77	42	34	84
167	42	127	187	74	42	33	93
164	38	137	184	67	39	31	90
161	35	135	181	64	35	32	83
139	34	135	179	71	35	30	70
111	32	146	154	73	39	28	58
66	33	135	150	77	42	27	45
65	32	113	164	79	44	27	45
60	34	109	165	76	43	26	41
59	33	115	161	68	41	26	40
57	29	114	148	62	37	23	37
60	32	140	155	73	36	27	33
57	33	153	169	72	34	27	31
48	31	154	178	75	35	25	32
50	32	146	173	76	38	27	32
50	32	156	163	73	41	28	29
45	31	128	144	55	36	26	31
47	29	111	111	58	39	30	32
43	30	106	90	54	39	32	30
42	31	122	85	56	37	29	30
46	32	95	83	60	36	31	31
50	29	98	84	61	36	32	25
42	28	97	73	54	31	27	24
43	30	110	124	58	31	28	25
42	27	96	129	61	28	30	25
37	25	87	128	51	27	27	25
42	27	82	125	51	28	27	28
45	28	88	136	57	30	28	29
45	28	103	96	54	32	25	31
46	29	102	88	47	33	25	29
46	28	106	85	45	29	26	28
39	30	106	83	56	31	25	28
52	33	102	68	55	32	25	28
52	32	70	80	60	33	26	24
52	32	126	91	60	31	25	25
50	34	128	88	62	37	25	26
49	31	127	92	55	35	24	23
43	29	125	93	53	34	24	22
47	26	138	91	45	29	23	25
48	27	104	82	44	30	26	27
49	27	102	83	43	25	26	27
49	29	101	80	43	28	26	28
39	29	100	79	47	29	31	28
