0	1	2	3	4	5	6	7
377	458	849	1022	356	129	165	211
430	486	863	1123	373	132	173	238
399	470	870	1107	372	128	165	226
428	507	967	1065	313	123	200	252
452	484	1005	1054	310	116	218	314
482	460	970	1082	337	133	218	364
452	479	920	1019	321	130	212	358
484	448	915	992	294	128	222	351
511	411	867	1016	318	126	234	324
517	419	866	1013	321	135	219	268
484	443	912	1038	334	129	226	202
476	419	882	1069	346	133	248	184
430	444	929	1098	385	144	254	181
419	455	891	1027	358	137	195	214
434	450	892	985	351	126	189	268
469	385	899	1012	347	120	181	264
480	383	918	972	351	124	161	285
480	342	864	923	316	118	179	306
461	347	897	955	330	122	183	302
420	354	838	993	322	122	181	242
381	376	775	808	277	113	176	246
356	380	845	853	270	104	176	241
392	445	847	817	258	96	127	221
369	443	813	831	252	96	122	220
409	427	796	782	226	87	129	234
396	417	780	811	232	94	137	253
402	497	710	770	239	94	118	264
375	489	655	895	274	102	120	269
406	474	625	971	298	107	127	286
359	483	631	944	298	110	131	297
381	526	655	960	302	106	123	291
443	478	683	918	291	106	124	288
429	448	700	807	253	94	116	313
416	450	657	721	230	88	120	320
406	476	701	800	257	103	114	304
390	488	744	891	287	113	117	345
382	433	666	883	282	121	116	321
434	436	705	899	296	130	144	290
427	423	747	880	285	128	133	261
480	440	819	848	277	119	125	302
486	383	782	712	230	106	114	238
460	436	865	856	273	114	128	246
423	451	882	945	296	118	109	258
394	460	848	943	298	120	116	240
332	434	724	1018	328	138	125	204
397	420	736	1038	333	138	127	215
384	385	755	961	306	124	110	212
367	358	685	850	264	106	96	190
410	415	749	852	261	101	85	195
445	387	825	742	203	70	61	192
393	395	784	778	203	73	61	194
394	488	785	757	192	76	71	195
443	503	803	740	195	82	73	218
403	443	820	768	194	82	70	218
358	437	772	757	181	75	69	198
340	450	796	700	171	75	67	187
322	398	758	644	162	72	60	173
290	358	718	687	161	70	60	173
306	357	667	636	162	74	64	188
337	353	659	546	155	74	63	210
