0	1	2	3	4	5	6	7
184	369	434	335	94	47	41	134
167	369	450	416	104	49	41	135
163	359	418	422	102	50	37	138
157	344	425	424	110	51	44	160
174	401	427	458	123	54	47	155
195	366	405	441	120	56	49	141
189	375	375	347	109	51	46	144
180	376	336	374	118	54	46	150
173	377	334	460	156	68	47	132
166	370	342	437	149	66	46	146
139	382	324	444	152	69	45	142
148	364	344	472	152	68	46	133
147	361	416	519	164	69	49	118
160	345	421	441	124	56	42	129
144	301	439	473	126	57	43	120
138	288	458	493	127	52	42	134
146	300	480	498	136	57	43	139
140	312	471	472	118	53	42	145
153	266	494	464	121	56	54	157
148	264	475	414	120	54	54	150
161	254	461	437	126	58	58	138
154	280	459	458	129	58	58	132
159	387	399	454	139	60	58	134
132	475	363	451	127	52	45	103
125	507	357	461	126	55	44	111
123	534	349	416	118	54	39	118
120	544	330	425	129	55	39	120
119	491	342	390	120	53	38	131
158	442	378	437	136	58	41	137
163	390	376	444	138	59	45	131
153	374	386	456	135	58	44	124
160	394	407	500	129	58	48	134
163	407	480	532	132	56	47	114
141	384	447	469	110	50	44	107
147	401	487	466	116	51	46	119
162	399	522	472	120	49	45	115
181	432	521	420	115	50	44	99
189	385	463	377	108	51	48	134
177	377	473	401	114	51	54	166
174	367	456	408	109	50	52	159
166	353	406	413	117	49	52	161
134	281	359	345	103	43	52	180
120	309	341	349	108	44	48	161
124	312	364	422	117	46	42	129
154	396	434	547	141	47	41	138
157	394	453	545	134	48	40	137
171	362	478	548	138	55	40	121
168	348	495	542	138	55	43	114
164	391	464	527	139	58	46	113
131	317	369	395	113	54	47	113
121	407	421	387	120	57	50	120
125	410	377	390	121	51	48	134
134	425	366	419	123	52	47	132
139	389	458	419	125	53	47	135
140	388	520	413	132	56	44	128
147	301	481	410	129	55	44	120
134	315	487	419	125	55	44	91
129	296	500	453	123	55	45	105
138	383	445	431	119	51	47	107
180	389	367	460	130	56	50	121
177	401	373	472	128	54	47	121
185	384	392	458	129	53	47	129
184	375	459	431	130	52	45	119
176	285	452	401	123	52	43	127
129	282	475	348	101	42	38	114
146	280	468	313	102	43	36	118
127	317	463	321	102	44	38	108
124	328	396	300	96	44	39	109
129	330	376	269	94	44	37	93
144	347	345	271	93	44	37	87
173	380	381	291	91	45	40	88
184	354	420	356	109	49	41	87
193	342	397	350	113	51	38	90
208	342	444	382	113	45	35	102
199	315	476	398	116	49	36	103
178	273	433	417	126	54	38	95
174	304	375	403	116	53	37	115
186	334	411	459	130	57	45	123
166	358	365	479	133	59	47	123
176	405	340	482	140	61	50	125
154	391	407	513	147	59	49	125
145	398	413	524	153	55	50	106
126	378	386	456	137	51	43	91
124	373	397	421	131	48	42	90
112	341	411	414	122	45	37	87
121	345	342	343	103	45	36	85
121	319	350	291	93	45	34	84
114	316	363	297	97	48	33	84
114	290	338	281	95	48	33	71
117	363	303	271	100	50	33	80
116	394	324	357	114	52	32	94
133	386	306	358	117	53	33	96
159	392	294	372	117	54	34	100
157	402	310	383	119	56	36	102
163	428	415	508	134	58	40	96
162	395	419	484	121	56	42	85
181	421	438	500	114	56	39	97
185	441	428	486	112	55	41	106
187	421	431	497	121	57	41	110
177	306	372	433	108	56	43	106
199	337	352	402	108	57	41	111
199	323	352	360	103	54	42	117
173	273	346	362	103	51	40	105
166	293	357	344	94	50	41	96
166	306	310	265	81	44	35	95
136	275	317	258	78	41	37	97
98	260	276	247	84	43	38	82
93	267	273	266	84	43	37	82
104	266	324	285	99	42	35	92
119	260	366	269	100	44	36	110
121	267	345	252	100	43	33	102
119	260	373	383	124	46	35	120
147	270	456	399	134	50	42	126
142	257	445	407	130	51	43	117
138	290	426	418	129	49	42	104
159	307	507	444	129	49	43	115
165	310	515	355	112	49	45	100
150	317	469	328	94	41	40	100
154	327	427	339	91	42	39	105
154	306	480	416	114	49	44	123
143	299	425	425	124	54	47	113
143	313	412	430	123	54	44	109
134	312	396	425	126	57	42	108
137	305	423	404	126	55	40	105
165	274	371	326	114	51	38	81
156	300	446	335	110	47	34	74
145	303	485	323	100	42	31	71
144	293	499	362	102	43	32	102
145	297	494	396	120	51	43	113
105	358	499	432	128	54	43	119
108	342	422	409	126	55	46	126
104	323	362	404	130	58	47	133
125	324	349	374	129	56	46	119
136	329	358	338	109	50	38	112
146	299	368	374	106	48	37	107
135	277	352	384	112	49	35	101
135	267	358	377	104	49	38	99
120	252	352	360	100	52	41	90
109	335	366	447	121	53	40	82
102	316	360	388	114	50	38	91
128	312	371	379	110	50	38	111
137	344	400	443	116	48	38	114
142	371	417	462	121	45	37	111
134	320	378	376	103	43	38	117
136	324	364	374	98	46	38	113
125	353	375	365	98	45	40	103
138	371	337	308	103	47	38	114
138	360	337	320	101	47	38	114
138	345	350	341	108	48	41	117
139	371	347	315	102	43	41	112
128	371	363	316	99	43	41	106
107	330	382	313	90	41	39	89
110	387	391	321	91	43	42	93
135	379	413	405	97	45	40	82
126	360	397	422	97	43	39	84
130	345	366	426	100	39	35	77
136	352	368	421	102	40	38	76
176	308	328	441	107	42	32	74
158	328	267	347	99	40	30	77
166	325	336	334	98	43	39	90
166	300	359	334	101	47	42	98
169	314	347	325	99	45	40	92
125	317	358	336	99	41	42	89
178	307	359	331	93	39	42	91
191	325	302	387	105	46	42	86
192	366	271	369	98	44	40	85
195	354	316	414	109	49	41	93
187	354	335	360	100	48	40	89
139	353	339	403	111	52	41	94
119	394	360	372	105	45	36	90
121	392	407	411	105	42	35	90
127	390	405	373	92	38	33	83
149	362	414	378	89	36	35	95
173	363	449	323	75	32	34	89
169	313	470	293	80	42	38	92
178	301	473	241	90	48	43	91
170	323	472	242	89	48	42	90
156	347	444	218	86	48	42	79
132	361	419	236	83	48	40	79
129	350	390	248	82	47	37	70
147	321	363	262	76	43	33	84
140	301	342	308	85	44	34	90
134	284	330	322	90	43	34	97
132	274	340	330	93	45	34	98
147	268	308	351	91	39	33	100
112	281	285	341	88	39	36	97
113	350	292	293	82	42	37	100
120	344	296	268	78	42	34	99
125	319	289	241	72	38	36	105
123	322	354	206	66	38	35	121
125	321	352	194	65	36	34	115
127	311	415	216	71	36	34	114
124	349	422	234	77	38	35	110
135	370	449	285	86	40	34	100
123	364	452	329	94	46	37	105
121	367	453	331	91	45	35	102
120	322	402	343	97	43	36	94
119	287	436	414	117	44	37	105
99	288	410	389	115	47	39	121
147	350	375	343	105	40	37	106
146	344	392	366	109	43	36	108
146	373	431	364	98	44	35	121
162	368	391	273	71	43	35	126
165	357	390	285	75	42	33	109
130	315	390	289	81	43	33	102
133	325	418	281	95	48	36	108
130	305	359	306	101	48	36	111
109	314	363	330	100	46	34	93
109	343	349	327	97	45	36	104
106	363	388	358	97	46	37	113
114	341	392	389	84	40	33	103
119	366	388	350	73	37	30	83
127	388	437	377	81	40	30	90
123	359	440	363	71	36	28	100
132	370	437	353	72	34	33	108
135	391	396	365	86	39	35	108
130	351	382	361	86	40	37	111
132	330	367	346	79	36	41	123
132	348	383	368	90	40	43	123
126	365	381	380	92	43	42	106
120	360	392	359	90	40	43	121
132	365	388	369	91	40	42	138
126	364	369	374	99	43	40	130
121	357	355	353	91	41	38	116
119	300	297	318	87	40	37	125
132	312	307	359	91	41	37	121
121	303	377	352	95	44	39	104
113	285	359	339	87	40	38	104
127	310	374	352	92	43	39	111
118	358	425	383	95	41	38	104
124	337	421	305	84	41	39	111
125	367	375	318	83	40	38	115
130	386	420	299	83	43	38	114
118	359	433	359	87	43	37	107
115	289	396	355	92	45	37	106
106	345	373	351	85	40	32	93
106	301	388	356	86	40	31	82
103	315	396	352	89	40	31	77
98	387	358	295	85	39	31	87
102	407	355	290	76	35	29	99
83	367	353	306	84	38	30	93
130	389	346	293	83	38	34	107
142	383	273	312	81	38	34	106
154	307	285	303	80	38	37	111
156	294	286	286	78	39	37	120
158	291	275	264	73	36	38	121
137	348	303	310	79	38	35	118
129	348	309	305	80	37	35	126
116	377	333	300	82	40	34	123
114	385	359	285	86	40	34	103
134	373	405	354	96	44	40	112
148	358	430	363	105	53	42	102
147	328	441	373	106	54	42	94
149	288	440	380	103	49	42	85
168	301	414	397	103	49	41	96
158	313	400	373	96	46	34	84
149	235	334	343	90	39	32	92
159	251	353	319	91	42	32	91
159	253	341	331	91	43	30	94
146	227	357	326	92	44	32	88
135	230	334	291	90	43	31	93
127	252	424	387	100	47	32	86
111	261	400	382	97	43	33	101
109	273	394	359	97	44	35	95
96	313	427	423	109	46	36	96
100	309	449	432	116	46	36	96
88	351	383	322	97	41	38	107
107	340	384	331	95	40	36	97
113	362	450	409	110	44	36	104
112	305	448	334	91	40	34	98
114	300	429	321	84	44	40	106
129	252	476	364	100	44	36	107
138	274	494	392	114	48	40	102
142	228	440	315	102	46	40	100
144	259	410	322	107	49	40	124
157	255	431	380	115	47	36	112
148	243	362	356	102	45	35	106
138	267	356	313	88	41	32	120
136	319	376	314	85	42	34	119
133	313	377	306	83	44	37	108
133	313	377	306	83	44	37	108
