0	1	2	3	4	5	6	7
105	163	385	387	96	39	37	90
101	191	429	374	99	41	37	79
97	196	441	392	101	43	39	77
97	189	446	373	102	44	38	76
97	193	467	365	100	45	39	80
98	286	490	397	108	46	38	65
95	273	466	345	88	40	33	66
111	267	478	348	90	45	35	78
130	307	449	410	101	48	38	78
140	314	431	407	100	45	40	79
141	253	354	348	91	45	37	85
143	252	349	354	94	49	38	92
140	242	356	353	96	45	37	98
129	224	433	301	91	42	34	103
104	225	444	314	94	43	30	97
98	225	446	389	121	48	39	111
97	220	461	408	128	51	42	117
83	253	479	411	139	53	41	103
65	223	434	407	139	57	42	96
58	216	401	377	135	57	47	96
50	223	472	305	114	54	44	72
46	248	458	318	124	55	45	53
53	240	435	310	120	58	48	52
56	284	421	352	144	55	47	53
58	332	482	438	166	62	46	50
63	319	485	512	182	67	51	59
66	317	541	520	179	66	51	73
67	323	534	522	171	61	47	72
65	298	540	500	154	63	50	72
66	257	496	491	159	65	49	74
70	271	443	416	148	66	46	68
67	263	384	362	136	64	52	69
61	242	439	341	134	64	57	72
60	231	443	302	122	58	55	73
59	287	468	167	77	47	61	137
47	351	607	163	56	39	67	159
75	462	683	202	65	36	78	175
79	491	768	216	69	37	95	316
88	560	815	234	75	47	181	414
111	591	950	256	91	58	192	439
126	636	1018	244	89	58	226	510
114	563	1000	213	85	60	225	516
114	588	958	189	79	60	221	457
107	534	943	184	87	53	160	377
97	485	870	156	72	38	144	331
107	393	688	143	72	37	77	197
111	399	774	146	69	37	69	167
109	323	752	143	71	37	57	126
118	383	791	132	59	41	53	107
114	365	724	142	111	47	47	90
89	361	824	181	128	49	44	73
78	346	701	208	132	46	36	46
84	363	706	344	155	54	36	41
76	301	728	444	182	59	46	48
66	289	710	450	169	55	44	45
62	264	606	569	192	53	46	44
64	261	585	592	204	56	49	47
69	228	663	581	196	55	50	49
80	235	582	563	180	55	47	43
84	227	634	676	204	63	53	46
86	202	604	615	189	69	54	46
93	187	615	595	180	69	50	48
98	181	474	580	202	72	53	56
91	106	409	562	206	71	52	79
102	87	296	415	174	65	46	82
107	74	279	355	166	58	43	83
119	67	229	349	161	57	43	84
112	45	180	337	136	50	37	77
126	36	144	273	126	42	31	56
117	35	139	274	122	41	30	57
114	33	131	257	107	40	29	57
95	30	134	248	114	39	30	52
90	30	132	172	93	34	26	54
62	28	133	195	96	35	23	45
53	29	139	211	108	35	24	36
54	28	156	210	105	32	22	32
50	28	146	191	102	34	24	29
52	29	140	220	128	42	27	30
55	34	138	254	144	43	29	32
54	35	131	249	140	42	29	32
45	38	134	253	142	44	30	33
43	40	156	314	146	43	31	36
45	39	149	292	132	38	31	32
60	38	146	241	104	36	30	32
59	37	151	219	107	36	31	31
63	36	149	234	111	36	32	33
61	34	146	167	104	34	29	28
60	34	142	170	94	33	27	29
36	31	144	175	114	33	28	28
37	31	140	182	106	31	27	30
30	31	124	184	104	31	23	24
30	28	114	166	109	29	22	23
25	28	126	156	118	29	22	21
39	28	124	151	117	30	22	21
39	26	115	171	120	29	20	21
40	27	117	145	122	34	28	24
42	35	124	208	136	41	31	26
46	37	113	251	156	45	34	26
36	39	113	261	169	47	33	27
34	40	117	245	170	48	34	26
33	39	133	257	169	45	31	27
30	36	132	217	151	38	28	24
26	36	160	172	128	33	26	24
23	37	164	165	95	28	26	25
24	35	168	163	85	29	26	25
31	35	155	142	86	30	25	24
32	34	152	139	84	32	25	25
32	31	118	138	98	32	22	26
31	31	117	129	106	32	22	23
31	34	108	125	114	32	21	24
23	33	126	119	115	28	22	23
21	30	123	102	113	25	21	23
24	29	176	117	116	28	22	22
27	29	192	135	118	29	21	24
28	29	192	137	117	30	23	21
26	27	181	147	118	38	21	21
30	32	180	176	130	46	23	21
27	33	129	169	121	43	23	22
26	33	102	169	116	44	24	24
26	32	113	181	119	44	25	23
27	34	113	193	112	40	25	24
24	31	129	169	98	32	25	25
25	30	138	169	94	35	26	26
30	30	136	157	88	35	26	25
29	32	139	167	79	32	25	24
29	29	138	153	88	32	25	23
30	31	121	156	101	33	26	23
28	30	109	143	126	28	24	21
23	29	111	160	119	26	23	23
22	29	95	146	120	28	23	25
23	30	96	146	115	30	25	26
22	29	90	143	125	30	23	26
23	30	85	151	99	33	24	27
24	32	79	132	98	35	25	26
24	29	80	124	96	36	26	27
