0	1	2	3	4	5	6	7
188	179	426	507	110	50	45	140
223	181	399	448	106	48	42	147
217	184	424	463	109	52	45	145
209	178	418	461	110	52	44	136
227	171	436	489	116	53	48	170
210	159	481	460	115	48	44	152
156	160	537	470	116	49	46	151
145	148	530	351	92	39	41	146
144	134	527	366	99	42	41	169
141	144	551	355	96	42	36	128
125	160	552	330	90	44	31	127
128	159	488	332	90	42	31	164
134	156	466	350	93	44	30	165
132	159	527	321	82	40	30	139
108	163	517	342	89	38	33	138
98	139	519	375	101	44	38	162
117	129	514	336	98	46	37	141
122	150	586	363	105	43	40	148
131	146	557	406	116	46	40	160
132	152	672	380	109	47	39	170
149	177	657	341	94	38	36	143
168	176	679	397	102	44	37	126
166	165	685	351	87	43	33	138
165	165	676	322	84	46	42	139
166	156	563	319	91	47	43	131
151	134	556	331	95	49	43	137
111	145	577	303	90	44	45	137
112	143	492	312	93	45	45	125
106	149	568	389	120	49	40	121
106	144	645	400	125	50	44	115
118	147	671	389	122	47	45	123
124	165	657	368	118	44	42	123
125	159	691	371	122	47	46	120
120	154	676	274	86	37	44	115
121	155	667	244	67	36	39	120
107	142	630	244	73	40	38	115
140	128	654	262	79	43	43	114
137	122	741	274	70	39	39	112
136	118	700	268	70	39	39	135
138	127	675	267	72	38	36	134
147	145	740	278	69	35	33	132
109	131	752	295	66	33	28	137
109	144	664	281	71	36	32	143
116	167	723	301	71	35	32	124
117	158	712	321	70	32	33	131
122	144	701	303	65	33	33	134
129	145	693	280	59	30	33	131
141	150	663	267	54	31	31	135
150	132	623	270	59	34	31	136
154	137	724	308	64	35	33	125
142	141	699	306	63	35	33	118
162	140	673	328	71	42	37	113
167	134	692	353	79	42	40	99
161	133	680	365	80	43	39	92
155	166	549	329	82	43	42	122
161	163	509	327	86	43	44	129
140	174	585	333	87	40	44	164
121	168	567	349	96	41	42	158
122	182	567	360	101	40	42	159
123	147	575	348	98	38	38	163
121	150	636	375	101	39	37	170
107	148	639	344	95	36	32	139
118	143	622	300	82	33	31	154
115	129	693	261	71	30	30	151
109	144	757	282	71	35	35	127
110	160	779	325	75	34	33	107
138	177	789	320	78	38	36	110
129	188	830	328	76	39	36	100
125	195	788	349	83	39	37	120
131	189	751	340	87	41	31	119
134	191	696	304	87	44	37	129
121	169	646	337	87	42	35	132
139	164	645	332	86	42	36	127
154	150	646	302	81	42	35	118
152	164	639	297	76	37	37	120
146	155	702	279	61	32	30	119
136	153	668	261	65	34	36	133
139	172	652	301	77	38	35	130
127	183	732	350	78	39	36	118
125	167	713	346	74	40	36	112
129	157	691	366	89	44	39	107
148	165	689	377	86	43	35	88
134	172	682	404	90	41	37	98
133	160	571	369	92	41	37	100
146	182	610	397	97	44	37	128
142	182	587	366	83	39	37	129
125	172	602	348	79	37	36	118
118	147	616	294	65	37	36	122
159	170	699	377	77	43	40	129
145	155	666	356	81	45	43	108
142	155	621	353	82	45	41	101
141	163	719	409	87	48	41	125
147	178	732	435	91	48	39	126
158	174	625	361	76	43	40	128
163	168	613	379	80	44	39	134
167	166	666	380	81	45	41	170
175	154	654	347	83	42	42	177
180	154	638	306	79	38	41	173
171	137	729	305	78	38	41	200
168	136	720	287	71	34	42	195
171	137	671	297	71	33	40	164
170	186	573	260	68	36	41	140
160	186	543	253	71	36	42	137
122	180	424	257	73	35	37	89
121	179	430	288	75	32	34	94
120	188	446	330	86	38	36	101
107	137	411	324	82	35	30	108
107	144	479	362	85	39	34	111
114	179	600	371	84	40	35	111
113	183	667	383	81	41	37	128
111	184	666	345	71	36	36	145
114	192	732	367	74	38	39	143
114	170	694	328	65	35	35	141
123	136	611	324	73	36	36	145
126	159	598	255	69	34	34	147
132	162	581	254	71	35	39	126
139	160	498	212	63	32	38	137
142	166	562	299	69	33	37	136
130	180	536	367	73	34	38	127
130	166	538	400	81	37	41	105
136	205	616	406	78	37	36	113
132	213	696	446	94	44	38	101
127	207	684	394	92	43	39	107
120	194	670	329	84	40	38	108
113	198	618	322	85	38	38	131
118	176	645	309	84	37	36	150
117	164	585	275	77	33	40	156
114	178	551	322	89	39	50	151
123	185	627	324	89	41	48	166
139	176	610	314	85	41	48	164
129	145	525	321	86	41	50	143
120	187	591	355	84	40	47	132
124	186	585	331	73	40	37	134
129	179	511	324	77	39	38	130
118	201	549	315	82	44	38	116
107	198	640	325	90	42	36	110
125	165	631	271	86	40	35	113
132	174	717	294	93	39	38	123
162	179	740	320	95	40	39	118
165	153	722	329	98	36	37	122
177	182	629	330	93	41	39	122
166	191	557	367	99	42	47	125
156	171	468	342	91	40	47	114
119	168	427	308	80	38	45	105
113	176	443	301	72	38	48	96
96	165	455	296	77	36	47	104
110	145	516	262	67	35	37	102
125	145	494	293	71	35	34	109
133	189	621	337	82	37	34	104
139	178	623	365	88	41	28	100
155	176	746	396	88	41	27	103
146	183	706	393	89	42	30	106
153	189	748	361	84	39	30	115
139	156	699	371	85	41	34	125
133	176	758	396	90	42	39	129
119	170	674	352	82	41	41	123
128	170	709	390	92	40	40	117
123	166	678	415	100	55	40	97
123	155	638	388	97	53	39	104
131	144	596	359	90	54	34	98
142	145	554	366	95	55	32	96
135	142	596	322	84	55	31	99
145	160	618	296	74	40	33	105
142	159	600	281	73	39	31	86
146	162	602	303	85	39	33	97
137	158	616	324	80	38	33	94
141	162	564	339	90	40	36	97
128	141	551	340	95	45	35	115
138	144	625	338	90	44	33	124
138	159	629	289	71	38	31	116
155	158	630	247	71	36	34	121
151	157	683	219	64	35	31	123
176	158	709	248	72	36	31	107
176	168	712	282	77	38	31	107
173	141	672	277	77	38	30	112
172	143	707	303	86	37	31	123
197	143	657	338	88	39	28	131
170	159	579	315	79	36	31	134
167	140	514	298	81	35	31	129
163	150	541	400	119	48	38	134
145	173	557	424	115	49	36	128
106	180	561	403	112	49	37	113
97	163	571	401	110	49	36	108
129	183	602	421	114	50	36	123
139	182	635	407	97	48	34	109
154	160	584	406	100	49	36	111
154	156	542	400	101	46	36	112
167	161	548	439	108	47	35	125
178	161	534	455	110	51	42	124
182	160	451	400	97	45	40	128
171	171	482	371	94	44	38	123
168	166	501	369	95	45	42	126
163	167	503	324	88	46	45	110
134	161	490	252	74	41	38	95
113	181	533	242	69	36	38	90
116	169	548	250	67	38	36	103
122	164	542	248	66	38	32	107
117	192	529	262	68	39	32	116
118	183	547	271	75	43	38	120
127	156	512	312	78	45	39	122
128	174	471	297	78	43	42	125
135	184	461	306	80	44	47	118
134	147	513	296	81	40	43	109
154	166	522	345	86	41	43	107
148	180	537	316	85	43	45	110
148	165	533	323	85	45	45	104
147	163	627	324	83	45	42	108
157	177	620	329	82	46	43	112
127	159	595	298	77	41	40	109
135	144	581	318	81	40	36	105
143	138	583	315	79	38	34	92
134	147	531	325	85	37	35	90
129	142	596	342	95	44	40	95
130	154	592	320	90	43	37	95
140	155	599	274	82	43	40	106
133	157	691	326	86	43	41	112
131	140	658	326	82	39	38	112
127	142	601	303	69	31	32	104
142	152	617	316	78	35	43	124
123	165	619	315	77	36	43	114
112	158	485	255	74	37	44	107
130	163	497	255	71	37	43	107
137	167	494	276	74	36	43	111
124	173	504	268	70	35	35	88
127	160	514	265	71	36	37	96
127	161	531	270	69	33	32	94
127	151	503	245	67	33	36	122
132	139	481	236	62	35	37	119
129	126	533	220	54	31	34	121
122	146	558	246	62	29	30	113
129	160	534	264	67	30	33	118
131	172	548	263	67	32	33	117
134	173	568	239	66	30	30	134
136	159	510	231	66	31	31	133
141	142	487	215	58	28	30	152
141	149	572	183	50	31	29	150
137	150	575	210	59	31	30	127
131	144	537	238	68	37	35	126
140	150	539	261	72	39	37	131
139	171	526	296	76	41	37	111
132	152	456	296	80	42	39	111
124	143	497	287	73	40	38	113
135	142	522	263	67	36	37	111
131	142	599	270	74	37	40	111
138	136	615	244	79	37	41	111
144	137	610	246	80	34	41	117
145	135	599	271	83	34	39	123
139	135	605	298	85	35	38	119
144	145	530	360	85	37	35	116
153	129	518	384	86	39	41	120
159	131	534	395	88	42	40	121
181	151	579	400	88	42	41	126
175	153	575	387	87	41	41	118
166	153	538	308	78	36	40	116
151	163	556	285	70	33	37	126
156	166	535	266	62	33	35	129
127	152	497	252	68	36	39	126
113	154	458	249	69	37	41	122
117	157	497	248	67	38	39	119
134	163	517	230	69	38	38	116
128	161	575	220	72	38	37	107
131	160	581	204	66	34	33	103
138	165	617	260	76	36	31	103
145	150	667	398	101	47	37	121
168	133	643	407	98	48	36	116
171	139	632	428	100	48	36	115
169	150	604	432	100	49	38	112
168	162	625	430	97	49	35	111
165	184	557	400	93	44	30	109
145	178	562	389	95	45	31	118
140	174	514	378	91	43	33	136
147	167	570	377	90	43	30	136
151	168	507	350	82	39	32	138
153	165	575	247	56	31	31	125
143	175	590	301	63	31	31	109
133	178	684	329	72	34	28	94
132	173	617	345	78	37	29	98
131	153	609	334	80	44	28	124
127	130	554	394	99	45	29	134
127	120	550	360	92	44	28	142
134	112	435	347	92	43	29	141
138	120	442	327	85	38	30	150
138	128	478	422	98	36	34	135
141	139	503	366	83	37	40	139
131	150	463	356	80	36	39	137
126	164	510	337	73	35	39	131
135	168	566	381	84	39	39	146
134	174	602	287	72	37	35	137
129	189	554	291	69	34	29	131
127	181	544	310	80	39	32	126
132	187	574	313	82	39	32	124
112	197	568	259	70	37	34	89
124	192	528	237	64	37	36	102
124	173	581	290	69	39	37	89
132	171	591	310	73	37	36	100
128	156	533	320	79	39	38	105
141	156	485	320	82	42	35	116
139	160	464	328	87	43	35	113
148	152	408	287	84	42	34	133
142	156	412	259	73	40	35	126
146	168	409	259	71	40	33	128
145	149	446	276	72	37	36	127
156	141	487	292	69	33	39	127
147	162	546	330	78	38	42	122
150	155	535	335	81	38	43	142
150	154	510	323	74	35	43	144
143	156	470	292	70	34	42	133
116	158	519	307	81	39	38	125
119	146	501	254	76	36	40	115
116	163	492	241	72	35	37	104
111	159	496	248	80	38	34	99
123	163	587	259	83	40	34	111
135	161	510	213	69	34	33	141
143	159	527	287	78	36	35	156
150	139	574	287	82	37	37	152
163	169	643	272	74	33	40	152
155	175	606	275	74	34	37	148
143	169	684	295	77	37	40	123
132	168	678	228	61	32	35	104
145	198	716	232	54	31	36	97
149	168	668	290	65	32	35	98
139	147	768	301	65	31	39	90
141	172	708	298	67	33	36	88
140	170	727	330	76	35	39	91
124	139	699	337	88	35	36	95
109	140	710	306	85	38	36	103
115	164	552	284	85	37	35	118
122	142	612	290	85	34	36	119
136	147	557	271	79	34	33	129
135	168	533	266	70	34	31	121
139	165	528	292	76	32	32	114
153	149	583	311	76	32	31	101
152	166	611	322	75	32	30	110
149	171	623	310	78	35	34	104
147	155	610	340	87	43	35	105
148	148	592	332	82	47	35	120
135	193	615	319	81	48	36	118
128	176	542	286	79	48	37	118
126	176	571	307	79	45	33	108
141	172	597	263	66	39	34	115
144	189	617	259	65	35	34	105
154	138	589	259	64	34	34	109
154	177	596	318	67	36	33	101
151	168	567	325	71	37	32	103
136	176	547	321	71	37	32	97
