0	1	2	3	4	5	6	7
276	100	628	219	97	52	75	484
280	94	674	216	95	52	84	512
255	90	662	215	93	49	83	500
282	88	647	214	89	52	84	515
287	88	648	207	84	54	84	479
294	98	640	193	68	55	85	450
299	101	605	189	72	56	80	419
312	99	565	175	79	58	82	413
262	100	572	195	71	50	70	313
254	94	485	195	74	53	69	327
234	80	444	196	76	49	65	321
249	72	500	213	79	44	50	260
246	84	520	245	79	44	45	265
284	89	534	243	89	48	49	278
302	95	557	268	100	44	47	294
273	97	589	302	107	48	45	282
268	102	539	304	104	51	54	268
252	102	530	282	104	49	52	264
228	93	530	271	103	51	49	279
205	104	507	239	94	55	59	287
231	104	485	223	100	61	64	302
217	104	505	240	102	64	59	301
208	103	530	262	110	67	63	374
205	110	501	250	103	68	68	378
199	108	485	268	102	64	62	379
174	111	492	253	90	56	57	400
161	116	445	226	92	54	58	444
169	124	478	232	73	52	53	422
179	120	470	246	87	47	46	425
213	119	469	237	83	47	46	395
227	113	477	233	87	47	47	376
225	107	522	262	94	42	44	335
296	102	520	229	92	42	50	330
297	103	560	224	93	40	53	295
280	91	592	215	95	43	50	329
274	101	640	220	94	49	50	387
291	97	631	200	83	51	51	381
223	91	613	217	94	56	56	335
234	89	601	210	82	56	58	369
243	87	595	197	79	52	57	360
237	85	522	231	80	46	63	293
215	104	590	219	77	45	61	302
215	98	626	196	67	34	53	312
187	103	600	202	68	38	53	331
201	108	680	213	74	41	55	314
225	102	674	185	69	42	49	333
228	82	595	184	74	43	57	322
233	87	555	191	74	43	54	335
254	81	583	199	77	42	57	318
252	96	474	195	72	44	72	325
265	97	515	178	74	46	72	293
271	103	554	167	71	47	75	320
292	111	530	164	70	50	80	323
279	116	492	192	76	50	76	290
265	101	498	186	89	50	72	303
233	112	439	188	85	49	78	335
241	109	433	246	90	46	73	357
203	104	438	247	87	41	69	325
211	99	447	218	76	40	69	377
207	99	416	265	61	35	62	385
221	85	453	268	66	38	61	390
243	106	407	255	57	37	62	385
268	99	432	254	65	42	68	407
263	102	442	269	65	44	73	357
282	103	455	235	73	45	77	355
270	104	626	226	67	42	74	324
242	99	622	202	70	45	73	348
243	98	670	212	71	46	78	354
238	99	674	214	85	43	78	388
220	95	680	203	80	48	78	374
223	110	548	220	83	49	77	364
225	92	582	210	84	46	76	312
203	107	502	197	83	48	73	311
243	104	557	162	73	53	67	262
276	102	554	159	70	48	65	376
283	100	535	180	84	53	74	387
275	105	509	219	98	53	74	381
310	90	495	223	97	50	68	365
274	98	459	236	96	46	72	395
254	113	456	249	103	44	66	335
254	117	419	260	118	41	62	359
266	134	566	253	121	48	65	351
288	134	581	253	121	56	78	383
317	133	567	251	126	62	78	361
316	133	579	240	125	64	79	392
335	118	617	198	102	63	78	388
333	96	498	189	85	59	79	402
282	103	573	205	97	57	69	440
290	102	597	212	104	50	65	462
286	88	614	226	100	53	71	417
275	93	579	231	99	52	64	408
340	95	563	226	100	54	65	411
373	99	489	228	95	49	64	354
355	94	478	257	99	56	65	394
362	97	438	250	101	59	61	375
352	103	503	269	100	60	63	371
282	107	497	263	101	57	57	414
233	98	509	253	98	62	65	487
241	114	468	236	81	56	62	438
278	118	533	238	83	51	66	456
264	116	508	220	84	46	69	472
270	113	514	225	84	52	73	442
272	113	478	235	85	41	61	354
262	99	516	216	82	42	70	419
199	93	456	220	90	47	62	405
198	88	457	220	89	51	57	391
186	86	579	231	96	44	54	372
202	99	613	228	90	51	66	416
178	103	620	225	101	51	57	337
174	101	625	227	94	51	64	336
246	108	601	212	100	48	64	366
249	117	530	187	95	49	69	390
250	108	544	190	93	44	61	368
265	103	531	190	87	40	66	384
275	107	545	211	85	34	60	368
234	97	565	219	84	36	64	336
240	97	526	211	79	35	58	325
237	103	501	204	80	39	60	303
262	107	539	216	81	41	59	387
259	102	522	188	81	50	62	404
240	101	534	180	78	50	63	391
278	94	581	192	79	53	66	386
264	87	607	183	77	51	65	370
225	90	569	160	74	51	65	305
247	87	551	147	73	49	61	315
311	99	551	186	84	50	62	313
275	96	553	190	89	50	67	308
281	106	503	218	100	53	65	364
290	100	493	236	105	60	70	356
264	102	523	246	102	55	71	346
185	91	504	230	98	58	63	372
197	90	462	229	91	56	57	384
201	89	581	263	86	58	66	333
188	90	593	264	78	50	58	297
196	89	598	262	79	54	63	335
206	100	594	274	74	50	69	312
194	104	608	277	79	48	64	301
182	96	493	241	77	43	57	330
207	96	498	249	78	44	56	367
200	97	459	244	87	40	46	324
216	88	447	236	86	43	51	380
223	97	421	238	87	43	52	368
256	91	485	223	83	47	56	357
246	95	501	201	84	51	60	345
256	109	529	234	77	50	61	351
234	108	541	218	76	47	57	321
220	107	516	210	77	48	57	345
219	117	489	239	95	44	53	328
242	117	495	259	99	42	54	311
286	106	549	241	100	52	65	376
301	109	576	266	100	53	71	420
302	103	593	265	97	57	75	425
272	97	625	245	88	59	74	417
248	86	623	214	87	58	73	433
195	102	590	195	78	49	64	368
190	98	632	154	83	45	52	326
187	103	716	143	80	39	52	307
206	108	687	126	80	33	51	344
202	118	722	151	78	37	52	355
189	105	690	170	82	36	57	358
203	105	615	187	80	35	59	328
213	98	554	191	87	34	59	345
201	98	606	202	81	36	57	325
239	91	528	185	72	38	59	311
238	89	551	172	76	41	58	304
207	95	580	174	78	41	59	277
210	97	552	223	75	40	58	238
208	108	505	219	75	43	58	273
176	105	539	229	80	40	53	234
223	113	537	227	85	44	58	351
224	102	521	213	78	46	59	380
221	100	568	169	77	58	63	396
233	84	598	178	88	57	71	425
229	87	577	187	91	58	75	466
177	76	590	241	84	58	73	398
187	80	622	254	84	58	70	377
195	86	543	254	92	50	66	399
192	113	540	268	90	53	62	367
181	117	578	282	90	50	55	363
200	129	571	239	92	49	53	420
207	134	538	225	101	52	59	435
199	130	577	216	104	56	62	428
203	108	553	184	95	51	61	441
214	111	505	156	90	53	70	447
213	107	582	165	90	50	65	394
256	109	558	191	94	52	72	400
249	108	563	201	85	46	68	380
241	103	513	205	87	50	74	326
242	102	510	222	93	49	66	302
248	97	455	214	95	54	74	310
202	93	502	215	90	48	66	296
197	126	530	226	93	54	69	303
224	125	540	219	92	49	61	310
212	118	596	185	93	48	66	292
192	111	570	186	96	42	62	278
175	108	535	192	96	43	56	311
188	78	501	165	90	40	55	290
164	84	547	183	104	42	56	283
180	87	523	196	100	41	50	265
192	91	548	202	98	49	57	255
193	89	574	178	92	55	69	224
201	93	566	198	91	55	72	263
195	106	548	187	76	59	79	304
203	107	547	186	71	59	79	307
193	106	521	198	69	57	80	420
201	105	513	203	89	51	73	396
194	97	518	182	87	48	69	384
295	73	551	198	95	44	61	382
282	80	496	199	99	49	66	406
292	79	516	184	99	48	58	291
295	80	477	183	86	47	61	301
291	83	590	194	90	52	65	315
191	88	567	203	98	57	68	289
