0	1	2	3	4	5	6	7
124	172	295	438	214	62	42	73
129	241	311	442	230	69	43	93
140	245	311	433	229	70	44	92
149	238	316	446	234	72	45	104
150	248	343	472	245	75	46	101
138	267	315	378	167	60	40	98
134	229	314	328	139	52	38	76
123	228	336	331	130	47	38	82
95	229	316	285	107	40	35	66
90	230	322	270	105	40	35	70
102	232	351	270	106	42	34	71
113	218	379	360	132	44	35	74
107	207	383	360	141	46	35	71
120	207	411	378	142	47	35	68
133	205	413	369	126	46	38	63
133	210	438	370	129	44	36	67
134	226	437	288	106	42	32	70
138	249	428	300	117	47	36	88
146	255	409	268	119	51	38	93
149	242	396	329	125	52	38	91
141	220	348	322	119	53	39	107
132	191	345	316	112	55	43	102
133	195	345	339	95	53	39	85
130	182	350	411	125	59	42	77
128	187	395	384	138	60	41	83
125	194	389	397	152	61	40	58
128	191	380	431	175	67	40	59
122	156	433	486	188	68	45	74
106	184	467	516	205	78	53	93
86	241	440	500	198	76	51	92
95	241	502	510	204	82	53	97
92	253	521	499	189	77	51	99
91	266	494	433	178	72	47	93
86	250	475	331	142	61	39	84
114	201	483	375	153	68	42	87
130	191	426	349	131	59	38	93
143	186	384	352	141	64	42	97
146	172	359	349	139	63	41	97
152	196	342	355	135	62	38	91
135	192	329	355	132	57	38	88
129	206	303	367	147	62	39	87
126	213	373	419	138	56	35	80
128	210	410	413	135	55	35	81
143	259	422	432	143	54	38	90
153	279	433	466	155	57	42	99
159	271	446	464	145	52	43	97
155	259	400	404	152	52	47	104
154	297	394	453	161	65	50	102
144	253	392	423	154	68	52	97
151	233	370	351	122	62	49	99
154	247	402	332	122	63	50	93
147	245	377	326	112	64	47	87
147	223	359	281	116	56	45	84
140	214	365	298	117	51	40	79
123	220	362	315	134	57	40	78
116	226	318	340	144	58	38	83
127	234	391	374	153	60	37	81
134	209	376	353	141	54	35	79
130	243	371	371	138	54	38	97
125	237	410	357	124	45	35	89
113	228	447	345	118	45	33	79
117	244	409	325	126	44	32	76
107	242	423	310	137	44	34	89
111	210	458	299	137	48	31	71
114	233	463	320	151	53	33	73
126	232	456	325	150	55	43	82
122	234	459	330	137	55	46	93
122	250	442	365	152	58	45	84
121	260	402	339	155	53	45	84
121	235	403	304	143	53	44	81
104	226	429	291	140	47	35	78
97	229	459	290	138	51	34	71
140	212	521	282	108	49	34	72
140	220	527	329	103	51	37	80
144	238	510	345	114	51	40	80
143	250	484	351	113	53	41	75
147	246	461	352	127	51	40	72
116	251	417	351	137	53	39	76
114	221	408	333	134	51	35	72
118	214	389	306	125	47	32	69
117	208	441	307	121	44	32	72
112	209	442	304	110	40	31	69
112	216	436	295	111	41	33	82
110	221	431	276	114	40	35	85
109	209	432	329	120	44	38	90
122	216	365	318	122	42	35	89
120	208	411	336	119	41	36	93
119	202	450	350	106	40	35	85
136	210	459	349	108	41	36	81
143	217	511	335	105	37	36	90
130	201	503	348	109	44	39	92
143	181	469	332	106	44	38	96
149	210	474	302	106	46	40	102
140	202	464	295	137	48	39	100
136	227	402	306	144	51	38	86
149	258	417	297	144	49	36	94
139	265	399	294	168	57	40	92
129	234	340	303	173	54	38	89
124	239	344	351	149	55	40	92
141	205	357	366	144	58	42	117
132	213	324	366	150	61	44	111
134	206	316	436	135	56	42	110
129	202	306	453	135	57	41	102
158	210	326	446	142	57	39	102
143	229	323	416	154	54	39	83
136	194	362	440	145	47	35	81
135	213	388	368	136	48	36	77
137	252	409	355	131	44	37	80
120	248	381	323	128	39	38	89
107	241	373	327	115	42	38	79
118	244	382	349	125	45	37	80
113	235	374	330	120	44	36	79
148	195	373	321	120	45	36	76
142	193	396	329	135	49	35	71
144	198	401	361	148	51	37	70
136	192	413	347	143	52	38	69
143	191	402	369	153	52	38	76
134	200	412	356	161	53	37	83
125	219	408	398	146	51	39	77
127	202	411	369	124	45	35	80
129	197	368	333	117	42	37	95
128	210	407	307	106	42	38	92
109	205	370	352	101	42	38	92
112	166	341	295	106	40	35	90
105	223	440	297	112	42	38	98
111	224	442	297	117	42	36	88
111	233	402	296	118	41	35	86
122	247	403	284	107	40	38	82
121	254	412	288	97	38	41	97
121	231	329	282	96	36	36	84
114	249	361	343	106	38	36	80
157	221	357	358	109	42	36	82
142	212	350	345	123	45	36	85
141	224	363	348	131	45	31	76
158	202	334	364	145	47	34	84
169	207	292	299	144	49	32	84
148	202	299	323	147	52	37	98
150	196	339	328	146	53	34	102
147	211	365	331	148	57	42	110
137	207	350	329	141	58	43	110
133	206	372	368	137	55	45	114
115	208	348	334	127	53	41	101
111	210	314	320	131	52	43	90
114	192	289	347	123	52	38	71
127	226	287	335	129	52	34	67
115	205	268	287	123	53	35	56
104	222	273	341	128	52	36	54
100	240	313	345	111	52	35	51
120	241	319	316	111	48	34	60
115	212	351	313	124	53	36	58
112	229	379	317	122	52	35	61
111	225	381	255	125	50	32	64
121	199	372	269	130	48	32	67
106	196	409	287	138	47	32	66
150	193	426	288	118	40	32	70
149	200	462	320	123	43	31	70
153	204	511	346	122	45	31	70
180	212	530	360	118	42	32	77
184	210	503	348	107	47	31	74
143	218	496	388	98	45	33	70
144	250	478	367	96	42	31	71
144	272	476	353	88	39	33	70
125	284	471	351	100	47	35	69
130	274	469	349	109	42	35	95
124	302	499	303	123	43	37	97
125	277	527	330	125	45	37	95
152	254	496	326	125	45	37	104
146	254	481	321	118	42	34	96
130	255	472	341	134	51	34	69
133	212	412	348	127	56	36	69
134	178	335	325	121	55	37	69
111	204	319	324	129	56	37	58
109	193	326	322	143	58	38	63
128	208	384	412	138	58	39	70
126	222	400	394	135	55	35	69
136	227	400	424	132	55	33	72
129	193	385	429	143	60	30	79
132	232	392	438	131	59	33	86
126	224	326	364	122	51	35	92
131	216	327	371	140	50	35	91
127	220	396	342	145	50	37	89
142	236	505	343	133	45	39	84
126	194	474	297	128	39	37	86
114	205	475	262	121	40	36	77
111	205	469	290	121	43	37	87
117	239	401	281	116	46	38	85
157	216	292	278	145	46	38	84
