0	1	2	3	4	5	6	7
206	609	587	660	197	103	99	253
222	552	735	728	220	100	98	239
211	533	829	736	212	97	99	244
213	543	911	771	214	92	100	263
237	661	965	762	213	91	82	274
242	644	1067	789	213	80	71	269
201	617	1022	731	197	82	74	290
264	638	1001	774	221	90	107	318
304	648	934	722	211	93	108	294
287	502	1025	797	233	99	113	277
298	598	958	779	226	98	127	285
313	606	1039	851	231	100	127	271
262	641	1001	785	212	98	117	237
221	604	1000	802	217	96	117	218
224	638	901	683	186	87	113	189
231	610	882	648	172	84	100	183
262	581	845	553	157	71	96	168
268	521	814	562	154	64	81	178
258	558	873	563	139	59	71	187
244	495	879	622	149	62	101	193
244	497	924	667	176	72	110	201
215	494	879	706	200	83	112	204
212	522	923	758	215	89	120	198
254	512	885	703	207	93	129	189
270	517	913	705	220	97	109	183
262	458	873	774	233	97	98	168
291	507	882	843	235	94	113	213
315	515	914	866	257	112	139	225
289	492	935	1014	302	129	149	244
285	515	949	1034	303	127	150	243
281	538	966	995	287	122	158	243
236	551	907	930	278	120	153	206
221	536	835	906	255	102	124	197
227	570	779	819	221	78	103	166
222	569	760	922	269	93	125	173
229	596	809	1094	354	122	131	190
233	563	807	1068	350	123	132	185
223	589	892	1101	374	132	131	176
227	648	991	1205	398	139	138	185
238	635	1033	1089	368	139	128	179
291	600	1005	938	290	113	141	199
399	600	1051	947	292	115	143	221
402	586	972	920	272	107	142	225
397	501	866	703	216	96	138	249
393	552	767	754	209	86	129	243
355	525	713	748	214	93	101	216
239	523	680	734	204	84	87	196
220	487	682	647	166	75	81	186
211	479	690	659	172	79	76	152
214	419	656	592	165	76	72	149
201	461	614	535	151	74	59	142
176	438	646	595	164	76	54	147
196	412	748	579	166	79	59	160
196	406	793	572	159	73	55	160
186	440	838	615	171	75	57	160
199	435	882	655	186	83	62	154
195	442	878	693	194	85	61	138
166	438	846	697	192	82	53	118
213	513	849	746	199	81	53	97
220	523	847	701	176	72	51	103
