0	1	2	3	4	5	6	7
39	34	199	156	52	24	25	46
42	35	191	159	57	31	26	28
41	35	188	156	56	30	27	30
35	36	199	168	56	28	26	29
29	36	250	169	53	30	27	28
37	33	229	153	55	35	27	28
34	34	231	152	51	30	26	25
35	39	248	241	62	35	26	23
35	37	257	251	62	35	28	25
32	32	232	251	58	33	27	27
22	38	277	258	59	30	26	31
24	39	290	267	62	31	26	31
23	33	290	190	51	27	25	30
23	33	288	168	47	26	25	28
24	39	260	195	62	25	26	28
24	32	214	205	64	27	27	22
31	32	195	199	61	26	27	22
32	34	172	209	66	27	26	21
32	34	168	201	65	26	24	19
31	28	161	160	51	27	22	19
30	28	161	140	44	26	18	19
22	28	169	136	47	29	18	19
20	31	177	139	45	28	17	20
20	33	149	143	49	33	25	27
22	36	154	147	50	37	26	29
25	38	193	138	54	37	28	32
29	38	189	150	51	34	28	32
30	35	190	151	54	39	30	34
32	33	188	143	50	35	25	31
30	33	287	171	55	33	24	29
30	32	286	182	63	35	23	28
26	30	295	180	66	35	24	27
26	30	291	173	62	31	23	26
25	32	297	172	61	31	23	25
29	31	200	146	56	28	24	24
28	30	174	160	54	27	26	26
28	32	161	163	51	28	26	26
28	32	161	169	54	27	26	26
31	33	173	168	54	29	25	27
29	32	185	167	53	30	25	25
29	31	190	139	44	29	23	23
28	29	168	124	50	30	23	24
29	30	171	111	52	36	24	28
34	29	147	113	52	36	26	29
34	29	138	111	54	36	27	32
33	28	126	120	50	33	26	31
33	27	129	111	46	34	26	28
31	25	119	106	37	30	24	24
22	25	123	114	36	30	22	21
20	25	112	107	36	28	21	17
21	27	110	113	36	28	22	17
20	28	108	119	34	25	20	19
23	30	133	118	38	28	22	21
23	29	124	107	45	28	21	22
23	29	136	120	48	29	19	23
22	28	129	110	47	27	21	22
22	29	159	103	48	29	22	22
21	26	137	106	46	25	19	21
24	25	138	102	39	23	23	21
26	26	127	91	37	23	24	20
26	27	126	89	41	26	25	24
27	31	93	93	41	29	28	26
28	37	118	95	42	30	30	28
