0	1	2	3	4	5	6	7
418	218	564	174	70	51	69	538
439	197	586	176	62	47	64	477
464	204	604	187	73	53	72	463
475	228	669	191	71	50	73	449
472	218	710	209	72	51	77	454
421	231	686	211	71	50	72	426
471	244	708	244	71	48	82	469
406	270	686	252	63	41	83	524
383	253	606	253	64	43	84	556
388	253	533	252	63	43	84	553
387	238	536	254	63	41	85	567
378	224	607	254	76	51	84	536
405	202	666	252	75	49	83	565
451	198	698	258	84	53	87	542
465	207	701	250	83	54	83	503
484	235	695	284	89	66	95	498
426	235	602	261	85	62	90	475
410	239	553	248	86	71	89	362
375	238	580	266	83	69	83	378
357	232	575	268	84	73	85	403
316	223	739	259	80	62	70	396
372	201	792	254	74	61	74	439
351	181	779	257	73	53	68	442
384	184	825	258	77	58	77	475
389	187	848	288	88	57	82	475
431	190	715	343	98	57	80	482
495	231	652	344	100	57	80	543
516	243	669	343	99	57	85	560
471	271	535	326	94	50	80	566
483	281	628	308	86	44	73	554
449	258	614	205	75	45	79	570
360	227	643	234	71	42	74	514
325	244	699	273	79	42	71	508
350	211	713	285	83	43	71	462
339	188	584	280	83	52	89	532
317	234	666	278	81	52	87	470
266	234	626	287	82	54	88	453
261	212	567	256	75	54	84	475
236	213	574	256	70	58	83	507
249	226	631	252	69	51	66	518
287	189	668	254	67	50	61	520
323	184	644	242	72	49	59	523
352	176	633	255	81	47	60	514
360	213	641	244	90	49	62	538
402	218	603	268	90	50	64	497
369	208	511	272	93	63	80	596
336	219	561	252	93	66	77	594
315	228	565	242	88	70	80	600
383	189	561	229	77	68	76	560
324	174	574	213	75	71	74	521
475	190	547	219	77	65	67	421
490	176	547	207	73	62	68	404
514	178	574	190	68	60	74	416
525	193	609	236	73	61	79	454
536	199	626	225	73	55	78	487
523	182	646	214	73	59	86	535
522	191	689	254	82	62	85	540
506	193	699	281	93	64	80	489
500	182	700	252	92	66	80	458
495	195	677	275	97	74	93	474
410	196	687	280	93	68	89	391
491	220	695	278	91	65	92	431
492	209	649	263	82	61	97	435
516	251	576	260	77	58	95	411
511	288	671	260	71	55	85	379
495	293	609	256	73	55	80	439
395	271	606	246	76	59	79	390
396	294	616	234	73	57	74	384
284	283	630	246	86	60	72	426
321	244	534	231	90	63	81	429
332	245	562	234	85	59	78	475
350	245	513	234	87	58	78	477
470	225	580	231	91	62	92	525
473	222	582	227	78	61	96	502
449	212	566	218	79	56	90	553
458	210	557	244	82	59	89	502
444	210	626	227	69	56	86	494
341	211	568	237	68	57	77	487
497	199	561	249	74	57	73	521
493	185	621	258	73	59	73	518
478	194	612	249	72	58	77	588
555	188	517	247	73	56	84	594
533	207	522	248	70	55	81	551
390	208	523	230	63	54	81	514
387	229	463	214	58	49	76	444
540	231	568	189	58	60	80	330
505	233	568	184	68	70	92	420
509	198	572	182	69	71	92	453
511	205	575	196	67	69	89	466
526	189	565	187	64	74	95	482
397	170	548	189	76	81	89	467
351	183	611	181	69	75	78	401
347	196	610	169	68	71	73	428
364	166	627	144	71	73	72	462
346	194	652	152	73	70	73	441
323	197	572	150	56	50	71	452
325	188	558	149	52	47	62	448
327	196	592	162	51	50	67	390
295	195	607	164	47	51	70	347
277	171	578	167	43	48	69	364
303	180	627	193	49	56	81	483
306	181	561	214	48	55	80	489
332	164	512	236	61	58	88	535
354	187	507	235	59	55	88	550
388	183	548	239	67	58	89	536
345	170	530	227	70	52	75	421
350	190	597	234	73	54	78	464
336	211	649	219	71	50	67	468
304	206	630	217	72	50	64	466
270	217	627	239	79	51	65	522
273	222	607	228	73	49	66	556
