0	1	2	3	4	5	6	7
96	568	409	187	57	51	34	37
114	510	357	159	57	51	35	38
120	473	375	226	65	51	34	38
129	449	416	225	66	43	35	42
136	480	348	226	62	37	45	51
130	459	357	251	62	36	108	55
111	450	430	266	71	38	156	57
108	491	434	262	73	40	164	58
90	443	445	308	83	39	168	60
83	393	521	335	88	42	166	57
89	384	657	451	113	52	144	65
97	413	750	518	132	59	97	85
123	344	770	547	131	60	88	106
128	378	805	529	125	61	83	114
128	356	830	579	132	60	83	134
131	380	791	541	126	62	69	156
190	345	670	541	115	56	73	237
175	503	656	523	118	55	72	246
175	489	610	570	127	55	72	244
200	526	680	598	131	56	72	238
218	562	798	617	126	54	80	255
197	562	859	585	125	56	71	256
279	489	928	695	164	70	77	318
293	514	1038	700	170	75	79	327
335	473	1074	662	175	82	89	365
396	457	1032	720	188	79	90	352
414	464	1034	836	235	96	98	329
412	436	1049	800	214	89	97	321
435	461	1019	826	209	85	99	363
580	470	977	847	203	80	101	377
600	451	968	778	195	88	110	477
694	483	986	756	179	87	120	548
705	472	1083	714	175	89	123	530
694	424	1119	759	202	99	124	504
563	470	1133	753	210	102	117	477
496	446	1097	729	204	94	102	395
408	453	1072	716	177	85	87	325
360	464	991	802	189	82	82	337
359	482	899	754	167	70	76	390
350	425	852	793	164	67	78	419
364	438	927	843	170	68	77	400
262	432	918	767	152	57	64	359
232	429	871	668	136	60	67	347
253	392	823	638	129	61	65	294
233	416	772	604	120	60	61	228
216	406	766	611	132	65	59	231
220	368	818	634	143	68	62	217
241	354	838	676	154	65	55	227
231	392	982	725	169	66	60	223
229	349	1032	699	169	63	57	230
234	378	981	653	158	60	57	243
234	406	936	617	154	59	56	254
221	456	925	567	140	55	55	219
205	422	847	463	114	48	51	233
208	426	771	434	110	53	56	227
194	379	800	585	136	55	63	240
187	331	766	570	131	54	59	242
259	224	779	636	162	63	69	277
254	239	730	664	165	64	68	270
248	242	736	646	165	59	63	270
286	252	706	539	142	58	61	258
287	264	747	596	155	66	68	241
226	260	843	559	127	61	59	205
236	268	827	521	123	66	63	183
250	278	922	612	131	70	66	178
206	288	927	604	138	70	65	160
201	279	939	583	133	63	59	160
205	279	833	567	142	61	60	168
210	282	873	597	144	55	59	229
195	287	816	517	139	56	63	229
191	264	775	468	125	50	59	222
193	262	765	499	123	53	65	224
203	282	743	546	119	58	64	222
162	253	698	514	115	55	58	168
164	222	656	507	110	52	51	218
163	229	673	517	108	49	53	226
157	227	617	459	102	47	48	222
181	231	559	379	94	39	48	237
190	241	568	384	97	41	47	228
198	301	619	426	102	48	51	196
201	321	588	492	120	56	57	227
210	334	646	604	148	61	61	238
167	305	659	608	157	67	59	226
179	324	627	709	180	76	68	234
172	270	569	679	177	73	67	223
163	251	616	624	166	68	61	180
161	231	621	535	141	62	56	178
162	251	656	508	126	57	56	148
145	269	724	385	98	48	50	184
146	285	791	387	94	46	47	196
