0	1	2	3	4	5	6	7
137	358	440	181	64	177	77	90
140	337	453	195	68	176	84	91
118	475	488	206	74	121	80	80
121	502	530	213	69	125	78	82
128	511	508	204	72	122	78	71
114	587	494	212	71	129	79	77
114	609	484	206	70	156	73	73
115	531	467	201	64	161	74	74
101	554	394	186	66	149	77	72
99	585	391	225	67	148	78	73
102	558	379	221	63	146	47	74
108	608	389	220	67	127	48	78
109	618	408	240	70	122	61	79
108	589	423	227	68	127	71	74
99	535	396	183	61	154	76	73
110	546	419	201	71	144	81	63
112	494	402	202	74	141	84	70
105	483	427	181	69	149	75	75
100	466	402	179	75	150	64	80
105	451	404	216	81	128	59	79
95	426	387	217	76	127	90	87
79	422	370	219	74	122	95	89
85	559	334	231	82	104	98	86
82	569	379	255	91	120	103	90
86	631	437	288	103	116	122	99
89	620	438	288	103	113	98	99
95	640	517	295	104	113	91	90
96	526	519	300	108	117	90	94
124	579	506	280	98	102	88	90
127	538	469	220	82	134	59	89
124	545	464	206	92	185	61	89
130	513	412	204	83	192	65	94
130	558	409	185	87	199	63	95
107	575	391	188	86	205	56	94
103	650	361	202	84	194	55	90
106	671	453	187	70	146	50	78
100	667	464	211	82	137	56	74
92	620	462	222	78	125	63	68
98	684	505	216	82	119	63	64
104	594	531	252	91	120	64	70
103	568	507	255	95	129	64	74
99	562	483	226	88	141	61	83
101	627	529	217	86	146	61	79
96	590	510	231	93	135	63	84
87	670	500	178	83	136	61	77
106	651	502	212	84	135	64	99
110	650	511	214	84	132	57	91
113	580	436	206	79	126	68	98
111	481	411	200	70	136	67	93
109	380	451	231	90	137	68	91
88	409	400	213	92	140	72	79
104	475	389	213	94	131	75	86
106	501	393	205	94	143	60	88
116	532	426	226	108	151	69	94
114	573	361	189	91	139	69	107
124	594	359	167	82	128	63	97
119	585	380	155	78	127	59	92
117	572	416	155	74	139	58	86
117	620	418	107	51	141	44	82
122	760	412	129	64	140	41	91
112	773	453	143	66	140	39	91
100	763	419	162	64	148	41	86
101	789	377	163	65	125	39	89
92	758	360	168	59	98	39	89
87	586	372	160	50	100	41	77
86	540	295	150	55	139	48	79
89	527	284	131	57	181	50	82
91	559	295	153	60	187	51	75
100	567	240	167	68	192	52	74
99	556	216	154	66	201	51	78
102	576	218	145	61	189	47	76
108	596	222	150	63	141	48	81
105	563	227	141	59	132	47	82
125	585	273	144	54	143	51	122
130	587	273	162	59	141	50	113
139	607	308	187	61	136	50	113
142	574	326	184	59	151	47	113
141	593	355	177	64	152	47	118
119	563	358	152	63	135	38	85
122	590	388	159	62	128	39	82
111	597	383	136	61	135	36	79
105	597	371	137	63	130	39	75
109	568	334	136	60	135	40	78
107	521	296	154	59	139	41	69
116	540	298	159	56	173	43	76
114	476	273	164	64	169	46	96
130	519	267	172	67	162	45	99
133	589	365	216	79	158	48	96
130	648	451	217	79	168	53	96
113	652	439	194	75	146	63	95
130	661	452	192	70	141	62	82
116	664	495	192	71	143	64	75
106	585	453	139	54	137	66	73
111	552	419	161	72	176	65	76
110	558	471	213	85	192	55	75
101	600	524	247	96	215	54	79
102	579	487	251	95	214	50	82
111	604	459	252	99	243	43	90
107	574	410	228	84	207	40	84
105	498	337	205	77	183	42	84
92	426	250	165	61	146	39	76
91	423	253	148	65	151	42	78
79	384	281	146	62	139	41	62
81	425	310	145	65	139	40	59
79	429	312	135	71	153	43	57
88	484	302	125	73	157	47	66
85	528	334	142	72	165	47	59
84	689	323	144	75	141	46	62
96	738	313	139	75	169	48	66
95	768	313	120	65	150	43	82
91	751	364	118	66	153	40	79
91	725	328	101	57	135	39	85
89	565	312	90	51	144	39	83
77	468	391	157	63	129	36	85
80	430	451	189	72	135	36	67
75	427	411	193	71	129	36	60
69	405	426	193	73	131	37	57
79	416	437	195	73	121	40	65
78	439	399	162	64	126	43	69
78	527	330	130	59	123	44	73
88	573	322	124	58	131	44	85
92	569	293	122	57	152	45	99
89	581	372	133	60	153	46	97
87	604	358	140	56	144	46	106
92	528	355	134	52	142	46	106
87	485	361	138	57	159	46	112
90	498	415	139	58	153	47	103
87	484	335	125	56	152	48	103
99	508	307	122	59	176	56	99
101	525	301	159	61	185	55	101
109	509	340	163	56	171	56	87
102	505	272	157	56	156	55	79
107	550	279	171	57	202	58	87
93	475	264	160	61	177	45	81
93	446	258	120	57	194	47	75
82	454	222	130	58	193	45	74
92	478	263	132	60	214	44	94
119	438	417	164	61	174	43	106
123	474	419	170	56	175	44	103
123	510	470	180	56	143	42	112
128	539	490	179	55	140	42	115
120	548	491	180	51	181	48	103
87	564	377	163	51	186	46	80
100	539	370	155	45	186	49	91
102	517	337	157	45	203	51	80
99	543	328	143	43	223	51	77
104	503	309	147	50	170	43	85
106	451	310	119	44	164	41	88
97	495	312	115	51	194	40	82
91	501	267	104	50	187	38	95
91	445	215	114	51	172	37	101
90	424	204	109	48	189	38	90
86	446	203	107	51	208	39	87
81	438	221	107	46	211	34	84
75	472	292	119	45	204	36	86
70	471	297	117	52	214	40	84
69	473	309	120	54	204	43	81
72	491	316	135	57	184	40	79
74	439	331	144	61	140	46	76
76	420	304	154	61	196	45	68
76	429	333	152	55	187	45	65
72	419	320	146	49	181	43	67
75	454	292	133	56	206	46	82
79	482	258	124	52	215	48	103
94	519	249	115	57	165	46	101
98	508	225	127	63	168	43	97
99	510	217	129	67	193	47	104
117	471	255	137	61	172	46	97
110	458	312	143	63	172	42	75
97	411	303	122	60	183	44	72
97	395	286	108	57	220	45	74
101	409	301	118	54	196	41	65
105	389	290	119	52	186	44	64
106	374	238	123	54	179	43	65
107	411	219	122	59	209	41	63
107	409	237	139	62	169	45	80
100	425	235	134	64	172	45	81
77	504	214	134	68	176	47	82
80	538	224	124	65	177	45	81
91	550	276	138	63	129	45	89
91	534	293	120	59	111	42	74
91	537	312	114	55	124	39	73
94	562	321	121	54	136	33	79
90	528	339	148	67	142	39	78
87	508	317	138	63	158	40	67
89	552	285	141	61	168	38	68
90	533	285	156	67	174	38	65
78	438	321	157	65	171	39	53
84	513	322	143	53	195	35	88
73	453	308	142	58	220	37	89
82	413	315	151	61	217	37	98
79	429	313	140	57	228	36	99
83	489	294	121	54	232	36	107
77	431	277	110	54	220	34	82
85	479	267	108	55	197	33	78
84	495	345	128	65	195	33	70
91	510	360	178	69	179	32	77
88	460	330	190	73	164	37	75
90	472	321	202	78	171	35	82
83	439	341	206	78	159	34	86
66	422	274	182	70	164	33	80
75	470	221	127	62	154	37	93
73	464	237	110	59	202	33	91
79	425	250	88	48	200	40	90
77	425	250	104	43	200	41	87
80	427	254	125	45	190	41	88
71	357	251	131	50	188	43	80
82	350	251	131	49	140	40	87
74	385	247	129	55	112	35	83
79	397	241	108	51	105	34	86
81	386	219	83	52	124	37	83
77	426	230	89	52	130	33	91
69	425	248	130	64	139	37	91
69	397	229	127	63	147	36	91
69	431	242	143	65	146	35	90
74	431	286	169	65	133	37	99
80	386	297	168	64	119	38	83
79	364	277	143	51	105	35	69
77	363	281	147	51	102	36	66
76	311	260	134	53	107	35	76
73	379	247	111	50	113	33	70
66	361	246	108	48	116	32	70
64	369	264	111	47	130	32	71
71	380	292	108	43	157	34	77
69	407	289	118	43	174	32	67
73	415	268	109	43	179	36	63
79	433	289	111	44	192	37	60
78	473	277	114	43	185	37	61
82	478	277	125	54	179	39	51
88	427	287	120	56	163	41	80
80	364	280	125	55	152	36	81
85	362	277	148	66	167	36	83
