0	1	2	3	4	5	6	7
144	219	641	567	167	79	54	99
144	245	646	591	173	82	58	94
109	247	666	628	192	88	60	85
105	274	572	644	209	92	64	88
98	270	544	573	189	83	57	80
89	258	521	549	177	74	53	88
82	256	580	582	182	73	52	92
91	268	541	571	165	69	54	96
89	293	668	534	135	57	50	97
85	298	687	556	137	59	48	110
84	292	659	567	140	59	49	108
79	275	630	505	123	58	46	99
64	264	637	456	111	51	40	92
101	284	587	481	113	49	35	102
105	273	553	456	108	49	37	88
109	257	555	495	123	54	37	78
120	367	654	588	139	56	38	91
128	366	638	616	146	58	45	104
100	324	517	518	126	53	45	98
97	355	553	501	121	48	42	97
98	375	626	449	101	46	46	110
90	293	537	381	99	51	50	110
77	287	540	349	94	54	44	99
74	261	567	356	102	54	43	95
81	229	656	453	123	61	48	95
77	264	645	485	136	64	48	91
70	255	639	484	128	60	44	133
79	301	745	563	150	62	48	143
82	308	829	611	160	68	52	143
81	313	772	577	149	61	46	144
82	287	776	536	136	56	40	143
81	286	762	515	136	56	40	98
74	243	719	441	112	49	37	126
80	269	700	385	94	43	34	132
75	258	749	344	85	45	36	129
86	254	712	352	86	44	36	127
95	267	715	354	86	46	39	125
120	288	717	460	111	52	47	89
119	299	651	454	114	55	49	82
115	333	664	438	116	52	48	85
122	313	711	460	127	55	48	91
130	354	754	455	125	49	44	96
113	355	696	339	105	48	39	94
117	322	772	347	96	43	34	112
131	298	691	347	93	46	34	114
127	293	653	319	91	50	34	112
140	259	647	320	97	51	34	108
145	254	668	310	96	43	28	104
159	254	614	306	99	46	28	82
154	236	638	292	102	47	32	93
148	324	697	394	120	51	38	87
124	310	673	390	116	51	41	84
123	328	679	423	127	58	44	93
99	333	661	459	136	57	44	88
100	356	675	481	151	62	45	73
102	321	660	429	134	55	41	77
114	345	659	438	157	60	40	84
109	343	692	432	161	56	37	78
114	347	745	409	157	56	39	94
120	406	815	398	145	52	38	90
124	388	810	475	162	60	43	88
112	367	854	485	146	56	41	92
121	341	903	531	150	64	45	90
115	358	998	621	170	71	46	79
105	296	973	682	178	73	165	93
116	282	1019	665	184	84	278	99
126	311	1016	729	183	90	298	89
117	317	977	701	179	88	303	92
131	326	909	735	186	93	306	118
141	312	906	729	188	98	267	113
132	347	859	720	178	92	149	108
124	319	891	657	183	85	103	108
131	340	948	696	193	83	89	110
126	324	931	680	190	80	79	96
112	348	892	638	190	74	57	97
112	312	853	621	214	74	49	101
119	339	807	709	231	84	53	105
116	318	760	678	238	87	54	101
104	336	745	672	228	80	50	90
110	308	756	753	231	84	56	83
119	339	849	789	214	76	54	78
115	307	835	726	220	83	55	84
108	337	811	718	217	92	56	86
108	308	773	642	212	97	60	91
130	320	739	592	230	96	61	101
121	283	625	532	218	96	64	135
125	312	713	585	220	93	63	143
127	290	707	669	233	91	65	154
126	320	698	650	252	88	74	191
98	323	774	656	246	89	85	294
108	366	774	677	262	97	86	299
135	361	777	710	278	97	91	306
135	389	809	718	311	104	91	301
131	384	799	757	313	113	87	284
134	425	833	714	306	109	73	200
124	425	874	731	303	105	72	177
124	466	892	755	311	103	69	166
127	514	912	667	270	92	66	163
143	609	975	714	270	89	65	153
154	579	909	714	272	90	67	123
157	565	913	721	275	90	67	128
131	544	835	651	227	90	66	117
147	508	829	666	212	88	65	117
133	385	830	642	206	89	61	109
123	407	903	667	210	91	60	93
120	441	863	678	216	100	59	63
123	479	877	690	221	94	59	63
94	492	875	769	246	96	60	63
100	508	840	761	242	91	59	68
91	481	827	820	288	90	59	73
102	452	871	789	288	85	62	78
106	496	855	749	284	82	57	77
114	472	799	661	256	82	57	81
137	478	815	647	302	94	64	92
139	506	791	590	315	99	68	90
138	512	902	747	334	116	80	92
138	415	881	726	330	118	82	91
135	395	895	713	345	120	80	85
112	408	878	747	319	120	80	83
117	408	838	709	270	124	78	84
106	473	683	505	256	110	64	79
96	540	710	527	284	114	65	75
99	562	758	538	271	105	65	77
105	582	814	499	262	103	59	69
100	616	823	540	268	95	60	74
104	579	822	601	245	92	62	78
114	549	872	708	272	117	71	83
112	548	877	748	316	128	73	82
100	504	818	720	322	120	70	78
103	510	781	705	311	130	70	76
102	481	895	676	411	164	78	75
97	486	922	574	399	155	73	69
106	520	908	535	384	149	72	89
113	567	944	521	400	159	75	90
106	504	954	536	413	157	74	86
119	582	895	576	335	121	68	96
115	600	834	583	334	118	67	101
123	610	896	593	373	124	66	88
120	578	823	580	347	105	62	92
123	663	902	606	350	120	74	94
111	602	904	644	374	133	73	85
111	576	956	679	358	128	68	78
95	543	918	782	326	142	78	80
96	530	1005	830	418	171	91	92
100	430	972	880	448	164	87	98
113	444	963	826	415	152	87	99
110	413	912	822	413	157	95	109
114	378	873	756	411	145	89	106
117	481	938	826	322	121	85	96
137	503	911	738	244	108	80	98
138	525	949	752	241	114	84	106
142	544	931	751	282	115	79	99
149	577	945	713	282	116	81	98
154	548	885	674	283	124	80	103
131	531	939	696	281	122	78	94
128	493	898	698	278	114	69	80
127	489	995	645	227	101	60	76
122	487	978	649	216	102	62	78
108	453	897	542	212	98	58	70
115	432	859	527	218	107	65	65
112	441	852	531	219	106	67	70
109	470	707	567	246	109	70	89
109	421	734	551	234	103	66	90
109	392	750	566	215	97	64	87
111	420	829	621	227	104	67	91
132	511	858	597	233	112	71	89
135	519	923	639	257	123	78	80
124	542	938	668	318	125	76	77
127	624	961	705	331	126	80	85
119	602	941	715	328	119	76	93
90	557	908	724	331	116	72	95
89	596	933	728	326	130	76	86
89	652	925	781	257	129	79	89
80	575	910	730	235	122	72	84
87	603	935	703	231	118	72	92
87	620	975	733	225	117	74	95
84	535	1045	758	198	109	71	98
87	510	974	656	182	99	66	95
102	538	1048	770	201	106	72	96
97	551	1013	750	197	107	71	81
105	510	1029	711	186	104	71	92
113	612	881	651	171	90	69	100
135	600	953	709	182	100	76	107
154	664	929	700	260	131	96	120
153	674	946	778	279	145	102	121
149	721	962	800	287	149	102	110
146	662	1114	920	318	157	107	109
128	640	1111	922	324	164	107	107
92	566	1056	874	261	138	89	94
100	582	1074	799	233	121	80	91
97	534	1031	855	244	123	81	92
96	532	934	807	203	121	70	78
99	518	878	778	200	114	70	75
99	485	840	735	191	116	71	72
104	421	838	823	202	125	78	84
114	406	838	761	217	126	80	89
121	463	897	703	235	124	84	90
120	515	966	800	256	124	83	86
119	565	1070	934	279	130	87	87
130	560	1019	870	295	123	84	80
126	575	1003	872	280	125	82	75
120	514	1040	880	286	137	88	88
119	572	1013	820	279	137	88	90
130	543	921	679	267	129	84	97
117	558	950	671	243	131	84	94
109	563	958	643	232	130	82	91
112	547	831	598	217	107	68	78
119	434	816	546	208	100	61	77
111	499	844	554	252	113	70	68
130	516	829	590	265	112	71	72
135	505	772	608	266	105	69	78
135	497	744	567	259	120	74	81
140	504	789	643	249	125	81	101
140	482	840	687	222	127	79	99
119	486	783	665	297	144	84	103
122	462	752	627	296	147	83	99
114	509	784	678	289	130	75	104
100	527	767	586	286	122	67	88
115	573	767	614	300	122	67	98
131	566	777	600	268	121	70	103
143	612	894	620	263	120	73	103
143	605	833	615	268	123	75	94
155	602	826	677	271	131	78	93
146	516	749	674	249	124	69	82
129	526	813	689	219	106	59	71
128	484	809	760	242	123	70	74
134	465	840	784	250	129	76	81
144	540	855	742	246	130	79	75
147	548	856	665	231	121	79	74
155	543	791	657	200	119	77	77
144	540	700	573	164	99	66	80
137	558	766	586	159	101	69	80
118	461	769	599	161	92	65	83
110	520	850	607	146	93	65	81
112	519	904	604	151	91	66	81
113	550	1024	629	154	89	66	76
121	523	975	547	138	80	59	85
117	528	893	506	129	76	56	85
126	483	855	525	136	80	60	88
115	481	870	526	140	82	58	81
111	438	712	458	135	82	55	80
114	437	676	403	120	75	52	67
112	436	708	432	121	76	53	67
104	430	671	465	133	82	57	69
113	422	624	463	132	83	63	77
114	434	841	512	131	80	62	72
104	439	932	522	126	78	62	82
118	453	947	591	137	81	64	92
118	433	974	556	119	71	57	88
117	440	927	519	110	68	53	86
114	513	771	547	124	80	62	90
120	508	707	579	138	83	62	79
112	487	733	541	141	84	62	69
116	467	693	548	141	81	63	75
119	426	709	558	146	81	63	77
127	353	697	546	140	72	60	76
119	370	678	527	132	69	61	74
122	370	646	482	114	61	57	75
119	401	667	518	123	62	57	82
108	439	655	559	133	63	56	78
105	501	624	503	127	58	49	76
109	535	674	594	148	70	51	83
109	554	656	606	156	75	52	79
101	533	600	533	143	72	49	71
102	493	658	589	153	76	50	79
93	417	699	678	164	81	55	77
90	379	611	576	140	67	50	65
74	339	605	577	134	61	47	67
89	357	691	621	143	67	50	71
99	369	741	636	145	72	54	74
101	347	727	583	135	66	48	75
109	332	724	599	137	67	46	77
114	357	722	597	138	65	48	89
110	377	712	671	154	70	50	84
99	412	631	614	136	59	48	77
113	415	689	687	150	64	52	80
104	428	702	700	158	68	55	83
97	421	703	694	157	71	57	72
95	455	753	640	142	65	54	68
95	465	826	632	143	70	53	66
74	498	770	519	130	72	54	61
73	462	881	540	122	67	50	62
82	452	904	540	121	65	48	64
82	406	804	550	123	65	49	70
91	385	710	551	119	61	48	69
90	343	739	541	111	54	43	65
87	340	579	485	109	59	46	60
84	368	613	557	118	60	45	56
92	376	684	525	107	55	41	50
82	346	693	480	94	47	37	50
91	326	676	553	105	47	36	61
98	356	735	571	106	43	34	66
103	369	743	575	118	46	38	69
95	378	671	537	117	49	41	65
97	374	634	516	113	49	40	62
88	403	617	478	106	50	42	53
100	383	646	581	129	55	47	51
98	343	578	540	115	52	45	50
99	319	581	547	115	50	45	54
100	324	564	557	117	51	48	56
103	352	604	563	126	59	52	58
100	376	530	555	129	67	53	59
99	390	531	525	123	66	51	58
100	421	562	569	131	69	53	74
102	438	557	559	128	68	50	73
100	402	542	550	127	63	47	70
85	415	532	437	101	50	42	74
79	419	534	436	105	51	43	71
108	373	539	391	102	51	40	61
114	354	554	422	110	56	43	68
126	408	532	420	112	59	43	75
128	397	524	414	111	60	44	74
132	411	491	401	107	60	44	78
103	441	454	358	95	54	42	69
97	470	494	354	107	65	45	66
83	421	601	364	106	66	46	58
104	400	611	374	107	66	44	58
113	349	645	361	106	65	44	58
123	334	670	394	107	64	44	61
129	342	665	368	88	48	40	59
136	363	585	309	75	41	41	72
145	407	584	321	83	49	51	84
135	442	565	366	90	51	50	85
134	453	606	398	99	55	51	91
133	465	598	437	107	60	52	91
124	490	614	456	108	59	50	85
104	491	625	480	105	52	41	71
112	480	607	453	101	52	42	69
123	489	619	439	95	49	40	64
114	452	643	437	90	45	37	60
115	400	575	432	93	45	38	63
112	454	626	502	119	56	41	62
109	472	748	542	125	58	41	65
92	483	675	518	124	58	42	63
94	482	674	524	132	63	46	66
92	518	677	514	130	66	45	69
80	446	641	431	111	60	39	70
80	493	527	442	139	72	44	67
80	479	547	447	143	73	44	69
83	466	480	428	138	71	42	67
81	452	620	426	137	71	40	58
81	471	569	397	134	69	42	60
81	401	523	338	97	55	34	66
79	383	554	355	98	53	37	82
95	417	572	330	96	50	35	86
101	394	446	307	89	44	35	86
113	352	508	307	88	43	36	85
112	363	567	333	102	49	38	80
112	368	543	294	97	50	36	63
95	322	592	329	102	54	39	59
95	340	619	350	105	55	42	72
95	365	594	334	99	57	42	82
89	425	539	282	81	50	39	82
85	415	526	293	82	49	38	79
93	424	471	257	76	50	35	78
90	438	418	263	82	51	33	74
77	409	410	277	88	46	30	55
83	308	431	295	100	51	35	55
86	326	486	283	94	49	34	64
76	344	491	260	92	47	36	67
85	358	556	236	84	46	35	58
87	388	553	214	79	50	36	60
78	389	552	208	67	47	33	70
73	391	595	284	73	46	32	65
72	402	660	299	74	50	34	64
60	354	677	291	79	75	38	71
57	339	688	305	76	77	37	68
70	378	718	322	76	76	37	57
75	368	624	288	83	80	38	58
77	329	533	305	87	75	39	62
84	336	459	336	97	55	37	59
83	334	474	335	103	52	39	61
77	318	432	316	107	57	41	66
72	289	457	290	104	58	41	66
72	310	574	282	99	57	38	71
75	324	619	356	105	54	40	72
81	333	618	362	102	55	40	73
84	333	656	377	102	51	41	72
92	368	653	376	96	45	41	70
94	386	617	388	102	47	41	60
88	381	580	338	95	48	36	62
94	378	564	328	98	45	37	66
91	360	591	386	118	53	40	63
84	364	625	438	123	55	41	61
88	352	679	439	121	54	42	59
93	373	817	451	114	52	45	58
80	372	811	464	115	52	43	52
82	451	779	457	103	46	40	54
82	452	768	412	101	46	37	58
76	497	699	394	98	47	35	59
63	482	523	348	96	47	32	52
69	482	608	360	91	43	33	53
76	423	664	358	82	39	33	59
80	400	647	357	75	36	33	57
76	368	649	374	80	32	34	61
77	370	691	398	102	44	38	63
78	392	684	418	114	49	41	65
66	385	660	365	113	52	36	54
61	381	679	363	116	53	36	53
60	390	743	341	113	56	36	46
67	409	680	311	92	48	31	43
60	391	620	247	82	51	33	44
66	382	561	247	77	49	33	46
65	440	603	324	81	50	33	43
66	400	575	327	82	48	35	43
73	384	679	433	100	52	40	53
81	406	681	436	107	54	39	56
80	429	712	453	109	52	41	59
81	380	774	439	108	52	44	63
82	417	743	448	106	50	43	64
74	414	681	425	98	48	39	55
68	402	704	478	91	42	37	49
62	385	674	463	92	40	35	42
67	388	656	424	94	44	38	48
72	331	650	432	109	47	39	46
74	313	646	430	124	54	40	49
75	327	612	361	125	57	40	51
