0	1	2	3	4	5	6	7
123	459	503	416	99	45	40	128
126	451	527	446	113	52	44	108
138	470	540	565	141	57	43	110
167	419	538	609	150	56	45	115
176	417	519	614	156	59	48	104
169	286	470	561	148	58	48	119
171	335	474	544	143	57	47	120
146	339	537	504	138	58	47	120
145	372	527	474	136	63	50	121
139	424	579	547	143	64	49	129
155	419	582	604	154	68	53	138
167	404	663	672	165	68	55	145
181	405	621	619	150	65	57	145
163	422	650	599	139	56	52	141
200	369	650	533	128	59	53	154
187	358	683	470	115	58	49	143
179	355	576	397	113	58	48	143
177	347	702	508	143	65	45	132
197	364	702	504	152	69	51	161
162	365	727	499	157	68	49	163
169	440	729	519	158	65	46	158
173	454	798	487	146	64	45	158
171	473	730	356	112	54	43	161
149	421	776	369	106	52	40	127
177	464	724	328	93	48	40	102
198	414	826	309	91	53	42	98
191	375	775	321	89	53	39	79
185	355	785	338	91	58	43	78
191	376	737	330	92	62	42	81
196	346	722	341	101	70	40	96
187	366	658	408	118	87	46	113
192	420	721	417	119	85	45	137
191	440	683	391	117	83	45	151
192	425	731	403	112	79	45	158
166	407	726	393	100	72	47	151
183	366	648	338	90	52	47	156
202	305	610	363	97	56	49	143
207	250	573	392	101	56	51	129
193	345	517	365	100	62	52	131
200	343	588	392	109	62	52	133
205	396	558	387	103	58	46	110
191	438	506	337	98	57	47	105
177	458	621	478	151	66	44	96
185	473	604	513	185	65	46	88
196	512	638	524	197	72	46	100
169	493	659	581	224	79	50	115
166	464	657	576	222	82	51	116
166	470	570	460	191	76	52	124
169	393	578	459	171	73	47	118
153	342	491	473	162	68	48	124
192	333	505	426	131	61	49	128
193	398	532	470	136	66	52	135
197	432	633	493	146	66	51	142
193	463	633	475	134	65	53	172
187	476	821	540	158	69	56	163
139	473	834	607	184	78	56	154
132	429	840	620	196	74	51	150
132	380	759	592	190	71	51	154
142	347	792	580	188	71	51	130
144	386	647	579	175	69	50	129
141	386	682	506	168	61	44	141
143	375	718	478	160	63	48	148
152	373	760	515	170	65	47	149
167	404	743	532	170	61	44	148
163	364	695	495	188	54	37	158
169	380	722	628	198	60	47	147
175	379	687	627	195	57	44	135
177	374	700	634	188	57	46	129
152	313	749	630	190	61	48	130
144	347	773	592	164	62	49	112
148	346	696	547	144	62	44	113
147	363	676	538	153	63	46	111
160	364	638	542	188	71	45	104
156	378	635	689	201	72	51	90
177	334	658	737	225	76	55	111
166	321	661	737	240	76	57	134
173	305	698	768	247	79	56	140
170	376	726	845	244	82	61	134
173	395	691	775	248	87	61	147
160	401	709	813	234	86	62	139
158	433	863	883	245	93	69	123
147	423	865	1068	332	117	85	154
158	369	884	1179	383	138	99	173
160	370	944	1253	397	144	103	172
182	474	973	1254	403	149	104	173
187	455	882	1232	392	149	102	168
184	537	919	1137	332	137	96	142
160	554	944	1009	286	121	88	118
164	554	880	971	268	113	82	106
136	480	817	952	261	107	80	109
141	567	790	935	253	98	74	110
140	496	748	964	245	99	74	109
134	471	686	916	204	85	66	109
130	459	691	898	203	85	67	114
132	528	731	888	196	85	65	101
147	432	707	823	186	84	67	108
152	476	688	731	171	73	60	108
146	477	688	789	193	80	60	106
145	476	710	739	180	75	58	94
140	456	713	717	172	73	58	95
129	490	718	718	170	72	54	84
170	556	726	737	181	70	50	95
180	574	697	708	187	70	48	97
179	586	676	724	191	74	50	104
179	558	610	789	224	85	58	116
169	544	619	766	221	84	59	117
132	467	699	776	214	84	60	103
136	490	676	744	193	78	60	130
146	524	666	735	187	74	58	136
177	502	656	692	156	68	52	126
182	520	752	808	182	73	58	129
181	503	659	793	182	73	62	148
180	485	713	841	187	77	64	139
175	414	667	804	183	75	62	137
149	495	671	819	203	74	65	149
153	461	628	789	196	75	62	148
151	493	714	823	212	79	63	131
146	489	690	755	201	72	57	121
160	516	761	757	200	73	57	126
162	470	804	701	171	68	49	117
189	526	800	668	162	65	48	138
190	476	788	537	119	53	41	136
183	456	827	509	118	57	44	135
165	439	827	585	136	67	52	140
153	425	845	565	132	66	51	139
123	461	781	563	138	65	49	132
108	486	792	590	144	68	51	134
137	502	867	619	142	64	49	143
141	538	872	561	129	59	49	150
151	515	885	551	126	58	53	153
148	531	948	534	111	57	54	140
171	521	941	490	110	57	58	146
150	538	909	482	111	58	57	143
167	524	917	483	106	56	52	119
167	518	865	492	114	61	53	109
170	403	806	422	107	57	50	125
148	397	794	491	112	61	47	130
165	378	790	518	125	66	52	121
152	378	880	605	143	76	57	121
153	429	963	613	140	73	55	129
135	506	1031	617	140	73	53	109
149	585	1046	667	152	76	57	95
168	615	1002	665	149	76	57	106
183	596	853	590	140	70	55	116
176	575	837	631	152	74	55	115
182	561	828	652	156	73	58	127
183	489	794	543	137	67	53	143
152	475	765	556	126	61	48	148
130	482	814	530	115	54	45	153
143	487	771	469	93	46	42	155
138	436	702	552	121	61	51	153
126	460	675	649	143	69	52	147
133	445	799	690	155	71	54	137
131	445	785	702	157	73	54	122
112	460	836	747	164	74	55	116
109	460	893	710	148	64	47	119
113	429	966	665	136	54	44	101
107	487	945	709	156	64	50	103
111	493	943	696	154	63	50	99
116	555	899	665	159	66	49	107
127	546	861	639	157	66	48	103
127	574	766	616	156	66	46	108
136	531	740	526	161	75	56	123
125	522	841	633	183	89	65	139
129	446	811	658	180	90	70	148
118	463	820	707	194	95	72	145
118	443	857	774	220	103	77	153
116	468	850	799	208	91	65	142
115	497	759	781	207	86	59	138
116	503	884	854	226	89	61	140
160	525	1055	1058	289	119	84	171
165	523	1051	1144	295	122	86	162
164	504	1090	1152	300	123	90	172
174	473	1111	1121	308	123	90	168
174	474	1050	1106	304	126	91	151
142	428	845	882	249	100	73	126
141	398	847	734	228	91	70	137
146	392	795	747	256	100	68	124
153	461	853	778	299	113	79	132
155	438	836	790	346	131	95	140
178	445	868	843	360	137	98	148
179	459	889	854	356	136	97	140
174	473	917	849	341	135	96	144
173	443	852	933	385	137	94	158
176	488	814	911	346	114	73	174
185	494	802	905	329	102	64	160
179	482	823	967	349	107	63	159
178	448	777	975	380	121	69	171
178	394	751	941	303	114	64	153
178	334	829	942	305	118	65	134
141	295	794	913	315	131	71	138
150	340	719	870	325	140	79	139
157	359	730	817	280	130	86	130
157	375	747	737	285	124	82	126
152	441	709	720	290	125	84	125
168	461	736	778	288	123	91	128
156	451	777	743	257	108	85	120
142	411	739	831	274	113	84	109
121	439	767	872	291	117	87	106
120	353	776	895	288	125	89	104
91	357	794	918	286	124	88	93
105	360	890	1012	319	143	100	102
121	362	1007	956	302	136	93	109
150	391	959	931	277	129	93	124
145	433	931	900	292	120	92	122
153	436	957	890	305	116	86	121
153	480	871	806	286	98	73	126
164	496	732	766	317	94	68	120
147	475	780	850	309	92	64	114
157	434	742	801	281	86	57	121
150	395	701	714	253	79	54	119
160	323	740	749	264	86	62	108
177	355	917	955	282	126	85	114
175	317	975	996	299	138	96	109
172	330	1079	1060	318	146	101	103
188	342	1205	1236	362	162	113	111
182	378	1211	1240	353	159	112	127
150	331	1160	1172	325	132	99	122
142	311	1133	1048	353	141	95	119
142	330	1068	1010	347	136	93	121
127	393	919	813	300	114	76	128
119	463	900	863	348	130	83	116
111	490	874	761	358	134	84	118
115	506	795	771	316	112	77	117
125	549	753	782	335	118	78	123
124	521	776	783	343	118	77	107
127	441	755	684	286	101	70	110
128	442	683	668	246	91	62	101
128	449	674	667	237	94	66	101
120	435	690	651	183	82	61	84
114	470	610	576	158	81	58	81
112	478	592	521	131	69	52	75
124	446	645	587	152	68	53	84
129	422	681	612	150	67	51	82
122	382	700	590	151	66	50	90
142	333	776	639	158	66	51	94
141	312	728	604	150	62	50	89
128	321	638	569	145	66	52	82
139	357	709	669	175	71	61	94
144	343	655	645	177	71	63	92
123	343	554	622	176	70	63	89
114	418	601	716	197	75	63	89
113	438	609	707	193	70	62	87
99	424	562	706	186	73	58	74
114	434	583	714	182	73	57	68
124	460	619	803	200	81	60	73
126	395	572	728	183	78	59	73
130	427	575	736	178	79	60	74
135	431	476	652	164	74	53	68
123	425	501	640	162	75	53	67
123	399	547	668	217	97	71	91
139	415	549	697	232	105	77	97
138	349	526	676	237	105	77	97
137	331	539	661	229	102	74	97
129	342	515	672	229	100	73	102
130	352	566	638	182	81	60	114
119	320	604	595	160	67	51	110
120	337	626	576	149	63	49	114
119	373	658	611	174	72	58	121
120	349	672	650	175	73	59	131
131	343	587	524	147	64	53	113
129	329	532	526	150	65	54	114
133	344	590	546	152	65	51	115
127	332	624	560	127	59	44	108
125	335	620	497	122	56	41	90
96	314	590	477	120	51	39	84
142	363	642	502	121	54	46	104
143	353	645	554	125	57	51	99
141	391	655	626	147	64	54	99
141	404	667	685	169	73	58	110
149	392	665	684	166	75	59	102
141	462	693	727	169	76	56	105
138	463	671	701	166	74	53	105
142	434	668	626	160	72	54	123
153	452	653	566	141	66	54	123
161	458	686	578	142	64	56	127
137	353	698	520	134	62	55	112
136	360	683	473	125	60	54	119
134	363	731	489	119	50	48	115
119	336	734	550	133	59	45	114
110	413	735	551	132	58	40	112
102	417	827	625	155	66	41	107
98	412	846	634	163	67	41	105
121	423	762	573	155	67	43	102
122	432	801	518	140	60	42	98
150	355	858	589	166	69	49	117
172	390	746	534	155	65	47	116
175	391	739	544	154	73	57	132
158	384	749	528	146	74	54	123
185	378	690	516	145	71	53	142
171	396	656	426	118	64	47	136
161	450	715	519	134	74	51	139
165	426	721	510	134	73	46	120
180	388	704	496	131	81	47	120
177	395	791	635	177	98	53	94
168	386	801	657	183	102	55	82
172	351	775	568	168	103	51	82
174	374	793	627	182	113	52	83
180	388	827	633	186	111	53	99
156	405	798	497	143	97	44	98
175	482	812	539	146	96	45	102
180	491	802	514	152	93	47	104
228	520	750	434	134	73	44	133
225	531	788	440	132	65	43	121
227	499	736	443	139	70	47	125
211	447	651	383	134	69	45	116
218	400	604	382	114	57	43	137
161	396	653	385	109	54	42	107
147	393	530	373	112	61	44	132
155	415	508	361	102	54	42	133
176	387	488	305	86	50	43	137
140	403	464	285	88	49	42	110
136	340	360	276	83	50	40	114
145	327	371	287	82	45	38	87
152	316	396	282	81	44	41	87
127	320	435	292	85	47	39	91
131	303	473	281	86	49	41	92
135	326	535	280	88	48	42	98
115	331	557	254	80	47	40	105
127	317	616	306	97	52	39	114
130	333	612	301	94	47	37	113
157	333	548	290	87	43	33	119
157	351	496	307	95	47	35	110
165	366	490	341	99	43	33	108
162	390	447	314	87	41	37	100
173	386	454	321	86	41	35	97
147	358	552	335	92	45	38	92
145	336	564	333	104	47	36	118
166	366	589	322	104	51	40	122
152	358	582	343	106	50	37	121
137	371	599	384	120	56	39	126
139	395	539	389	116	55	37	137
143	411	645	382	105	52	39	126
114	418	641	399	108	52	35	116
119	472	709	399	108	51	37	118
116	471	753	407	103	44	37	114
117	503	787	429	111	46	39	101
161	550	782	550	142	59	43	97
165	534	780	564	147	62	47	96
179	522	779	599	157	68	48	88
185	504	702	564	153	69	50	107
224	505	669	553	148	66	50	120
194	486	623	443	119	53	45	111
189	489	631	397	106	48	41	118
168	449	569	341	91	40	39	120
163	439	584	395	96	41	38	108
116	382	662	413	103	47	40	91
115	351	649	450	97	44	40	99
123	316	656	459	97	44	42	95
126	303	702	457	102	44	41	87
121	313	756	428	95	44	39	80
128	343	679	391	88	40	36	112
132	302	697	323	85	39	34	126
137	347	736	354	92	43	34	124
133	363	687	332	83	41	31	124
132	370	628	305	77	38	30	126
121	379	752	346	82	41	30	117
121	390	760	434	104	53	41	106
116	336	707	413	98	51	40	105
112	330	696	439	103	51	39	106
126	334	691	455	105	52	40	109
126	353	560	447	103	49	40	91
120	375	578	439	98	39	33	80
125	428	612	512	111	43	34	75
136	425	635	485	105	41	35	85
127	416	656	478	105	42	38	77
122	365	660	471	105	42	37	86
124	365	621	461	99	42	38	88
117	323	595	387	80	36	38	90
105	307	579	526	112	45	43	82
114	342	566	529	113	46	43	97
111	343	585	555	122	50	46	110
106	322	525	561	127	51	44	130
102	320	488	574	132	55	48	147
102	328	484	469	113	51	43	155
131	308	567	515	125	53	47	180
130	317	587	539	128	59	49	181
137	320	689	510	119	59	48	177
147	315	691	559	129	66	50	171
162	342	729	602	142	70	53	170
146	373	713	607	151	76	52	141
149	469	719	608	150	74	49	131
182	499	688	638	157	75	57	129
185	564	773	690	176	76	55	122
198	556	769	715	186	84	57	116
192	553	802	738	194	79	53	113
208	538	815	863	233	90	59	137
189	627	825	874	234	90	57	130
179	610	864	802	238	90	62	142
168	642	922	774	249	83	66	146
175	647	967	778	233	82	70	145
156	692	998	670	209	71	67	131
150	585	993	626	226	75	64	138
146	542	950	632	208	74	56	123
141	549	890	681	182	70	50	127
142	551	787	628	196	72	49	126
160	459	748	634	199	77	56	119
145	461	761	632	179	71	55	105
144	448	709	710	197	74	61	113
132	411	737	716	245	85	62	105
131	355	708	821	262	88	66	118
100	295	679	794	281	86	61	108
115	282	656	831	283	87	64	114
117	318	635	793	309	90	64	109
124	307	648	768	291	86	61	104
116	386	670	676	269	83	53	82
117	392	636	622	234	77	52	87
117	416	619	572	240	76	51	87
129	422	630	520	228	65	43	98
136	430	513	556	213	66	48	105
138	440	516	581	229	71	48	110
155	456	558	640	247	84	50	112
152	475	522	638	257	86	51	109
159	464	579	655	226	93	54	108
159	497	609	631	218	92	52	113
160	452	614	552	201	87	53	108
176	446	619	489	188	76	52	98
191	420	686	584	191	80	55	112
181	432	690	681	205	73	55	99
190	387	725	732	234	78	60	99
194	382	743	798	247	81	60	113
180	357	694	806	236	81	60	117
160	343	619	757	228	80	56	102
163	317	593	653	244	85	59	108
147	323	514	601	220	78	51	95
140	339	461	556	227	79	53	83
158	343	470	584	226	81	52	80
175	339	469	541	207	78	53	86
167	332	474	544	187	75	49	85
160	326	546	542	198	71	48	98
148	299	609	525	175	65	45	100
117	324	604	471	177	63	42	113
90	364	651	465	170	59	36	104
106	419	634	439	139	51	37	96
116	431	590	355	111	47	38	84
127	428	521	330	93	45	38	81
122	417	532	407	112	44	44	65
119	445	497	447	122	44	45	65
123	428	467	454	121	44	41	64
115	404	452	478	130	46	41	77
125	403	467	518	150	56	49	90
122	405	494	476	136	56	44	92
123	363	459	465	135	60	44	91
106	362	518	469	145	69	43	99
111	340	507	395	128	69	45	96
91	359	472	370	106	62	33	83
88	354	434	382	101	58	35	79
109	308	506	365	99	58	36	95
121	280	403	364	86	48	39	96
129	281	406	371	85	44	34	88
129	265	455	330	82	45	36	86
144	292	502	380	95	51	42	104
129	305	441	387	97	50	42	95
128	304	446	360	93	50	39	89
131	326	454	362	99	53	40	93
129	341	415	369	112	59	49	100
116	315	346	279	100	52	42	102
117	312	325	279	94	50	44	98
126	309	323	280	92	51	44	97
159	305	344	300	97	52	45	94
163	260	327	306	101	52	41	87
165	243	326	301	100	54	43	64
169	259	304	311	106	59	44	79
177	233	331	341	112	60	44	90
144	213	312	335	106	57	44	88
149	219	324	326	92	50	41	92
157	249	348	339	95	48	41	93
157	223	406	372	103	41	38	89
145	256	390	395	109	38	40	83
137	276	386	407	106	37	41	85
136	340	382	424	111	38	40	80
126	338	403	462	114	40	39	81
127	352	373	437	124	39	41	76
130	327	359	415	126	39	38	79
140	328	361	413	135	47	39	79
141	259	354	454	159	55	42	82
146	256	347	414	160	56	41	99
163	251	345	392	141	56	41	95
152	273	393	420	142	60	41	90
146	257	388	469	155	69	45	96
162	261	440	420	131	66	40	96
160	240	466	457	131	64	41	78
140	236	493	455	132	65	41	85
