0	1	2	3	4	5	6	7
610	546	683	529	154	155	304	356
500	466	729	579	187	178	283	372
519	412	760	607	185	175	281	461
474	419	843	606	184	174	292	499
405	436	892	620	175	159	224	488
400	457	928	601	181	158	199	532
528	498	971	615	163	139	191	524
497	559	1032	714	175	147	196	529
510	589	1049	714	184	134	154	567
521	654	1112	792	242	153	179	654
522	716	1129	763	231	154	184	692
514	789	1149	751	230	150	184	820
607	761	1157	708	242	160	190	861
708	759	1260	730	244	163	195	863
756	706	1225	726	207	145	185	805
825	584	1195	802	217	138	178	806
753	463	1202	822	227	139	176	725
684	433	1240	797	215	124	156	650
618	411	1171	863	233	123	142	602
626	399	1214	880	264	149	157	658
577	399	1216	852	275	156	156	613
633	420	1247	883	269	172	195	581
640	475	1136	983	291	182	211	587
634	440	1065	954	302	208	246	819
612	423	1023	917	281	196	251	817
559	424	1098	895	265	188	262	888
554	383	981	833	258	166	232	930
604	275	1003	672	221	150	216	927
535	274	1013	588	166	102	172	738
595	261	991	556	140	81	148	777
618	224	846	501	130	85	126	694
582	211	831	451	126	89	129	640
574	201	883	478	153	121	171	689
592	218	992	525	161	119	174	670
529	245	968	546	170	125	173	617
504	243	973	544	169	129	177	592
485	267	977	592	171	131	180	544
423	265	918	568	142	100	138	446
433	249	772	543	140	108	153	495
411	227	736	541	148	106	144	445
480	229	770	552	156	106	146	498
572	214	737	473	141	101	139	506
582	219	750	503	149	106	144	515
556	227	760	488	142	95	121	504
585	252	784	477	140	92	107	507
549	257	765	516	149	96	113	477
471	324	766	621	168	102	119	498
460	337	728	633	168	97	115	491
467	348	681	641	171	99	115	497
456	332	676	594	155	100	128	563
436	355	644	588	151	98	118	544
564	309	654	507	138	96	116	654
588	301	677	453	134	97	118	671
596	299	776	415	126	94	116	636
642	335	790	468	130	102	128	641
643	310	803	436	122	94	120	644
532	285	827	402	113	88	115	558
541	301	872	456	124	91	121	625
513	279	820	448	126	93	121	633
398	226	764	363	110	70	88	646
409	242	744	347	104	64	91	669
399	256	793	343	105	65	94	676
398	225	764	270	90	60	95	645
411	237	747	284	92	58	95	625
396	228	734	304	95	55	86	514
362	206	783	351	105	63	87	531
417	183	684	368	115	76	106	528
391	189	683	357	109	74	94	482
401	212	653	370	123	84	118	602
445	281	835	432	141	94	127	613
472	277	849	375	127	89	125	587
438	304	888	360	128	100	133	619
446	308	924	358	131	103	134	604
424	303	978	330	116	94	113	512
436	273	912	265	104	90	124	534
413	305	877	268	112	94	123	526
422	280	867	254	100	71	94	423
377	300	848	305	111	73	99	457
416	294	847	309	114	77	99	429
369	308	811	282	105	71	73	364
375	301	892	308	109	70	72	338
374	307	977	310	112	74	82	361
438	301	956	260	98	77	85	356
399	283	934	246	91	72	83	335
377	249	993	229	85	69	83	528
377	228	942	202	73	69	88	557
332	224	856	217	73	64	75	561
289	248	827	307	96	74	100	638
336	295	828	361	107	88	110	743
384	307	835	373	109	91	112	717
394	303	773	367	105	88	111	711
471	308	758	377	112	92	122	756
480	259	750	370	119	81	103	670
472	225	768	368	136	81	104	614
462	188	620	351	145	80	109	508
528	269	702	394	157	84	106	556
572	271	739	404	161	85	106	513
577	325	885	417	185	94	109	623
610	330	905	387	172	83	96	585
685	343	927	405	168	85	99	635
692	292	925	426	181	88	106	626
643	282	915	420	182	86	104	619
665	229	864	368	142	75	103	537
624	202	819	361	146	79	110	534
645	178	870	367	143	78	108	506
603	156	807	315	119	73	104	479
618	179	847	293	109	81	116	476
625	169	785	290	116	90	117	539
676	226	819	366	146	86	114	627
625	249	840	357	155	82	108	635
710	284	945	389	158	81	106	605
706	282	924	446	178	82	84	587
658	291	898	445	194	71	65	579
623	256	830	393	175	81	91	555
569	237	801	389	179	80	90	547
424	231	667	415	199	82	95	568
403	260	606	380	200	78	105	638
385	259	726	435	188	87	113	582
351	270	749	452	193	77	89	492
382	283	737	497	202	83	85	470
410	290	766	496	226	84	79	488
496	260	776	499	235	78	67	388
527	266	743	468	236	69	53	365
537	250	758	525	259	87	64	468
500	258	721	530	253	87	76	499
509	224	708	490	226	93	89	473
447	229	742	503	207	90	92	517
410	227	723	504	209	93	96	512
414	228	821	438	167	76	90	428
417	245	846	478	213	103	126	404
373	268	879	584	247	110	125	379
297	264	927	567	260	115	128	327
297	249	904	590	282	123	134	372
302	253	940	590	311	135	139	389
322	240	922	531	304	117	110	381
326	226	914	400	306	119	115	440
305	219	897	410	318	118	105	430
336	227	943	359	302	122	104	395
303	239	807	367	294	126	111	390
276	239	926	402	301	139	112	397
351	265	970	505	297	141	114	339
349	271	941	520	302	146	125	379
330	283	919	562	309	142	124	401
339	286	993	541	291	133	116	412
370	324	981	599	318	160	123	385
339	288	939	528	306	162	120	384
362	293	991	554	312	166	123	384
360	281	951	533	341	166	125	378
357	280	883	638	568	177	127	346
348	245	872	804	668	161	115	323
324	259	848	853	754	167	120	323
310	260	889	919	771	172	119	291
323	265	884	936	770	171	113	282
336	326	886	878	654	161	114	309
301	302	810	680	541	140	112	314
275	328	810	634	416	118	110	317
274	338	737	498	370	94	98	297
269	365	820	523	364	94	97	265
307	315	862	578	446	117	88	232
350	366	934	597	451	136	102	235
370	373	943	579	446	147	99	284
358	365	883	566	435	154	104	302
335	339	860	551	442	159	102	298
305	336	945	663	517	169	109	304
291	291	841	646	522	163	99	309
263	245	897	642	525	155	84	278
282	237	944	658	547	155	86	253
291	226	916	702	563	168	92	260
271	209	815	555	391	140	83	281
248	196	820	523	367	129	84	312
267	279	816	555	380	140	97	294
245	303	827	558	379	142	91	319
223	322	876	507	380	131	85	330
207	398	881	592	437	161	97	339
188	403	961	613	427	175	109	323
166	411	986	642	485	181	108	326
179	414	1009	681	582	210	119	296
199	412	1020	656	582	216	127	306
226	411	992	583	604	199	119	278
221	464	1018	594	625	197	107	293
251	479	951	555	566	187	108	358
311	506	894	721	685	225	136	380
310	541	913	716	672	213	134	365
288	512	996	735	621	213	136	357
321	497	927	777	632	210	143	445
298	449	1033	787	658	223	147	398
232	401	1029	621	430	159	110	387
232	367	1004	623	436	159	104	396
251	374	963	577	416	156	100	405
210	384	987	514	389	148	88	276
222	379	944	676	520	148	85	318
213	445	941	722	572	176	89	313
198	458	971	753	559	171	89	301
186	549	1004	788	572	168	90	328
201	534	972	815	593	171	101	328
159	530	1018	663	463	151	86	309
182	505	1067	638	383	113	100	316
187	603	1056	676	384	128	102	324
192	557	1018	741	416	135	100	317
202	548	1014	683	393	140	94	336
234	554	984	676	371	142	94	319
272	592	1102	684	370	135	76	341
392	467	1103	655	405	153	98	325
425	425	1059	632	404	150	103	296
425	482	1068	659	421	146	99	251
421	495	1078	698	460	152	102	225
406	432	912	648	492	157	100	156
306	479	828	619	474	140	90	157
249	463	853	541	428	140	96	140
224	441	870	567	387	135	94	132
210	463	836	571	351	125	90	158
261	451	888	542	275	116	94	189
264	487	1033	549	247	101	81	190
289	498	1082	626	289	111	77	236
314	482	1100	610	279	108	78	252
335	490	1148	594	256	107	79	246
299	542	1108	614	253	104	75	228
277	498	1078	625	230	103	75	246
258	619	1030	610	176	84	63	206
279	623	1046	694	189	91	78	219
292	650	971	671	189	86	82	221
300	669	965	663	183	79	79	272
317	727	908	669	190	77	80	305
332	625	936	675	187	81	82	380
301	737	852	612	167	70	72	381
284	674	878	627	172	72	70	392
255	611	914	631	172	72	69	371
283	555	913	607	167	72	70	336
281	541	893	560	156	65	68	255
295	429	875	503	139	60	64	247
342	475	860	557	160	72	74	261
366	556	879	665	234	89	81	250
332	623	859	656	241	92	79	257
317	739	923	719	256	94	81	249
297	730	1043	721	257	97	80	260
246	745	1010	689	251	95	69	295
238	745	1024	585	189	85	66	312
239	746	1090	614	206	92	68	308
281	662	1032	523	188	91	69	315
302	666	919	528	191	92	68	301
315	711	911	542	189	91	74	261
299	668	859	586	200	94	77	233
320	611	806	599	199	89	76	240
289	617	787	605	196	84	76	264
282	603	798	647	239	97	81	260
291	539	835	668	244	96	80	225
296	531	859	693	242	93	75	234
313	552	821	654	221	91	75	239
323	646	905	655	227	97	75	205
322	618	889	610	182	83	75	294
296	626	921	613	188	85	72	302
358	660	843	554	179	83	69	323
365	648	946	657	198	83	66	335
377	579	900	637	189	78	61	338
372	620	922	629	184	76	58	292
404	629	865	685	191	70	54	304
346	630	911	800	269	93	59	291
306	697	803	734	262	91	57	271
313	702	748	740	266	90	57	317
321	715	729	771	274	93	59	284
362	694	728	698	264	102	73	321
451	660	728	588	208	86	79	329
463	568	764	637	213	87	83	326
457	515	783	701	229	93	84	310
593	477	774	742	254	92	86	391
729	522	778	828	271	83	89	364
753	553	710	802	253	74	89	366
846	535	656	737	242	72	97	383
936	563	659	725	235	78	116	434
871	563	691	690	208	78	115	401
834	487	664	574	196	86	121	455
794	529	771	669	231	108	133	508
863	595	770	681	231	112	144	531
1045	597	839	657	229	110	158	576
1135	583	816	689	236	113	168	620
1155	601	864	710	230	113	190	707
1182	606	835	644	195	97	198	703
1227	561	827	705	220	103	209	738
1129	590	760	692	212	103	205	721
1101	600	899	729	231	120	225	777
1163	696	964	747	233	127	214	753
1317	677	986	765	250	137	212	811
1304	666	1044	817	261	144	210	823
1292	712	1126	850	271	148	212	872
1313	716	1106	798	255	139	195	817
1244	682	1064	795	255	137	196	827
1251	668	1044	744	237	129	209	860
1245	708	1147	705	219	120	205	861
1211	620	1153	799	267	131	196	837
1321	636	1114	879	302	148	231	986
1327	578	1110	854	295	148	229	952
1227	640	1197	945	350	157	216	914
1120	619	1049	919	348	153	202	888
1093	670	984	938	337	143	200	868
930	728	1141	919	319	125	154	706
950	751	1123	903	325	136	222	842
846	703	1071	853	279	130	220	811
852	825	1117	840	281	135	237	807
930	862	1199	687	237	127	240	918
946	837	1108	622	225	126	240	912
871	814	1107	638	226	111	194	817
1002	841	1156	638	239	111	191	880
983	753	1154	719	254	108	172	897
976	784	1123	768	254	115	178	884
909	851	1049	731	235	107	175	915
877	852	1089	748	225	102	154	902
796	885	1028	723	207	97	150	840
775	950	1082	688	185	100	160	847
666	854	1001	616	192	106	156	733
684	849	1017	625	198	114	162	724
715	902	1012	619	196	109	151	716
674	835	971	637	200	121	181	743
712	742	857	544	181	112	172	697
725	758	834	549	166	116	167	666
776	669	849	648	187	124	184	667
737	646	781	611	179	124	190	633
775	649	866	573	151	115	168	610
737	675	856	583	145	118	173	628
681	648	891	555	146	118	196	654
602	703	855	489	143	113	175	620
607	695	865	502	146	118	166	596
506	680	865	517	150	120	152	636
541	638	905	589	172	127	144	657
537	646	886	635	184	112	97	684
502	600	888	640	176	104	93	727
505	564	833	609	168	102	92	773
522	559	784	585	161	89	100	712
624	593	884	473	134	90	115	706
615	623	891	411	115	91	112	690
631	552	878	311	73	90	108	626
743	607	870	368	105	107	166	703
757	626	777	358	112	113	168	701
654	614	582	385	119	104	156	678
712	663	572	387	122	106	167	696
683	676	536	369	129	107	170	670
553	608	550	338	114	87	112	541
536	583	693	381	117	88	117	618
572	579	695	358	108	87	123	612
590	465	701	348	105	90	124	566
638	447	704	373	107	96	133	668
687	447	780	384	113	111	149	690
700	445	772	360	116	106	146	647
671	356	741	358	123	115	146	632
609	334	708	362	126	125	150	598
574	376	697	451	170	134	142	504
514	405	676	455	169	121	128	487
442	389	582	446	169	122	117	416
442	380	766	460	185	131	122	450
410	379	753	491	204	122	104	531
488	311	762	394	172	104	106	509
467	327	768	373	172	105	100	455
454	342	795	358	165	99	107	583
519	352	750	347	148	77	95	600
554	361	778	330	131	77	96	543
541	399	830	339	135	87	97	583
527	417	807	375	147	88	98	583
591	424	787	401	151	91	90	507
616	460	775	428	151	94	99	509
577	464	788	488	165	100	100	492
606	432	755	457	149	89	89	571
627	357	826	425	131	85	92	615
575	454	892	431	137	87	93	589
513	455	856	420	138	82	82	629
539	449	888	344	116	68	81	627
426	463	911	436	142	72	84	515
520	479	831	447	158	81	84	556
504	372	795	434	153	80	85	557
533	322	760	445	151	77	93	485
530	335	766	432	144	69	81	549
565	419	810	353	121	69	77	565
499	403	846	330	107	58	74	504
545	426	858	339	105	58	74	531
472	436	859	335	107	60	66	621
640	440	874	332	112	77	87	668
636	375	832	374	125	75	85	647
596	392	846	415	125	76	90	622
615	410	791	397	123	71	82	637
669	402	820	375	133	84	90	575
522	419	802	381	130	73	80	537
513	439	743	349	126	79	86	556
541	414	713	299	125	95	111	618
473	380	720	310	136	100	119	593
410	427	762	393	137	92	111	557
387	401	679	408	144	92	107	500
470	378	664	407	143	93	106	518
478	418	588	433	146	80	77	458
499	468	601	416	142	78	69	397
511	416	525	372	142	86	82	443
514	413	604	417	158	91	82	437
400	390	648	411	158	83	74	382
374	385	715	383	152	83	72	359
350	340	689	379	147	81	71	444
312	344	697	333	136	74	64	385
273	372	725	331	121	69	67	444
255	399	761	354	124	71	70	445
250	372	725	359	117	65	70	465
269	351	775	374	115	76	84	458
278	352	766	389	115	70	77	449
286	311	721	303	105	65	73	364
296	315	701	282	92	62	76	421
296	304	716	284	92	64	78	414
274	386	762	288	103	58	63	350
264	428	821	293	113	62	63	346
375	453	818	315	118	67	68	361
397	424	844	315	121	68	64	306
429	468	860	328	129	72	65	384
424	411	848	330	125	70	72	408
423	393	779	375	129	69	77	472
445	370	838	417	133	75	89	561
479	368	785	447	145	76	99	613
510	364	770	451	142	78	105	611
553	400	786	466	155	80	104	600
560	383	767	420	140	78	98	562
510	411	674	464	143	77	87	527
504	435	686	484	150	84	87	481
438	453	746	506	158	78	74	450
407	446	809	511	144	71	73	545
468	436	920	510	154	87	75	525
463	410	950	456	147	78	71	481
421	381	959	397	131	79	69	555
423	298	899	353	126	84	79	563
418	262	816	345	139	93	86	507
326	269	713	373	146	82	90	555
310	251	731	376	157	89	98	538
375	316	707	400	166	80	92	453
360	336	719	388	158	72	86	415
377	319	690	366	147	61	76	372
413	316	764	385	166	61	68	329
383	321	698	346	156	60	58	337
320	270	718	339	159	66	61	464
331	274	697	342	159	68	57	485
317	323	678	445	216	74	56	542
386	319	593	407	200	71	68	575
428	345	637	405	196	64	68	581
456	349	736	491	204	64	74	492
496	344	745	490	204	64	80	519
491	342	769	493	168	60	78	469
453	339	769	508	162	62	77	446
425	326	729	528	170	67	77	444
389	312	626	429	151	61	71	435
346	295	745	565	203	86	84	514
341	270	829	515	212	88	96	557
364	298	878	516	216	89	97	619
403	302	940	530	218	91	99	626
402	316	956	546	225	93	99	684
503	345	928	439	193	73	83	617
498	323	816	445	179	72	72	611
583	309	780	491	190	76	80	627
607	311	735	552	217	79	87	672
652	326	756	565	224	79	97	648
587	330	761	550	221	77	100	678
605	338	870	530	211	75	97	732
556	344	919	554	204	77	101	702
618	367	1017	490	181	75	103	664
583	400	1028	515	175	72	92	662
565	391	1022	527	179	74	88	608
637	475	975	517	174	74	95	555
597	523	940	460	178	62	82	550
484	516	820	435	174	63	158	541
520	491	803	411	161	92	252	514
564	578	750	382	151	96	265	554
472	514	791	479	189	114	271	493
430	487	778	518	213	127	277	459
408	482	819	563	238	136	245	486
402	502	870	638	245	120	151	523
338	413	927	723	267	128	144	640
433	446	840	685	271	134	167	684
471	470	822	642	259	135	168	752
482	479	840	643	241	124	160	740
473	468	789	593	248	125	164	717
472	479	750	582	228	115	157	602
430	485	827	569	200	89	121	562
428	444	831	612	219	86	124	460
436	430	892	586	242	91	122	434
389	499	842	533	227	96	113	411
390	512	793	444	218	90	103	382
321	515	778	435	213	90	97	362
271	509	789	346	168	78	77	356
314	524	677	307	108	72	76	430
357	472	750	325	102	68	77	428
356	433	794	316	108	70	78	412
348	410	706	350	121	71	82	428
355	456	706	352	126	69	77	382
381	429	782	367	149	70	83	372
342	393	758	414	156	79	93	374
325	427	772	405	161	88	100	387
430	403	838	368	149	84	100	416
444	362	809	385	144	86	100	428
404	383	849	551	173	91	107	455
426	365	813	512	168	81	102	469
433	297	823	515	167	75	101	452
340	332	864	546	172	78	96	394
306	348	967	547	177	76	91	403
288	325	842	384	134	74	87	319
275	443	867	389	151	79	82	317
