0	1	2	3	4	5	6	7
89	413	457	143	59	35	31	37
91	410	479	149	64	40	33	39
119	541	503	281	101	56	41	46
181	641	507	297	111	61	46	64
205	637	598	314	120	64	50	71
215	662	614	320	122	65	52	73
220	675	605	312	119	64	53	73
219	624	607	203	93	52	50	72
164	551	674	181	78	42	44	54
132	562	615	194	73	40	43	46
150	675	666	191	74	41	42	49
159	685	673	198	81	41	40	50
155	703	653	200	82	42	37	48
180	689	596	198	86	44	36	50
191	667	578	161	78	42	33	52
207	649	505	168	86	46	34	53
201	623	571	187	81	45	34	54
194	583	601	210	84	50	35	53
177	662	581	216	85	51	37	48
170	684	631	247	91	53	40	45
121	528	695	318	95	52	36	36
130	585	660	320	94	52	37	38
134	639	704	318	94	50	39	40
129	559	751	340	94	50	40	47
124	514	693	327	95	47	42	49
124	523	617	277	84	43	44	50
112	491	581	282	84	43	43	53
113	414	534	317	95	42	45	55
130	400	501	317	109	44	45	54
136	402	537	369	117	52	50	82
152	392	544	440	119	51	52	118
196	390	556	450	124	52	55	130
231	342	574	462	120	51	52	145
237	330	569	522	111	54	58	178
243	321	562	665	144	56	58	180
268	432	693	693	158	59	57	176
258	423	727	720	162	64	58	188
283	499	708	747	173	72	68	189
288	491	675	785	185	73	70	181
301	492	690	701	174	78	73	200
353	464	580	683	175	80	81	216
344	476	564	758	206	90	95	221
332	514	621	847	229	95	96	211
358	537	659	795	227	95	95	216
352	530	664	797	230	91	94	217
478	521	664	785	234	103	105	254
498	526	689	739	215	97	94	238
488	502	744	655	225	105	97	255
547	479	789	696	227	111	100	269
609	529	801	691	228	113	113	254
526	490	923	745	226	105	104	280
567	521	947	812	245	107	108	329
615	489	943	860	240	98	103	333
599	515	924	898	255	107	120	323
544	462	922	890	246	107	108	352
521	459	858	936	292	125	112	310
483	379	841	903	284	131	112	271
428	422	871	1012	330	142	117	259
436	421	885	1005	337	140	106	271
457	455	948	1108	361	149	116	250
459	465	969	1048	331	136	111	277
509	530	1013	1061	344	138	121	316
506	494	990	908	285	123	116	322
490	514	1047	943	295	123	118	316
470	499	1045	852	272	107	107	318
433	512	1019	881	271	107	110	308
363	478	1018	845	254	97	107	285
403	452	1026	934	282	114	123	341
375	465	946	1079	313	126	133	366
400	467	875	1086	308	128	134	372
465	454	910	1090	301	125	134	347
523	424	883	1122	309	128	129	331
490	439	835	1094	311	124	128	294
522	455	946	922	278	119	111	262
564	443	1045	988	306	130	119	255
599	448	1061	993	355	139	116	288
610	480	1054	953	339	136	117	284
644	443	1034	947	363	139	104	277
625	405	968	1007	358	126	104	267
648	500	908	1053	400	140	108	292
608	509	960	1059	399	147	117	270
592	505	1088	1199	457	170	138	289
631	581	1197	1339	512	195	165	302
694	546	1224	1267	503	198	171	354
637	459	1231	1159	454	181	162	335
699	515	1145	1180	451	184	163	333
662	501	1068	1103	409	166	145	332
765	440	1042	963	311	130	120	382
693	439	1025	1072	344	135	116	364
691	443	1054	1181	377	139	125	363
645	374	1054	1166	361	129	122	379
693	426	1011	1146	357	129	125	377
517	414	954	1146	373	140	134	328
534	457	962	1045	379	141	131	296
511	489	886	968	375	166	148	308
465	464	849	926	361	160	143	321
476	428	875	1017	393	172	148	340
530	429	824	987	374	161	143	315
610	435	828	1031	334	151	138	315
624	397	844	999	300	121	117	293
612	411	860	985	303	123	119	264
551	375	794	834	241	98	106	234
509	410	810	877	232	99	96	250
383	351	698	847	231	99	100	252
373	397	654	871	255	107	95	251
421	417	672	914	254	108	89	263
423	428	759	925	262	111	88	261
386	373	763	842	245	102	85	238
429	401	930	852	245	102	79	267
507	375	971	862	233	99	85	273
477	336	1021	837	215	89	82	247
515	323	974	821	202	82	80	232
541	408	965	841	212	90	80	226
501	409	842	794	204	87	82	189
411	418	820	845	227	94	82	174
442	450	740	827	232	95	83	197
356	463	790	935	267	104	90	205
308	400	761	897	257	98	82	227
302	401	745	930	267	103	78	221
358	394	697	788	225	91	78	236
317	379	760	807	222	91	78	216
317	379	760	807	222	91	78	216
