0	1	2	3	4	5	6	7
66	348	365	341	101	46	38	49
59	334	376	377	107	45	38	66
58	272	354	375	103	45	40	79
59	256	345	412	112	46	41	81
62	225	338	407	107	44	39	81
60	220	368	416	115	45	37	77
56	256	440	413	121	52	40	65
58	278	458	435	124	56	39	47
56	299	478	458	124	63	41	46
68	348	572	540	145	72	49	55
71	352	547	524	146	70	48	60
75	328	509	521	146	68	47	82
77	307	513	493	139	61	45	105
79	320	549	469	136	54	41	106
67	302	483	421	121	44	33	101
65	308	492	408	110	45	33	101
76	306	485	421	118	49	34	88
69	340	510	412	118	53	37	61
67	335	448	390	118	50	37	54
74	314	390	308	115	49	38	74
73	321	398	315	117	49	43	76
58	336	395	272	97	44	42	72
66	329	343	250	92	41	38	69
67	325	342	220	83	41	40	71
66	328	376	255	72	40	40	55
71	309	417	227	58	37	35	49
65	289	395	202	55	37	32	44
57	266	397	204	55	35	31	43
63	326	376	196	54	34	32	43
74	457	429	131	48	33	32	40
71	460	373	107	40	30	27	34
72	483	383	104	38	30	28	36
82	566	411	98	59	32	31	37
93	542	475	96	66	34	39	53
90	515	412	91	73	34	53	178
88	519	398	95	77	36	63	264
89	519	410	98	80	35	65	270
85	478	481	104	68	35	65	273
86	548	476	102	62	36	63	272
93	523	492	98	53	34	51	214
119	584	554	96	51	34	41	95
138	616	551	96	47	34	39	81
136	603	514	82	40	31	37	67
128	554	488	87	41	29	32	59
130	514	503	87	64	32	37	56
115	440	555	86	70	34	36	48
91	388	545	115	77	35	34	39
95	354	500	123	77	35	36	39
105	361	514	139	80	37	35	39
94	344	513	254	79	37	29	36
89	339	392	275	77	36	29	35
92	325	389	270	70	34	28	34
90	335	372	273	71	36	31	39
79	308	443	272	72	35	31	37
68	315	411	217	61	31	30	34
64	312	408	216	61	32	31	34
57	335	404	213	60	30	31	33
52	317	398	210	62	31	30	28
45	290	256	235	74	34	32	30
48	271	242	212	77	40	34	32
45	255	235	203	75	36	32	32
44	193	219	201	79	38	33	32
42	192	236	201	79	38	32	30
40	147	230	207	68	36	29	32
41	168	308	206	60	37	32	32
44	176	317	209	65	39	33	31
84	180	318	223	66	40	37	53
90	157	320	223	65	78	35	54
90	151	301	179	59	91	34	52
88	119	204	178	63	94	32	52
94	97	217	254	66	96	32	59
77	87	219	265	69	98	31	40
82	91	215	294	82	78	39	40
86	115	281	494	144	71	44	46
88	114	295	551	160	69	46	45
83	109	263	520	158	66	45	38
68	108	262	516	155	61	46	39
56	104	247	517	155	54	39	36
48	66	164	338	101	40	34	28
42	52	173	227	70	31	27	26
34	47	162	216	66	32	28	24
38	42	160	191	63	31	23	21
36	52	156	145	46	30	24	19
35	54	157	147	45	31	24	22
36	53	102	128	44	31	24	22
36	59	99	120	41	30	22	24
39	80	103	121	42	30	23	25
39	76	91	113	42	26	21	27
38	79	108	82	36	26	21	27
39	79	105	82	34	27	22	27
40	95	100	75	36	27	24	28
33	83	86	74	35	26	24	25
36	100	89	59	30	25	24	24
41	120	61	51	28	23	24	26
39	135	66	44	28	26	25	26
36	129	64	43	26	25	23	23
33	127	62	40	28	24	23	24
31	113	54	40	29	24	22	25
25	98	83	48	32	24	22	21
28	83	79	49	31	22	22	21
33	82	79	50	31	21	23	22
33	82	78	48	27	22	22	22
32	84	80	46	28	24	21	22
33	87	49	39	29	24	21	24
31	86	49	39	29	22	19	23
29	79	67	46	29	22	20	22
30	81	93	48	29	24	20	22
29	79	96	51	27	21	24	21
28	67	97	50	26	23	23	20
30	86	98	50	25	25	24	23
28	98	87	46	25	24	23	24
31	104	58	39	28	23	27	24
32	112	54	34	29	23	23	24
32	113	49	33	29	23	26	24
32	96	50	31	27	23	24	23
30	85	45	26	28	23	24	23
27	97	49	28	28	23	21	22
27	93	49	28	27	24	23	24
28	90	48	27	24	23	20	24
26	96	47	27	24	22	22	23
28	94	48	24	23	23	24	23
27	87	43	23	23	24	22	23
28	110	40	23	26	24	22	23
27	112	43	24	27	23	22	22
27	114	46	26	30	26	23	22
27	113	46	31	29	27	20	21
27	112	43	30	27	26	25	24
26	111	47	29	24	26	23	22
27	115	44	31	25	28	23	24
29	111	38	30	23	25	23	24
29	115	39	27	25	25	26	23
