0	1	2	3	4	5	6	7
111	232	540	277	99	42	37	88
127	252	540	267	86	37	40	88
126	246	567	296	84	38	41	102
124	234	511	307	84	34	39	100
157	251	448	265	85	30	39	116
162	255	596	298	80	27	36	116
149	238	591	304	87	32	30	117
151	222	603	325	98	33	34	111
150	247	634	327	95	36	36	114
123	244	614	344	90	37	38	103
138	290	471	303	89	38	40	102
153	291	501	309	92	41	43	119
169	297	532	345	97	48	40	121
169	268	485	370	106	54	42	119
163	248	490	349	102	54	43	121
147	187	492	363	107	54	45	126
138	167	524	395	109	52	44	106
120	159	485	345	102	45	44	115
132	167	454	316	94	39	41	140
124	180	460	360	105	40	39	132
125	218	547	422	123	46	38	133
127	240	478	392	118	47	39	143
121	261	448	404	118	46	38	130
109	259	494	431	118	48	43	98
111	308	487	429	123	52	44	102
144	292	410	404	112	54	45	104
157	281	467	396	114	51	43	90
164	261	483	364	115	54	43	105
172	265	498	346	113	50	37	121
184	258	511	351	102	45	34	121
172	260	524	318	95	44	35	118
158	263	510	459	125	56	42	125
159	269	551	524	147	55	42	117
177	261	551	553	158	58	43	109
179	204	544	556	158	58	44	117
164	222	546	561	159	55	45	129
165	222	540	485	143	45	40	136
175	217	508	440	125	47	41	138
145	246	481	396	115	48	41	151
140	273	605	400	115	50	47	149
136	275	596	374	108	47	42	135
146	293	710	353	103	46	41	125
137	308	705	327	91	42	41	121
134	282	700	314	89	38	40	106
116	280	617	284	83	33	31	97
126	268	595	300	90	36	32	110
143	238	434	270	85	40	35	118
136	219	408	289	90	46	36	129
140	252	468	338	93	47	39	155
177	235	439	331	92	48	42	164
224	216	432	318	86	47	43	162
211	235	433	333	80	42	40	162
211	238	467	330	84	35	41	157
224	199	386	338	99	36	40	147
226	196	367	347	106	41	37	140
182	206	418	378	109	42	41	134
170	199	483	357	113	43	44	133
170	190	486	361	113	48	45	130
159	188	484	327	98	52	49	120
135	183	503	365	124	59	53	130
125	180	506	370	125	60	51	133
138	156	458	396	125	58	48	126
147	164	521	395	121	55	45	134
144	233	532	387	125	49	39	121
129	224	539	340	90	37	33	117
128	214	540	309	90	36	31	124
129	228	529	306	96	37	29	125
134	268	462	328	111	44	32	115
136	238	479	317	107	44	35	128
137	246	515	339	120	47	38	122
140	255	521	340	122	48	43	130
130	268	589	338	118	49	45	126
113	242	584	321	109	45	46	122
113	221	568	353	119	48	44	113
129	223	519	375	125	54	46	106
138	225	490	397	125	55	47	108
155	236	459	428	137	57	48	114
151	233	516	434	138	60	49	116
145	236	563	412	131	57	49	114
136	241	554	375	117	49	43	120
148	238	596	356	115	45	37	108
136	230	626	324	102	43	39	119
136	228	575	302	95	39	34	117
149	229	563	308	90	41	34	127
147	245	638	307	90	41	34	132
130	242	624	336	87	42	35	126
130	214	553	310	83	39	29	111
142	211	540	391	114	44	34	120
136	207	497	414	128	52	36	122
147	192	395	400	128	55	40	112
160	216	460	482	140	62	45	112
155	280	473	494	140	62	45	122
171	272	481	455	133	64	47	114
175	280	518	425	120	56	46	99
157	285	536	475	130	56	44	117
141	311	459	392	131	53	40	114
147	270	464	377	132	53	40	122
133	278	475	340	116	46	35	146
122	271	456	336	114	46	36	158
142	241	480	306	116	44	35	144
144	191	535	405	124	40	36	141
148	210	519	405	124	42	41	145
155	231	507	419	121	43	43	130
158	226	467	433	131	48	45	117
146	232	446	443	136	49	45	124
137	264	373	315	120	50	44	129
140	247	382	329	133	55	40	110
120	224	408	344	141	61	42	111
121	250	436	341	134	58	40	110
121	257	405	334	130	59	43	107
132	237	405	333	124	56	41	116
126	222	440	337	115	49	42	126
133	243	424	317	116	43	35	113
132	215	409	323	120	47	38	112
132	212	427	297	119	52	36	108
124	195	409	342	120	51	36	102
175	199	378	347	121	56	41	98
183	191	351	360	117	54	43	103
189	193	414	351	114	49	39	116
198	228	455	339	103	39	40	134
197	215	446	286	101	39	42	129
162	235	455	282	100	40	40	123
160	216	541	306	101	45	42	139
154	247	496	321	96	45	44	134
146	219	442	339	93	46	41	115
157	234	487	353	95	50	42	125
146	260	458	335	81	42	42	171
137	261	379	331	67	36	37	174
135	247	411	329	71	35	34	174
130	300	478	337	93	40	39	184
109	290	498	354	94	36	38	187
110	254	552	384	110	40	38	153
104	258	619	384	149	52	41	138
101	242	613	424	164	62	46	131
99	169	579	414	154	60	45	124
100	176	511	399	150	58	42	117
127	165	503	394	146	58	40	104
136	163	407	478	132	55	40	107
134	181	394	447	113	47	37	111
144	177	395	452	113	45	36	112
153	167	413	503	141	53	39	105
172	168	393	546	164	55	40	107
179	174	425	476	157	53	42	155
178	165	427	501	167	55	41	154
176	160	415	503	166	56	41	149
168	154	412	449	148	52	43	149
130	160	390	382	114	48	43	154
124	164	370	361	103	44	39	118
132	186	335	319	84	39	39	133
133	233	336	389	115	41	41	135
171	249	403	410	113	40	37	191
174	258	387	414	117	39	39	204
159	255	372	410	113	40	39	191
155	256	421	398	119	41	37	179
151	215	440	333	91	40	40	203
112	209	395	321	96	41	41	156
105	199	524	345	105	45	41	134
116	189	557	344	108	45	41	139
127	213	548	331	99	45	43	152
118	225	535	303	100	47	38	122
136	220	556	279	95	47	41	136
127	225	465	220	87	45	40	132
121	304	458	298	105	48	38	144
108	266	446	311	108	48	38	130
108	278	473	331	106	44	40	141
81	282	441	364	116	47	42	137
83	327	427	391	124	47	43	160
87	284	429	358	122	47	45	146
84	296	458	390	133	50	43	150
95	290	413	367	137	50	41	142
108	286	430	369	138	50	35	126
113	232	442	350	133	48	33	107
105	196	460	360	125	49	34	108
130	195	497	345	117	48	41	110
125	181	527	376	114	52	43	109
162	189	513	349	98	49	43	106
166	209	518	380	98	51	44	93
167	216	472	361	93	47	44	85
159	214	401	353	93	45	41	98
173	228	365	355	90	42	43	99
140	250	344	384	108	52	45	101
134	243	292	350	104	50	44	121
134	227	333	341	106	49	42	138
141	298	351	360	118	52	42	131
127	282	358	356	132	53	40	122
129	272	389	315	118	44	39	134
132	300	492	413	146	48	40	127
130	340	465	415	146	49	41	119
117	281	465	420	148	45	40	117
116	306	521	401	136	41	40	138
106	291	546	417	136	40	40	126
110	280	468	322	107	34	37	122
112	235	554	308	100	35	36	120
125	239	587	310	89	36	33	137
130	206	570	318	97	38	32	129
119	213	554	316	100	39	29	143
107	210	559	311	100	38	28	144
120	235	546	335	100	35	29	148
167	224	500	287	89	33	30	134
165	234	504	317	88	33	28	126
168	243	520	297	87	33	31	110
181	256	568	346	89	38	31	109
173	233	576	349	101	41	34	105
127	230	597	350	110	43	32	95
123	229	602	356	130	43	34	94
124	274	588	427	155	48	37	96
107	240	549	386	158	50	38	91
114	242	470	351	148	49	38	95
121	271	463	399	161	47	40	105
121	271	421	380	146	46	38	102
126	229	374	311	130	41	35	110
133	235	331	306	132	35	35	110
135	246	385	356	153	40	33	116
124	221	457	334	141	43	34	104
122	213	451	323	150	43	33	113
121	226	470	358	141	42	35	120
117	227	539	357	144	46	35	145
127	207	516	330	150	46	38	139
130	202	483	291	144	45	38	146
128	227	489	300	138	45	37	147
123	248	491	251	141	50	38	150
122	238	543	267	132	47	40	140
102	322	537	293	122	47	36	134
79	335	541	313	125	49	36	133
86	326	550	288	120	49	35	127
109	324	554	299	138	46	33	110
109	331	468	355	147	45	30	99
107	249	467	335	132	47	30	99
109	227	418	326	130	47	35	125
117	243	414	327	124	45	35	119
101	197	445	344	101	45	33	129
103	184	502	302	89	47	35	131
105	205	478	267	81	40	34	140
112	219	478	298	104	40	29	117
116	233	537	347	114	43	31	120
117	230	518	323	113	43	35	112
120	232	464	294	108	43	36	118
117	221	480	305	107	45	38	104
111	228	479	299	131	40	37	116
107	202	464	246	127	41	40	141
122	206	455	250	130	38	39	153
124	215	452	284	135	38	37	138
129	238	546	352	153	43	45	165
126	222	579	339	127	45	47	159
124	209	568	337	127	43	46	145
114	213	595	349	126	48	44	129
109	238	621	352	134	46	45	160
132	211	543	281	117	38	36	140
134	227	485	266	134	43	35	141
132	231	457	304	131	46	40	152
135	241	484	339	135	47	43	167
133	203	499	326	128	48	42	144
107	235	531	335	123	49	42	144
114	212	562	341	93	43	42	148
114	232	633	318	89	38	37	155
102	226	587	266	86	35	36	146
100	239	520	239	84	34	34	139
111	257	494	214	93	37	34	136
106	274	509	211	98	41	33	130
110	265	461	224	112	47	34	104
123	267	478	205	125	47	38	98
130	267	491	226	125	46	38	104
125	231	480	244	131	45	37	109
124	240	490	273	135	41	36	116
123	242	481	265	127	40	39	120
121	230	446	286	113	38	33	119
129	256	436	330	126	40	33	116
133	259	519	336	119	40	34	125
133	302	517	333	119	42	36	117
131	289	493	352	120	41	32	105
130	291	525	356	126	42	32	105
120	265	576	347	129	41	32	115
154	259	499	344	132	40	31	108
157	178	463	323	148	48	31	99
167	170	443	318	150	43	31	102
155	178	418	326	147	46	33	108
160	257	378	319	143	46	34	100
122	295	442	401	148	49	34	89
119	305	495	419	145	48	37	94
99	380	578	403	146	53	40	108
103	381	582	391	149	55	41	98
91	334	556	385	139	56	43	95
87	296	542	285	127	53	43	103
81	289	482	268	101	48	39	104
105	195	420	297	96	46	38	90
115	190	415	294	94	46	39	100
113	231	438	278	110	43	35	97
125	241	440	294	121	46	37	105
133	235	473	274	115	41	36	106
118	224	427	223	113	39	35	102
110	218	466	249	106	32	33	100
112	157	458	279	101	36	41	128
114	172	435	292	89	34	38	140
110	187	492	304	92	36	42	135
161	214	521	328	106	39	42	145
170	253	500	303	113	40	42	153
169	279	499	282	112	39	38	136
166	272	505	294	113	39	39	111
172	281	428	286	113	39	35	113
134	302	438	326	123	39	35	117
122	274	424	364	150	40	34	105
121	259	434	364	149	39	33	103
128	284	402	354	155	44	36	105
131	308	440	415	177	44	36	102
125	274	424	387	182	47	39	85
126	281	446	367	154	45	41	89
136	333	457	384	151	44	40	92
137	317	491	400	162	42	41	107
127	320	443	337	141	44	41	110
117	316	457	365	124	43	38	116
131	312	415	357	121	43	35	113
125	258	398	322	127	43	35	108
108	257	379	285	112	46	35	107
104	205	397	284	115	43	34	108
146	217	354	263	111	46	36	106
149	276	405	299	145	53	39	110
145	286	409	371	157	62	43	105
150	284	392	399	155	63	42	97
150	311	411	394	153	63	43	99
129	333	476	365	150	59	42	106
124	283	522	328	128	54	40	106
126	279	530	249	103	45	36	104
119	267	564	212	104	38	33	93
122	244	580	265	115	46	35	100
116	218	527	302	114	43	37	86
106	239	454	416	138	55	46	121
103	242	450	433	142	57	47	122
102	238	486	432	141	59	47	133
113	243	468	415	137	55	47	127
104	235	502	407	134	56	45	129
102	206	543	328	125	47	37	102
107	181	546	307	128	43	38	138
113	197	489	292	123	42	40	137
106	209	521	296	113	40	38	153
102	198	484	269	114	39	42	150
97	198	458	220	92	35	42	157
101	214	458	257	107	40	46	131
101	216	458	294	107	37	45	141
91	192	392	295	115	47	46	123
112	200	399	416	128	53	47	136
119	205	379	439	148	59	47	142
165	203	402	445	139	59	46	145
171	203	392	434	137	59	45	126
179	204	371	426	133	56	48	128
174	211	356	343	122	51	44	129
174	217	337	328	154	42	42	114
170	242	331	327	151	42	37	110
166	233	391	396	161	45	39	121
169	230	400	396	163	43	36	127
166	245	418	375	172	43	35	112
182	240	453	388	138	49	39	100
170	203	470	351	136	47	38	107
172	223	408	322	148	54	36	97
168	263	409	336	150	51	37	90
163	245	403	339	145	51	40	101
137	287	375	319	129	44	36	102
119	309	347	338	126	44	37	102
121	295	380	284	97	31	36	114
112	278	412	299	102	34	34	122
127	279	401	300	101	34	33	122
130	233	426	332	118	41	36	129
119	232	401	358	125	45	38	120
109	240	398	405	160	51	43	112
119	233	429	390	161	51	43	105
118	247	454	395	161	53	42	116
116	274	428	396	150	49	42	115
109	289	433	355	142	45	40	128
130	284	417	310	113	39	35	127
132	308	352	300	96	37	34	130
124	325	357	303	84	34	34	113
132	304	383	276	88	34	34	113
133	293	371	272	95	40	35	103
145	285	353	243	91	41	34	101
178	272	507	345	128	49	39	107
182	250	492	341	134	52	39	124
176	249	514	325	144	50	38	122
177	221	532	343	146	48	38	118
183	248	598	344	145	45	38	119
151	285	480	258	119	38	36	106
161	274	471	256	113	31	36	98
165	283	433	269	108	35	36	94
164	352	459	302	123	40	35	101
130	336	391	304	125	41	37	103
153	308	408	292	125	43	39	121
145	309	448	340	133	43	38	120
151	340	488	344	128	43	37	127
160	259	500	302	111	41	37	131
171	266	501	313	108	40	34	132
141	276	544	315	110	39	31	119
148	277	575	325	120	47	36	118
140	245	540	348	130	48	37	111
132	260	502	359	128	46	42	120
154	267	531	366	135	46	42	123
164	253	504	386	135	44	43	134
155	245	461	337	121	39	39	130
151	234	456	321	103	39	37	135
162	231	456	346	103	38	31	120
153	243	432	338	94	39	31	150
150	220	398	339	102	44	32	151
159	263	348	390	112	42	34	150
177	280	346	421	146	46	37	147
163	296	377	406	146	47	39	152
142	301	361	402	163	51	40	121
131	316	340	375	153	48	41	114
115	276	345	301	146	46	39	127
109	266	400	352	131	50	42	126
140	242	402	381	140	53	46	124
144	218	455	380	122	49	46	126
151	194	501	396	129	48	44	127
152	198	558	416	129	49	45	115
172	216	541	359	121	43	41	117
147	216	511	313	115	37	35	118
150	208	462	313	130	41	34	129
147	200	481	424	145	51	44	129
155	243	454	452	146	50	46	136
133	223	429	419	143	51	45	141
133	218	466	437	142	54	48	141
135	213	480	434	134	54	49	130
131	229	456	316	116	43	38	133
154	250	421	254	114	44	37	131
147	276	436	264	115	43	39	130
152	291	419	260	121	41	36	162
144	299	429	328	126	46	39	160
172	296	466	328	133	48	39	146
151	324	527	334	134	48	39	144
147	307	525	350	138	44	35	136
149	293	501	343	130	43	37	98
158	299	512	308	126	37	34	98
133	333	472	323	127	39	36	105
138	258	399	307	126	37	37	128
158	251	474	326	124	43	38	142
160	278	534	318	127	45	35	131
158	279	518	311	118	43	38	130
158	237	530	295	105	42	35	128
149	248	545	313	107	41	35	115
133	271	561	277	100	39	37	104
124	245	500	311	94	39	36	112
119	225	501	297	98	37	34	113
131	217	511	292	99	40	36	113
139	238	524	289	98	47	38	103
130	212	411	281	98	44	38	101
146	249	439	231	122	46	41	109
137	257	454	249	113	47	41	109
118	254	413	240	114	45	40	120
109	221	449	267	115	40	38	129
112	216	463	287	121	42	38	134
110	173	443	300	103	40	38	135
125	181	422	316	116	44	40	141
160	227	463	397	146	56	47	143
155	226	394	383	142	59	47	135
157	257	397	412	140	60	46	134
153	257	420	415	142	62	47	124
161	255	483	454	151	61	46	116
150	242	476	401	129	50	40	100
159	263	497	395	131	48	39	119
183	248	494	358	132	46	37	111
187	247	518	381	129	40	36	118
176	234	476	293	107	37	35	122
156	218	446	272	95	35	32	127
150	184	426	273	84	32	31	109
121	182	464	277	80	38	32	106
113	178	463	245	115	44	29	97
109	206	473	309	133	47	33	100
120	197	457	319	136	46	32	92
127	222	511	352	141	45	32	93
117	201	491	357	147	40	34	102
106	220	520	425	127	43	44	112
103	226	542	413	149	45	42	108
92	245	559	426	153	49	46	113
106	244	518	423	156	51	47	111
113	250	532	423	150	51	46	110
115	274	508	358	143	43	35	113
118	265	534	349	109	39	36	128
124	283	554	335	105	36	34	127
109	275	599	302	102	37	36	133
111	286	575	273	98	36	36	128
112	245	523	242	96	36	39	110
120	258	485	310	104	41	41	96
124	253	451	361	106	45	47	105
124	246	374	407	115	43	44	94
131	275	468	430	131	48	46	91
129	292	458	439	143	51	47	97
115	264	424	379	136	46	44	97
107	265	444	321	140	48	38	83
110	274	500	291	134	47	38	79
118	223	462	305	143	46	38	96
114	206	499	348	143	44	35	104
115	250	531	349	135	42	36	99
119	231	562	359	128	36	36	109
106	226	527	374	147	41	37	119
93	233	500	355	124	38	36	121
99	253	481	310	122	36	35	118
107	246	431	346	130	40	34	127
102	266	406	341	134	43	34	123
117	264	411	297	117	41	33	116
121	257	400	294	114	43	32	105
128	253	419	309	129	47	36	103
131	278	454	362	147	51	36	91
152	256	414	373	146	48	35	108
156	268	399	363	136	48	36	113
153	286	574	358	137	45	35	116
164	284	557	388	135	45	34	110
172	226	580	319	131	43	36	121
152	231	636	343	130	43	35	106
138	239	656	365	131	40	35	98
138	238	503	361	138	42	34	93
114	262	515	321	131	48	41	98
110	270	485	298	119	43	38	80
104	263	423	261	129	46	39	82
104	244	454	259	129	48	43	90
