0	1	2	3	4	5	6	7
667	330	838	577	183	87	85	276
535	341	895	691	188	84	82	242
460	341	860	728	192	80	72	232
517	328	918	683	180	80	74	244
610	325	892	770	193	85	79	248
496	336	959	793	197	82	76	228
495	330	915	842	232	90	77	235
549	374	938	881	250	98	83	246
482	344	954	920	252	97	81	235
357	370	945	876	252	101	81	222
341	393	866	844	243	97	77	249
345	451	859	718	199	88	71	240
267	412	790	646	171	77	63	221
330	407	723	585	169	78	65	199
332	379	642	540	149	68	59	208
330	367	632	602	168	74	60	180
325	319	638	566	164	72	62	180
384	314	654	546	166	71	67	198
341	324	675	689	187	73	68	203
332	300	663	720	194	74	69	202
326	338	653	754	199	73	71	202
323	335	706	840	224	79	69	200
254	368	736	904	235	86	73	219
234	387	707	816	221	82	70	210
241	404	747	884	249	96	78	222
341	389	799	883	257	106	90	258
358	375	753	790	228	99	88	264
339	357	815	722	213	94	78	226
365	339	835	740	209	96	79	234
366	342	811	666	191	92	78	217
304	312	800	651	193	87	70	189
355	297	769	669	199	94	73	180
366	289	638	698	210	94	75	202
374	286	575	693	217	95	77	205
395	269	706	821	240	98	76	211
392	280	704	779	220	97	71	198
323	331	748	783	218	95	73	198
322	339	862	785	207	92	77	193
309	360	891	783	205	90	78	215
296	354	838	626	156	74	71	226
270	341	827	636	155	67	68	229
282	300	787	618	173	73	72	256
363	284	649	656	190	75	72	262
353	277	655	628	185	79	67	233
387	293	689	636	187	78	66	215
401	294	721	626	190	79	69	216
388	324	742	608	175	68	66	207
308	326	790	533	147	62	60	199
308	317	768	528	141	55	63	201
257	352	688	585	163	61	64	210
239	359	709	567	161	63	61	198
246	332	728	550	148	59	55	185
239	330	656	508	149	61	52	193
239	314	641	560	177	72	57	211
236	307	675	477	151	67	59	208
226	322	592	483	140	62	56	207
222	370	699	513	139	61	58	208
284	403	795	519	140	61	62	189
274	419	914	528	119	53	61	187
307	404	911	517	119	54	63	187
336	385	942	506	121	57	67	206
345	333	862	576	151	65	74	209
294	294	792	561	146	63	72	202
330	292	693	505	135	60	68	198
321	298	766	556	167	73	69	186
302	340	720	599	188	78	69	204
314	341	704	523	175	75	65	186
315	331	715	517	172	75	65	188
283	316	678	548	171	72	60	174
284	296	568	546	145	58	54	192
272	243	579	484	112	49	48	168
257	263	555	470	100	46	41	174
267	275	594	527	113	44	40	201
278	276	688	544	125	45	42	217
249	262	660	478	119	43	42	228
241	253	669	501	125	46	45	218
232	228	684	520	123	46	44	210
271	230	715	532	136	54	50	220
249	224	647	531	148	62	61	219
237	258	655	552	151	63	65	193
246	267	735	545	150	63	66	208
255	301	771	537	153	64	69	212
196	318	742	525	142	64	65	174
187	328	767	472	118	60	57	172
206	304	811	498	117	60	54	171
221	297	717	494	114	56	53	184
201	275	782	642	158	70	57	175
208	250	781	635	158	66	57	213
195	232	789	618	157	63	56	199
171	261	771	583	154	62	55	203
169	264	762	646	182	70	59	196
180	266	736	514	148	55	55	210
186	274	736	474	141	55	59	177
185	278	677	474	142	53	58	170
186	244	694	490	142	52	57	182
195	242	694	404	117	51	58	167
186	218	586	373	112	51	53	149
164	206	551	492	140	58	56	135
167	187	628	594	161	61	59	150
240	253	561	690	214	80	67	130
233	246	532	745	228	81	69	164
231	258	524	763	228	82	71	169
238	291	573	715	216	77	67	173
264	286	554	659	207	77	65	199
213	262	585	569	159	62	58	210
193	280	618	508	139	55	48	193
262	273	628	557	159	56	53	208
269	242	625	630	199	73	65	213
254	257	696	675	205	75	64	201
255	229	673	661	201	72	64	194
254	213	653	626	191	68	62	177
182	222	672	580	177	68	56	165
173	217	725	488	123	47	40	183
153	217	623	445	118	45	44	177
136	224	618	420	109	46	42	174
132	220	712	553	138	55	46	169
155	253	740	596	162	59	48	172
216	262	685	628	179	64	56	187
227	283	729	769	210	75	56	174
219	269	786	839	236	79	65	180
236	271	752	880	262	87	75	192
231	253	749	863	248	84	75	196
168	246	709	826	234	80	68	154
149	224	714	702	203	72	65	147
154	246	641	634	175	65	57	136
144	244	641	462	105	49	42	133
129	220	601	481	121	52	46	147
139	239	580	542	142	62	54	145
153	234	539	507	134	56	51	151
154	216	563	479	127	55	50	154
145	248	498	465	125	54	49	153
141	244	461	420	113	54	46	140
126	211	466	353	91	41	38	146
136	224	412	362	102	43	41	156
149	238	379	365	103	43	40	161
143	282	542	458	113	44	44	156
157	306	572	477	117	44	46	158
155	330	562	465	118	43	48	173
150	344	579	429	106	42	48	170
141	330	634	459	118	46	51	160
149	285	486	398	118	47	50	164
142	276	487	347	106	43	45	168
160	258	516	396	108	45	43	155
143	261	487	399	112	46	43	146
142	273	427	380	105	42	41	142
133	252	452	355	99	41	37	170
142	230	421	326	93	43	39	165
165	228	409	275	91	43	42	160
168	178	512	282	93	46	41	168
