0	1	2	3	4	5	6	7
772	514	1129	808	305	149	230	867
759	559	1209	782	294	147	241	763
781	579	1239	887	340	158	256	788
857	575	1213	883	337	148	221	793
827	540	1174	872	312	131	224	819
831	562	1139	886	297	117	183	778
808	501	1050	867	312	140	204	817
833	458	965	808	286	147	207	894
759	435	942	785	284	150	208	875
810	398	958	804	277	148	196	809
746	285	993	680	230	150	206	862
818	239	1015	738	267	151	226	910
764	231	977	671	248	141	208	813
809	278	990	705	255	158	217	802
714	333	898	663	251	156	216	806
642	352	829	695	253	153	211	753
606	384	750	739	206	131	149	622
605	369	714	747	220	128	146	633
560	346	683	691	193	89	118	614
556	286	706	638	176	91	137	633
618	270	733	597	174	90	138	699
496	243	757	447	147	81	140	738
467	238	745	399	118	76	135	762
426	254	728	412	125	77	135	776
451	275	782	490	136	83	132	867
414	286	813	542	156	87	126	809
414	286	813	542	156	87	126	809
