0	1	2	3	4	5	6	7
79	191	389	318	133	55	40	81
77	187	393	323	136	57	42	84
82	191	401	354	142	61	44	89
85	220	429	374	144	62	45	99
90	232	406	342	130	59	48	92
98	230	412	330	126	51	41	95
103	240	400	342	129	50	42	94
101	232	408	382	141	54	40	88
98	224	426	391	172	55	43	86
107	227	393	533	214	63	53	86
97	228	409	543	221	68	56	83
98	213	411	534	220	66	55	85
98	198	429	492	207	61	55	83
105	174	425	545	205	62	53	81
90	159	414	447	165	52	43	80
87	144	444	481	168	63	45	80
80	172	472	545	192	73	48	77
77	196	440	539	212	71	50	75
59	189	410	490	202	74	52	65
61	189	369	452	196	76	50	62
56	177	308	391	176	62	45	66
53	167	264	284	147	54	42	63
66	210	272	271	112	55	37	62
65	227	235	207	77	44	31	57
61	244	211	169	66	39	29	152
60	264	189	119	53	35	27	159
59	259	172	94	42	30	29	161
51	228	178	69	41	28	36	174
48	225	201	50	36	29	38	176
53	218	225	43	34	29	39	196
54	229	408	66	41	34	48	198
62	252	510	85	47	35	49	380
61	268	520	89	45	35	51	419
65	263	549	94	47	32	61	471
70	300	629	99	60	33	67	481
77	375	619	107	64	36	68	509
92	465	548	104	72	36	66	393
88	460	619	113	77	39	69	353
97	487	615	124	90	43	61	287
92	488	618	174	106	52	60	218
90	420	583	166	116	51	55	129
76	339	598	162	118	50	55	125
78	378	629	160	119	50	47	108
75	347	612	163	116	48	51	176
73	307	558	121	98	39	43	187
71	308	534	120	92	37	45	188
64	277	531	138	92	35	43	189
61	199	404	153	96	33	40	188
49	193	462	295	122	39	34	112
48	231	427	339	139	48	36	79
47	233	404	342	138	48	31	68
47	227	368	348	137	49	33	63
56	275	383	350	139	51	35	54
51	263	280	247	111	45	33	39
52	225	275	219	95	38	31	32
48	209	252	221	88	39	30	29
46	216	255	200	82	42	29	28
41	169	197	206	69	42	27	29
43	178	191	212	70	46	27	31
43	177	177	264	67	41	26	30
45	178	167	265	76	42	26	28
46	147	191	278	83	36	24	28
40	101	183	279	85	34	23	25
38	81	181	276	81	32	22	22
37	70	164	186	75	32	21	22
36	63	158	182	66	30	22	25
28	44	111	163	50	30	23	24
27	38	86	130	49	31	25	23
27	37	64	96	49	31	25	26
25	36	66	86	48	30	24	25
22	34	59	71	44	29	28	23
23	34	55	60	51	29	26	25
24	33	54	52	61	29	26	27
22	30	52	51	62	26	25	23
22	26	30	40	60	27	25	23
24	23	28	38	60	27	21	23
23	23	27	35	54	29	22	20
21	22	26	49	38	25	19	19
24	23	27	50	36	26	19	19
23	24	23	51	36	27	20	18
24	24	25	48	66	27	19	18
23	25	25	49	68	27	19	18
24	28	26	35	67	27	21	17
21	26	24	40	68	27	23	17
21	25	25	40	71	26	23	18
20	26	25	43	45	28	26	18
21	26	23	47	38	24	25	18
20	25	29	48	40	26	24	20
22	25	29	43	37	26	24	35
22	25	29	45	31	25	23	37
24	25	29	44	33	24	21	38
24	26	30	39	57	25	24	39
25	25	26	34	60	24	25	40
24	26	27	38	60	26	23	37
25	25	26	39	61	24	23	38
23	24	25	37	60	25	23	40
24	31	25	38	38	25	20	40
22	36	22	41	31	25	19	39
23	42	24	37	61	22	20	31
21	44	25	37	65	24	20	36
24	47	24	42	68	24	23	35
23	47	22	41	68	24	24	34
24	45	24	43	68	24	25	34
24	42	23	44	44	27	25	35
24	43	22	42	58	26	25	37
21	43	21	37	58	26	22	36
20	42	23	39	58	26	23	36
20	41	24	39	58	25	22	41
19	44	22	39	57	23	24	41
21	44	23	38	34	24	24	41
21	42	25	39	47	26	25	41
22	42	27	37	57	25	23	41
23	41	26	36	59	26	23	39
23	38	26	35	61	26	23	46
21	44	27	35	61	26	24	40
22	45	26	34	48	24	23	40
22	43	22	37	35	23	23	39
20	45	23	38	57	23	23	36
20	42	23	39	56	25	21	39
20	36	23	41	56	23	21	41
22	35	25	42	57	24	21	41
19	37	28	38	57	24	21	40
23	39	28	45	53	23	22	42
25	51	28	44	55	19	21	36
25	57	26	43	57	22	23	36
25	55	27	43	56	23	24	36
27	55	24	42	56	24	23	39
24	55	23	33	38	24	23	37
