0	1	2	3	4	5	6	7
144	484	626	468	127	54	48	96
140	452	694	468	132	54	47	93
152	485	744	392	110	50	46	86
176	459	693	338	96	39	42	93
172	435	695	345	93	39	41	87
173	366	712	385	100	43	41	89
162	431	666	397	98	48	42	84
145	459	642	362	93	47	41	104
134	459	665	402	95	47	39	88
170	467	609	411	98	49	41	89
171	451	512	388	95	46	40	92
172	411	546	506	131	55	48	100
178	364	472	514	144	61	49	80
168	369	414	489	144	62	48	80
136	356	476	550	159	67	51	88
131	349	591	640	180	75	53	95
124	308	525	613	167	70	48	109
98	315	514	601	160	65	48	109
119	346	605	743	225	86	65	121
130	333	641	702	213	83	62	119
145	329	537	620	195	77	61	119
151	348	538	549	186	74	61	99
153	337	594	585	191	77	59	112
195	310	543	433	121	57	48	118
200	321	512	567	158	66	51	121
198	316	530	583	160	68	51	136
195	324	539	584	157	66	50	135
198	320	651	581	154	66	50	130
141	304	721	579	146	63	48	113
161	329	682	425	107	53	45	137
155	343	669	382	99	51	47	121
176	322	724	527	122	57	50	126
175	353	570	508	119	59	52	120
170	372	463	461	108	56	45	126
131	375	559	493	112	56	45	103
168	399	575	512	115	55	44	100
161	410	518	372	95	52	40	94
168	396	546	348	87	45	38	108
184	398	549	343	89	45	39	98
189	403	451	324	90	40	38	98
163	403	472	337	94	42	37	107
181	434	528	363	98	43	39	125
186	426	525	359	93	42	39	137
182	413	531	368	91	40	35	137
171	402	526	364	92	42	33	143
185	382	564	346	87	40	35	144
198	362	587	320	80	36	36	142
184	356	563	324	89	39	32	125
178	352	540	325	96	42	34	131
185	389	545	292	87	39	37	120
163	426	581	339	101	43	37	105
113	410	608	367	103	46	35	103
128	398	649	392	109	48	37	106
131	420	700	393	107	49	40	106
132	360	757	397	113	54	44	112
129	346	776	427	117	55	43	117
117	335	748	411	115	52	42	104
103	385	782	471	132	53	42	94
103	416	744	468	133	53	40	93
99	425	727	532	145	55	34	77
104	455	693	508	137	54	39	84
110	451	756	508	133	55	39	80
136	431	762	448	109	54	38	79
133	434	760	483	135	53	37	97
153	484	830	525	144	56	45	110
152	444	831	508	143	56	41	102
158	456	736	499	195	59	41	138
161	471	669	485	298	60	40	160
180	437	729	554	311	66	46	169
169	431	634	501	326	60	41	168
177	421	612	524	333	77	49	175
169	463	614	557	341	86	51	152
162	464	701	550	296	89	54	135
138	481	676	525	302	93	52	108
130	508	659	506	290	92	52	110
121	535	677	474	349	92	46	104
129	532	680	493	335	90	48	98
134	549	605	514	389	99	47	96
145	582	573	473	421	102	46	108
148	526	574	474	468	119	52	108
192	490	508	517	438	121	58	130
201	494	526	540	433	116	58	138
227	469	497	603	414	123	68	147
224	439	668	702	475	142	75	134
240	514	735	804	557	149	73	133
218	527	805	846	602	160	77	126
207	559	813	805	620	166	77	120
162	566	849	857	602	156	68	107
159	574	821	810	544	156	75	123
159	512	787	698	535	150	80	128
168	518	735	641	520	149	78	117
173	483	744	680	525	154	79	117
179	539	724	537	515	155	83	116
179	539	724	537	515	155	83	116
224	439	668	702	475	142	75	134
240	514	735	804	557	149	73	133
159	574	821	810	544	156	75	123
159	512	787	698	535	150	80	128
168	518	735	641	520	149	78	117
173	483	744	680	525	154	79	117
179	539	724	537	515	155	83	116
175	519	709	528	573	143	71	105
152	557	744	656	502	157	73	90
129	568	727	681	493	155	76	84
123	561	687	659	475	153	76	81
118	540	712	775	483	160	76	74
121	515	781	799	388	151	77	67
121	515	781	799	388	151	77	67
173	483	744	680	525	154	79	117
179	539	724	537	515	155	83	116
175	519	709	528	573	143	71	105
152	557	744	656	502	157	73	90
129	568	727	681	493	155	76	84
123	561	687	659	475	153	76	81
118	540	712	775	483	160	76	74
121	515	781	799	388	151	77	67
129	500	720	719	321	121	68	65
129	500	727	701	246	100	55	56
138	522	771	752	237	89	54	54
133	520	739	633	220	71	52	64
129	550	665	597	212	63	50	65
122	568	684	572	214	63	49	104
130	571	682	599	222	66	54	124
116	591	749	544	194	56	49	125
135	557	776	641	172	60	43	122
145	531	689	580	146	62	45	126
142	508	654	573	142	65	46	96
149	527	706	579	157	70	50	72
157	553	647	602	171	75	54	78
143	564	636	540	159	70	59	83
133	557	617	543	158	68	56	91
137	626	721	602	166	70	62	106
130	631	717	579	151	63	56	105
124	581	728	575	147	59	54	102
157	581	717	534	143	63	49	107
165	588	736	556	148	67	52	99
187	536	720	691	212	93	67	95
181	523	734	715	213	92	69	93
181	516	650	658	202	92	68	100
152	465	606	649	197	89	68	91
151	524	714	707	208	95	68	90
115	526	699	598	148	74	50	105
114	561	661	618	163	80	53	115
113	544	650	641	170	82	55	116
111	626	770	697	179	85	56	118
105	595	829	700	183	84	63	141
104	588	847	678	178	80	63	127
100	534	836	579	150	74	59	124
100	512	913	580	142	70	58	115
111	519	858	613	149	76	61	122
110	504	740	533	130	73	56	96
118	483	694	486	120	71	53	96
117	494	723	497	122	67	50	93
113	497	684	474	117	68	50	101
109	490	762	389	100	62	48	97
112	492	782	428	98	56	44	108
115	486	794	473	108	62	43	107
125	462	772	499	109	62	47	111
126	469	790	506	115	64	47	108
120	375	716	492	114	58	42	113
116	380	738	492	110	56	43	106
108	380	705	454	104	52	50	118
117	373	789	513	118	56	52	120
127	405	749	548	127	57	53	123
143	402	791	645	154	70	62	132
147	415	790	653	164	74	66	132
163	436	821	646	159	70	59	124
164	520	782	604	156	68	58	119
179	516	901	591	152	66	61	120
177	534	962	491	127	52	53	101
171	581	960	439	111	45	46	105
160	552	1074	503	116	49	49	108
146	506	1151	523	110	52	49	122
120	554	1132	560	107	53	45	122
105	574	1050	538	102	55	47	130
106	527	1035	581	109	56	51	128
99	570	923	582	122	58	50	123
103	573	836	603	121	55	52	113
110	499	749	597	130	61	52	116
111	491	752	634	140	64	52	106
116	494	797	704	152	70	57	100
119	473	775	661	151	74	57	105
114	434	785	742	204	87	62	97
108	466	829	739	215	89	65	93
109	459	809	746	234	97	73	105
110	474	733	672	241	102	70	104
112	454	802	672	296	108	74	101
132	543	752	666	334	128	79	107
138	552	707	721	457	144	83	103
143	545	794	694	482	148	80	99
140	513	794	685	482	149	79	103
135	505	802	780	462	146	74	97
120	420	782	707	456	128	68	90
107	432	766	650	357	118	58	89
95	452	712	644	318	105	51	94
96	600	764	723	327	109	65	93
113	738	768	731	336	117	70	101
104	758	784	709	276	108	64	107
102	765	793	668	233	96	62	123
105	741	746	739	239	110	73	120
100	644	723	673	260	108	65	121
78	581	631	623	250	110	68	117
77	597	664	636	277	120	72	114
92	553	665	659	357	126	78	98
95	548	720	669	388	127	74	89
100	550	665	663	370	126	70	87
101	453	643	599	360	111	64	99
97	378	553	557	372	105	60	97
90	410	562	562	349	108	55	95
85	419	522	479	320	108	57	107
87	437	651	590	349	114	64	105
90	471	779	644	363	119	67	94
107	494	869	754	405	143	84	109
108	469	859	742	397	142	86	118
109	488	923	747	417	144	87	109
106	470	905	697	393	137	83	114
103	485	828	674	376	138	83	118
96	458	751	541	348	121	72	113
96	475	876	633	378	113	70	107
101	529	861	628	344	109	71	103
98	566	816	587	341	106	70	93
104	535	808	545	421	106	68	92
119	552	811	545	430	101	61	94
120	687	710	505	403	116	67	97
115	669	657	471	419	113	66	98
116	682	652	471	424	123	71	104
114	665	624	480	348	123	72	106
92	671	635	486	328	128	74	88
92	620	601	414	304	127	76	89
89	638	574	407	279	121	72	90
93	586	514	386	263	110	64	98
90	576	551	381	255	105	64	89
99	599	530	382	193	90	61	97
98	541	550	364	160	69	50	89
111	542	595	351	139	60	48	91
112	571	664	333	130	56	47	83
118	609	644	427	130	61	51	93
123	629	657	412	120	60	51	86
124	614	650	440	115	53	48	84
115	554	670	578	149	68	53	82
112	526	643	574	153	69	55	78
108	551	602	511	142	65	51	69
94	530	672	520	143	65	50	74
94	562	662	504	141	65	51	76
89	555	582	349	105	53	45	74
87	541	580	357	94	49	41	81
74	473	626	356	83	44	36	82
78	455	542	364	80	46	35	74
83	389	615	516	125	56	44	82
87	396	622	530	125	56	45	79
112	386	618	602	147	65	51	83
124	461	606	661	186	82	59	96
127	459	628	718	197	84	60	106
120	452	525	629	177	81	54	103
120	482	538	659	185	84	55	105
98	496	494	588	170	80	54	107
101	552	468	530	129	61	47	93
89	563	442	457	114	57	46	82
100	568	445	444	115	57	49	93
98	546	438	408	108	54	49	91
94	562	473	396	102	49	43	86
82	463	523	366	100	49	43	88
82	427	621	452	121	54	47	98
73	406	604	456	122	53	45	93
73	488	583	420	112	47	39	96
77	484	593	443	124	50	39	90
75	500	568	452	122	52	38	85
81	492	463	353	106	46	36	80
78	489	452	352	105	48	36	125
81	430	503	386	108	49	41	132
82	396	547	381	99	52	43	131
81	384	527	357	100	51	42	135
76	384	496	327	88	51	39	136
79	425	562	310	80	48	39	107
85	388	594	338	92	53	37	108
83	416	548	311	84	46	34	117
81	403	563	327	82	45	34	122
82	377	594	340	85	44	33	120
83	349	587	341	80	42	28	103
84	387	527	305	66	37	28	92
83	370	518	328	79	42	32	93
84	348	560	316	75	41	31	81
93	359	544	370	98	48	34	84
117	354	566	377	109	53	46	117
128	314	658	469	135	63	52	133
134	303	650	465	136	62	53	131
136	334	619	469	139	63	55	144
135	369	657	441	127	61	54	144
108	467	597	440	125	56	45	119
90	486	495	407	119	55	39	102
83	477	511	422	121	55	39	98
75	573	555	440	124	57	38	104
66	554	529	469	132	58	41	108
84	563	547	465	125	58	44	114
83	553	598	383	101	49	43	118
83	593	596	383	97	52	44	126
95	510	617	445	117	58	47	116
108	534	601	405	106	56	45	111
95	472	592	403	105	56	40	108
95	490	575	437	116	57	41	109
95	475	619	428	115	53	38	101
88	463	534	362	94	45	34	89
74	435	594	385	95	42	32	90
87	445	619	429	109	46	35	98
100	424	634	405	98	43	36	105
100	402	614	387	91	38	34	106
101	401	665	388	91	40	34	115
100	396	626	356	88	41	35	111
101	422	662	363	87	38	32	101
93	405	760	375	104	43	31	96
96	419	748	388	106	46	36	103
96	440	711	367	104	44	34	110
102	540	739	375	109	46	35	111
95	484	782	408	110	49	41	116
94	504	723	495	111	53	42	115
89	500	721	574	127	60	41	101
88	484	764	629	139	66	44	83
92	419	861	670	140	68	46	85
111	427	856	656	140	69	46	93
109	453	880	676	150	72	51	84
115	471	913	633	144	68	51	86
121	468	940	676	155	72	69	105
131	436	852	669	160	77	73	135
120	482	815	647	157	77	73	131
119	456	764	640	161	77	73	140
133	472	805	731	178	84	83	148
131	504	832	673	162	76	70	136
129	518	895	663	159	71	68	112
121	458	888	663	158	69	68	107
121	451	877	608	141	66	65	96
100	432	881	524	118	52	49	83
95	412	854	558	124	55	47	87
70	420	780	575	121	55	43	78
83	475	808	545	113	55	42	107
88	483	794	509	107	49	43	133
126	486	722	480	107	51	45	144
149	548	693	526	134	70	50	145
159	551	704	593	154	77	56	154
166	511	677	691	171	82	57	139
198	569	710	735	184	86	59	123
180	580	751	750	185	86	59	109
167	515	816	783	195	86	63	110
162	567	803	725	176	82	61	106
154	564	812	708	170	77	57	101
112	495	780	710	173	75	53	93
107	466	787	714	172	77	55	94
105	488	735	705	163	64	47	97
99	448	827	679	241	66	49	98
90	473	779	621	258	70	50	97
85	486	795	580	272	69	52	97
85	524	842	592	283	72	49	96
74	497	888	523	317	88	54	92
82	440	912	718	371	112	60	83
109	408	921	748	381	117	70	87
107	382	904	766	366	120	71	81
104	319	815	757	365	118	70	80
104	326	774	751	366	114	65	84
103	353	642	634	269	88	55	87
78	355	664	675	254	84	49	90
81	382	776	699	251	79	49	94
83	387	766	694	269	85	54	91
84	376	685	733	244	86	60	100
86	345	707	688	243	88	61	95
89	390	692	613	223	80	53	89
99	408	573	580	228	80	52	85
100	417	576	645	203	81	51	92
103	415	645	570	159	69	47	82
123	477	627	556	140	65	49	85
140	471	709	568	147	71	52	88
138	445	813	615	168	81	55	90
138	471	800	536	163	79	54	85
177	454	818	590	190	88	63	91
177	408	796	651	201	91	64	104
162	428	787	735	214	99	69	100
183	476	699	692	208	99	69	103
191	448	699	685	218	105	71	108
158	455	621	633	194	97	61	100
142	456	636	586	181	92	56	81
148	448	533	464	158	82	52	87
162	386	477	441	134	74	46	104
174	364	474	437	106	61	44	100
175	418	510	456	113	67	43	95
178	451	499	458	112	67	46	106
183	416	521	458	112	66	41	126
146	417	518	468	111	66	45	106
122	463	518	435	108	69	46	114
118	407	475	364	85	57	43	119
129	393	439	323	80	59	43	114
135	435	466	446	102	60	43	99
135	429	476	427	104	62	43	116
138	361	459	447	111	66	49	119
151	397	467	470	112	65	50	116
145	427	478	534	123	64	50	117
124	397	481	438	110	64	52	110
141	423	444	437	103	57	51	98
135	424	459	423	96	48	42	91
115	494	480	426	104	53	43	98
113	471	538	423	100	51	41	93
118	453	526	387	89	46	40	87
100	439	627	466	98	47	40	78
106	513	670	532	115	50	41	73
106	430	641	505	106	43	39	64
102	386	571	435	98	45	42	86
101	401	556	435	95	44	39	95
95	451	559	375	91	45	38	97
97	369	485	323	77	44	43	106
112	348	484	340	85	45	44	123
110	375	494	351	88	47	43	112
106	397	535	378	98	54	43	108
107	412	638	410	105	57	43	107
97	435	742	529	126	59	41	97
79	440	750	534	124	62	40	73
98	424	775	529	124	62	42	79
101	423	739	539	122	58	43	71
108	380	657	512	116	56	45	73
114	380	629	339	87	52	43	69
117	380	663	364	89	49	45	69
102	430	721	386	87	45	40	78
105	434	821	354	79	42	40	80
101	438	825	361	82	42	36	78
103	442	772	390	80	42	37	85
98	445	750	383	82	41	35	88
106	391	679	381	87	42	40	101
104	337	590	417	89	41	41	109
102	311	479	432	88	44	44	117
95	281	599	398	85	39	42	121
97	380	610	367	80	39	44	117
110	387	738	402	87	42	44	105
111	386	710	379	93	44	42	98
107	487	834	340	91	42	42	93
109	514	743	354	90	43	40	100
113	473	739	365	94	42	41	100
82	487	657	362	88	42	38	97
99	518	692	342	87	43	42	107
108	476	617	346	88	40	40	107
108	464	608	363	99	44	43	99
110	431	657	389	102	48	45	99
119	432	650	350	102	50	44	95
98	433	609	350	99	46	40	83
90	362	548	343	98	50	39	81
87	341	555	311	89	47	38	73
98	385	540	265	83	44	32	85
96	397	542	236	73	40	34	92
95	365	529	217	73	40	34	90
90	375	499	181	67	37	33	92
119	368	548	243	79	42	37	120
104	340	598	299	87	43	36	116
103	321	536	339	101	46	34	105
109	336	545	361	106	50	36	111
111	317	584	375	108	51	35	117
93	346	653	354	101	50	34	90
108	405	567	332	97	49	42	90
105	386	611	290	85	47	42	90
103	367	618	277	78	42	41	87
99	415	612	311	90	43	43	77
87	385	529	343	93	42	44	78
65	324	541	340	91	40	38	90
65	340	502	357	98	45	41	97
57	335	541	371	100	47	40	98
61	319	611	393	95	47	42	97
62	343	617	394	94	49	39	97
90	377	613	385	95	48	39	85
86	395	648	381	88	43	35	88
88	447	591	361	86	41	34	83
94	436	508	391	106	46	35	84
101	440	497	369	103	42	34	95
85	427	492	371	103	42	34	103
91	465	431	356	102	43	35	91
98	442	507	459	124	48	41	98
96	432	508	409	106	47	43	116
88	404	557	392	105	46	42	106
92	380	584	389	107	46	41	95
88	309	651	423	109	44	40	94
88	351	639	344	84	39	36	91
82	374	644	340	87	35	31	72
82	393	561	351	84	37	30	78
80	407	662	342	78	38	29	92
79	423	687	323	74	40	33	96
74	518	699	302	71	39	33	101
72	504	717	260	52	35	33	96
68	512	825	325	71	39	37	91
65	508	757	326	78	39	41	93
68	497	690	305	79	38	39	93
64	348	715	306	86	41	37	85
69	372	669	316	88	42	39	97
69	370	601	296	86	40	37	103
64	387	565	346	92	44	35	95
63	388	597	369	96	47	36	105
78	388	564	381	94	45	37	124
80	397	589	394	106	44	34	119
85	382	558	398	105	46	35	115
84	366	585	440	117	44	36	117
94	351	578	462	122	46	40	117
85	357	558	478	125	47	38	98
84	314	569	490	141	53	39	94
91	317	555	489	187	59	38	101
95	318	521	417	182	62	38	108
90	317	481	402	178	59	34	116
92	346	439	408	192	70	37	116
92	363	406	403	187	69	38	116
83	385	394	374	159	62	38	130
75	436	376	395	183	62	38	126
66	484	410	389	197	62	39	109
64	510	414	369	224	51	38	113
60	487	433	361	225	48	36	127
63	500	423	360	215	51	39	106
67	472	451	351	195	47	36	106
65	455	509	344	213	50	38	104
73	405	594	363	169	51	37	118
78	451	691	401	162	55	43	123
79	430	773	401	200	60	43	122
89	394	768	394	212	66	43	118
104	390	846	462	194	63	42	139
96	407	814	457	203	63	42	129
96	362	716	410	235	62	38	126
95	356	647	416	216	61	38	129
88	385	691	468	244	67	41	126
71	406	627	395	246	73	43	101
75	436	636	371	260	74	42	97
69	442	664	393	257	76	43	83
68	434	767	451	255	74	40	80
67	420	735	420	320	70	45	82
70	364	657	444	363	70	43	91
74	330	652	514	375	84	52	88
81	368	709	525	393	81	54	84
81	355	593	472	397	87	58	88
80	350	648	544	347	85	56	89
79	384	683	525	303	84	58	99
77	381	714	470	284	70	55	97
79	351	650	440	232	75	54	105
81	389	714	423	222	69	50	106
80	394	690	334	303	65	46	111
81	383	645	348	336	64	42	97
91	351	592	358	352	81	46	98
87	358	604	399	359	82	44	89
84	340	562	432	409	94	54	89
84	336	582	404	379	97	59	85
87	361	713	471	360	96	59	86
74	356	742	446	336	85	55	88
69	443	760	424	334	85	56	88
78	455	831	462	285	74	49	87
76	466	814	470	217	71	44	81
76	448	733	414	202	75	46	91
87	461	749	421	194	75	45	98
86	421	743	431	189	69	43	92
79	435	631	381	160	69	42	88
82	407	762	420	168	71	43	88
77	450	770	409	169	68	43	85
59	501	722	391	174	63	44	72
65	491	746	392	170	62	47	75
66	521	801	400	165	61	46	72
64	569	655	375	147	59	47	74
61	569	622	364	122	62	48	65
66	532	610	407	123	65	47	68
60	528	541	450	127	66	46	68
67	493	462	439	120	60	49	73
76	495	438	470	125	58	50	71
76	481	474	455	120	55	46	71
73	480	504	447	112	50	46	66
101	544	586	474	119	54	48	84
102	634	640	555	138	61	49	82
101	605	691	516	130	61	45	88
103	597	665	520	130	58	48	92
105	601	640	517	129	58	46	92
83	537	665	437	115	51	42	79
84	416	613	337	97	50	40	87
81	404	595	428	110	53	41	78
88	400	637	440	117	58	46	85
89	399	702	431	114	57	45	91
91	397	622	499	131	61	48	95
92	377	632	512	129	60	53	92
96	414	685	488	123	54	53	97
108	430	706	587	138	60	53	104
117	413	680	593	141	61	55	110
118	485	703	605	133	61	55	113
121	540	698	594	128	58	51	133
118	510	698	609	123	58	48	136
107	481	672	595	117	52	43	126
107	506	689	619	124	56	45	122
110	502	729	548	108	50	41	122
107	482	819	597	123	53	40	105
118	518	777	546	118	53	43	100
115	535	774	465	103	49	43	107
108	559	782	441	107	50	41	107
102	515	755	448	112	54	43	99
95	483	651	418	105	52	43	87
84	484	651	441	112	53	44	101
104	476	673	503	130	65	49	112
102	469	666	518	127	66	51	108
97	440	714	525	127	65	49	108
103	448	818	548	127	67	50	110
116	457	855	585	132	69	50	103
100	521	851	616	141	68	52	90
101	485	854	597	140	72	52	92
105	505	825	596	138	70	53	92
107	517	706	551	139	70	53	98
106	516	781	621	143	72	59	108
114	451	812	541	121	67	51	109
117	531	773	539	115	58	50	101
119	552	816	531	115	60	50	104
116	533	815	521	107	54	50	112
105	557	779	362	90	51	42	110
106	593	766	353	75	45	39	102
103	675	835	383	80	45	40	111
98	687	765	389	85	45	42	124
103	694	808	370	83	47	41	113
104	737	743	412	91	46	44	114
96	709	687	440	103	51	49	121
94	584	734	529	115	54	50	118
95	549	727	531	116	56	50	101
87	526	698	543	117	55	48	113
87	444	725	598	123	58	50	121
100	490	740	584	125	60	52	131
104	470	636	473	108	55	50	130
104	468	664	463	103	49	47	131
103	515	667	485	106	49	47	125
100	496	651	377	100	47	43	107
100	468	609	393	93	43	38	97
94	458	641	447	104	44	38	97
95	422	605	460	106	47	39	99
92	395	604	437	105	50	41	89
90	405	625	460	106	47	41	89
76	373	690	455	112	47	39	81
77	404	677	558	136	53	43	78
81	442	719	551	138	55	42	89
97	486	726	562	140	53	43	103
106	445	700	525	140	53	40	105
113	459	657	499	141	52	41	120
117	453	637	321	122	50	40	132
113	451	574	333	121	46	40	124
100	366	593	351	128	47	39	115
98	366	526	360	126	48	40	114
85	322	538	524	161	60	40	101
93	341	505	624	179	68	48	105
95	331	524	652	185	70	50	109
102	344	478	660	186	72	52	115
108	341	514	688	181	71	52	118
112	372	466	582	155	63	54	112
100	378	490	570	141	52	48	109
106	346	521	561	135	50	49	109
102	343	524	537	133	43	45	107
86	352	519	542	147	49	46	103
80	341	543	562	150	49	40	106
96	310	631	539	169	56	43	103
95	339	606	524	179	56	42	114
91	325	636	522	177	59	43	115
97	327	629	470	172	58	45	121
100	331	627	440	161	54	46	132
82	314	579	386	146	48	39	121
74	294	564	354	138	48	38	114
75	293	541	350	133	43	36	106
68	290	522	346	133	39	32	98
57	274	501	325	128	40	32	77
56	269	419	305	105	38	32	81
52	310	478	333	99	37	32	65
64	340	432	356	106	41	40	101
64	336	470	394	122	45	45	110
67	378	503	408	124	49	48	116
68	375	503	376	133	47	49	114
74	357	508	345	145	50	50	118
61	337	526	315	142	55	45	100
63	351	503	307	126	54	43	98
68	357	505	335	142	54	43	100
73	356	516	350	133	57	43	98
70	355	453	376	140	55	42	96
74	364	445	399	145	51	41	92
90	338	413	362	139	54	40	89
