0	1	2	3	4	5	6	7
158	398	536	310	86	41	51	169
160	418	597	400	116	51	62	208
163	427	599	403	115	52	61	188
164	347	630	480	126	55	61	179
133	297	627	480	127	55	59	176
141	295	635	476	126	58	59	179
169	249	626	420	102	50	50	136
180	285	667	425	98	50	45	139
202	297	580	340	76	44	39	127
206	368	607	397	87	45	43	141
197	439	571	389	85	41	41	129
170	477	505	354	80	40	39	137
154	447	401	313	78	37	36	136
124	456	440	316	80	42	38	137
139	450	386	218	64	42	34	127
142	409	390	220	67	43	41	148
144	385	442	270	76	43	41	144
146	454	463	302	76	43	45	149
149	436	458	306	78	41	45	146
147	385	565	317	88	44	46	139
148	427	574	344	91	45	47	149
156	430	635	325	93	45	51	170
170	354	619	344	101	49	48	182
167	421	657	374	105	46	44	188
164	424	605	362	100	44	45	198
165	380	640	331	98	44	44	191
168	412	541	327	95	46	43	176
168	411	589	343	96	46	44	161
167	359	550	311	90	48	49	176
161	406	506	434	103	46	46	175
151	407	500	495	120	52	44	171
133	379	528	504	124	54	45	160
113	387	580	493	123	53	43	177
133	420	577	516	131	54	42	168
125	389	572	415	118	54	44	157
119	373	547	333	97	47	42	140
134	366	590	428	107	49	40	142
132	411	504	425	103	46	45	151
125	373	489	395	97	47	45	137
130	351	478	394	97	48	46	166
165	345	490	409	105	53	47	178
152	339	480	413	107	47	46	182
151	279	463	384	100	49	44	164
137	238	449	392	97	46	42	166
143	238	493	437	107	48	44	150
160	259	506	508	110	47	47	145
161	306	434	402	88	48	48	143
166	319	477	424	95	48	49	136
177	365	505	429	103	52	48	131
172	400	570	424	95	52	47	116
131	434	553	313	82	48	40	105
128	405	561	390	99	51	47	146
138	391	528	362	92	49	45	156
127	376	489	373	88	46	50	160
116	332	461	347	88	44	47	155
102	312	426	366	98	50	51	168
101	317	438	286	82	42	42	144
111	321	443	288	83	43	47	175
124	303	568	306	82	42	45	175
137	343	514	343	84	42	45	177
142	309	538	362	87	41	43	170
161	291	544	376	91	44	45	177
167	350	584	404	98	47	41	131
160	365	509	382	99	51	39	126
161	364	494	337	94	50	39	133
181	391	491	314	91	48	39	126
167	394	512	355	99	51	40	98
143	348	476	344	96	49	40	99
146	374	490	317	89	43	46	124
140	378	505	332	94	49	47	138
115	342	523	357	100	51	48	139
126	356	539	384	98	51	50	157
121	387	557	394	101	48	49	159
125	338	518	396	106	51	46	142
124	361	535	400	108	51	46	120
128	381	553	373	99	46	46	124
123	363	509	313	96	45	45	111
133	358	463	323	98	48	46	115
147	372	475	392	105	49	46	130
144	371	518	390	104	47	45	134
142	343	528	409	102	49	45	167
144	352	559	462	103	49	45	178
135	380	582	473	108	53	44	174
147	368	607	444	104	51	43	166
155	341	577	503	111	53	49	164
166	372	539	502	116	53	53	127
160	361	511	440	116	55	52	102
174	346	573	440	113	50	54	104
150	371	611	425	111	49	52	107
155	338	589	341	102	43	44	145
147	335	613	314	99	42	39	155
159	345	606	317	90	36	37	168
154	348	610	300	105	45	40	179
170	356	567	307	112	51	45	176
157	397	622	318	110	52	46	145
197	393	583	310	109	52	46	135
199	434	613	319	110	53	48	125
194	450	552	310	90	45	44	101
174	435	521	313	75	36	38	98
181	442	470	291	72	34	40	111
142	448	553	369	86	42	46	110
137	411	687	436	88	41	46	121
132	380	691	423	88	44	46	130
144	409	696	417	90	49	47	147
140	384	704	435	96	48	47	136
130	385	647	477	97	45	39	131
118	379	488	436	97	47	36	132
137	393	507	444	93	45	37	134
122	348	497	433	90	39	37	118
124	356	501	440	91	41	39	121
122	341	554	338	71	36	40	131
158	380	523	296	65	40	42	124
151	328	487	265	68	40	41	139
162	388	510	365	87	46	47	151
180	371	505	348	86	47	45	164
180	394	422	336	88	47	43	168
155	347	468	334	87	41	42	175
148	359	460	350	86	40	45	163
134	311	463	264	78	39	38	151
112	326	423	261	89	41	38	132
107	282	502	291	91	40	39	121
101	292	462	283	89	40	37	115
113	285	535	275	96	44	39	124
115	344	563	275	88	40	37	117
134	348	645	339	83	40	38	131
147	379	661	328	83	46	40	128
148	379	692	389	96	48	40	109
141	387	653	383	90	45	39	94
155	345	603	430	99	48	45	143
146	410	638	425	100	48	48	139
139	417	585	430	105	46	51	149
140	420	546	389	99	44	54	160
145	413	535	426	105	44	51	159
126	408	560	361	96	45	50	126
121	329	413	297	86	42	45	144
117	353	440	294	78	40	40	141
121	349	515	310	75	38	36	137
123	352	523	281	71	39	40	143
132	385	578	295	77	37	38	146
134	375	586	316	78	35	39	125
133	337	604	342	89	35	44	134
140	354	568	341	89	40	45	127
137	356	557	323	90	41	40	134
133	333	522	350	89	46	41	125
133	332	548	383	95	47	39	136
144	300	531	333	81	45	32	138
147	308	538	338	86	44	34	143
152	308	560	358	88	45	36	133
153	330	632	333	83	37	32	132
147	346	637	280	76	36	34	123
142	382	648	307	80	34	34	120
146	394	715	291	81	35	39	120
135	397	696	278	76	34	45	137
132	355	610	323	79	35	47	166
138	359	605	345	82	39	48	170
134	329	556	348	81	40	48	163
135	277	471	366	84	42	44	178
137	288	567	364	84	41	38	165
143	293	572	351	86	41	37	153
129	291	561	366	87	39	40	144
137	314	628	341	88	41	39	142
128	353	644	310	84	39	41	128
141	350	572	301	84	41	42	145
155	366	538	264	80	40	43	144
156	381	519	226	74	39	43	155
155	359	499	273	75	41	45	177
147	331	548	297	70	40	41	178
139	318	617	336	78	41	41	166
121	299	642	359	88	44	37	151
120	284	638	351	93	45	34	144
137	281	640	347	95	43	30	110
132	273	599	325	93	42	33	122
143	268	528	275	88	40	35	125
157	318	512	246	81	40	35	138
176	303	565	260	87	40	38	134
164	317	562	258	95	42	38	156
173	390	554	283	97	41	37	149
162	392	543	286	93	40	35	144
158	379	552	274	89	39	36	135
152	479	541	273	80	37	32	133
139	507	514	257	67	36	33	132
127	448	472	246	74	42	33	131
122	495	485	258	77	44	32	142
139	474	513	272	85	44	30	154
129	381	487	265	82	49	35	195
131	362	449	279	83	51	34	180
138	380	425	268	76	49	35	172
149	348	436	322	95	52	43	179
137	350	452	331	96	51	45	167
135	357	426	334	100	51	41	117
136	364	437	307	95	49	40	126
137	356	438	309	96	47	40	129
134	332	458	234	76	41	29	112
148	359	412	237	73	42	31	110
147	357	418	220	68	38	32	133
160	322	405	224	70	35	37	145
192	323	569	312	90	38	39	151
209	342	571	329	93	39	40	145
188	310	566	311	87	39	39	150
187	281	554	334	89	39	43	141
191	324	572	356	94	43	41	123
154	395	413	284	81	55	42	118
118	380	400	266	75	54	41	113
109	377	421	277	80	53	43	114
106	407	465	252	82	54	38	99
83	447	464	316	87	57	41	102
110	397	489	331	86	45	39	111
124	380	479	345	92	48	39	116
140	412	571	379	95	47	41	126
165	385	590	480	104	50	46	139
173	319	580	431	100	46	44	138
157	304	548	448	106	50	40	126
154	323	571	467	112	50	42	121
147	310	478	476	112	55	40	107
122	391	410	378	100	49	35	89
134	370	506	396	103	53	48	147
148	386	556	404	101	46	57	155
146	411	583	389	92	43	57	169
144	408	558	379	95	44	58	172
146	415	585	381	99	50	59	173
153	422	604	348	93	43	49	148
147	399	625	388	101	47	44	142
149	444	580	409	107	50	44	131
151	501	594	366	97	47	44	136
160	440	592	371	94	41	41	141
131	506	509	389	97	41	40	125
132	510	457	321	77	41	40	132
132	480	519	301	73	37	38	140
130	471	522	295	74	37	36	137
129	472	521	279	73	37	35	135
123	431	571	341	75	36	35	134
123	482	575	333	87	36	37	138
119	452	500	310	79	35	39	135
132	375	483	314	77	32	39	137
143	436	544	368	98	41	42	133
145	448	582	319	98	44	45	127
139	411	564	303	85	46	41	118
158	485	560	307	86	47	40	123
148	507	590	331	93	50	41	120
132	466	628	307	77	46	40	122
127	457	534	270	72	45	35	128
138	456	589	292	78	41	39	125
130	377	591	303	86	40	39	124
126	368	558	278	81	39	39	118
126	373	453	244	72	37	38	124
131	400	463	273	74	39	39	113
120	393	431	254	70	35	34	109
148	386	455	241	59	35	32	100
172	423	515	247	67	35	31	98
182	445	533	262	76	37	32	96
186	378	529	231	72	34	30	114
188	390	533	221	71	35	32	116
163	393	604	262	70	36	34	111
141	339	592	270	64	35	33	112
120	334	581	264	55	30	33	114
116	349	605	283	54	31	37	105
132	335	618	334	59	32	42	100
123	359	568	359	78	41	48	100
128	349	562	344	76	43	49	104
136	310	590	355	84	44	48	92
142	328	566	354	94	48	47	89
138	358	522	314	94	49	46	91
138	323	504	251	79	39	40	103
129	345	519	249	80	37	38	101
124	351	506	221	79	42	38	98
127	323	495	232	70	38	35	124
129	293	521	223	71	36	38	125
137	399	513	211	69	39	39	113
145	399	463	217	70	43	40	123
162	391	455	246	62	41	40	136
155	403	500	240	59	40	45	131
155	425	495	338	72	40	41	131
152	384	477	340	74	39	42	139
153	391	462	358	71	35	41	144
167	441	422	348	72	35	43	139
166	430	445	371	83	39	40	122
160	401	463	310	70	37	37	129
156	412	471	312	69	37	36	120
148	427	482	298	76	39	35	112
124	393	534	289	78	40	34	110
128	384	506	245	64	36	36	120
132	397	479	240	68	39	38	112
129	399	499	243	78	41	36	118
134	413	516	293	81	39	38	107
125	421	453	288	76	33	37	102
122	430	403	278	77	35	38	115
106	409	445	257	70	33	36	114
110	358	411	316	87	43	44	115
103	297	408	258	80	42	42	111
102	237	419	280	82	45	39	120
107	218	433	331	92	47	37	111
123	225	487	342	98	47	37	114
123	259	490	340	87	39	28	111
