0	1	2	3	4	5	6	7
435	113	657	241	92	67	111	500
422	132	631	334	118	65	99	529
447	138	602	366	128	77	110	537
451	160	583	374	132	86	111	470
442	160	594	382	139	87	116	501
452	164	584	372	131	83	109	489
453	146	554	283	107	74	104	472
439	162	677	284	113	71	104	503
390	142	674	312	114	63	101	527
382	148	655	312	104	57	93	527
359	148	646	311	106	59	92	495
377	147	704	350	105	65	91	455
365	126	629	347	99	72	85	415
368	136	690	312	92	72	90	398
382	131	736	309	89	69	87	394
434	128	743	319	92	75	90	415
405	130	691	284	90	76	100	442
439	130	695	264	76	66	94	435
444	114	697	265	71	63	87	430
490	126	780	330	89	71	95	394
466	129	794	343	99	74	104	447
468	134	837	341	100	71	97	481
452	155	811	389	108	70	98	530
462	163	806	439	123	76	108	579
451	169	760	423	114	72	104	567
456	171	743	406	101	65	94	608
461	162	752	424	108	72	102	566
453	138	777	376	98	71	101	526
425	135	760	332	82	67	87	475
434	108	830	315	78	64	81	466
417	98	834	312	78	66	87	370
410	102	837	292	63	58	72	377
407	111	832	348	75	63	87	477
432	107	802	333	74	72	94	472
353	133	660	332	76	84	101	521
339	142	713	361	82	82	94	507
354	157	672	377	87	82	93	492
427	164	623	353	85	77	80	435
416	164	643	360	86	66	74	432
423	145	640	333	85	55	69	351
416	145	552	348	96	56	79	511
406	147	576	344	97	55	87	555
303	155	712	404	98	61	90	567
266	152	789	438	109	61	97	622
271	158	786	458	109	60	98	628
384	168	843	423	97	63	97	532
375	167	911	410	95	65	93	502
397	147	862	345	92	56	87	479
430	149	811	291	81	61	79	482
431	143	902	276	80	57	72	500
347	131	909	341	93	55	60	454
367	107	812	331	96	63	74	484
389	107	783	321	92	71	81	491
393	120	741	343	95	71	78	473
408	134	647	355	102	75	92	560
414	125	639	338	95	75	108	626
410	138	684	356	106	72	106	627
372	140	772	349	106	74	114	602
388	138	830	347	104	69	116	589
352	129	897	329	101	66	105	488
338	130	911	269	92	62	94	422
334	113	932	250	75	51	83	372
342	110	837	236	82	40	63	348
349	89	789	194	77	44	62	322
422	92	721	204	77	49	66	363
430	96	628	244	87	53	59	445
504	103	646	256	95	63	76	486
514	111	730	268	91	68	77	520
471	119	734	292	88	67	81	545
447	119	719	289	85	62	78	565
426	131	722	262	77	62	82	534
330	133	731	298	72	58	75	505
325	127	658	298	71	56	81	553
339	132	634	314	77	54	75	510
390	127	603	349	78	65	94	454
431	112	709	377	80	73	108	427
419	111	597	337	77	78	112	440
409	113	619	327	76	80	113	351
429	109	713	293	68	88	128	376
355	124	759	262	72	81	117	426
314	129	667	268	75	71	102	390
336	128	719	270	75	67	98	385
338	131	715	354	99	84	110	403
329	132	691	375	108	84	107	393
351	140	700	400	118	89	117	330
377	145	757	392	117	91	118	398
407	147	740	401	117	93	115	426
413	140	751	349	103	76	99	466
391	133	735	334	98	66	85	490
421	141	678	330	92	68	89	526
457	130	629	301	87	69	92	522
440	140	618	286	82	61	93	501
524	141	620	273	79	60	99	533
543	145	624	284	87	68	98	557
530	117	753	242	83	69	94	540
479	120	824	264	87	76	97	541
502	107	822	273	90	78	101	586
421	123	835	300	86	77	99	532
412	131	809	304	86	74	102	506
392	139	736	322	88	70	95	491
469	132	631	318	89	65	87	466
422	148	634	334	97	64	79	391
402	134	668	313	97	62	75	358
398	129	653	299	92	66	75	297
405	126	660	318	91	62	68	301
344	130	758	329	98	66	80	265
334	106	729	316	88	65	86	276
326	108	695	314	90	68	85	281
310	106	684	316	91	64	91	353
266	127	658	317	82	73	95	455
212	131	618	307	71	67	82	531
299	138	730	309	73	68	77	543
325	147	728	317	70	62	79	568
324	147	715	311	66	62	69	592
331	120	691	258	65	53	67	526
366	116	683	248	71	57	78	463
298	119	577	257	87	64	81	434
270	104	657	253	88	82	99	422
284	115	703	274	89	90	110	352
375	135	738	330	93	90	114	359
361	135	717	336	92	86	109	358
360	125	725	321	78	82	108	362
356	134	637	330	80	65	87	395
444	125	610	319	83	58	92	438
422	106	685	271	83	60	88	453
414	104	672	297	88	62	95	470
455	117	754	299	90	65	96	528
479	122	722	315	87	65	97	480
407	129	742	308	84	62	80	422
371	135	683	302	80	60	84	380
404	142	655	275	75	74	87	344
379	134	669	272	69	75	91	287
357	121	688	228	73	79	95	336
371	116	662	218	75	82	105	346
394	131	686	284	103	92	112	349
377	144	720	298	99	80	107	395
369	146	641	303	101	81	110	418
391	155	691	305	98	81	105	391
360	154	751	328	104	78	98	420
328	139	814	304	84	61	85	426
324	128	806	277	84	63	81	394
321	131	791	286	87	61	82	368
283	136	747	338	98	72	88	355
287	136	713	346	90	69	88	435
301	130	596	326	87	69	87	469
303	119	641	331	85	66	84	476
400	111	651	338	85	61	77	504
425	95	731	296	82	43	69	510
423	100	703	317	82	40	61	412
401	133	708	318	82	46	62	390
379	132	782	325	83	46	61	376
300	135	773	298	78	48	58	306
298	136	705	284	66	48	60	296
310	146	772	293	74	51	63	312
299	133	779	286	74	44	59	288
305	160	742	286	78	51	59	281
271	163	728	295	81	58	63	309
275	172	718	309	80	62	64	417
278	158	680	239	67	60	64	394
293	147	790	242	68	68	79	438
282	111	730	237	71	66	87	459
290	101	785	221	67	60	82	468
275	79	792	191	72	63	87	402
252	74	762	196	74	67	90	429
274	72	693	188	73	71	85	408
378	95	704	193	72	70	82	380
385	129	710	278	86	69	82	332
447	138	731	289	87	66	79	351
447	150	749	347	100	63	78	337
437	150	688	348	104	52	76	331
359	136	801	352	103	48	71	372
382	112	743	302	93	47	70	390
363	106	727	315	90	43	69	401
391	102	715	286	92	53	69	424
376	107	694	309	92	53	61	410
404	118	595	315	91	54	63	381
378	125	767	345	96	60	64	373
315	128	743	327	96	59	58	332
270	121	748	303	80	51	52	286
285	125	834	282	77	48	53	318
259	117	792	286	75	51	58	366
256	104	640	240	71	42	60	362
328	129	621	236	71	47	67	360
356	131	616	234	70	47	70	369
361	133	565	241	69	56	74	329
347	139	548	230	67	57	74	277
332	147	568	237	62	58	77	273
258	132	645	263	76	60	77	247
239	127	619	277	82	59	76	251
215	125	630	276	83	66	79	266
203	119	616	258	91	66	76	267
203	114	607	263	97	67	72	278
237	117	559	270	95	63	67	296
223	117	551	257	96	73	83	364
214	126	562	280	100	62	80	359
226	142	567	332	107	66	97	350
218	143	585	341	109	68	98	364
175	143	720	416	125	80	109	387
170	172	849	462	142	81	99	315
225	169	868	457	137	85	104	314
228	174	897	523	146	84	99	375
262	173	869	522	145	86	103	367
280	169	805	464	127	78	94	430
275	152	824	436	105	71	90	441
291	159	790	465	121	85	101	446
292	141	804	351	106	84	91	410
299	136	880	335	102	82	93	396
300	137	874	319	98	80	91	324
391	150	798	383	113	80	95	321
414	135	797	348	104	71	84	300
426	153	814	362	107	74	86	314
432	156	725	382	114	75	88	407
430	146	684	392	118	76	91	389
371	138	688	328	103	76	98	378
338	142	736	383	101	63	89	374
336	132	712	369	95	63	92	390
334	134	751	361	87	60	83	308
327	149	773	378	86	61	82	302
353	145	749	358	87	59	77	328
360	153	772	430	100	62	82	340
339	156	848	463	100	51	72	299
299	156	809	479	106	51	76	313
304	147	810	467	107	50	80	367
255	137	801	467	107	51	76	350
247	126	675	348	90	53	78	352
245	110	639	328	92	61	85	345
253	111	621	298	90	70	86	333
225	113	577	297	97	81	86	307
232	121	576	311	95	81	85	332
219	130	629	346	93	79	82	321
270	131	500	334	94	78	87	342
269	123	543	326	92	72	92	350
305	130	589	318	80	67	100	303
312	123	625	322	87	67	105	282
290	103	659	280	88	66	104	320
250	126	771	351	81	66	105	331
265	136	792	366	76	68	110	328
246	124	796	369	74	62	99	329
231	116	759	349	68	59	95	329
264	127	684	367	76	60	99	311
305	106	614	287	80	64	91	302
324	93	657	271	83	57	74	344
321	101	648	265	85	56	71	412
371	127	787	315	93	56	66	400
399	126	839	274	82	59	82	456
368	121	808	271	75	50	80	441
351	129	769	277	75	54	85	416
349	121	732	264	71	60	100	425
290	98	611	330	82	60	101	429
277	86	575	352	89	60	84	359
293	92	671	356	89	62	91	366
313	91	657	377	94	67	101	354
378	103	672	396	105	62	85	284
386	103	645	352	102	67	85	271
359	103	612	339	102	63	85	270
353	109	582	357	106	67	82	252
343	106	672	376	110	64	70	270
302	95	741	370	107	66	74	251
352	96	745	336	102	67	97	319
367	103	733	352	105	77	118	376
400	98	664	327	104	79	122	449
406	93	583	349	104	80	126	439
378	101	528	349	105	81	124	454
346	94	497	333	98	80	113	486
307	91	550	326	95	71	91	449
251	94	554	347	92	70	93	380
218	113	534	310	88	63	87	380
234	114	503	290	82	66	88	362
215	120	535	309	80	61	80	282
228	117	560	300	69	61	84	308
237	112	562	267	69	50	68	336
283	98	603	221	62	54	72	324
273	107	681	244	67	57	73	320
291	102	659	234	67	60	81	293
302	128	653	268	69	65	81	239
318	133	735	272	69	69	87	213
303	126	782	264	65	67	85	240
301	110	749	251	56	55	78	225
277	108	783	239	57	56	85	244
290	73	786	206	60	48	85	307
299	58	701	204	68	48	83	295
277	74	720	212	66	50	94	274
294	92	668	200	66	53	96	278
296	94	641	196	68	59	86	276
268	104	603	188	66	61	79	220
249	107	586	176	61	68	80	209
235	103	421	191	61	67	67	199
232	88	411	207	67	67	66	209
297	100	430	267	81	60	68	206
308	89	394	267	84	64	74	203
299	90	401	273	80	53	65	200
360	88	425	257	86	61	70	226
