0	1	2	3	4	5	6	7
161	241	373	288	107	48	41	107
138	255	405	289	108	48	39	98
134	276	392	280	108	46	36	94
114	214	366	235	97	44	35	106
115	212	375	261	95	41	32	95
120	211	371	263	95	44	30	92
123	217	325	224	95	45	30	112
128	230	345	234	91	47	31	117
120	218	315	311	102	52	34	104
130	220	294	288	103	54	38	105
119	249	334	298	98	51	38	103
115	230	368	330	103	48	35	81
111	205	334	364	116	47	37	83
130	222	344	300	105	41	33	97
114	226	389	346	113	45	36	98
117	211	393	336	111	44	38	100
110	219	354	330	100	44	38	99
112	210	357	292	84	42	35	100
114	205	425	303	92	45	34	87
146	212	384	260	78	40	29	83
152	193	361	260	83	43	30	84
154	194	387	307	104	50	39	88
160	223	408	403	130	59	47	85
160	219	356	468	138	61	52	86
136	225	354	477	141	61	51	109
136	228	383	504	150	62	53	113
140	216	385	506	137	55	49	114
138	226	385	449	113	49	43	116
117	230	423	376	102	43	35	116
136	214	461	367	101	43	36	95
130	243	429	361	113	47	35	91
127	247	422	343	114	49	36	91
123	218	442	415	125	52	35	87
145	232	468	452	128	57	42	95
154	258	439	454	126	57	41	101
157	254	448	458	109	51	40	98
161	255	442	438	118	51	39	104
157	250	421	348	114	46	38	103
140	252	403	338	122	45	32	94
111	274	442	332	129	47	34	88
97	256	454	336	133	47	32	84
90	255	448	341	136	50	34	74
93	295	478	376	137	51	35	77
89	284	429	344	125	47	37	74
96	244	409	348	126	45	34	74
111	251	381	296	112	47	35	81
132	252	389	329	116	49	35	82
137	229	433	307	119	49	37	80
144	232	412	326	124	50	36	85
162	226	415	311	124	58	39	99
161	241	458	396	132	57	39	98
141	258	471	354	113	54	37	99
133	247	418	340	103	53	37	110
125	239	431	344	108	53	36	119
133	279	422	350	106	53	40	127
138	271	393	253	112	53	39	126
141	276	378	242	117	53	38	125
138	286	348	253	124	52	37	127
147	283	375	317	128	52	43	127
115	271	379	310	119	43	37	118
98	295	377	327	121	40	39	116
125	277	400	364	120	41	43	119
167	286	423	388	127	43	45	121
172	291	388	319	114	41	41	107
173	262	415	311	113	42	42	93
187	224	428	301	99	43	42	104
187	225	416	287	100	42	39	97
180	173	381	254	84	39	37	94
177	169	372	251	85	38	36	111
181	192	389	338	128	39	37	123
171	211	419	367	158	45	44	122
156	207	435	361	157	44	43	126
166	217	506	412	175	49	47	130
165	227	506	421	188	56	49	119
158	212	477	400	176	56	47	105
155	207	473	373	146	51	42	98
153	223	533	385	155	60	46	94
119	219	514	335	140	57	41	75
107	200	528	329	123	51	38	77
101	197	510	301	131	50	38	77
95	173	503	333	138	58	40	74
101	182	462	318	130	51	35	79
110	193	421	342	136	54	39	92
133	189	423	372	161	67	45	104
167	224	437	394	163	73	52	110
169	241	426	368	163	70	48	112
163	253	361	363	159	69	49	105
147	254	413	393	157	67	48	95
148	255	445	357	141	55	45	85
121	218	463	353	119	48	39	86
116	269	440	356	113	44	38	83
114	255	450	364	121	44	37	86
117	296	439	309	108	44	34	85
96	343	405	308	118	46	31	78
92	348	373	276	123	46	29	77
126	317	417	289	131	46	32	80
125	352	444	266	122	43	33	83
124	326	419	257	122	41	33	97
124	299	424	272	109	37	33	108
117	291	450	300	108	37	34	108
89	281	427	365	133	44	34	112
118	218	413	431	146	50	35	121
131	211	395	437	153	52	38	115
142	239	441	520	172	60	42	125
156	266	420	540	184	61	43	124
158	281	410	499	160	56	43	125
147	281	417	465	153	55	47	124
136	276	432	461	148	54	44	124
117	245	376	393	118	46	40	106
95	225	390	346	88	41	40	103
93	188	424	321	87	43	40	101
91	182	414	353	101	41	37	90
103	196	419	371	104	43	38	102
102	181	457	339	114	43	39	101
112	204	437	346	119	47	39	102
107	214	417	365	116	47	37	94
101	226	439	303	102	48	36	95
90	240	427	285	100	47	40	84
130	254	430	296	92	48	39	89
147	253	438	272	91	45	38	83
152	255	427	272	93	43	39	86
157	258	417	349	101	42	37	98
156	276	423	345	104	42	31	94
126	270	365	338	101	42	30	89
119	281	380	326	97	42	30	92
127	286	385	315	97	40	28	93
130	282	424	247	99	40	33	87
137	234	413	239	95	36	34	84
149	229	432	212	90	37	35	94
139	201	426	234	93	41	37	96
133	189	439	251	93	42	36	90
127	179	359	245	89	42	36	92
123	191	368	267	83	42	42	123
109	176	370	297	102	48	46	141
123	162	361	298	99	46	47	142
123	182	336	287	105	46	47	142
131	179	326	268	103	45	46	145
129	185	323	256	117	47	39	118
130	197	360	292	119	45	33	91
109	196	351	297	123	49	33	89
98	197	439	320	130	49	35	94
124	206	477	348	135	50	35	82
137	212	493	358	131	50	36	76
141	236	452	335	128	51	43	77
141	250	454	356	132	50	43	72
143	238	395	372	132	51	43	67
104	241	355	355	122	50	43	65
87	222	325	330	116	50	42	77
143	203	333	307	102	44	35	80
148	239	358	340	128	41	34	89
148	227	322	296	119	39	34	92
152	241	347	333	135	43	40	90
168	280	329	335	134	43	41	111
144	273	342	388	151	48	45	122
167	244	304	341	135	49	43	116
166	263	330	364	139	51	44	121
164	242	310	329	125	47	39	127
150	203	369	383	135	45	38	109
134	203	345	337	119	40	34	88
133	183	347	319	124	41	36	89
131	169	390	304	120	38	32	81
133	210	411	310	114	37	33	84
146	229	426	316	122	38	33	73
143	223	447	340	132	39	35	78
114	252	472	357	133	37	32	75
132	285	414	350	134	39	34	73
139	258	395	359	137	42	33	88
151	245	329	291	118	42	34	100
142	251	337	274	109	43	33	104
158	227	356	260	100	46	37	105
143	173	389	264	94	43	37	114
136	193	420	237	96	40	38	104
114	197	422	238	99	41	37	105
130	187	401	220	94	39	37	103
128	193	375	231	75	40	36	110
136	201	332	211	73	40	34	100
136	200	309	208	85	42	36	91
137	201	358	226	89	38	36	85
122	225	400	254	92	39	37	82
106	237	381	239	95	37	35	69
106	242	403	238	96	40	36	74
107	254	395	263	101	45	34	74
103	260	387	287	115	48	36	69
118	254	332	324	133	49	37	76
113	247	346	358	140	50	41	84
119	230	318	388	142	50	42	90
137	215	344	382	134	44	42	107
136	190	327	404	133	41	41	104
144	186	384	365	120	43	38	101
150	182	377	329	109	40	34	96
143	189	404	310	110	39	33	87
153	176	369	369	126	48	37	78
167	204	384	313	113	52	39	91
160	230	344	314	114	49	39	95
157	225	388	351	116	49	40	95
162	257	391	355	122	52	44	104
135	277	401	339	111	45	41	97
124	278	348	336	109	41	39	87
120	243	394	395	110	40	38	76
120	241	343	408	114	46	39	75
108	223	342	422	101	43	38	66
108	192	332	380	88	40	37	59
119	196	381	409	88	39	37	58
127	219	316	351	78	42	37	69
130	217	324	308	77	38	38	69
154	242	339	309	101	40	37	69
158	258	375	330	104	43	40	79
143	236	352	298	104	47	41	92
139	237	380	280	109	46	42	94
161	247	370	297	105	46	38	101
142	211	356	266	89	46	36	102
139	196	324	250	84	45	30	112
143	212	373	263	79	42	32	104
139	209	380	281	76	37	33	100
107	206	401	297	83	37	35	92
129	199	483	306	83	35	37	102
134	218	493	305	91	36	39	85
133	198	444	287	91	35	36	91
123	191	433	296	92	37	34	87
132	213	427	254	94	37	35	91
104	246	334	263	105	34	32	82
112	247	360	287	103	33	32	91
108	246	368	288	101	37	34	97
115	248	344	267	101	38	32	100
106	228	337	290	94	41	31	96
105	191	399	302	86	44	35	100
95	169	383	284	84	44	31	93
103	209	471	294	92	42	31	107
101	191	474	294	87	42	31	103
104	182	483	277	81	38	28	109
123	228	435	314	89	36	28	108
125	231	467	312	93	38	31	109
127	226	408	339	102	42	32	90
134	285	439	364	112	45	37	101
136	295	437	383	138	50	39	95
120	281	441	353	134	51	39	89
119	317	406	362	134	48	38	82
109	310	455	368	135	49	38	76
111	290	482	368	132	46	38	69
113	314	508	398	128	43	36	72
152	307	496	377	126	45	35	79
144	280	515	368	127	45	37	80
144	265	452	339	118	41	37	82
174	234	406	316	112	40	34	85
194	195	434	296	103	40	39	88
165	176	434	303	102	37	36	84
167	174	416	320	110	41	36	91
167	172	424	317	107	41	34	87
145	175	454	309	115	43	36	80
114	199	393	270	107	41	33	74
123	211	400	306	118	43	35	73
120	222	375	287	101	39	33	79
126	243	366	269	103	40	35	105
127	246	362	265	121	42	33	108
135	247	352	268	123	46	33	111
128	258	344	203	109	43	32	114
138	232	383	243	118	46	35	125
132	219	470	299	127	44	32	108
132	233	427	319	102	43	32	110
140	207	429	346	104	44	33	109
148	191	476	385	125	51	40	118
144	212	470	406	147	50	38	96
145	220	403	388	144	49	40	95
134	217	439	379	149	50	42	93
123	216	486	351	144	45	41	93
125	221	491	359	152	45	38	81
129	213	483	311	132	44	39	83
137	197	478	339	129	45	39	94
125	183	454	356	128	46	38	91
133	192	442	367	126	50	40	96
119	187	385	336	100	45	36	98
106	189	410	325	91	45	37	100
92	213	406	380	106	49	39	89
103	209	396	361	98	47	36	85
121	220	381	349	110	45	38	81
142	218	389	339	115	44	39	78
142	200	392	343	117	45	39	89
143	186	451	250	105	39	37	84
158	195	489	265	112	38	37	85
130	193	511	275	97	38	34	95
117	219	516	284	86	37	36	108
119	221	500	295	89	33	35	92
125	215	442	300	88	36	35	97
95	213	432	310	117	46	36	98
94	263	394	308	123	48	37	91
88	234	388	300	130	48	35	86
95	259	409	343	130	50	37	90
89	268	450	327	138	50	41	98
104	274	434	307	125	43	40	101
103	242	438	327	125	43	41	98
97	257	425	363	121	43	40	86
109	232	445	338	124	44	36	95
114	236	395	350	123	43	33	91
112	217	434	394	113	44	32	90
120	185	445	393	115	46	31	88
131	200	438	351	109	45	35	99
126	213	387	336	114	44	37	93
146	227	390	329	101	42	35	98
145	234	356	281	96	45	36	99
138	247	337	373	116	42	36	104
132	227	336	404	122	44	36	97
140	262	314	388	115	43	33	93
127	237	332	379	121	43	32	83
124	251	366	408	141	46	35	75
135	261	367	306	122	43	35	72
138	260	378	276	121	47	37	69
121	213	380	278	116	48	37	70
138	227	397	343	115	49	40	76
158	231	379	302	99	43	38	83
159	204	412	356	118	49	37	82
155	208	409	383	116	41	37	84
153	215	437	387	125	39	36	80
128	223	444	346	141	44	38	76
96	198	432	366	142	51	39	84
77	236	389	326	136	47	40	83
124	256	424	323	138	50	38	88
128	247	439	334	132	51	40	91
128	238	421	365	119	47	36	92
157	249	413	404	158	52	40	85
165	264	559	416	156	51	40	83
156	257	566	426	170	55	44	79
156	276	529	441	174	56	43	84
162	291	544	409	187	59	46	99
146	292	575	395	162	51	42	106
143	247	446	428	167	55	47	122
118	257	474	429	162	53	46	130
115	236	532	432	166	54	47	132
159	222	544	434	167	58	47	132
152	211	511	457	168	59	47	130
154	234	504	423	161	63	42	115
161	199	435	386	151	62	41	115
165	212	397	398	148	61	41	114
111	195	386	463	170	61	44	112
115	211	391	488	198	66	49	109
110	195	423	530	210	60	51	117
120	203	423	580	219	70	54	116
127	190	425	653	235	74	58	111
131	204	405	631	219	79	56	102
131	187	460	620	196	79	56	101
138	172	451	571	199	80	55	99
139	191	514	543	207	75	53	99
152	189	507	447	196	70	47	99
150	169	491	447	197	66	46	94
147	195	444	406	191	66	43	99
154	204	432	399	174	64	39	92
162	185	401	376	154	58	36	88
163	230	396	371	146	60	40	90
164	241	428	346	131	56	37	88
179	214	513	354	162	50	36	83
175	263	513	378	171	53	38	83
155	258	490	369	174	54	40	75
143	216	492	344	176	51	36	76
185	205	489	399	185	55	36	78
179	219	433	360	159	58	34	73
180	179	436	357	145	54	35	73
195	182	484	385	145	55	34	74
190	205	487	386	146	57	36	70
173	220	449	304	128	51	36	68
167	201	407	294	118	47	35	84
166	185	374	270	124	48	31	83
161	202	344	324	136	63	37	84
165	184	360	329	133	66	42	86
146	214	427	344	140	65	43	104
150	233	417	351	141	65	51	95
148	229	435	402	139	66	53	101
146	235	412	346	118	51	50	108
136	255	416	374	122	51	48	107
131	227	381	356	107	48	47	97
118	229	400	380	121	52	39	94
104	235	412	348	123	53	39	95
84	229	496	361	129	57	43	80
79	237	496	337	148	63	45	76
90	252	471	349	158	67	47	76
104	253	474	346	147	64	49	87
108	249	492	391	147	64	50	88
109	276	411	388	141	62	47	92
112	254	382	365	104	51	43	105
117	248	482	414	104	51	45	117
128	249	506	403	100	52	45	114
131	251	476	353	95	51	41	116
139	223	454	458	117	53	42	124
140	234	502	475	123	54	41	112
128	227	417	457	129	56	38	104
140	207	393	477	149	59	39	100
154	216	420	466	146	58	41	92
171	212	453	349	128	54	40	81
171	199	380	344	129	55	40	82
184	191	424	328	121	49	39	75
174	192	434	309	111	50	39	76
167	202	440	323	108	53	42	77
146	197	409	360	124	60	45	78
142	205	446	384	129	60	45	86
123	208	425	359	119	58	45	94
112	223	396	344	107	54	44	94
136	236	372	336	106	51	40	91
159	241	393	277	87	43	37	97
163	241	357	241	75	40	38	97
167	255	357	255	80	42	37	88
166	254	340	265	82	42	36	81
152	243	351	270	85	41	36	87
128	263	364	269	91	43	34	81
119	313	391	272	99	47	36	88
123	322	370	289	102	48	39	95
121	320	405	284	108	43	37	108
101	318	410	272	114	47	39	105
112	294	426	278	106	44	38	105
114	247	405	307	99	41	38	100
107	256	416	316	110	41	37	92
155	246	405	303	104	46	40	84
158	232	373	299	95	44	40	90
153	279	364	308	106	43	41	88
154	286	395	290	106	44	41	88
159	257	427	264	91	40	40	94
110	286	435	279	84	37	37	92
124	280	459	307	91	36	38	82
112	256	451	306	88	38	36	81
123	257	454	289	94	39	36	84
116	254	450	333	104	48	37	75
142	231	436	356	112	50	37	80
135	239	398	364	115	51	35	88
139	217	391	395	115	51	39	95
133	226	403	399	108	50	41	86
132	256	359	423	117	42	38	94
142	261	363	396	117	43	44	97
143	318	398	377	112	43	44	90
155	319	378	353	113	42	42	95
153	303	327	346	125	45	41	102
157	294	386	259	113	45	41	102
122	320	368	303	119	47	40	98
117	289	324	306	120	50	42	96
103	288	343	305	116	53	42	95
104	282	408	305	104	50	39	87
124	289	364	322	100	50	40	91
122	267	390	287	89	47	34	85
117	232	429	283	88	44	33	89
107	247	434	304	94	43	32	82
