0	1	2	3	4	5	6	7
526	560	1018	572	148	119	227	618
616	582	1008	601	165	125	237	700
706	628	1043	714	192	138	255	827
774	585	961	752	223	152	289	832
863	565	909	792	237	160	290	783
922	574	882	835	255	161	267	930
934	660	971	916	268	169	277	1019
1023	621	1011	928	275	165	298	1068
1047	651	1016	946	264	159	282	1066
1120	624	1096	950	257	190	366	1188
1233	614	1151	1008	264	177	350	1177
1229	526	1100	950	265	180	362	1124
1171	557	1010	937	255	175	342	1139
1096	553	999	1023	282	172	334	1144
1015	605	1000	1004	285	120	227	1031
884	632	1075	1028	286	120	225	977
914	699	1110	1105	281	112	218	970
934	676	1198	1052	284	136	233	914
1133	711	1205	1015	270	157	276	977
1198	673	1160	1006	266	198	343	1022
1230	666	1049	927	241	199	355	1049
1220	584	1087	804	234	204	353	1048
1188	599	1026	845	232	198	348	998
1070	528	1030	736	206	185	317	937
1033	560	1011	765	211	160	280	920
1000	595	1115	782	222	159	264	950
1000	645	991	782	219	167	278	995
988	618	953	698	198	161	267	1031
965	611	1014	678	189	153	260	983
915	597	985	574	157	136	222	1025
843	604	860	459	131	131	223	972
817	535	862	513	139	116	185	872
774	515	883	569	150	108	173	768
716	468	801	568	170	119	191	807
606	444	935	585	172	113	182	730
596	406	1036	576	170	109	177	682
591	421	1057	516	149	100	177	748
641	464	1039	487	139	109	196	794
620	540	1007	517	118	101	181	763
729	531	998	486	105	98	180	772
747	491	867	494	106	106	179	716
897	475	871	479	106	97	166	628
874	432	874	462	103	90	145	566
872	358	887	426	107	95	148	623
810	340	719	385	106	103	159	662
810	317	716	394	112	97	152	698
608	389	672	365	111	97	145	725
607	440	684	361	115	100	140	733
575	442	681	323	101	90	123	667
