0	1	2	3	4	5	6	7
576	426	763	807	235	132	178	344
637	368	773	846	231	140	208	364
712	530	837	917	247	139	192	394
803	572	899	913	264	140	290	390
898	571	899	783	223	113	299	401
915	543	1037	803	237	130	309	424
907	602	1009	828	249	132	333	386
829	495	998	813	267	136	357	361
721	477	962	889	299	133	300	316
555	495	979	946	318	156	341	264
537	542	862	1012	351	188	435	247
492	512	926	1057	396	193	433	291
551	501	996	1116	409	199	444	280
577	512	959	1052	384	205	445	298
678	535	1007	1022	375	220	486	364
690	550	1014	1004	361	190	402	368
641	542	997	974	322	209	546	388
613	580	910	888	321	213	545	434
581	600	958	1089	403	227	592	455
531	593	962	1186	428	227	576	438
572	544	1002	1137	413	235	646	451
595	620	986	1256	523	246	603	422
639	579	981	1391	520	251	653	392
727	534	926	1283	465	245	629	370
784	555	858	1286	534	243	629	377
741	569	792	1284	546	242	571	357
744	507	740	1224	473	212	474	337
714	501	754	1220	508	205	392	326
664	570	791	1253	519	194	350	314
565	556	767	1173	449	181	260	253
619	539	790	1169	442	177	246	279
598	502	820	1115	417	181	287	282
569	557	793	985	384	174	266	276
631	503	799	886	357	175	268	314
620	482	864	911	357	170	293	305
582	552	918	935	361	159	276	284
640	564	947	1010	364	142	218	308
663	506	940	1051	351	147	232	327
681	483	885	1073	360	148	251	323
724	480	794	1015	315	133	224	316
696	411	784	1051	389	181	284	300
642	412	713	956	388	191	324	284
619	402	750	990	393	187	322	263
518	566	759	1001	403	186	300	218
560	611	842	1122	433	193	312	237
637	619	741	1017	343	150	273	246
621	703	836	1034	326	152	295	237
626	723	843	1018	342	198	411	265
598	612	887	989	340	209	433	255
488	566	822	946	362	202	450	293
433	611	886	971	364	197	456	302
481	548	836	1043	406	193	441	312
488	557	794	948	374	142	337	279
477	534	791	945	354	120	321	284
554	537	802	1000	346	171	348	270
544	560	762	1076	368	186	333	265
532	503	764	955	307	179	344	268
535	500	781	942	302	178	355	290
532	504	777	948	304	178	356	279
452	493	759	802	262	159	321	240
409	376	743	668	221	155	391	225
390	380	754	760	230	154	365	181
528	349	769	852	249	155	371	175
526	361	715	803	241	160	358	169
523	334	728	779	216	130	332	156
557	402	753	818	233	115	252	156
535	409	679	713	222	111	235	165
370	398	624	554	188	102	189	136
369	385	703	661	210	97	196	148
349	375	680	715	231	98	191	162
266	300	645	729	227	95	161	152
237	301	682	767	235	90	150	149
275	286	649	828	250	105	166	164
370	303	567	780	236	109	169	159
384	286	546	795	231	104	171	161
418	293	595	778	237	110	218	175
437	268	539	774	230	115	222	171
419	280	669	813	237	103	210	164
384	328	666	812	239	99	228	173
412	352	706	795	227	101	228	162
