0	1	2	3	4	5	6	7
857	833	1143	1005	390	179	361	954
962	821	1121	996	370	174	356	917
940	851	1260	967	310	149	334	914
961	974	1269	1022	321	157	352	909
1065	947	1241	1054	323	174	404	999
1081	903	1363	1063	331	198	445	1017
1142	917	1418	1093	373	236	517	1109
1249	883	1310	1101	367	232	514	1049
1276	762	1296	1127	402	249	516	1150
1244	753	1242	1115	400	277	541	1214
1385	802	1144	1119	396	278	621	1356
1358	770	1134	1135	411	283	622	1342
1332	766	1218	1063	424	290	598	1338
1369	752	1218	974	382	265	576	1272
1351	775	1303	1040	421	234	525	1197
1194	765	1245	1092	462	242	396	1011
1080	763	1182	1024	426	213	275	936
1100	733	1104	1006	418	215	290	906
1015	758	1207	1100	455	228	289	862
927	755	1133	1078	415	211	288	856
1012	675	1109	974	363	228	287	1076
1096	674	1108	1014	356	218	274	1096
1101	703	1160	1057	351	218	295	1197
1140	636	1042	999	314	212	302	1235
1109	571	984	905	284	212	281	1186
995	603	1017	921	277	168	290	1010
960	611	951	894	280	171	286	947
806	579	841	796	243	160	262	842
729	542	745	710	206	155	267	909
872	566	845	696	203	167	263	983
948	578	883	739	222	170	267	1017
874	566	1002	743	206	166	264	1038
977	515	989	725	214	175	267	1024
942	501	1041	724	219	173	254	934
820	475	975	690	208	151	237	839
730	414	987	612	180	135	189	770
800	468	886	590	175	134	195	715
650	463	923	630	173	130	178	773
726	497	923	583	165	134	170	735
757	576	937	641	165	132	192	792
800	574	869	590	154	136	200	847
739	535	923	532	154	134	184	859
788	528	804	474	150	119	176	788
731	490	758	517	162	112	175	776
663	387	810	443	162	111	151	716
643	367	798	481	170	106	130	656
615	312	787	416	155	109	159	625
558	286	813	413	154	117	151	635
519	359	771	374	147	113	150	719
561	354	719	384	149	122	168	742
575	416	672	375	149	128	182	715
628	395	617	391	148	135	181	732
613	462	660	384	141	125	180	704
629	422	688	426	146	128	184	599
683	427	657	407	139	128	172	548
634	359	715	420	139	126	158	540
630	344	723	402	140	110	135	501
627	285	753	402	140	107	122	492
