0	1	2	3	4	5	6	7
125	629	470	238	77	53	244	103
117	635	467	243	85	60	249	84
121	655	458	267	91	62	233	81
119	564	469	287	96	66	249	94
110	583	453	316	105	75	227	106
150	526	432	332	119	79	224	106
149	497	432	323	114	74	241	102
168	516	463	394	129	85	254	109
169	546	464	429	136	89	273	106
174	569	413	414	137	85	241	96
137	546	402	395	121	82	254	87
134	499	506	404	119	83	255	89
106	549	531	327	105	72	250	78
110	559	511	254	100	68	272	73
99	551	531	245	95	67	325	72
102	625	570	258	94	70	352	94
107	646	532	242	100	74	340	94
130	601	568	270	102	76	357	95
130	583	593	280	109	78	336	98
123	557	567	267	105	73	299	108
123	508	580	284	107	69	286	90
115	473	568	278	103	72	394	99
104	425	486	262	97	70	382	107
107	462	481	260	89	65	384	101
132	444	502	259	88	62	391	90
147	392	438	243	91	67	473	93
152	436	391	237	91	60	430	85
150	452	378	235	93	63	437	72
145	412	383	235	85	60	421	76
123	538	421	229	86	64	488	72
101	580	498	239	83	71	430	74
167	572	566	258	95	89	462	78
183	555	624	286	105	95	474	87
195	553	638	328	127	106	542	84
215	495	643	360	131	112	489	91
238	539	672	347	130	109	498	90
199	640	617	349	131	98	471	86
179	683	666	338	118	92	516	81
176	713	627	293	98	87	491	101
163	741	645	270	96	83	498	98
135	683	559	277	93	81	480	92
166	625	559	280	86	76	468	99
171	660	520	251	84	77	421	103
160	647	542	253	82	76	415	85
150	616	448	223	74	72	423	89
147	738	487	230	75	67	405	89
116	754	467	229	66	74	406	80
117	753	367	235	68	73	427	70
118	736	399	241	63	68	423	75
126	756	398	254	72	78	394	70
139	660	377	252	73	82	420	73
131	693	456	257	79	79	396	74
124	684	476	237	80	80	382	76
120	701	453	224	80	78	343	69
118	637	500	217	73	69	369	74
103	654	476	198	69	63	353	70
91	554	474	166	58	64	371	66
87	472	484	171	53	66	360	89
