0	1	2	3	4	5	6	7
565	82	404	75	48	69	186	524
567	105	462	131	61	96	230	510
596	108	515	152	62	105	216	514
606	121	536	159	65	105	219	554
632	119	545	167	65	109	225	606
607	109	530	164	65	117	253	595
586	95	520	164	57	98	213	617
502	122	514	199	65	89	204	585
574	117	527	213	78	101	232	562
582	122	523	209	77	96	235	538
567	129	572	216	77	81	203	464
560	129	551	203	74	84	214	413
571	106	508	165	65	86	210	524
652	119	467	155	50	83	198	525
624	120	453	166	55	86	199	487
601	119	385	161	56	91	204	510
551	114	380	151	56	93	223	562
622	141	486	150	57	92	232	477
476	137	503	142	55	84	238	538
511	134	490	128	51	88	228	550
557	131	500	141	48	84	209	524
617	139	492	138	51	90	225	489
573	109	396	133	50	88	224	532
587	98	314	131	49	99	212	475
590	109	371	194	59	100	217	518
579	112	387	185	61	108	298	557
615	115	408	181	61	106	282	545
613	113	399	203	66	109	286	520
636	115	493	220	69	97	281	503
688	111	474	171	62	92	276	483
698	108	453	183	62	85	221	458
639	98	450	200	61	78	211	446
701	102	539	178	50	64	189	444
656	96	494	153	47	72	232	471
597	92	481	170	45	81	258	436
593	94	510	156	41	75	234	457
634	109	492	144	47	85	239	440
522	107	403	159	51	86	260	397
536	115	405	181	61	85	235	379
542	109	390	174	64	93	217	463
528	104	337	176	65	96	212	422
488	110	412	185	68	110	250	429
517	119	422	183	70	116	232	483
546	119	395	166	62	113	254	487
582	128	405	150	61	115	259	443
589	131	427	155	67	119	283	427
556	115	385	137	59	102	247	400
577	103	376	134	62	99	248	379
562	105	383	141	64	102	212	371
509	98	455	147	63	101	248	371
525	95	438	138	60	98	226	411
519	90	460	154	60	91	210	455
530	97	458	139	52	92	233	434
488	109	515	145	53	87	232	426
492	112	518	153	54	68	180	380
482	114	549	158	52	67	191	322
498	119	543	141	50	71	210	309
437	117	593	154	54	92	211	304
525	106	535	152	63	126	286	354
543	109	494	164	63	130	286	375
530	111	547	170	62	128	277	388
538	104	519	173	64	129	277	384
658	111	515	179	67	118	264	445
624	108	542	188	55	88	211	488
599	95	544	171	55	96	243	546
589	100	483	185	63	110	273	554
662	106	484	183	63	104	259	540
591	113	447	180	56	103	254	525
600	111	400	164	55	98	235	481
598	112	419	166	53	84	227	399
631	110	418	140	51	70	195	370
559	105	462	138	50	77	197	381
560	95	473	138	58	72	191	341
608	98	477	155	71	83	200	342
637	108	461	166	72	85	192	366
627	117	491	174	73	87	196	436
606	125	483	178	73	88	208	433
586	122	444	168	72	92	217	409
546	119	461	150	61	90	218	424
544	121	423	129	63	96	202	462
496	107	424	117	59	95	197	415
495	100	383	119	58	96	193	416
487	108	413	116	59	93	183	446
451	120	428	135	57	90	159	414
417	114	469	143	52	88	201	380
553	116	423	146	53	91	229	460
550	110	419	140	56	103	256	477
547	98	424	168	54	103	279	492
543	76	402	150	54	98	286	511
580	76	398	141	59	111	268	506
477	72	400	145	54	111	261	476
483	79	476	160	53	99	234	486
503	75	449	131	50	99	212	511
523	90	428	130	50	102	224	497
482	83	410	128	46	86	238	497
565	109	467	140	54	89	228	470
580	110	390	136	57	85	229	489
535	120	427	138	57	85	228	448
494	119	473	144	60	92	226	440
462	122	462	153	65	93	201	476
383	107	419	145	61	101	209	445
419	108	426	132	63	108	220	462
427	99	441	137	61	105	235	487
566	105	458	131	56	96	216	474
601	106	493	127	50	94	236	451
587	111	471	112	48	72	220	491
593	105	480	122	43	62	199	460
606	101	440	117	48	69	186	447
534	101	443	133	52	76	209	502
556	92	425	139	56	83	192	493
553	75	438	145	56	88	204	488
485	79	463	135	54	86	206	465
498	87	501	132	50	81	209	480
444	81	518	130	50	79	195	450
378	86	518	125	45	71	182	433
381	94	553	131	53	81	164	433
464	94	531	147	56	84	194	464
433	95	508	163	62	86	175	403
410	87	454	151	60	84	164	387
445	89	435	151	63	92	189	417
444	80	368	152	62	82	195	463
374	77	352	134	59	83	176	418
456	74	346	118	55	81	193	425
527	75	368	122	58	78	192	449
489	73	364	129	61	77	170	448
578	77	354	117	57	82	185	409
584	78	364	129	57	80	178	440
539	85	367	145	58	78	186	493
512	93	328	144	57	82	190	493
573	96	316	147	54	75	188	508
471	101	360	152	55	80	221	495
600	109	387	140	54	76	218	467
609	124	352	119	52	81	199	465
583	116	349	117	52	78	201	423
568	116	387	106	51	86	216	378
654	119	403	119	51	73	165	381
540	112	370	127	61	81	173	376
512	95	416	146	61	84	181	337
590	97	423	146	59	86	173	389
597	101	429	145	57	77	149	388
518	94	408	133	54	79	149	439
508	100	495	138	44	78	149	448
508	95	488	131	46	76	143	436
428	94	506	136	45	74	142	391
378	88	493	137	51	82	157	412
361	93	528	139	59	88	185	369
399	92	558	145	60	86	189	407
386	89	538	137	56	82	202	382
439	85	502	136	56	83	202	382
423	82	506	129	51	85	221	367
422	79	467	130	40	79	206	345
363	89	374	139	44	82	202	277
446	94	404	142	46	83	200	314
381	104	484	145	49	84	230	340
382	104	485	155	50	76	203	344
390	104	465	148	51	71	187	311
439	92	419	145	47	65	179	324
423	108	393	142	54	79	180	318
437	102	311	132	52	94	163	318
435	101	285	128	48	92	158	284
410	97	309	153	51	104	213	303
373	101	331	142	54	107	227	338
364	85	371	139	51	99	228	357
436	83	357	157	49	86	218	335
442	85	363	150	53	93	242	358
456	104	487	137	52	81	198	368
539	98	499	127	49	83	190	342
500	101	472	125	51	82	176	325
414	102	480	117	55	85	195	352
