0	1	2	3	4	5	6	7
56	399	651	109	62	44	36	30
57	392	607	110	58	41	38	30
58	359	648	191	82	46	43	37
56	353	653	248	101	51	44	37
57	271	621	251	102	50	41	37
58	263	588	254	100	49	40	36
65	198	598	274	100	51	38	38
63	229	571	255	88	47	35	32
64	244	541	221	75	42	32	30
65	247	531	220	78	44	32	29
58	240	475	216	78	46	32	28
63	294	500	253	88	46	32	29
68	268	475	403	116	51	37	34
71	248	465	431	121	55	39	37
70	256	493	448	127	57	40	38
77	278	531	511	137	56	41	40
71	363	549	508	136	58	43	40
65	364	552	431	118	50	36	33
60	366	602	438	119	44	33	31
59	402	591	442	123	42	32	30
50	386	509	376	110	40	32	30
48	259	422	426	132	44	32	32
53	259	414	458	149	54	37	38
55	270	343	462	145	61	41	40
50	181	330	468	143	59	40	39
48	168	333	486	151	61	40	39
42	152	294	420	137	58	39	34
38	130	256	379	116	51	36	28
40	82	201	341	111	48	33	29
68	83	170	312	105	48	32	29
70	64	136	284	99	49	33	27
70	47	147	319	116	48	29	27
91	45	146	283	121	46	30	29
122	45	145	280	125	45	31	31
139	45	168	289	124	42	31	37
141	42	173	280	123	42	30	39
147	44	175	242	99	42	31	47
136	48	173	221	102	45	32	47
115	40	168	189	101	43	30	45
91	37	180	159	92	44	29	41
132	37	206	180	92	42	27	41
134	42	201	195	100	41	26	35
137	37	196	197	89	34	25	43
134	38	197	199	99	33	24	44
125	37	166	200	108	33	26	47
78	39	176	236	112	41	28	50
77	32	175	231	107	42	30	48
75	35	178	251	107	47	31	41
70	35	174	266	94	50	31	42
70	41	183	289	95	49	30	39
80	41	137	262	94	42	30	35
83	41	125	257	94	40	28	39
80	40	138	269	94	38	27	39
83	41	142	260	93	38	30	43
82	35	126	234	90	39	29	39
70	34	124	215	96	36	28	39
54	35	139	204	119	36	26	34
51	35	123	165	121	36	25	30
44	33	130	155	125	35	20	20
43	34	139	154	121	37	21	24
59	35	149	151	121	40	24	24
55	33	149	146	96	39	25	25
55	31	162	139	103	35	28	26
53	33	169	148	102	35	30	27
68	33	161	140	102	32	30	25
64	28	150	139	102	30	29	25
68	29	144	133	106	33	29	26
68	29	144	127	93	32	26	26
69	26	121	110	99	32	25	25
54	27	135	115	107	35	25	23
51	30	138	113	111	40	25	23
58	28	145	124	106	41	26	23
60	29	123	127	112	44	27	23
60	29	124	129	104	42	24	25
67	30	111	146	118	42	27	26
59	29	117	148	105	38	27	26
48	28	104	142	105	35	25	24
45	28	108	128	96	33	25	23
49	31	106	122	102	35	28	27
49	34	118	100	85	34	28	30
50	34	102	117	92	37	28	32
53	36	104	122	94	38	29	33
53	35	97	122	100	38	31	33
47	33	102	122	90	34	30	30
36	30	120	126	93	36	28	27
41	30	120	112	87	31	26	24
38	28	115	100	84	31	28	20
41	29	132	122	93	29	25	21
41	29	129	127	101	34	24	19
41	26	95	118	102	31	23	18
35	26	112	123	106	33	24	18
35	29	117	128	109	37	21	21
29	27	101	105	97	38	22	23
37	26	111	101	92	35	24	24
36	26	107	106	87	34	28	26
36	24	91	102	86	33	26	26
32	23	97	95	84	29	27	26
30	24	94	99	83	28	27	24
31	23	84	103	92	28	25	23
32	25	77	92	88	28	20	23
42	26	96	82	84	30	24	25
43	25	81	80	83	29	24	24
45	24	94	85	84	29	27	26
39	25	99	74	72	28	27	27
