0	1	2	3	4	5	6	7
100	252	647	850	918	270	100	75
100	267	679	869	1032	310	107	80
97	274	799	956	1050	340	118	82
98	272	838	873	939	313	111	79
107	291	862	1004	983	345	119	92
91	278	967	928	925	341	112	92
87	274	969	1024	1130	368	138	86
99	266	897	1024	1271	398	140	98
98	289	877	1074	1390	430	150	106
100	264	929	1016	1334	404	142	95
119	234	863	1091	1372	392	144	99
128	250	853	1008	1237	387	137	117
120	285	884	985	1200	362	129	110
118	262	914	976	1241	391	140	104
110	272	846	953	1244	397	143	106
94	267	894	933	1311	410	143	105
75	241	912	927	1283	371	129	85
85	219	851	941	1193	351	134	82
106	216	754	859	1017	278	108	81
125	198	808	834	923	261	100	79
125	245	690	761	733	230	98	78
128	245	565	648	535	176	76	76
123	213	670	567	512	147	65	69
102	204	711	558	422	135	63	64
83	228	599	445	380	114	58	61
96	182	621	394	325	109	53	57
96	188	634	435	292	106	59	50
91	187	492	342	231	92	51	49
92	188	437	337	215	96	54	50
93	165	464	361	219	99	55	51
82	177	425	359	216	96	54	53
92	168	395	312	179	88	50	64
90	171	414	397	152	79	51	63
90	167	456	399	147	76	50	62
101	182	427	378	142	68	47	79
94	180	448	416	155	68	47	74
81	178	424	414	155	76	45	63
82	180	545	495	156	78	45	65
79	199	594	544	150	74	43	72
57	172	597	548	155	76	47	76
61	160	631	560	157	79	49	81
59	171	656	561	160	75	49	80
73	223	625	538	218	81	52	85
75	232	602	601	270	102	57	81
72	240	622	633	334	123	62	65
70	266	634	711	351	123	64	65
75	263	698	775	383	123	63	70
64	214	637	716	365	121	61	71
71	193	704	693	382	107	60	72
73	207	759	676	372	86	52	69
75	196	795	648	410	90	52	65
70	210	729	569	408	91	52	60
77	212	720	577	447	95	51	62
68	217	651	489	454	107	52	60
66	201	571	517	443	115	58	65
70	174	481	453	474	127	63	74
80	180	532	548	540	152	72	78
73	179	540	544	516	156	76	69
78	154	543	607	499	152	79	76
83	232	582	590	509	152	76	69
88	257	621	649	460	159	79	74
84	282	587	614	379	147	77	77
90	349	593	660	368	136	72	81
93	380	585	634	345	138	72	86
93	359	584	635	305	139	76	106
84	362	595	568	266	119	71	102
82	332	589	517	245	103	65	102
75	307	611	491	231	110	69	102
71	295	632	482	216	99	64	98
68	288	623	492	222	96	59	81
66	263	575	449	212	85	53	75
68	285	746	608	206	91	53	74
73	255	727	632	195	84	50	73
79	272	722	699	230	89	57	75
83	274	719	719	222	82	59	73
97	290	698	719	223	83	59	84
96	278	544	580	198	72	56	81
100	289	531	535	188	68	55	78
96	250	493	439	138	62	49	84
94	264	487	414	121	55	46	81
86	275	538	439	118	53	46	71
87	266	494	439	113	53	46	90
87	244	515	402	111	52	43	93
87	252	511	402	104	49	41	94
90	219	484	375	108	50	40	100
84	187	460	401	107	52	43	109
84	203	466	407	112	52	45	113
80	217	416	418	114	53	47	114
84	211	414	439	128	58	48	108
80	219	423	454	120	54	44	110
79	227	380	407	113	51	42	111
87	213	408	423	113	53	43	98
85	212	475	526	141	60	43	100
87	219	541	507	139	66	48	98
104	206	565	550	145	66	51	100
127	214	610	605	156	70	56	103
126	282	645	606	158	69	53	111
125	266	606	519	130	63	51	123
140	320	571	569	127	52	47	127
128	332	650	526	114	48	42	121
106	328	613	506	105	43	34	124
99	312	550	482	97	44	36	115
122	323	645	503	99	43	35	108
111	278	622	469	91	42	34	118
120	309	649	470	104	52	39	117
138	337	645	429	102	54	43	122
139	308	699	492	113	56	44	122
130	328	649	475	114	57	44	115
123	322	759	478	117	57	43	102
128	298	692	447	102	50	41	117
115	281	775	494	112	53	39	102
114	311	742	455	110	54	42	101
105	297	790	458	111	56	43	114
117	344	790	396	100	53	41	119
108	414	745	403	108	56	44	116
117	434	692	363	101	51	42	113
129	487	719	379	95	49	38	114
136	486	662	351	86	43	38	98
129	475	620	425	95	46	39	85
134	431	763	523	112	54	40	66
126	463	817	568	125	62	42	69
145	425	866	563	125	59	42	80
154	419	860	587	132	61	44	96
152	403	899	572	134	64	44	101
148	391	913	578	138	67	44	105
151	324	871	526	119	58	42	112
148	256	872	640	148	70	46	116
132	237	915	669	161	74	48	106
142	232	815	650	156	71	49	108
153	250	741	615	147	61	47	118
148	242	773	629	150	62	49	105
126	255	711	498	122	51	47	89
121	257	657	438	99	45	42	86
112	239	717	482	105	50	43	86
94	245	651	424	92	50	40	77
94	248	665	454	98	55	40	81
85	237	715	457	96	56	38	80
91	237	697	489	109	59	41	87
114	307	720	467	107	55	39	91
137	294	724	485	112	60	43	85
236	344	694	467	120	63	52	114
315	353	631	451	123	63	54	129
344	388	667	450	122	64	63	139
346	346	626	539	146	74	72	142
353	319	631	554	146	71	75	155
301	276	606	543	138	68	68	149
236	310	640	573	143	68	69	146
195	288	643	537	137	68	62	134
179	298	634	507	128	64	53	128
160	307	645	477	124	70	46	117
153	290	649	476	129	75	47	105
134	254	625	471	124	75	45	94
147	254	674	512	132	73	44	91
160	266	655	429	114	68	47	98
156	326	652	416	112	68	48	107
174	324	659	399	100	63	46	106
166	316	622	369	97	80	45	105
160	302	544	315	81	78	45	123
156	323	564	432	96	81	44	130
149	255	647	540	122	82	47	117
129	280	698	584	145	81	47	114
136	289	735	593	144	63	46	123
121	285	727	633	153	70	47	116
164	236	708	640	159	71	51	101
168	269	659	593	150	65	46	109
166	247	600	650	237	79	53	115
163	232	559	658	331	114	71	106
165	235	588	679	346	117	76	103
113	230	638	631	352	119	125	121
105	208	772	639	432	134	132	115
102	255	829	610	433	129	135	116
102	284	861	667	487	118	130	132
98	285	934	688	547	140	136	126
88	336	987	742	568	144	94	110
80	321	905	785	551	139	90	109
77	278	833	728	540	141	83	99
96	262	847	675	448	131	80	100
100	323	766	632	367	100	65	103
115	275	660	579	349	100	59	99
145	364	687	576	430	125	62	110
150	371	704	633	437	129	65	118
137	375	688	622	456	127	63	96
146	327	709	638	487	132	60	105
132	339	711	594	516	136	61	105
116	249	632	523	403	108	52	97
116	265	732	557	371	97	48	88
116	290	766	744	417	102	58	92
101	339	739	724	401	108	61	80
122	318	747	732	359	99	69	88
111	313	718	720	359	103	74	91
123	300	594	652	368	114	79	97
128	271	526	486	296	114	76	99
135	224	521	445	268	125	77	96
132	225	546	496	263	125	73	92
136	222	586	506	255	119	68	87
126	289	694	556	239	114	65	77
117	287	679	574	207	108	64	72
107	322	668	597	191	82	60	70
94	334	644	578	208	81	59	70
83	341	648	582	266	99	63	68
82	303	606	662	291	113	74	72
89	306	638	640	322	120	76	70
107	242	642	677	378	127	78	73
111	226	646	776	577	169	84	74
128	267	689	820	675	197	91	74
132	246	666	783	720	197	83	75
131	230	685	777	769	210	84	77
126	244	703	790	782	214	84	84
123	252	716	755	638	193	80	80
108	197	634	680	513	155	72	89
96	209	641	652	484	146	70	82
90	243	611	645	420	124	65	81
77	239	616	705	452	132	72	77
80	314	625	648	465	120	71	78
86	319	653	643	492	117	67	69
87	312	631	631	471	142	72	69
94	299	682	639	481	150	79	76
106	307	758	622	511	152	84	80
106	283	734	681	567	160	88	83
96	341	763	773	580	173	91	80
98	343	779	772	592	160	89	83
92	348	731	761	572	149	81	75
80	355	667	735	594	154	78	71
88	315	637	662	560	145	68	68
88	275	603	554	528	133	66	66
85	266	595	509	517	126	61	62
86	259	559	486	500	127	60	61
84	258	580	378	360	99	49	52
70	253	602	463	305	92	48	65
76	278	608	485	282	87	45	69
85	310	570	477	214	79	44	69
93	301	567	469	202	73	45	69
101	294	450	444	124	69	41	72
100	298	467	356	134	70	41	65
97	270	437	332	135	69	40	60
93	234	451	352	123	65	39	62
82	268	485	363	119	66	40	70
76	267	568	444	133	60	40	68
72	276	579	492	133	55	38	74
71	277	565	498	132	52	36	79
69	287	560	539	139	58	41	81
71	259	558	586	146	58	40	73
67	239	515	577	140	58	42	73
65	209	461	568	128	59	42	60
62	162	447	564	123	60	43	58
61	129	420	545	123	54	40	56
60	131	425	548	119	55	39	56
57	132	402	505	114	53	37	54
60	134	356	450	113	53	37	74
61	147	403	538	134	56	40	77
53	147	461	531	129	60	41	76
64	142	473	519	135	62	43	101
66	158	544	578	149	69	46	106
84	166	565	593	153	70	48	103
85	169	572	507	136	66	45	103
94	213	593	495	133	61	42	106
95	265	624	524	135	59	40	87
106	310	600	461	124	51	39	92
106	321	647	445	115	48	37	93
114	331	691	479	120	49	38	92
110	336	675	469	123	60	41	94
103	308	659	400	109	58	40	92
104	268	632	374	96	55	37	90
97	265	607	369	91	52	35	90
90	332	614	417	98	52	33	85
97	333	594	431	98	45	34	82
98	341	614	427	98	42	35	87
96	354	657	436	102	41	35	75
107	418	721	533	134	48	39	76
110	387	671	495	132	48	41	81
104	378	679	467	122	43	37	78
110	393	755	439	119	43	38	83
112	398	787	513	138	55	44	99
107	321	721	549	165	64	49	104
99	317	756	540	159	64	48	100
108	300	774	550	163	67	50	113
110	278	669	668	192	86	54	111
110	264	599	634	181	85	52	101
104	284	601	512	137	74	45	89
117	258	638	497	139	73	45	93
111	267	629	507	138	72	43	86
111	303	625	343	94	55	39	98
122	293	643	371	105	66	40	99
128	306	686	491	120	74	41	110
126	307	657	501	123	79	45	117
128	301	656	490	124	80	47	114
141	244	630	498	124	75	43	115
129	252	621	454	113	59	42	109
130	233	586	346	99	58	41	101
126	237	565	344	94	66	38	92
122	263	529	316	90	70	38	98
105	268	558	323	97	73	39	85
106	287	604	350	101	78	39	89
99	272	604	344	93	73	37	87
97	266	614	315	86	155	35	82
108	238	625	318	82	162	35	78
108	228	641	295	71	167	37	71
116	203	570	279	70	170	36	78
118	210	513	266	76	173	38	78
120	205	483	318	92	103	42	83
113	202	511	314	92	148	45	94
114	229	513	313	93	160	43	98
111	208	576	310	88	158	40	96
108	213	615	347	92	158	37	94
103	262	671	366	93	157	39	93
107	268	639	398	104	116	38	79
100	295	592	458	115	123	38	78
92	309	581	435	113	131	45	77
87	304	610	406	103	130	47	77
85	266	504	395	106	139	42	85
76	334	561	365	99	177	42	89
82	289	621	308	90	201	44	88
99	317	601	349	92	204	43	88
101	337	590	379	98	211	45	88
109	332	682	396	99	216	48	77
115	287	773	478	115	248	49	72
113	299	785	488	113	226	47	79
121	265	756	463	111	220	41	76
123	256	718	419	107	211	39	93
124	264	635	367	92	237	35	103
123	238	507	256	66	182	31	106
141	228	429	243	65	170	32	113
124	215	443	285	70	167	31	116
132	205	477	300	68	169	32	105
136	214	627	304	73	148	31	104
134	216	594	332	85	132	33	106
116	220	597	346	91	131	33	91
109	230	650	373	97	132	37	101
100	232	658	385	101	131	37	101
105	204	539	401	105	115	41	116
106	196	566	421	109	131	41	109
104	211	609	416	108	129	41	112
108	229	549	407	105	127	40	114
108	249	528	392	103	130	40	116
102	267	549	381	100	108	37	97
107	271	542	382	100	90	38	97
111	293	501	369	103	93	40	92
108	273	547	317	98	92	38	81
104	267	561	317	96	81	37	84
94	254	529	299	89	77	35	87
81	245	531	227	70	54	32	90
80	206	529	216	72	51	29	93
94	216	522	249	73	54	29	102
93	184	517	270	79	56	33	94
90	182	517	267	84	55	35	85
110	197	524	332	96	55	34	87
111	211	561	335	90	48	36	100
100	246	603	352	99	48	37	90
100	267	637	385	109	54	37	87
101	262	618	385	109	54	36	92
84	257	590	380	104	52	37	94
109	268	565	443	121	57	38	89
114	236	496	438	120	53	37	85
111	223	527	430	107	45	36	88
112	256	553	429	109	51	36	92
114	253	582	399	112	55	39	85
83	259	582	315	89	50	35	77
83	244	593	285	75	46	36	77
104	243	687	267	81	50	36	91
104	238	687	275	72	45	36	88
105	250	666	350	88	48	36	102
113	264	676	414	106	53	37	106
103	271	640	409	110	58	38	108
120	283	524	389	109	55	38	99
130	306	516	454	122	59	41	100
129	318	499	394	108	53	39	101
139	289	453	350	94	50	39	98
149	329	487	403	102	48	38	94
129	323	436	473	115	50	36	92
122	348	439	422	105	47	32	95
118	332	442	439	108	48	31	75
103	331	505	446	109	47	30	67
88	298	501	424	108	47	33	72
99	296	608	424	108	49	33	84
91	277	661	471	114	49	33	76
95	287	712	456	109	45	33	87
111	297	766	448	104	43	35	96
116	307	815	452	97	39	30	101
111	300	730	394	94	42	29	145
129	245	724	335	89	41	31	168
129	242	703	414	130	46	35	169
149	259	702	445	141	51	35	192
152	274	894	555	164	65	43	204
211	290	949	756	261	103	64	228
222	357	1010	827	316	128	78	223
251	382	1127	841	331	136	84	224
258	448	1202	902	357	140	89	224
277	442	1051	879	356	137	90	233
264	487	1066	818	322	117	79	207
276	453	995	777	312	92	68	198
269	433	858	745	347	87	62	209
249	407	708	791	374	89	61	211
236	388	719	749	388	91	55	191
224	314	719	695	386	89	56	192
212	325	764	720	369	91	54	198
201	330	864	768	319	93	53	189
202	245	935	627	250	88	50	170
202	273	968	687	252	91	52	178
189	322	934	668	245	83	51	144
171	314	895	628	227	81	50	157
200	308	877	630	245	68	47	176
227	301	809	744	307	76	53	199
219	299	788	699	313	78	53	195
217	266	779	690	340	83	56	197
217	254	814	670	473	99	58	184
181	269	769	691	505	108	67	177
147	280	730	568	481	97	75	149
144	275	736	547	504	110	205	141
133	259	737	536	544	130	250	133
151	250	690	570	474	126	259	145
169	227	636	555	435	123	266	142
214	229	642	641	442	136	267	145
216	303	649	706	428	128	188	151
217	318	664	743	387	105	120	151
195	351	679	756	354	101	101	132
182	350	662	699	368	103	76	119
124	351	698	761	534	114	68	116
125	305	718	802	522	114	68	118
118	296	651	774	505	124	70	118
120	253	609	730	498	126	72	126
162	255	642	725	547	144	74	136
161	270	608	724	463	149	67	127
161	226	608	725	472	166	64	115
167	256	624	753	470	163	65	117
170	258	652	789	468	172	64	120
129	253	629	813	391	162	62	98
137	242	676	753	285	163	61	90
155	260	656	784	261	163	68	94
158	218	634	760	263	270	84	94
172	261	668	816	315	270	88	82
170	273	802	936	425	291	98	95
167	270	786	941	440	291	104	102
159	263	720	903	443	286	98	99
178	325	862	932	494	200	86	106
179	333	838	890	505	207	87	125
180	339	740	782	476	202	87	117
176	357	703	719	611	208	83	125
167	433	776	695	645	237	92	130
141	400	700	735	637	248	101	124
140	509	767	765	610	262	99	115
139	606	788	778	595	306	100	129
144	632	840	836	464	318	103	120
153	609	862	860	511	326	108	114
162	647	889	821	480	325	103	112
154	564	866	799	535	341	109	107
153	489	896	826	542	313	109	87
144	481	868	820	623	346	109	91
129	466	842	774	596	321	98	91
107	438	775	776	584	316	96	112
101	458	762	804	563	297	94	108
123	424	748	794	534	269	90	109
134	410	717	754	432	192	81	103
148	394	658	730	362	177	78	102
155	364	689	708	373	167	80	79
151	347	648	614	310	122	67	86
152	344	674	520	293	123	59	83
168	328	672	487	253	112	62	84
156	338	640	465	233	114	64	88
152	337	640	429	183	97	56	92
158	347	650	430	175	100	63	87
161	341	531	390	160	80	59	84
152	307	577	500	171	94	64	92
153	327	634	534	168	94	67	90
150	412	565	491	155	93	66	85
151	387	538	571	176	91	60	82
125	388	513	566	174	95	61	89
108	398	509	501	164	82	57	92
102	389	469	468	157	77	53	92
102	320	455	489	163	75	50	91
94	316	470	392	131	75	50	97
103	312	535	441	132	70	50	96
130	317	569	559	172	75	59	97
138	321	554	625	182	76	60	102
153	325	546	641	186	81	64	114
150	299	586	708	204	83	69	107
152	351	562	712	221	88	73	105
121	327	485	609	183	75	61	93
114	295	501	555	171	72	57	96
87	281	505	553	164	65	53	84
91	313	472	526	156	59	49	83
84	377	454	521	134	54	39	81
92	392	465	536	137	53	40	80
95	395	502	546	142	56	45	75
98	400	526	526	139	55	45	73
90	372	507	504	132	54	43	69
85	241	490	486	130	52	48	72
84	218	489	525	127	53	50	73
75	200	458	494	118	49	45	70
74	165	443	508	131	62	51	68
70	181	432	470	122	61	51	78
73	185	450	506	123	61	47	77
70	222	454	462	126	63	48	81
79	240	484	585	155	73	51	83
81	263	610	707	197	76	56	90
87	284	631	708	199	77	55	90
87	284	612	683	200	78	55	92
101	275	660	718	207	83	59	99
106	281	636	648	195	79	62	99
119	250	530	590	156	67	54	121
119	220	504	601	155	66	54	127
122	235	535	653	162	67	57	129
114	240	505	685	172	66	55	130
109	266	503	668	160	62	50	128
92	260	503	596	152	63	49	99
90	259	568	597	152	62	48	88
85	268	565	540	148	63	46	83
82	253	582	421	116	55	42	66
80	279	643	416	131	58	43	67
79	282	729	479	140	63	47	79
76	299	709	570	166	66	51	82
72	285	792	669	202	73	57	85
63	276	750	695	208	78	59	98
71	213	690	705	230	76	56	105
79	214	612	697	247	76	54	123
80	191	573	615	236	77	50	120
91	208	430	503	208	75	45	122
96	221	452	511	251	80	42	117
100	213	450	526	235	83	47	117
97	212	443	489	224	82	46	93
108	213	500	515	223	81	49	90
106	186	505	572	231	76	49	84
116	180	519	625	207	68	51	95
109	174	557	622	235	64	51	88
122	178	596	738	287	84	66	94
116	178	602	817	353	94	75	104
120	176	615	787	455	100	77	108
114	163	578	729	464	97	74	102
118	167	653	813	453	99	76	111
115	179	634	750	499	84	64	109
126	170	606	780	466	89	59	101
117	187	624	793	410	88	59	108
116	214	643	835	395	96	63	102
127	213	535	797	395	101	64	97
133	195	513	798	308	98	65	107
124	196	547	698	300	85	59	108
133	187	532	740	322	86	58	100
139	151	531	693	323	79	54	111
128	159	531	625	339	74	51	103
111	155	510	625	359	84	55	105
99	159	487	635	398	95	58	103
104	173	525	615	339	90	56	101
115	205	660	790	359	105	72	97
115	205	675	797	363	105	70	93
121	207	709	787	393	114	70	70
131	197	706	776	351	108	70	80
142	177	711	719	342	107	70	80
125	147	595	515	326	96	55	71
119	143	558	534	295	95	56	87
126	133	525	517	212	81	54	91
120	144	513	547	216	77	51	81
98	190	417	590	226	81	50	81
114	203	472	616	214	81	52	100
121	216	500	634	234	80	56	91
109	219	517	643	240	81	55	90
106	247	498	585	232	83	53	90
115	210	524	542	220	78	54	91
117	245	461	507	210	73	51	66
122	241	457	439	191	75	44	62
122	248	470	386	178	72	40	68
125	235	499	409	172	73	41	72
123	228	474	451	198	76	39	81
99	179	493	450	222	73	34	81
83	195	535	453	212	69	34	90
107	181	475	433	195	64	33	91
117	163	455	432	205	54	33	100
114	202	508	442	208	51	34	89
126	202	485	480	226	57	43	97
139	183	417	522	250	62	47	100
120	184	435	578	254	66	50	103
125	197	540	589	290	69	52	92
125	192	539	575	270	67	51	94
133	225	551	641	251	70	50	105
124	231	580	583	239	73	50	96
125	245	618	577	285	85	52	87
112	294	595	618	301	103	57	97
120	299	575	608	316	109	61	96
107	272	576	524	327	110	58	87
117	270	581	579	328	115	59	101
116	303	575	554	287	106	55	100
135	250	512	488	223	93	50	98
129	220	543	508	216	90	51	95
122	214	575	507	234	84	49	89
113	231	564	520	246	86	49	75
131	172	526	531	244	87	48	80
112	163	600	536	277	90	49	80
105	192	611	532	301	87	47	87
114	202	652	547	334	115	60	86
131	179	671	535	341	108	58	89
129	216	748	576	407	116	66	91
123	251	736	608	406	114	65	81
125	232	720	627	387	117	64	80
133	243	663	597	333	91	52	85
121	257	704	621	327	94	55	87
118	280	708	611	245	85	58	85
121	267	672	586	215	84	59	88
132	272	657	560	200	79	61	94
117	262	639	574	196	85	66	90
107	253	569	549	187	80	63	81
98	196	500	548	198	78	53	75
99	177	516	620	212	87	60	78
92	191	567	679	220	92	62	67
94	187	558	669	213	87	57	75
97	171	539	629	189	82	57	89
94	170	556	659	191	85	64	93
94	158	558	585	163	72	57	87
86	163	485	544	169	75	56	99
89	176	480	530	171	76	57	90
87	200	472	529	168	74	55	77
82	211	435	456	145	71	49	72
80	217	390	491	150	71	45	77
86	216	408	469	133	67	43	72
93	207	399	500	132	65	43	77
113	178	390	548	140	66	43	89
117	160	375	547	139	62	41	103
117	207	394	573	152	68	48	102
124	192	359	539	147	62	44	98
127	187	344	495	174	123	48	97
110	193	362	514	181	130	49	97
109	194	326	489	177	131	51	94
116	143	285	490	176	128	51	93
118	150	337	532	180	130	53	94
104	166	345	551	152	75	51	91
102	180	398	517	146	68	49	94
112	180	389	510	144	63	46	85
109	182	496	440	131	65	45	82
88	203	471	454	139	63	42	72
101	208	493	435	135	58	40	83
104	206	447	388	126	49	41	68
97	211	462	448	135	50	40	67
95	253	382	480	132	40	35	69
98	237	387	458	120	40	36	87
84	229	349	480	126	43	36	84
76	227	336	479	122	44	37	90
68	226	355	423	111	42	38	90
58	219	312	398	109	46	37	87
63	222	391	428	111	41	34	78
73	241	417	413	108	44	33	100
79	246	426	469	121	45	34	98
84	265	484	487	127	48	40	101
91	282	559	471	123	46	42	103
88	307	506	403	110	46	42	100
81	287	489	410	108	44	43	84
90	282	515	380	97	44	40	81
88	279	478	364	97	45	36	74
96	228	444	427	117	51	42	99
97	190	441	426	123	53	46	100
96	209	439	413	121	52	48	90
85	212	439	457	134	56	49	94
82	189	407	442	126	53	48	102
96	190	337	375	104	48	45	85
104	174	385	487	131	50	45	86
107	201	416	528	138	53	44	94
124	194	394	518	136	48	45	103
150	208	406	518	137	50	46	114
138	198	469	526	140	53	45	109
136	190	451	431	109	51	43	106
137	149	421	407	104	48	40	101
124	147	415	346	87	47	38	106
90	116	399	347	95	46	38	89
95	178	340	342	92	44	39	96
97	193	326	338	94	44	39	96
93	188	319	295	87	45	41	105
103	181	296	293	98	42	40	93
105	191	381	358	102	45	43	97
96	155	357	363	120	50	42	101
97	141	344	423	146	62	46	99
97	151	398	450	194	65	48	95
92	208	433	460	214	70	49	94
93	201	388	459	221	69	46	96
114	188	434	469	212	64	45	87
111	194	426	420	221	60	40	90
110	212	424	413	180	57	35	93
109	170	407	429	164	56	37	92
109	171	375	415	192	63	41	87
106	191	355	433	231	69	48	94
100	195	354	429	210	64	49	97
100	179	324	424	211	66	49	93
96	203	343	393	227	67	47	84
97	208	409	357	197	60	44	86
79	186	387	299	183	59	40	89
88	179	401	326	195	59	41	86
93	189	412	361	214	57	44	79
107	162	404	497	217	61	46	86
117	168	341	526	218	65	51	88
114	175	354	524	190	58	45	75
148	205	415	594	199	61	45	77
154	220	451	595	185	65	44	89
144	213	466	528	196	66	43	91
131	202	465	514	199	69	40	82
131	205	472	547	275	72	41	85
87	188	457	493	315	68	38	78
88	143	399	469	338	69	40	77
90	138	368	426	324	65	38	69
91	141	357	438	336	66	39	78
86	169	343	418	287	67	39	81
84	147	280	377	222	69	41	84
92	165	273	379	220	75	41	85
106	163	302	376	222	75	45	91
111	158	322	339	200	71	42	86
117	193	323	365	225	85	46	85
122	202	315	401	291	88	47	86
128	194	324	443	356	85	45	76
117	193	294	441	364	94	46	66
116	208	304	501	378	100	51	66
112	165	297	498	384	96	51	59
108	162	309	467	351	93	49	62
85	159	342	428	260	90	50	69
80	160	347	466	272	97	51	67
82	154	331	416	248	92	49	71
79	143	343	390	248	87	45	70
85	162	349	397	241	88	47	72
85	174	333	451	242	94	49	62
86	188	325	441	203	74	46	65
77	190	354	447	207	70	46	69
85	184	364	451	163	69	49	73
83	163	356	434	140	65	48	64
80	149	350	373	136	56	45	74
76	139	359	336	120	51	40	75
89	154	352	416	136	53	41	68
82	151	321	398	127	48	38	68
78	158	328	396	127	48	35	73
77	182	316	407	120	47	35	64
87	189	316	437	128	49	38	66
80	169	284	361	98	42	34	61
97	171	279	388	93	43	34	62
97	167	263	388	95	40	36	64
96	168	285	358	92	40	36	76
87	197	311	415	103	42	35	70
88	214	310	425	113	44	35	69
68	214	318	409	111	41	36	79
78	217	322	416	110	41	35	97
98	200	321	427	113	40	33	91
99	239	324	385	108	40	31	97
96	234	323	381	108	42	35	100
110	245	355	361	106	43	36	99
103	241	353	357	106	45	39	86
85	233	356	386	111	45	42	87
87	195	349	389	105	45	45	86
85	184	382	363	91	40	41	85
