0	1	2	3	4	5	6	7
522	307	880	581	149	88	121	561
558	324	880	602	151	90	126	631
646	317	913	633	155	88	123	626
629	350	926	693	160	83	120	597
799	317	1007	640	145	71	95	590
879	329	1001	625	134	72	106	718
899	297	1023	620	138	78	115	684
852	345	1121	611	135	77	122	698
829	314	1052	499	116	76	121	757
661	362	979	477	108	77	123	701
627	369	954	468	116	81	129	590
649	358	987	459	110	74	122	610
633	317	859	459	105	73	114	546
703	299	834	480	111	73	112	517
694	257	795	511	137	81	134	706
692	259	841	496	145	82	130	763
650	280	821	560	177	102	140	796
775	338	828	622	190	107	152	828
847	343	813	610	194	120	177	860
989	371	907	567	173	115	174	945
1082	367	868	557	160	110	171	900
1161	384	890	538	146	116	181	892
1218	384	875	511	150	119	196	952
1158	436	956	525	146	108	183	921
1093	416	937	525	149	107	167	693
976	426	995	574	171	111	171	768
994	431	964	616	204	121	214	795
892	397	995	593	200	125	212	763
947	341	925	588	199	123	207	798
853	338	955	672	214	121	211	845
986	317	877	632	199	120	217	863
892	280	809	550	149	84	155	809
918	313	764	507	135	66	131	764
858	341	792	501	139	87	156	765
867	325	714	362	117	94	151	757
724	311	744	450	138	93	132	687
719	321	786	429	140	109	145	798
618	272	723	428	144	115	153	830
547	237	764	444	140	101	126	777
533	246	747	410	130	93	121	739
555	270	786	337	114	91	123	712
479	253	776	332	106	75	106	566
475	239	810	320	101	67	89	510
565	242	741	398	108	64	104	561
603	246	723	410	112	63	103	577
579	250	681	393	116	68	97	556
596	255	744	402	113	64	99	587
592	290	755	413	117	72	126	690
534	282	747	323	111	69	114	654
526	277	803	316	114	72	120	631
519	254	774	303	96	65	125	684
537	241	709	315	97	69	125	694
518	218	711	303	93	67	113	659
496	292	676	276	89	73	117	660
451	285	587	287	81	68	108	636
420	271	577	266	84	69	111	630
386	272	571	247	82	66	106	646
321	263	512	260	83	60	87	575
381	204	501	333	91	65	89	611
378	205	550	346	91	65	89	645
511	206	515	364	93	66	102	680
598	219	502	355	93	64	108	621
637	232	603	365	98	67	111	598
628	205	633	338	96	56	106	594
682	216	673	306	103	64	114	558
621	227	741	283	95	62	95	462
530	221	729	285	101	63	91	449
618	223	704	274	100	63	86	506
644	237	688	247	93	66	88	464
625	223	651	283	86	62	88	562
