0	1	2	3	4	5	6	7
107	178	496	303	109	41	39	92
121	185	530	298	97	49	48	95
113	179	554	291	91	45	45	101
124	163	569	283	85	40	45	98
111	197	514	343	108	48	48	88
113	181	478	389	113	49	45	94
100	181	426	373	108	42	39	86
104	203	567	490	138	53	41	82
97	201	563	491	144	53	42	87
94	160	568	521	144	52	43	91
90	167	579	483	142	54	46	103
84	149	595	499	152	53	45	108
90	179	492	467	163	53	51	105
86	208	546	505	166	59	57	110
81	209	510	438	156	56	55	124
107	207	527	538	174	63	62	114
110	217	523	607	176	70	64	113
116	200	559	573	154	68	58	114
129	179	487	550	148	68	55	108
129	178	477	550	147	71	59	88
112	175	484	517	141	67	54	87
113	189	515	432	131	61	52	81
100	182	452	383	121	55	51	87
104	180	438	359	122	52	47	101
129	190	436	356	121	48	45	104
127	194	421	300	100	40	41	98
124	194	431	364	128	50	46	111
124	175	478	399	134	51	45	115
109	189	531	421	140	55	52	105
104	177	539	437	147	61	53	109
113	171	528	431	152	62	55	120
121	190	542	405	143	53	49	111
134	234	477	389	143	55	50	100
173	231	480	415	140	50	45	108
172	247	536	424	136	42	42	100
166	254	587	429	156	44	40	84
165	229	541	406	141	44	41	83
156	189	550	414	134	43	43	94
121	225	502	354	127	43	43	92
107	216	514	378	132	47	40	88
111	223	440	356	119	46	41	90
112	221	428	358	118	50	44	102
118	214	439	367	129	53	45	100
114	162	481	418	142	58	50	94
111	157	414	379	134	54	48	100
104	145	445	369	121	54	48	104
101	150	445	359	116	49	45	99
111	205	476	399	115	47	44	94
113	213	445	369	99	42	36	92
116	240	519	386	110	40	39	92
114	263	514	449	113	41	39	88
134	295	541	445	117	44	37	77
127	268	511	415	117	47	38	79
153	274	480	421	125	56	42	81
149	247	430	423	133	56	46	75
151	239	434	398	133	58	45	74
140	224	453	455	144	60	45	78
141	213	466	428	136	56	48	81
119	214	514	410	136	49	51	92
121	211	490	423	138	53	49	92
137	230	543	428	140	49	48	93
131	219	510	397	131	49	52	121
128	231	502	411	138	57	48	144
118	227	492	425	132	53	42	134
131	284	496	398	113	50	38	144
128	257	457	375	116	55	38	149
123	246	476	398	122	55	37	130
118	235	459	410	116	50	33	101
121	269	471	468	116	51	32	111
124	227	499	477	122	52	32	104
114	220	471	455	107	45	33	100
118	219	508	412	97	42	30	96
143	263	538	469	114	44	37	111
137	246	488	392	122	43	39	116
118	237	447	382	114	46	41	112
109	242	463	397	119	47	47	109
128	270	446	440	132	53	48	119
117	265	429	362	119	49	44	106
127	236	445	368	127	49	44	121
126	234	468	361	136	51	46	117
140	266	539	439	144	53	41	123
135	231	513	440	139	53	41	123
141	202	482	447	138	55	43	124
162	212	480	508	145	59	46	103
165	221	507	564	147	61	44	106
157	172	429	503	137	59	46	107
150	177	427	469	134	53	43	105
141	183	492	470	151	53	45	104
114	176	498	449	138	60	44	94
119	156	440	361	130	54	42	98
121	158	528	392	140	53	39	90
115	214	547	396	134	55	39	77
100	202	523	433	139	56	33	86
101	201	521	416	142	50	37	100
103	214	523	436	142	50	37	94
103	230	431	429	143	51	40	105
100	176	455	432	149	52	44	104
103	176	450	381	135	52	48	92
103	194	447	334	125	45	44	78
97	179	479	342	125	46	43	78
109	169	498	380	118	44	41	60
109	186	455	363	118	45	36	61
112	183	463	391	104	44	36	69
121	179	487	407	107	49	38	87
123	214	494	484	129	52	39	89
108	208	473	427	122	51	37	89
112	220	475	515	171	59	41	93
114	214	450	499	173	60	38	84
97	219	457	523	178	61	40	77
91	200	483	518	184	65	49	81
91	203	475	528	187	68	53	91
91	178	441	444	147	62	53	92
102	180	427	428	142	60	53	97
104	160	455	395	132	57	51	87
113	179	389	271	98	48	45	84
121	180	394	342	105	51	47	81
120	195	472	336	120	51	46	75
123	210	515	343	122	49	45	72
142	220	520	391	130	52	47	80
134	211	530	411	132	54	44	97
134	213	540	362	145	49	41	96
148	208	501	387	132	47	40	107
136	226	501	426	138	48	40	110
132	243	460	393	132	45	40	110
143	253	431	368	134	43	42	109
147	251	461	370	133	45	42	109
159	249	552	438	152	51	43	111
167	236	626	441	160	58	48	112
168	222	663	444	166	65	48	123
164	206	684	451	162	66	47	114
165	220	644	459	153	67	46	119
141	231	622	384	128	63	46	110
135	233	523	344	110	58	45	107
117	226	457	301	98	48	45	96
116	218	429	287	99	46	44	92
114	197	498	273	106	40	42	79
122	266	409	257	107	40	40	85
114	263	391	256	107	37	35	97
122	267	375	260	110	37	31	91
125	269	414	321	120	42	36	97
124	297	388	347	111	47	37	98
109	241	401	342	117	53	39	93
117	232	417	361	117	52	38	84
109	235	450	376	116	51	40	88
104	232	466	447	132	57	42	78
101	218	459	443	132	56	45	97
101	186	472	464	131	53	49	100
109	203	538	448	133	56	52	103
108	183	586	439	136	57	51	100
123	187	561	370	118	49	49	111
124	176	568	350	109	45	44	102
133	225	553	364	113	48	43	102
126	224	488	367	120	51	41	101
152	226	469	401	114	55	43	105
150	229	507	410	117	58	44	95
184	230	514	481	149	64	46	92
184	194	515	454	145	61	41	89
183	178	521	450	141	56	43	84
161	188	491	465	146	54	42	86
150	225	577	460	143	50	38	81
110	258	616	386	118	43	39	74
119	250	613	404	117	45	42	79
121	259	610	431	120	47	43	78
141	293	608	496	158	62	52	94
139	282	485	490	160	64	53	99
125	260	360	473	156	69	55	111
134	272	379	470	154	67	52	116
135	259	351	479	166	68	53	115
125	213	349	411	143	57	43	100
130	206	382	381	143	56	44	102
151	214	399	408	150	51	38	103
148	204	398	394	165	52	37	95
158	217	454	378	162	54	37	96
152	235	478	343	151	50	37	95
150	208	471	382	149	50	34	98
133	189	466	357	139	53	33	100
119	200	484	403	124	53	43	101
135	208	465	386	106	48	39	97
139	190	408	372	101	47	38	102
138	201	382	342	101	50	42	97
147	212	472	433	125	49	50	95
149	256	473	408	123	47	43	104
147	277	465	436	135	53	43	105
140	279	467	441	131	51	43	101
143	278	538	464	136	54	43	105
138	287	529	393	119	52	37	95
131	246	524	399	121	54	39	88
105	218	500	380	121	51	42	90
137	248	537	389	129	57	43	85
147	259	491	360	131	50	42	84
141	245	452	363	126	48	40	86
140	243	424	364	121	45	38	80
134	229	441	336	107	46	34	105
105	197	435	353	108	45	34	115
91	176	435	371	103	46	32	115
110	179	392	344	100	46	31	111
141	241	380	311	104	52	37	111
141	240	436	368	112	48	38	88
143	255	429	350	114	51	42	82
149	253	398	309	109	52	48	90
136	241	429	328	108	54	50	95
109	174	431	352	111	51	49	103
133	188	416	298	112	52	49	107
130	187	440	273	101	46	46	107
116	216	480	299	114	47	40	105
120	213	490	325	141	55	45	107
126	207	482	299	136	56	43	102
104	201	440	326	130	57	42	100
103	190	399	337	140	56	43	100
122	168	374	351	150	55	46	111
132	192	341	372	137	45	38	110
129	200	366	367	136	47	37	120
139	208	383	380	155	47	40	120
136	225	407	383	152	49	45	116
132	227	393	357	133	47	40	101
144	209	390	323	120	45	41	97
140	208	429	369	133	40	43	83
127	221	419	395	127	41	41	77
146	235	427	430	130	46	38	70
135	246	474	454	146	53	41	72
115	237	458	437	159	55	42	73
118	233	437	403	153	56	42	76
161	221	455	412	152	59	46	90
150	175	412	387	150	57	44	90
160	161	358	360	140	52	43	90
158	159	380	360	123	49	43	92
155	160	393	387	122	46	41	89
106	142	380	397	113	44	38	75
108	183	415	434	143	47	40	77
105	188	454	491	151	55	42	71
103	201	472	499	156	58	41	74
123	234	519	491	157	60	44	76
125	231	587	455	165	57	41	76
122	229	648	420	141	52	40	84
126	232	645	391	133	47	37	90
126	229	634	423	141	47	38	88
110	224	574	420	145	47	35	86
106	225	553	438	135	50	35	84
99	249	467	453	135	52	34	75
78	251	471	426	129	51	36	71
71	252	460	392	116	50	35	69
83	260	454	384	110	50	38	84
91	275	478	321	108	45	38	85
114	231	486	271	100	43	36	90
117	227	489	261	93	36	35	89
128	266	521	276	101	42	42	101
126	265	594	340	118	44	43	96
151	269	562	426	152	51	46	108
153	279	590	487	160	52	47	106
158	274	563	480	164	56	51	113
151	244	542	470	158	51	47	105
149	226	471	470	142	47	44	98
129	204	457	392	99	42	39	85
112	201	429	307	80	43	44	82
118	189	496	352	90	43	38	73
117	173	491	400	100	46	43	68
107	153	480	397	124	48	43	70
101	155	475	449	126	48	49	69
117	187	460	466	132	50	45	69
109	183	417	444	128	48	47	102
119	186	406	416	128	47	43	99
125	200	447	375	113	48	45	103
118	211	475	394	112	44	38	114
114	168	497	418	114	39	42	126
108	171	498	411	103	36	38	113
132	188	559	402	97	40	38	118
128	193	546	489	112	48	36	114
136	220	508	442	113	49	35	103
134	212	475	438	108	47	30	103
139	227	443	479	121	52	35	99
117	226	425	517	126	53	36	98
121	228	450	428	111	45	34	103
120	208	476	418	118	45	35	109
114	234	481	441	131	50	37	96
111	222	472	433	140	53	36	89
111	207	427	399	143	56	41	81
108	179	363	397	145	55	44	83
101	161	346	433	167	61	42	78
92	149	334	404	163	61	43	82
128	151	383	365	146	54	39	82
128	159	414	450	139	48	38	84
128	195	442	497	151	51	45	91
139	207	436	502	129	46	49	113
174	216	432	494	125	43	49	108
151	216	423	511	127	46	52	104
147	209	374	449	141	51	51	106
152	192	363	418	122	45	46	107
146	179	334	386	112	45	41	86
105	148	315	359	106	46	40	88
145	151	300	327	113	42	39	93
142	183	376	316	115	34	34	96
141	211	439	325	121	45	41	99
137	239	469	333	119	44	45	97
144	242	491	368	123	45	46	93
113	256	525	395	129	47	47	98
124	255	506	388	119	49	50	103
145	228	466	366	118	41	42	102
151	219	466	335	116	41	44	105
143	222	469	335	146	47	47	108
134	208	415	328	193	53	47	104
125	197	478	312	195	57	49	101
100	237	455	309	194	58	51	85
98	212	513	430	203	57	46	88
104	230	526	496	207	56	47	92
103	224	536	491	162	50	45	96
100	223	497	510	156	47	42	106
100	191	500	508	154	47	40	115
117	201	412	435	151	51	39	116
111	202	436	347	116	46	35	115
129	219	458	353	115	47	37	119
133	217	431	362	114	45	35	105
132	217	514	362	116	43	37	98
112	207	507	332	105	39	40	105
133	191	478	351	109	40	44	117
120	177	479	383	126	50	54	122
127	186	554	440	139	54	58	122
139	179	544	519	151	57	59	121
140	204	559	533	153	57	57	110
123	211	532	512	154	59	54	102
117	219	531	499	148	53	50	88
135	226	459	412	135	53	47	95
129	235	443	304	115	49	46	92
131	217	437	278	111	48	47	101
130	227	500	271	135	46	47	88
137	226	518	268	125	42	39	89
106	215	544	291	124	40	37	77
104	230	519	302	122	39	37	114
98	228	557	302	124	41	34	115
96	201	563	389	162	49	41	117
91	197	547	367	164	47	38	117
99	200	523	379	172	44	37	133
94	163	528	420	181	47	39	104
102	185	506	422	180	46	39	90
101	197	450	347	129	36	31	91
95	191	402	388	143	47	38	85
94	236	411	384	144	48	36	60
96	237	399	371	152	51	37	55
133	231	362	381	158	51	38	69
137	248	345	381	158	53	38	68
149	289	371	351	137	46	33	86
147	252	337	320	123	44	34	86
141	259	342	260	104	37	32	87
128	318	438	288	107	37	32	87
125	304	529	315	117	39	32	85
112	266	535	323	123	38	40	72
145	296	531	330	125	41	45	82
146	301	552	329	125	40	46	85
133	240	531	309	121	40	47	83
144	268	484	276	104	36	50	85
148	287	494	263	107	38	44	99
116	250	531	296	111	40	39	97
121	248	482	362	126	43	38	98
117	239	448	346	125	43	36	95
119	205	419	363	125	45	32	95
117	204	374	347	122	45	34	99
119	207	395	320	121	41	36	99
130	201	434	253	117	40	37	95
128	212	423	326	119	45	43	98
183	207	427	305	115	42	42	97
192	184	454	312	121	41	43	88
189	172	381	300	121	42	40	81
180	186	460	390	120	43	40	83
179	213	451	374	137	46	40	93
140	231	448	381	136	45	39	100
144	233	445	386	123	48	42	96
150	243	443	394	124	47	44	92
148	236	303	318	115	46	43	92
150	219	312	299	100	46	42	94
115	202	326	326	99	46	43	95
121	201	364	325	120	46	40	89
133	202	412	340	120	46	39	95
131	198	514	335	115	44	38	101
133	208	513	317	112	39	34	91
146	207	493	283	114	39	35	96
151	205	471	282	105	40	33	102
136	209	502	327	122	48	38	99
142	205	444	374	142	56	42	101
140	178	512	386	141	56	42	100
133	197	538	394	148	59	43	90
98	212	526	406	148	56	44	79
98	201	482	391	139	52	43	81
90	196	435	337	119	43	40	74
94	190	355	313	116	42	39	84
96	181	364	346	105	45	37	85
104	232	487	438	103	52	39	92
99	242	474	420	97	50	38	90
108	251	480	423	100	51	39	85
100	264	484	458	118	54	43	74
108	277	518	441	143	53	43	72
112	227	421	334	150	49	40	67
115	251	431	362	156	49	40	73
109	241	438	364	160	48	38	76
106	227	433	346	147	43	36	76
100	212	349	339	127	42	36	79
116	217	321	332	114	41	37	79
117	191	337	360	134	41	39	92
118	191	403	416	144	46	41	90
120	244	390	405	143	47	41	87
129	241	401	410	159	45	40	90
111	241	491	421	161	44	38	101
114	240	503	371	147	42	33	90
123	244	481	432	156	42	31	90
133	194	498	451	163	43	34	94
115	184	524	454	149	47	35	90
124	163	467	451	159	48	35	78
132	153	431	475	155	50	38	77
