0	1	2	3	4	5	6	7
174	232	637	613	318	242	150	87
139	225	706	646	315	238	139	93
153	227	680	690	318	183	94	104
156	220	681	682	314	169	82	115
196	188	600	615	255	170	83	118
225	269	740	710	305	190	85	118
219	320	703	692	313	179	82	112
228	331	687	664	310	148	74	105
251	328	687	697	330	144	74	97
226	344	686	669	326	144	74	93
195	308	531	576	261	111	67	93
193	260	534	541	291	116	66	86
190	340	585	514	289	117	70	87
179	410	647	442	259	113	66	85
167	393	645	373	242	98	54	79
174	386	691	421	234	97	53	70
205	401	676	451	173	83	52	80
200	328	699	476	143	74	45	86
185	254	725	537	173	74	50	97
212	263	733	597	195	91	55	99
210	262	678	552	227	102	63	102
235	238	670	554	254	124	71	106
235	306	734	683	272	135	81	105
255	314	703	678	349	143	82	93
250	323	706	671	375	146	83	95
257	343	711	747	377	157	88	91
206	333	769	807	380	147	85	82
195	303	752	775	398	146	85	77
165	310	774	765	354	179	86	75
209	304	810	812	338	180	88	78
208	285	874	828	392	187	99	112
212	344	860	780	421	193	99	119
230	326	845	785	418	190	93	124
271	342	903	851	406	163	95	129
232	359	879	795	392	152	90	123
222	348	801	706	356	127	66	99
222	313	762	755	317	118	68	110
206	320	713	670	278	105	70	108
175	289	582	574	383	108	70	105
176	293	657	653	396	120	77	111
204	432	790	757	378	125	87	121
212	444	829	739	357	117	80	105
211	445	882	761	365	122	80	101
181	445	885	768	231	107	74	103
168	427	876	774	215	97	71	102
153	412	805	655	179	82	58	85
141	476	841	712	203	89	66	105
157	475	834	749	196	84	61	110
159	498	887	764	191	79	59	115
172	507	883	723	179	74	55	111
163	445	915	781	194	81	58	112
169	377	874	742	176	72	51	92
153	422	826	674	163	70	50	87
160	419	837	676	168	74	54	71
141	450	827	693	164	74	54	70
129	436	773	650	149	67	53	71
185	457	830	688	165	78	55	74
189	414	831	687	164	78	59	69
184	383	760	663	160	77	57	70
219	365	800	726	179	84	69	110
237	365	804	749	190	90	71	119
200	303	763	687	169	76	67	115
216	302	727	743	179	82	71	118
229	329	772	839	194	85	76	125
209	288	688	753	174	82	69	93
203	282	678	698	157	73	63	80
199	287	656	658	152	76	64	85
191	323	723	652	160	77	59	107
178	294	691	654	156	81	59	109
166	314	701	643	151	81	56	110
150	299	703	687	151	84	57	116
144	395	743	787	166	85	55	112
155	370	769	761	150	80	52	90
153	408	753	644	127	70	43	75
152	387	730	626	123	66	42	77
169	443	759	740	164	81	48	78
199	373	725	702	164	83	55	91
193	439	624	700	166	83	57	110
196	404	620	732	177	86	61	123
204	420	644	764	193	96	68	125
218	520	624	644	168	82	65	117
235	554	736	770	251	114	69	113
244	518	816	767	251	113	69	124
285	571	903	813	264	118	70	121
280	567	903	775	254	110	66	132
278	433	851	778	260	116	70	153
270	454	731	646	181	81	57	153
272	692	750	774	211	94	62	156
285	742	802	794	202	96	66	186
296	792	998	858	203	96	69	178
308	808	1066	946	211	98	68	171
329	774	1108	984	223	102	71	183
346	611	1117	967	222	105	76	188
329	602	1118	987	237	109	84	167
332	631	936	981	247	115	85	175
395	726	949	893	229	111	87	168
369	740	932	813	210	108	88	165
373	737	870	717	179	95	80	156
362	702	811	741	181	90	74	200
351	641	823	718	168	79	70	197
256	503	757	751	176	83	66	204
287	521	819	787	186	90	71	204
273	488	841	828	190	91	72	188
305	480	838	697	155	80	66	136
310	446	802	649	145	78	69	157
308	472	792	585	137	76	71	155
308	500	771	647	181	95	74	149
283	544	790	571	175	93	72	153
239	502	691	554	172	94	68	150
238	543	799	673	195	98	63	130
236	640	806	710	195	92	55	118
186	595	851	616	142	63	36	103
190	561	811	657	160	73	46	100
233	561	831	689	168	78	48	102
253	541	738	624	170	83	56	89
266	437	702	596	176	94	59	102
256	430	506	675	196	101	63	110
271	401	531	706	196	96	60	122
229	400	561	718	198	99	59	115
203	393	602	762	191	103	57	138
252	392	658	757	189	97	60	160
260	425	694	711	194	99	69	166
239	454	674	654	195	102	71	164
251	461	718	623	195	107	83	194
259	561	811	680	252	120	99	185
198	568	811	740	267	124	100	161
199	560	877	767	258	125	95	152
205	617	1016	803	255	126	94	150
195	646	977	837	264	123	85	119
214	558	976	740	206	105	65	113
226	585	1050	734	192	99	59	146
228	560	1071	797	218	98	53	149
234	523	967	837	275	116	66	159
224	473	1010	896	320	135	74	149
208	478	929	896	328	138	75	146
190	408	862	888	332	139	78	131
283	511	851	1046	490	217	132	156
303	479	835	1023	466	208	128	155
312	584	823	1006	462	206	129	155
322	618	854	1137	511	224	140	172
348	690	926	1172	525	228	139	159
296	622	884	947	364	151	90	130
298	606	956	929	356	146	84	117
283	531	953	886	318	126	74	126
267	521	1025	824	278	101	61	120
245	477	1040	897	308	109	67	133
248	506	1135	1007	340	121	76	140
225	534	1132	1030	350	126	78	138
241	556	1152	1032	349	125	81	155
238	529	1178	973	320	121	77	146
224	488	1161	882	259	104	71	135
216	472	1160	831	245	101	72	130
212	442	1152	868	248	105	85	156
211	376	1157	897	260	110	86	135
223	419	1116	873	252	102	85	130
237	537	1060	886	262	107	90	134
237	550	949	821	236	96	87	134
239	587	907	774	226	90	72	115
246	604	1010	693	204	86	68	113
238	592	977	720	196	86	63	114
222	500	1049	681	181	81	53	108
275	494	1143	750	238	111	61	126
268	504	1096	693	229	110	62	125
251	496	971	770	244	113	62	137
256	461	918	724	238	111	63	155
259	474	789	682	232	108	63	156
248	443	692	599	172	79	49	143
252	377	819	624	165	73	48	137
282	391	911	679	178	80	53	145
276	397	933	745	191	84	55	128
270	357	994	770	205	89	60	127
202	364	993	825	229	97	64	121
216	413	964	900	243	102	65	122
199	412	849	808	224	95	62	102
217	407	848	828	223	93	60	114
252	402	774	809	211	91	56	119
268	417	756	880	228	98	59	127
252	371	735	816	216	97	59	120
234	336	715	827	218	98	57	112
245	329	688	752	206	96	59	92
217	304	691	721	197	90	57	87
213	272	666	583	153	72	50	101
218	234	587	528	148	72	49	99
294	217	593	457	129	66	48	109
272	210	602	490	137	69	45	114
290	232	710	570	160	82	49	117
289	248	707	601	177	90	55	109
303	253	747	607	178	87	53	111
255	297	760	661	194	93	59	120
252	301	771	650	201	94	60	120
246	298	735	665	198	87	61	123
251	271	743	660	204	89	58	117
240	298	761	684	211	89	61	139
228	332	770	701	209	88	58	129
226	352	763	751	218	92	61	134
222	342	804	690	212	96	63	148
214	344	842	695	193	87	60	146
208	320	778	651	179	85	58	130
236	241	746	579	161	80	56	133
257	226	720	480	133	83	53	123
267	225	575	453	121	84	50	106
253	232	624	516	144	97	61	103
242	226	662	528	148	113	61	101
220	214	665	577	164	132	67	128
258	191	759	639	166	122	65	126
237	184	823	672	177	124	62	121
264	163	683	544	156	118	50	145
270	165	724	559	149	103	51	164
273	162	700	522	141	173	46	146
245	159	716	456	141	187	50	149
254	153	714	442	137	195	51	162
253	146	748	422	121	202	53	139
264	147	719	421	138	217	53	121
255	175	860	488	149	159	53	121
256	178	805	569	174	168	62	122
266	190	808	595	176	161	63	115
254	206	806	657	185	150	71	122
270	242	845	771	212	130	76	123
251	275	758	777	223	126	79	124
242	286	735	729	211	91	71	120
242	289	820	866	250	98	83	114
252	283	828	826	240	93	79	113
241	275	818	782	235	102	79	115
255	237	857	761	239	100	76	116
242	290	851	787	234	98	75	123
267	325	846	758	254	93	68	138
251	321	902	788	286	95	67	142
236	309	909	769	522	126	62	138
229	332	905	903	837	189	81	134
257	286	992	945	1001	403	132	137
214	296	899	1065	1249	535	146	124
213	373	830	1162	1329	569	153	115
212	380	834	1193	1346	570	161	116
210	398	786	1169	1257	554	154	112
165	461	695	1189	1219	443	125	106
159	518	717	1192	1179	307	110	119
159	481	787	1157	1223	328	114	131
167	483	757	1131	1218	400	116	125
161	502	789	1108	1277	493	147	138
196	452	797	1147	1390	642	175	140
194	361	842	1033	1334	647	177	124
190	408	859	1020	1290	617	180	119
191	550	940	1074	1415	595	176	124
216	604	995	1142	1419	585	162	115
200	629	1035	1114	1355	457	137	112
200	777	1047	1190	1354	465	145	116
223	918	1016	1154	1392	495	139	112
214	935	950	1097	1204	463	137	117
193	878	920	1045	1072	388	125	113
182	860	890	1007	987	330	113	109
193	726	923	968	887	278	94	106
183	499	857	991	800	212	88	106
202	323	821	950	851	212	80	93
202	368	833	910	905	234	96	82
206	378	859	901	874	230	95	87
193	386	845	878	956	296	109	90
186	390	866	834	949	329	123	84
163	382	845	849	900	329	127	86
167	360	794	903	948	347	128	90
177	432	787	854	912	343	129	90
204	441	699	719	746	283	117	81
213	437	690	699	759	239	100	83
223	483	836	798	722	245	113	89
288	546	798	681	537	175	104	95
286	484	751	715	527	169	102	88
279	531	742	783	574	190	115	89
265	548	808	843	458	178	115	88
264	517	715	800	457	169	104	79
194	480	872	852	569	180	104	68
195	563	828	813	571	196	103	69
199	516	855	766	526	187	99	70
203	499	835	791	538	205	106	77
245	462	844	880	603	216	116	88
249	426	699	814	526	202	110	89
248	369	735	848	510	192	107	87
226	417	782	814	491	176	99	82
219	442	749	796	435	148	90	83
196	479	722	697	336	119	72	81
206	477	763	772	291	120	73	86
203	462	792	762	275	104	73	89
229	425	793	774	270	95	67	90
240	427	912	808	257	100	70	84
216	402	973	818	248	104	77	81
197	415	949	777	229	99	75	78
200	379	911	747	224	100	74	72
215	443	864	712	216	99	72	78
203	502	826	707	208	92	62	72
191	535	783	688	181	79	56	60
194	513	784	661	167	73	52	61
184	509	778	665	167	69	50	75
150	561	716	738	193	80	58	70
167	504	640	693	173	76	60	73
210	486	601	749	187	77	55	81
202	480	574	820	217	94	69	94
197	479	655	873	228	98	77	99
185	351	746	868	217	96	82	103
280	427	754	813	209	95	83	109
271	399	748	735	196	93	86	113
278	407	722	637	163	81	80	108
299	417	635	578	149	75	77	112
308	410	597	662	157	71	79	110
224	363	615	715	170	70	79	130
205	380	625	697	167	67	76	128
218	469	645	763	174	62	72	141
203	498	711	772	194	73	74	141
284	565	768	647	177	72	64	151
281	545	802	666	179	73	62	133
310	547	800	723	189	79	68	145
298	475	825	684	185	79	65	152
296	483	871	738	172	73	59	147
302	565	827	793	183	73	57	142
307	547	731	733	171	74	57	142
272	552	821	746	173	78	55	136
268	580	830	771	181	82	59	123
278	541	870	702	171	79	56	118
200	535	866	673	168	80	58	114
192	532	875	658	162	74	55	110
196	523	819	608	147	63	52	115
211	529	803	571	135	60	55	119
193	531	675	588	142	62	59	120
157	338	712	564	137	59	53	146
176	363	696	556	135	62	61	165
200	370	758	535	138	65	59	166
194	383	743	508	130	60	52	150
204	447	744	437	112	57	51	166
227	456	720	505	149	78	61	166
216	461	782	511	148	79	56	155
198	480	787	500	146	81	55	157
192	471	789	482	154	139	65	166
199	408	775	483	158	165	76	155
223	439	764	402	117	159	74	143
242	417	718	415	122	160	73	143
253	369	590	384	122	162	78	147
249	330	649	371	109	121	73	140
243	389	683	373	101	83	60	133
201	363	655	350	99	75	56	117
174	388	686	331	96	72	57	113
166	454	714	332	81	60	50	115
178	459	677	395	99	57	50	121
185	395	708	491	137	66	56	125
202	384	694	494	138	65	54	127
202	403	689	527	146	66	54	123
220	360	790	634	161	71	57	113
241	422	769	673	163	69	54	108
253	460	729	655	145	64	55	109
270	477	770	670	143	62	56	146
308	492	798	678	144	59	54	146
295	476	724	617	137	59	53	141
278	407	817	591	150	65	54	140
255	460	854	599	155	61	48	148
233	459	819	611	191	70	55	119
177	402	734	604	232	75	54	118
174	410	750	687	342	90	52	121
280	421	674	733	357	98	58	139
292	354	647	681	363	109	65	131
280	354	701	677	390	119	62	122
355	368	735	743	389	130	67	139
366	385	816	726	318	121	69	138
288	353	804	779	310	119	70	120
285	320	808	798	337	122	77	128
368	343	816	809	314	123	86	150
302	375	881	758	323	123	86	131
284	430	840	798	351	146	103	130
291	454	889	695	511	150	99	132
322	474	888	756	548	162	99	130
250	465	968	881	545	154	94	112
245	465	956	898	585	161	98	114
249	412	928	860	580	148	86	117
245	507	879	873	445	142	89	112
175	495	891	871	394	125	80	96
146	492	843	742	411	132	78	87
139	462	782	719	376	119	73	84
143	448	740	657	343	109	66	71
152	437	831	632	358	107	66	69
162	456	868	620	376	123	72	72
157	465	796	607	352	119	73	75
167	467	904	586	292	110	68	74
163	467	898	536	287	105	66	71
186	428	820	540	247	100	60	67
183	433	771	483	179	65	51	60
183	434	789	452	154	49	41	54
169	449	710	487	149	50	41	49
161	477	684	502	141	49	43	52
129	480	702	491	144	52	46	63
137	490	652	469	117	46	41	80
150	486	632	552	139	55	47	86
157	471	571	559	148	57	48	90
165	480	565	564	152	60	46	88
166	447	544	543	153	68	48	84
160	418	547	557	158	72	51	73
149	392	496	498	136	65	50	81
170	394	547	456	122	62	48	78
169	340	592	450	128	66	47	77
159	354	573	489	129	60	42	87
171	364	587	597	208	81	61	102
200	382	637	640	218	85	63	117
187	395	581	796	269	106	79	129
190	398	556	854	277	109	83	135
188	442	628	936	331	128	94	133
224	538	640	906	299	118	84	125
199	526	644	906	299	121	84	101
194	510	685	825	268	106	71	99
186	580	689	776	260	102	69	92
198	617	756	688	200	82	57	90
137	579	727	641	187	79	57	93
130	583	717	562	169	72	53	91
121	600	714	604	169	71	51	73
118	555	737	590	162	69	47	78
86	451	639	601	151	65	43	74
80	485	683	633	159	66	42	57
92	504	637	652	167	68	45	59
94	511	646	600	148	68	46	64
102	519	582	659	178	78	55	62
100	525	546	627	189	81	58	62
114	491	581	608	181	82	59	74
150	487	636	600	181	81	57	99
179	540	618	582	201	91	63	104
176	531	632	541	191	91	57	107
179	526	691	606	187	83	52	108
175	487	622	565	183	82	50	101
153	521	680	659	216	90	54	84
123	484	684	637	198	82	46	74
126	482	714	614	184	72	44	63
146	544	717	555	175	74	44	60
183	583	797	577	177	70	45	61
197	586	775	485	136	59	38	51
199	571	800	458	130	55	36	52
195	562	770	448	125	55	40	55
177	513	721	420	118	56	40	59
140	479	646	460	135	69	48	65
106	430	614	465	145	76	51	73
101	415	637	556	160	78	54	78
113	424	640	559	163	91	54	76
115	407	612	548	165	96	53	73
115	412	614	519	157	96	49	63
164	466	593	476	141	90	47	65
181	482	493	365	144	98	49	61
187	461	582	346	152	92	51	63
191	503	584	332	147	86	53	62
189	461	685	301	135	79	50	61
149	386	692	308	135	79	50	56
130	492	722	317	114	68	45	55
116	508	643	309	96	61	42	52
123	468	620	319	101	57	38	52
126	480	571	300	105	55	42	55
160	521	574	380	120	56	43	63
154	407	581	361	116	50	41	61
156	426	592	456	134	53	41	61
166	436	594	467	132	53	42	62
172	482	527	552	149	59	41	61
140	440	477	515	139	59	41	51
165	451	434	528	147	63	42	78
164	411	436	466	131	64	42	78
164	416	487	462	133	63	42	83
156	346	451	370	106	57	38	83
156	353	473	383	121	64	46	85
177	344	572	361	127	63	48	88
192	346	569	350	139	64	49	104
196	289	526	332	131	65	48	106
245	279	563	377	214	69	50	125
268	274	551	386	208	63	47	140
240	256	455	381	228	63	47	131
231	239	467	459	265	67	48	131
228	259	528	539	297	84	56	139
185	268	565	571	269	84	56	132
171	263	645	576	279	85	56	122
272	306	674	669	310	100	64	163
283	303	742	742	322	113	68	162
289	366	754	791	336	110	63	157
315	409	776	893	519	157	72	149
310	477	834	946	566	173	75	146
234	431	860	916	567	178	77	101
226	459	813	873	561	170	76	98
220	423	780	814	597	178	82	97
183	379	701	780	498	166	80	105
183	328	593	769	469	163	80	101
183	350	528	804	538	167	77	109
169	368	584	802	551	175	75	100
146	384	585	852	525	167	70	93
164	392	602	810	501	147	64	87
214	367	595	761	518	142	61	97
212	373	689	741	452	136	61	76
214	355	674	849	478	145	74	81
236	312	755	861	492	144	76	86
237	306	754	798	479	143	77	88
199	299	758	867	491	146	79	83
190	286	681	935	496	140	77	89
190	293	642	850	511	131	69	83
161	376	668	863	531	147	70	78
126	408	698	898	517	142	69	75
98	420	696	833	466	131	67	69
120	494	783	721	430	124	64	63
137	521	762	722	384	124	65	66
153	544	709	716	320	110	71	72
154	535	692	683	324	110	75	74
161	531	667	689	318	105	73	73
160	472	565	734	320	107	79	70
162	423	637	723	265	93	76	73
152	407	607	700	216	81	70	78
190	434	596	688	202	77	64	86
194	483	602	700	234	80	66	85
201	474	621	703	234	79	60	89
215	497	604	706	252	85	66	108
228	514	620	614	252	87	62	108
198	476	617	646	257	88	61	100
203	419	597	621	218	87	62	102
224	427	544	551	198	78	58	99
203	417	503	511	168	67	49	75
187	313	437	538	185	58	43	61
182	317	417	526	185	59	44	55
168	315	392	484	182	54	39	58
135	304	398	544	194	57	44	64
132	338	380	538	188	52	43	67
129	345	375	524	174	68	50	78
138	338	366	496	160	70	51	90
131	337	380	508	167	73	51	85
108	341	385	431	155	73	50	81
118	289	424	389	157	72	50	79
133	306	439	367	143	62	43	68
131	355	445	377	141	58	42	62
138	350	437	375	130	57	41	66
136	341	411	414	138	59	39	62
118	330	329	424	136	58	40	59
121	342	301	462	141	60	44	75
147	300	272	491	141	57	42	78
165	313	328	507	157	63	50	82
167	306	340	466	148	61	50	86
168	312	380	439	141	62	47	98
153	255	355	396	133	56	42	93
157	237	388	467	168	65	44	88
140	231	347	444	175	60	38	82
149	227	348	440	175	60	39	79
164	194	307	460	179	62	40	74
160	205	338	542	190	64	41	69
134	215	285	433	156	59	38	66
126	212	305	469	142	58	39	66
113	228	314	509	151	60	36	65
101	242	359	490	144	54	36	58
109	250	360	433	135	50	35	56
113	312	421	432	132	42	35	50
120	314	431	430	121	38	34	52
119	303	435	402	110	35	33	50
