0	1	2	3	4	5	6	7
45	209	315	290	87	39	30	42
44	193	355	318	89	39	30	45
51	224	335	301	90	40	33	59
49	225	359	309	84	39	34	56
73	216	400	333	98	36	33	62
75	230	380	340	105	37	33	62
75	229	330	321	103	38	33	60
72	196	375	322	103	40	33	46
74	246	398	376	118	44	34	49
52	224	386	361	137	53	40	43
50	210	395	352	142	53	41	43
47	197	402	352	143	52	40	45
58	226	418	455	173	63	46	50
56	176	377	424	173	66	49	52
56	174	343	423	156	59	46	52
59	172	423	532	183	71	52	52
63	204	491	556	190	75	54	56
55	176	444	520	174	71	52	56
65	205	462	577	188	79	52	57
64	202	461	599	210	91	54	57
62	220	397	577	210	91	52	57
65	201	366	578	225	95	56	55
71	216	361	604	239	99	56	64
74	193	355	599	241	96	59	77
73	212	351	559	217	85	57	82
73	192	355	531	195	78	55	82
67	192	294	507	173	72	52	82
63	218	280	409	137	59	50	77
48	209	239	286	88	46	41	60
60	224	224	276	85	45	39	53
59	231	167	131	65	34	37	126
60	225	147	91	48	29	34	183
53	207	130	58	36	27	30	187
51	209	135	67	53	27	30	191
39	183	179	66	58	29	30	196
35	180	199	67	58	30	35	168
33	198	212	67	57	31	37	148
41	202	226	68	58	28	38	232
49	218	237	60	50	28	43	253
51	265	259	72	49	26	44	255
64	334	281	87	67	30	51	255
69	396	406	106	73	31	52	265
74	411	539	121	75	35	64	312
73	439	554	120	74	36	65	315
73	425	652	129	78	39	67	320
65	377	668	129	69	38	58	322
68	346	680	124	70	41	54	298
71	349	631	121	72	39	38	174
90	354	682	129	71	40	30	141
98	345	585	117	64	40	29	179
99	352	559	106	58	38	33	203
93	328	499	102	55	32	33	212
83	303	429	85	48	30	36	212
64	318	374	81	52	29	46	224
52	312	360	88	57	29	45	183
49	356	358	93	70	33	44	150
52	357	338	88	76	37	43	130
52	339	344	94	81	39	42	120
48	328	294	88	79	38	32	77
47	320	290	91	76	36	32	65
51	257	316	93	64	32	32	50
49	248	277	93	80	32	32	42
48	265	267	88	85	39	32	36
56	211	251	84	83	39	34	36
56	212	250	84	85	39	33	35
57	204	212	160	99	40	35	37
58	183	206	190	99	45	37	37
57	159	204	194	98	43	37	36
45	151	196	209	103	44	33	31
43	150	177	239	109	44	31	30
39	148	200	218	100	44	28	25
38	138	188	204	107	42	25	27
40	136	179	209	130	44	25	27
39	87	179	198	133	44	25	27
38	69	175	162	127	43	25	25
35	53	109	132	126	47	27	25
32	45	113	119	123	45	27	20
41	33	125	108	97	41	25	21
40	29	110	111	111	39	26	19
51	30	103	96	114	41	26	23
86	26	102	87	116	40	23	33
97	29	92	83	102	36	22	33
94	29	76	73	98	37	22	34
96	28	75	74	83	37	22	37
91	27	69	77	87	36	22	35
65	26	66	93	93	32	23	27
88	26	62	91	92	37	25	35
89	27	79	91	92	35	24	36
88	28	77	90	113	38	26	34
89	25	76	101	109	35	25	34
86	27	82	99	117	36	25	38
44	23	85	98	113	29	21	30
51	24	64	111	119	31	25	31
55	24	63	106	102	32	24	41
54	25	64	98	104	33	25	42
53	27	70	90	91	31	26	39
50	27	60	90	90	32	27	42
42	28	64	87	90	34	23	40
39	27	65	88	88	37	24	29
68	29	63	101	130	37	24	33
70	27	49	102	136	39	21	31
69	28	67	104	138	42	24	28
68	25	61	93	137	38	25	25
66	25	58	91	148	36	28	26
40	24	60	78	140	33	27	19
36	25	67	88	139	32	27	20
37	26	49	95	142	32	27	20
44	30	47	98	139	34	30	21
42	30	47	99	166	39	28	21
42	31	55	100	142	39	29	21
51	29	49	91	136	38	30	21
51	27	47	78	131	35	27	22
48	25	48	81	142	40	26	21
60	24	49	73	122	35	24	20
57	24	39	80	130	39	24	21
48	23	51	86	132	43	24	20
51	26	51	88	131	42	25	21
65	26	57	87	164	39	24	22
57	27	55	94	148	40	24	24
59	25	58	87	141	37	26	24
61	28	62	81	145	36	26	25
59	26	63	79	158	35	27	23
45	28	59	88	112	33	25	26
53	26	58	96	99	29	29	26
53	29	60	96	106	32	27	26
51	28	48	94	104	31	27	27
52	28	47	95	103	35	28	28
47	28	49	86	104	35	29	26
33	28	56	79	103	36	26	24
26	27	68	72	91	34	24	24
30	28	66	72	85	33	25	22
33	26	66	76	76	29	24	23
51	28	63	80	86	30	23	26
51	26	58	69	87	28	23	27
56	27	40	72	85	31	25	26
54	27	50	96	112	37	26	28
53	29	50	94	115	37	27	26
36	26	50	89	104	37	27	23
43	27	48	92	107	39	25	21
37	26	47	97	110	38	24	22
36	24	39	76	106	36	24	20
45	26	49	80	95	36	23	20
52	24	52	82	93	35	23	20
49	24	54	79	92	36	25	22
60	23	56	72	101	35	24	22
62	25	52	73	78	33	24	22
57	23	59	78	83	34	23	23
