0	1	2	3	4	5	6	7
101	353	514	419	124	55	41	53
78	356	537	463	133	55	40	53
120	355	504	469	131	54	38	62
124	305	459	440	115	49	38	68
119	276	466	422	107	45	37	68
117	260	448	432	108	47	34	68
118	286	459	420	100	46	34	69
77	319	441	389	97	46	33	56
58	299	377	320	93	45	29	51
56	298	357	330	93	48	30	53
57	270	377	404	97	43	29	53
53	270	356	390	96	43	29	49
61	254	351	477	151	53	37	62
62	257	342	483	157	52	37	64
69	252	351	509	165	51	38	65
76	257	338	513	185	62	44	64
76	228	387	513	184	60	44	62
63	248	385	444	147	55	40	51
67	250	407	447	147	59	44	65
59	252	364	400	138	58	41	66
55	245	329	296	100	47	33	63
53	255	246	258	93	48	35	65
52	248	214	228	85	46	33	110
54	337	152	138	56	38	45	140
57	347	147	90	43	34	61	193
56	410	191	63	34	34	65	201
57	437	194	56	29	30	63	203
62	434	219	55	30	29	65	191
56	397	243	59	33	30	61	225
62	421	249	64	38	36	53	262
68	403	283	73	45	37	62	263
70	372	330	76	47	38	64	271
71	358	335	76	45	37	65	273
86	383	378	87	52	41	91	344
96	382	402	94	55	40	89	304
93	346	446	101	53	40	85	314
96	387	465	106	57	40	86	312
96	389	551	119	64	42	92	324
86	387	542	113	62	38	64	209
73	366	542	107	59	35	68	196
76	395	548	101	63	36	67	182
77	356	583	91	68	32	63	177
72	379	501	75	73	37	55	145
67	329	477	73	73	39	52	120
72	334	461	70	73	40	42	97
62	287	387	75	70	39	36	77
55	285	281	81	67	42	36	62
57	240	258	89	67	37	33	48
56	234	242	99	70	37	33	45
46	211	268	140	79	40	34	40
51	204	288	338	104	49	36	40
48	191	260	369	110	49	35	37
47	219	270	382	113	55	38	37
47	228	289	486	163	61	40	34
50	214	268	515	183	65	42	36
45	198	209	416	173	70	43	34
41	212	235	394	169	70	42	34
38	185	275	455	190	68	40	34
41	165	255	396	178	66	41	34
34	155	242	346	156	60	36	30
32	150	257	344	157	51	33	27
32	114	224	346	159	50	32	27
34	74	161	244	130	49	33	24
28	63	163	166	88	43	29	24
27	49	152	167	90	47	29	25
27	39	117	158	92	45	29	24
32	36	132	136	88	44	31	24
46	32	126	132	85	43	29	25
54	33	119	94	81	45	27	22
63	35	117	80	79	43	28	28
79	32	116	78	71	41	26	29
100	32	84	77	66	39	24	32
96	32	75	76	79	37	23	31
97	28	62	76	85	34	26	34
96	26	63	75	79	28	24	29
119	28	64	79	85	31	29	32
104	27	61	82	90	33	30	29
101	26	60	78	77	30	30	31
131	26	57	68	68	32	27	29
138	32	54	78	72	37	29	28
112	30	60	80	57	34	25	26
119	29	56	75	59	33	23	28
122	28	50	70	60	35	24	27
89	30	50	69	62	32	26	25
72	24	52	78	65	29	26	25
67	25	50	73	64	32	27	24
56	26	52	74	62	32	26	21
57	28	52	74	94	33	26	22
59	25	51	88	94	32	24	22
60	27	50	78	92	33	25	23
63	26	47	77	91	31	23	24
59	26	49	83	93	33	25	24
73	26	51	88	77	32	25	24
65	24	51	73	81	32	26	24
65	22	49	64	79	29	25	24
67	23	47	62	82	29	26	22
71	22	41	64	77	26	25	22
48	22	40	61	69	29	25	23
48	24	43	63	66	29	23	22
56	23	45	69	65	29	22	21
61	24	58	84	69	30	22	23
56	24	54	88	76	32	23	23
56	24	56	89	93	31	23	21
56	23	56	92	93	30	24	21
51	24	57	93	94	30	25	23
48	22	48	81	90	31	25	22
72	24	45	73	86	30	24	23
73	22	41	72	59	27	24	23
74	26	42	70	68	30	23	23
71	26	38	65	78	29	22	22
66	26	28	64	77	29	25	23
37	28	31	70	73	29	24	22
34	28	33	78	68	30	23	21
31	29	31	80	67	32	25	21
28	29	39	80	79	32	25	21
24	30	47	81	84	33	23	19
25	28	44	79	89	32	26	20
28	27	45	71	90	34	27	22
26	23	45	67	84	31	27	21
24	23	41	76	80	34	28	21
24	23	35	85	79	32	27	23
31	24	36	79	75	35	25	23
30	27	34	78	75	36	26	24
31	27	35	76	73	37	25	25
33	25	33	81	64	37	26	24
32	26	31	71	62	37	25	23
24	26	32	70	62	36	26	24
23	24	49	70	64	32	24	23
24	26	47	70	65	31	24	22
22	27	48	63	83	27	23	23
25	26	50	72	85	26	24	24
26	25	50	70	88	26	24	23
25	26	36	85	88	30	24	23
