0	1	2	3	4	5	6	7
59	281	231	83	49	36	29	34
70	350	232	70	39	35	30	33
92	356	269	78	42	47	37	41
91	372	329	86	43	45	38	39
103	367	295	89	45	45	38	41
125	390	331	90	49	46	39	45
115	316	331	95	51	49	36	41
102	336	335	92	53	41	34	36
106	385	335	92	57	40	33	39
93	371	341	91	56	40	32	38
70	373	333	103	56	37	30	33
84	401	387	110	59	36	33	35
111	430	388	112	63	38	32	36
113	410	364	108	59	41	32	34
119	485	384	129	68	42	33	35
230	512	448	126	69	49	39	55
309	519	417	121	69	47	41	59
311	505	400	124	86	53	48	58
312	551	439	204	108	55	55	67
363	603	437	205	112	57	57	72
320	623	374	210	115	53	56	63
249	640	373	236	114	54	54	59
261	623	390	243	100	46	55	68
263	562	373	221	81	39	51	62
199	435	535	265	95	41	53	59
198	354	537	332	113	47	73	85
203	268	647	348	120	50	108	134
171	239	699	470	142	56	111	137
182	196	796	505	151	62	125	169
171	176	744	504	139	62	126	222
167	141	820	474	121	62	122	311
262	145	798	458	122	68	104	367
301	179	819	390	105	64	100	381
293	303	790	508	137	74	91	407
299	318	842	573	168	85	103	471
328	354	827	671	193	100	128	586
290	356	953	746	205	118	158	584
280	370	1015	759	208	119	160	608
379	292	1029	710	203	117	163	628
399	319	1025	712	199	116	161	592
400	296	1050	701	185	111	150	490
415	291	994	679	179	87	115	479
427	284	955	752	192	95	123	488
365	336	973	739	189	106	132	574
530	314	994	708	172	99	144	614
556	337	998	746	194	102	151	673
534	372	1131	885	256	123	166	757
618	461	1199	955	298	149	211	808
667	434	1175	1053	321	153	219	857
648	441	1247	1164	343	165	249	969
724	438	1302	1170	347	168	258	1063
753	451	1202	1056	300	157	257	1054
691	349	1159	997	260	129	218	1033
715	340	1227	951	259	146	250	989
645	359	1216	899	250	148	234	950
676	351	1224	844	231	144	227	869
725	334	1234	996	275	157	243	876
825	398	1209	954	270	160	256	972
818	486	1179	1060	283	142	213	1003
876	522	1176	1076	289	128	186	981
810	576	1089	1118	313	140	196	902
785	585	1023	1006	286	144	198	912
795	582	1003	1031	289	155	223	926
799	523	939	897	261	151	226	870
769	495	860	813	244	159	246	894
773	456	966	775	215	146	246	1014
835	435	980	757	230	132	225	1027
800	396	1023	722	232	118	182	979
803	410	1058	776	231	117	177	946
818	418	1034	738	223	115	171	903
814	389	905	682	215	114	145	809
710	385	927	727	206	110	135	691
647	398	839	708	193	104	137	602
650	399	791	612	185	114	154	678
582	336	838	639	190	110	142	622
549	338	879	649	198	113	143	644
584	355	894	602	181	112	144	700
579	311	920	621	181	116	142	682
615	277	975	622	166	104	136	647
689	314	914	593	155	98	131	709
696	302	870	591	142	93	139	681
676	250	872	628	153	92	148	742
679	250	895	584	147	89	148	784
681	243	893	538	143	91	155	873
630	189	860	523	145	91	151	813
622	202	881	535	150	91	142	842
641	261	860	452	140	90	133	746
612	275	810	449	140	93	127	701
593	290	722	474	147	98	139	579
583	305	741	504	154	113	159	617
598	297	757	466	139	109	157	531
625	236	664	435	127	104	153	549
648	232	783	473	132	102	158	589
604	276	896	485	127	90	132	549
620	275	893	447	111	71	118	604
651	284	905	463	128	79	118	645
611	286	923	482	145	89	125	635
594	294	862	534	155	89	120	601
601	236	745	496	152	95	124	622
554	221	794	501	166	97	118	524
486	204	765	486	164	94	117	488
473	202	714	493	171	100	122	529
498	188	703	371	158	98	119	567
465	184	713	328	145	91	114	575
485	205	620	319	131	90	119	624
458	241	615	319	121	89	119	691
449	241	668	303	92	71	105	684
427	223	637	302	86	72	105	643
414	221	638	339	90	70	100	620
451	208	677	389	113	69	83	609
459	162	686	452	132	77	85	540
454	190	637	457	133	83	94	541
423	197	601	455	130	85	101	634
417	204	570	459	129	83	98	654
387	209	519	419	126	86	107	642
385	217	525	328	116	87	115	660
453	210	582	308	115	82	114	637
498	239	618	375	137	92	120	512
479	226	660	352	139	98	129	549
463	232	712	353	128	94	120	512
493	228	657	364	120	83	105	456
455	209	655	356	120	84	101	474
435	183	710	274	93	73	98	537
414	187	757	260	88	64	86	488
423	167	737	251	85	63	87	529
402	158	794	215	89	69	95	521
365	192	764	209	83	65	90	512
329	185	702	210	85	58	77	537
329	202	661	239	84	61	84	556
311	202	682	248	92	60	83	522
292	224	629	280	84	54	72	533
313	213	763	272	93	61	92	558
314	212	784	291	93	61	88	493
359	188	752	265	94	60	79	427
357	189	779	241	80	56	83	408
404	189	775	215	83	65	99	386
391	172	721	225	78	58	82	331
399	183	709	234	80	60	85	302
399	183	683	252	85	65	94	420
390	178	608	272	99	70	89	430
345	152	676	270	109	66	73	521
351	177	670	269	112	65	72	515
380	166	647	242	112	65	78	544
389	162	675	246	109	57	69	549
372	204	700	260	108	52	71	580
347	200	632	261	93	48	66	516
414	174	654	266	88	50	75	546
383	178	712	263	94	47	71	524
357	192	707	303	93	51	68	428
384	168	713	284	86	49	68	435
441	183	761	270	89	47	75	421
368	195	667	274	90	48	86	559
380	215	741	289	82	54	99	594
398	213	744	232	89	54	104	649
379	208	743	238	87	64	107	628
383	193	719	260	89	66	107	650
415	215	736	371	101	65	95	499
510	192	592	365	105	71	101	585
506	193	575	382	102	69	99	564
496	188	605	400	113	70	101	601
491	213	586	460	122	69	99	569
476	186	602	379	113	67	95	577
353	196	653	389	113	57	71	473
323	184	723	381	118	57	64	482
383	180	671	350	105	46	57	398
351	165	741	261	90	47	65	461
357	156	743	265	94	53	69	467
385	141	723	245	91	54	71	460
384	151	723	234	86	58	71	415
364	156	719	281	103	60	76	440
344	162	626	271	101	57	68	360
338	174	584	250	91	54	77	399
314	170	557	261	95	54	82	413
310	186	496	307	100	56	85	450
326	171	594	270	82	54	95	486
325	155	672	287	92	57	102	555
317	169	703	297	96	57	96	558
304	183	754	297	99	58	94	521
298	167	793	263	90	56	98	480
220	178	809	254	90	56	83	509
251	187	740	244	91	56	80	454
288	181	728	249	93	59	86	425
315	177	681	261	101	63	85	495
333	172	605	237	98	61	80	509
350	191	644	306	127	74	83	429
337	192	718	305	122	76	85	450
323	198	743	299	122	72	75	430
