0	1	2	3	4	5	6	7
44	282	490	93	47	30	30	32
49	337	578	105	51	30	28	36
53	351	656	106	53	34	29	41
58	347	675	99	53	43	37	46
70	417	628	97	69	74	47	139
76	510	714	103	72	96	48	143
92	558	726	111	76	109	55	147
95	560	717	128	79	119	54	150
101	561	766	131	78	176	54	154
97	552	889	142	67	177	47	84
98	495	915	147	67	175	52	82
81	405	906	139	67	176	46	72
75	381	863	132	67	217	55	72
62	356	792	134	65	199	55	60
57	294	740	156	76	195	59	60
51	246	690	149	74	189	54	52
56	271	811	172	80	182	55	52
55	269	870	172	80	132	53	43
54	254	907	172	83	89	50	38
55	243	928	188	73	74	44	36
55	233	945	223	83	69	48	41
52	200	843	213	83	73	47	39
56	208	823	208	79	50	42	39
58	196	806	236	85	46	39	41
57	196	816	229	84	48	42	42
53	186	767	202	79	48	37	36
64	198	834	327	98	48	43	43
65	196	836	414	140	63	48	47
62	167	783	418	144	66	50	48
60	171	722	441	170	77	54	50
61	174	687	453	182	83	56	52
49	172	571	517	196	83	56	50
52	180	615	540	188	76	56	53
56	175	633	545	185	76	53	54
53	157	559	521	161	64	47	50
61	161	547	552	159	60	49	52
71	175	673	516	178	69	53	56
62	173	567	441	164	65	48	49
60	178	540	427	164	63	49	46
63	209	559	484	180	66	49	48
56	224	612	456	180	68	47	44
45	204	414	343	128	52	35	36
45	186	403	346	126	53	36	36
48	183	466	375	137	59	38	37
44	150	433	326	120	56	37	34
43	116	342	308	108	54	35	29
42	125	378	382	114	54	35	30
39	122	383	401	118	51	32	29
36	117	284	399	105	43	34	31
36	137	288	388	100	42	34	34
38	172	302	404	97	40	33	37
34	159	277	347	87	38	33	36
36	162	268	301	76	40	33	36
38	183	287	258	78	38	29	33
37	163	273	243	82	39	28	32
38	134	244	232	89	38	27	28
37	134	206	209	88	38	25	27
37	141	216	202	85	37	26	28
35	115	189	220	82	37	26	27
35	167	193	232	78	35	25	27
35	175	189	197	62	35	25	26
34	176	191	198	61	32	24	25
36	170	193	223	58	30	24	22
35	225	203	208	54	30	22	19
33	191	210	224	63	33	25	21
31	180	218	226	62	31	26	22
30	176	210	223	60	30	27	24
28	182	193	243	80	38	32	27
34	177	201	265	87	44	37	35
34	173	180	244	80	42	36	33
33	174	174	244	82	43	35	34
34	175	181	246	86	44	34	35
35	177	192	219	72	40	29	34
26	109	187	177	63	37	23	27
26	109	181	151	60	40	25	29
25	106	179	142	58	38	24	28
28	112	196	177	57	37	25	28
26	111	222	220	61	36	24	27
27	122	216	235	60	33	27	29
28	125	222	245	58	30	26	28
30	145	226	242	59	34	28	28
27	151	210	213	57	34	28	26
27	143	150	149	46	36	27	25
27	127	130	128	43	32	23	24
29	122	134	117	51	35	26	26
29	105	138	131	51	35	27	29
31	98	180	164	56	39	31	33
32	94	176	169	60	39	33	34
32	98	183	169	60	41	34	35
31	101	185	164	57	42	34	34
33	110	242	180	56	41	33	31
32	98	225	180	52	35	30	27
30	98	243	176	52	33	26	22
29	95	240	173	54	33	27	21
28	105	252	175	51	30	22	20
25	94	190	170	58	31	21	20
24	111	185	141	56	33	20	22
23	109	166	140	55	34	21	22
26	110	161	144	51	34	20	21
23	120	132	139	53	32	21	21
24	129	136	130	46	28	21	23
23	118	133	145	46	27	21	22
26	125	134	141	47	28	24	24
