0	1	2	3	4	5	6	7
95	119	350	187	78	38	34	156
84	113	305	180	80	38	34	161
86	117	353	168	75	39	37	164
85	111	358	163	72	38	36	152
85	79	375	162	68	37	33	153
74	99	355	170	63	40	33	169
62	103	359	154	64	39	32	177
126	110	311	140	59	36	35	188
150	115	317	135	55	37	33	184
153	117	277	145	55	40	35	175
161	108	299	138	57	38	34	212
164	106	341	140	65	45	38	213
119	95	350	153	68	48	35	203
88	95	399	175	80	47	38	214
81	94	403	178	79	48	36	204
60	89	377	182	76	50	38	157
51	90	411	181	68	47	36	140
51	95	494	182	71	46	36	144
52	97	460	173	63	52	38	133
69	117	482	163	61	52	38	129
84	120	492	168	86	51	36	98
87	123	439	191	106	57	37	100
86	129	339	186	110	58	39	89
83	124	309	173	106	54	34	76
69	113	268	193	123	58	42	76
53	121	271	202	116	58	49	66
50	126	320	176	102	52	51	76
60	120	332	181	103	54	50	74
66	142	369	192	110	55	53	75
74	159	370	173	92	53	48	67
75	160	399	144	83	51	41	68
76	158	370	144	74	47	36	53
75	160	379	140	79	47	36	68
86	164	401	135	82	41	34	69
85	142	405	138	84	43	34	69
92	134	366	140	86	43	33	67
95	208	375	151	92	46	34	67
99	216	366	189	82	42	32	50
90	208	290	185	72	44	31	49
95	214	296	182	67	36	27	49
93	220	415	220	79	43	33	68
91	158	408	218	75	44	32	69
88	180	376	176	71	42	33	68
89	201	379	165	65	42	33	68
85	199	363	162	65	43	34	70
89	193	207	99	45	39	33	54
88	190	290	73	41	36	32	50
82	172	302	67	46	36	33	50
78	133	317	66	45	35	32	45
82	128	313	68	42	33	31	39
73	135	308	69	44	28	26	32
74	232	196	66	43	24	25	27
77	227	169	61	33	24	23	28
85	295	160	68	39	27	25	32
85	320	185	63	37	27	25	32
84	322	180	57	33	27	24	31
83	272	207	58	34	29	24	31
81	304	215	59	34	29	22	30
73	289	196	46	26	26	22	32
72	317	202	59	38	29	22	31
85	361	237	63	44	35	28	40
85	366	223	63	42	34	27	41
86	442	226	66	46	35	31	42
91	442	242	73	50	36	38	40
82	417	236	65	46	38	44	41
70	403	238	66	44	34	42	41
82	458	243	74	48	34	75	49
105	407	240	72	46	33	77	58
106	406	227	67	45	33	75	63
109	486	272	71	48	31	75	69
108	525	249	66	48	32	94	71
107	501	226	56	48	35	91	74
97	486	265	63	49	37	96	69
96	502	286	69	55	38	96	68
92	488	238	61	50	38	106	65
97	433	236	63	49	38	103	82
93	422	307	72	49	36	89	76
81	406	279	74	51	41	82	75
82	382	263	71	42	40	82	73
82	326	264	74	47	39	65	69
76	374	275	81	50	41	60	46
66	383	201	82	49	40	60	64
63	378	212	80	48	35	61	63
51	403	263	89	55	44	67	69
50	396	263	86	51	44	67	70
55	472	280	89	56	45	52	67
57	466	285	80	55	44	47	49
61	514	282	75	54	43	43	48
58	544	274	65	47	44	45	37
70	610	283	67	49	63	63	60
66	559	255	51	39	63	64	59
67	603	253	51	39	66	63	58
65	579	232	49	38	68	65	58
64	522	176	45	36	62	57	57
51	509	193	50	36	42	38	29
47	529	206	66	36	41	34	27
40	506	207	70	36	37	32	25
36	487	210	70	38	33	30	24
35	491	224	73	41	34	30	25
41	470	182	69	41	33	24	25
41	398	178	61	43	32	25	25
44	344	167	64	47	38	32	34
46	395	161	65	44	37	33	34
47	380	129	63	46	35	31	34
43	280	143	150	48	35	32	34
42	358	134	170	56	36	32	37
37	359	136	169	57	31	29	31
37	306	141	176	59	30	28	31
35	310	146	177	56	28	27	30
31	344	150	112	55	29	26	29
31	270	149	80	49	26	24	23
28	247	155	108	50	27	22	20
26	234	164	101	50	30	24	20
25	221	161	111	56	32	23	20
27	160	142	115	52	31	23	21
29	128	126	112	51	32	25	20
30	121	115	84	44	30	23	22
30	123	115	93	51	33	22	21
33	206	129	92	46	33	25	23
32	209	130	90	51	35	25	24
30	227	123	97	49	35	25	26
32	231	122	105	57	39	25	26
30	224	101	103	50	36	25	25
28	197	127	96	51	34	24	28
28	219	128	101	52	34	25	28
27	203	129	104	59	35	26	29
28	198	121	98	63	32	28	29
28	202	124	93	71	32	26	28
25	152	75	94	73	34	26	24
25	111	81	108	75	33	26	24
24	88	80	104	76	32	24	22
20	80	81	116	70	33	22	20
20	59	76	113	63	31	22	21
22	49	71	113	61	32	21	19
21	35	51	92	54	30	21	18
21	36	67	95	47	29	22	19
24	35	72	80	45	27	21	20
26	35	74	75	46	27	23	22
25	30	73	70	44	27	22	23
27	33	73	69	46	29	20	24
26	34	54	66	62	31	21	24
25	39	43	65	66	35	22	24
23	38	41	73	66	35	22	23
23	38	40	75	63	36	25	21
32	46	39	79	62	34	26	22
33	47	37	77	49	36	25	21
33	46	35	78	49	34	25	20
33	45	31	78	59	34	26	23
34	47	38	80	67	34	24	23
24	38	40	94	67	34	24	22
24	42	44	91	65	29	23	23
22	38	44	89	59	28	22	24
23	39	45	87	45	28	19	23
22	36	39	89	41	26	20	23
22	44	40	74	49	27	22	24
20	40	35	73	55	29	20	22
20	42	37	78	58	29	23	21
22	41	41	88	58	30	24	22
22	47	44	93	77	29	22	23
24	37	44	94	75	30	20	22
25	36	48	98	72	27	21	23
24	41	49	99	74	26	19	24
23	42	46	108	82	28	18	21
23	39	44	101	66	31	23	21
21	40	41	104	74	29	22	25
21	43	39	99	77	33	23	25
23	36	34	95	74	32	24	23
27	37	36	84	74	33	26	27
27	35	37	95	73	32	23	26
