0	1	2	3	4	5	6	7
123	425	450	369	97	105	37	111
113	451	447	365	99	107	36	101
165	502	427	321	90	109	35	111
192	509	496	383	103	109	45	110
194	556	505	391	108	101	48	117
199	511	462	329	92	96	46	129
191	556	490	354	92	105	49	130
165	531	485	364	95	106	48	129
138	574	389	281	83	99	48	136
141	528	378	320	91	82	47	139
153	583	401	303	90	79	46	131
161	532	376	273	86	62	44	143
155	506	349	257	83	58	46	140
150	531	390	241	75	47	39	131
154	548	435	222	64	46	38	129
138	527	401	228	69	45	37	169
149	516	449	283	78	70	38	186
156	548	444	298	80	69	34	190
175	500	416	305	83	72	33	199
171	461	384	267	78	75	33	198
172	419	389	252	72	119	38	162
158	452	298	223	78	117	36	128
156	469	338	241	84	117	42	125
144	484	350	252	80	115	40	98
159	476	328	262	92	142	43	99
169	471	392	263	91	118	41	121
173	445	397	246	79	113	43	121
168	444	393	236	77	113	38	119
164	404	425	235	81	132	41	132
167	410	447	251	80	144	41	144
162	404	404	254	85	163	41	127
196	451	438	238	83	166	45	146
208	450	462	228	80	168	46	170
214	454	419	199	76	170	48	172
195	483	453	248	76	147	47	166
193	465	453	247	73	124	48	187
171	423	414	245	72	119	43	176
158	435	445	262	73	148	42	146
163	439	470	268	72	134	38	133
173	421	426	204	62	156	37	129
172	420	492	235	70	191	37	99
164	486	524	247	79	195	46	99
160	434	479	215	75	174	50	111
157	461	502	241	75	205	52	127
151	467	490	249	90	184	51	125
201	479	435	224	86	148	48	134
203	453	401	225	77	165	42	128
209	440	377	235	91	187	36	135
204	426	343	211	119	164	39	129
237	452	374	189	150	186	37	133
198	460	390	178	163	192	39	129
186	402	430	198	186	187	37	124
184	421	440	180	196	169	41	134
187	397	437	199	180	189	38	126
160	369	440	229	147	167	39	132
158	365	465	271	138	165	39	131
181	379	412	275	129	177	50	136
188	442	409	289	107	182	52	112
179	469	390	308	115	152	53	142
162	481	366	303	117	164	53	141
159	463	280	270	114	161	56	154
133	456	351	250	93	135	46	150
115	383	365	239	88	120	40	169
116	426	376	185	74	142	40	155
130	397	389	197	79	126	38	142
144	408	424	251	85	117	36	123
149	427	373	244	78	110	35	137
145	446	384	257	79	110	35	118
145	384	523	272	86	127	35	106
141	384	513	253	78	128	39	118
138	432	496	206	70	127	37	136
138	418	520	224	74	131	38	129
165	447	505	210	72	130	40	129
167	420	357	192	63	79	40	129
210	469	354	178	58	89	41	178
203	464	342	165	52	97	42	170
209	464	308	164	57	90	43	185
204	453	372	170	61	91	41	185
202	473	414	194	68	88	42	188
172	450	419	218	74	69	42	144
180	413	429	227	75	54	40	160
173	460	514	219	74	55	37	139
157	476	501	272	85	55	41	162
172	511	462	264	88	54	42	185
163	527	472	257	88	49	38	180
168	524	504	290	95	49	38	168
181	490	496	297	93	46	40	166
179	543	504	313	94	44	35	159
172	497	530	320	96	53	33	156
191	494	594	351	102	55	38	158
178	509	618	346	111	68	42	154
179	663	661	368	115	69	45	188
181	649	695	316	108	69	48	170
187	663	739	335	109	65	49	147
175	642	704	345	110	65	45	148
208	656	696	392	108	53	47	170
201	554	607	361	100	50	44	138
203	540	691	420	102	48	45	154
191	590	773	468	105	48	43	157
180	685	804	456	105	50	45	162
173	719	808	403	95	50	43	141
191	727	875	447	103	52	44	135
197	690	842	414	104	53	45	122
224	690	805	367	101	53	46	134
224	629	797	375	98	52	47	130
213	699	772	394	102	53	45	139
191	688	712	380	106	56	45	144
192	748	668	391	113	64	47	147
179	765	564	408	117	68	51	161
174	779	533	498	134	68	50	163
187	732	545	572	138	74	54	211
189	742	668	714	156	81	61	206
182	733	697	740	153	78	57	209
177	723	754	814	166	76	59	190
182	703	806	829	160	78	63	192
151	652	828	805	160	73	60	131
164	622	755	689	140	66	53	132
168	619	770	724	159	72	58	138
149	679	754	657	155	77	57	130
160	687	777	600	161	82	56	134
162	693	738	602	164	85	61	129
142	713	773	700	187	86	64	149
151	770	822	660	179	81	66	150
147	755	836	806	189	86	67	152
143	753	791	794	180	78	64	135
143	774	841	792	180	78	60	158
158	757	842	812	183	82	59	138
146	670	815	838	175	86	54	123
153	598	808	662	147	71	49	126
143	680	824	691	155	78	51	154
143	713	812	711	157	86	53	128
138	766	898	653	143	88	60	142
153	772	869	609	141	80	60	148
157	766	841	603	145	83	60	144
152	688	862	633	162	85	59	118
161	611	901	617	163	78	61	141
158	610	769	571	152	74	54	154
137	640	720	537	151	80	53	165
125	676	747	558	153	81	53	180
122	680	767	495	124	76	53	181
108	723	731	485	113	72	46	166
87	717	720	435	100	62	44	148
86	721	710	457	99	55	44	133
102	744	692	500	114	63	56	111
108	725	637	503	118	60	56	105
108	733	571	462	110	58	64	116
110	698	576	455	111	65	104	121
122	683	605	526	126	66	112	119
116	631	594	507	109	60	107	117
108	628	511	460	99	57	106	127
107	550	514	445	97	58	103	111
121	523	468	481	100	55	63	99
125	612	457	434	83	53	47	100
126	573	405	372	75	48	47	103
133	566	391	394	80	50	55	92
134	599	559	473	88	51	53	95
122	597	606	453	95	53	53	88
105	492	569	396	90	51	50	78
101	506	574	406	91	53	49	69
100	564	639	403	88	52	40	84
110	593	572	365	89	53	38	97
112	647	531	356	79	48	43	108
112	614	508	345	75	50	43	109
115	684	559	357	77	51	40	111
112	656	566	409	89	56	37	106
97	652	473	373	82	51	35	99
94	592	455	341	79	50	32	105
98	651	570	457	94	53	39	116
99	622	614	448	90	51	41	115
125	636	601	431	87	44	44	119
122	617	622	434	88	82	46	117
125	642	669	447	92	99	47	106
123	644	643	361	85	99	40	99
130	597	590	364	94	98	40	108
105	598	616	302	85	100	39	104
114	601	700	305	86	85	37	105
123	582	709	338	96	92	38	130
121	539	705	318	92	93	39	141
114	560	798	334	88	98	39	135
112	532	738	329	87	97	38	142
112	541	699	354	93	89	37	145
114	513	740	401	94	61	36	129
112	505	711	388	91	60	36	123
105	490	637	371	88	68	41	136
121	599	759	428	98	72	43	142
120	581	744	426	97	72	44	138
126	613	678	398	91	70	43	135
145	596	667	404	91	70	41	129
146	687	682	406	86	55	34	113
137	615	656	445	83	47	30	111
136	644	641	419	78	49	30	105
119	634	666	405	73	49	28	99
112	683	671	423	76	41	34	100
110	596	628	457	89	43	40	127
121	647	532	360	82	44	42	109
116	629	552	366	77	40	40	114
114	678	551	330	72	44	40	116
104	626	549	299	65	45	37	113
109	620	577	247	50	46	32	86
103	597	568	268	52	46	30	99
109	565	537	248	55	45	31	94
106	482	499	278	59	40	30	93
100	494	578	290	63	40	29	92
104	529	592	298	67	39	31	112
96	498	616	280	62	35	31	96
90	498	620	274	60	37	31	99
86	542	629	274	60	36	32	115
101	530	665	319	63	37	35	119
100	518	608	307	60	34	33	104
120	525	577	310	61	35	35	110
117	551	672	310	63	39	39	136
119	508	653	299	65	45	41	130
114	516	519	240	61	46	42	135
106	492	561	238	61	46	40	135
102	439	561	264	71	47	40	137
110	431	414	261	70	44	36	109
117	431	430	242	64	37	36	99
114	394	442	238	61	34	31	83
113	387	369	217	60	34	31	85
113	442	390	186	51	39	36	88
117	529	526	204	62	45	37	97
125	547	504	223	69	126	34	97
130	579	525	235	73	145	38	106
133	573	576	267	78	153	41	96
121	514	563	288	82	172	35	96
114	439	428	291	77	185	33	87
109	427	424	267	71	146	36	91
95	430	396	252	69	128	36	85
98	512	315	252	68	120	33	101
119	511	383	234	59	89	34	126
120	476	400	210	56	57	37	127
125	510	399	214	56	49	34	124
131	484	471	245	55	48	31	128
134	374	461	214	47	84	32	128
122	429	448	204	52	88	35	100
120	444	459	218	57	85	32	97
117	404	496	229	65	85	35	100
116	403	454	194	62	88	36	102
114	419	484	184	62	58	35	94
103	397	434	177	62	48	33	92
104	488	418	200	66	49	35	104
98	481	373	203	65	48	38	113
98	467	331	208	71	44	38	103
97	500	308	204	72	78	40	106
107	620	328	230	75	86	39	113
111	544	336	199	73	88	41	102
115	585	329	174	69	94	36	92
115	592	322	167	65	110	38	109
114	670	349	289	82	94	37	102
108	589	309	288	84	94	37	100
103	604	317	295	81	102	33	99
99	580	362	304	80	107	40	102
95	613	416	333	86	120	36	84
101	633	437	279	85	138	37	87
100	610	439	276	80	145	40	127
110	573	430	270	80	148	43	140
104	547	417	297	86	144	38	144
105	526	369	290	84	131	39	154
124	389	406	335	83	114	40	178
166	372	408	348	88	138	57	165
161	377	422	353	89	160	67	158
167	456	414	342	87	163	75	158
174	460	451	344	84	163	89	159
167	480	399	263	71	176	89	132
123	495	440	234	70	197	80	121
141	496	438	238	75	181	79	126
153	491	423	209	74	179	77	121
157	463	386	179	73	177	62	107
169	504	356	217	69	160	61	127
173	489	332	221	64	109	60	129
161	510	312	205	51	191	46	129
167	506	344	237	48	215	34	133
162	503	329	235	52	233	28	147
142	508	346	208	63	250	32	140
156	547	409	217	69	253	34	137
154	533	434	240	74	191	35	131
138	508	413	235	75	162	42	122
143	520	427	246	79	132	44	118
160	470	408	255	74	102	40	107
147	448	399	293	76	88	39	89
146	462	427	275	74	86	41	103
141	428	448	265	72	83	35	107
131	441	435	248	63	115	34	93
100	458	472	265	65	110	35	95
103	511	447	194	51	102	34	106
103	506	377	189	53	103	36	105
97	525	359	177	49	105	37	105
123	524	408	284	77	77	39	108
123	535	363	270	77	74	39	105
115	471	297	282	80	77	42	108
115	470	310	286	80	75	39	96
120	495	348	299	84	70	38	111
90	516	374	261	71	53	34	111
102	473	423	256	68	50	37	133
107	561	445	293	88	57	39	142
113	561	472	292	89	58	37	148
104	613	475	288	90	55	39	156
112	617	458	272	91	58	37	156
130	625	450	280	99	58	38	157
128	561	450	253	84	44	32	151
134	563	430	254	83	39	35	146
139	725	476	262	82	42	33	123
138	891	496	234	73	39	33	124
125	1058	486	211	61	42	31	127
136	1095	501	207	64	45	33	128
138	1096	522	252	66	48	32	135
142	1031	495	290	81	56	35	142
139	876	438	311	83	56	36	152
137	650	517	318	82	52	34	134
140	650	545	311	76	52	34	122
138	652	515	282	75	59	33	118
150	583	534	345	70	53	37	149
159	615	567	361	72	52	37	149
158	686	504	358	75	50	36	147
149	616	465	362	81	51	38	155
138	723	497	369	82	43	37	162
119	671	443	278	81	46	35	134
110	701	447	230	77	46	35	127
116	623	433	245	92	48	40	152
106	617	517	259	99	49	38	147
107	520	516	251	98	48	38	140
108	523	507	253	91	44	36	135
111	462	533	270	100	51	34	131
106	470	531	307	134	52	33	103
107	467	481	320	127	49	32	120
117	479	464	317	131	47	33	130
126	512	634	354	143	46	33	137
123	538	626	392	146	44	34	138
121	540	629	457	127	53	37	145
127	566	619	518	139	55	38	146
117	521	778	625	142	56	38	133
113	492	726	679	138	65	42	136
139	430	725	685	142	67	47	135
150	451	743	635	135	58	41	150
146	427	733	575	148	56	42	134
143	461	593	456	147	57	44	146
150	498	561	364	153	49	40	137
129	565	576	325	157	42	33	141
112	546	564	382	174	47	38	114
111	567	672	537	200	50	38	110
113	545	676	602	217	50	38	124
107	526	733	649	221	49	38	133
148	467	696	662	219	48	40	139
142	513	723	747	219	49	41	135
151	488	714	731	233	67	47	141
165	483	701	691	228	69	46	131
159	482	611	653	219	71	49	118
134	468	679	649	233	77	52	117
149	397	679	518	223	77	51	120
160	459	660	414	182	62	46	149
156	536	686	435	185	63	44	141
161	537	725	416	195	63	48	144
162	546	655	398	177	61	52	143
151	552	678	475	228	61	53	140
149	559	665	562	304	76	58	104
159	482	662	564	337	84	58	118
151	581	614	641	385	100	53	116
140	577	705	861	408	107	53	105
143	628	687	885	388	104	50	107
129	607	695	843	353	96	43	118
124	685	702	847	314	86	44	111
124	582	696	782	277	68	46	113
119	593	645	608	286	62	47	139
138	583	686	523	325	77	49	143
134	536	652	508	316	86	58	137
122	442	610	502	339	98	60	133
125	571	644	514	317	101	61	132
122	579	664	538	282	96	55	108
106	544	634	585	257	106	59	137
101	579	654	600	253	101	55	144
99	593	693	615	264	96	54	147
104	488	703	641	263	93	51	153
120	516	703	567	289	100	57	152
113	534	658	554	279	89	56	134
152	520	676	531	259	85	56	137
154	493	672	625	224	80	59	130
162	483	636	682	240	86	62	130
155	539	625	673	202	76	57	130
153	540	626	688	175	69	56	121
119	508	579	680	176	73	52	108
123	505	556	594	162	68	47	102
113	539	616	553	142	64	49	98
113	440	629	541	132	64	49	98
118	448	651	457	119	60	45	102
114	458	668	511	120	55	47	96
103	471	757	495	126	55	48	95
100	446	690	410	107	51	43	91
104	433	690	427	106	49	41	83
95	405	689	452	108	54	44	77
97	435	688	441	106	57	43	88
95	448	658	465	97	56	41	90
91	467	676	491	101	53	38	92
86	463	628	492	105	54	39	90
101	440	604	466	97	46	37	85
109	513	574	450	96	42	41	97
122	509	452	403	95	47	43	107
121	516	441	377	92	46	43	110
115	503	476	348	90	50	44	117
136	531	517	488	118	55	45	128
128	437	503	465	113	54	39	111
115	403	512	470	114	53	38	104
117	340	508	473	112	55	37	99
124	425	527	536	123	59	42	93
94	382	488	411	102	55	38	78
113	438	499	410	97	56	38	88
114	468	485	376	91	54	39	88
106	466	480	369	90	51	40	89
107	441	455	353	88	47	33	95
102	475	466	382	89	44	35	93
83	414	527	383	91	42	35	92
90	404	530	400	101	46	38	110
92	405	518	390	101	44	39	105
107	394	541	340	89	45	42	100
107	509	581	333	93	47	42	99
107	526	550	326	91	48	44	105
104	505	555	302	78	45	39	97
104	578	599	301	76	45	38	96
76	556	595	325	80	40	35	96
76	463	533	308	74	45	32	94
76	472	480	281	66	42	29	90
71	491	496	287	68	41	30	88
81	467	473	293	72	44	34	107
94	478	506	246	68	45	33	107
91	438	496	241	71	40	34	120
86	407	491	246	75	41	36	113
93	404	479	252	75	57	36	109
86	426	572	333	82	54	32	89
83	522	557	350	80	56	36	90
103	581	604	346	78	59	43	97
105	582	616	349	78	58	41	101
104	593	648	408	89	42	40	97
105	565	576	374	86	46	42	112
103	487	535	345	87	49	41	117
90	422	507	337	84	45	34	98
259	442	519	345	86	46	35	94
323	413	498	266	74	47	34	96
350	376	548	253	73	43	33	105
349	388	548	261	76	38	34	102
349	371	518	257	77	38	34	101
256	333	486	232	72	41	35	114
167	375	452	233	71	39	33	117
106	389	386	226	67	39	34	101
114	403	401	281	68	42	37	96
114	425	479	293	72	50	45	105
96	449	492	307	76	54	45	111
98	457	573	320	77	57	45	109
98	451	543	308	78	59	48	120
97	475	501	271	72	55	44	125
103	481	426	257	66	49	38	120
107	488	430	265	65	41	37	120
115	531	321	247	74	56	41	130
110	521	333	297	103	76	42	120
104	447	350	304	112	81	42	122
96	477	350	304	113	95	41	124
96	493	436	322	133	111	46	137
121	408	478	322	156	112	45	130
131	503	610	294	151	104	41	130
134	509	614	290	162	108	46	125
138	486	642	302	190	98	45	125
141	485	669	284	191	95	39	93
121	491	695	359	234	117	39	107
115	447	687	441	242	116	39	127
113	538	672	503	243	112	42	145
106	533	751	545	226	111	44	148
99	512	762	594	224	102	48	155
107	606	821	710	195	130	53	152
130	587	779	686	200	136	55	143
138	521	857	655	214	139	57	127
148	501	822	623	233	143	59	132
161	491	768	634	235	141	57	127
155	427	691	513	265	90	57	121
144	418	693	479	260	79	54	109
140	447	744	601	258	80	50	110
141	481	812	695	248	74	54	100
129	515	891	690	277	80	57	100
126	469	890	701	240	84	60	97
117	478	907	779	253	93	66	97
110	459	827	682	279	91	65	97
103	478	728	609	283	97	63	91
104	459	663	666	316	97	68	92
113	488	681	814	382	114	69	92
113	513	700	797	373	108	64	89
124	521	689	862	400	130	66	113
141	505	777	861	493	140	66	143
149	513	790	800	535	154	63	147
140	548	865	650	530	147	61	143
143	547	813	663	541	157	65	157
136	539	815	587	510	161	65	141
130	538	875	708	420	151	68	127
119	535	850	699	330	145	67	130
120	527	847	685	371	145	66	128
122	548	874	608	459	135	67	139
126	526	890	675	509	158	74	142
125	545	826	585	594	170	74	132
122	571	839	592	738	198	82	124
121	546	879	655	707	203	87	131
117	472	925	712	659	206	87	117
112	535	916	706	671	190	81	114
105	513	884	681	664	193	80	111
110	558	935	715	542	168	72	113
114	567	810	647	594	196	70	123
126	633	792	745	668	223	76	116
134	665	819	738	674	242	89	123
311	667	830	720	658	238	92	124
380	598	823	739	682	279	100	124
416	572	902	766	662	259	106	115
431	572	893	652	579	253	103	111
431	556	857	634	576	234	91	96
339	577	842	695	710	277	100	121
545	590	894	868	714	264	111	128
557	577	837	985	842	414	140	135
627	509	810	1010	955	465	143	132
638	463	890	1057	986	459	146	140
631	488	871	1062	905	452	137	115
544	510	784	990	982	469	131	103
763	553	821	966	967	417	101	92
770	589	841	965	875	353	99	95
780	549	739	932	871	383	98	85
782	499	824	993	1016	424	125	95
708	497	838	923	951	385	120	92
415	468	828	894	879	309	114	83
249	426	785	997	1037	329	124	86
181	428	839	1032	1000	310	121	89
337	424	781	936	914	259	94	77
455	478	718	897	905	269	88	94
531	449	657	886	985	410	121	111
548	473	679	890	1032	450	135	115
569	543	811	922	1109	503	165	135
492	547	779	994	1071	497	168	140
366	531	893	1022	1055	491	167	134
243	569	953	972	1034	389	145	134
205	554	931	844	840	331	122	127
126	515	774	769	816	302	91	106
110	526	805	695	813	289	93	102
116	632	666	670	812	290	94	99
119	627	673	652	689	270	91	79
116	667	716	629	770	269	91	80
123	670	788	557	695	194	77	77
121	701	820	545	624	180	73	82
105	633	840	524	582	174	72	77
120	635	793	535	578	178	76	80
125	620	761	543	384	151	73	85
124	652	678	541	283	128	77	96
136	625	640	516	262	109	72	91
150	672	621	505	241	103	69	94
132	816	598	442	189	87	62	94
141	968	711	454	161	84	62	89
146	977	750	424	139	80	51	96
152	971	723	439	132	84	46	99
138	898	804	524	160	92	55	98
141	747	941	572	157	91	55	100
129	519	917	543	146	91	52	99
121	431	925	558	154	89	52	87
100	392	935	593	156	87	54	78
117	390	948	515	119	74	48	85
120	414	834	510	113	72	46	83
123	383	746	468	104	63	45	95
125	440	727	476	89	57	43	86
131	477	804	468	94	60	47	93
118	529	785	616	151	88	61	96
118	534	795	681	165	89	67	104
108	555	794	681	168	93	67	97
122	548	802	695	178	98	69	110
122	551	730	667	176	94	68	106
119	473	640	549	139	69	55	111
118	464	621	500	135	70	54	100
130	449	644	518	133	66	55	103
125	465	693	567	136	61	58	102
123	479	706	569	135	58	53	120
121	503	760	590	135	58	53	114
114	502	734	556	119	58	47	116
102	496	802	548	119	60	50	112
110	491	756	487	109	63	45	115
120	462	710	509	117	77	51	109
122	439	665	462	116	78	51	105
127	441	701	532	137	82	56	113
125	427	731	590	154	92	60	112
120	375	753	601	154	97	63	108
116	345	770	599	149	94	63	93
121	360	887	640	145	93	61	90
116	319	842	559	125	88	55	81
113	333	744	546	107	78	51	90
104	401	769	553	104	71	47	82
94	440	787	573	111	68	50	87
92	427	651	542	120	68	52	94
93	445	681	524	125	66	53	90
108	430	743	530	150	81	55	92
105	350	677	553	169	87	57	92
114	370	670	597	208	101	56	92
113	353	647	593	220	111	58	90
109	340	600	606	235	127	56	94
101	348	584	577	228	129	56	88
106	418	554	512	215	127	57	96
93	397	504	384	179	115	53	105
96	404	591	412	195	153	59	114
106	425	716	431	190	143	62	123
106	504	707	399	185	133	62	120
92	467	774	396	200	130	60	111
104	437	784	481	214	145	68	127
98	464	786	510	196	94	63	116
108	500	714	565	219	120	70	117
110	442	719	613	220	125	71	121
113	466	668	658	240	136	78	119
105	516	652	589	223	121	71	94
112	485	569	543	240	134	71	109
93	429	591	499	309	111	67	282
95	414	622	464	335	124	68	318
94	358	699	447	360	118	65	328
104	316	735	532	414	126	73	341
95	339	766	544	420	135	74	342
103	502	792	625	389	142	79	217
98	532	786	616	395	135	77	159
100	556	731	591	373	137	74	144
90	560	781	578	317	135	87	107
93	562	863	621	313	120	92	90
98	427	843	644	301	123	96	89
101	400	790	660	320	153	94	90
96	372	759	686	349	164	95	94
98	359	750	673	362	165	82	103
94	401	673	637	348	166	73	105
85	430	799	550	352	165	70	113
84	437	833	562	317	138	76	111
89	466	870	513	303	130	74	102
81	439	825	520	306	134	71	108
111	419	874	609	325	144	79	114
117	397	730	563	324	142	71	100
126	377	712	558	335	142	66	98
128	334	722	573	304	135	68	104
131	377	795	614	331	133	73	95
112	391	722	517	338	116	65	91
109	508	747	509	304	107	62	106
100	547	708	469	279	118	58	114
106	575	739	465	283	115	56	111
110	559	708	385	272	100	48	112
110	546	681	365	251	102	50	111
106	426	740	366	256	98	48	96
99	428	801	381	261	82	48	83
85	418	730	375	254	97	48	77
87	434	675	441	215	107	50	79
93	511	683	495	220	107	56	83
98	538	622	556	235	116	61	92
105	505	637	538	227	112	65	94
115	544	661	566	227	103	67	102
122	562	658	501	231	100	66	100
121	566	741	538	206	95	63	98
116	602	695	500	178	83	58	90
113	611	632	506	166	76	53	95
109	557	677	521	155	72	53	94
94	523	746	512	124	70	48	87
83	481	727	464	127	68	47	81
82	434	718	456	134	71	48	87
84	399	764	450	133	68	49	92
81	434	740	381	130	66	45	90
89	480	669	395	125	64	47	100
97	452	726	503	140	75	56	110
95	484	781	489	134	74	58	115
91	502	722	493	143	76	56	111
92	563	699	507	146	78	60	111
87	541	753	511	140	73	60	109
79	547	751	370	118	62	48	100
82	544	759	395	116	61	45	87
80	542	749	403	110	57	46	83
77	497	769	435	114	56	42	76
86	541	771	444	109	53	37	71
86	533	674	448	106	56	36	72
91	544	759	494	124	68	44	75
87	547	787	488	120	69	46	84
85	524	761	446	108	66	49	90
86	478	742	567	154	86	60	92
82	526	718	563	151	81	61	90
77	475	577	535	140	73	57	90
76	478	584	567	145	73	60	104
74	474	596	577	151	74	61	98
93	492	583	422	98	48	51	91
99	417	602	439	101	52	52	92
97	419	642	411	99	77	49	92
101	414	607	383	96	105	46	82
103	403	587	368	93	105	45	97
82	359	542	379	96	107	48	109
85	440	614	343	95	106	45	110
86	499	552	345	91	92	45	112
92	541	567	337	86	56	41	99
98	538	597	332	78	54	38	89
94	584	607	414	82	54	37	76
82	528	507	431	86	55	42	74
493	526	513	469	92	56	45	75
524	487	486	452	87	56	48	72
561	513	469	506	98	58	47	66
570	491	449	434	93	56	44	64
571	489	439	412	89	58	40	65
302	430	463	343	81	49	41	75
248	415	500	361	84	52	38	92
140	386	459	298	75	48	36	100
103	405	526	314	79	49	36	102
105	444	573	304	75	47	35	101
107	434	555	293	75	45	36	108
97	448	554	340	81	47	40	99
105	444	592	378	88	54	51	101
109	393	564	402	87	54	52	109
103	357	539	417	86	51	53	120
99	356	586	428	84	52	63	118
114	336	573	445	93	59	62	129
107	352	535	416	86	56	54	132
114	376	549	440	110	62	59	146
113	367	544	432	110	64	59	138
107	381	452	431	112	64	43	130
90	423	465	415	106	56	45	119
90	463	465	447	109	55	48	109
73	462	411	413	84	50	45	81
77	463	407	418	88	51	44	90
81	457	482	440	91	53	45	87
74	505	486	410	90	55	59	80
77	474	488	393	94	58	83	78
66	444	501	366	91	101	84	77
64	424	509	359	90	114	83	72
72	402	548	342	85	119	90	81
72	280	575	361	91	123	86	81
70	247	579	359	86	123	74	87
69	297	587	366	85	87	82	85
69	312	572	349	78	68	84	88
