0	1	2	3	4	5	6	7
140	530	797	545	549	135	58	108
146	514	822	621	561	150	54	114
155	523	837	638	608	173	68	129
158	550	848	696	610	188	72	123
166	483	825	716	585	199	86	127
171	505	778	695	606	209	89	125
156	561	842	664	667	223	89	121
151	581	807	704	598	208	79	120
161	577	835	692	584	200	80	122
151	557	811	678	537	177	70	114
157	497	809	693	473	156	68	110
171	441	762	720	418	119	64	126
174	410	797	748	454	128	72	107
164	406	753	759	518	147	76	110
179	419	750	714	610	183	89	114
152	445	712	766	699	213	105	126
158	418	767	828	719	246	110	108
153	450	734	782	697	244	110	111
152	439	668	768	652	234	111	96
157	476	670	780	558	231	122	96
165	486	716	740	504	216	119	84
168	484	634	681	574	215	125	104
172	458	634	688	593	211	124	98
187	476	638	664	651	255	123	103
178	412	717	793	685	247	104	105
170	414	719	821	674	248	102	109
156	407	700	786	534	222	90	94
162	453	745	785	518	220	86	97
154	407	781	797	450	177	83	106
169	449	724	643	384	152	77	102
176	423	753	680	334	144	70	104
172	429	811	699	327	138	77	106
173	410	788	738	298	129	76	109
167	484	789	705	252	106	74	99
144	505	776	719	252	109	73	96
131	498	704	602	250	99	68	88
126	551	652	556	223	86	55	82
127	545	649	451	203	86	57	78
151	515	605	490	195	86	55	93
151	474	550	514	185	88	59	107
158	467	530	529	173	86	63	103
181	438	500	511	168	87	65	111
177	420	473	556	175	93	67	109
163	430	478	524	168	93	66	98
178	452	588	513	149	81	64	104
175	464	612	594	154	80	63	108
158	528	752	778	216	101	81	104
145	581	812	809	223	102	80	101
136	568	824	807	219	97	77	98
126	564	859	874	241	101	81	95
130	545	859	886	239	99	79	97
135	457	808	831	216	87	71	106
139	448	782	792	207	82	73	108
142	420	766	839	215	84	75	118
131	378	639	789	210	82	72	114
127	404	668	790	206	81	69	113
118	422	596	722	177	72	57	102
118	339	536	693	166	66	51	109
112	333	679	758	176	71	53	105
111	388	805	726	150	65	52	90
111	424	824	659	141	59	50	84
106	456	862	642	140	57	48	95
109	523	887	736	164	68	60	95
115	541	883	688	160	64	58	94
112	515	886	714	164	65	55	99
119	521	891	737	168	67	59	101
117	478	918	810	180	72	63	99
135	468	967	757	164	66	52	90
129	447	923	714	154	65	53	85
143	449	859	763	165	67	58	91
149	400	819	710	158	68	55	98
149	444	804	638	143	65	53	96
127	450	840	615	136	61	52	100
135	470	869	771	159	74	59	104
138	529	837	663	137	69	57	103
125	560	834	756	153	72	61	94
126	528	789	756	151	70	61	93
131	479	693	812	163	75	65	94
133	512	635	680	137	61	58	99
117	481	620	720	141	64	60	91
134	442	644	636	128	60	59	98
135	441	746	640	130	61	56	94
148	477	733	561	114	57	55	122
140	413	809	643	144	67	57	121
148	387	833	653	142	61	51	131
135	384	794	650	139	59	47	133
137	422	766	649	132	56	47	132
124	377	769	662	139	56	44	108
124	385	697	613	120	46	41	106
113	388	702	582	123	51	46	106
109	391	737	687	131	52	47	105
110	473	693	712	159	58	54	114
114	522	776	818	187	67	61	114
111	561	748	784	181	68	67	128
135	545	775	776	175	64	63	154
133	559	810	766	181	68	63	152
132	496	843	707	157	62	58	148
128	433	761	610	126	53	51	143
139	418	761	623	124	50	43	134
110	430	764	694	149	64	51	107
114	497	757	631	139	61	53	110
115	455	754	649	138	60	51	113
131	495	800	671	144	60	55	115
131	456	802	680	155	66	61	120
135	503	746	605	135	55	55	108
131	423	660	581	130	52	51	103
135	423	622	665	163	66	60	107
118	383	607	604	156	71	59	105
107	465	618	548	138	66	52	90
111	454	625	580	139	65	51	90
112	434	640	560	139	66	52	100
137	468	616	580	136	71	59	131
168	484	670	671	149	71	63	148
170	478	669	653	150	70	62	152
172	421	671	657	157	76	65	159
170	424	703	657	154	76	63	153
164	446	713	570	131	62	52	120
131	456	661	499	114	55	47	100
131	502	664	547	122	58	51	93
128	519	631	485	108	50	48	86
126	512	642	495	110	49	49	95
132	479	695	545	125	52	48	103
162	459	754	618	135	55	52	107
169	320	799	613	132	56	51	127
172	291	836	619	132	58	53	128
174	384	973	698	147	65	58	126
152	433	971	665	130	60	56	119
136	489	921	571	119	58	53	113
126	519	904	560	115	56	51	114
121	553	933	591	120	58	52	107
126	586	816	591	128	64	51	107
128	579	783	566	127	70	50	117
110	557	742	570	131	71	47	120
137	541	762	540	127	68	48	106
147	516	699	629	143	72	55	112
163	428	643	578	128	61	51	121
167	366	677	681	145	62	58	123
176	302	702	684	146	64	58	125
157	324	687	748	165	74	65	132
158	372	770	726	157	70	61	132
140	412	758	683	147	69	59	154
141	419	684	555	122	62	52	152
143	417	673	529	113	58	49	160
154	430	589	484	98	46	41	160
149	440	585	365	81	41	37	161
162	394	610	412	99	48	40	155
155	402	686	473	110	50	47	192
160	439	673	494	115	52	53	192
152	391	689	451	110	54	54	189
145	361	581	445	111	56	55	186
125	362	588	413	103	53	51	175
160	362	483	472	113	52	50	132
142	326	519	488	119	58	50	120
138	324	568	506	121	57	51	116
140	276	572	494	118	55	48	111
159	331	548	488	113	53	49	106
129	329	551	426	110	54	47	114
135	345	531	411	105	52	45	118
151	354	447	388	93	52	39	113
160	372	485	400	97	51	42	119
169	370	601	502	127	57	48	121
191	344	706	466	120	54	46	103
201	323	692	444	115	51	44	100
198	364	740	468	128	54	50	117
200	396	721	485	135	60	50	112
178	437	636	394	113	76	43	95
158	438	573	460	128	80	47	123
139	443	578	474	130	80	49	135
120	430	548	469	122	78	44	119
105	382	544	465	118	75	46	119
136	339	528	469	118	53	50	135
146	367	523	403	98	54	44	115
142	370	545	399	99	57	45	98
157	401	552	422	102	56	44	105
156	424	585	440	106	57	41	108
157	372	566	440	106	59	41	104
152	349	547	426	108	54	42	133
172	349	498	425	104	55	42	133
167	324	515	376	97	53	43	129
182	319	494	334	85	51	43	125
164	331	545	318	78	50	38	113
151	344	639	351	80	50	39	94
132	364	686	322	79	48	39	101
145	321	634	313	78	50	40	113
126	298	796	413	91	50	42	125
132	331	774	434	101	52	49	138
137	324	672	420	103	56	48	124
136	284	641	432	104	54	47	133
169	354	689	442	108	55	48	124
165	373	504	340	95	55	45	115
156	390	497	280	82	48	37	98
154	385	549	338	86	46	36	112
171	400	515	333	85	44	38	106
125	368	497	333	80	43	38	142
133	373	553	362	84	42	39	146
136	298	565	369	82	41	38	149
164	298	585	305	69	41	38	170
168	296	590	331	77	45	37	178
162	278	605	318	80	50	31	154
164	265	568	268	72	47	32	152
179	286	608	277	79	52	36	186
166	298	580	331	91	62	46	162
144	313	672	298	89	100	47	148
153	308	651	297	88	112	57	162
160	330	671	301	90	117	57	181
136	327	671	328	92	116	56	149
126	316	686	306	99	112	50	163
160	301	603	333	99	81	50	164
156	348	622	352	102	67	44	186
141	386	713	368	112	59	45	168
149	594	685	386	117	58	44	182
153	683	737	412	139	63	49	176
117	700	782	421	142	64	50	171
118	734	773	444	144	54	48	137
129	772	707	544	154	61	54	164
133	654	771	605	163	70	59	148
121	600	686	595	137	62	55	136
124	632	702	575	134	58	53	143
119	598	754	666	153	64	55	156
121	542	733	632	159	68	52	134
124	547	734	666	174	66	59	138
130	511	724	649	172	64	56	155
133	468	660	664	180	67	61	166
128	413	603	566	196	64	58	155
133	402	791	711	238	86	69	164
151	371	751	741	259	100	82	170
155	409	853	773	273	103	87	158
154	384	961	845	312	110	91	151
172	464	957	891	314	119	94	154
160	479	807	839	287	104	86	136
142	484	800	815	267	88	67	126
147	460	736	828	271	89	63	136
156	501	598	857	274	92	62	159
138	457	587	819	273	90	59	165
146	462	618	796	273	95	64	180
151	450	620	789	268	98	69	184
150	444	598	765	262	97	71	188
135	440	686	730	239	92	64	163
151	414	766	705	223	83	62	145
140	376	777	673	261	79	58	128
170	422	837	642	271	94	66	124
165	415	879	678	276	99	68	105
172	375	899	594	273	96	69	99
174	399	864	730	287	98	73	99
183	387	909	793	342	98	72	97
153	381	875	799	394	109	67	84
158	445	894	811	397	111	67	91
147	463	818	820	402	116	68	99
130	446	781	728	424	120	65	102
142	479	679	688	375	117	66	111
134	535	706	727	313	98	63	110
144	552	806	747	373	92	62	106
150	529	915	761	396	91	62	107
157	566	952	787	374	94	64	108
145	554	1058	826	370	114	68	100
152	534	1043	767	363	108	65	101
133	478	969	768	364	120	71	104
133	508	896	807	339	121	73	108
137	495	853	766	335	117	75	119
127	510	724	686	316	97	68	118
145	462	726	678	325	101	69	120
151	466	638	606	230	85	61	116
150	455	673	585	201	80	55	111
140	438	745	604	177	79	54	103
167	480	821	705	170	81	56	101
140	495	792	690	148	74	53	99
136	515	788	657	146	69	48	95
138	501	755	607	129	66	51	101
140	490	700	636	146	61	48	93
113	437	684	559	135	60	48	92
106	456	653	546	142	60	50	88
102	400	671	554	145	62	51	95
124	385	666	540	140	61	47	95
135	405	683	486	115	57	43	100
128	390	594	419	109	54	41	97
137	330	649	391	101	52	39	106
139	345	667	411	102	53	45	101
131	426	781	445	101	50	47	93
113	457	759	454	104	51	48	87
119	441	772	429	96	42	45	86
113	408	716	432	93	39	47	91
148	433	695	445	90	35	42	110
143	415	613	587	125	45	47	107
160	409	668	651	140	53	54	113
157	411	652	660	143	56	54	114
176	441	645	704	159	67	55	120
158	452	683	719	163	67	56	100
160	501	614	608	139	68	59	103
156	473	529	543	120	62	55	111
173	478	482	521	117	62	57	127
158	472	580	531	102	52	55	125
144	464	562	517	96	57	54	121
127	359	554	515	97	51	46	118
120	366	543	479	92	51	41	109
118	405	545	522	110	54	39	102
112	420	465	477	110	54	39	83
139	399	471	438	115	56	43	88
137	411	460	417	114	54	47	93
143	376	493	416	115	54	52	88
158	341	524	525	136	62	55	111
166	337	539	527	134	68	56	113
146	330	498	536	134	63	52	115
153	340	515	527	135	67	51	116
151	344	505	567	140	67	48	126
117	318	507	428	105	56	41	95
115	283	593	421	101	50	41	99
132	271	657	514	115	56	45	104
127	248	665	577	127	54	42	101
116	281	658	545	124	55	42	101
123	297	697	552	127	60	43	108
136	317	747	582	141	63	44	119
133	326	715	549	133	60	42	115
153	348	687	483	119	58	44	112
161	345	737	489	120	59	45	96
159	356	709	552	128	58	45	88
142	415	586	527	119	61	43	73
135	454	666	513	124	63	46	71
112	435	692	542	125	60	45	76
127	484	643	540	125	58	45	109
131	507	603	444	111	57	45	117
128	494	685	496	122	58	44	114
124	544	619	459	111	52	38	115
123	568	597	416	111	55	39	130
130	520	589	402	105	55	43	151
128	520	629	406	102	57	44	150
140	489	585	439	103	55	45	147
139	398	543	442	107	55	47	147
145	378	539	422	97	50	47	139
114	388	601	437	98	56	41	84
107	397	628	514	115	54	40	78
108	414	574	416	97	47	37	79
122	411	597	385	86	45	36	107
121	449	651	421	98	48	34	96
119	464	592	405	99	45	35	104
115	409	552	325	82	40	33	102
104	380	569	311	81	44	35	117
104	382	666	325	79	43	32	92
104	390	688	357	78	43	35	99
102	406	698	360	78	42	33	91
103	427	713	349	79	42	37	105
101	418	740	353	80	39	36	107
88	473	642	347	82	42	37	107
82	407	567	283	76	41	35	103
91	361	599	295	76	41	35	107
95	393	566	284	75	43	33	94
92	411	528	241	70	42	29	76
84	394	494	227	70	42	33	82
82	424	538	233	64	40	31	81
76	417	555	260	75	41	33	76
96	433	597	255	71	37	35	79
101	438	571	290	74	44	35	93
125	392	604	299	74	45	31	86
138	369	565	296	76	46	32	95
139	519	545	313	70	45	31	116
122	482	495	328	75	46	30	128
122	479	483	306	72	40	32	120
105	476	515	308	68	35	35	135
114	470	527	317	70	38	34	132
112	330	512	312	76	39	34	116
125	321	513	314	75	38	35	116
130	318	518	322	74	36	34	119
138	312	449	336	77	37	31	106
117	326	406	335	76	33	31	105
125	375	480	299	64	31	33	111
124	387	498	295	64	36	30	110
131	407	527	283	65	37	33	120
125	408	500	242	59	35	32	115
139	437	531	302	68	40	37	119
134	383	510	407	93	49	41	123
128	363	524	412	90	47	39	113
140	355	521	417	92	45	40	98
140	356	545	457	95	47	41	103
135	335	528	446	93	44	38	108
142	328	511	406	89	41	35	105
145	338	463	442	96	44	40	111
126	338	421	448	95	45	39	107
138	374	499	421	101	50	43	108
132	383	504	403	103	52	46	106
124	395	516	338	84	47	43	102
129	411	543	305	89	44	42	102
131	395	556	292	94	48	41	105
139	394	479	335	95	44	39	105
143	387	463	334	95	45	39	148
146	400	380	352	97	44	40	149
141	388	454	391	103	48	39	147
149	368	499	422	103	47	39	149
138	352	521	390	96	46	38	155
134	339	538	364	88	41	32	112
144	363	573	363	91	45	38	125
136	389	527	310	74	39	39	123
151	457	499	260	68	39	42	123
148	452	503	245	68	38	42	130
145	481	564	255	71	38	42	128
144	444	543	269	70	41	41	114
160	459	554	360	97	50	43	117
133	462	520	362	96	48	43	115
129	469	505	357	94	47	43	105
138	433	451	387	101	52	47	107
134	454	471	376	103	52	45	110
143	441	458	267	76	48	42	104
137	377	510	288	86	48	40	116
144	446	490	324	96	51	41	112
157	450	467	341	107	53	42	110
175	473	505	360	108	52	42	114
172	492	524	376	116	52	46	135
175	530	515	386	116	51	46	122
165	521	555	379	112	51	45	114
173	544	769	356	103	48	45	123
165	510	763	353	99	45	45	112
154	467	816	512	100	47	38	95
161	475	868	602	117	55	43	105
158	410	902	645	124	54	42	109
132	406	745	681	123	54	44	110
115	408	846	734	134	59	48	120
124	478	875	766	174	68	50	118
138	435	924	815	187	73	53	112
165	462	975	917	205	82	61	126
163	450	989	945	211	86	61	119
174	460	936	963	218	88	65	110
164	422	864	891	194	79	65	105
167	533	842	910	206	84	70	110
142	512	787	817	191	79	67	117
149	534	843	766	191	75	67	128
144	572	796	898	220	83	70	135
167	589	833	937	221	87	71	136
166	605	799	856	203	80	64	130
174	601	805	828	201	79	63	116
165	603	758	857	204	77	58	100
169	637	875	746	209	77	54	111
162	600	844	779	228	80	52	108
142	531	889	768	249	77	49	105
149	565	957	802	278	90	54	111
157	568	927	797	291	100	56	113
151	542	806	750	268	99	51	89
131	538	840	656	272	97	53	90
144	545	806	715	266	98	56	98
125	504	734	805	266	96	54	77
122	466	814	804	255	93	55	79
122	460	919	806	297	95	58	79
132	489	895	867	297	100	63	82
121	473	900	894	293	101	59	76
136	481	833	795	269	97	54	97
141	473	788	832	278	98	57	89
135	507	764	864	260	99	60	108
134	511	741	806	257	89	55	106
146	478	719	739	254	90	58	108
148	536	760	758	263	96	60	96
144	533	751	708	252	96	60	105
143	450	731	731	233	87	56	86
139	468	809	710	213	87	55	87
129	513	743	679	197	82	52	97
119	532	735	697	191	74	52	110
110	542	742	690	182	62	46	112
115	563	690	602	164	61	47	118
120	561	625	686	206	67	48	119
112	545	761	711	206	68	48	108
103	473	813	694	230	69	50	91
124	500	811	708	237	76	54	85
119	493	882	777	245	84	59	85
108	468	873	770	219	88	62	84
106	435	779	767	228	91	64	85
117	425	769	817	228	97	68	96
107	420	743	818	226	97	71	103
111	436	662	781	220	89	64	96
111	444	741	827	218	93	66	101
121	448	754	821	217	94	67	110
112	461	689	742	192	85	60	97
105	492	734	746	200	83	56	85
108	488	709	674	231	91	55	85
128	448	607	529	227	84	52	88
127	425	648	464	211	77	52	86
132	418	637	451	205	74	52	89
137	415	585	479	213	70	48	87
142	425	644	508	175	60	50	92
136	460	641	528	162	53	44	80
