0	1	2	3	4	5	6	7
73	288	492	384	100	47	40	84
69	304	485	468	115	51	43	88
67	298	520	577	147	55	45	95
68	230	534	684	186	71	48	102
78	283	578	701	198	79	53	104
79	330	599	692	197	85	53	88
82	319	618	667	195	85	52	83
104	354	634	650	191	92	58	97
105	361	666	589	168	83	57	89
97	348	690	627	172	78	53	104
107	322	738	624	170	71	54	111
105	349	764	654	175	73	56	111
81	350	737	563	155	64	47	101
90	348	702	549	150	63	43	101
115	327	662	540	140	65	48	118
123	330	575	504	138	70	48	120
129	322	600	551	170	75	47	127
233	276	598	569	176	77	48	140
247	338	574	552	176	75	48	151
238	379	641	697	229	91	54	128
235	357	696	708	229	86	51	123
233	367	629	635	203	79	52	117
130	370	604	635	198	76	52	119
87	326	589	648	199	78	54	102
78	273	458	422	121	52	43	99
66	303	379	365	109	50	41	97
68	292	352	380	111	50	41	139
74	301	361	350	102	44	40	164
73	340	377	275	81	38	54	187
94	512	367	254	78	37	56	197
91	507	412	245	73	36	67	257
103	603	391	148	56	39	82	333
102	613	474	131	66	42	91	316
107	597	600	125	67	44	84	317
104	534	633	126	70	42	88	317
119	570	584	121	75	42	83	355
124	511	630	107	67	38	81	332
129	529	579	90	52	33	72	370
153	630	550	94	54	32	75	398
145	634	546	97	54	33	71	404
136	614	606	99	52	37	70	350
132	600	614	104	60	39	72	312
140	608	670	121	66	43	72	266
139	535	616	112	63	46	68	214
144	523	637	122	67	49	67	212
159	546	593	126	72	48	65	193
165	587	557	121	66	47	46	152
156	558	575	119	73	50	53	149
134	520	595	127	76	47	51	125
137	460	588	394	133	61	58	92
117	430	568	439	141	61	60	64
89	316	548	440	142	61	58	60
89	304	446	475	144	60	52	54
99	296	417	544	152	60	52	56
90	304	332	432	114	47	41	48
88	247	333	396	104	49	40	45
92	255	361	399	103	50	40	44
89	272	401	479	114	52	44	46
72	302	380	444	110	52	43	41
64	271	400	422	102	51	40	39
72	270	381	416	98	46	36	36
70	249	338	414	98	45	36	34
84	236	284	335	94	39	33	34
93	156	229	297	89	43	35	39
94	152	183	290	87	41	36	39
87	146	182	282	83	39	36	38
92	136	191	281	80	37	35	39
79	90	170	176	52	36	31	36
66	88	168	165	44	26	26	28
64	89	211	144	41	26	25	27
83	82	212	152	43	25	24	30
77	77	207	158	47	26	24	28
73	65	199	173	50	26	27	28
81	83	189	155	55	29	29	30
92	84	178	168	60	27	29	31
71	90	192	169	60	26	27	28
68	91	190	160	58	30	26	29
67	92	187	145	54	29	24	27
66	95	204	125	48	28	24	28
49	87	167	85	35	28	22	27
70	83	160	64	33	29	26	35
77	83	163	65	32	26	26	38
81	81	159	68	33	27	26	40
76	71	124	72	31	26	25	38
76	74	116	74	30	26	25	38
56	83	114	74	29	26	22	31
45	85	102	68	28	27	21	26
40	85	100	62	27	26	20	24
31	74	88	54	25	27	19	23
31	85	84	42	24	26	21	23
31	80	70	33	24	26	20	24
30	78	65	31	23	22	22	25
28	84	62	29	24	22	22	24
28	86	63	29	24	21	22	24
26	72	60	28	23	21	22	24
24	78	49	27	23	20	22	23
25	81	49	28	23	20	21	21
28	75	48	25	24	19	20	24
31	71	42	25	23	21	22	24
31	73	43	27	24	22	22	24
32	62	37	28	24	23	23	24
32	58	35	26	25	21	23	25
29	56	35	28	25	23	25	22
27	52	34	27	26	22	27	24
27	53	37	26	26	22	27	22
27	55	42	24	25	21	26	31
33	63	43	23	25	25	25	32
34	63	43	24	24	25	24	32
34	63	42	25	23	23	21	32
36	62	42	26	23	24	22	41
36	56	38	28	23	24	21	36
31	46	34	28	23	22	22	39
34	47	35	27	24	23	23	49
32	48	35	27	25	24	25	49
30	50	32	26	24	25	23	43
29	54	32	25	25	25	23	44
28	59	36	24	27	27	24	43
25	65	46	24	25	28	24	33
31	69	52	25	24	26	24	34
32	64	54	24	22	25	24	33
36	65	54	24	22	28	25	32
34	61	52	24	18	25	23	28
36	56	44	26	21	24	24	31
33	55	37	24	22	25	22	42
33	54	33	24	23	24	23	57
30	60	32	24	24	22	25	58
32	66	33	24	27	25	26	59
34	66	32	23	25	24	23	57
32	65	33	23	26	23	25	52
32	65	32	22	25	26	23	50
31	57	31	22	24	25	21	47
30	49	31	24	22	23	24	47
28	50	31	23	23	23	24	48
28	45	31	23	23	24	23	93
27	47	34	25	23	21	25	97
30	53	36	24	23	23	24	99
29	62	37	24	23	23	23	100
29	64	38	24	23	25	25	99
30	64	36	24	23	24	25	61
31	73	36	25	25	25	24	50
28	75	38	24	25	22	25	48
30	70	38	23	24	25	24	65
27	73	40	22	24	26	23	71
26	76	42	26	25	27	24	70
24	66	39	25	25	26	24	71
31	58	37	26	23	27	25	72
29	55	35	26	23	25	24	56
31	59	37	29	25	24	25	53
32	61	36	25	24	24	23	52
33	66	37	25	25	24	24	48
29	68	40	24	25	23	21	54
31	68	39	25	27	22	24	82
29	62	36	22	25	23	23	82
29	67	40	24	24	20	24	93
29	63	41	24	24	22	23	91
29	71	38	25	24	22	25	88
29	74	40	26	23	23	24	67
28	71	39	25	23	20	24	65
30	68	39	27	24	21	25	52
31	74	38	27	23	21	27	91
30	67	39	29	21	24	27	92
31	67	38	29	23	23	25	91
33	67	40	31	23	24	24	93
32	70	37	27	24	24	25	92
33	77	36	28	25	25	23	54
35	78	35	28	27	23	21	56
33	88	35	27	25	24	22	58
37	86	30	25	25	24	25	96
35	80	32	26	27	25	23	102
33	69	37	26	25	25	23	105
34	71	40	26	23	23	27	104
34	57	38	25	23	22	26	106
27	60	42	25	23	24	24	75
33	62	42	25	24	23	24	75
35	63	36	25	25	21	24	72
32	59	34	24	25	20	22	88
33	62	37	27	26	20	23	90
36	65	33	27	26	21	22	95
35	72	31	28	24	20	22	88
32	68	35	26	23	23	22	87
32	73	34	26	23	25	22	81
30	73	33	24	23	25	22	102
29	69	33	23	23	25	25	112
25	64	35	22	22	28	25	116
27	63	35	23	22	26	26	117
27	58	33	23	24	25	25	118
29	53	31	22	24	25	25	99
29	62	33	23	25	27	22	116
28	63	33	24	24	25	23	113
