0	1	2	3	4	5	6	7
251	155	549	203	70	50	69	380
261	157	566	223	69	49	69	386
279	181	629	216	66	50	76	399
262	173	637	172	59	49	69	400
240	182	671	163	49	41	56	403
228	180	699	165	48	42	55	445
236	182	701	162	61	46	52	416
206	158	656	178	64	47	50	463
216	143	596	195	71	50	61	509
259	147	571	220	73	50	68	510
246	154	544	226	74	49	65	474
229	144	544	206	69	47	72	485
297	151	567	197	69	51	73	461
299	153	652	193	65	53	72	403
277	141	623	185	65	55	69	372
272	140	608	182	71	56	72	404
266	151	631	213	72	58	75	418
223	146	585	239	81	53	68	421
239	144	492	244	89	52	59	423
232	133	517	235	90	52	56	420
228	134	557	245	87	52	56	417
227	117	503	226	85	52	54	418
194	117	535	196	79	50	53	382
155	126	581	179	74	50	57	360
170	127	565	171	77	47	59	363
201	136	605	161	80	49	62	354
237	166	652	209	90	45	51	315
244	203	722	245	102	47	51	305
261	246	837	291	111	46	55	310
265	256	843	330	117	54	62	296
250	251	831	329	119	55	59	346
225	254	837	333	139	59	61	334
233	231	851	324	134	56	63	356
212	182	762	306	131	55	59	357
187	165	844	283	135	48	50	369
184	176	883	311	135	52	56	285
198	236	885	353	109	48	57	290
181	250	870	392	113	55	55	257
176	270	834	414	119	57	52	224
186	301	765	435	111	59	56	219
180	302	722	444	116	55	49	252
146	252	745	390	125	56	53	240
185	255	857	374	128	56	59	261
216	231	902	336	134	55	61	261
224	251	1012	423	180	68	64	301
251	257	1026	406	207	72	69	285
256	253	1014	407	213	75	66	289
227	245	924	425	227	75	62	280
223	254	909	468	220	80	72	295
209	214	818	366	219	71	67	281
251	201	809	352	227	69	68	295
265	194	834	460	285	82	67	304
283	178	844	478	336	94	82	320
281	182	866	487	345	94	78	336
294	179	937	529	331	98	82	321
230	175	990	543	319	96	84	335
220	177	988	471	271	83	88	340
200	175	972	410	187	66	75	320
225	157	993	387	182	66	80	332
214	133	971	330	194	55	78	324
226	135	964	312	184	57	75	293
213	137	965	352	189	59	74	289
241	135	961	400	233	70	89	319
244	133	902	357	248	70	83	320
239	132	868	350	236	78	104	320
231	124	822	389	230	80	105	363
240	118	967	418	223	79	106	379
222	127	917	399	191	77	97	395
191	133	884	440	188	78	96	387
202	134	889	497	222	79	78	386
227	139	903	478	230	84	77	335
245	132	721	407	227	85	74	337
239	149	833	446	212	80	72	284
239	140	871	407	182	79	95	337
253	149	809	353	163	87	97	334
247	152	827	382	171	90	96	338
223	155	779	381	166	89	98	320
261	177	747	366	182	92	104	377
246	196	797	403	210	99	85	298
230	203	797	408	201	102	79	290
263	245	821	430	217	100	84	340
278	257	881	464	223	106	90	348
255	248	855	468	212	106	84	282
283	233	893	507	209	109	91	325
287	253	989	557	202	96	94	335
243	227	978	627	241	105	89	284
216	288	977	674	272	115	83	266
201	325	1034	745	311	131	94	339
191	332	996	780	323	134	89	293
199	320	983	781	330	138	86	269
213	334	1063	763	314	135	96	306
242	348	1053	760	305	127	105	337
245	347	1109	712	276	113	96	282
226	362	1122	640	246	97	92	323
210	364	1078	626	239	95	98	356
220	359	1027	560	227	96	94	320
202	324	1091	518	224	92	84	281
199	360	1047	588	227	95	83	273
192	377	1072	644	266	107	85	296
198	409	1063	622	283	119	90	271
229	508	1036	686	280	111	84	328
243	581	957	686	263	108	83	337
250	587	893	577	250	103	81	346
393	768	851	635	255	103	92	408
639	838	911	766	415	134	121	437
711	835	906	900	445	147	135	436
818	850	1022	935	477	159	151	475
831	846	1021	994	498	167	159	466
792	704	1131	971	499	167	154	370
622	619	1162	953	385	133	126	337
526	649	1144	867	376	129	114	313
344	613	1077	975	432	150	99	244
321	640	1086	959	421	142	84	240
296	630	994	962	411	141	78	232
286	668	955	979	420	145	74	255
341	599	1028	1017	430	145	84	285
331	676	1054	946	351	115	78	289
345	667	1090	976	353	125	91	291
360	672	1096	955	346	121	94	315
414	626	1129	993	326	119	101	314
588	632	1046	952	302	121	100	333
665	591	971	951	318	125	100	337
670	681	959	880	321	128	94	333
679	678	948	890	328	130	93	317
668	731	866	802	338	138	98	297
535	728	886	727	313	126	87	246
631	675	990	714	345	129	101	258
658	528	913	722	335	115	95	303
683	499	865	719	344	117	99	335
662	414	840	693	324	104	106	335
723	407	849	720	332	115	111	331
587	425	698	649	264	102	94	336
583	543	695	656	260	105	99	301
609	548	688	646	243	110	110	291
616	574	640	564	218	105	90	289
587	625	567	491	193	97	92	275
568	596	551	482	181	91	95	240
563	531	518	438	162	82	93	254
561	555	517	397	132	85	90	279
615	644	604	435	140	86	93	312
560	606	698	467	151	94	100	307
581	598	782	524	169	98	106	359
607	642	893	574	186	104	109	358
551	637	868	555	181	84	97	315
505	549	852	527	177	89	104	316
566	551	807	555	179	77	96	363
544	569	784	525	172	76	90	328
482	484	707	492	163	76	89	360
487	486	721	492	158	78	91	397
519	456	691	536	168	85	99	388
444	474	648	481	159	89	93	370
505	487	608	430	143	86	93	398
516	521	599	529	171	90	96	360
522	518	572	541	183	90	100	349
532	522	629	545	191	92	98	379
532	522	629	545	191	92	98	379
544	569	784	525	172	76	90	328
482	484	707	492	163	76	89	360
487	486	721	492	158	78	91	397
519	456	691	536	168	85	99	388
444	474	648	481	159	89	93	370
505	487	608	430	143	86	93	398
516	521	599	529	171	90	96	360
522	518	572	541	183	90	100	349
532	522	629	545	191	92	98	379
495	496	644	573	196	86	98	349
472	486	631	561	193	86	96	325
490	515	645	549	194	88	93	356
473	488	675	534	184	83	86	321
450	479	678	542	184	75	72	332
510	498	728	522	175	73	66	367
481	592	723	536	180	70	65	365
434	577	765	434	142	56	58	352
411	584	734	426	140	60	60	383
339	634	695	410	122	52	55	328
258	607	650	507	158	55	55	305
204	564	708	520	159	56	52	303
426	608	718	531	169	71	88	326
429	607	746	520	167	70	87	296
463	562	720	502	166	72	86	407
460	543	724	451	148	70	85	400
503	478	662	433	146	70	88	391
341	381	547	427	141	55	45	410
405	380	522	469	148	62	53	487
415	352	628	456	143	61	56	417
481	349	645	493	143	67	63	414
516	405	687	487	142	68	63	432
557	475	690	468	136	64	65	415
523	488	720	431	128	57	62	368
515	585	730	500	143	62	60	384
454	602	727	381	115	55	56	383
391	594	682	469	141	64	56	390
387	532	697	512	174	75	54	396
411	536	644	521	182	76	54	371
459	480	557	518	190	74	54	337
467	452	472	554	198	78	54	342
478	412	507	601	207	80	58	318
438	423	523	573	179	75	68	301
434	436	550	582	178	78	70	285
342	487	633	569	163	75	70	266
342	537	655	541	158	74	75	259
334	577	668	412	127	66	74	283
362	575	739	418	133	64	66	272
401	566	791	394	133	57	64	348
409	474	884	339	143	60	74	414
485	467	891	361	146	61	74	432
481	404	940	351	141	55	70	425
462	400	882	369	142	58	70	439
426	384	881	358	135	62	72	409
550	458	754	368	146	67	84	469
491	442	782	333	154	67	80	498
558	444	754	334	152	70	94	495
577	418	854	329	145	69	98	484
575	401	875	348	152	71	107	501
515	325	954	309	134	64	106	537
547	325	983	366	137	69	122	610
540	291	1006	421	149	68	118	674
622	314	996	440	168	76	128	809
648	336	1044	496	166	82	180	951
665	371	1001	521	179	118	239	928
749	337	1011	588	181	186	297	946
819	393	1040	663	207	232	373	934
814	390	1062	657	217	253	394	862
824	416	1063	680	239	260	439	832
787	479	1086	693	241	249	425	859
675	521	1074	635	232	210	396	807
582	504	1085	555	222	163	331	819
549	585	1058	604	216	136	322	846
479	673	1031	612	247	145	242	723
480	662	967	611	238	145	213	711
527	711	936	730	273	157	194	685
577	776	872	811	313	171	189	737
549	745	889	802	319	166	158	649
577	672	877	772	297	159	137	645
676	648	979	774	297	168	165	616
709	636	1034	682	272	153	164	634
657	559	1062	592	207	134	162	617
661	602	1052	614	209	145	169	653
660	576	1026	635	207	134	158	623
605	578	1026	624	200	121	122	590
692	575	1022	686	196	120	122	563
747	598	1034	692	202	125	116	468
737	545	957	686	192	110	98	424
814	559	995	657	166	106	111	453
783	588	900	668	164	105	110	424
643	561	873	619	159	94	100	472
585	516	776	633	166	82	93	421
602	507	835	583	148	77	93	437
539	523	720	573	149	71	77	460
550	555	742	667	182	67	77	441
596	515	634	644	178	64	79	419
614	567	692	596	159	78	99	442
705	576	604	661	168	108	130	495
688	544	678	669	174	112	133	462
700	446	736	612	171	121	142	515
766	487	756	585	171	127	150	518
725	590	763	697	223	138	144	504
699	565	804	649	233	130	136	528
788	561	802	619	225	130	166	597
801	575	783	614	214	132	173	577
740	582	967	629	215	130	165	543
815	409	1077	516	161	112	173	561
746	407	1051	460	125	91	157	500
648	476	1112	535	136	86	124	499
660	460	1101	495	133	75	108	488
657	413	968	535	140	71	113	485
606	420	774	612	151	64	95	505
711	471	779	691	166	79	103	510
707	439	722	645	156	76	97	436
660	429	795	622	142	69	91	462
650	439	952	639	162	79	94	569
656	461	977	630	167	81	100	588
696	413	952	563	158	70	99	586
722	394	910	622	166	69	98	604
736	411	814	638	172	70	111	641
747	371	621	579	147	54	103	575
733	335	661	544	146	62	115	604
653	390	719	547	147	65	120	639
627	388	740	523	161	75	134	727
603	377	698	497	157	77	124	672
570	385	708	517	162	82	123	692
562	390	693	442	150	81	115	658
505	314	696	440	147	76	100	639
660	383	734	414	139	75	89	513
676	392	746	426	138	72	87	556
787	382	740	447	153	80	106	585
778	380	730	445	145	79	98	573
776	399	779	486	156	88	122	670
652	361	756	462	139	85	121	665
768	424	772	447	138	92	145	713
666	425	826	383	106	84	135	669
706	427	796	376	110	83	140	682
715	412	745	282	88	72	120	599
714	368	729	267	93	74	127	654
619	264	737	276	96	73	128	660
695	252	746	292	106	79	137	673
661	237	788	287	99	78	135	707
619	253	823	282	102	84	140	665
638	237	825	267	100	89	139	683
600	230	799	254	101	82	113	615
492	244	825	254	105	79	104	569
500	266	818	257	104	77	106	523
531	239	757	257	109	82	114	552
518	252	788	279	110	87	111	502
530	267	855	286	108	102	131	539
561	241	812	242	95	100	125	593
531	238	855	236	97	102	118	563
553	226	862	229	90	96	113	560
533	203	806	211	78	80	108	596
582	227	788	198	82	64	89	538
584	234	693	207	92	66	94	576
585	259	652	294	105	73	113	617
621	276	654	306	104	79	118	611
592	287	658	302	103	80	114	561
534	258	654	313	94	75	109	585
548	257	666	342	91	69	103	492
544	216	623	276	74	63	94	476
470	222	631	289	91	70	87	484
463	212	606	299	97	75	100	492
487	237	549	295	110	77	105	535
398	233	646	271	103	74	104	543
404	261	641	297	119	73	96	533
376	258	614	313	124	58	87	495
402	261	590	349	128	60	80	493
335	263	606	338	121	56	70	390
348	272	582	350	124	62	68	383
356	270	578	339	115	64	66	450
341	274	607	325	100	61	66	476
325	284	691	282	101	55	52	443
375	264	734	288	103	69	62	511
409	274	675	315	101	69	66	510
379	248	717	364	105	72	69	419
370	227	668	378	108	71	65	398
402	265	698	511	164	99	100	431
396	310	669	540	170	93	94	351
362	295	665	539	180	96	90	341
343	296	657	511	178	91	91	368
383	310	682	547	185	100	111	398
369	278	589	512	166	82	92	353
330	229	560	490	164	81	93	349
334	249	653	514	166	88	110	458
371	244	643	507	166	94	112	459
388	254	686	481	172	95	98	456
363	246	696	413	159	90	92	444
361	259	753	425	170	98	99	507
393	228	696	361	162	89	98	472
406	240	780	349	165	85	99	489
361	222	848	322	158	76	97	458
403	236	847	296	146	77	98	490
442	244	785	290	130	64	92	446
396	256	875	356	131	70	72	395
353	252	823	400	133	73	72	357
358	242	778	401	139	82	88	400
320	212	784	392	137	84	93	413
263	196	863	430	139	90	92	392
269	219	800	386	136	87	95	373
360	223	863	395	150	100	103	376
398	234	885	372	144	96	95	417
378	252	977	456	165	92	89	379
375	331	964	459	181	89	93	387
377	347	973	494	192	87	93	408
294	346	871	450	173	74	78	385
227	335	816	500	182	84	76	295
249	331	770	480	181	92	82	347
243	241	754	439	162	93	84	385
250	215	774	374	150	96	92	377
280	214	772	392	156	93	93	382
299	223	832	333	140	81	88	410
277	234	903	237	111	68	86	367
285	243	955	325	124	64	82	335
269	224	964	329	120	55	76	353
245	232	990	315	113	49	84	355
201	240	974	341	114	56	84	316
208	253	975	394	123	68	78	297
249	245	939	311	113	69	76	283
250	261	890	319	109	69	80	250
226	262	918	313	108	74	65	221
244	272	934	279	101	66	62	239
255	301	953	243	93	61	61	289
251	295	896	238	82	58	62	296
249	274	886	225	82	56	59	310
284	287	926	230	77	56	60	315
299	283	872	275	80	61	66	295
340	227	757	252	74	57	65	277
329	245	798	273	74	69	91	328
328	243	797	286	79	72	89	306
318	213	836	327	86	67	91	305
349	223	880	364	97	64	92	332
303	221	872	384	106	65	91	320
274	205	827	366	107	67	81	256
274	226	889	389	111	62	80	296
284	280	796	381	111	66	82	362
210	282	821	355	108	67	76	350
195	280	842	338	101	66	82	346
219	285	884	338	105	62	71	380
214	269	860	311	97	63	67	344
172	236	859	327	98	63	64	264
181	206	796	289	91	62	65	307
208	210	746	295	92	62	62	329
179	208	780	308	90	52	54	374
243	216	792	318	91	59	66	419
247	215	783	291	90	58	63	422
248	231	772	285	84	57	63	387
225	221	788	258	77	61	63	366
226	223	776	259	73	66	79	323
176	244	701	288	84	61	77	308
180	228	727	292	80	59	77	310
246	220	678	288	81	61	90	391
262	252	692	336	96	64	98	403
293	254	647	329	98	60	91	373
296	245	711	282	86	62	86	384
329	231	619	260	83	68	95	414
281	218	652	276	86	67	82	333
269	187	569	222	82	71	86	355
314	195	590	256	81	71	82	437
296	189	515	276	83	69	85	395
257	187	511	277	88	62	77	369
306	183	523	259	91	72	87	381
331	174	589	277	93	64	86	386
297	163	644	260	94	62	88	316
309	158	654	254	95	62	84	335
302	165	728	259	93	61	84	337
248	171	714	253	86	49	82	383
237	180	698	266	77	41	67	387
184	190	604	253	71	40	64	367
167	182	571	239	64	38	65	360
169	175	493	298	84	49	65	366
182	171	467	304	90	51	61	307
157	188	509	281	87	54	61	250
160	170	744	280	87	54	60	268
224	162	781	287	95	64	70	380
274	202	924	220	75	60	72	410
265	228	961	271	82	58	66	455
332	222	934	265	80	56	75	514
343	230	828	268	81	56	74	496
408	233	862	327	96	57	74	437
415	229	718	334	104	58	76	418
416	205	726	308	96	55	78	357
362	232	813	322	102	58	66	282
447	242	787	333	105	65	88	480
374	247	823	314	97	61	85	502
335	225	855	309	91	62	83	494
358	237	906	310	96	71	91	536
386	205	825	308	94	70	92	547
274	193	812	299	97	66	75	388
283	212	843	272	99	67	76	470
287	215	810	259	98	64	72	467
255	205	687	247	97	58	62	426
219	194	660	245	102	57	58	416
218	180	701	233	96	55	55	427
190	138	538	217	79	48	50	336
190	122	543	219	78	50	55	348
190	138	570	266	82	54	65	365
218	171	671	282	76	50	68	358
221	181	583	282	79	53	73	341
208	184	586	273	87	55	71	308
197	204	692	283	89	53	69	308
220	190	721	256	95	57	57	288
187	156	726	213	98	64	65	287
183	158	756	201	94	62	60	303
179	174	860	208	89	59	57	387
205	158	758	183	86	56	55	366
173	161	830	198	75	51	68	368
166	197	745	220	75	43	61	359
244	201	726	229	80	48	65	359
254	190	594	231	80	50	64	273
240	186	588	234	84	56	66	278
245	185	441	205	79	53	55	267
293	154	453	206	85	64	64	277
257	145	467	189	80	60	61	322
252	149	483	181	86	61	64	283
252	149	483	181	86	61	64	283
