0	1	2	3	4	5	6	7
152	466	731	722	701	188	73	113
144	459	736	729	750	205	80	113
167	524	803	740	814	252	87	111
165	553	783	746	908	313	91	100
168	538	785	880	1082	344	101	97
165	540	826	1003	1164	416	111	98
169	564	847	1109	1219	476	124	106
131	524	778	1200	1265	474	123	94
135	512	835	1177	1197	436	114	100
146	505	784	1112	1043	412	106	110
152	606	726	1003	1080	348	102	127
155	673	704	892	1044	257	88	121
161	639	728	877	916	205	77	126
148	649	775	827	909	212	79	115
135	684	767	782	880	210	85	112
123	622	772	743	662	174	71	91
120	554	780	698	566	155	64	90
114	621	775	507	554	148	66	92
109	645	654	469	445	117	62	89
111	660	685	414	414	103	54	86
114	608	682	399	374	90	52	94
118	610	671	414	208	81	50	99
126	549	709	439	171	78	52	89
115	514	701	449	150	82	53	91
114	457	729	445	125	77	53	91
112	512	773	446	120	78	49	85
110	476	846	490	120	79	54	75
101	477	823	482	131	80	51	87
101	487	812	476	128	78	52	107
99	463	747	449	126	79	53	105
102	453	756	435	122	77	55	105
97	454	666	472	134	84	61	112
91	498	644	462	122	80	61	106
98	452	658	452	117	74	60	91
106	462	663	502	127	75	60	90
100	426	675	551	137	75	56	89
89	411	645	422	106	63	42	83
88	340	645	421	106	61	41	76
88	370	794	542	133	64	38	64
90	402	814	550	125	60	40	67
113	452	742	518	118	56	39	86
116	452	733	513	119	54	42	86
125	474	739	615	127	55	41	97
144	542	613	584	114	60	44	112
137	558	621	582	118	60	46	111
125	517	598	576	119	64	49	102
126	523	610	583	117	63	46	113
120	546	761	599	137	75	54	104
112	539	813	711	176	85	65	95
117	483	759	673	173	84	62	98
120	501	750	679	174	82	66	112
134	616	807	734	178	85	69	111
138	577	673	712	177	79	66	114
125	566	573	572	132	65	53	112
131	581	575	572	129	67	58	116
127	572	631	562	129	71	53	109
115	487	598	503	128	70	55	121
117	518	689	415	101	63	51	129
117	459	696	368	95	61	52	131
106	513	790	444	101	56	45	124
107	520	809	509	112	63	51	116
105	479	879	503	107	61	44	103
99	449	869	501	110	64	46	101
114	448	915	505	106	59	45	110
118	422	887	464	97	58	46	120
123	403	845	374	73	44	40	131
125	443	809	365	79	46	43	127
125	418	803	404	82	47	41	123
113	468	786	442	94	49	43	120
108	564	770	453	109	57	44	108
102	581	854	498	114	58	43	101
109	541	813	485	110	56	42	103
102	547	709	418	100	53	39	117
96	517	676	461	107	55	40	110
100	421	672	421	93	48	39	110
118	471	536	389	95	48	41	105
105	476	551	508	113	56	41	105
109	476	543	520	120	56	45	84
108	513	508	460	109	52	42	85
107	511	470	485	112	50	41	107
109	530	488	489	108	48	38	103
125	529	455	368	86	37	37	120
127	549	512	349	79	64	33	120
128	564	522	324	71	67	34	129
124	569	537	272	60	72	35	112
100	521	561	293	60	74	35	124
95	568	569	288	60	74	37	108
110	553	539	301	63	52	41	131
123	598	534	363	80	51	41	123
132	559	482	384	84	49	41	124
143	563	444	344	84	48	45	118
136	540	379	352	87	50	43	122
125	551	414	362	93	51	43	110
132	531	423	292	86	55	43	123
123	533	424	255	79	50	40	131
118	561	417	243	75	52	37	124
114	541	533	266	76	50	40	123
111	539	496	233	67	49	38	134
85	473	535	229	55	42	37	139
86	466	520	223	56	47	37	141
78	412	574	247	57	45	37	144
80	490	506	251	67	53	38	136
87	541	511	262	73	60	38	123
92	531	477	296	83	65	39	146
91	525	480	309	84	63	40	137
88	509	389	285	81	62	40	136
87	431	451	359	86	60	40	145
77	366	446	388	98	78	40	143
97	363	434	361	95	78	40	116
97	371	436	370	98	104	39	117
114	352	458	395	106	120	41	134
124	367	426	293	96	126	42	126
126	373	434	268	81	120	43	129
115	355	426	291	77	117	41	119
113	336	427	270	75	98	41	134
112	365	445	240	69	79	38	119
100	393	464	265	69	67	34	121
99	376	450	237	66	53	29	123
98	397	440	202	65	58	29	119
165	433	467	212	65	62	28	101
168	422	469	259	71	58	32	104
172	471	424	230	65	54	33	95
178	474	500	260	67	53	34	108
177	502	533	255	66	45	35	110
120	524	512	252	70	39	40	118
98	526	555	243	66	45	38	109
98	469	531	245	77	50	39	120
81	482	442	211	74	49	39	120
89	412	424	272	89	53	41	153
90	364	443	274	87	51	36	235
101	345	353	254	85	48	34	256
102	396	387	276	81	45	31	256
109	416	443	293	85	49	32	250
112	437	400	250	75	45	31	233
111	458	370	236	72	41	31	141
102	495	419	231	67	41	32	101
102	552	400	218	66	43	34	99
102	536	415	190	61	47	35	97
91	521	432	188	51	50	33	88
99	527	456	221	54	53	35	90
113	507	499	282	83	58	38	96
110	447	531	288	84	60	37	94
116	422	523	287	86	85	37	92
119	470	537	288	90	141	40	99
119	444	550	298	97	203	36	103
109	540	509	251	82	211	36	98
108	505	487	243	78	211	36	96
103	521	464	254	76	203	38	98
102	556	446	273	83	168	36	101
91	557	427	255	75	81	37	97
98	463	405	266	64	52	35	107
98	457	385	304	70	47	34	114
93	469	417	324	78	44	33	112
90	450	496	334	75	47	34	107
90	550	573	345	82	54	36	105
85	557	605	381	86	54	42	126
90	553	766	531	108	63	43	117
95	542	788	605	125	69	44	132
101	564	785	747	166	81	49	148
111	538	789	771	174	79	50	162
116	527	909	871	203	87	55	143
112	520	824	793	199	85	58	148
121	663	823	770	199	82	60	134
132	623	874	746	211	94	66	120
136	626	879	766	225	106	74	132
138	643	809	650	214	106	71	132
151	692	869	708	222	109	72	131
141	619	869	692	220	112	69	131
129	646	844	567	178	133	62	142
118	597	775	498	161	267	58	138
107	607	804	495	159	285	56	141
98	605	809	462	154	287	53	142
101	566	876	457	168	290	56	153
104	535	863	475	177	289	55	154
113	606	908	512	180	173	50	150
113	615	868	581	224	144	52	154
111	612	840	623	268	140	61	158
108	626	838	621	268	155	63	150
103	624	830	609	260	130	61	140
96	604	880	680	264	125	64	136
102	624	892	630	215	117	63	121
116	606	820	595	160	118	59	120
119	588	826	610	148	111	60	129
122	708	824	636	150	141	64	141
126	697	848	589	141	148	70	135
144	677	794	548	145	154	73	157
129	659	796	547	133	152	73	152
135	668	706	668	148	138	75	152
135	535	668	665	148	100	74	137
139	547	686	687	161	92	70	132
122	530	661	704	163	80	63	106
127	596	654	653	155	96	59	116
134	570	638	535	142	88	54	111
142	688	686	498	141	88	52	110
140	665	541	472	127	86	47	111
133	652	539	447	129	87	52	117
130	587	600	479	141	65	55	109
118	598	628	456	151	62	57	124
95	569	605	482	154	64	60	124
86	548	633	404	138	57	58	121
80	550	627	403	132	56	56	126
74	542	712	517	129	59	54	136
79	582	710	490	100	59	52	116
90	464	722	521	98	59	47	117
91	445	671	521	99	57	49	120
98	518	748	528	95	57	46	118
103	539	730	506	98	55	45	102
104	577	785	549	103	58	47	106
112	617	804	523	109	66	53	110
140	649	826	530	109	66	51	129
142	605	781	611	131	71	59	122
144	650	754	575	141	76	63	118
142	553	698	540	137	73	60	146
131	528	627	535	135	69	55	145
114	494	625	562	142	68	56	131
119	500	610	492	125	63	48	138
114	447	609	456	108	55	45	142
117	510	655	476	111	61	45	108
118	557	688	455	98	54	43	109
111	608	775	464	101	57	44	104
115	616	887	497	110	59	49	101
125	641	884	514	114	64	52	110
115	619	896	497	114	60	52	106
117	550	978	556	126	66	54	114
120	510	952	528	119	68	53	152
108	490	930	477	108	66	48	357
97	441	977	468	93	57	45	426
117	493	958	467	95	56	48	438
124	497	887	430	91	51	47	440
126	519	864	418	93	48	50	441
128	512	801	435	96	48	49	299
124	502	775	377	95	48	44	183
115	489	756	384	97	50	42	179
102	542	736	354	96	53	343	170
88	519	828	368	92	52	440	127
89	518	852	437	104	59	479	137
105	563	786	503	158	70	495	140
94	533	791	505	159	70	500	117
100	480	809	557	172	73	366	117
123	520	749	664	205	90	245	128
122	543	730	641	228	88	159	122
114	528	793	651	219	84	97	123
114	536	755	654	221	86	70	116
122	556	760	626	228	88	69	111
111	546	821	524	204	73	52	101
105	516	858	594	184	76	51	93
109	535	837	690	191	87	52	83
105	568	870	691	185	84	50	73
111	563	857	685	170	76	54	83
103	512	786	698	173	74	54	82
124	525	833	627	159	67	52	96
122	488	808	504	130	49	52	91
126	488	864	507	136	49	55	91
110	464	842	490	129	55	53	82
106	510	865	505	117	59	53	83
83	522	817	535	131	61	52	72
72	507	786	494	115	59	48	84
85	432	678	464	105	59	42	87
187	436	709	468	102	54	37	84
251	472	685	494	103	55	40	81
271	456	661	464	78	56	37	80
275	503	685	465	79	56	40	75
271	497	739	504	83	56	42	87
216	528	743	526	88	57	44	86
140	471	715	468	84	49	39	88
95	499	654	448	86	49	40	89
94	460	609	444	85	51	38	89
109	485	627	530	118	58	42	87
111	516	578	531	119	60	43	86
118	600	592	569	133	67	48	87
119	560	571	558	134	64	48	90
115	546	584	605	142	62	50	90
98	555	540	515	123	62	52	82
92	550	527	488	120	101	51	85
82	507	453	407	106	98	47	116
92	517	466	406	104	104	45	129
99	558	522	334	92	103	44	131
97	627	458	312	80	102	36	130
100	587	457	282	70	61	33	131
94	539	446	260	60	60	33	110
103	562	586	324	76	50	34	98
93	544	614	300	72	53	34	91
99	444	624	299	77	50	38	105
91	457	619	310	78	55	39	112
92	454	689	320	80	53	38	122
82	408	663	362	81	57	41	124
96	413	593	394	87	59	45	129
97	469	589	405	85	66	41	119
105	457	609	408	87	63	41	137
109	526	645	431	94	72	45	122
105	551	685	383	91	69	42	116
101	581	708	385	94	70	39	112
101	520	698	370	94	62	41	113
104	523	678	375	95	64	40	103
102	604	725	411	97	58	44	101
97	611	670	401	93	59	50	103
89	603	700	389	88	51	52	105
80	608	720	390	85	48	55	110
66	607	748	430	91	48	53	108
60	574	641	434	95	49	49	115
75	564	578	417	94	56	43	130
96	673	547	396	95	58	37	128
97	675	531	395	95	60	35	134
110	702	541	372	88	58	36	116
146	690	577	364	84	55	35	110
146	712	603	365	81	45	37	98
150	575	591	367	82	46	39	101
156	588	589	406	89	52	39	97
155	597	548	385	94	59	43	101
129	501	531	381	93	58	44	117
126	488	492	388	98	62	41	106
109	505	458	374	93	63	39	122
108	494	494	350	89	56	42	126
121	470	543	393	89	49	41	130
114	457	539	370	84	48	40	134
109	443	545	354	75	48	43	152
112	449	561	370	79	47	44	149
106	493	539	353	77	46	41	144
93	500	503	296	67	47	37	147
107	571	432	246	62	48	36	136
113	625	491	228	64	43	37	118
116	640	467	215	66	46	37	101
116	618	512	199	70	46	35	97
107	668	580	237	74	44	37	92
96	652	589	276	89	47	38	91
96	639	528	290	93	46	41	91
92	630	510	278	88	46	42	101
94	610	472	301	86	55	41	97
93	592	449	273	82	60	40	92
96	615	533	269	67	61	39	93
98	593	531	262	67	62	33	107
92	572	567	261	64	147	32	114
91	578	548	247	63	152	37	112
96	535	487	327	89	151	40	120
93	465	394	326	91	155	43	123
83	452	404	330	85	166	44	117
212	450	383	327	85	128	45	121
235	561	403	324	89	129	45	127
236	544	405	255	66	127	40	120
257	559	400	209	63	123	38	122
270	583	386	199	66	111	41	141
189	611	472	199	68	74	40	134
155	541	461	202	64	53	35	126
157	518	453	222	80	55	39	135
125	501	470	245	79	53	37	143
101	517	571	268	82	44	36	132
101	494	525	278	89	40	34	127
113	477	543	282	89	45	40	138
109	489	570	265	79	44	39	137
104	474	535	252	79	48	41	124
103	474	426	267	83	47	38	107
104	487	424	269	79	50	41	103
105	574	377	252	76	48	40	137
106	632	343	234	70	44	46	168
100	638	341	233	77	73	43	166
97	579	415	204	83	105	48	179
94	575	386	269	134	118	55	180
93	504	490	510	167	121	61	157
89	427	487	546	171	125	58	110
91	484	557	583	190	119	61	109
100	534	555	646	203	102	63	101
96	553	665	623	177	87	55	107
92	533	659	457	159	83	48	104
99	581	726	453	170	79	48	116
105	544	743	469	161	66	47	118
96	517	773	482	162	57	43	113
97	550	721	557	243	58	46	108
107	643	696	580	245	67	51	109
104	696	713	567	237	67	51	121
108	700	699	549	231	66	52	136
110	774	781	515	240	67	49	132
116	718	827	557	175	95	49	133
113	655	869	645	179	161	52	127
116	555	913	751	202	188	57	226
110	548	983	792	227	253	69	233
115	460	970	799	254	265	77	246
113	501	924	819	259	266	81	256
115	516	982	882	279	240	85	270
116	501	942	835	302	228	82	183
126	494	932	857	306	173	75	165
124	496	841	894	291	158	67	142
127	478	872	877	308	146	63	125
116	484	794	767	432	146	59	112
117	486	745	729	428	137	63	122
116	550	661	661	415	127	66	130
117	525	698	565	408	126	66	132
120	516	703	528	422	383	70	169
120	490	676	506	309	472	65	160
113	577	702	560	328	509	63	154
102	516	746	560	342	513	63	147
98	525	757	669	343	518	68	154
90	550	723	660	304	369	64	117
92	574	704	677	324	245	67	110
102	518	711	730	334	163	70	107
105	540	688	709	389	143	70	119
101	542	715	654	391	123	67	112
99	589	736	708	392	133	69	105
95	549	731	731	432	138	69	104
95	568	747	638	471	132	65	107
89	546	766	657	435	146	59	90
103	550	747	653	621	186	66	95
102	445	697	550	636	200	63	115
109	485	764	503	611	198	65	125
102	458	730	645	577	192	65	127
107	457	715	668	641	185	73	131
96	465	705	670	526	162	71	132
101	516	796	816	548	156	76	118
94	481	792	848	681	174	74	107
99	488	830	764	678	180	77	105
90	492	865	732	615	182	72	99
91	449	834	721	754	205	71	94
101	456	829	701	911	299	90	102
114	471	806	905	943	335	101	112
108	427	787	909	970	343	102	112
117	441	715	914	981	342	102	113
114	439	756	909	872	328	101	108
101	447	689	813	712	241	82	107
105	463	766	543	580	181	67	101
209	528	756	569	525	165	64	97
258	555	757	581	599	199	75	99
270	586	735	680	716	208	74	105
269	570	859	703	713	212	74	112
263	534	776	715	744	232	80	112
192	520	741	706	906	261	85	109
112	495	790	711	957	267	82	112
86	565	786	692	888	287	92	119
85	547	667	654	869	284	91	104
109	579	697	706	994	326	107	132
127	568	747	707	981	326	107	138
129	564	683	777	928	307	101	132
134	453	689	710	950	287	94	135
134	527	739	724	985	286	97	141
120	532	758	663	817	240	74	113
100	551	728	639	686	211	69	106
98	586	744	541	629	198	68	106
90	637	755	540	586	180	65	90
102	589	674	538	515	172	64	77
98	583	648	505	453	120	63	75
93	551	789	510	377	106	58	74
107	542	811	510	326	99	59	79
107	481	786	465	188	90	56	82
92	440	782	451	184	87	56	81
95	428	759	469	186	78	50	79
101	510	599	434	185	78	52	75
101	502	544	422	178	75	54	69
98	517	544	460	164	75	51	65
98	524	551	454	153	80	50	71
98	549	589	519	128	78	49	82
89	498	703	652	160	83	57	88
76	529	779	738	177	89	77	92
78	504	761	730	175	88	83	100
100	506	764	719	166	81	83	103
96	520	755	666	161	74	82	94
102	479	650	540	131	62	74	94
95	465	555	483	109	50	49	94
95	491	548	458	107	48	36	93
78	480	507	461	104	45	36	101
82	422	527	524	126	62	42	101
83	450	513	502	124	63	44	100
86	396	513	422	116	66	47	100
89	413	533	475	123	68	53	98
89	478	570	524	136	76	54	96
88	456	499	484	114	68	52	109
89	444	505	490	113	68	52	111
88	499	578	537	124	64	53	112
83	467	590	508	114	65	48	110
83	475	572	485	103	56	45	116
78	519	593	443	96	48	43	103
66	525	585	433	94	46	41	105
69	582	547	519	132	59	50	114
71	572	569	515	129	56	52	110
66	520	569	490	126	58	50	100
68	501	584	523	132	61	50	110
77	518	622	544	137	62	54	110
74	427	579	431	84	49	43	94
78	490	569	542	110	57	45	103
88	492	568	625	124	56	44	105
98	487	521	612	124	55	45	109
103	503	554	646	137	63	47	105
110	466	590	683	147	67	48	111
125	428	701	759	176	80	61	119
123	464	705	685	166	79	67	148
123	464	729	706	167	79	69	142
117	415	692	687	157	75	65	138
113	495	661	659	153	71	65	136
101	494	491	495	106	53	51	127
113	484	479	522	116	56	44	89
114	513	523	618	147	64	51	99
118	605	556	643	154	68	53	101
123	566	583	669	161	75	57	113
126	588	584	636	156	72	57	118
122	613	661	661	160	73	58	114
118	657	661	565	135	68	50	100
122	600	668	651	187	80	59	101
117	590	754	629	183	78	57	91
117	554	757	637	183	77	57	93
111	540	746	586	174	73	60	97
119	516	715	711	213	85	68	110
115	521	650	568	160	71	58	114
113	509	562	546	157	66	57	108
104	525	595	615	163	70	56	103
100	524	595	634	165	72	52	100
88	468	595	451	99	52	38	88
85	452	627	508	103	48	38	92
82	494	700	506	99	48	37	91
88	639	671	423	87	43	38	87
100	605	708	407	91	46	39	86
104	673	684	414	89	43	38	107
101	659	676	367	89	41	36	120
106	628	570	399	90	44	36	122
101	498	601	397	90	46	33	129
95	569	714	463	86	42	33	141
89	498	830	466	83	43	33	131
91	502	824	459	78	43	34	111
85	533	824	412	71	40	33	114
92	540	817	421	78	44	38	117
92	470	651	446	105	53	42	102
95	470	560	516	129	60	47	108
94	501	612	530	137	64	47	114
96	484	689	529	141	65	46	119
87	511	724	552	141	62	43	111
81	544	723	471	124	60	40	110
76	520	674	368	104	58	37	107
79	536	654	425	104	55	39	103
83	628	698	473	104	59	40	105
85	598	743	444	106	64	41	101
92	565	764	470	103	60	41	113
94	594	801	498	102	56	40	118
102	593	839	540	107	63	51	139
96	505	770	548	106	61	51	142
103	503	741	560	102	55	52	151
100	515	757	542	105	57	54	145
95	509	737	564	110	60	56	136
93	459	713	510	105	55	47	128
102	420	752	471	110	54	45	124
109	527	695	489	118	56	49	115
104	531	698	492	160	57	48	116
106	564	723	446	172	55	46	121
95	595	756	392	190	55	43	112
92	599	722	442	218	65	47	114
78	533	796	427	280	72	44	113
87	524	777	473	325	78	47	112
84	485	846	466	340	78	47	106
88	456	826	533	341	78	48	96
84	536	838	536	343	78	48	83
81	487	837	570	312	82	52	95
73	542	902	687	420	111	55	95
74	540	862	814	537	156	69	98
77	537	810	799	555	177	71	104
82	473	785	882	559	182	73	104
83	525	754	849	565	184	71	99
88	518	704	893	522	176	75	102
99	494	633	890	427	171	73	110
96	477	728	937	547	190	80	112
100	500	826	920	590	207	94	114
105	445	837	976	625	233	99	106
110	442	798	925	660	238	99	107
113	443	820	869	637	220	96	93
114	460	883	828	574	195	89	89
101	448	833	737	575	177	72	82
99	466	779	646	553	134	60	84
104	456	776	507	441	110	52	76
96	485	747	501	469	103	46	77
96	517	587	522	504	114	53	75
100	556	526	522	445	100	54	75
98	574	546	593	431	107	61	75
91	570	559	617	501	120	61	80
87	546	617	606	497	133	64	84
89	602	645	637	409	125	64	85
94	542	620	640	402	124	62	88
93	533	606	585	369	116	57	87
87	547	593	576	265	102	53	85
92	546	531	538	202	83	49	80
99	519	545	456	137	63	44	87
96	529	557	436	115	63	48	97
115	562	597	505	128	68	51	102
118	514	614	513	131	77	55	104
122	563	770	658	164	77	58	112
116	494	761	640	163	76	57	112
117	488	760	653	167	78	54	109
104	456	736	618	162	78	51	112
101	477	776	625	153	70	49	115
86	410	659	459	121	65	45	106
87	452	608	451	117	61	43	117
85	470	597	500	125	62	46	127
73	436	596	475	115	58	45	125
78	460	486	405	106	53	41	124
104	460	412	375	99	55	41	143
107	400	420	408	99	55	44	147
114	411	500	341	82	47	40	147
127	451	547	458	107	51	50	149
124	485	551	476	116	50	50	160
109	479	554	470	114	48	50	148
113	507	556	496	121	49	49	138
122	585	597	598	129	53	52	127
118	560	551	559	113	45	43	127
122	511	543	545	106	52	47	110
118	520	536	591	119	58	46	111
115	510	588	557	111	59	44	102
100	382	522	440	103	58	44	99
89	393	511	413	99	56	46	90
98	454	504	413	105	53	47	106
112	475	555	371	96	49	50	112
111	594	552	434	115	51	53	110
116	589	501	425	110	50	52	116
121	586	477	387	108	54	53	130
110	570	491	386	100	51	48	131
97	579	584	382	95	48	44	123
97	509	568	287	73	47	39	123
92	644	551	266	67	44	36	119
87	649	588	265	65	38	37	109
90	625	648	308	71	38	41	99
91	616	576	325	79	40	40	98
105	708	727	437	101	42	43	122
113	646	757	462	103	42	44	119
118	726	744	483	103	41	38	120
111	740	768	472	101	44	35	115
120	747	790	502	101	44	39	139
110	712	667	439	86	43	41	130
120	797	712	557	106	45	39	131
115	709	716	554	109	46	38	126
140	825	685	562	111	47	42	132
139	841	733	616	134	50	40	114
148	800	708	656	142	53	39	105
143	735	689	558	129	52	42	104
166	762	935	621	144	58	47	107
151	703	968	690	164	64	47	104
157	716	941	619	148	64	48	110
163	759	936	577	146	62	51	113
154	699	1017	608	149	62	49	128
147	752	826	613	151	64	49	158
146	800	829	598	137	62	49	161
156	764	809	695	163	71	58	159
144	725	850	679	156	69	55	162
223	906	746	727	164	72	58	164
219	939	809	817	192	79	57	132
246	954	832	824	226	92	68	127
254	993	919	823	223	92	65	118
258	1017	954	822	227	94	67	106
203	908	985	750	222	93	65	89
232	956	931	735	212	93	74	98
220	973	935	753	194	85	67	115
291	1007	896	694	182	81	67	138
300	1030	875	796	198	88	71	153
314	1025	857	869	212	91	72	157
298	927	1065	799	212	91	63	157
321	855	1111	752	206	99	70	151
259	822	1147	870	237	104	67	130
245	757	1149	799	229	100	63	117
