0	1	2	3	4	5	6	7
367	314	926	572	133	57	63	287
389	388	934	719	171	81	75	328
401	414	848	720	172	84	73	332
419	445	821	730	170	82	72	351
456	475	854	717	175	84	79	351
377	484	892	755	187	83	77	351
369	486	922	746	197	70	68	336
439	522	987	722	197	73	74	346
448	487	999	682	197	82	78	327
426	458	952	662	192	79	71	319
413	448	905	639	178	80	70	296
426	397	872	552	141	74	69	272
486	364	907	527	140	74	68	264
530	367	883	625	151	76	64	291
557	388	933	702	166	86	67	287
603	458	1031	831	195	97	71	278
622	428	1077	895	208	100	73	269
509	402	1018	930	216	102	71	273
455	391	1006	866	205	97	71	289
428	376	1052	912	213	98	75	298
383	302	954	834	208	98	84	311
354	398	913	876	231	108	92	296
377	369	864	874	229	105	98	323
346	372	931	907	235	110	102	295
428	472	859	832	232	109	110	304
414	502	874	756	213	99	100	341
428	520	824	631	176	89	94	337
490	542	830	722	211	106	94	350
516	597	750	764	224	114	103	359
445	547	821	823	229	114	94	356
448	559	781	933	248	117	96	320
423	494	820	984	263	119	109	365
349	574	831	920	228	102	102	323
317	541	840	840	206	87	92	336
310	532	775	779	186	78	86	320
287	481	797	737	188	82	97	347
307	496	808	781	186	90	90	324
367	450	782	748	181	86	93	347
354	436	780	797	188	90	92	327
356	439	814	806	202	96	97	337
382	432	849	794	204	93	92	313
356	432	859	653	176	79	79	288
340	344	874	670	188	83	79	280
342	392	880	629	181	77	75	266
360	387	942	592	161	69	72	280
350	438	928	563	129	66	64	254
339	442	858	557	134	67	65	245
265	469	814	656	164	77	63	245
265	450	788	674	173	77	70	302
240	461	732	670	174	75	71	322
220	539	703	706	192	75	75	324
213	610	709	704	191	74	88	347
234	594	783	563	152	62	84	324
