0	1	2	3	4	5	6	7
84	322	490	498	180	60	41	62
66	328	577	576	190	67	45	67
90	343	550	570	182	61	41	76
113	390	530	550	178	64	43	86
116	367	551	535	156	64	47	86
119	314	555	574	146	63	47	87
131	326	515	513	143	57	45	90
118	319	534	566	159	61	48	87
106	273	522	628	184	66	49	75
106	287	489	642	190	64	46	86
106	278	484	583	181	63	45	91
89	250	436	583	170	62	46	87
89	249	396	534	155	58	43	89
89	241	410	531	140	55	44	87
86	208	411	509	130	56	43	78
81	214	300	502	124	57	42	71
80	238	333	503	127	56	41	73
79	248	353	537	147	61	42	61
108	235	358	456	129	56	40	60
111	243	407	487	135	53	40	64
111	237	453	463	129	47	38	63
115	232	461	441	126	49	42	67
118	239	469	424	108	43	39	68
103	244	481	420	117	42	37	78
109	235	445	348	104	42	34	76
114	255	416	344	104	46	34	84
111	257	380	338	104	45	30	86
103	249	387	297	102	46	32	89
79	245	376	339	102	49	35	83
82	252	418	373	110	52	38	87
74	295	436	440	123	53	42	89
79	280	473	432	117	53	41	93
78	264	455	447	120	53	41	90
97	259	475	428	121	55	42	88
92	287	465	411	118	54	41	100
116	265	494	361	108	51	38	92
157	263	492	379	117	50	41	86
160	265	494	362	113	51	40	85
155	279	449	324	102	43	37	91
155	281	448	323	98	41	36	74
139	255	498	316	104	46	39	73
89	258	497	305	95	44	39	67
103	254	524	349	105	45	42	75
115	255	561	371	104	50	44	71
110	236	598	540	141	61	51	69
105	211	515	544	139	61	51	75
107	218	533	599	142	61	50	78
91	220	513	571	131	59	48	83
71	228	502	567	139	56	45	91
169	207	456	421	110	45	40	97
176	210	494	466	119	43	37	94
174	194	500	392	126	48	41	95
174	192	499	404	134	51	42	89
171	163	493	472	138	51	43	76
88	175	497	497	138	54	45	68
72	165	503	510	137	55	46	86
73	200	482	518	138	57	42	90
71	199	485	507	134	56	39	84
83	212	477	468	131	55	42	97
90	287	496	487	135	56	40	98
91	300	473	458	147	63	43	91
123	286	473	448	137	58	43	96
129	317	505	461	138	60	44	100
125	306	533	482	136	67	48	105
117	246	512	430	130	62	46	104
124	298	566	398	102	53	42	109
100	293	532	384	105	58	45	124
94	263	543	394	105	54	43	137
99	299	529	332	97	49	36	131
97	282	558	303	90	49	35	129
89	210	520	291	88	46	35	127
82	225	537	287	79	37	28	102
84	247	494	293	80	39	32	86
72	206	553	286	82	36	35	88
75	218	552	327	92	40	39	98
104	252	601	389	105	45	41	95
118	269	667	423	116	51	43	101
120	256	719	399	116	52	42	115
123	300	721	439	115	52	41	110
120	301	692	430	106	48	37	101
103	306	618	428	114	53	38	108
98	320	620	436	103	46	37	114
97	319	569	454	113	52	38	105
118	310	498	434	119	53	41	102
125	332	558	527	169	69	47	105
125	381	610	492	162	63	47	92
121	385	610	460	166	68	51	81
126	428	662	490	164	65	50	78
113	423	705	481	160	63	50	75
103	412	740	371	105	46	43	70
100	436	739	347	95	45	41	67
96	427	691	342	91	42	40	78
95	426	686	277	75	37	39	94
92	420	636	350	94	48	41	100
95	449	584	399	111	52	44	103
94	386	600	406	115	54	46	106
90	477	612	413	112	51	42	99
79	468	578	407	114	54	43	120
77	465	605	357	104	53	41	149
72	480	553	280	87	53	39	149
72	472	628	270	83	54	36	150
71	379	649	275	89	55	35	149
83	396	624	291	92	52	34	135
92	384	669	294	87	43	27	99
91	320	746	326	93	38	28	102
93	308	672	344	99	44	30	109
105	309	693	455	119	51	38	123
106	231	730	473	121	55	41	123
110	272	715	461	117	54	43	134
127	266	638	492	129	60	47	142
146	278	631	494	129	57	46	146
150	268	671	539	150	65	49	144
149	287	700	523	146	63	50	136
143	273	673	527	147	63	49	126
137	317	699	498	134	58	47	130
154	348	664	548	143	62	53	143
147	350	549	396	98	49	49	137
155	356	456	391	100	50	47	136
154	367	482	390	103	54	49	141
180	327	419	413	108	58	49	131
183	321	463	390	103	54	43	110
188	364	538	412	102	57	43	112
191	368	542	414	106	78	45	114
189	401	545	423	112	83	48	106
173	432	623	396	107	82	47	113
150	405	599	390	104	82	45	103
155	357	522	373	111	81	43	95
162	410	578	389	111	67	37	92
175	358	586	386	104	58	30	91
165	346	634	386	128	63	32	85
163	364	693	367	135	65	40	105
160	375	859	475	150	66	41	110
159	447	872	483	158	67	46	114
163	448	902	499	176	68	46	119
169	467	830	490	179	63	45	116
164	518	784	489	187	67	40	109
157	518	715	474	221	69	42	127
159	410	677	476	241	64	39	119
140	422	668	529	239	71	42	121
139	424	693	536	252	72	45	121
149	370	732	527	251	68	48	126
161	374	749	598	255	77	52	120
169	381	881	710	246	86	59	129
189	378	900	856	286	101	68	130
199	382	944	869	279	103	68	139
189	391	955	915	282	102	67	131
199	410	882	859	280	98	67	122
180	402	801	854	287	95	62	124
170	402	784	692	264	76	49	127
174	390	839	765	322	78	54	115
186	432	823	746	350	89	59	117
167	431	880	711	344	83	54	113
164	416	878	668	344	79	54	110
153	430	868	655	356	80	55	96
141	442	842	680	310	82	59	109
125	401	807	748	341	90	57	106
130	413	762	757	342	93	60	119
130	405	725	769	340	99	64	110
145	461	717	813	325	105	67	121
136	444	644	803	324	103	65	114
136	467	723	730	290	95	62	118
144	497	757	810	298	102	66	119
156	525	748	783	335	100	63	114
155	482	773	733	319	91	60	104
154	499	768	647	330	92	58	115
173	481	823	727	398	88	62	111
157	430	852	666	388	79	57	97
142	400	826	631	364	78	56	108
127	365	806	636	533	118	65	121
118	357	887	722	559	131	66	107
86	314	810	680	514	138	67	103
88	306	792	766	563	142	67	99
84	321	843	792	567	146	67	89
112	340	859	831	461	131	70	98
138	296	770	742	543	134	70	109
140	305	763	704	544	143	71	118
146	285	759	621	521	143	74	124
147	262	746	596	516	148	76	130
130	254	668	525	534	139	66	113
104	253	645	549	425	126	60	105
115	243	623	575	415	109	55	126
110	235	539	568	380	109	53	129
107	231	500	564	381	95	48	129
111	205	585	566	329	96	45	129
115	230	596	563	425	130	57	126
117	223	605	518	448	147	57	94
128	223	603	503	460	160	69	93
157	266	574	503	492	190	75	99
156	320	481	483	481	193	77	101
169	292	460	474	416	171	70	114
157	301	417	475	464	172	73	113
147	321	450	445	472	157	64	109
127	370	540	565	477	155	76	105
117	353	542	585	473	150	75	98
115	355	522	585	437	150	80	89
114	364	606	592	337	131	76	89
118	431	627	646	294	131	76	82
106	395	572	544	214	103	58	72
110	372	663	580	204	108	61	76
90	393	663	577	198	102	57	72
94	391	629	622	193	99	59	81
89	400	690	611	213	110	61	80
92	392	699	661	200	89	59	76
101	402	658	620	297	102	66	101
104	391	650	608	304	105	68	105
98	377	657	553	305	109	67	96
101	299	603	576	317	102	67	97
100	283	632	517	335	109	70	103
92	259	615	512	248	96	61	83
96	256	752	516	260	94	59	82
107	321	784	581	321	96	58	89
105	309	782	507	342	102	53	91
108	308	744	483	323	99	48	90
102	308	731	484	347	93	50	87
108	336	599	483	338	99	52	84
98	288	534	360	284	94	51	77
112	271	480	352	279	89	52	101
108	263	525	329	331	86	50	98
117	260	543	362	325	92	54	99
107	248	572	345	315	81	49	98
115	300	642	469	321	94	58	101
98	364	709	521	274	84	55	76
107	442	683	581	207	84	58	80
98	494	740	657	183	82	53	73
93	512	795	747	199	90	56	69
91	483	775	694	181	73	50	72
99	477	773	698	184	74	52	77
90	421	783	685	178	69	49	77
91	380	704	581	166	61	45	78
89	401	715	490	143	52	42	81
81	407	672	485	135	58	38	84
72	366	647	438	139	58	39	79
67	351	643	392	176	66	42	78
68	356	670	423	183	71	45	83
73	310	626	421	187	74	50	89
74	280	595	412	192	69	54	80
72	269	545	386	230	79	50	77
79	271	574	372	300	86	53	91
86	249	599	361	351	109	60	86
81	258	568	383	358	120	63	79
79	267	586	405	377	124	62	77
81	259	597	410	388	126	64	83
81	287	666	562	351	123	62	68
70	276	641	572	326	123	55	67
80	259	639	625	332	116	51	68
82	248	665	620	315	118	51	77
80	278	677	712	303	123	51	74
76	255	653	644	278	119	52	74
80	307	773	718	265	111	57	74
78	305	834	702	258	118	57	73
82	309	802	702	323	127	56	76
103	306	808	684	304	121	59	101
106	320	816	679	290	121	61	101
107	277	686	622	277	120	61	106
136	277	632	624	298	117	66	119
135	276	642	621	228	107	68	118
122	248	611	525	272	102	63	98
127	223	569	478	302	106	62	106
125	217	571	523	351	106	63	105
96	176	563	437	331	97	56	89
109	183	608	423	328	91	52	83
109	196	574	437	312	93	54	82
102	189	605	480	295	94	55	76
109	232	703	448	292	109	61	68
105	299	738	531	332	116	68	73
94	288	721	565	395	123	74	87
93	285	759	592	395	131	76	85
91	304	790	614	534	143	75	87
82	274	747	588	503	123	66	98
85	245	733	559	493	120	60	100
79	260	707	582	597	138	60	86
75	267	688	570	596	127	54	86
83	250	638	544	521	109	53	82
90	336	679	593	579	117	62	82
87	311	631	585	575	116	63	79
91	303	658	553	457	93	62	81
94	319	694	617	480	126	70	82
88	332	729	614	467	125	72	85
87	248	765	642	464	124	67	76
80	283	822	709	583	133	71	74
82	290	844	701	598	128	66	76
87	264	874	689	736	134	69	95
91	304	890	712	752	152	71	94
88	312	787	631	738	157	68	93
96	292	787	544	735	162	72	99
99	319	741	547	732	173	74	104
96	324	656	464	569	149	70	94
92	322	605	459	565	142	68	92
92	335	654	449	537	132	68	97
120	348	595	462	514	130	63	102
120	336	634	530	509	138	67	97
117	347	650	549	514	140	62	88
116	321	633	511	538	149	64	92
115	336	584	531	548	150	64	88
79	320	615	499	456	137	62	75
72	300	662	390	407	116	56	72
83	307	678	412	386	107	57	74
84	298	684	461	266	83	56	65
87	335	695	446	239	73	57	64
85	337	658	434	193	69	53	63
79	333	584	465	183	68	55	60
85	349	712	564	224	85	64	76
86	404	694	543	213	84	65	79
82	339	690	594	191	88	63	77
89	354	696	600	190	88	63	76
100	385	746	716	239	112	75	77
89	388	683	633	199	100	66	60
91	378	749	657	201	97	61	56
91	388	753	620	199	97	63	59
87	372	736	639	203	101	64	60
76	349	683	505	133	69	45	61
76	309	574	511	130	65	46	63
67	231	443	519	133	63	44	76
64	221	424	504	123	56	41	72
63	233	406	538	119	47	41	73
71	263	447	639	138	62	54	76
77	267	541	681	149	69	54	85
87	286	517	630	138	71	56	77
99	280	515	620	134	71	55	82
99	266	589	613	134	71	55	94
92	249	586	508	113	59	44	89
95	245	530	473	111	56	47	96
92	230	542	475	116	56	46	98
80	220	575	520	135	63	51	99
79	223	558	493	139	66	50	89
84	222	546	474	145	71	52	105
73	220	518	406	128	66	45	91
70	209	544	510	140	66	43	89
70	245	518	456	123	58	37	84
79	237	487	436	118	56	38	88
89	211	458	441	119	49	40	88
116	225	499	462	120	50	42	98
119	222	462	339	100	45	40	99
129	205	435	382	114	48	42	103
132	206	483	374	104	46	38	100
126	207	509	364	98	45	34	86
121	188	483	344	98	41	34	81
129	201	575	375	106	42	37	88
134	279	602	467	114	50	45	84
170	286	562	516	127	53	52	95
168	288	558	510	129	53	52	100
176	304	557	544	137	55	53	98
172	314	531	578	144	61	54	86
164	290	627	608	158	66	53	92
124	303	655	595	157	65	51	83
128	337	633	608	154	65	53	88
105	331	690	622	156	64	52	92
114	354	682	603	156	67	55	97
121	341	637	551	136	60	50	89
125	339	686	578	141	62	52	108
126	334	757	605	153	70	56	100
132	359	756	604	155	69	59	93
122	333	745	585	142	60	52	95
118	294	705	509	128	55	49	98
119	301	657	527	143	55	48	83
111	281	602	537	144	49	42	79
103	257	612	485	132	48	37	88
114	231	579	483	132	51	39	82
131	232	601	527	140	53	43	110
151	245	619	439	109	49	40	123
168	244	691	383	90	48	40	138
169	230	681	399	97	51	41	137
158	244	704	395	95	45	41	139
158	288	697	345	89	46	37	125
138	253	696	375	90	45	36	111
118	262	630	374	94	45	36	101
121	273	640	409	106	60	40	102
128	282	700	450	119	68	42	100
107	271	666	439	116	67	41	100
111	271	612	423	118	67	40	100
131	271	599	403	116	72	43	105
134	261	568	327	97	56	37	104
164	248	457	241	93	50	39	111
164	313	480	283	97	49	41	110
173	339	583	313	92	49	42	108
162	341	577	317	86	41	37	96
156	347	583	357	94	42	36	93
126	366	632	381	85	41	33	94
137	337	666	368	85	43	32	90
116	320	584	358	96	45	32	90
120	346	624	353	98	48	33	87
120	348	617	353	99	50	36	84
138	391	584	344	103	49	37	81
143	370	539	329	100	50	38	77
143	371	552	310	94	46	36	100
139	329	559	324	98	50	40	125
136	316	540	291	95	48	39	126
106	284	593	284	94	51	38	121
102	260	594	300	95	52	39	117
102	263	582	289	90	55	40	102
130	293	575	276	86	51	37	75
141	292	575	293	88	52	37	78
162	292	611	359	88	51	36	79
154	290	639	359	90	49	38	85
150	282	644	405	107	54	40	85
125	269	586	404	108	50	37	99
119	291	558	388	103	49	37	101
104	272	478	333	102	48	38	102
118	271	475	374	107	57	36	97
115	270	467	323	96	56	33	94
135	259	480	327	92	55	34	93
138	287	498	337	97	60	37	87
131	268	471	338	98	66	41	86
108	270	479	350	110	63	41	98
115	255	468	372	118	63	43	94
105	272	463	370	117	62	41	80
174	238	474	380	123	59	40	93
185	222	450	433	137	57	36	99
196	247	381	385	125	51	34	94
199	270	355	354	112	46	31	92
194	238	353	344	111	48	31	96
133	266	352	370	111	54	34	109
113	310	354	283	90	49	34	107
99	309	466	283	87	54	33	105
101	282	507	308	98	55	34	107
119	288	530	320	102	58	34	104
112	276	512	271	94	52	32	83
115	242	563	262	90	51	32	79
120	229	589	246	93	48	35	80
114	232	561	223	92	46	34	76
102	342	557	223	104	43	34	85
103	337	585	225	114	48	34	87
97	325	547	248	116	49	35	82
89	325	503	251	125	49	33	83
85	373	532	248	122	49	33	99
67	287	546	256	110	46	34	109
63	266	544	268	110	47	33	106
68	295	556	258	119	45	32	113
80	302	538	300	114	44	32	112
73	277	584	317	114	46	35	101
77	259	614	336	120	46	35	89
77	254	605	335	140	41	35	90
83	293	679	349	156	44	38	85
80	332	777	367	161	41	36	84
89	310	807	381	180	45	36	83
92	322	794	362	186	44	35	67
97	345	787	363	183	48	35	81
95	359	728	370	171	49	34	79
93	315	633	326	188	52	35	80
89	357	605	294	194	46	35	79
83	362	584	294	220	49	35	78
77	345	712	323	235	50	39	67
78	326	713	332	244	49	44	77
68	340	702	341	236	49	42	74
91	307	706	446	236	52	41	81
101	379	754	638	230	62	53	117
125	400	671	643	209	57	50	119
127	394	686	637	247	56	47	116
142	421	683	666	249	56	52	128
153	491	659	622	237	56	53	131
157	441	661	523	293	61	46	110
145	457	728	516	306	70	48	110
147	508	821	578	333	78	51	112
167	474	829	643	388	100	58	125
157	402	855	697	409	108	63	192
149	390	865	667	372	98	60	194
150	352	777	803	369	98	63	198
165	260	710	821	334	94	65	211
145	297	711	751	326	75	57	201
129	315	642	724	333	71	50	133
133	341	589	703	326	74	52	124
143	350	702	572	318	69	47	122
122	362	716	567	388	70	37	91
113	369	781	784	376	85	50	83
121	354	826	813	371	82	54	77
119	329	846	872	434	92	57	83
105	334	775	864	450	100	59	83
112	303	778	869	383	100	61	82
113	322	722	777	363	88	54	86
119	351	661	742	400	94	54	103
118	414	634	671	340	93	54	117
126	403	660	658	320	87	52	107
117	398	639	641	319	87	52	108
116	386	630	669	351	105	58	109
115	349	742	751	307	110	64	103
110	266	751	783	347	111	64	83
95	287	735	779	409	114	65	98
117	277	756	827	423	118	69	138
117	218	789	753	382	99	64	156
103	248	745	670	359	92	57	154
108	296	723	610	333	87	54	153
118	266	800	610	319	89	55	149
94	274	863	648	305	94	53	127
97	332	896	647	350	104	58	102
100	311	885	628	367	104	62	114
121	274	871	631	369	99	64	118
122	306	807	660	322	94	64	126
122	308	800	526	307	90	61	115
121	251	731	594	336	92	64	119
124	241	734	670	371	98	59	103
103	248	810	703	361	102	57	97
101	206	800	721	496	112	55	75
100	196	741	725	540	116	60	80
99	189	731	685	528	114	55	78
92	207	753	715	539	115	54	81
91	212	722	763	546	138	59	87
79	228	743	714	442	133	64	92
89	229	705	717	420	126	60	89
86	254	728	690	389	132	61	85
91	258	649	678	352	135	68	85
95	279	687	584	416	114	64	87
97	288	717	611	397	114	58	88
103	279	741	582	361	113	62	85
106	254	845	547	344	94	54	83
106	296	898	566	326	79	53	82
101	256	861	591	221	79	54	72
99	239	805	579	246	78	55	69
89	242	798	642	265	78	56	66
94	273	658	745	288	88	63	67
95	251	577	718	277	89	63	70
99	273	607	715	261	83	64	87
99	355	627	718	246	81	65	85
99	384	721	736	256	89	71	89
92	372	768	703	254	87	67	93
97	347	776	617	246	78	59	94
89	355	713	604	235	72	57	78
88	276	721	589	210	69	54	75
100	282	682	593	215	82	53	82
95	285	620	520	208	80	53	74
84	292	619	522	256	81	53	67
87	272	633	519	259	83	54	71
95	309	657	577	274	90	61	84
86	290	521	488	242	71	51	77
88	287	531	515	220	70	50	79
92	278	563	581	154	70	53	81
99	269	549	609	159	71	57	85
111	268	471	578	147	67	51	73
106	251	555	570	140	59	47	65
104	266	567	547	146	58	47	69
102	300	535	475	154	57	45	72
99	304	521	428	149	54	43	66
80	281	557	495	167	61	46	67
82	329	562	496	172	64	48	71
83	316	628	522	166	62	47	69
83	299	660	521	159	59	48	69
94	302	670	562	155	61	46	68
97	292	655	482	125	50	41	70
104	279	668	520	125	51	41	72
103	288	555	508	136	54	43	68
110	272	548	519	140	55	42	85
94	283	538	487	134	52	45	106
95	308	527	462	128	48	43	111
84	274	450	429	116	45	41	112
83	258	507	412	106	47	40	112
69	273	460	387	98	48	41	100
79	294	462	368	99	47	38	95
71	279	466	448	108	50	40	91
92	316	459	412	98	47	38	94
93	339	420	511	115	47	41	100
98	322	475	518	115	49	44	121
93	295	600	569	120	50	45	111
94	276	656	578	130	54	48	114
82	252	625	577	132	56	49	110
82	256	618	449	111	54	45	103
84	258	633	477	122	53	41	77
88	278	519	436	125	56	41	79
90	281	479	386	114	53	37	87
80	250	515	424	121	53	38	94
87	228	607	452	119	51	37	98
87	270	641	453	112	48	37	107
89	254	697	469	112	48	37	112
84	287	673	458	107	46	35	108
85	291	655	416	97	45	35	109
80	269	559	390	97	43	37	122
83	264	544	363	105	45	39	114
84	260	547	352	106	44	36	107
86	237	565	373	120	48	42	111
82	245	546	387	123	46	40	110
96	279	594	432	132	49	40	94
92	246	541	424	145	50	37	92
91	257	557	491	156	52	36	97
103	266	544	459	157	55	33	94
102	258	572	442	174	55	33	92
93	233	545	444	176	55	31	91
100	241	543	440	167	59	35	94
97	213	451	347	147	55	35	99
98	179	420	358	146	48	35	96
105	194	398	353	145	55	37	95
104	230	379	301	140	53	37	95
94	234	378	295	136	48	36	98
94	264	454	346	154	51	36	87
86	263	510	400	177	60	35	83
84	248	502	421	183	59	35	76
76	209	492	417	191	62	39	81
88	205	502	457	304	65	40	79
88	176	465	440	335	73	41	92
87	176	400	401	329	70	41	92
90	181	423	424	329	70	42	91
96	192	428	442	357	81	41	91
94	183	466	440	266	83	39	89
90	188	464	406	216	73	36	69
89	191	525	404	215	73	35	65
82	185	523	407	267	68	39	73
74	197	539	399	236	53	37	68
80	226	500	389	269	54	39	63
102	222	493	436	282	63	45	65
114	238	513	441	285	70	48	74
117	270	513	479	240	76	45	71
126	288	555	542	225	76	46	76
121	276	546	533	200	69	43	81
109	274	553	495	228	64	39	83
96	299	526	498	243	64	41	81
95	276	546	439	257	70	42	79
92	254	510	371	314	81	49	97
106	241	519	353	331	84	49	101
99	264	479	372	306	82	49	103
104	222	414	354	303	79	46	97
118	233	366	360	320	74	47	111
120	230	376	368	267	68	45	121
101	245	339	358	293	81	48	120
101	243	399	388	302	84	49	121
96	258	401	396	291	81	52	127
84	246	400	413	286	83	47	119
81	256	432	403	375	103	43	87
83	246	430	417	350	90	42	79
87	220	402	420	361	88	39	84
81	206	428	417	374	93	37	80
84	219	470	367	370	88	36	74
78	195	471	391	287	62	31	82
80	193	486	391	346	70	30	97
78	198	500	363	331	70	31	91
81	190	484	337	312	64	29	85
92	168	475	399	316	68	36	82
90	181	429	386	335	74	42	76
96	186	416	400	267	70	43	62
97	198	374	402	263	71	44	77
103	211	363	419	255	71	47	79
95	214	329	365	210	65	42	79
99	206	339	338	159	58	39	79
91	201	360	322	162	60	38	79
91	223	361	300	159	63	43	76
87	223	361	324	209	81	46	79
79	226	420	357	226	95	55	89
79	228	391	369	223	94	55	86
102	248	395	377	269	90	55	85
100	216	445	446	274	96	54	80
100	223	468	463	246	81	50	78
99	221	444	443	236	71	44	71
101	226	455	445	242	67	43	74
84	230	524	473	212	72	43	76
95	228	493	416	214	69	41	75
96	204	473	355	203	68	40	70
99	218	441	383	223	64	40	73
94	232	447	384	250	72	42	75
101	214	327	317	208	65	40	70
100	219	296	292	196	61	39	63
96	221	331	346	218	75	42	64
96	239	373	312	220	71	39	61
95	235	434	389	192	69	38	56
82	264	515	448	195	72	37	56
81	271	536	460	212	75	39	70
105	266	526	448	205	65	41	76
102	245	540	480	194	72	42	78
100	220	543	458	201	75	42	82
114	173	477	413	208	75	44	89
106	151	515	443	197	73	43	81
106	159	576	445	219	74	40	76
101	143	570	424	200	76	41	70
104	183	513	357	194	71	40	82
92	187	597	411	180	70	39	74
93	216	588	392	166	65	38	74
75	248	557	371	205	63	35	76
84	268	622	414	231	60	35	83
88	271	652	422	225	57	34	71
88	275	620	367	234	58	35	74
88	260	623	386	239	62	38	67
79	238	593	396	175	63	41	65
69	224	496	320	148	56	36	65
63	202	464	329	144	60	40	66
62	224	540	407	140	58	40	66
64	248	500	377	140	56	39	73
94	239	509	359	127	51	38	73
106	224	525	378	114	49	39	70
107	218	525	399	109	44	36	68
106	205	376	329	98	46	34	66
108	191	448	444	113	50	37	73
89	202	477	470	120	53	41	79
80	227	470	474	118	55	40	73
77	243	505	486	146	54	41	77
78	232	523	503	154	58	43	78
76	211	541	432	141	53	39	72
81	201	572	429	145	53	37	90
81	174	577	410	142	52	39	96
89	169	550	393	122	51	36	97
87	154	545	422	127	52	33	99
83	186	501	388	130	52	31	93
74	194	415	354	122	50	31	83
77	195	418	366	123	50	32	83
74	179	390	352	113	50	34	79
103	187	378	300	96	42	33	87
104	166	350	318	94	42	34	87
103	175	386	347	99	46	33	80
98	189	344	331	99	47	35	73
90	183	346	308	104	47	33	75
69	186	329	291	108	48	35	62
70	270	424	319	114	47	35	66
83	258	392	294	107	41	32	63
91	248	450	315	111	40	28	62
93	274	460	332	111	40	30	67
84	286	500	357	106	40	32	74
81	211	418	305	92	39	31	74
73	224	426	304	95	35	32	81
62	237	384	296	107	37	31	84
65	210	376	280	107	37	33	83
66	262	339	223	107	36	31	79
65	260	345	309	108	36	30	77
58	260	358	294	101	37	31	68
