0	1	2	3	4	5	6	7
74	326	213	65	71	223	66	154
87	409	289	72	89	344	98	341
100	418	319	76	93	465	123	489
107	479	392	79	93	463	125	516
105	493	386	77	93	454	126	522
95	451	356	67	89	453	124	509
91	409	315	68	64	373	102	421
76	398	314	64	45	184	68	243
63	317	212	60	35	149	51	184
67	394	211	63	46	108	39	160
65	377	208	60	52	87	35	141
64	354	192	55	54	70	31	97
68	382	142	57	55	54	27	67
72	395	173	62	54	49	30	53
82	308	165	58	44	43	33	61
78	305	147	63	40	42	34	58
74	307	129	61	36	36	34	57
86	333	168	69	40	35	38	56
95	334	137	60	38	33	37	54
98	329	134	64	47	33	32	36
133	450	177	68	56	150	38	94
158	483	277	69	59	159	48	132
179	521	295	72	57	162	50	178
266	629	332	84	62	168	228	190
299	649	349	97	59	176	312	206
292	573	352	255	64	100	337	192
291	588	341	278	67	98	425	174
276	525	418	455	97	128	450	133
194	392	456	549	136	129	397	132
133	330	515	646	166	124	335	114
138	333	530	699	182	126	317	122
130	240	649	759	204	118	182	128
132	251	672	721	211	91	114	131
127	243	648	694	197	85	102	129
147	272	637	688	191	83	102	147
139	269	647	666	184	80	83	143
179	279	586	664	177	81	84	172
208	290	507	621	161	69	68	172
209	294	541	616	175	67	62	175
203	316	669	571	166	62	64	171
231	318	706	538	173	65	62	179
262	345	737	605	168	62	63	224
258	341	766	667	179	67	70	235
259	374	833	714	174	64	67	230
277	367	763	724	170	61	65	222
267	424	761	731	170	60	76	233
267	410	708	668	180	66	77	184
341	403	802	717	192	64	78	195
420	378	722	722	198	65	83	215
437	398	752	751	225	70	84	236
446	358	793	830	268	90	95	231
421	365	841	871	292	98	98	224
384	379	798	864	282	99	95	207
327	417	828	961	306	112	98	221
359	456	884	956	302	110	102	259
393	491	836	894	266	106	97	276
412	532	807	913	249	101	93	290
390	548	796	924	287	107	104	322
371	526	814	822	268	97	98	317
321	485	758	828	258	99	101	280
310	454	807	891	296	107	110	289
293	415	815	961	349	116	118	277
303	382	845	1005	353	116	119	260
317	395	852	987	347	115	128	271
394	360	836	1031	359	118	125	284
400	397	794	1031	342	107	117	267
398	370	873	1016	324	109	120	265
383	408	955	1111	365	114	128	284
368	373	945	1119	367	118	129	265
282	378	941	1069	358	114	126	250
237	513	950	1028	348	115	123	246
301	552	865	920	310	103	115	252
307	533	710	690	209	92	93	218
313	541	770	779	243	95	86	226
356	548	777	789	247	93	88	228
333	397	798	800	252	92	82	214
277	348	846	819	246	86	73	192
303	323	919	829	253	82	73	187
296	334	853	777	227	79	70	169
251	329	856	847	234	81	68	175
256	295	837	848	234	78	83	218
250	287	784	849	235	80	88	241
231	279	693	828	225	81	90	236
228	317	674	790	218	85	94	236
203	313	662	681	204	86	97	225
201	426	649	693	242	100	88	175
261	458	642	657	249	102	91	146
247	485	652	621	248	100	88	134
277	457	656	661	270	99	84	140
275	449	614	670	267	95	81	149
274	376	647	626	217	75	76	150
