0	1	2	3	4	5	6	7
105	76	158	111	41	31	27	40
99	67	170	105	40	35	26	32
104	70	185	106	42	33	28	43
78	71	207	105	42	32	24	38
76	65	194	107	41	30	25	40
90	67	222	83	35	27	26	42
94	53	220	90	36	29	27	42
133	59	202	107	37	32	28	47
142	63	192	114	41	31	31	49
140	63	196	106	41	31	30	47
129	53	170	104	42	33	29	46
125	51	152	106	40	32	27	45
69	39	160	84	39	30	25	29
55	33	149	68	36	31	24	30
59	35	176	70	38	34	24	30
61	36	168	71	39	32	25	29
58	38	170	61	41	32	26	29
56	38	149	59	39	32	24	29
57	38	203	77	41	30	24	26
53	39	196	79	41	29	25	26
52	37	199	80	39	30	25	28
68	37	197	78	44	27	24	31
70	35	200	80	51	23	25	29
63	33	149	67	49	26	24	29
62	31	129	80	48	27	23	30
62	32	140	81	49	25	22	28
51	36	153	86	43	27	21	26
55	35	151	87	37	28	24	26
55	33	148	89	35	28	25	24
53	31	150	80	51	28	24	23
52	29	134	75	52	27	24	23
53	22	118	70	52	25	23	22
56	25	141	64	52	26	23	25
61	26	137	71	51	27	22	25
71	27	150	73	42	27	22	25
73	28	180	80	50	28	23	25
72	34	186	81	51	29	23	25
67	32	168	91	53	35	24	25
66	32	165	81	53	33	24	29
71	33	171	80	49	34	25	29
70	32	153	81	39	34	25	28
81	29	149	86	45	33	25	30
79	30	160	95	46	26	24	29
79	31	161	99	47	28	26	27
69	31	134	94	47	28	25	27
68	30	147	91	48	29	23	28
53	30	169	94	42	30	23	24
55	29	160	74	54	30	24	25
49	31	156	66	57	30	23	22
48	28	167	66	58	29	25	21
52	30	142	62	56	29	26	25
49	28	119	55	56	30	26	24
