0	1	2	3	4	5	6	7
157	267	874	661	372	118	66	82
180	280	909	665	377	131	70	80
156	325	920	654	364	137	79	84
154	280	884	596	396	135	77	98
161	260	806	572	368	139	83	96
194	261	788	607	380	159	97	122
165	250	736	565	429	141	88	120
161	236	782	618	447	135	86	114
168	243	767	695	485	155	95	111
168	300	732	708	492	157	95	118
129	332	746	716	483	135	80	90
130	317	699	698	450	146	86	91
151	303	700	669	466	148	82	103
163	316	737	627	412	138	82	111
150	296	760	634	401	134	80	103
153	278	768	687	435	166	94	109
163	358	854	807	425	165	100	135
141	370	748	818	418	159	98	137
131	383	713	820	524	151	89	126
137	393	725	850	544	163	87	132
135	415	744	827	528	135	79	138
114	368	642	751	542	127	66	109
117	379	648	694	548	133	66	89
114	398	696	675	458	132	64	88
119	369	701	612	491	119	60	80
134	448	639	543	512	118	60	64
145	443	748	563	523	136	72	82
144	471	870	581	588	134	75	87
138	461	886	572	588	135	78	88
140	475	884	604	537	123	78	118
129	429	896	628	546	136	81	113
124	447	865	676	583	134	76	107
130	436	864	745	538	133	78	116
124	418	866	762	593	135	77	116
119	547	884	728	608	150	80	106
114	526	909	717	574	136	73	108
118	580	909	645	524	126	70	109
114	564	841	594	495	120	62	98
117	575	839	638	457	132	64	102
106	488	834	678	468	150	70	80
118	528	790	685	470	156	71	86
115	469	773	667	463	153	69	90
109	472	834	704	566	184	78	100
109	490	800	628	524	173	76	96
111	463	787	593	490	147	65	105
104	419	795	576	490	139	66	104
95	406	834	548	491	151	68	100
93	418	776	496	438	136	65	88
88	387	754	514	468	145	63	95
133	431	747	508	471	147	61	85
129	502	718	498	514	167	62	87
138	496	726	576	578	177	71	87
140	476	763	558	586	193	76	90
146	503	796	654	594	192	84	90
116	466	809	640	588	193	85	97
125	406	872	669	559	181	88	96
124	487	818	616	487	166	79	95
125	513	799	689	403	146	81	98
123	555	806	594	385	139	75	95
128	545	839	641	389	146	80	92
164	528	906	655	375	153	83	93
174	451	991	707	386	157	91	94
177	459	1022	649	399	149	85	87
179	389	1092	718	396	155	93	87
168	434	1103	739	379	146	92	90
125	450	1078	770	452	142	87	91
110	483	1011	760	437	131	82	100
108	460	1025	772	413	132	82	99
108	453	913	699	475	132	69	98
106	447	932	713	529	158	74	94
110	436	940	727	467	156	77	97
109	461	938	762	509	159	73	90
106	460	861	757	523	158	73	94
110	461	915	819	455	156	80	91
119	427	877	792	399	137	79	102
117	417	801	758	445	135	77	94
120	504	860	774	383	136	84	89
122	515	913	840	392	162	95	92
119	561	879	801	397	165	93	95
109	557	855	802	414	167	91	79
110	575	869	793	336	160	88	82
102	513	820	747	334	157	84	82
111	592	821	809	386	146	78	80
111	546	868	821	361	135	73	78
112	580	836	810	339	131	71	82
112	561	809	807	354	138	74	83
115	565	874	901	403	160	93	89
104	451	813	839	333	155	90	90
97	459	902	859	336	164	93	85
103	454	933	828	445	163	93	81
97	528	948	855	438	162	93	75
86	458	867	719	391	137	73	67
87	485	880	639	387	124	67	76
95	540	718	604	402	115	67	91
98	527	690	626	279	103	66	93
110	462	779	650	340	116	71	104
114	548	814	663	358	121	74	106
112	535	879	694	337	121	75	96
118	489	1004	807	378	171	98	95
106	466	1058	816	438	179	100	92
104	443	1054	848	407	186	103	88
100	332	1116	913	439	197	108	84
112	356	1143	1008	473	229	126	94
96	341	1104	898	427	193	109	84
113	385	1094	942	389	199	117	95
109	388	1062	873	384	187	115	87
114	414	968	864	413	191	113	88
109	379	866	777	409	159	93	83
114	431	828	829	436	172	96	91
114	475	907	961	466	202	103	93
114	481	975	972	482	208	105	97
133	503	968	971	424	197	107	114
128	532	971	953	388	191	106	113
123	514	1013	1026	468	197	107	107
109	443	939	883	455	164	91	96
108	495	866	890	441	166	89	90
82	465	848	873	463	165	81	74
83	458	853	868	468	183	92	68
97	514	783	775	410	179	93	63
103	565	825	787	381	177	93	61
98	514	775	747	376	165	88	68
103	547	847	707	360	159	87	70
102	521	876	704	366	137	74	73
89	442	934	693	430	142	67	82
87	383	836	644	434	143	66	85
99	398	890	641	428	143	66	87
92	345	812	627	409	142	66	93
129	383	770	576	418	145	70	104
148	375	744	644	353	143	76	117
168	434	835	736	368	152	86	135
184	421	750	762	362	155	89	148
190	440	773	782	466	186	96	149
170	474	758	842	490	208	100	144
158	454	710	749	468	192	95	131
146	416	744	661	437	183	87	118
138	463	792	735	460	190	91	117
150	445	789	695	390	159	92	105
149	383	868	680	386	140	93	111
145	447	950	704	387	141	92	111
141	463	887	669	382	130	87	108
138	458	864	520	356	109	83	126
147	465	887	534	312	112	72	133
177	500	872	532	234	85	68	143
231	483	751	545	200	94	75	152
235	498	673	536	219	105	80	153
241	525	690	616	231	113	80	128
235	558	705	602	230	113	80	123
218	561	617	584	234	114	77	117
169	544	630	572	220	101	67	114
179	567	652	570	197	91	63	121
173	533	724	493	159	83	56	130
188	550	778	523	150	75	56	132
185	558	872	477	135	73	50	134
187	551	869	435	122	77	52	122
226	498	973	480	128	89	57	141
246	506	967	526	135	94	57	139
243	494	908	563	141	94	56	150
246	453	883	555	139	86	54	146
244	496	908	580	143	82	54	148
201	501	859	563	136	72	51	125
195	512	800	539	140	87	62	116
198	454	798	465	129	85	61	107
190	452	766	497	136	89	63	98
199	404	820	541	152	98	71	104
193	449	867	574	151	97	68	109
161	395	916	623	157	88	63	131
155	409	904	632	160	88	65	123
167	390	870	624	157	87	63	125
155	391	836	573	141	78	54	130
154	304	782	559	139	74	52	138
155	305	754	517	117	60	44	126
156	285	782	506	108	60	43	132
154	354	866	623	134	63	47	131
148	349	814	648	142	61	50	127
160	380	743	632	144	64	50	118
170	366	752	699	162	71	55	116
157	386	746	687	162	68	53	111
157	370	687	550	141	64	58	116
156	364	714	522	132	62	53	116
156	356	742	557	134	62	58	118
143	374	666	431	106	50	55	113
132	344	626	474	115	55	57	117
119	299	567	492	115	55	47	119
135	324	513	480	116	57	48	111
129	270	481	505	118	57	46	104
125	269	464	510	118	58	43	105
146	306	506	578	134	64	43	97
158	315	541	576	134	63	46	89
157	308	615	658	163	68	54	90
144	326	600	629	161	64	50	88
146	322	664	748	201	77	61	79
134	277	637	697	194	73	62	89
119	269	636	714	200	76	62	82
105	263	610	662	181	69	54	89
113	275	602	659	181	71	57	106
138	258	583	504	134	56	46	109
139	268	573	533	141	59	47	105
150	323	624	513	127	52	47	125
153	344	615	486	121	53	46	126
149	346	653	469	113	52	44	116
136	357	617	473	119	53	45	116
128	380	643	448	107	48	43	128
120	336	563	467	115	49	43	111
118	314	502	447	111	48	45	103
136	307	473	459	117	52	49	104
124	297	504	530	121	54	54	106
120	257	472	528	119	49	50	94
144	321	496	553	124	50	51	101
142	325	497	554	124	51	50	107
128	351	487	512	110	44	46	116
163	365	467	477	114	44	45	115
170	383	556	440	108	45	47	115
149	358	560	437	108	50	46	112
158	389	556	454	109	48	45	124
154	364	568	456	113	50	44	124
129	367	664	428	101	48	40	127
114	408	638	418	103	51	40	123
122	385	604	317	84	45	38	133
117	408	651	322	93	53	39	114
140	442	711	406	96	53	40	118
137	465	657	418	93	55	38	115
165	450	641	455	96	56	38	124
160	469	683	466	98	58	37	115
170	427	648	456	93	56	42	115
155	372	646	452	97	54	41	107
152	393	642	406	92	52	41	114
124	360	606	379	94	51	43	119
125	342	698	436	102	52	44	117
138	386	791	438	98	46	40	128
157	456	886	488	111	59	49	134
157	409	865	503	115	62	51	134
182	415	870	495	110	61	50	138
192	468	836	479	115	60	51	143
174	465	837	556	134	68	56	142
157	449	816	478	118	58	49	141
154	575	851	467	114	53	50	138
159	592	863	471	117	54	52	160
142	551	814	439	107	52	49	154
149	517	711	319	85	46	46	151
154	508	575	278	85	45	43	141
155	347	505	274	85	48	42	137
118	335	529	276	83	49	40	105
125	337	542	272	78	47	41	116
119	421	582	329	90	48	39	119
118	416	565	320	87	47	40	116
118	432	556	316	86	46	40	114
151	422	558	299	82	41	35	107
154	446	518	329	93	45	35	92
151	379	518	280	87	44	36	108
154	356	510	333	95	45	35	109
163	328	524	346	100	45	33	112
138	351	460	376	111	50	39	115
134	342	601	358	101	45	37	122
137	377	590	370	99	46	36	114
126	394	631	384	106	49	40	113
122	429	619	372	101	47	42	122
119	433	666	335	89	44	40	116
113	404	595	349	96	50	41	119
126	428	664	337	90	48	43	132
130	411	627	277	74	47	40	133
134	407	651	330	89	51	39	143
144	440	620	356	99	59	38	149
149	541	699	354	101	61	40	149
137	503	670	335	100	60	37	130
137	484	639	325	98	58	38	141
169	472	627	296	89	56	35	119
170	447	621	273	79	45	35	124
162	347	515	238	70	39	34	116
158	345	489	251	72	42	35	137
152	352	492	261	74	42	34	130
121	369	507	251	72	44	37	141
118	351	523	255	79	50	38	138
140	322	502	285	78	48	38	144
141	294	441	286	78	50	41	119
142	303	467	284	76	50	43	133
132	313	467	319	81	52	46	128
136	299	428	318	79	51	45	118
154	301	416	326	89	65	49	129
151	326	509	313	86	60	45	140
157	396	535	317	96	65	44	129
157	376	528	307	107	65	44	122
173	380	551	303	108	66	44	122
171	397	570	276	99	50	38	109
180	391	542	289	107	57	45	132
208	330	529	301	106	57	49	131
206	338	586	281	99	52	46	140
199	317	574	274	99	51	47	159
185	285	611	314	104	55	46	160
179	298	608	351	108	55	42	152
144	269	627	330	108	55	41	164
155	268	607	332	118	60	41	168
140	259	635	357	117	58	40	154
152	272	595	332	112	56	40	166
174	253	569	298	106	51	38	160
175	337	645	351	106	47	35	151
182	319	646	343	114	48	35	143
188	350	626	327	116	48	34	165
162	344	589	312	116	46	36	154
142	356	612	300	119	46	35	159
139	300	533	313	123	48	35	150
113	334	449	325	98	41	33	150
93	338	436	322	103	41	33	118
135	353	584	356	114	45	34	111
149	365	585	375	117	48	39	88
152	408	586	353	115	46	41	97
153	423	594	364	118	47	41	88
150	417	636	424	112	48	39	89
122	412	605	438	131	61	41	96
134	419	695	457	128	61	42	108
140	413	702	448	120	59	38	122
144	381	736	440	140	66	40	139
157	416	775	498	149	70	45	149
175	431	747	545	151	67	50	154
178	403	736	657	166	68	51	149
171	373	770	748	193	77	58	139
182	386	812	831	225	80	62	133
189	350	849	810	220	77	62	126
182	354	865	782	216	71	55	126
161	368	870	691	205	69	51	130
191	391	875	628	189	59	46	126
179	415	803	542	140	54	41	120
162	450	789	494	143	54	39	117
156	524	796	525	139	61	47	105
154	525	773	547	154	63	51	95
112	549	742	515	144	66	50	92
144	530	804	484	138	62	48	103
150	542	799	506	143	67	54	106
146	495	778	474	141	61	50	110
157	562	733	543	143	67	55	133
167	536	759	597	159	71	57	136
153	541	814	616	170	73	58	126
150	509	793	725	194	74	57	129
159	498	856	778	215	79	59	129
190	596	901	805	227	80	59	126
194	618	951	897	282	78	65	160
186	619	935	945	323	84	68	167
193	621	896	912	326	88	66	171
206	628	898	891	315	92	66	179
179	504	865	878	334	102	70	173
207	499	791	795	296	105	64	143
207	483	805	781	260	102	61	146
205	463	821	768	251	102	64	135
181	438	839	821	255	96	62	116
176	415	888	751	240	78	49	107
165	427	854	747	408	96	59	126
200	434	796	711	449	112	59	134
196	490	778	691	451	114	55	147
197	519	692	671	519	128	63	148
205	546	602	708	528	135	66	146
192	513	632	801	447	146	74	132
180	579	704	843	431	140	80	124
185	551	773	832	436	137	85	116
184	534	770	754	363	130	81	118
174	517	784	874	410	153	100	123
168	508	878	902	431	156	105	125
161	491	840	853	409	151	101	115
182	476	778	860	434	154	98	131
182	528	801	904	440	157	97	130
170	546	827	779	377	137	81	129
167	571	756	611	329	115	66	122
154	536	832	673	329	114	64	125
123	578	906	703	309	114	68	109
123	541	892	699	282	105	70	106
130	574	928	712	269	103	70	102
121	576	971	754	264	99	67	96
117	590	1036	818	294	108	76	85
126	565	1005	791	282	107	70	80
147	555	1004	774	287	107	69	81
142	509	950	724	286	102	63	76
153	484	862	654	252	90	59	77
158	427	687	521	191	75	50	87
149	467	610	457	143	62	48	77
127	427	744	539	137	56	51	78
139	497	758	592	139	57	56	89
127	480	757	595	146	62	58	117
114	488	784	653	151	63	58	109
107	451	786	682	159	67	61	113
108	477	671	612	150	64	54	110
96	470	740	696	176	71	54	110
95	534	772	696	170	65	52	85
105	542	756	619	163	66	51	85
130	573	833	698	181	72	54	89
128	561	820	742	189	78	57	88
128	484	772	635	158	69	53	80
123	473	754	675	164	72	54	72
106	490	722	692	163	71	55	76
94	456	672	604	139	61	52	70
109	477	632	540	124	54	47	75
114	458	560	513	117	51	45	75
112	444	564	459	104	47	41	83
121	426	665	609	161	63	49	93
112	408	669	604	161	66	49	105
111	374	677	573	157	65	50	106
115	416	679	634	162	69	55	107
125	392	723	833	210	88	65	109
122	461	606	764	174	75	56	115
122	440	588	778	173	72	55	105
111	468	634	835	178	72	53	116
109	440	662	792	173	69	50	123
103	424	689	644	134	47	39	117
105	340	733	605	137	52	42	97
107	362	756	649	147	56	43	98
104	341	746	615	149	59	48	92
91	336	736	640	149	59	45	83
92	336	673	564	124	54	44	87
92	319	619	528	110	51	42	95
84	303	605	450	98	47	40	101
92	366	560	466	100	46	37	95
95	358	528	429	103	47	37	92
110	362	495	520	122	52	39	100
125	383	504	534	126	51	40	96
125	373	435	509	122	51	41	87
119	289	436	485	112	46	39	84
119	299	446	559	123	49	41	87
105	298	453	485	107	46	37	73
108	283	421	469	100	42	38	76
107	273	462	466	107	46	36	87
119	291	553	446	115	48	38	98
126	316	602	366	110	45	40	109
124	300	612	372	111	47	42	117
117	286	633	349	113	49	43	116
121	283	630	356	161	55	48	116
111	260	556	408	229	70	52	112
103	174	491	390	291	85	53	98
117	206	442	380	319	90	52	92
132	189	425	554	347	107	60	104
164	191	401	620	378	114	67	115
169	207	414	583	345	106	64	122
188	205	443	571	306	96	64	129
182	163	541	619	290	104	71	137
168	192	606	520	262	87	62	122
141	184	602	459	203	72	49	107
167	166	579	463	217	94	57	100
155	189	633	530	213	95	61	110
154	218	554	505	273	96	61	108
169	219	495	517	288	96	63	128
162	221	593	579	302	106	63	127
132	232	595	571	303	89	58	123
121	216	587	583	368	92	57	110
132	170	602	723	344	79	51	114
119	141	603	727	447	93	49	94
127	203	528	681	466	94	52	96
132	208	547	785	532	117	58	105
149	208	475	738	498	119	57	113
160	258	479	649	526	130	64	103
159	260	528	687	536	131	69	109
160	215	563	688	572	129	70	112
186	207	536	601	539	130	64	116
173	268	607	698	533	126	62	102
156	221	620	687	592	131	53	98
158	284	696	653	548	132	52	117
178	288	733	677	534	136	52	111
166	309	783	655	553	130	51	96
178	272	741	567	584	142	55	103
173	305	796	581	487	133	55	103
161	298	742	616	489	150	58	80
170	298	686	618	443	151	57	80
162	283	749	756	415	142	59	82
150	273	779	780	447	148	57	85
161	270	743	712	455	141	56	84
186	255	812	687	428	115	50	100
167	265	835	751	444	108	47	110
155	300	738	605	442	131	53	107
158	304	719	618	401	123	55	98
156	320	761	684	460	146	69	103
139	367	661	656	487	157	74	97
129	401	692	625	524	171	83	92
133	384	713	635	521	157	79	104
125	395	758	680	510	146	76	108
129	401	671	667	496	141	74	113
113	365	709	646	496	128	68	113
103	333	698	582	480	132	67	113
105	391	700	614	583	168	79	102
109	398	733	522	592	182	85	103
109	443	787	580	592	193	89	101
138	460	773	669	608	217	99	102
158	515	718	724	611	208	96	104
153	469	742	695	488	180	88	130
153	487	774	721	478	170	86	145
151	476	806	656	451	147	74	143
127	464	769	590	371	109	59	142
116	419	893	557	363	107	60	137
123	438	877	561	448	126	57	118
124	444	1058	617	585	162	72	98
116	422	1021	583	574	162	72	102
120	423	1097	560	626	173	74	91
133	482	1089	576	596	170	80	102
128	477	1082	557	548	159	81	95
124	443	908	445	415	118	61	90
126	476	900	494	421	124	63	79
119	486	816	520	325	105	59	80
88	411	795	488	306	97	50	75
92	434	840	553	354	107	52	80
98	517	754	575	325	114	55	84
99	472	765	559	316	128	65	93
98	447	772	569	354	132	67	87
95	457	702	540	380	132	62	79
97	535	623	563	328	137	65	79
87	493	710	548	362	141	68	78
78	479	697	571	388	131	62	66
83	523	690	595	382	129	63	71
103	507	729	608	369	131	65	81
109	404	801	612	352	112	62	84
111	411	709	627	342	100	60	82
116	463	724	621	314	93	65	82
113	453	739	613	282	92	63	80
98	466	760	671	276	106	69	74
84	472	754	605	312	101	64	68
91	467	783	599	281	102	64	72
92	439	854	637	280	97	60	83
105	417	872	629	283	103	64	89
103	427	885	600	294	105	61	91
103	430	860	599	258	106	60	89
97	403	850	611	228	100	57	87
96	455	782	586	360	113	64	80
79	455	780	548	387	116	65	75
80	457	691	537	374	106	62	69
97	506	742	664	386	113	69	81
94	559	734	652	386	116	70	78
90	504	707	607	321	106	58	72
95	501	789	630	290	101	59	75
95	541	816	626	304	104	61	72
76	505	799	497	291	97	53	65
74	425	927	564	330	102	55	67
73	410	974	652	293	115	63	69
67	489	884	645	285	111	59	72
64	459	923	662	269	104	59	73
80	502	892	705	281	107	64	82
82	503	768	658	256	105	61	86
100	523	700	647	247	94	59	95
102	435	730	679	257	95	61	90
105	427	762	670	270	93	58	95
116	339	838	653	267	91	61	102
120	383	852	700	259	100	65	110
109	377	888	680	233	98	61	105
110	395	989	684	224	100	63	104
110	432	936	658	212	98	62	100
93	452	924	692	305	118	63	88
87	437	880	661	304	113	65	83
86	446	833	624	298	106	63	78
81	509	687	606	305	103	57	76
72	479	640	575	313	105	58	79
70	491	613	563	211	90	51	77
75	489	685	513	197	84	45	85
79	505	709	497	194	84	46	81
83	473	875	528	210	96	55	85
82	491	867	531	186	93	53	82
80	480	856	476	188	82	54	75
78	500	875	501	210	82	53	55
81	478	881	544	212	84	53	62
82	534	737	470	181	71	47	63
88	541	804	504	197	78	49	71
89	517	808	545	207	88	51	73
92	496	731	521	233	86	50	77
93	509	762	544	238	85	50	89
100	422	749	556	242	96	50	90
111	376	690	565	248	91	52	89
118	402	759	542	266	96	57	104
144	471	829	628	274	121	73	112
143	463	778	584	287	124	72	118
138	466	793	645	337	136	81	127
135	457	815	617	334	141	82	125
129	446	743	625	320	135	77	115
104	475	743	594	294	119	66	114
103	497	756	585	298	121	73	99
103	469	738	531	232	100	66	91
116	522	764	533	221	89	61	99
136	533	769	516	207	85	61	95
149	521	787	473	232	83	61	84
149	479	811	537	289	96	58	92
150	590	832	515	309	102	56	83
140	562	869	592	331	113	69	89
130	642	948	637	336	120	76	116
134	603	1017	714	383	144	94	146
140	679	1075	764	334	137	96	155
151	620	1084	772	324	133	95	160
147	621	1041	718	327	129	91	159
145	581	983	719	361	131	88	144
132	560	855	643	276	102	68	115
123	468	740	517	263	98	61	96
112	448	694	499	254	95	61	91
116	482	766	568	219	90	59	90
122	464	747	488	135	75	56	101
146	484	733	507	138	71	57	117
147	510	804	573	148	69	59	119
157	503	815	609	149	70	61	123
178	517	827	578	157	87	66	136
223	480	792	626	167	98	73	147
220	474	799	604	156	98	70	151
220	450	823	662	177	116	79	153
213	520	922	635	174	117	76	153
195	461	818	587	162	104	71	136
132	473	859	541	152	97	61	115
100	458	877	561	157	97	61	91
94	479	850	461	125	75	50	84
98	369	763	455	119	70	51	76
101	363	805	485	123	74	54	85
107	396	805	464	115	67	51	82
109	399	789	476	120	64	50	86
132	362	732	428	112	61	46	85
159	392	687	423	120	63	46	91
152	396	641	460	122	55	41	80
156	377	556	491	133	61	48	81
159	389	587	495	129	62	52	99
172	419	732	555	125	56	51	110
144	455	707	557	121	56	53	110
160	438	670	514	116	55	52	116
150	423	694	474	102	50	48	113
148	398	651	423	96	47	40	110
136	378	545	373	97	50	44	110
140	353	598	354	94	47	42	113
130	411	602	336	84	45	38	112
134	373	617	340	87	49	37	117
151	365	602	369	90	47	39	107
125	410	504	341	85	46	34	97
121	370	462	333	82	46	33	105
120	352	466	386	104	57	37	108
136	371	422	413	104	55	41	100
137	444	415	430	108	59	42	104
139	425	437	426	109	65	45	119
137	430	462	460	116	66	46	103
163	402	479	422	102	57	44	97
168	437	520	530	126	63	48	104
156	372	514	483	115	62	47	96
161	340	500	463	111	56	43	72
175	350	496	434	103	54	42	79
163	399	579	442	104	53	44	105
146	347	515	294	81	47	37	100
141	359	508	313	82	42	34	99
136	363	517	315	82	40	35	101
121	349	495	332	91	44	37	107
101	280	371	315	86	43	33	77
98	394	404	294	71	41	31	89
104	375	413	265	72	41	34	88
97	363	410	260	68	39	32	86
93	417	464	254	75	43	31	74
95	411	475	319	93	50	35	78
86	334	453	311	96	49	36	69
76	347	423	308	94	47	33	84
121	350	402	321	102	50	38	128
118	279	360	297	88	47	38	127
117	291	347	238	85	41	40	127
118	283	329	251	85	40	39	130
116	262	329	233	82	44	40	123
95	280	371	328	89	44	40	80
100	335	321	386	103	46	42	80
93	351	394	379	91	43	38	95
130	332	398	369	92	46	39	102
134	368	447	402	102	45	41	97
116	360	427	341	97	46	38	93
117	365	445	276	83	42	37	93
122	361	393	276	82	42	36	80
98	378	459	347	94	44	42	75
98	402	420	338	96	51	42	83
99	397	430	325	89	50	42	84
93	398	449	328	86	48	41	85
96	427	441	347	95	53	43	87
75	454	407	286	85	51	38	79
96	432	461	301	81	44	36	76
99	454	462	322	87	45	36	81
97	433	431	373	96	50	39	83
90	396	495	393	93	53	40	92
91	377	498	397	95	53	44	89
68	347	469	398	93	56	43	88
64	364	457	378	86	53	43	86
79	375	501	335	77	52	40	94
78	425	451	307	79	46	41	84
100	427	413	305	68	42	33	83
104	422	395	304	65	37	34	88
111	393	411	321	73	40	34	107
102	391	364	304	73	38	35	100
100	374	368	274	68	42	34	96
82	352	376	269	73	43	35	108
101	380	414	223	68	44	34	106
96	380	429	210	62	43	34	86
102	370	474	275	70	42	31	90
111	335	455	297	66	37	29	91
110	408	471	332	86	38	33	78
96	385	510	365	101	40	33	78
132	367	488	398	113	46	37	84
132	396	461	365	116	52	38	76
127	395	450	341	120	52	39	83
128	311	510	370	149	62	38	87
124	312	434	339	147	65	38	83
86	336	474	293	144	61	34	75
92	274	461	337	145	57	33	75
110	301	493	362	145	58	36	73
114	357	415	329	103	52	36	80
116	369	403	402	118	54	40	91
125	369	351	434	122	60	46	95
118	369	361	399	122	59	48	96
102	345	395	381	128	59	48	92
104	281	415	378	132	56	47	84
99	285	436	370	119	51	42	75
81	302	451	364	123	49	40	76
83	297	432	391	133	59	42	90
109	284	377	406	139	63	42	92
101	297	447	411	137	62	42	102
102	295	470	354	147	63	43	102
104	266	454	333	149	62	40	100
115	270	464	306	139	57	35	97
