0	1	2	3	4	5	6	7
75	393	360	302	75	39	35	46
86	485	380	332	87	40	35	48
87	473	370	329	77	53	32	50
89	462	379	337	79	67	31	51
86	477	443	352	82	68	27	50
85	455	364	304	84	73	32	57
74	368	343	268	78	77	31	56
82	378	344	367	94	72	34	63
78	404	440	375	96	70	34	61
79	420	388	350	91	70	35	62
88	420	421	336	89	73	33	56
84	414	429	344	89	142	38	58
82	480	453	269	79	150	40	48
81	438	377	301	84	151	42	45
82	388	390	303	84	152	43	43
70	396	367	293	79	156	43	45
87	442	390	392	110	108	52	50
79	408	360	377	109	102	51	58
89	472	337	342	104	115	67	110
91	561	309	339	104	132	82	188
94	605	270	326	103	136	89	203
82	628	197	163	63	218	86	204
88	635	186	122	61	233	88	206
80	660	182	99	62	237	76	189
78	689	194	93	61	232	59	114
76	703	251	94	63	287	48	86
77	680	272	84	60	263	47	81
70	736	278	84	56	262	40	67
72	674	294	75	51	253	40	50
74	611	288	77	57	258	43	46
81	586	258	74	55	210	41	43
82	635	257	75	59	249	42	41
86	556	256	71	57	241	40	43
84	628	254	70	64	315	45	42
83	610	291	100	68	332	45	42
75	618	304	148	79	326	46	39
76	583	286	158	81	265	43	38
68	591	278	177	82	279	46	39
75	554	353	232	80	198	40	41
72	521	326	246	76	153	40	39
74	504	320	227	65	137	41	39
72	456	367	245	68	138	40	43
73	458	470	297	89	89	44	42
63	404	446	329	94	69	44	41
58	394	437	338	100	61	41	39
68	334	446	367	101	61	38	39
69	377	442	393	118	57	35	35
91	350	403	389	115	50	30	52
140	346	401	371	117	50	33	65
149	335	464	406	114	51	33	71
166	324	452	412	124	51	35	74
178	233	426	395	113	52	37	86
172	158	428	423	121	56	40	86
139	159	412	432	128	56	38	78
134	152	338	387	126	54	39	73
107	148	327	351	112	50	38	71
85	146	312	333	103	45	35	55
82	143	203	268	84	36	32	39
73	95	300	217	58	29	29	43
67	89	323	207	55	30	29	42
63	73	328	205	55	27	27	40
57	71	337	199	55	30	29	40
45	66	336	177	44	28	28	37
53	62	260	215	51	30	30	33
56	49	234	235	57	31	32	35
52	36	224	234	56	33	33	35
54	36	209	233	53	32	30	35
53	42	231	249	58	31	28	34
44	45	228	208	56	32	27	28
37	48	213	178	48	30	24	25
38	49	213	178	50	30	23	24
37	50	237	179	50	30	25	23
35	49	237	214	56	34	28	23
34	43	194	209	58	37	28	25
32	44	240	212	56	36	27	25
31	47	245	213	55	36	27	27
31	55	242	211	56	35	31	27
29	57	239	156	43	34	27	27
29	60	254	151	36	30	27	27
32	61	218	159	42	31	27	28
32	59	218	174	46	30	30	28
30	56	210	209	53	29	25	28
34	53	187	198	55	29	27	29
36	70	193	225	71	32	29	30
36	68	178	225	73	34	27	29
37	66	181	212	69	32	24	26
39	66	263	241	77	35	25	28
35	64	263	246	80	40	26	31
36	50	237	221	69	37	27	29
34	53	241	218	68	36	27	29
33	55	258	222	70	38	31	30
30	53	182	160	59	38	29	29
32	56	180	158	51	31	26	24
28	58	177	148	51	31	23	23
27	62	286	143	55	33	25	26
29	68	285	141	57	36	23	27
