0	1	2	3	4	5	6	7
107	496	205	133	58	383	42	51
100	511	181	133	60	399	45	50
98	548	173	136	64	395	44	47
120	587	201	145	79	361	46	49
116	535	164	118	72	331	46	45
116	593	206	105	72	238	44	39
110	630	212	105	71	196	40	38
116	628	216	111	69	106	34	41
92	605	222	106	55	87	31	36
85	558	224	93	46	71	25	36
67	479	201	98	49	55	28	36
64	496	205	98	51	75	31	41
64	507	239	103	72	143	38	45
66	490	220	96	70	148	39	45
99	589	298	96	73	151	42	52
104	630	311	93	74	152	39	54
111	616	326	96	73	173	39	55
102	554	296	74	48	154	35	46
112	584	332	86	56	152	36	52
96	573	260	75	51	153	36	44
104	578	247	74	52	155	40	46
96	509	273	75	50	123	36	40
96	507	270	74	53	83	36	42
82	472	213	60	44	76	38	34
72	426	218	64	46	68	36	36
49	361	220	58	41	60	31	30
51	374	148	54	41	46	33	32
51	388	150	64	48	44	31	30
49	387	153	61	51	42	28	32
41	326	139	54	51	40	26	29
44	323	115	56	50	38	29	30
41	316	117	54	50	35	29	28
39	308	127	44	41	28	29	29
50	409	134	42	37	24	27	29
55	409	133	49	38	25	28	27
54	419	144	47	36	23	25	24
54	421	145	50	38	23	23	25
54	440	129	57	44	29	26	26
46	348	124	58	43	28	27	25
43	342	131	53	42	28	29	30
41	322	107	55	43	30	28	31
41	296	101	66	45	30	30	33
43	325	111	63	39	24	29	31
42	311	115	65	38	24	28	29
38	279	107	68	35	23	25	25
39	276	114	73	39	23	26	26
39	313	119	64	36	25	24	26
34	262	109	58	34	26	23	25
34	313	106	57	36	28	23	25
34	363	103	54	35	27	23	27
32	405	95	45	29	25	22	26
38	429	88	45	32	26	24	26
37	412	86	50	33	23	23	25
38	371	74	48	33	22	23	25
39	339	75	46	35	23	22	22
46	302	73	49	38	29	25	28
39	236	65	45	38	33	30	28
41	251	66	40	38	34	31	31
44	257	68	42	39	35	32	36
46	264	70	57	42	37	34	40
39	276	74	53	42	34	33	37
41	291	68	55	40	29	28	36
38	279	62	54	38	30	26	35
35	292	54	55	37	28	26	30
30	314	57	40	33	24	27	25
31	278	51	46	32	23	27	26
26	251	56	42	28	22	25	21
25	258	58	44	27	21	24	19
21	236	59	42	24	22	23	20
22	177	50	39	22	22	20	20
24	197	49	34	22	21	19	19
25	210	50	38	28	24	20	21
27	215	60	39	28	26	21	23
28	203	60	40	30	26	24	22
27	213	64	41	29	27	24	21
27	211	62	41	31	27	26	24
29	221	64	47	31	25	26	25
29	203	57	47	32	27	26	24
32	224	63	46	30	27	25	26
34	212	60	48	32	27	25	27
33	191	60	47	33	28	24	26
31	177	57	38	31	29	24	25
32	199	64	38	28	26	23	24
29	182	57	42	32	25	21	22
29	187	59	44	32	25	21	21
