0	1	2	3	4	5	6	7
88	141	354	384	145	60	35	84
89	151	419	388	156	61	39	81
92	191	451	403	154	60	38	99
96	193	493	392	173	58	37	110
96	180	477	298	149	47	37	104
98	174	450	325	146	50	39	105
99	175	445	380	171	49	39	128
101	164	464	397	189	56	43	111
102	156	447	437	212	68	51	97
95	152	436	454	239	68	47	96
84	150	449	432	234	62	43	93
83	164	384	391	227	69	48	75
84	145	354	370	215	64	45	83
77	141	344	349	238	55	41	96
77	150	337	338	214	56	42	104
84	158	324	333	220	63	45	105
82	139	347	429	216	62	44	96
74	146	355	479	225	64	46	91
77	153	431	483	184	65	47	90
93	148	450	516	196	75	52	100
88	135	501	598	212	76	55	96
87	148	570	539	211	71	53	99
91	148	666	626	239	87	57	99
94	167	658	682	228	86	57	97
102	191	659	673	219	79	54	85
110	209	664	712	214	77	51	90
111	241	644	715	235	79	54	88
109	271	644	673	221	63	49	86
100	278	604	608	224	60	47	77
76	294	593	596	222	58	44	72
74	291	576	507	221	59	46	82
73	296	577	559	188	57	43	82
71	318	475	510	213	77	47	83
73	319	516	628	216	81	50	94
77	307	564	634	223	84	54	116
69	311	660	677	222	83	53	109
70	288	635	670	245	84	54	109
72	259	678	710	245	84	58	109
72	255	685	691	252	94	56	107
66	306	695	756	269	98	52	86
69	299	613	739	312	105	55	87
63	316	659	756	392	115	58	84
64	321	673	722	380	112	59	93
62	320	666	658	541	133	61	83
73	267	652	620	609	146	66	86
84	285	637	586	605	150	69	87
88	269	590	517	592	148	65	85
85	228	606	489	620	152	56	74
84	233	694	478	508	140	54	72
81	229	691	438	638	147	49	81
72	232	747	533	685	163	48	80
67	218	750	537	656	159	52	79
68	231	718	591	639	157	57	82
68	216	655	669	706	203	73	84
64	227	670	723	513	191	78	66
61	216	661	657	436	176	76	63
65	232	679	703	555	193	76	68
71	222	683	709	564	198	77	69
71	227	702	702	501	151	63	69
77	221	725	684	556	163	70	81
72	208	716	667	552	160	68	75
75	185	714	704	620	171	75	77
69	185	726	705	639	181	76	73
68	212	713	649	603	179	76	74
62	221	673	680	560	168	69	61
65	279	639	676	561	168	73	66
64	294	713	624	334	136	65	65
72	316	739	589	255	103	63	72
79	349	713	614	253	91	61	72
83	366	754	572	243	84	56	71
90	334	789	571	220	79	50	72
88	332	731	596	219	73	47	70
82	323	640	566	193	81	46	77
76	356	670	574	193	84	52	78
76	330	641	541	176	82	54	84
69	333	618	541	167	81	55	86
67	347	662	487	150	77	53	84
71	342	701	484	136	64	49	74
79	283	691	532	149	63	48	71
80	299	662	539	145	61	44	70
82	329	709	687	189	72	48	72
80	308	624	745	207	79	55	69
98	312	711	818	233	87	62	85
102	282	732	778	217	82	60	91
105	274	732	769	216	82	63	94
105	210	635	663	182	72	60	91
117	199	677	650	174	69	58	99
102	263	572	623	163	68	54	91
93	251	579	670	161	65	54	90
100	257	572	674	163	66	54	94
102	266	574	645	156	66	54	97
91	266	569	597	146	63	51	91
93	205	558	641	140	61	47	87
93	207	461	579	139	58	42	98
87	234	508	632	154	66	42	92
88	235	591	688	170	69	42	88
92	295	587	724	178	72	44	92
91	287	605	640	165	70	45	96
91	294	628	617	164	77	47	82
80	256	660	578	151	71	46	87
76	287	642	535	139	67	44	100
72	238	604	459	122	63	46	109
67	276	610	543	133	63	48	104
69	306	627	579	135	60	50	104
78	331	613	576	131	59	48	101
85	316	626	561	131	61	49	89
86	309	670	571	134	58	45	77
96	289	716	458	112	53	41	83
96	309	785	400	101	49	38	78
105	310	819	368	99	44	36	81
132	300	801	394	99	41	34	87
146	313	853	388	102	46	40	107
155	325	889	400	101	44	39	121
154	379	825	413	110	50	39	132
150	368	793	492	121	53	42	130
129	434	777	503	123	58	41	140
115	446	737	560	153	74	49	136
104	464	705	640	176	82	54	129
102	418	707	653	174	77	54	129
102	445	819	686	182	84	61	144
101	381	860	668	180	84	63	144
122	378	847	613	151	70	56	134
120	364	815	550	132	66	57	126
132	330	810	502	124	68	57	128
137	323	759	528	168	84	63	118
144	318	774	512	168	84	63	107
138	344	786	522	171	84	61	117
151	408	782	564	178	84	60	120
150	402	773	572	180	82	62	123
143	372	675	502	139	66	52	118
141	415	667	554	148	68	53	113
133	402	697	540	145	67	54	112
116	309	726	510	134	62	50	109
120	318	747	538	138	66	49	94
125	328	746	477	123	59	46	100
127	279	671	432	111	55	45	118
141	277	656	436	112	54	44	120
147	309	639	452	118	60	47	120
140	321	666	409	111	59	45	120
132	312	669	377	104	57	41	129
123	372	736	448	109	59	43	126
110	368	735	450	105	59	42	117
109	351	680	379	92	54	40	126
109	345	761	489	129	63	44	128
115	344	761	545	140	64	45	115
121	309	788	583	160	72	44	104
118	288	792	611	175	76	48	108
122	267	785	631	177	77	51	104
123	239	687	581	163	72	51	105
128	296	714	564	160	72	51	97
116	293	664	489	139	63	49	94
124	290	686	439	123	57	44	102
116	299	727	421	120	55	39	102
116	311	693	392	107	47	37	105
125	281	654	357	99	44	34	120
126	248	631	325	88	41	32	118
137	268	578	455	104	48	39	129
136	276	574	451	105	48	37	119
130	268	592	445	105	49	37	126
111	234	575	428	98	46	38	133
120	231	572	430	101	48	41	139
95	222	558	305	83	42	35	118
89	209	521	319	84	42	35	122
88	213	478	340	84	42	34	128
98	204	473	343	84	42	35	125
85	202	458	331	79	41	33	125
92	167	465	350	79	39	36	138
94	191	523	340	80	41	36	135
95	180	597	345	79	46	36	119
92	225	649	353	83	49	36	106
103	218	636	370	90	48	34	97
96	232	573	334	84	47	32	89
101	230	522	324	85	47	33	86
102	238	463	326	87	42	33	82
101	203	485	349	100	43	34	82
87	208	501	323	96	45	35	85
87	202	557	380	102	45	36	85
85	215	601	461	126	50	40	95
85	244	572	440	122	48	43	100
98	241	529	464	125	50	43	101
100	239	615	487	135	51	45	119
103	232	566	449	133	55	47	117
100	197	511	363	107	54	43	120
122	140	514	355	106	62	45	147
132	145	599	354	94	67	49	146
132	204	532	343	87	72	47	136
145	209	558	359	86	72	47	139
148	202	564	373	87	69	49	139
129	214	573	374	90	63	43	106
113	219	504	386	99	67	37	115
119	206	553	381	99	70	36	118
106	228	573	375	106	72	38	113
107	223	546	359	106	72	36	123
119	212	527	355	105	73	36	126
119	202	530	358	103	68	45	123
112	165	472	342	102	100	43	118
106	117	468	321	95	113	44	116
109	119	457	359	105	120	47	96
102	120	517	379	105	120	47	116
110	123	468	309	94	122	43	121
129	115	454	298	94	92	45	120
134	130	438	347	102	98	42	122
142	129	445	325	101	113	42	126
145	168	372	304	103	114	41	105
134	161	448	351	115	113	36	85
145	185	470	369	120	116	35	85
147	193	475	348	113	100	33	98
137	199	534	337	105	79	31	96
132	174	550	356	110	80	33	96
137	191	628	459	118	80	38	111
115	195	643	450	111	76	38	119
107	201	640	495	122	72	40	123
109	210	600	536	132	69	39	142
120	219	620	524	132	71	41	144
126	254	559	388	116	67	38	141
123	267	579	426	132	70	41	133
122	267	590	389	124	70	40	117
124	288	645	394	137	70	43	105
122	291	681	432	151	69	44	102
113	254	691	551	167	71	44	95
150	246	745	670	188	75	50	128
153	255	783	687	209	78	55	131
155	259	764	753	227	81	54	120
167	273	781	777	239	81	55	140
170	306	769	737	229	76	55	146
135	295	723	632	205	68	46	120
130	321	684	615	193	65	42	147
119	312	693	527	167	58	42	151
100	311	644	522	151	55	39	152
85	330	645	555	167	58	43	146
97	335	597	556	168	60	47	146
102	296	607	576	182	64	50	117
107	291	603	638	188	70	54	120
122	312	693	613	205	73	55	121
133	278	637	588	208	76	57	121
148	320	622	616	220	76	54	123
145	339	645	713	258	86	58	122
157	331	709	743	272	90	60	115
139	339	623	748	255	92	64	98
133	345	720	732	240	90	61	98
120	306	765	733	230	88	62	107
131	315	782	665	167	75	60	116
121	311	749	627	124	68	57	113
125	276	798	605	115	60	52	120
129	266	777	575	111	54	50	126
121	266	798	614	118	55	51	126
123	281	769	569	116	54	47	122
120	290	723	533	125	58	46	128
124	302	728	595	137	59	47	114
122	288	770	637	146	61	50	109
123	282	746	559	132	58	46	93
113	252	703	549	128	57	47	86
119	260	796	498	114	46	42	81
108	261	780	441	101	47	41	80
113	287	749	406	91	46	40	82
125	329	727	440	102	51	43	97
132	313	755	480	115	54	47	107
128	310	645	455	114	53	46	105
137	307	698	517	132	65	51	106
141	319	713	576	144	68	53	99
125	275	710	528	136	66	53	101
119	276	691	468	120	62	50	104
114	255	813	480	119	62	49	100
106	292	764	426	93	45	41	110
85	271	740	432	92	38	34	112
88	290	721	429	91	37	32	110
91	285	732	446	94	37	29	107
95	288	603	481	111	42	37	114
112	243	556	448	114	43	36	108
118	258	514	439	105	46	40	109
118	264	527	511	123	48	42	99
112	273	501	501	122	50	42	84
111	329	478	471	110	50	38	104
98	321	475	520	117	52	40	117
113	330	535	567	137	59	42	119
115	320	560	540	129	60	41	133
133	344	570	538	128	58	41	140
151	322	737	654	183	69	51	138
202	339	797	706	192	72	57	129
194	303	757	700	192	72	57	126
191	329	740	672	187	69	57	117
182	296	730	713	194	69	58	118
174	277	602	694	170	66	55	103
114	258	494	630	164	68	54	98
140	285	403	518	138	59	51	99
175	273	449	550	146	60	51	110
177	293	532	620	161	69	55	105
169	339	603	534	133	60	49	98
168	332	654	583	139	56	46	95
145	313	754	645	155	64	50	95
106	310	716	649	154	65	50	87
109	326	733	575	137	58	47	88
114	339	725	563	136	58	47	88
108	361	728	508	119	56	42	87
103	384	676	448	102	50	36	93
98	375	696	422	100	50	36	108
100	360	686	442	110	52	35	112
111	300	690	486	116	55	35	116
123	283	680	491	118	52	36	127
123	261	663	475	120	58	37	140
131	237	770	529	132	59	36	129
122	229	771	484	120	62	34	125
119	242	776	496	131	64	37	128
124	281	770	539	140	68	39	126
138	269	778	581	144	63	39	114
130	265	638	512	136	62	38	105
136	300	629	512	139	58	39	104
125	277	586	467	139	58	41	100
114	223	552	352	132	52	38	94
96	276	551	275	129	51	36	88
94	291	559	287	128	48	36	92
86	350	496	288	148	49	35	89
98	359	463	316	140	43	31	105
92	396	540	358	140	44	31	105
101	370	645	400	216	53	34	99
110	367	741	553	258	68	41	96
119	292	787	618	263	75	46	126
109	331	842	645	270	79	48	134
108	329	861	709	313	84	51	139
102	364	802	691	283	83	49	138
97	380	737	576	250	73	45	140
93	387	698	523	233	63	41	129
112	365	653	487	267	69	46	127
109	334	648	406	222	68	43	121
111	332	608	399	221	60	43	123
104	317	610	412	216	58	41	117
96	373	605	364	214	58	39	101
86	391	617	329	150	45	30	82
105	396	572	319	138	37	34	93
128	379	623	379	139	42	41	96
146	378	591	363	148	54	42	112
150	302	595	389	161	58	41	111
143	261	585	393	187	63	42	102
132	241	569	514	259	66	41	87
108	222	560	525	257	66	37	109
97	216	572	561	257	61	40	106
93	314	576	586	313	63	40	105
94	313	594	603	302	60	39	106
98	329	621	523	271	66	39	111
107	346	611	487	274	66	39	88
101	356	654	511	296	70	38	121
109	318	655	501	249	76	46	150
107	312	586	500	250	77	50	159
106	320	605	547	275	77	53	160
128	320	600	566	285	86	55	161
129	342	554	532	304	82	53	129
119	292	619	525	320	84	46	108
121	303	658	600	365	101	50	97
116	303	649	587	365	109	52	99
89	336	732	685	370	109	51	94
87	304	759	789	378	120	57	96
84	311	706	789	391	120	61	80
84	324	698	742	350	101	54	75
128	332	650	704	348	93	50	74
130	280	554	621	370	111	58	79
132	314	550	605	492	154	66	80
135	327	555	652	586	182	80	82
140	309	659	730	624	193	85	94
117	313	685	766	636	195	83	105
117	319	773	835	644	192	85	107
119	296	869	844	539	191	86	107
117	302	869	809	429	174	77	104
160	339	832	809	455	171	82	121
153	318	823	778	466	180	87	110
149	294	738	774	456	179	83	104
144	289	659	704	453	143	74	99
148	282	682	750	439	137	70	109
106	281	627	693	537	154	66	82
104	293	677	723	532	168	62	75
107	315	719	633	554	188	66	78
104	359	707	598	597	185	61	79
98	360	726	576	588	180	62	70
86	352	732	571	491	169	67	66
80	354	681	515	480	145	66	68
80	404	663	531	429	112	62	80
86	386	643	526	385	110	65	81
101	379	620	531	397	119	71	81
98	361	621	493	392	140	64	85
99	356	646	486	426	148	65	100
111	286	665	435	445	154	69	90
109	266	683	435	433	151	67	93
96	269	649	409	459	141	59	89
95	265	667	461	398	111	55	89
100	259	750	589	367	121	63	76
96	288	725	619	349	109	61	81
106	269	703	623	390	121	59	80
112	273	771	622	372	156	73	81
113	278	777	605	439	159	75	91
109	267	695	545	460	172	77	86
109	223	674	557	589	210	87	86
105	262	696	685	708	226	96	86
109	257	642	694	720	211	91	91
108	248	591	699	721	208	92	78
113	242	628	687	712	189	88	83
104	242	659	687	614	176	74	86
113	259	623	579	534	161	67	90
103	253	630	520	560	175	60	94
103	276	653	610	579	221	65	93
102	306	656	611	675	246	70	88
92	334	708	596	688	251	82	83
89	298	779	589	661	256	86	81
98	311	772	622	650	253	88	72
102	294	755	502	616	222	82	83
110	266	738	524	493	195	74	88
141	252	747	620	458	165	66	93
129	247	717	590	385	141	59	99
138	279	711	586	372	128	62	102
134	273	737	605	335	112	62	95
129	342	733	541	288	102	63	100
111	364	715	551	283	94	59	99
112	429	691	556	267	98	60	88
96	419	668	517	176	82	50	89
102	437	689	550	147	82	53	88
96	424	682	613	155	82	53	77
78	413	594	538	162	87	56	70
78	343	544	525	153	82	52	68
77	320	544	523	151	82	54	74
85	343	502	498	148	83	55	86
82	307	519	424	132	77	50	83
86	309	608	368	106	72	46	81
84	311	669	425	114	73	46	82
89	308	676	485	129	73	47	76
77	268	639	506	133	64	46	67
75	262	658	576	146	64	47	69
73	250	672	642	173	72	53	74
76	259	669	706	194	80	57	81
75	279	713	725	196	78	58	77
74	273	792	792	224	88	61	69
76	255	774	831	235	90	65	69
71	276	690	775	215	81	58	61
66	279	650	714	197	75	57	55
87	302	767	811	223	84	64	58
110	374	724	740	199	79	61	75
113	383	723	688	193	74	57	90
122	372	810	726	203	76	65	100
147	365	883	867	242	91	77	119
133	360	766	765	212	83	71	124
122	321	777	823	221	77	69	122
124	331	804	785	209	77	70	117
116	330	724	745	196	72	62	108
88	337	650	581	140	48	43	86
92	323	637	629	156	49	45	74
81	280	607	508	121	45	40	69
85	274	604	609	158	57	45	84
90	268	711	709	196	72	54	116
88	301	712	719	201	73	54	118
80	275	700	675	188	70	50	119
89	296	722	757	217	80	57	120
81	311	704	689	191	73	51	106
71	306	606	656	179	66	46	74
68	267	569	635	197	68	47	75
78	267	604	654	214	78	53	82
77	286	617	705	224	80	56	87
75	273	543	732	233	84	58	86
83	260	543	700	221	80	55	91
91	250	597	807	260	86	63	93
81	310	544	775	243	75	58	89
85	341	515	781	236	77	57	87
86	352	540	751	239	74	55	87
78	366	556	728	236	76	57	81
71	376	513	637	183	69	48	77
78	332	532	683	222	80	50	78
64	262	496	530	201	65	42	75
68	267	498	550	187	66	44	83
69	244	432	534	190	64	42	88
68	234	432	496	178	62	42	85
64	237	439	456	149	56	40	82
72	241	505	530	157	62	44	74
67	195	578	635	174	66	47	60
74	196	638	702	185	75	51	61
91	222	666	753	244	90	57	72
94	210	741	818	250	92	60	79
87	214	700	760	238	90	55	79
87	225	621	674	229	84	49	84
101	217	630	670	225	77	46	85
89	181	599	596	171	60	39	91
88	199	568	539	178	63	39	86
100	181	547	571	196	66	42	89
110	154	578	649	218	72	46	88
101	195	513	606	219	76	47	88
99	190	513	611	216	75	46	78
98	183	418	555	191	67	41	74
94	184	458	590	179	62	42	74
83	206	427	477	157	58	38	84
80	239	433	447	156	54	36	94
85	243	412	479	156	53	38	100
85	242	446	489	153	54	39	100
84	241	469	512	179	65	44	100
84	229	488	501	166	62	42	94
78	163	470	505	169	59	41	80
83	162	467	481	161	55	39	74
80	164	447	565	187	59	49	84
81	175	445	495	180	64	51	92
82	174	435	528	192	67	53	93
106	168	491	555	186	75	57	95
100	162	501	596	194	81	60	97
100	159	496	500	165	77	52	90
98	204	461	500	143	67	44	79
111	195	488	493	137	68	49	77
86	196	436	458	136	58	45	75
84	214	439	423	152	56	47	73
85	202	439	446	165	60	48	75
85	154	458	460	169	58	50	88
71	177	434	445	164	51	44	91
75	181	460	467	156	51	45	90
84	166	479	435	138	45	38	99
90	188	505	546	138	54	47	122
112	217	511	528	137	55	46	116
113	224	565	562	139	57	49	114
119	234	563	543	136	57	50	118
116	230	537	530	125	59	50	112
127	216	601	451	120	50	43	89
107	192	575	422	110	46	41	91
108	179	498	400	123	54	41	88
114	195	469	432	135	60	41	81
128	261	530	511	155	65	46	88
141	282	461	516	157	64	47	86
147	301	515	599	173	67	51	81
170	315	501	574	158	62	52	83
238	327	532	595	153	57	52	91
238	288	488	620	150	54	49	86
234	306	499	577	141	54	47	80
235	276	422	497	124	52	45	98
225	272	443	492	120	48	39	96
157	295	489	458	116	50	38	88
157	346	490	358	113	52	38	81
140	372	455	356	109	50	38	88
197	376	450	341	105	46	35	78
194	371	453	391	119	50	39	82
181	337	386	402	116	48	36	82
174	316	396	375	99	43	37	86
186	277	384	356	98	43	35	83
155	274	414	469	117	55	41	84
148	281	426	472	117	55	40	82
147	283	433	475	126	57	42	96
147	275	424	524	139	59	46	99
202	306	531	580	150	61	47	111
190	305	551	560	143	54	42	104
191	339	549	521	134	53	46	105
204	338	549	538	135	56	48	101
236	340	589	519	124	54	44	108
193	306	502	456	109	49	44	95
181	301	461	377	101	47	46	102
187	270	423	378	99	46	41	111
187	280	420	307	78	37	38	113
151	274	386	273	72	32	37	103
143	294	418	454	128	58	46	118
143	307	416	476	134	60	48	136
215	296	485	530	146	64	55	151
218	278	624	620	164	72	56	151
226	314	661	647	174	76	57	151
225	284	685	575	144	64	51	149
251	293	735	629	164	68	51	141
205	305	714	593	156	65	45	118
194	338	683	597	155	64	47	118
207	304	640	583	151	70	52	134
227	370	590	576	152	68	53	126
208	359	549	523	128	64	51	123
201	353	625	576	141	66	53	135
213	335	563	461	121	60	49	129
185	364	707	504	115	52	40	108
169	308	723	486	118	53	40	112
155	340	725	458	110	48	38	105
150	388	689	407	90	46	34	96
128	391	743	452	99	45	33	112
151	445	663	440	109	50	42	157
139	462	732	468	107	49	41	154
150	542	748	476	117	54	43	154
147	573	722	484	123	55	45	153
151	565	758	455	115	53	46	149
133	496	799	461	112	46	43	126
127	506	747	455	108	45	40	133
129	413	780	468	104	39	39	129
126	320	814	484	108	42	38	125
134	324	764	470	109	46	37	147
148	385	753	480	115	51	35	131
176	356	792	527	142	60	40	121
191	384	819	553	152	67	44	126
192	388	789	524	142	64	45	126
190	396	741	542	145	63	47	105
189	336	655	516	139	61	45	107
232	389	660	622	161	67	55	122
222	392	567	707	183	71	55	132
228	470	627	781	204	79	61	144
224	466	629	794	204	80	60	148
224	492	632	831	216	87	63	149
162	473	576	730	190	84	51	137
150	464	622	648	164	83	48	122
134	391	637	621	152	79	39	132
144	380	708	631	152	80	39	129
146	347	713	565	132	75	40	145
160	335	789	520	116	65	41	146
156	288	797	457	113	59	41	149
159	279	729	359	98	55	40	146
171	279	718	420	119	55	42	135
152	274	739	441	127	54	42	115
165	259	658	479	135	57	42	120
172	251	615	548	139	56	42	125
171	253	664	634	156	64	46	113
147	278	632	590	148	67	49	115
145	307	646	597	147	66	47	109
141	281	661	639	156	69	49	110
135	284	660	600	149	67	50	114
134	286	611	502	127	57	45	112
137	286	560	495	125	52	43	106
138	298	522	480	119	53	41	113
108	298	510	394	102	50	41	110
125	295	500	374	98	48	41	100
134	335	558	387	101	50	41	94
159	310	575	343	86	47	39	120
162	280	620	323	82	43	40	115
154	306	660	360	90	44	37	113
142	321	770	373	93	43	37	107
190	287	754	402	102	45	38	110
174	291	743	402	105	46	36	86
169	269	732	385	105	49	36	112
172	235	706	332	91	44	35	123
184	256	564	315	84	44	34	127
162	245	520	259	76	46	33	131
161	250	577	291	82	52	33	136
162	256	516	279	85	54	34	123
165	272	487	308	91	55	35	121
168	257	581	379	99	55	38	139
144	260	590	378	95	51	39	137
150	264	564	360	99	49	38	146
164	266	599	362	95	48	40	141
157	259	575	333	91	47	37	136
161	254	506	301	91	73	37	124
156	217	491	312	99	113	44	120
149	254	486	323	95	129	48	99
142	267	452	349	99	129	44	100
149	266	507	366	98	132	44	94
146	266	614	341	92	124	42	98
138	313	673	366	91	96	38	120
135	278	710	372	90	73	34	120
129	330	789	376	101	76	41	131
155	332	763	375	114	80	46	154
169	325	700	377	118	80	49	151
170	300	673	340	112	83	48	129
171	300	624	301	107	88	47	147
175	222	518	275	97	95	46	150
154	253	500	252	106	91	42	131
116	267	428	279	139	95	41	128
113	256	396	307	171	94	39	142
107	277	465	338	190	101	42	125
120	343	480	360	197	95	41	113
121	314	497	477	265	115	45	119
119	314	541	464	265	111	44	117
125	357	608	480	275	118	46	106
144	347	557	489	278	109	44	116
140	287	541	530	284	108	42	114
143	296	666	482	234	86	40	109
145	281	645	490	221	80	38	108
142	263	620	467	222	57	33	109
125	301	713	534	217	56	37	106
109	305	745	566	219	57	41	123
98	291	696	597	208	58	42	125
96	305	758	630	266	67	48	140
95	273	781	669	251	85	54	151
119	214	744	650	256	86	53	145
121	198	732	624	303	84	48	129
127	204	735	697	315	87	51	127
124	187	716	655	281	91	51	110
126	170	759	713	296	76	46	85
100	162	733	667	302	74	46	85
106	206	725	661	312	87	52	79
111	201	681	601	333	107	60	91
122	204	763	656	362	105	59	95
120	253	664	552	357	107	59	95
128	275	644	564	364	111	61	97
131	266	666	538	321	107	60	103
122	262	678	467	333	86	49	87
117	287	538	437	350	82	46	83
131	248	571	613	523	93	53	83
174	239	574	691	550	93	52	89
172	209	587	728	585	92	51	105
167	208	547	719	572	94	51	107
169	172	620	731	551	101	53	110
188	174	664	667	407	104	52	123
152	156	662	632	421	105	51	122
139	160	600	585	417	124	54	98
148	192	685	634	407	131	59	96
178	192	668	671	567	156	64	116
156	222	615	811	634	162	72	116
157	246	636	867	709	200	91	129
165	247	676	868	701	195	90	132
182	234	643	898	777	215	93	138
157	234	641	869	700	204	91	120
157	205	635	686	679	204	86	115
156	209	635	648	696	192	70	99
152	209	606	716	710	215	81	102
123	212	563	718	690	213	81	98
110	227	501	725	695	212	84	98
110	233	527	741	698	209	86	93
112	213	518	712	625	194	85	84
107	219	589	657	633	165	73	77
114	219	576	570	595	148	70	74
116	207	565	526	547	136	65	72
113	201	632	563	473	128	62	68
117	196	707	617	430	129	73	89
143	220	633	597	364	121	76	94
139	209	710	628	311	106	72	91
137	209	739	651	306	107	72	87
135	235	719	646	320	108	72	91
125	258	611	527	241	88	59	78
122	268	619	525	215	87	59	80
119	317	679	529	206	88	58	79
128	326	693	594	229	91	64	86
140	317	628	542	199	78	61	82
134	315	632	542	196	77	61	80
134	298	661	554	208	85	61	84
142	264	547	612	216	90	67	105
132	256	515	590	193	84	61	101
114	261	526	602	199	90	61	103
121	247	542	717	227	95	66	114
104	252	568	827	242	95	73	116
103	232	517	747	215	83	65	100
107	226	511	723	217	87	66	106
106	209	501	704	203	78	61	103
113	204	494	589	170	71	55	102
141	221	458	506	161	66	52	106
134	241	522	593	186	70	57	113
133	237	492	545	162	59	53	107
133	252	463	534	164	59	54	110
130	259	468	548	168	61	55	112
113	223	513	499	143	53	45	102
106	242	435	386	108	44	35	93
105	239	495	463	132	51	34	95
113	235	500	481	136	56	38	94
124	260	544	486	139	56	36	97
113	272	555	530	145	57	38	102
126	249	625	615	165	61	44	118
134	247	597	609	158	62	49	133
146	247	616	617	156	60	47	144
138	234	567	617	160	58	48	138
133	235	497	569	160	56	48	154
136	265	435	481	140	57	45	165
127	260	418	445	127	48	38	161
109	277	466	443	140	49	38	165
101	290	550	482	136	54	40	167
106	323	544	474	124	55	41	148
89	309	541	481	124	52	40	130
95	350	546	453	127	54	41	130
89	342	619	469	122	58	41	113
94	347	633	476	134	63	43	105
83	336	654	434	128	61	40	107
97	340	724	449	129	64	39	114
107	338	757	527	148	70	44	104
107	327	675	489	144	73	45	106
99	304	605	441	131	66	39	99
100	330	620	469	141	71	47	98
84	338	524	458	149	73	47	79
74	316	610	491	148	72	47	80
109	346	633	488	141	67	50	94
127	354	638	532	148	70	56	138
133	306	634	508	137	62	50	139
136	304	662	487	123	58	51	137
152	291	584	481	119	53	50	139
128	278	603	520	125	53	48	128
116	252	594	486	120	48	42	79
120	266	546	485	129	54	45	75
123	282	558	549	141	53	43	104
102	315	519	495	135	53	40	110
100	328	444	452	125	52	37	110
98	334	500	422	119	50	41	112
89	332	520	448	129	48	39	119
88	298	501	375	149	51	43	137
96	277	539	374	220	60	44	147
104	233	531	374	346	73	45	146
103	230	621	500	393	84	46	157
104	240	646	515	396	85	47	154
117	255	626	520	389	82	43	121
132	240	594	471	351	80	43	96
129	245	647	498	240	68	42	119
128	262	550	381	154	54	38	101
127	249	515	388	176	60	41	99
113	232	567	406	176	63	44	111
80	223	599	401	183	55	41	125
81	238	573	371	167	53	39	105
78	221	539	354	165	59	43	105
81	228	536	322	120	50	41	103
99	219	517	321	115	49	40	107
126	240	458	331	104	52	43	93
130	218	421	322	107	53	45	98
135	233	420	400	109	59	51	107
130	299	404	373	107	60	52	107
121	304	346	336	101	58	50	132
106	304	367	354	97	56	50	135
101	324	476	422	119	66	48	130
90	305	475	362	118	66	39	124
95	306	519	377	122	73	39	137
87	302	532	387	128	76	39	112
69	293	518	373	140	83	39	115
87	293	424	319	136	78	42	114
90	305	429	352	142	69	39	115
93	248	397	358	146	66	37	111
93	267	427	336	141	65	35	98
100	270	442	327	125	56	35	101
99	258	441	314	112	48	31	104
111	252	429	278	99	52	33	108
125	224	409	224	105	45	27	101
131	189	369	225	113	52	32	100
138	176	345	215	115	57	33	90
147	182	343	198	112	59	35	89
142	198	385	158	119	62	37	89
124	204	380	189	110	61	41	82
123	252	435	257	130	60	39	83
117	265	457	306	146	61	41	87
100	260	501	331	148	64	43	95
102	286	472	367	152	61	45	101
103	304	473	358	146	61	43	134
100	275	415	311	117	56	42	160
105	268	442	272	95	53	40	164
127	291	472	259	93	50	38	161
120	260	474	247	117	53	34	175
123	276	474	259	140	59	37	150
129	296	548	351	164	59	39	118
119	296	527	402	186	60	38	108
99	286	482	398	196	61	36	104
106	272	467	457	192	62	41	85
109	228	463	470	193	60	41	114
99	206	384	420	197	57	38	120
117	214	393	402	186	54	38	128
110	215	367	429	187	54	40	130
107	243	352	348	183	49	37	119
105	241	358	323	171	48	35	93
117	246	435	384	160	52	37	92
116	241	530	430	172	66	49	86
119	233	564	442	173	66	50	83
125	228	586	466	164	62	48	116
127	225	593	477	181	59	50	134
122	235	543	455	188	60	51	137
102	256	450	422	195	47	40	132
103	253	462	476	190	48	43	153
94	239	431	563	239	71	52	136
102	286	442	575	245	76	51	123
94	262	463	584	244	76	47	120
105	238	446	583	243	76	50	119
110	239	379	527	249	74	46	94
142	240	391	425	206	61	36	85
158	187	391	492	226	62	42	79
157	196	352	471	250	60	44	93
150	198	350	501	244	67	43	94
154	180	407	525	245	71	46	96
154	196	438	527	242	69	46	92
138	195	453	490	241	66	43	94
144	198	464	529	228	67	48	93
155	207	459	483	214	59	45	101
142	196	413	461	207	56	41	100
124	174	469	525	216	52	44	105
118	191	464	499	179	50	45	108
113	180	513	545	185	56	49	128
108	166	530	544	188	61	52	130
114	189	526	532	207	61	54	133
96	190	427	523	215	67	57	127
98	188	393	527	212	69	57	124
96	179	322	434	180	60	49	90
83	173	272	414	173	54	47	77
78	152	265	405	164	63	50	60
80	174	294	307	133	57	46	62
78	161	297	300	140	56	45	65
83	170	282	286	150	60	46	71
96	175	309	289	158	62	47	96
117	183	337	297	147	53	42	106
116	156	336	303	146	50	40	106
108	157	354	312	151	49	39	103
102	148	388	309	171	43	37	95
91	143	435	353	191	46	39	85
59	138	418	394	192	53	44	73
64	154	399	389	193	56	46	85
76	164	381	387	184	53	43	88
82	180	366	414	170	63	46	86
84	186	304	391	155	61	43	76
99	178	285	338	151	54	39	80
96	189	391	339	149	49	35	64
89	177	392	320	146	52	37	69
113	160	363	271	121	41	34	82
116	174	409	275	119	36	31	83
104	187	504	365	117	38	30	84
113	177	450	369	115	37	31	86
110	187	465	357	111	40	31	76
92	197	488	379	115	40	31	69
98	174	447	356	103	42	29	64
98	158	367	293	96	41	31	84
97	178	392	312	118	49	33	92
102	202	370	304	115	45	32	95
97	217	351	277	133	48	32	92
91	226	388	305	142	52	37	96
