0	1	2	3	4	5	6	7
70	286	67	63	39	140	29	31
68	271	90	73	43	140	30	33
81	261	97	73	43	147	30	37
89	251	100	75	46	162	33	39
92	301	101	76	45	132	28	36
107	379	112	62	48	138	29	38
129	523	143	64	51	145	35	42
120	511	140	61	49	129	36	40
114	519	143	59	46	107	33	39
109	494	176	58	43	118	34	40
99	462	177	59	38	104	35	38
71	296	160	49	34	95	29	34
73	307	193	53	34	94	28	33
72	332	198	54	36	82	28	35
74	373	187	58	37	63	31	39
79	428	209	58	37	112	32	41
104	454	239	80	46	128	39	53
112	516	237	93	56	137	44	58
116	549	236	97	58	142	47	58
112	541	226	96	58	140	44	54
103	561	219	93	59	110	42	53
87	682	222	82	55	144	39	43
80	663	204	66	47	142	33	38
77	630	201	61	45	139	30	39
85	666	206	60	45	139	31	41
85	643	231	63	49	138	35	43
74	487	188	52	40	126	33	39
68	495	179	47	41	154	35	38
72	530	201	46	41	154	34	40
87	586	233	47	42	160	37	43
87	650	217	41	41	184	36	39
90	679	240	49	46	192	52	47
91	663	240	50	46	173	51	46
86	623	218	50	45	173	52	44
69	586	179	53	45	167	52	42
69	478	161	56	41	138	50	44
64	497	135	53	40	79	30	37
60	529	137	54	38	63	29	36
57	530	139	52	35	60	27	33
47	454	132	47	32	55	25	29
40	446	101	45	31	49	25	26
40	457	108	43	28	61	25	25
40	401	110	38	28	59	26	26
39	443	111	39	29	58	26	26
38	501	123	43	32	59	28	28
38	493	121	45	32	64	28	28
35	428	92	43	33	54	28	27
38	498	89	46	33	52	27	27
39	468	83	45	33	71	26	27
43	435	67	41	32	73	21	24
47	438	70	35	31	67	21	25
50	437	73	36	29	60	22	26
56	351	67	32	28	61	23	24
60	358	74	35	31	40	24	27
55	321	73	33	34	39	24	28
55	302	69	34	34	38	24	26
54	298	70	32	34	38	22	25
50	300	63	32	35	39	22	26
44	266	57	28	32	35	20	25
47	284	72	27	26	31	20	25
43	287	74	40	26	29	20	25
44	283	75	43	28	28	21	24
41	290	83	45	27	29	24	26
42	308	87	48	35	33	28	28
44	283	77	50	38	34	30	31
45	288	80	40	39	36	33	32
47	426	90	44	42	40	32	33
45	409	83	47	43	39	31	30
47	414	84	49	38	36	28	30
42	488	83	49	38	33	28	27
42	486	79	50	37	38	26	26
41	365	66	48	32	32	25	26
39	392	68	47	29	32	25	25
38	396	63	44	29	34	24	24
35	301	61	43	25	34	20	22
32	289	58	42	24	29	20	21
28	296	58	42	25	29	20	20
34	275	58	42	31	28	20	21
31	263	55	39	28	26	22	20
35	257	54	38	30	28	23	21
40	259	58	39	27	26	22	19
43	272	59	35	29	27	22	22
39	294	58	41	26	27	21	23
41	343	69	45	30	28	22	27
41	343	68	46	33	29	23	27
37	348	64	44	33	29	24	29
34	340	64	44	34	29	25	29
35	328	63	42	34	27	27	28
33	267	52	39	36	28	25	24
33	305	62	40	36	28	24	25
33	293	64	43	38	27	24	23
32	300	62	43	35	26	22	23
32	290	60	40	33	27	19	21
33	285	58	40	31	26	20	22
33	232	47	39	26	24	21	23
37	265	47	37	27	27	21	25
36	241	43	35	27	27	23	23
