0	1	2	3	4	5	6	7
50	284	208	97	50	30	22	24
50	329	242	101	65	33	25	27
50	312	263	115	71	32	23	26
46	295	244	134	72	31	25	26
46	279	229	124	73	33	26	26
44	271	229	124	68	30	26	26
46	286	225	128	64	29	25	25
46	299	227	115	61	32	25	25
49	305	225	109	63	32	24	26
51	287	220	102	63	30	26	26
51	283	209	98	62	32	25	27
45	216	170	93	61	32	24	26
41	181	110	95	65	32	25	29
38	181	113	80	73	36	29	29
35	160	97	82	73	35	27	28
36	160	96	82	75	34	27	29
36	148	90	76	72	30	27	27
45	145	77	73	65	31	29	29
43	119	59	78	50	28	24	29
43	132	62	91	50	27	25	30
40	136	61	88	62	28	26	29
41	131	69	101	68	29	27	30
32	129	64	98	71	32	25	27
33	129	63	105	70	30	25	26
32	106	59	102	70	33	24	24
37	91	59	108	65	35	22	27
35	132	48	96	71	36	21	27
33	124	41	98	70	31	20	26
33	123	40	84	71	30	22	26
33	143	41	68	69	27	22	27
28	145	50	57	61	23	22	25
28	126	53	65	58	21	20	22
26	132	54	83	53	21	20	23
28	136	55	93	59	28	25	25
29	124	57	102	56	29	24	27
33	118	54	105	59	31	25	27
32	104	55	109	62	34	28	28
33	106	54	98	65	35	29	26
32	107	60	98	66	35	27	24
29	98	58	104	70	35	25	21
26	100	55	107	71	34	27	21
25	104	50	96	67	32	25	23
27	96	55	90	69	33	22	23
26	100	47	85	65	28	20	22
29	107	46	80	68	29	21	24
30	105	43	74	69	29	19	24
31	92	43	75	58	29	20	23
30	105	37	79	57	26	20	24
29	109	36	79	64	26	21	25
28	109	36	70	70	30	20	26
27	120	49	97	72	28	20	26
24	121	53	105	84	31	24	26
22	113	52	109	96	33	23	25
25	133	54	110	100	34	24	27
24	132	54	118	93	30	25	23
26	118	42	101	92	31	25	24
27	121	37	95	95	30	22	24
27	115	36	89	85	31	22	24
26	88	36	85	81	30	22	23
28	81	36	77	86	32	22	23
27	82	35	80	83	32	22	22
28	82	36	84	80	34	20	21
26	82	35	81	74	32	24	22
26	70	34	82	68	30	24	20
24	71	32	75	74	27	22	21
24	81	32	63	75	28	22	22
23	85	31	55	65	22	24	22
23	98	32	57	65	25	22	23
25	96	32	60	69	26	23	25
25	96	32	79	58	27	24	23
25	91	31	86	64	26	24	24
30	83	36	103	67	28	24	25
31	119	40	113	79	29	24	25
29	120	39	122	74	28	23	25
29	122	38	114	77	31	26	25
28	124	40	115	84	31	27	25
25	143	44	114	86	30	26	23
31	144	48	111	76	29	24	25
