0	1	2	3	4	5	6	7
105	231	511	622	233	86	44	67
125	234	588	659	256	98	45	67
129	276	575	631	241	98	48	74
131	258	685	655	236	101	49	82
128	264	660	629	241	98	48	77
126	257	701	601	239	100	55	90
113	262	697	591	224	90	53	87
112	252	774	640	238	92	52	90
112	288	721	574	244	95	56	86
103	293	766	639	245	95	68	94
104	294	749	691	271	100	72	96
99	296	738	689	299	110	72	96
104	297	671	646	287	110	73	94
99	285	596	609	267	102	71	88
101	282	585	643	281	103	67	89
132	329	646	590	253	93	58	73
150	334	657	593	223	87	59	92
154	332	630	562	203	83	60	95
163	321	628	557	201	84	59	97
161	339	602	507	172	79	53	111
137	333	509	471	166	76	52	112
123	336	460	454	150	69	48	98
140	320	529	493	144	61	42	91
142	330	547	496	142	59	41	100
153	344	529	519	153	64	42	84
150	303	613	584	147	58	42	86
148	299	605	578	145	59	45	88
140	305	560	550	141	60	45	101
158	344	612	640	154	62	47	101
146	338	620	621	134	55	43	97
155	357	539	555	124	52	40	98
161	358	564	603	131	50	38	96
156	389	559	613	133	54	42	101
149	341	508	569	126	52	43	95
146	320	501	515	119	49	42	89
139	291	497	515	118	47	41	96
130	308	458	477	116	52	42	101
130	281	522	551	140	57	41	81
116	280	577	629	184	73	50	81
110	263	559	662	195	80	55	96
105	269	575	720	224	89	59	89
130	262	598	710	224	88	63	109
136	287	596	659	213	87	65	114
128	297	511	550	182	76	60	113
139	292	500	482	167	70	60	110
168	283	483	398	127	63	58	118
154	261	500	423	125	63	53	103
140	201	462	440	121	60	49	103
148	220	495	428	106	55	47	103
145	217	485	465	119	55	40	114
134	216	536	513	138	56	38	111
147	221	492	507	132	52	41	117
151	247	492	475	134	50	43	119
152	227	453	460	128	50	41	123
148	242	498	458	115	49	43	116
128	270	512	433	94	43	40	107
118	281	546	428	112	49	42	102
125	293	541	447	108	49	45	100
138	280	602	459	112	48	46	115
137	290	571	434	114	45	44	106
139	274	538	421	114	45	44	106
137	333	587	422	101	38	38	97
126	346	584	406	94	36	32	93
101	373	569	422	102	42	37	80
137	360	573	393	99	46	38	82
143	353	630	409	101	49	42	84
138	344	575	361	92	49	43	87
136	318	540	339	97	50	45	89
138	297	516	395	105	49	43	104
103	324	504	429	121	52	46	110
88	344	423	432	126	51	44	107
81	294	406	428	124	49	42	105
84	297	461	422	122	49	41	114
90	297	455	372	111	49	40	115
97	291	452	362	96	44	36	110
95	268	466	363	88	44	35	114
97	293	455	369	96	47	38	116
95	282	442	390	98	46	37	110
83	279	470	369	93	43	35	108
70	306	552	381	105	46	37	114
76	323	583	350	108	49	37	110
104	315	630	405	121	57	46	135
131	344	718	507	154	71	58	143
140	400	722	516	166	76	59	133
145	384	674	500	160	77	60	133
143	376	640	494	155	77	58	141
125	371	626	484	151	72	51	128
101	356	515	369	120	61	41	116
98	289	562	396	111	58	44	109
124	326	697	398	104	50	43	120
137	367	744	459	124	51	46	119
145	350	727	422	116	51	46	121
147	380	828	453	116	49	44	125
138	381	790	403	110	46	38	142
113	342	728	386	105	47	37	145
171	358	734	298	88	44	37	146
182	374	722	299	91	46	34	155
184	332	611	312	98	58	42	175
187	376	706	331	101	64	42	164
185	366	654	333	114	66	44	148
179	317	641	408	135	77	51	157
174	315	665	501	153	81	54	153
171	314	697	469	162	80	51	123
170	315	715	451	161	81	52	121
175	311	808	456	154	78	49	124
134	306	782	414	143	70	45	116
134	366	807	436	170	62	43	95
157	381	930	529	173	54	40	118
182	356	866	556	198	51	39	128
177	354	816	585	213	54	40	139
167	349	819	582	212	54	37	127
161	271	787	551	231	61	39	129
139	306	675	513	234	64	44	120
116	289	666	539	237	64	46	115
143	322	669	501	238	66	47	97
136	346	670	498	238	65	46	107
130	350	683	433	394	79	50	117
165	291	615	436	428	86	49	112
155	281	596	410	424	86	50	103
142	276	563	464	428	91	51	104
158	246	545	520	457	94	56	112
168	255	644	562	321	84	50	99
133	263	652	556	394	104	53	91
144	267	682	611	484	108	57	117
144	274	677	633	502	115	57	120
141	277	664	635	496	117	53	108
151	279	624	623	492	124	55	110
151	277	640	588	468	115	52	111
157	277	694	609	397	121	50	94
171	267	729	599	445	125	52	96
159	263	753	616	477	129	55	105
146	233	698	605	493	130	56	113
145	229	678	633	479	125	59	111
141	241	654	599	538	124	57	105
129	208	647	609	479	114	54	95
161	229	640	618	441	109	55	97
162	251	640	660	419	101	53	96
164	258	635	652	368	94	47	96
152	255	611	650	242	87	50	101
156	259	635	672	246	85	55	110
136	241	655	617	211	78	52	107
130	219	633	575	210	74	55	111
139	242	618	563	257	82	55	122
146	231	629	542	267	83	54	124
130	223	547	536	276	83	52	124
127	264	504	533	280	86	54	121
145	281	507	534	273	86	52	134
151	263	592	615	229	82	57	124
153	279	510	635	210	78	55	113
153	296	512	590	187	72	52	109
162	276	589	617	204	72	50	110
148	293	607	588	225	69	51	79
162	290	543	669	313	88	57	90
177	284	542	628	331	95	57	100
180	267	520	610	354	98	56	103
174	273	398	591	369	104	59	106
171	262	436	776	409	126	63	108
161	307	471	726	439	142	70	116
155	370	517	789	594	162	78	117
172	404	564	911	776	214	88	119
182	422	580	975	879	247	96	115
193	434	631	954	868	245	96	116
191	603	660	900	847	234	86	105
181	585	665	858	748	218	79	96
172	587	707	749	543	167	69	88
196	591	721	684	412	118	62	94
193	601	686	534	401	104	57	90
200	461	686	530	404	97	65	89
208	479	729	521	405	102	64	93
215	461	662	578	459	127	68	105
205	429	712	598	417	126	62	106
207	426	699	649	528	131	66	107
219	440	716	669	512	136	57	105
221	449	712	672	502	131	60	111
234	477	787	720	611	109	59	106
220	522	780	711	666	114	61	94
215	498	776	698	589	143	69	94
189	462	747	690	575	135	74	104
187	441	821	769	581	147	82	96
170	468	744	675	476	149	80	94
186	455	746	683	378	142	82	103
192	466	785	711	403	114	76	103
198	458	744	681	392	114	71	87
202	429	601	623	381	103	57	87
186	407	649	670	308	98	55	82
206	422	591	639	293	97	54	93
219	450	659	624	220	96	49	106
241	465	670	623	209	95	54	121
237	474	722	579	191	89	53	118
233	495	787	585	175	84	54	116
195	441	811	572	162	77	48	96
193	400	687	486	136	57	43	82
162	358	702	491	134	50	39	79
151	328	675	482	133	50	41	87
159	244	601	363	105	49	41	87
158	280	546	347	102	48	40	104
175	350	542	351	103	52	50	138
166	341	493	345	90	47	48	159
164	412	455	416	101	49	50	157
162	401	460	449	114	48	51	159
157	429	489	472	119	53	57	154
119	396	510	518	128	51	54	137
124	422	527	554	141	58	58	110
121	359	513	486	127	53	54	107
127	363	452	459	117	52	53	110
131	313	406	437	109	46	46	114
156	292	398	388	99	46	43	104
154	265	548	518	113	52	42	118
175	277	571	560	133	59	47	118
172	257	580	574	134	59	47	115
167	252	594	582	139	61	50	113
131	283	607	671	156	67	56	115
186	304	586	601	165	74	59	107
184	341	642	690	173	75	58	116
178	364	660	696	176	77	60	113
177	366	707	738	187	83	63	113
193	337	733	662	177	79	56	110
207	345	795	724	174	76	58	100
220	325	849	707	173	76	59	101
221	306	824	701	170	75	60	119
222	309	801	657	160	69	56	121
234	343	826	683	158	68	57	124
188	400	750	576	135	58	47	118
158	380	637	460	119	56	43	139
166	383	647	441	120	57	40	136
207	430	653	509	136	64	47	148
190	408	603	490	137	64	46	150
185	379	599	479	134	62	46	160
191	406	650	574	153	65	50	140
189	421	634	593	164	71	49	132
154	384	646	547	148	63	44	135
171	415	627	513	143	61	47	137
170	371	608	501	140	61	48	125
170	370	549	371	107	50	41	140
194	362	589	314	81	41	41	160
192	350	611	311	83	41	40	146
188	348	640	316	82	42	36	171
188	341	640	364	91	44	35	180
183	353	655	368	95	45	36	184
160	366	642	371	95	42	35	165
160	404	633	371	107	48	37	181
133	417	605	388	112	49	39	148
123	428	561	334	104	47	39	140
136	389	541	341	100	45	39	148
143	393	668	483	135	58	47	149
144	405	686	483	131	59	46	128
167	386	687	472	129	59	46	130
185	419	711	471	131	60	50	133
184	470	733	485	137	64	53	104
187	462	733	399	114	58	46	113
190	450	748	403	113	56	45	108
173	444	752	430	126	60	44	105
180	437	720	461	128	60	40	126
179	415	752	463	127	62	37	139
170	416	674	544	158	71	42	141
164	381	615	543	163	74	49	141
182	370	603	540	162	80	48	141
158	380	633	508	158	78	48	124
156	368	608	505	157	76	48	97
161	377	543	386	127	66	43	79
172	401	578	486	143	72	50	108
146	490	585	461	132	62	47	139
155	498	623	472	131	61	48	130
152	514	579	490	136	65	50	147
140	516	666	483	129	63	52	163
120	499	625	455	110	59	40	147
119	407	654	452	110	58	42	128
95	391	606	466	115	62	39	134
89	386	668	435	108	59	37	132
112	364	652	467	106	58	37	121
115	386	736	373	99	60	37	122
121	431	754	390	103	62	37	112
129	455	765	395	105	64	40	135
136	431	756	438	106	63	42	120
129	429	714	466	117	70	43	118
128	444	650	501	118	63	44	119
125	412	643	514	119	65	46	121
137	414	664	563	129	67	49	89
141	440	718	545	137	69	51	106
131	436	797	519	131	64	50	103
133	445	890	519	133	64	51	99
132	447	890	509	130	61	51	104
120	393	899	590	145	65	51	107
116	396	893	688	157	67	53	94
137	539	911	697	165	73	58	109
153	540	918	767	179	82	67	130
152	534	1048	822	187	85	69	130
146	541	1081	802	177	80	68	135
151	539	1151	796	182	84	70	140
130	418	1115	818	185	83	68	144
122	416	1133	819	214	97	71	142
118	427	1089	812	222	100	70	137
119	412	1029	770	234	105	72	131
103	401	1047	714	223	101	66	128
122	499	1128	786	231	102	71	110
124	536	1119	743	195	85	63	139
134	531	1035	832	226	90	71	149
149	567	1097	854	220	86	74	165
149	636	990	865	229	90	79	171
137	573	899	786	227	88	77	169
128	579	894	786	250	93	77	135
121	577	980	681	244	83	67	129
113	551	959	774	288	93	73	125
112	470	928	788	302	97	71	116
105	444	914	785	299	97	67	127
101	356	918	840	308	104	68	142
106	347	836	839	346	109	71	148
99	435	822	731	317	105	65	135
106	532	824	708	303	99	67	132
113	528	824	749	331	115	72	125
121	519	743	728	349	112	76	108
120	544	768	737	297	111	77	93
116	499	780	750	294	110	74	91
117	413	775	867	328	127	82	103
116	470	784	894	348	132	84	102
118	509	800	868	315	124	77	99
112	495	801	866	335	131	76	94
133	529	783	943	349	136	83	105
124	498	754	844	332	119	72	88
121	470	857	837	299	107	70	83
114	452	959	955	338	132	83	103
130	509	970	991	343	141	99	118
116	450	998	966	375	144	98	119
122	508	1084	1004	385	152	101	123
118	491	1032	939	378	143	95	122
121	563	968	828	403	125	85	104
105	502	951	766	398	105	64	90
100	498	961	662	357	92	57	78
96	446	972	673	333	81	51	73
105	499	941	753	349	94	58	82
100	451	891	767	294	91	59	86
100	443	902	867	272	93	62	93
96	526	849	901	257	94	63	96
93	558	777	864	258	97	62	102
87	524	802	839	228	92	56	105
76	509	790	775	190	88	54	101
77	505	734	681	192	90	57	102
81	493	820	701	242	101	60	103
106	467	836	729	256	106	72	108
107	446	830	688	248	100	74	107
107	385	791	680	351	118	77	107
111	432	902	733	374	123	81	112
107	329	789	726	351	118	82	111
81	307	818	646	363	118	72	100
76	309	864	672	410	129	75	97
82	312	873	715	377	122	78	95
78	323	774	718	449	129	78	81
74	329	762	670	456	124	73	87
86	315	651	684	447	129	77	99
101	306	622	690	429	126	74	93
102	348	683	755	465	141	74	95
128	289	692	652	440	152	72	126
131	274	749	642	434	158	73	119
126	287	854	758	502	161	77	113
122	288	878	764	589	164	83	125
124	285	845	702	628	166	84	133
104	262	823	726	737	170	77	104
103	257	769	746	891	220	81	114
105	237	639	652	987	250	84	117
118	257	681	758	1052	291	99	120
120	228	744	822	1183	331	106	115
114	242	770	824	1116	332	108	113
125	260	810	878	1124	355	122	109
155	295	936	937	1047	371	136	115
143	268	823	889	1063	358	127	102
156	309	905	927	958	357	138	122
155	291	871	1060	1186	459	162	142
148	287	876	1053	1170	453	156	141
130	262	767	1120	1314	451	157	143
138	273	824	1128	1290	457	161	149
130	233	637	1112	1443	466	156	141
145	241	635	1046	1287	370	134	132
185	311	607	1038	1217	344	136	137
179	301	791	881	1093	331	121	125
197	313	768	886	1048	320	117	152
197	301	778	761	736	255	101	152
195	310	790	637	659	231	95	152
222	298	866	678	658	225	99	148
233	376	716	748	539	181	97	152
216	368	674	633	422	138	91	118
213	367	721	643	361	146	86	119
222	452	864	753	355	153	94	125
166	417	824	636	266	124	76	126
179	428	854	679	281	131	81	128
180	459	854	691	263	132	81	128
187	475	880	698	243	120	90	130
170	420	753	640	246	111	88	118
169	413	730	650	237	106	89	113
132	361	774	605	198	104	80	106
133	336	801	664	234	117	91	115
117	315	731	634	224	107	84	106
121	315	695	563	200	101	78	113
124	329	745	661	217	141	79	119
123	299	644	622	198	140	78	125
120	286	604	610	156	127	65	115
133	287	724	655	164	130	64	113
132	249	773	659	166	133	63	107
124	304	695	616	151	91	59	104
135	309	806	682	181	85	65	108
137	307	803	725	214	103	73	107
121	301	663	689	213	112	75	111
112	317	633	712	219	112	78	107
109	312	696	682	219	109	77	100
99	366	533	548	179	99	67	90
111	383	497	380	124	79	57	106
114	375	552	434	129	67	54	96
119	358	588	480	135	69	54	99
111	332	540	439	116	67	50	98
109	276	626	434	119	66	47	96
104	250	631	487	127	63	52	105
113	266	608	465	111	51	58	147
116	293	590	424	109	43	55	151
125	294	539	410	111	42	56	151
126	306	474	483	123	49	57	149
116	369	502	458	117	51	52	130
105	367	479	430	119	56	44	112
101	355	514	469	113	59	44	124
104	353	554	520	118	62	44	139
100	346	517	558	140	81	53	143
93	335	498	564	146	88	54	147
92	341	509	593	148	90	55	128
99	383	457	591	154	92	60	123
85	374	464	553	149	104	66	128
91	372	441	458	114	86	59	136
92	365	460	436	108	80	58	130
89	371	427	388	104	75	54	124
82	331	413	421	113	146	50	106
83	329	410	450	117	160	45	78
82	337	511	482	128	165	49	62
90	293	652	494	128	165	49	123
94	327	726	504	126	167	50	131
100	324	742	434	107	114	49	138
103	349	763	452	112	118	49	141
101	328	720	411	98	120	47	154
109	355	651	458	135	125	55	121
113	318	619	524	155	127	59	117
106	325	601	514	156	125	61	126
126	311	580	498	156	94	59	131
130	360	578	570	181	94	62	130
131	340	596	617	172	88	56	128
128	353	625	591	170	106	56	132
128	346	612	600	171	105	54	124
104	334	588	611	170	103	49	117
94	285	589	585	165	115	45	100
86	277	511	484	154	119	44	125
92	261	568	491	149	106	43	125
94	257	592	514	156	104	46	122
94	267	597	477	152	101	45	120
112	290	584	468	137	81	45	125
112	315	568	458	133	77	46	96
109	360	476	440	129	79	45	92
109	349	461	395	117	86	43	111
116	347	458	398	119	90	48	115
111	375	461	391	115	84	47	120
111	350	502	391	111	79	44	128
112	313	480	412	115	72	41	130
117	327	450	403	113	67	45	116
114	324	527	390	105	70	42	113
104	280	571	355	105	73	42	117
105	298	525	353	104	71	41	110
110	283	563	264	85	65	40	116
106	280	564	244	80	61	33	131
113	273	544	299	91	55	34	132
114	348	541	283	83	59	33	127
103	334	608	287	78	61	33	125
96	355	594	345	90	62	33	123
94	378	601	349	89	59	32	99
110	381	628	370	93	59	33	107
120	316	748	483	121	54	35	100
128	316	727	478	122	53	35	124
142	411	716	440	114	54	36	130
141	387	727	441	113	53	37	131
126	382	649	379	99	48	35	125
120	380	463	232	69	43	33	129
121	376	443	239	69	47	34	137
112	266	531	316	78	47	33	129
116	294	507	322	86	49	33	131
146	333	607	434	109	55	40	145
151	340	613	440	111	55	41	147
151	374	649	475	126	57	44	123
144	352	645	445	121	56	45	129
143	352	708	441	114	55	44	134
117	331	649	343	93	46	38	115
119	334	717	347	93	48	36	114
125	308	687	310	84	50	39	154
127	338	654	331	90	49	37	156
130	391	625	345	99	49	38	158
121	453	685	354	100	52	40	172
109	444	675	334	97	50	40	181
99	450	695	343	100	45	34	145
99	483	730	349	101	46	38	134
89	438	709	357	100	49	39	132
93	407	650	384	108	50	37	130
104	418	584	410	113	60	43	118
101	462	540	410	109	65	45	134
126	411	496	433	118	64	46	131
133	469	515	416	118	67	48	135
130	425	498	381	109	67	49	125
140	458	542	405	104	59	48	127
147	398	558	415	110	57	52	143
124	409	535	412	95	56	51	158
148	367	549	435	108	58	51	159
156	412	571	440	110	63	54	152
151	382	544	400	107	61	50	175
147	433	700	421	111	61	46	161
156	512	712	428	119	63	43	146
140	505	767	396	107	59	40	138
147	502	849	396	104	51	37	152
139	495	885	411	107	54	41	122
143	507	800	389	92	53	41	104
136	447	761	337	87	53	45	118
140	462	713	358	88	50	45	126
138	483	598	365	91	51	46	122
133	527	636	367	98	51	44	117
125	527	622	336	97	47	44	146
121	544	617	316	90	46	40	158
129	531	609	289	84	49	43	151
135	540	682	351	99	52	42	142
152	526	641	313	88	52	45	151
160	543	580	308	87	54	44	139
173	518	590	305	88	57	43	137
161	510	577	396	103	59	42	141
152	484	592	353	95	59	42	150
146	530	683	400	104	60	41	148
142	514	694	412	107	59	42	158
132	532	733	410	105	54	42	156
124	559	734	405	123	64	49	152
141	548	800	483	141	74	53	153
140	491	684	460	139	75	54	158
152	447	685	448	135	75	57	145
163	415	632	440	134	74	56	126
175	387	597	395	112	63	52	144
177	375	414	307	90	48	47	161
203	496	533	418	112	124	51	165
194	510	533	429	117	134	44	154
195	543	548	464	119	138	47	161
193	577	606	465	119	138	46	164
179	578	610	464	125	141	46	143
159	475	523	358	103	84	41	132
154	479	526	347	97	64	42	146
142	447	540	350	107	59	40	152
142	418	518	367	111	62	43	136
176	458	528	380	106	58	44	140
168	436	513	400	109	56	44	142
178	444	598	505	128	63	48	135
198	444	588	578	147	72	49	133
190	411	588	638	162	71	47	143
241	392	536	630	158	69	45	178
256	390	502	612	154	66	44	178
268	430	418	541	140	58	40	178
288	428	413	450	121	52	39	171
314	528	371	304	90	52	38	180
266	534	491	271	83	53	35	134
248	541	503	277	86	55	34	128
239	492	520	305	99	60	38	127
205	503	509	291	95	58	37	131
185	399	494	285	91	54	39	108
184	387	415	447	123	62	39	122
188	376	468	470	127	62	46	154
188	403	438	434	118	60	43	163
203	385	460	425	112	59	44	160
193	414	473	449	116	60	45	175
204	387	611	387	112	58	48	175
202	394	581	391	113	60	42	146
210	337	598	399	111	61	42	144
192	346	655	468	124	66	41	143
192	351	725	451	122	64	41	122
168	367	609	375	99	60	40	118
162	402	689	347	90	58	41	120
148	474	693	359	101	60	47	141
136	462	671	327	91	57	45	144
129	433	579	352	92	55	42	144
120	424	664	421	110	60	46	153
130	378	567	409	109	59	45	183
126	326	588	492	114	59	42	158
132	339	568	535	136	71	52	153
134	369	603	536	137	72	54	160
150	364	515	590	155	78	62	176
154	390	573	608	161	78	62	154
147	354	578	535	151	72	61	168
145	326	640	483	138	63	56	187
142	338	638	477	135	64	54	217
123	344	659	368	105	55	44	200
119	409	665	400	121	58	44	196
117	438	707	448	137	62	44	195
117	444	683	473	134	60	44	187
130	475	806	626	149	62	48	147
130	461	847	653	159	67	50	140
115	387	825	650	158	69	54	133
139	415	772	667	160	70	59	161
144	427	917	768	188	77	61	153
133	376	876	640	187	75	62	157
137	381	806	609	192	72	63	162
143	447	790	593	207	67	59	191
119	427	801	588	247	73	57	152
109	413	584	442	239	72	61	153
101	446	542	476	237	76	58	148
110	446	585	483	240	77	51	152
132	415	595	491	254	93	59	128
142	415	668	521	272	109	68	138
152	427	668	481	406	122	69	140
159	359	677	486	478	165	75	137
148	385	675	506	521	168	76	120
139	404	679	562	575	165	74	118
131	383	663	525	600	169	69	102
116	379	783	574	588	161	64	121
126	384	789	674	552	148	75	133
128	405	835	671	599	147	74	135
110	367	822	632	547	148	70	120
109	376	771	654	522	148	68	124
119	398	703	714	466	168	82	101
105	392	740	626	471	142	66	84
108	339	676	602	357	138	65	85
110	314	665	604	469	175	76	101
111	296	670	566	456	168	74	128
99	281	671	480	431	148	60	124
97	285	612	519	406	152	60	124
105	319	660	598	415	159	67	124
116	405	787	664	303	131	70	118
115	400	761	647	264	122	70	97
117	396	756	653	285	122	70	99
113	413	778	633	279	119	72	99
99	408	852	621	257	109	66	92
96	345	786	617	206	93	60	90
89	338	782	612	214	94	61	78
105	394	735	586	174	80	58	89
135	415	709	576	167	75	56	97
141	410	601	564	170	77	56	99
140	419	667	572	178	74	53	94
142	503	695	602	177	72	50	94
129	458	699	601	176	75	49	78
134	544	667	629	178	74	47	63
136	538	677	606	169	69	46	61
132	524	558	514	140	58	40	73
140	453	556	550	144	61	50	85
147	548	565	587	160	65	53	95
118	449	601	562	154	68	57	94
111	440	612	531	146	67	55	94
108	433	631	523	141	67	53	91
97	440	600	442	123	59	44	84
93	314	633	420	98	53	43	81
83	333	567	406	92	50	40	80
90	358	458	397	95	51	40	91
90	391	419	387	138	63	42	89
92	381	476	431	181	73	45	85
85	366	393	380	199	83	46	79
90	332	515	405	199	84	45	82
79	295	576	423	221	86	45	71
90	239	596	483	202	81	46	83
89	256	569	478	233	79	43	85
84	261	586	505	260	82	39	88
89	254	485	506	273	95	44	98
99	246	427	534	273	111	53	110
93	257	418	534	310	110	51	101
92	221	508	588	307	120	62	102
98	209	505	573	316	118	68	119
97	177	595	553	362	123	70	116
85	177	651	562	371	120	68	105
76	153	659	528	359	134	78	104
85	166	630	570	394	141	74	119
81	186	649	630	396	157	76	103
84	212	585	627	392	148	71	105
86	270	541	661	413	144	74	102
93	285	522	652	417	128	63	103
117	289	484	553	361	113	61	88
115	268	443	498	343	94	55	82
108	280	410	490	381	108	59	69
111	234	377	369	348	107	49	85
115	214	362	409	366	114	54	85
87	249	558	510	382	122	53	88
119	262	574	504	377	118	53	107
121	239	608	504	311	116	53	112
123	279	609	521	311	111	53	105
126	286	646	513	305	142	59	105
121	239	479	436	330	141	59	95
93	244	481	437	327	137	57	80
89	247	444	425	322	129	55	98
83	192	448	429	337	134	56	97
70	212	397	403	305	101	48	92
70	217	389	349	244	89	43	92
65	194	344	309	226	86	42	91
87	195	337	293	191	79	41	67
87	205	343	287	140	70	40	69
82	187	357	269	126	54	36	68
88	181	332	257	122	51	34	76
94	191	355	296	121	48	32	84
83	223	368	378	130	57	43	86
92	246	355	365	125	57	46	82
97	295	415	375	121	56	48	86
91	297	449	411	126	57	48	81
96	343	471	446	139	63	51	71
90	332	469	373	121	52	40	74
86	319	483	365	125	57	40	83
88	303	423	354	115	58	40	85
96	308	441	406	133	67	47	86
85	276	400	354	124	63	47	81
82	256	392	344	130	65	47	79
101	256	366	394	139	64	46	77
93	217	366	397	138	63	45	72
85	208	290	305	108	52	37	69
90	180	346	298	103	53	36	71
88	191	399	371	112	54	38	64
59	195	427	331	106	51	39	54
61	204	414	321	106	55	40	67
61	205	405	334	112	56	42	68
62	237	382	330	117	55	41	67
65	232	372	281	107	53	39	80
69	270	334	264	94	51	35	84
64	256	340	282	98	47	33	76
72	252	378	307	101	50	40	98
67	231	351	297	99	52	40	101
69	255	385	294	101	51	42	92
64	230	416	300	101	47	41	90
69	239	454	339	106	48	42	89
63	262	441	306	100	45	37	72
60	281	446	320	99	43	36	71
76	347	479	421	127	51	44	78
81	343	487	455	140	52	45	76
79	358	452	462	146	55	46	73
77	361	449	480	145	56	45	67
79	343	472	484	144	54	44	63
59	318	423	398	113	47	35	56
64	345	419	379	104	48	39	83
63	343	429	330	86	43	38	89
63	331	425	382	116	51	39	90
72	348	478	375	120	55	42	110
78	388	436	362	121	58	43	115
74	373	435	338	117	56	39	118
77	370	444	345	124	57	41	119
101	389	596	432	150	64	48	131
95	410	589	433	149	65	48	117
89	326	604	479	160	64	50	110
93	350	639	493	161	67	49	87
93	377	706	486	155	67	48	85
66	378	695	379	106	51	37	59
66	342	676	392	111	50	38	55
66	363	651	317	91	46	32	62
53	340	649	308	91	43	32	79
49	339	614	334	101	45	34	75
62	323	548	300	104	49	36	86
63	316	547	262	93	47	34	93
64	290	667	335	105	49	38	102
63	279	630	330	114	55	38	90
62	230	605	302	112	55	36	88
49	233	567	293	104	54	34	77
58	231	650	317	108	53	36	76
61	263	582	254	97	51	35	58
67	262	569	260	95	49	38	75
69	263	554	261	102	46	38	74
73	243	549	266	154	51	42	100
76	279	431	249	185	52	41	103
86	270	410	294	217	60	41	104
83	256	485	297	220	60	39	101
80	275	614	288	214	64	40	106
79	283	624	293	189	61	38	91
68	289	630	302	175	66	36	82
58	259	615	304	265	69	40	86
58	269	669	338	297	68	37	81
62	244	545	370	307	66	40	84
66	240	521	361	318	63	39	101
65	183	515	350	328	65	42	102
62	176	550	352	252	64	40	101
75	190	441	320	232	69	41	103
82	181	434	378	240	72	43	106
78	171	485	475	264	82	44	90
77	162	485	488	251	77	41	90
77	172	499	479	287	70	39	86
73	138	485	475	336	68	39	77
62	143	485	420	341	77	40	86
67	154	443	362	319	83	47	108
69	158	427	357	314	81	46	110
67	176	375	334	301	83	46	112
