0	1	2	3	4	5	6	7
371	148	516	227	74	53	71	382
313	153	571	220	85	58	74	395
292	154	629	220	78	56	84	434
330	147	659	243	82	61	88	459
319	149	664	230	79	59	89	409
313	148	741	218	78	59	86	438
337	149	700	227	70	58	91	456
336	142	628	237	68	57	82	385
338	137	582	205	69	61	91	404
366	137	617	240	76	64	86	403
400	130	554	257	81	69	97	461
388	132	615	270	80	64	91	522
392	119	635	275	87	64	92	592
390	139	647	295	86	58	82	562
363	160	679	362	106	66	88	573
344	169	707	373	105	67	95	576
347	166	653	393	112	70	95	509
362	177	691	402	111	71	104	487
345	195	818	405	112	73	107	526
399	181	801	345	91	68	106	566
399	178	768	352	103	78	113	568
451	173	808	318	105	85	127	592
432	181	834	289	104	84	121	561
428	145	723	292	110	83	117	523
454	135	733	285	115	87	132	513
473	131	781	272	100	76	119	435
451	134	734	305	95	65	100	413
509	118	652	316	98	71	107	395
515	115	658	300	89	68	107	413
463	142	605	295	83	64	88	379
498	137	609	269	84	61	94	429
529	143	573	276	76	66	101	427
533	134	605	271	71	60	98	438
580	154	588	279	70	61	98	427
579	134	573	295	73	56	95	418
570	142	607	341	77	54	83	434
534	138	599	306	77	48	78	484
486	140	624	324	82	46	79	495
411	120	626	320	77	42	75	483
401	122	620	314	74	44	78	515
379	143	545	273	65	46	77	476
420	145	598	266	64	51	82	424
434	151	560	272	60	53	76	414
543	151	500	264	68	56	80	418
586	149	527	259	74	55	79	479
581	125	504	272	82	63	86	484
670	153	510	300	95	86	123	595
676	145	501	266	91	88	130	583
600	142	515	278	88	88	128	582
579	141	605	257	88	91	130	513
566	135	595	254	88	87	128	503
431	133	636	246	76	67	96	362
428	144	678	248	79	74	95	427
421	158	678	227	79	75	100	423
419	153	608	234	72	73	95	437
465	172	648	212	72	80	112	441
500	157	616	205	79	78	106	490
477	147	639	211	79	70	106	482
485	132	736	228	85	75	104	508
492	136	880	228	84	72	102	478
451	139	860	228	82	64	81	477
413	124	828	215	75	64	92	478
461	125	842	210	71	60	83	475
549	153	879	227	66	60	83	512
531	153	758	241	68	62	94	514
548	140	872	245	64	64	105	506
526	158	879	237	63	63	95	491
496	162	855	243	60	64	95	455
414	140	731	220	56	57	98	458
424	168	693	198	56	58	103	498
405	157	533	189	54	59	98	550
473	140	614	197	56	59	100	528
478	147	611	204	61	57	98	532
481	153	627	188	56	54	93	484
501	124	700	220	66	51	85	458
469	132	706	222	72	50	81	392
399	132	666	213	69	49	79	400
438	127	683	199	66	49	77	428
396	134	752	240	73	53	73	419
356	156	670	206	70	68	81	390
355	155	682	210	65	67	81	479
350	154	649	216	67	66	76	459
283	148	633	222	76	71	81	433
343	153	588	228	79	77	96	433
337	134	610	253	84	64	84	419
356	129	601	272	94	66	85	306
348	140	628	282	95	76	93	298
335	148	604	278	91	73	89	256
289	135	543	238	82	67	74	254
380	160	538	280	78	65	71	252
417	163	554	264	73	59	65	321
415	178	541	280	74	54	59	384
451	170	541	306	86	53	65	402
486	175	573	326	95	54	67	419
431	166	605	290	98	56	69	452
438	172	694	282	92	59	75	416
447	188	712	260	94	57	75	395
419	190	736	243	86	55	72	466
380	188	699	218	77	54	70	508
365	173	726	222	76	59	73	539
320	170	625	261	80	57	69	535
317	135	571	263	76	52	66	511
345	134	523	253	71	58	89	487
394	131	579	271	77	56	88	455
415	124	521	238	68	52	89	404
412	118	572	198	63	53	90	460
436	112	725	207	65	51	91	454
417	122	744	211	65	48	76	409
372	133	742	194	60	49	76	365
328	133	745	204	66	49	77	370
363	153	723	201	71	46	78	319
359	157	623	205	78	50	84	339
398	170	605	222	84	56	81	379
411	167	589	218	88	59	88	388
429	172	648	244	94	64	84	384
398	158	650	244	91	69	84	413
384	175	590	218	82	65	81	469
343	156	569	189	80	64	80	453
322	167	577	198	79	69	84	477
385	163	594	164	65	64	86	480
409	182	631	167	64	62	85	440
402	161	655	187	67	63	79	367
401	162	667	205	68	64	85	375
386	150	663	209	67	53	73	330
313	150	569	234	79	53	71	343
364	131	491	230	78	52	73	353
370	126	561	233	82	58	76	396
367	119	531	226	82	50	64	380
388	127	515	231	81	52	64	409
392	132	528	209	72	54	65	403
308	144	547	228	76	54	60	391
292	171	485	239	77	50	56	354
274	179	556	249	87	52	60	346
299	170	553	232	84	59	76	378
277	168	536	251	85	55	76	369
326	156	520	258	82	54	80	401
371	145	558	234	79	60	84	393
432	140	497	224	75	64	96	380
435	137	484	229	73	58	87	350
453	151	508	233	72	59	84	400
406	146	537	199	68	56	78	362
356	130	479	210	63	49	72	387
292	147	500	210	50	44	61	394
288	157	603	208	52	40	58	389
283	146	626	191	56	41	55	337
301	147	660	204	60	47	62	457
313	169	722	210	64	51	66	462
304	152	726	214	69	53	64	457
257	143	682	218	72	57	65	455
241	155	708	193	67	55	70	441
259	166	632	194	66	59	66	316
304	151	544	179	70	56	66	342
317	161	665	176	71	52	62	375
309	167	627	171	69	48	59	363
387	159	567	200	72	51	58	355
390	150	591	195	77	46	63	360
345	156	604	208	79	47	60	286
324	152	493	209	74	48	60	241
358	154	531	205	72	47	63	218
275	166	514	210	81	50	67	231
272	166	524	239	88	57	65	236
284	155	540	283	87	59	76	254
362	185	545	283	89	58	75	293
338	200	514	296	91	62	81	361
375	185	533	276	82	58	80	391
373	202	544	258	69	50	81	374
441	211	571	206	67	45	76	400
382	200	531	193	61	44	75	386
378	201	559	167	59	42	71	337
338	219	567	178	62	47	78	337
319	242	562	161	62	47	74	379
243	245	507	209	76	58	81	357
257	234	503	218	76	58	81	385
319	224	523	234	74	60	84	381
323	210	488	251	71	54	77	362
351	171	428	248	71	53	77	320
340	160	455	197	61	50	73	334
366	172	517	184	61	51	81	307
311	184	454	161	61	47	73	315
329	193	454	112	59	48	71	303
302	187	488	119	58	49	70	332
