0	1	2	3	4	5	6	7
32	218	146	73	33	30	25	24
34	175	147	76	34	30	25	22
32	184	149	79	33	30	27	24
32	169	147	69	32	29	27	25
33	178	104	57	30	26	26	24
31	199	110	56	31	28	24	22
29	194	104	54	29	29	24	23
28	191	94	52	28	26	23	23
28	180	91	54	28	27	24	22
30	213	129	57	26	26	24	26
31	191	144	53	26	24	22	28
33	193	154	77	30	23	24	28
38	187	156	77	33	27	24	28
38	237	152	74	30	25	22	27
36	257	121	76	32	26	23	25
35	266	104	76	33	28	23	24
34	280	90	52	31	28	22	25
30	281	85	51	29	25	24	23
33	286	85	59	31	26	25	23
32	348	94	57	33	31	24	25
32	347	89	58	33	29	24	24
33	341	84	55	33	29	24	22
34	346	87	55	33	29	21	26
31	358	95	49	35	29	19	27
