0	1	2	3	4	5	6	7
63	235	924	207	101	124	52	49
64	242	891	216	99	124	52	51
66	272	947	224	94	129	51	52
66	308	940	232	102	131	54	53
73	289	846	213	105	91	54	54
60	273	739	246	101	89	47	44
63	309	743	332	120	92	47	43
62	275	611	358	124	87	47	43
63	255	560	371	132	86	48	43
61	307	667	406	151	94	49	46
63	310	671	412	162	94	54	50
59	274	663	432	164	93	54	49
59	273	643	520	192	95	57	49
63	274	686	530	189	93	57	51
54	212	571	508	171	78	50	42
65	296	657	557	191	84	60	58
72	344	760	606	208	89	75	72
78	349	755	599	199	86	77	77
74	337	633	603	196	81	74	74
77	345	649	639	211	88	78	78
75	321	641	597	190	79	71	78
68	264	508	499	157	70	54	67
69	251	492	391	130	63	49	64
81	236	499	369	130	65	52	71
83	218	482	363	111	57	48	68
79	127	315	344	104	49	38	54
80	104	299	347	102	48	38	50
78	99	281	359	102	49	37	46
65	82	268	341	92	43	33	35
55	72	232	319	84	40	30	32
45	55	236	310	87	41	31	29
43	49	244	290	81	37	31	27
29	42	246	270	75	35	27	26
27	41	253	272	72	34	26	26
27	40	357	258	69	36	25	24
24	42	355	257	56	32	24	26
25	41	351	244	58	32	22	26
25	41	357	287	70	30	23	25
24	39	358	287	82	35	24	25
24	34	277	258	80	31	25	26
24	35	251	243	81	31	25	26
26	37	247	239	78	32	26	26
31	41	252	196	70	34	27	28
31	41	256	202	68	31	27	27
31	39	216	188	65	34	28	27
38	40	214	234	68	38	29	29
35	38	216	237	71	37	28	29
33	38	216	230	70	37	27	27
33	39	195	230	79	35	28	28
34	39	197	223	82	34	27	27
24	37	172	169	78	29	26	25
26	35	155	170	76	29	27	25
23	33	118	161	79	28	26	23
25	34	170	163	63	35	25	20
26	38	201	170	74	33	25	22
26	37	215	170	80	34	25	22
26	39	225	164	83	34	23	22
25	36	221	177	82	35	22	22
25	34	182	157	80	28	23	24
26	35	150	161	69	30	25	29
29	41	128	150	76	33	30	30
31	42	119	144	74	35	29	32
31	44	116	126	70	34	31	34
32	49	148	212	74	35	32	34
31	49	170	275	90	46	34	31
30	44	176	286	83	44	30	29
28	42	175	299	104	45	31	28
28	40	184	299	107	46	30	27
26	33	149	254	103	45	27	25
25	32	117	176	91	34	23	21
24	32	118	152	87	34	22	22
25	35	121	146	58	31	22	23
25	34	109	147	72	30	21	23
23	35	110	143	79	29	21	23
21	32	117	132	76	26	19	24
22	31	115	134	75	23	23	23
19	28	106	118	74	25	25	21
21	28	111	108	61	29	30	26
22	31	120	100	53	37	30	27
26	35	115	104	72	36	30	26
24	36	111	104	78	39	27	26
26	36	96	92	79	37	26	27
26	33	86	90	75	36	22	20
24	32	76	73	74	27	20	22
21	28	65	69	54	28	21	22
22	28	60	64	72	26	22	22
20	27	65	61	73	25	23	21
