0	1	2	3	4	5	6	7
204	362	396	240	56	44	46	196
200	350	285	216	53	44	38	166
146	318	213	102	42	42	32	93
125	317	198	73	38	40	31	70
80	302	188	87	34	34	29	41
62	283	215	87	34	35	27	36
59	269	203	85	31	33	24	32
58	271	205	83	32	32	25	32
64	286	189	80	32	30	24	33
56	264	175	59	32	29	24	28
55	344	137	47	28	27	23	30
73	455	130	44	33	27	30	31
75	516	134	51	33	28	30	32
73	533	156	50	31	29	30	29
83	543	190	56	35	33	41	34
93	572	237	63	36	33	44	58
93	506	234	64	33	32	41	59
91	443	244	61	33	32	48	60
95	643	283	67	38	35	75	75
91	645	286	64	34	31	76	75
85	593	282	58	33	31	75	61
76	639	319	75	43	35	76	60
88	681	350	80	47	35	77	72
92	505	324	78	47	35	76	59
95	526	314	84	49	35	73	59
91	512	296	85	49	35	74	57
84	447	254	73	46	33	73	56
71	407	195	66	42	34	67	36
61	514	257	75	48	34	43	38
59	486	252	65	44	35	39	34
63	504	243	65	44	36	36	32
64	490	250	66	38	33	34	30
63	474	254	66	39	31	33	30
59	308	171	48	28	27	26	26
48	292	164	53	32	27	24	29
47	311	171	51	37	30	25	32
46	307	172	50	40	34	25	32
45	314	157	49	44	37	26	33
40	298	161	54	42	37	27	31
42	282	148	53	39	35	24	29
39	251	148	57	38	33	24	33
39	303	193	55	36	31	25	33
37	285	193	57	31	27	25	32
41	311	190	56	33	27	26	34
41	358	204	56	36	30	28	36
41	334	191	68	35	28	27	32
45	307	131	69	38	27	27	32
45	303	132	69	37	26	27	34
42	304	126	66	35	25	26	33
44	274	118	66	33	22	23	30
46	291	110	55	32	22	25	28
41	268	131	76	30	20	23	26
40	280	137	74	30	21	22	23
41	250	145	83	34	25	29	25
38	250	132	82	37	31	31	26
37	229	137	81	37	33	32	28
36	227	121	88	47	34	32	28
41	231	112	93	50	35	32	32
44	207	95	87	50	35	27	30
44	177	93	86	48	30	25	28
43	239	89	85	49	30	22	28
43	239	95	55	38	30	23	28
40	226	100	48	38	30	25	26
43	244	124	53	40	27	26	27
41	299	132	60	46	28	26	27
39	262	130	56	43	26	23	27
42	352	130	61	44	24	25	27
40	360	122	61	41	25	25	26
32	357	99	94	41	26	23	25
33	339	105	97	43	26	25	26
37	367	107	101	43	26	27	24
40	290	104	98	41	26	26	24
41	283	104	99	42	27	30	28
46	287	100	70	44	32	31	30
47	265	115	64	45	34	32	32
46	254	111	63	47	35	31	34
42	264	109	66	47	36	31	34
42	254	111	63	49	35	27	32
39	277	115	57	43	30	27	34
37	281	90	51	35	26	24	33
35	263	112	46	34	28	25	30
36	244	107	45	34	27	25	29
37	245	106	70	28	25	23	26
35	201	102	86	30	24	20	22
36	206	100	87	32	26	20	21
35	181	73	88	28	23	22	22
34	194	72	90	31	24	20	24
32	190	76	78	35	27	22	24
34	208	74	62	36	28	23	24
35	279	84	63	36	26	23	24
38	287	106	67	39	27	20	23
42	277	106	68	40	34	23	26
41	270	103	62	38	33	21	25
37	258	104	86	37	31	22	26
37	183	101	86	36	33	22	29
37	197	77	82	39	33	23	29
34	201	78	78	36	25	21	28
37	215	81	79	34	25	24	29
37	225	77	61	36	25	23	26
38	217	66	75	33	24	23	23
38	227	83	83	30	23	20	22
36	230	79	81	29	23	20	19
33	235	82	82	31	24	18	19
32	234	83	75	28	25	17	20
32	228	79	67	26	24	22	20
30	197	67	61	23	24	23	22
30	191	68	69	27	28	28	22
32	232	65	67	25	27	27	23
36	241	74	63	26	25	28	24
