0	1	2	3	4	5	6	7
54	184	184	58	36	33	21	44
56	183	162	45	35	35	22	43
56	191	182	52	33	30	23	32
61	187	221	62	35	31	23	34
62	203	228	61	35	32	26	31
57	241	219	65	35	34	26	31
54	291	220	65	34	32	26	31
74	311	206	60	34	33	27	28
80	344	196	54	34	32	29	30
83	374	188	54	35	32	27	30
86	407	186	49	35	31	28	27
90	400	206	58	41	32	28	34
75	381	204	55	39	33	35	35
93	374	188	52	37	35	38	37
96	404	208	58	42	37	40	41
99	373	199	56	38	35	44	41
104	382	231	71	44	38	45	40
107	426	230	72	45	38	40	39
91	480	222	72	52	41	40	38
93	494	221	70	51	40	44	60
86	486	225	74	56	49	61	64
78	518	187	56	51	48	63	64
81	494	279	70	52	48	65	66
72	459	280	73	47	45	63	66
62	386	269	74	47	45	60	48
59	378	283	77	44	39	39	44
61	403	280	80	42	34	38	40
71	446	195	71	47	36	34	39
81	479	209	66	44	38	36	40
81	491	204	61	44	38	35	36
89	506	236	54	44	38	36	38
87	468	241	52	43	39	32	38
73	450	269	88	44	36	31	37
64	395	266	94	47	33	40	38
63	403	265	98	49	32	41	40
50	405	217	99	47	30	41	38
50	373	202	97	46	34	42	42
52	348	161	68	38	35	44	46
50	341	140	68	43	37	38	44
51	350	161	64	40	37	38	41
53	327	163	61	43	37	37	40
52	347	157	65	46	38	37	35
48	381	167	67	46	39	34	29
49	378	172	57	39	35	29	26
54	431	196	55	39	38	29	26
54	429	203	58	35	38	32	29
51	421	210	47	31	32	30	29
58	407	196	48	32	36	32	29
61	451	222	49	33	36	31	29
55	393	191	54	30	34	30	28
55	396	188	65	34	36	25	26
57	442	189	74	37	36	25	26
52	413	186	74	36	29	22	23
46	351	136	72	33	30	22	23
46	327	124	68	34	30	21	23
46	318	140	60	32	27	25	27
42	200	135	54	33	33	30	29
49	196	134	69	35	36	30	32
52	232	148	75	37	36	32	35
54	216	145	79	39	40	32	34
53	264	134	77	39	41	31	32
57	286	139	74	39	38	30	29
51	373	171	55	36	38	29	30
49	381	164	48	36	36	28	26
47	386	167	45	34	30	27	26
44	354	153	43	31	27	25	25
39	358	146	43	30	25	20	25
35	291	110	40	31	25	20	19
39	275	111	40	32	27	22	21
41	279	111	42	33	29	23	22
40	337	119	52	36	30	25	23
40	320	114	51	33	30	24	22
41	285	114	50	32	29	23	25
38	293	118	55	32	30	24	27
36	294	124	56	34	37	27	29
40	265	118	51	35	37	29	32
39	256	114	62	38	39	29	32
46	290	152	65	38	40	33	33
44	264	154	59	38	39	32	33
45	271	147	56	36	32	31	31
44	230	147	53	37	32	29	30
49	243	161	41	35	30	30	29
45	212	116	46	40	29	26	25
45	207	98	49	40	28	25	22
45	245	104	49	39	29	24	23
46	246	108	51	42	31	23	21
43	254	93	53	41	31	24	22
39	251	93	51	35	33	24	23
38	276	93	51	35	31	24	24
39	235	95	50	39	33	23	23
34	233	82	47	33	31	24	22
35	231	78	47	37	32	23	23
36	263	89	39	37	30	25	25
39	267	91	43	38	33	24	24
40	286	81	48	37	34	24	24
39	294	88	48	35	33	26	23
42	296	86	47	34	33	27	25
40	308	84	54	34	33	26	23
37	292	87	52	33	32	28	23
33	280	95	50	31	27	28	23
39	273	90	50	32	29	27	24
39	264	93	56	34	29	26	24
41	210	87	52	34	29	27	24
49	190	85	52	35	28	26	27
50	243	93	49	34	28	26	27
47	267	100	48	35	28	26	26
45	263	101	53	33	26	23	24
44	289	98	52	33	25	23	25
38	307	98	54	32	25	21	23
35	270	88	57	33	29	20	23
35	247	75	62	32	29	23	23
31	251	70	56	31	30	24	24
30	248	70	56	35	32	26	23
29	234	66	54	47	32	26	21
31	216	62	53	48	29	27	22
31	209	65	53	52	31	25	23
31	212	65	48	52	33	25	24
34	216	63	45	49	33	23	23
43	249	78	45	40	32	23	25
43	255	76	57	40	31	21	23
42	258	79	63	61	32	23	23
48	279	87	69	62	31	21	23
47	263	95	71	64	30	21	25
41	281	85	69	62	31	22	25
