0	1	2	3	4	5	6	7
442	191	780	260	71	67	99	474
379	200	708	255	74	72	96	456
358	195	768	284	75	69	96	445
388	206	773	315	82	78	100	480
333	208	745	346	83	76	95	475
339	185	696	333	83	76	95	410
345	180	738	338	84	76	96	443
395	194	687	317	80	78	97	434
430	182	656	300	72	68	85	430
412	165	616	256	72	77	96	454
387	184	600	232	64	74	91	444
372	196	577	243	67	74	95	406
316	193	566	277	79	76	93	410
220	190	582	258	81	75	93	439
204	186	589	252	84	75	93	415
236	161	658	261	85	79	100	410
250	187	651	392	119	95	102	464
265	216	680	367	112	90	98	488
273	215	614	379	113	97	96	420
287	237	613	404	117	93	91	524
255	248	666	452	133	92	87	536
265	231	680	339	103	73	76	495
273	198	664	351	104	74	81	517
257	194	699	351	103	64	77	543
257	185	682	333	95	66	77	487
353	159	579	260	70	62	73	465
362	147	560	262	69	63	72	493
345	136	514	238	66	64	63	486
362	161	546	239	61	64	67	482
349	149	552	230	60	59	61	453
255	152	599	210	58	56	59	467
225	151	587	197	54	52	60	417
243	162	629	235	67	52	58	385
225	143	612	226	68	52	57	371
230	158	637	203	65	48	54	392
248	168	660	231	69	48	54	366
251	161	670	229	70	49	53	383
250	162	733	189	60	49	56	431
243	163	726	159	56	44	49	422
267	137	709	173	58	45	54	397
246	128	714	144	53	44	58	443
229	136	748	155	56	48	66	442
238	132	688	165	62	44	70	438
281	144	745	187	79	57	90	583
276	143	746	177	82	61	92	588
263	148	758	177	84	69	96	572
262	139	727	170	83	67	96	587
267	161	809	209	95	76	94	550
236	165	773	199	83	68	78	420
223	171	734	193	78	63	71	375
233	165	676	216	82	57	60	337
238	175	674	218	82	60	59	278
235	151	585	182	68	53	62	296
219	139	576	212	69	53	61	251
200	133	602	218	73	58	65	267
195	137	646	200	70	57	64	268
192	131	618	210	70	56	66	317
168	155	619	234	87	72	122	293
287	182	621	300	166	156	170	363
308	237	783	348	178	167	176	367
303	235	732	345	178	167	177	366
302	246	776	352	180	167	177	331
306	246	786	361	173	162	152	356
264	221	769	335	122	107	113	298
256	211	783	308	106	90	107	298
258	241	804	375	118	91	105	303
257	229	805	380	123	95	110	322
298	215	763	368	123	92	96	282
256	237	783	350	105	65	72	302
258	220	783	382	111	61	64	301
258	200	810	370	119	65	65	313
274	227	802	370	118	64	56	264
239	229	838	391	127	71	73	268
397	223	837	469	133	84	112	304
412	199	671	459	136	87	117	297
416	196	624	451	141	87	119	279
416	168	634	447	137	84	118	325
413	168	612	464	171	96	116	317
244	144	669	399	169	94	80	241
245	151	694	417	173	93	81	253
249	140	660	429	179	89	79	290
242	138	667	430	183	92	85	268
238	136	660	435	164	80	72	264
259	161	564	481	178	76	73	292
254	169	567	449	177	77	64	291
275	196	618	528	176	86	72	276
284	203	571	551	182	80	63	260
268	198	668	557	169	80	70	268
284	184	737	491	152	76	72	291
262	171	712	495	150	77	82	320
255	150	752	380	131	70	76	344
277	181	796	555	176	92	99	410
277	188	713	550	186	100	101	429
247	195	660	562	224	108	101	439
236	204	753	558	220	106	100	431
236	216	696	565	216	104	97	412
193	188	717	385	179	91	81	385
213	182	689	426	185	85	88	409
223	171	753	429	148	75	90	366
229	185	749	444	166	84	98	354
209	192	823	451	181	93	111	341
223	184	743	433	193	92	117	290
213	186	762	338	178	87	111	280
203	204	794	383	179	85	104	275
188	175	743	394	174	75	93	267
186	140	703	372	165	66	79	292
193	135	711	363	165	70	77	295
190	123	736	366	182	66	71	250
186	101	661	343	183	68	70	242
246	103	625	301	194	70	80	290
242	130	603	409	246	87	85	268
217	137	596	468	256	91	75	318
227	143	548	496	263	94	82	335
236	143	508	539	307	99	87	353
193	146	501	548	302	103	92	343
192	125	455	469	260	96	92	348
244	140	508	456	244	91	105	320
239	134	518	421	238	87	100	297
247	127	517	350	211	88	100	288
240	157	552	361	242	98	96	261
262	160	551	357	245	108	99	255
215	164	526	384	278	115	85	272
220	172	615	462	275	133	112	294
229	174	628	454	290	130	111	302
235	151	700	447	285	120	107	292
239	147	727	467	287	119	106	307
285	142	813	493	248	114	108	279
314	139	816	437	248	101	91	291
303	155	873	435	193	99	96	312
310	240	812	421	152	95	93	314
336	245	807	407	146	84	95	337
298	248	803	289	187	78	90	330
256	260	847	268	193	73	84	344
308	250	843	266	204	107	98	355
299	172	881	301	210	117	104	366
242	176	966	395	230	117	95	335
261	180	1000	418	213	125	99	332
312	181	967	445	190	135	116	331
267	199	972	473	201	124	113	298
261	211	1023	465	200	123	109	272
282	232	979	373	176	122	111	267
301	235	930	369	165	121	105	277
260	242	899	355	174	110	88	213
275	239	853	314	141	99	78	224
271	240	790	393	138	91	73	218
255	228	809	427	163	112	86	213
214	213	806	420	169	114	88	216
195	229	822	466	163	111	82	222
146	217	809	466	161	105	75	215
177	223	827	432	162	106	83	242
171	204	752	398	142	82	70	240
177	200	746	390	152	69	69	276
180	164	705	329	151	70	68	286
203	175	663	329	151	79	73	264
204	170	661	305	140	74	63	281
209	173	643	301	139	77	66	308
213	180	628	294	108	81	75	265
216	217	615	360	126	83	81	264
189	215	735	362	129	76	73	286
163	206	790	348	123	71	69	264
190	205	827	344	113	92	93	274
183	201	885	337	111	89	90	271
205	168	928	251	90	85	85	279
255	200	910	255	85	86	88	253
253	203	828	222	86	113	109	242
224	215	851	228	84	96	87	201
216	214	809	236	81	95	83	228
189	204	832	221	85	111	89	191
145	171	828	180	82	113	91	220
147	164	806	198	81	92	69	252
143	148	750	194	81	90	66	283
145	140	780	191	80	91	71	308
150	134	723	190	70	74	67	313
133	137	761	217	72	90	85	299
135	123	804	209	67	85	85	291
144	139	810	227	68	83	86	281
150	147	738	240	77	84	82	253
149	161	848	253	78	82	83	265
161	166	825	253	74	66	72	279
161	185	904	284	89	77	94	292
159	175	988	306	98	76	95	349
164	184	1035	336	102	77	100	452
258	181	1048	346	107	88	122	548
264	212	1106	413	127	87	121	554
280	198	1044	396	123	77	106	585
338	247	1050	408	120	87	122	583
347	256	1058	400	112	84	120	518
339	269	974	394	110	70	100	414
334	249	960	323	87	65	94	397
341	249	992	331	86	70	93	359
289	207	973	308	81	55	75	292
283	213	883	299	84	53	71	262
271	252	831	322	87	50	61	247
287	261	867	324	86	46	57	244
291	287	777	346	89	40	51	224
318	286	674	402	105	47	51	237
361	287	701	388	104	57	66	260
337	302	753	386	104	55	70	323
335	323	693	441	112	58	72	317
360	304	734	419	107	57	76	290
345	304	781	381	92	50	73	380
306	318	817	418	100	60	73	371
305	274	821	425	99	60	71	334
297	243	780	389	96	61	70	342
283	305	759	404	111	82	80	408
321	313	730	474	134	90	79	318
341	280	728	487	135	80	76	384
330	263	743	515	139	80	75	393
390	319	698	516	143	82	79	447
396	274	668	571	152	75	84	435
367	283	656	558	144	69	83	450
336	294	576	536	143	71	83	436
354	347	626	564	159	80	91	427
310	313	575	563	158	85	96	385
269	303	690	501	138	71	80	340
337	287	746	430	122	69	80	386
338	286	810	416	112	64	74	349
349	226	789	315	76	50	62	357
339	212	806	375	80	36	50	449
354	248	731	404	87	42	62	466
286	241	701	412	95	51	65	440
282	230	663	411	98	55	65	453
272	226	631	431	102	54	64	462
247	207	653	352	89	55	65	377
242	206	664	352	98	59	62	400
271	226	749	379	106	52	58	373
271	240	774	447	132	63	61	334
266	239	734	429	132	66	63	314
275	247	688	422	131	65	59	317
265	205	735	389	122	61	54	250
255	200	654	354	108	56	52	248
263	183	639	279	82	44	52	326
260	211	681	272	79	38	52	349
273	219	737	290	88	49	55	323
253	228	715	283	90	51	54	361
220	222	705	282	91	51	55	377
208	218	703	245	78	49	57	373
199	183	652	223	78	53	56	356
164	177	647	218	76	47	58	372
164	174	730	206	75	44	58	368
184	175	798	190	74	45	62	376
181	172	796	212	85	50	58	334
170	171	818	218	85	56	58	334
198	161	928	191	83	59	58	329
194	144	822	206	81	64	68	358
215	134	743	211	83	65	69	418
211	173	829	204	81	64	67	411
205	185	876	220	88	59	71	497
291	181	767	255	92	61	81	553
295	182	773	253	104	55	72	518
281	192	789	285	138	60	68	521
288	168	749	294	140	61	72	548
295	157	685	281	135	60	70	478
187	148	634	262	129	53	58	440
199	155	627	268	126	54	62	464
211	135	572	237	98	52	62	408
205	125	471	213	93	45	60	386
200	155	500	231	94	45	61	395
213	162	484	254	100	48	57	359
204	162	520	271	88	48	59	317
186	169	539	279	96	45	57	294
200	163	506	284	104	49	59	293
187	175	474	315	118	53	53	245
166	169	523	304	172	51	51	286
155	159	498	322	212	54	47	288
164	166	477	404	251	59	49	314
148	168	546	441	280	59	42	288
148	143	605	467	395	63	53	318
166	145	622	489	384	65	53	298
167	148	601	470	369	63	52	302
148	129	699	399	341	60	52	265
149	135	695	376	327	67	57	266
156	132	657	338	196	64	50	258
152	127	604	362	211	66	51	234
162	150	652	380	213	69	49	226
183	158	617	413	267	70	49	241
181	157	593	474	286	73	48	231
173	140	668	447	287	74	53	197
160	143	685	407	275	71	55	204
148	137	671	427	283	72	57	200
121	139	621	424	242	68	53	178
135	145	594	370	225	67	55	195
173	154	515	414	209	65	56	202
175	156	514	445	219	66	56	202
189	149	575	428	242	67	61	235
210	135	574	412	266	73	68	236
205	127	734	399	256	69	67	242
181	134	719	374	279	76	64	239
182	141	723	342	301	78	68	278
186	140	688	365	277	74	66	257
160	152	843	355	251	69	60	291
158	156	800	395	242	71	59	289
161	176	866	443	234	76	58	281
158	169	858	517	236	86	55	234
146	167	864	479	258	88	64	239
144	161	727	492	259	89	68	223
156	172	718	470	260	86	68	212
152	144	749	428	250	72	66	212
152	147	796	357	254	78	74	232
150	152	819	369	274	94	76	214
167	161	880	356	289	101	75	172
155	144	813	392	345	104	76	190
151	141	804	439	400	111	81	224
162	135	849	435	385	105	74	215
175	143	848	481	405	91	63	252
159	136	833	497	422	88	60	258
181	143	874	542	436	95	69	254
188	148	828	511	417	89	65	279
197	150	736	588	427	91	66	293
194	133	776	594	389	100	65	271
185	126	782	580	360	94	64	278
161	133	809	574	366	85	53	264
153	129	773	563	346	85	57	219
130	144	815	454	351	80	60	196
147	135	811	383	343	65	58	184
151	138	785	392	339	67	58	177
156	174	773	325	252	65	62	188
159	172	789	306	217	66	71	189
155	157	743	304	146	55	64	193
133	164	730	306	141	56	65	229
138	168	742	319	165	75	66	219
160	120	727	246	165	78	77	220
156	134	729	267	167	77	75	213
163	141	770	309	166	76	79	260
154	142	688	317	154	78	94	268
145	139	710	285	123	58	93	271
121	144	713	288	118	49	81	274
149	125	735	285	107	46	76	275
145	121	749	247	101	47	73	220
145	121	754	238	91	49	67	230
155	118	680	240	95	53	65	248
161	120	667	236	89	60	71	248
146	122	688	210	82	64	73	265
145	121	646	220	73	63	71	264
142	116	648	213	73	61	59	236
145	113	645	184	64	57	60	224
131	95	704	196	51	49	53	220
123	101	653	205	47	42	57	184
112	103	658	193	52	40	56	176
143	97	625	190	59	45	63	188
135	102	642	227	63	47	64	178
135	104	509	230	67	48	66	166
135	98	475	225	68	53	75	169
161	101	572	263	72	56	74	197
142	103	578	262	62	48	68	173
149	91	587	238	56	48	67	163
177	98	658	236	55	49	65	179
192	111	685	259	64	47	43	202
187	119	571	228	64	55	53	176
205	121	572	221	67	55	55	162
206	126	574	218	66	57	55	163
180	121	483	212	66	58	62	163
160	107	474	186	60	56	70	165
152	81	487	166	50	48	65	189
118	77	550	175	50	48	70	204
177	80	610	187	53	45	75	227
195	83	635	185	50	44	79	247
209	83	606	186	50	41	72	241
226	94	587	180	52	42	80	227
228	94	546	178	51	44	78	226
177	98	423	213	55	44	74	209
193	96	417	206	56	44	70	196
207	103	432	205	55	43	68	193
181	102	456	208	53	43	61	195
186	103	484	219	54	39	52	185
189	99	500	170	48	38	51	191
202	121	486	177	46	35	41	204
179	122	481	170	49	37	50	203
187	118	472	180	53	34	47	196
180	115	420	170	53	34	49	198
191	110	476	192	54	33	50	193
174	82	471	195	60	36	49	153
205	88	443	202	61	32	41	137
206	91	433	202	60	35	41	163
214	98	509	211	60	36	47	170
206	136	537	205	60	39	46	170
188	152	603	203	57	36	47	174
161	162	623	216	59	40	50	186
205	192	626	215	57	40	51	159
209	202	656	272	68	43	47	201
236	191	607	290	77	45	51	196
236	186	598	288	77	45	51	199
267	176	610	278	74	48	63	185
264	150	623	286	75	46	61	191
258	137	524	232	65	43	59	130
251	125	512	209	56	43	55	125
274	151	480	257	64	50	64	136
239	144	586	262	63	45	52	145
205	148	587	246	60	44	55	147
238	170	586	257	62	45	60	151
232	174	604	260	66	42	61	157
218	144	578	208	56	33	49	170
223	146	479	211	58	32	44	165
244	137	542	217	60	36	50	158
218	127	530	196	60	35	47	153
204	125	559	187	52	33	45	164
194	148	617	187	55	37	47	151
203	156	595	172	56	39	51	155
194	150	554	168	57	36	42	174
182	139	597	175	58	39	41	174
177	156	604	179	67	40	42	164
167	151	544	182	68	37	42	159
155	142	529	183	64	34	37	162
118	161	579	200	71	39	37	152
144	162	592	231	79	38	36	175
156	137	543	228	77	41	37	172
162	114	535	274	85	39	35	159
151	126	549	272	91	41	37	181
151	100	483	257	85	39	37	230
143	93	420	217	78	37	33	222
