0	1	2	3	4	5	6	7
100	179	364	327	108	49	35	88
104	205	346	309	104	48	36	89
109	194	366	375	114	50	39	87
106	196	354	342	102	47	40	83
99	204	361	408	115	46	40	80
82	204	290	399	122	51	45	82
92	226	317	444	126	47	45	87
95	244	321	415	120	47	46	110
117	227	346	420	122	45	43	112
123	230	353	370	115	47	41	114
128	222	366	416	124	43	41	117
115	220	374	346	117	43	39	110
121	209	383	316	108	42	37	98
112	218	414	368	112	44	38	90
111	211	465	380	124	44	40	88
122	205	474	345	114	45	38	97
121	153	454	335	108	46	40	108
107	140	454	358	116	51	40	120
96	143	482	450	147	58	42	133
103	184	481	444	135	57	40	143
99	181	486	445	137	58	43	145
101	205	483	478	148	61	43	142
104	203	498	481	148	61	46	132
109	227	460	385	122	54	44	120
95	208	422	421	133	53	45	117
83	221	406	395	132	51	42	119
94	196	389	362	123	51	40	114
100	206	353	342	116	44	38	104
95	177	321	332	115	44	40	124
109	171	381	340	141	51	43	124
109	155	385	343	144	57	44	132
100	158	423	350	146	57	47	139
101	157	439	359	149	60	48	146
100	199	451	378	148	60	44	134
84	187	378	365	125	56	44	127
79	198	352	372	114	50	42	107
76	193	327	423	127	48	38	99
77	189	313	439	139	54	41	103
80	134	284	423	139	51	43	98
80	136	315	428	133	50	41	121
89	131	312	426	135	51	43	117
95	137	318	382	126	55	47	123
88	128	332	384	142	55	48	120
89	128	359	384	141	57	48	136
89	131	337	335	131	54	45	114
95	156	346	327	130	52	43	114
95	172	332	344	127	47	38	111
90	183	303	329	108	42	33	108
87	182	282	304	110	39	30	101
122	196	337	325	116	40	33	112
120	169	340	340	126	47	36	122
119	173	409	343	127	51	38	114
118	214	432	371	121	48	37	111
133	211	432	393	139	60	44	102
108	215	462	443	144	63	46	123
100	246	454	487	153	65	45	114
105	233	424	504	172	66	49	116
113	190	409	470	169	67	50	121
101	217	412	481	158	60	46	119
125	222	423	481	174	66	53	111
130	210	505	482	170	65	52	118
129	223	476	492	160	63	52	131
123	222	475	499	158	62	53	132
127	215	497	483	151	60	53	146
109	214	465	499	165	62	49	129
98	198	474	465	156	55	48	122
94	187	489	410	151	56	43	111
107	186	499	426	166	59	44	121
107	187	483	416	169	59	45	116
107	183	532	481	154	50	47	120
115	191	439	469	155	55	52	119
121	195	428	475	150	52	50	130
127	218	433	475	165	58	51	114
131	202	507	573	190	68	56	106
123	182	433	439	168	66	50	100
136	176	441	450	171	66	44	109
149	173	476	514	196	74	51	94
148	165	458	503	168	67	47	98
140	193	376	391	147	60	45	97
140	230	431	419	167	66	47	98
137	240	436	414	167	66	52	100
133	243	426	369	166	60	49	115
128	227	435	397	175	64	52	123
130	241	456	419	173	60	47	123
139	219	388	404	158	53	46	126
132	197	376	411	178	55	42	112
114	189	350	386	158	52	39	107
118	217	357	365	156	49	35	95
118	201	316	342	147	55	37	96
109	188	308	325	147	57	34	85
104	201	382	303	110	54	33	86
126	199	395	296	121	54	33	85
112	167	390	289	119	52	33	85
105	132	420	280	121	49	33	80
117	127	445	319	121	49	39	87
133	131	413	324	126	48	40	96
150	130	434	359	105	45	39	90
152	138	430	367	121	45	40	103
155	142	394	377	118	45	42	109
142	154	384	388	140	40	36	102
127	165	345	426	152	43	42	101
89	222	317	403	162	43	41	93
100	218	331	381	153	46	41	116
115	227	331	382	172	42	42	119
120	228	321	349	151	45	44	127
124	218	356	302	143	47	40	125
120	178	347	322	139	47	41	132
130	178	367	334	137	46	42	110
118	177	388	313	126	46	36	101
122	205	453	340	128	47	40	105
117	191	527	410	135	45	40	119
119	171	523	388	128	44	40	116
104	182	503	399	135	44	38	110
107	186	501	426	157	52	41	110
107	154	475	409	157	50	35	95
123	188	474	400	154	48	35	74
117	226	489	385	150	47	34	89
116	223	488	371	138	48	35	85
113	221	543	410	122	44	34	83
107	230	545	407	125	42	37	112
91	218	484	331	119	41	35	120
102	186	492	326	121	43	34	114
105	178	505	359	142	39	31	118
118	194	490	411	140	44	35	151
121	183	442	411	136	47	34	139
126	167	420	434	135	47	35	140
140	170	392	445	135	47	40	169
134	171	434	439	117	48	40	173
120	128	375	317	95	40	35	143
118	119	459	437	128	53	42	139
117	137	458	469	141	59	42	132
103	126	459	474	142	59	39	86
114	145	420	458	142	61	40	80
116	176	428	506	161	63	43	92
133	188	378	417	158	57	47	119
129	175	366	374	142	50	46	126
124	187	399	374	141	53	45	130
115	205	385	367	137	52	46	139
119	194	401	299	114	48	45	138
100	178	365	266	80	40	33	110
97	179	368	345	107	45	39	114
93	162	337	337	113	44	39	106
90	110	311	329	115	45	38	91
85	164	352	348	116	47	35	89
99	176	427	411	119	49	37	92
98	177	432	335	104	44	31	82
100	184	446	365	129	43	29	83
100	186	488	401	132	44	30	82
104	135	473	454	144	45	30	80
92	187	420	431	148	49	33	95
110	197	444	454	149	51	35	93
108	195	414	456	147	52	35	94
128	211	418	472	147	49	35	92
136	222	433	463	149	53	41	96
130	213	443	433	138	48	37	76
113	206	416	406	131	45	36	76
113	213	434	411	124	45	36	76
119	202	399	393	145	48	36	90
108	185	363	365	137	50	31	87
108	160	365	423	149	51	33	90
123	173	385	419	155	52	34	91
140	186	391	442	158	51	35	101
137	191	519	484	153	53	36	101
145	195	516	463	148	45	37	108
147	181	515	421	143	41	36	120
136	181	521	426	140	44	33	120
126	174	522	373	129	45	30	111
130	178	390	294	114	42	33	111
122	167	374	363	126	44	32	101
120	175	365	363	137	48	35	89
131	195	326	367	156	52	40	102
133	186	298	372	158	54	42	127
109	178	312	407	157	57	42	118
107	196	289	346	147	58	44	121
113	198	282	350	134	56	41	119
112	170	293	342	111	50	38	108
107	173	320	351	106	45	36	75
106	170	325	324	113	42	32	80
102	148	386	351	118	41	31	83
107	131	397	369	133	47	34	92
96	140	421	385	136	50	33	92
90	123	414	380	164	56	35	95
94	122	425	367	172	55	37	89
100	180	394	337	185	56	41	102
109	189	394	328	178	55	43	96
113	175	374	352	184	57	46	94
124	202	354	342	163	52	44	95
122	225	336	324	150	49	42	95
125	195	352	349	133	49	40	82
121	182	349	327	126	48	37	78
127	209	346	329	140	47	38	94
117	198	366	442	173	59	45	91
112	168	372	472	185	64	46	93
121	172	332	457	183	62	42	91
110	177	330	548	206	69	47	90
101	163	345	552	203	70	50	93
102	163	430	493	175	61	45	100
111	185	417	484	164	58	46	96
93	184	432	496	166	59	46	92
93	198	437	408	143	51	40	92
107	202	469	399	143	49	37	89
119	196	404	392	163	59	41	83
119	188	428	376	174	63	41	99
118	214	419	358	175	63	42	102
120	212	414	355	182	61	44	103
112	194	374	319	173	59	39	94
99	254	360	284	148	47	33	96
105	263	372	303	127	45	30	85
118	244	375	337	140	45	33	98
127	246	376	355	131	44	33	101
118	255	380	383	128	44	36	97
115	200	386	463	143	52	45	95
99	188	384	486	150	49	47	97
96	169	376	455	148	49	46	100
98	175	404	438	138	50	46	95
99	170	410	483	157	54	51	93
102	178	400	408	143	50	46	90
103	172	365	392	138	48	44	90
97	181	362	437	126	49	42	78
84	165	324	438	126	49	42	79
107	204	288	376	117	50	36	89
111	189	338	354	133	50	38	104
115	213	363	318	142	51	38	116
119	211	375	250	138	49	38	112
119	208	369	229	141	48	37	117
106	241	390	264	132	42	35	119
100	243	355	272	116	40	32	109
99	226	340	294	105	41	34	97
91	245	337	354	136	45	39	103
99	277	355	350	132	45	38	99
97	215	339	318	144	45	37	92
102	208	319	334	145	44	39	100
99	202	308	342	151	43	37	90
103	177	330	285	129	36	33	90
110	126	362	367	153	42	35	99
110	143	387	375	161	43	37	96
110	151	416	393	171	44	34	102
117	149	469	394	177	58	39	105
111	189	517	459	177	59	38	102
109	200	493	414	162	56	35	107
109	196	473	402	139	54	36	125
106	193	454	443	145	57	36	114
107	196	389	465	143	44	33	120
106	167	315	437	140	45	35	119
89	206	297	494	141	53	41	111
90	218	316	527	142	54	40	98
97	246	311	471	121	52	39	93
100	245	324	459	110	51	38	97
110	249	371	459	122	48	38	98
109	205	382	388	113	37	31	98
106	212	365	335	109	35	30	91
99	196	349	361	135	41	30	92
90	193	347	318	140	42	26	76
76	172	313	261	124	44	32	72
78	169	303	276	129	46	35	74
76	150	349	306	137	45	36	74
73	152	391	315	119	41	38	74
91	166	431	374	136	42	40	88
95	177	418	386	147	43	37	95
89	208	437	410	157	42	36	92
86	242	419	398	151	43	35	98
93	237	411	371	155	44	34	106
80	235	385	409	149	47	37	105
87	240	428	443	156	53	39	99
86	218	414	489	165	57	41	95
84	196	387	492	166	57	42	98
85	200	407	570	175	64	47	108
82	250	400	536	171	63	48	105
76	243	356	511	157	55	44	105
89	259	373	454	134	50	42	111
95	253	376	467	146	50	41	107
87	246	382	379	137	39	36	90
85	219	392	383	141	42	33	94
81	215	388	365	139	43	34	93
71	187	347	327	135	41	32	87
65	158	342	283	119	42	34	79
70	223	364	300	122	46	36	81
80	193	331	256	111	42	35	64
95	211	367	340	157	50	39	73
113	243	388	385	173	57	42	97
115	260	414	386	177	57	41	97
121	204	367	368	169	51	38	89
115	240	386	381	165	50	39	96
120	231	330	364	155	51	48	119
115	198	324	336	139	46	47	105
113	216	312	364	140	47	47	108
114	243	350	349	135	47	48	118
115	220	377	335	141	51	47	121
103	228	396	302	104	42	34	93
97	236	401	311	107	39	32	92
108	218	416	352	116	42	33	95
97	219	353	361	118	46	39	98
108	219	347	363	109	41	39	102
104	213	346	347	123	45	38	110
106	217	349	336	137	44	37	110
113	225	393	279	132	41	36	110
112	201	443	297	128	36	28	98
94	181	427	267	126	39	29	89
95	165	427	302	118	36	28	74
88	177	457	422	119	41	36	79
66	160	455	455	129	46	36	85
91	164	416	450	131	49	38	94
110	202	425	455	130	49	38	104
119	239	418	443	127	48	38	109
122	228	399	368	130	48	33	109
123	248	379	311	110	42	33	100
113	252	383	324	109	40	33	94
108	234	380	342	116	41	35	92
104	200	372	322	127	45	37	93
103	226	401	275	117	40	35	98
110	211	369	273	125	45	34	107
101	201	371	249	125	44	33	103
121	198	409	334	130	41	30	92
113	229	423	351	133	42	31	85
121	189	365	358	131	43	32	88
112	181	389	390	129	42	31	78
114	196	425	399	130	42	31	90
83	188	417	325	122	44	32	89
96	156	460	320	109	40	30	94
101	176	467	302	109	40	30	90
101	169	448	262	109	37	31	96
100	170	461	267	115	41	31	86
100	181	426	248	115	41	32	102
106	229	358	309	135	46	38	101
126	254	378	333	133	48	42	101
129	259	372	376	130	48	41	92
126	251	312	355	125	48	41	98
132	247	314	380	135	47	42	100
118	248	357	439	155	53	43	102
96	208	420	453	165	55	42	96
103	225	454	464	181	56	40	106
107	221	457	475	193	59	42	102
98	235	451	487	192	65	47	97
96	190	469	447	170	58	41	89
73	207	397	427	161	57	41	85
93	195	359	402	150	56	42	93
106	211	355	389	145	51	44	110
109	191	399	382	162	41	36	102
125	207	374	356	158	41	41	111
127	231	393	352	149	39	41	109
106	223	381	331	154	39	40	112
103	206	402	374	154	38	39	104
105	204	354	348	133	39	39	101
88	230	355	304	120	38	32	93
95	208	366	412	139	52	38	94
106	214	384	441	128	53	39	87
101	221	390	418	162	62	41	77
101	226	422	418	160	63	40	78
98	174	397	418	165	67	43	85
99	180	376	341	152	56	38	98
94	163	370	330	159	58	41	99
91	154	380	340	119	50	38	99
112	189	355	353	116	48	39	105
120	195	354	381	116	45	40	124
115	166	343	350	112	43	40	118
108	173	413	352	103	41	36	107
110	223	391	376	90	43	34	115
94	194	382	354	86	42	33	114
86	193	418	347	94	46	31	89
85	227	441	364	104	47	31	85
87	239	368	378	115	50	35	92
85	199	388	330	132	49	36	88
105	225	436	356	133	49	39	89
108	227	430	339	123	48	40	85
106	205	421	339	125	53	39	86
112	192	427	297	118	50	37	88
124	206	384	315	116	49	38	87
104	175	336	317	127	52	39	79
107	189	356	382	147	57	42	80
111	224	337	360	138	54	42	77
108	230	350	380	159	54	46	64
119	213	408	419	158	57	49	64
124	225	452	449	163	58	47	61
117	208	422	402	145	49	42	61
114	201	419	415	156	51	40	63
112	192	406	434	135	49	35	65
97	209	377	389	124	45	31	58
92	200	328	343	107	42	29	56
99	227	317	332	111	46	31	87
98	217	311	336	126	47	30	98
99	216	377	274	129	52	33	110
84	214	380	257	130	54	33	108
96	219	388	252	130	51	35	116
102	200	418	280	135	52	35	97
115	183	456	294	122	51	37	95
130	256	448	339	114	52	40	77
143	265	438	384	130	54	42	121
129	272	449	384	128	58	45	124
133	268	433	386	130	55	47	133
128	273	424	404	144	57	48	133
114	216	488	386	157	56	47	141
96	194	501	357	166	56	46	106
107	166	475	344	173	53	42	101
90	184	488	358	168	55	42	93
84	201	487	322	161	50	40	86
128	187	378	339	159	53	39	81
141	180	370	342	137	53	42	95
158	211	447	441	148	60	46	92
166	202	430	427	151	61	47	100
170	169	454	435	141	62	46	104
151	164	470	418	146	61	46	114
154	206	486	492	147	58	43	105
127	190	423	439	135	51	40	109
119	189	416	441	138	48	41	108
121	193	354	432	152	46	45	112
111	209	382	446	149	46	46	101
107	176	354	380	149	45	43	111
109	187	374	363	154	44	43	102
105	191	412	359	147	45	41	91
110	180	457	372	151	43	37	86
107	225	418	345	142	40	34	87
95	224	422	311	134	38	35	76
113	201	408	299	121	38	40	99
132	197	399	279	134	37	38	103
125	218	356	249	108	38	39	100
132	151	363	268	104	38	38	103
139	143	382	260	111	42	38	106
125	151	372	248	118	48	35	96
110	147	363	245	130	49	35	94
117	112	358	253	136	49	35	95
133	158	361	232	132	45	37	102
133	174	400	232	131	45	34	99
155	197	428	313	140	45	37	107
162	193	425	304	138	45	36	107
159	195	432	313	150	52	38	108
141	179	431	378	158	57	38	97
132	192	347	407	154	55	42	104
116	166	333	349	159	51	39	96
120	163	309	359	143	52	37	97
143	182	368	381	140	48	33	97
141	193	347	382	143	50	38	103
153	196	425	383	148	54	37	100
154	197	420	390	130	55	40	100
140	211	417	393	142	55	44	101
120	202	367	373	124	52	46	103
119	258	378	307	110	48	43	92
103	237	287	265	104	42	43	86
90	238	258	315	139	42	42	92
102	238	256	340	135	42	42	99
104	246	287	329	134	42	41	100
102	172	269	351	144	47	44	114
103	208	291	373	150	50	43	118
98	220	356	331	117	47	40	106
104	216	386	303	101	45	37	94
113	208	354	298	102	48	39	95
119	207	373	318	117	43	33	89
117	177	378	300	111	38	31	90
120	178	349	349	127	41	34	93
125	197	340	387	144	45	36	102
161	201	355	393	147	46	36	114
170	210	352	349	137	44	35	122
173	213	365	374	138	47	35	123
178	214	423	342	137	48	34	119
170	203	417	302	117	42	32	116
128	222	408	299	128	39	28	99
114	211	413	300	116	36	26	80
111	205	383	257	111	35	26	72
101	193	321	253	118	35	30	81
114	184	338	290	138	42	30	87
104	160	373	293	137	45	35	85
105	177	366	298	147	50	38	87
101	205	390	322	155	49	38	88
106	248	388	315	145	47	35	88
100	243	355	275	140	43	38	84
100	235	320	285	131	43	35	84
92	227	322	293	119	42	33	90
99	208	371	282	113	44	35	98
98	143	395	295	104	49	38	98
91	144	407	275	107	46	33	90
104	150	422	334	118	47	34	86
107	152	451	381	138	53	41	80
108	144	416	454	154	57	41	73
117	157	421	444	164	56	42	67
125	158	414	450	167	57	41	83
134	176	525	449	179	55	39	86
136	165	509	425	168	50	33	85
132	166	560	359	153	42	31	87
126	171	583	368	142	40	28	93
131	200	581	377	141	42	31	88
121	204	496	329	118	44	32	95
125	203	538	326	127	41	32	99
126	205	464	301	132	45	34	103
127	200	392	287	136	45	35	97
110	176	392	309	123	50	39	95
93	157	379	282	120	49	42	91
85	163	292	268	112	48	41	85
87	173	345	301	116	50	40	90
100	182	340	298	130	50	39	101
103	189	366	287	138	45	34	99
111	195	355	287	134	45	32	98
112	190	364	276	133	48	33	97
115	179	342	255	138	43	31	86
101	180	375	244	125	47	36	79
97	174	382	226	114	44	35	90
106	216	363	247	116	42	34	100
106	222	373	257	111	39	33	110
106	241	346	285	115	38	34	116
109	233	341	340	118	37	32	120
136	257	337	371	124	39	33	116
130	209	354	387	134	40	36	106
164	204	340	390	145	40	36	94
164	201	339	393	159	43	35	87
161	227	334	357	153	39	34	93
148	201	350	322	146	39	33	86
145	221	335	315	143	36	31	94
110	220	348	331	141	42	35	96
104	208	335	306	130	39	38	93
102	185	298	304	143	40	38	90
87	188	266	332	152	39	39	93
94	167	340	348	145	43	42	94
93	184	342	314	157	38	41	103
95	192	380	312	149	37	38	106
104	194	411	316	145	39	37	112
98	178	441	283	138	40	36	106
93	231	393	233	135	38	32	108
99	227	378	259	131	39	31	99
115	216	358	252	121	42	32	97
108	216	353	257	105	37	32	77
112	252	303	279	115	39	35	85
107	200	298	278	112	38	33	76
104	179	299	266	85	38	31	78
87	208	334	273	102	39	35	85
100	206	312	275	121	47	36	82
112	172	341	324	121	48	31	96
131	204	366	336	127	50	37	117
126	218	372	341	131	50	38	119
127	215	324	325	118	45	33	114
121	256	355	334	105	41	31	129
117	264	336	272	100	43	34	124
107	245	339	325	109	42	31	132
118	237	344	327	107	44	31	131
115	223	364	340	106	43	31	133
110	173	401	358	105	44	34	123
103	166	423	353	98	41	33	114
97	164	440	332	100	47	36	95
89	163	454	350	102	46	36	92
89	190	447	376	112	51	35	87
94	197	396	344	120	51	34	87
90	188	375	355	133	50	34	84
86	214	312	315	121	45	30	72
85	228	351	296	131	45	33	72
78	196	367	279	137	46	33	68
83	179	375	290	154	50	37	72
83	178	362	299	146	49	36	82
84	163	388	325	144	50	38	77
74	177	352	356	142	49	37	75
75	185	329	337	123	45	38	76
66	231	302	318	105	40	38	82
63	262	297	311	106	42	41	83
73	267	336	298	115	41	41	84
85	244	304	248	107	44	42	97
93	240	320	262	111	45	43	112
95	206	357	265	101	43	41	113
95	165	376	244	95	40	39	113
90	175	346	249	101	43	37	115
83	193	392	339	129	48	38	108
90	212	464	330	132	49	41	98
93	205	452	346	139	51	39	82
91	232	458	364	145	51	38	80
87	241	494	375	135	48	40	77
91	241	447	293	107	39	36	74
85	217	383	298	116	39	35	65
81	219	455	314	121	37	34	69
88	236	441	322	118	39	35	63
93	197	411	313	131	39	33	70
88	179	436	334	130	39	34	88
93	183	454	334	115	37	28	91
94	186	378	303	105	37	30	95
89	124	364	278	113	36	30	104
85	157	374	278	98	35	35	111
89	161	382	269	100	35	34	96
92	174	340	278	102	34	35	97
99	184	380	274	118	31	33	97
104	200	414	272	109	31	35	112
104	214	409	263	116	30	33	112
132	219	389	307	125	29	34	125
133	232	398	294	142	37	35	133
132	219	358	288	136	41	38	135
132	205	334	282	134	42	37	117
129	168	322	280	131	42	33	104
107	211	322	224	122	47	36	92
89	228	320	238	113	41	34	85
85	227	317	263	109	42	34	75
77	229	304	279	114	44	33	76
86	235	275	297	114	43	35	83
79	261	316	336	127	44	34	93
79	222	319	336	119	47	35	85
94	233	345	322	118	43	35	89
101	241	356	319	125	44	37	90
102	259	382	337	129	49	40	91
104	195	363	327	129	48	38	92
103	201	346	331	126	45	36	90
84	190	316	349	128	50	39	94
85	221	357	419	142	56	41	92
76	191	353	406	139	55	40	100
67	197	369	396	135	54	42	91
71	201	382	406	149	58	42	101
85	256	430	418	149	62	45	107
101	225	412	353	136	55	44	109
101	223	428	340	136	52	41	96
114	222	424	377	150	53	43	107
112	242	422	355	141	50	44	99
102	182	389	330	141	43	38	96
100	184	373	380	161	46	38	88
105	233	333	375	171	51	41	98
95	226	308	316	156	49	39	81
98	215	318	339	152	50	40	85
127	234	312	334	149	46	39	75
115	248	329	293	130	45	37	78
112	205	339	303	119	41	36	89
133	212	333	321	133	47	34	91
135	206	346	302	131	45	34	99
107	199	343	331	124	48	36	96
134	199	319	309	123	44	34	114
134	202	331	303	126	48	36	108
116	208	333	279	108	40	38	120
110	222	327	319	134	42	37	111
153	242	342	297	131	43	35	118
163	247	369	329	129	48	40	118
163	262	350	315	124	47	38	111
165	269	390	337	124	48	36	96
166	250	363	313	107	49	38	101
130	273	358	307	111	47	39	96
97	273	317	341	111	46	36	88
95	260	317	402	120	48	39	86
87	248	268	406	138	52	43	91
89	245	356	432	159	53	44	91
96	180	334	427	156	55	42	86
77	132	371	367	147	52	41	76
72	146	418	321	141	47	36	79
69	162	411	341	160	52	35	71
79	170	384	293	145	53	33	95
73	188	399	329	152	53	33	104
88	218	442	386	175	58	34	111
96	210	433	372	173	60	37	114
115	202	430	330	155	53	36	124
116	207	404	364	153	48	34	103
139	195	387	383	160	49	38	106
137	171	351	341	142	48	39	96
135	190	314	340	155	48	38	108
126	181	343	356	139	50	36	115
120	190	350	312	130	50	37	124
95	205	411	275	109	49	34	117
90	233	380	269	107	46	33	116
117	241	390	328	106	46	38	117
112	271	377	304	116	47	38	104
108	254	365	332	123	45	37	91
105	261	383	398	169	52	39	86
100	239	400	418	173	54	41	88
72	220	412	418	175	56	37	87
99	178	445	441	177	55	35	103
105	218	466	429	174	59	36	105
102	208	410	371	142	51	33	108
110	214	391	340	131	48	29	109
114	205	361	288	129	46	30	117
127	219	321	295	125	41	31	100
129	208	322	279	126	41	30	98
128	252	325	255	122	42	30	100
119	298	331	253	127	43	31	107
129	301	326	245	119	42	31	91
111	287	349	197	132	51	33	102
113	311	320	233	156	52	34	104
117	277	300	230	152	52	37	109
118	243	322	248	152	49	35	104
101	249	325	282	154	48	35	101
83	272	309	301	143	43	35	92
74	227	305	290	113	40	35	99
79	241	316	291	110	40	35	91
85	251	283	313	114	45	38	90
82	254	269	288	111	45	36	85
102	237	301	308	114	40	35	93
102	229	299	319	131	43	33	85
105	199	301	316	136	42	35	91
102	189	302	306	134	41	32	103
104	182	325	299	145	41	33	96
109	183	392	261	145	42	32	91
129	200	405	262	134	39	35	108
122	228	405	285	145	39	32	105
123	226	422	273	153	38	32	87
119	222	436	269	150	37	31	88
100	217	369	264	142	36	31	84
74	205	358	246	139	39	27	76
86	192	376	313	153	50	31	73
92	170	382	308	152	53	35	92
95	201	419	315	134	54	35	93
99	198	401	327	130	55	36	97
100	196	410	330	134	54	39	89
88	215	392	286	107	48	36	89
84	216	358	303	125	44	33	71
85	191	276	297	133	45	31	68
87	203	267	313	139	46	30	70
100	254	247	303	140	48	33	76
103	240	250	265	144	43	31	76
106	242	260	231	117	44	32	79
113	257	279	238	112	41	33	82
112	246	264	196	111	39	32	85
102	232	308	291	117	40	31	79
97	254	312	283	117	40	31	84
96	244	322	306	135	42	34	89
87	230	423	329	141	44	37	93
81	259	458	360	140	45	40	94
88	229	435	289	131	40	40	97
97	199	437	301	123	44	40	96
107	261	469	285	101	43	38	87
119	253	380	269	92	47	38	89
117	221	349	240	98	49	39	82
123	237	360	304	102	53	37	82
120	228	375	290	93	50	35	84
107	146	340	333	108	50	36	91
97	149	355	331	112	47	31	84
101	174	352	328	107	42	30	86
100	158	356	275	110	38	30	86
97	188	386	337	131	47	36	87
100	201	369	294	121	45	38	81
101	220	337	287	125	44	38	78
103	206	337	286	129	48	38	80
102	216	322	283	118	47	38	76
102	208	242	196	100	41	32	73
101	241	291	291	100	49	31	81
93	241	317	302	100	51	32	80
105	249	313	297	113	48	28	82
111	247	300	297	126	53	29	81
109	243	357	308	123	51	32	74
106	201	346	238	118	44	32	65
109	180	338	227	114	42	33	72
106	172	362	256	96	45	34	75
108	160	387	279	86	39	32	74
111	176	354	274	87	40	30	73
113	200	387	302	95	42	30	84
117	204	407	349	126	45	32	83
101	223	422	357	127	41	33	73
81	226	407	350	127	47	40	76
95	253	443	369	131	46	40	87
95	259	483	369	131	44	41	75
100	257	543	345	95	41	39	81
107	270	527	326	93	41	39	79
132	277	524	325	92	38	34	78
129	251	503	317	90	39	35	83
130	230	437	279	84	38	36	99
131	255	402	293	99	41	34	92
125	248	410	381	116	41	35	94
101	235	417	372	119	38	33	95
88	227	421	356	119	38	31	90
89	224	429	357	118	41	28	81
78	193	368	326	113	37	28	80
89	206	337	232	101	39	30	91
94	213	322	250	101	39	31	90
98	210	302	260	100	38	33	89
95	226	360	270	104	38	33	90
103	258	360	285	115	38	33	90
94	240	379	276	117	36	32	90
99	254	407	270	114	36	31	85
96	249	412	283	116	38	31	80
101	241	392	267	121	37	32	78
90	216	402	295	119	39	32	82
95	196	408	296	110	36	33	79
96	166	410	292	114	41	33	82
116	161	402	312	108	39	37	95
