0	1	2	3	4	5	6	7
433	456	863	1044	370	132	227	170
477	497	906	1041	388	142	253	191
376	455	875	1035	406	143	267	189
374	491	840	1121	457	146	242	188
361	513	800	1073	461	145	234	182
368	554	885	1092	429	143	228	181
332	529	860	1103	419	133	211	161
377	579	877	1114	440	157	223	178
392	552	889	1073	408	159	205	208
392	534	884	1070	440	172	217	211
419	511	774	906	420	178	231	208
417	529	728	873	414	178	218	212
382	496	741	897	393	162	206	182
351	567	755	874	383	146	216	140
344	573	838	893	313	123	208	115
358	575	862	932	324	125	205	139
345	551	902	967	328	130	226	135
346	614	892	882	294	125	212	152
344	585	810	835	273	121	200	152
383	566	721	926	343	132	194	163
314	554	684	905	315	123	210	148
316	561	783	1036	379	140	199	170
331	467	788	1043	380	139	191	170
337	502	840	1058	384	142	185	170
326	549	843	930	313	140	213	170
332	570	847	957	328	147	215	178
317	584	698	814	246	123	205	143
310	584	670	833	237	122	203	126
292	493	569	797	215	122	248	145
271	410	600	849	225	112	224	132
286	393	582	768	200	97	198	115
281	356	653	730	188	94	197	125
272	364	615	680	180	94	203	158
273	366	669	745	220	98	159	144
