0	1	2	3	4	5	6	7
33	66	47	25	39	223	43	42
35	76	48	26	40	217	43	44
38	72	48	26	40	197	45	35
35	66	48	28	42	180	57	37
35	64	42	26	41	203	59	34
36	64	41	27	42	197	59	41
34	49	37	25	41	199	61	42
34	43	35	25	41	203	60	46
33	44	32	24	41	195	50	43
33	43	36	23	50	212	46	46
36	44	38	24	50	227	44	40
36	45	38	25	50	226	41	39
33	47	39	23	52	236	47	36
35	44	40	28	76	324	53	38
35	59	39	27	71	308	52	35
32	67	39	27	76	330	51	29
33	75	41	28	77	349	51	28
38	76	49	29	77	354	49	39
38	75	49	26	58	303	52	43
37	65	47	26	57	292	52	44
37	58	45	28	51	269	52	44
37	50	46	27	50	265	54	45
35	53	39	26	50	272	61	35
33	55	41	27	54	327	58	34
35	54	46	30	58	343	60	49
36	58	48	31	60	339	61	49
38	59	46	31	63	327	62	50
37	52	48	33	62	341	56	50
39	56	46	32	60	275	52	50
48	64	42	29	56	274	52	40
49	60	36	30	61	276	50	49
48	60	35	30	60	281	55	48
46	65	29	29	60	263	57	50
49	66	31	31	54	272	54	53
44	68	32	30	53	248	51	49
41	75	39	29	55	308	61	42
44	74	41	32	55	322	59	51
45	73	42	31	54	308	66	50
40	73	43	30	55	294	65	45
34	64	43	31	55	340	68	46
34	57	40	30	41	275	61	44
34	55	43	27	38	267	61	34
39	50	50	29	40	271	55	48
50	45	49	31	42	280	55	50
50	43	52	31	45	245	55	52
52	44	53	33	46	247	55	52
53	46	54	33	48	227	51	51
51	49	50	31	47	233	50	37
41	60	49	28	45	224	54	44
42	59	52	27	45	205	50	45
50	65	52	25	48	222	52	48
48	66	49	29	59	269	60	51
46	70	55	31	60	284	63	50
45	66	59	31	59	281	61	40
47	67	54	32	59	277	59	36
36	62	52	31	65	330	62	52
32	62	53	31	60	321	54	51
31	54	49	32	57	306	47	52
39	46	47	31	58	304	46	54
40	49	47	31	56	310	52	55
41	45	52	34	51	257	51	34
40	48	52	32	45	214	54	48
45	53	52	33	49	203	54	47
38	55	50	32	46	217	53	47
36	56	52	31	48	225	54	47
43	61	46	29	43	241	48	47
44	60	43	28	43	248	48	35
46	57	42	25	36	237	46	45
51	65	50	24	37	220	45	48
51	68	51	26	39	214	48	48
44	69	52	26	48	185	50	48
45	86	51	26	45	173	45	49
45	92	49	27	46	172	47	40
40	93	44	29	53	288	63	36
41	94	46	28	53	312	65	43
44	95	47	27	46	308	65	46
44	80	49	27	46	308	67	44
39	74	49	24	46	323	69	45
39	79	49	28	58	278	72	49
36	78	47	29	60	247	65	40
43	80	51	31	62	238	64	36
45	79	55	33	64	257	64	44
48	84	55	38	70	249	64	46
49	77	50	37	56	221	50	45
51	74	49	37	55	221	50	48
44	72	43	35	50	230	49	47
50	76	38	34	50	227	49	39
46	75	39	31	47	234	53	52
45	71	42	28	46	218	51	47
45	70	39	26	43	218	51	45
48	74	42	27	45	209	51	46
44	74	37	28	44	208	60	46
43	72	35	25	48	268	60	31
51	77	32	28	49	265	59	34
52	78	41	27	48	287	59	32
52	71	41	30	54	307	56	33
52	64	42	32	61	332	58	35
54	62	44	32	58	308	55	33
45	70	45	31	56	304	56	37
47	75	44	32	59	322	55	52
45	152	41	29	57	321	57	51
40	210	43	27	53	313	46	51
40	241	43	27	53	307	43	50
45	241	42	25	54	316	45	48
42	240	41	26	51	295	46	35
48	206	39	27	49	312	67	45
49	162	37	26	48	317	68	43
49	119	40	27	45	306	70	45
47	114	43	30	46	292	69	43
45	112	40	29	47	281	68	43
38	101	40	29	55	325	58	34
40	80	48	28	55	330	54	42
43	78	47	28	54	322	50	41
42	73	45	27	52	321	49	41
44	71	47	28	63	372	54	41
51	78	57	28	55	310	41	41
50	74	54	27	54	284	43	35
50	61	52	27	54	281	43	35
51	64	50	28	57	328	48	45
49	61	50	28	56	290	46	43
42	57	48	28	56	281	45	41
42	58	46	30	54	259	41	40
39	61	49	30	59	291	49	42
37	64	53	30	64	267	56	35
36	66	57	31	55	233	56	34
41	72	52	31	53	224	59	35
41	70	50	32	64	332	65	44
40	68	58	30	63	312	60	47
43	62	57	29	60	302	50	47
47	63	53	27	58	300	47	47
45	60	54	27	62	315	53	47
47	63	56	28	55	279	52	38
48	71	48	32	56	292	55	45
46	77	48	32	50	273	55	45
43	81	47	33	51	304	57	47
42	73	42	31	46	305	56	47
46	73	43	30	43	250	55	48
44	68	44	28	34	221	52	36
45	62	46	28	44	262	57	32
47	65	45	25	52	273	63	35
44	67	51	28	55	279	57	44
46	68	50	27	54	268	52	42
45	74	46	27	59	276	54	43
45	74	45	28	64	287	50	45
44	64	45	27	62	262	41	43
46	62	39	26	62	246	40	34
44	61	38	25	62	251	44	47
46	53	44	26	71	298	48	47
46	49	40	27	61	266	55	47
45	46	41	28	59	243	56	46
54	66	46	29	60	241	59	48
49	63	46	30	66	280	61	38
49	63	43	29	56	228	57	46
52	63	46	25	55	222	49	44
53	66	46	27	54	223	49	45
47	57	42	26	52	301	50	44
45	61	43	27	62	377	53	42
43	60	43	27	61	389	53	41
39	64	41	27	62	386	52	44
40	67	43	26	62	401	50	42
34	60	42	30	67	362	57	43
47	65	43	30	57	264	51	45
47	64	43	29	55	237	49	47
48	62	41	32	54	249	51	46
47	57	40	34	54	293	50	45
51	62	40	29	55	351	46	48
42	59	36	30	50	351	45	47
48	62	41	30	50	356	45	39
49	65	47	27	49	351	50	40
48	69	50	25	53	339	60	39
45	63	49	28	50	277	62	37
49	74	56	27	49	255	62	39
44	75	52	28	47	246	62	44
50	73	49	29	53	301	59	42
52	71	46	29	58	350	51	43
55	71	45	28	53	339	43	44
51	55	38	27	55	343	41	48
51	79	48	28	62	382	46	42
42	79	49	28	58	341	57	42
51	82	49	29	48	249	57	44
47	83	49	27	47	241	56	42
43	83	49	28	47	246	60	34
44	77	43	28	55	344	66	38
44	77	45	29	57	357	57	39
37	84	49	28	57	365	55	37
41	87	51	29	58	373	56	36
41	86	51	31	67	411	61	35
46	72	54	29	59	307	51	43
48	71	55	30	57	291	49	48
45	66	51	29	54	269	51	50
41	69	50	30	59	306	52	51
46	69	52	28	51	263	51	51
41	66	51	29	45	249	56	54
46	67	47	25	48	251	57	52
46	61	50	27	51	279	56	50
45	53	48	28	46	240	58	50
49	57	46	28	41	224	54	53
51	62	43	27	43	236	50	47
44	68	44	28	49	276	55	45
47	69	50	26	53	255	61	46
49	74	51	24	53	267	58	46
41	75	54	25	55	263	63	49
36	86	57	25	57	295	66	50
45	80	54	24	53	286	63	49
44	81	47	25	47	283	59	47
45	82	43	25	51	270	57	50
45	90	50	24	56	318	57	51
51	80	47	23	53	291	53	42
44	80	51	25	51	276	58	42
44	80	50	25	52	284	58	46
45	85	53	24	49	284	60	44
46	74	42	24	42	245	55	42
47	74	49	26	42	244	56	43
49	77	46	25	42	229	49	44
50	75	47	26	46	231	48	45
57	66	43	25	45	270	47	43
56	73	47	26	47	257	46	44
52	72	37	24	52	262	46	44
48	71	37	25	51	281	45	47
52	69	36	24	46	338	44	44
51	68	39	25	48	334	47	50
51	72	38	26	53	366	47	50
53	73	40	26	48	355	51	54
54	71	40	25	50	343	53	54
49	81	43	26	55	313	58	53
40	92	50	26	54	303	57	53
58	101	53	25	50	280	57	47
55	103	60	26	54	317	53	47
55	104	62	26	53	328	57	44
57	99	60	26	49	293	59	44
57	91	56	30	55	283	61	43
38	70	52	29	54	272	58	47
50	69	44	30	52	260	59	44
51	71	40	30	53	240	68	45
48	69	42	29	57	301	67	47
49	74	40	26	49	331	64	47
50	75	39	27	53	326	67	44
44	88	37	26	51	295	75	45
49	86	41	27	49	303	60	44
54	94	40	26	46	290	59	45
55	96	42	27	51	264	56	37
56	94	41	24	47	264	57	35
53	79	41	25	50	275	45	33
47	76	42	27	56	348	56	33
49	63	39	27	55	320	56	35
48	50	39	27	53	298	59	34
50	51	41	29	54	328	53	34
49	58	42	31	56	337	55	33
51	67	43	29	52	282	47	34
45	74	48	30	50	269	45	34
48	77	52	29	47	290	46	46
46	76	52	25	47	279	48	49
48	72	55	26	41	276	48	48
47	67	55	26	45	273	51	48
46	58	51	26	48	271	52	46
48	57	46	27	50	261	53	44
45	56	45	29	49	267	53	41
47	58	38	26	53	299	56	41
47	54	37	27	50	285	53	42
47	60	42	28	51	322	54	42
42	55	37	28	50	329	57	33
42	58	37	28	50	312	60	46
48	59	41	28	45	263	60	46
49	68	42	29	43	257	61	49
50	68	38	27	46	300	64	49
51	71	42	28	53	336	61	47
54	71	46	27	53	323	69	47
48	74	49	26	51	330	65	49
52	64	46	24	51	344	69	48
54	66	51	27	51	307	65	47
55	70	51	27	46	260	64	47
52	67	46	26	47	264	53	36
49	67	44	26	47	270	53	42
43	67	44	27	50	319	63	41
45	70	41	27	49	321	62	46
50	71	36	27	48	321	61	47
51	77	42	29	51	329	62	48
57	74	41	30	54	346	67	40
57	74	41	28	53	311	53	49
53	86	43	28	53	283	57	48
43	81	46	29	52	266	61	46
47	85	44	28	51	286	57	46
51	94	46	28	56	314	65	45
53	96	51	29	55	297	68	42
56	80	49	30	49	293	67	38
57	79	51	29	50	310	66	39
57	75	53	27	46	302	70	41
45	61	53	25	37	276	57	42
40	58	49	28	42	275	53	32
37	59	50	26	43	269	53	33
35	64	47	27	41	258	53	33
33	62	48	29	50	253	49	43
35	73	45	31	51	222	48	43
36	72	43	27	49	219	52	43
47	68	40	30	51	220	56	43
48	69	49	30	57	251	56	46
48	70	44	30	54	263	57	33
46	60	45	28	54	270	59	40
48	64	51	29	56	262	55	41
37	65	55	27	58	277	53	43
37	67	48	29	55	260	50	41
34	66	51	29	55	246	61	44
40	65	56	32	58	254	65	39
38	77	54	32	58	273	66	47
37	86	51	31	53	260	61	45
41	87	49	30	55	261	65	45
42	90	52	30	63	318	54	45
40	94	47	27	61	313	50	46
56	87	45	28	65	357	53	36
57	82	51	28	69	366	55	37
56	83	51	28	67	391	54	50
55	79	45	26	60	385	52	49
54	76	43	30	60	381	51	50
38	69	46	28	51	331	43	49
49	71	46	32	53	329	44	48
46	63	45	31	55	285	46	34
49	65	47	31	52	226	59	42
50	67	49	29	57	249	60	40
51	73	46	32	62	257	63	43
42	72	46	28	58	278	65	42
43	73	48	27	57	297	62	44
47	69	48	27	58	292	52	49
50	71	47	25	53	273	54	49
50	81	55	23	51	261	56	49
50	83	51	25	51	264	59	49
49	82	49	26	52	255	59	49
42	90	63	27	47	256	62	34
37	91	64	28	49	239	58	43
53	87	58	28	43	236	57	44
56	84	57	26	48	198	54	46
57	89	60	26	51	260	57	46
58	80	46	25	53	259	56	44
59	78	42	24	55	272	56	43
46	70	41	24	57	282	53	43
43	66	46	25	55	287	55	41
43	61	41	25	47	226	50	40
52	67	44	26	49	233	46	42
56	72	47	27	47	226	54	36
54	71	47	27	48	235	55	44
53	74	46	28	45	267	50	47
56	71	54	27	48	267	53	48
60	69	50	29	46	257	51	46
56	64	48	28	49	258	47	46
54	61	49	28	49	247	53	43
53	63	50	28	48	216	58	42
50	64	43	29	46	210	52	43
41	65	43	26	43	199	53	44
47	71	49	27	51	228	52	44
48	73	46	26	54	223	47	38
48	76	44	27	58	215	47	35
52	78	43	27	58	208	48	35
47	81	47	29	62	252	53	35
42	73	43	28	57	292	63	38
42	77	43	28	56	314	64	38
46	72	50	27	51	303	60	36
47	71	50	26	51	330	64	37
46	72	49	25	55	336	68	46
46	72	51	26	60	312	60	43
45	69	51	27	61	296	58	42
50	72	43	28	62	341	57	42
48	78	42	29	63	322	55	43
48	73	42	31	63	303	45	37
52	72	43	32	56	286	49	49
55	69	45	34	50	270	52	49
48	64	45	32	48	212	56	49
47	54	45	32	56	215	58	53
46	57	42	28	48	222	62	52
41	57	38	28	48	193	56	40
38	57	43	26	48	195	54	40
56	67	48	28	52	216	57	46
55	66	49	29	46	255	61	40
57	66	53	30	47	232	57	41
56	67	52	28	44	257	57	43
58	73	48	29	46	256	56	43
38	67	51	29	46	251	60	38
42	73	62	30	47	267	52	45
43	72	60	34	50	258	54	46
42	70	65	35	50	246	53	44
41	67	66	36	51	261	57	45
50	68	59	34	48	264	51	46
46	69	52	33	44	207	50	38
45	75	58	27	39	231	50	34
47	90	52	30	42	227	50	34
53	90	50	28	43	235	50	44
43	91	52	30	51	265	47	41
44	87	50	28	50	256	49	39
43	94	45	29	49	235	49	42
42	78	43	25	49	265	53	41
33	76	42	27	68	364	49	32
40	78	43	26	64	346	46	33
42	81	38	27	64	346	43	47
50	71	45	27	66	362	41	46
56	70	48	31	67	351	52	47
57	72	49	28	51	264	56	46
56	67	48	28	48	248	57	45
56	71	51	27	53	276	59	35
47	61	44	29	50	280	59	34
41	66	43	25	50	293	53	43
48	71	49	24	47	283	57	45
43	76	48	23	46	279	55	44
40	71	44	27	41	254	55	41
40	77	43	24	43	254	59	40
39	78	44	28	59	344	60	32
33	79	40	28	59	331	54	30
37	97	58	27	59	335	57	44
40	99	61	26	58	333	57	45
42	95	60	27	60	337	55	46
41	91	61	25	40	249	52	43
42	90	60	26	39	242	53	46
39	66	44	26	39	242	52	35
38	59	37	25	41	244	51	34
39	66	43	25	39	255	51	46
39	79	45	23	40	226	48	46
40	74	45	22	37	219	46	42
54	71	45	22	40	221	47	42
54	77	52	23	42	231	43	43
55	74	49	21	45	244	47	29
57	66	50	23	50	262	56	44
59	76	50	26	51	283	59	45
51	75	53	25	51	277	60	44
53	80	53	26	54	288	63	47
57	82	54	30	55	313	60	50
56	79	50	28	50	297	51	39
51	73	52	25	48	278	47	36
51	73	48	27	47	275	42	48
48	67	42	29	44	260	42	48
39	63	41	26	38	211	43	44
40	63	42	25	39	198	46	47
45	66	43	27	46	224	45	46
43	65	44	27	50	241	50	37
42	62	47	24	49	254	46	34
43	70	47	25	55	284	53	44
42	73	46	26	57	285	52	41
47	66	43	27	53	271	51	42
47	70	43	28	51	273	55	40
48	72	42	28	50	256	58	43
51	71	44	28	45	209	50	35
53	70	45	27	47	215	53	43
42	72	46	25	49	246	55	43
42	69	46	22	48	246	51	44
45	68	47	24	50	261	49	43
48	57	50	25	55	252	51	41
49	54	49	26	51	246	53	32
51	57	48	29	50	214	58	43
53	74	48	29	50	201	55	43
50	73	50	28	49	205	54	48
48	72	42	27	46	204	54	49
51	84	44	29	54	231	50	48
49	81	45	27	55	260	48	38
55	71	47	28	54	266	52	47
57	76	46	29	55	270	54	42
54	82	47	31	68	323	71	41
48	69	44	29	62	312	69	41
52	77	48	29	63	291	66	41
45	76	47	29	62	292	64	42
43	76	47	28	63	295	62	48
43	71	49	29	47	243	46	48
43	74	48	27	49	259	46	49
39	66	41	27	48	270	48	49
46	65	39	28	56	303	53	46
46	59	36	29	56	295	59	42
44	72	49	26	53	320	58	41
45	84	52	28	51	303	58	40
47	86	52	28	50	291	61	41
41	94	53	27	44	285	60	33
41	93	52	29	47	291	63	45
50	88	42	28	45	249	61	48
51	75	39	28	44	240	60	49
49	73	39	32	45	267	60	49
48	62	41	33	47	267	58	49
50	80	43	31	42	276	54	47
42	75	41	32	47	312	60	48
41	80	44	31	47	326	66	48
41	80	45	31	52	301	65	48
40	78	44	33	53	290	63	50
39	71	46	33	56	293	62	55
39	71	45	32	53	300	55	51
43	64	42	32	56	307	55	50
51	64	43	29	52	318	53	51
53	79	41	28	54	326	65	58
55	70	44	28	59	364	70	47
57	68	45	28	59	338	72	47
52	67	44	28	56	341	66	49
49	68	40	27	54	332	64	49
51	60	50	23	63	384	62	46
51	64	44	22	56	330	63	43
49	64	43	25	54	318	59	41
51	67	43	26	55	302	63	45
45	73	52	27	76	330	66	42
39	70	47	27	69	246	61	44
49	74	48	29	71	250	55	44
51	80	49	28	75	255	62	47
47	81	51	28	75	257	61	46
49	72	46	30	60	235	63	48
52	76	43	28	59	271	62	46
45	71	43	27	57	255	63	47
50	67	43	27	54	259	62	52
54	66	42	29	61	321	62	53
53	73	40	29	57	318	56	51
56	79	38	31	53	273	56	51
52	87	51	32	55	318	54	51
45	86	50	32	56	326	51	46
49	94	49	30	52	264	52	42
50	91	52	28	51	269	52	45
48	85	55	27	50	269	47	46
48	79	46	26	50	235	49	46
51	77	47	26	50	213	49	46
45	67	50	27	61	225	57	47
53	65	48	28	59	211	58	52
55	87	47	29	60	231	60	44
55	90	48	29	55	236	61	49
53	93	47	27	58	288	62	50
52	92	44	26	48	280	53	49
52	93	45	27	48	316	51	51
47	69	44	28	49	316	50	51
48	63	40	28	49	319	49	48
52	65	38	28	51	307	50	46
53	70	45	30	50	310	51	44
47	75	45	29	54	283	55	45
47	72	46	29	53	279	60	50
49	75	49	30	59	307	62	48
47	70	57	31	53	279	62	49
53	69	55	28	49	277	62	49
50	64	53	28	49	302	64	43
50	68	53	25	47	322	65	39
48	72	52	24	45	294	63	41
52	74	51	22	47	297	59	40
46	74	51	23	48	283	60	39
50	74	51	24	43	255	60	47
52	72	50	25	53	335	58	47
52	71	50	26	56	343	55	44
44	71	44	28	53	335	55	43
48	71	42	29	67	387	64	44
46	70	42	28	66	387	62	34
45	71	43	28	61	304	62	32
44	61	39	27	56	300	63	33
46	63	39	26	58	298	60	34
48	76	41	25	41	256	53	35
48	85	42	27	44	269	54	49
60	84	38	25	39	259	61	50
58	84	43	27	39	232	61	50
57	81	44	27	37	225	62	50
57	71	44	27	40	221	64	50
56	59	50	27	45	228	65	33
45	57	53	28	48	243	55	45
48	69	56	26	48	251	54	45
56	76	55	27	53	277	56	43
48	72	56	31	71	363	56	43
49	81	51	30	75	413	59	44
48	85	53	32	75	405	57	41
51	85	46	32	75	409	57	41
51	80	44	32	75	409	57	42
50	82	45	29	60	347	56	43
57	73	47	27	49	259	46	43
57	72	42	26	49	261	46	34
57	66	42	25	50	253	49	44
49	65	44	25	46	261	52	44
50	69	41	24	41	244	51	41
42	78	44	28	43	255	52	39
53	80	51	25	47	329	55	40
50	80	50	26	44	325	54	41
50	81	55	28	45	300	47	40
51	76	58	29	47	299	47	47
53	76	58	30	50	328	51	50
43	92	63	33	47	258	51	49
42	96	64	33	46	282	50	41
54	95	60	31	48	319	52	52
54	98	56	31	46	309	52	45
54	91	50	29	52	288	50	44
51	69	37	28	50	271	55	44
61	57	39	27	53	248	54	46
52	53	41	27	52	275	58	51
61	57	40	26	53	267	57	51
58	72	46	25	44	238	55	51
61	72	49	25	49	257	50	51
52	74	47	26	49	294	56	49
51	80	45	27	50	294	56	46
46	78	47	31	50	311	60	47
52	66	45	30	50	311	57	47
52	66	44	31	54	344	58	48
53	75	47	32	55	324	56	49
54	70	48	32	53	275	51	38
49	66	47	28	54	304	51	42
44	67	43	30	56	332	53	41
54	73	41	34	58	306	56	42
54	69	37	32	58	308	51	42
56	67	35	31	58	304	52	52
53	70	32	31	56	276	45	48
52	63	35	30	59	261	49	49
40	54	37	25	52	271	42	47
37	49	39	27	52	286	46	47
41	56	40	27	50	276	46	34
45	63	45	28	50	275	52	46
45	70	46	28	43	275	56	49
46	81	51	28	40	246	57	49
46	81	52	27	49	250	62	50
37	82	52	29	52	267	62	48
37	76	50	28	52	260	59	46
47	80	55	29	52	257	57	43
50	81	57	29	56	281	60	43
52	79	58	29	45	256	57	43
54	75	56	29	42	257	61	44
56	79	57	29	42	244	60	31
49	77	51	27	41	236	65	43
52	69	47	27	39	222	64	49
49	72	44	29	38	220	59	48
50	73	49	26	35	196	61	48
47	65	46	27	34	203	58	49
48	63	46	26	38	251	51	48
38	62	40	26	37	252	52	43
41	77	42	24	38	263	53	44
46	78	43	27	45	260	46	42
46	85	41	27	48	290	52	43
43	81	41	30	46	256	49	34
47	81	46	31	47	259	49	35
49	75	44	31	48	240	51	32
41	73	40	31	45	253	54	33
40	64	42	32	43	213	51	33
49	64	45	32	45	262	52	45
48	66	41	31	48	290	50	47
46	66	43	33	51	300	50	46
47	68	43	32	49	317	48	48
51	76	51	30	50	351	47	48
47	76	47	30	54	323	44	47
54	76	46	30	50	302	55	45
55	76	44	29	48	305	56	48
55	72	48	27	50	292	56	47
50	65	41	27	48	255	58	50
52	64	40	28	44	260	60	39
42	67	43	29	43	239	49	39
41	66	50	27	40	237	47	38
46	68	47	29	39	226	47	38
49	73	47	30	41	213	47	43
44	75	47	30	43	214	49	46
47	74	54	28	46	254	49	46
48	74	48	29	46	238	50	48
46	80	46	29	43	234	48	48
56	77	49	29	44	265	56	43
56	75	50	27	42	295	60	40
54	71	40	27	42	259	60	43
55	71	39	27	43	260	57	38
57	63	45	27	48	260	57	42
47	63	41	28	50	274	52	39
49	60	42	28	50	240	49	44
52	70	43	28	46	235	45	39
53	62	43	27	45	243	48	43
51	71	42	26	42	262	50	40
51	81	42	27	38	254	53	45
48	84	39	27	37	224	48	45
46	77	41	26	37	220	51	47
42	81	42	29	38	237	51	47
51	74	39	29	41	242	57	46
50	63	40	28	41	223	59	51
50	68	42	27	42	252	61	48
50	77	48	29	45	260	68	47
51	74	50	26	48	265	69	46
41	71	48	25	51	281	72	48
48	79	48	23	50	269	65	40
49	76	50	26	49	245	64	43
49	69	43	25	49	256	56	47
48	67	41	25	52	262	57	45
45	75	41	27	46	221	44	53
36	74	45	26	46	221	44	50
35	77	42	25	45	218	43	47
36	77	40	27	51	289	49	43
43	78	44	26	49	267	45	45
43	77	47	27	52	272	48	40
48	72	43	27	50	267	46	41
49	65	44	27	58	333	52	43
47	63	44	25	53	281	50	44
43	71	46	26	50	279	53	43
45	69	47	24	47	275	52	36
43	69	50	27	51	303	57	47
44	69	49	27	47	264	60	46
45	68	52	30	48	250	57	45
56	57	45	31	47	245	55	44
57	64	43	30	47	249	55	57
54	59	42	28	47	244	59	51
55	63	44	29	45	244	58	51
53	62	39	28	41	245	56	50
43	65	45	28	42	243	57	53
40	59	45	29	43	242	56	45
42	62	44	31	46	263	50	46
47	64	44	31	46	246	45	45
49	68	46	29	45	234	49	46
50	78	52	30	44	236	47	41
51	81	51	31	43	231	48	37
50	81	52	29	40	177	48	32
40	77	52	27	41	179	45	38
43	76	53	27	41	172	39	37
39	68	48	25	40	168	43	38
38	59	46	27	45	203	48	39
40	53	43	28	45	231	48	47
47	57	45	31	45	218	48	41
43	61	45	32	48	242	51	40
44	65	43	35	51	252	48	43
44	75	51	31	49	271	47	41
46	81	53	30	46	276	49	32
44	80	53	27	47	327	57	48
46	83	51	27	45	313	57	47
43	72	48	25	42	303	62	51
43	67	42	26	43	274	59	52
41	65	39	30	50	275	57	58
44	71	37	31	47	225	48	47
46	70	43	31	48	228	46	54
49	71	48	29	52	256	40	48
50	69	45	31	52	272	44	48
49	67	50	28	44	244	44	51
42	59	50	26	44	224	47	51
48	52	44	24	42	245	49	49
46	57	40	28	64	322	50	50
52	57	40	24	63	303	49	51
56	60	39	24	64	299	44	38
58	65	42	25	63	298	41	47
52	70	41	28	68	324	40	44
59	68	40	27	52	257	41	43
55	68	44	27	51	260	35	40
50	67	40	29	50	264	36	41
53	64	36	29	51	268	40	45
54	58	37	27	51	270	52	46
46	59	39	25	47	259	53	45
44	61	44	26	47	259	56	46
51	60	43	24	46	259	57	47
44	55	46	25	47	291	56	35
49	63	45	25	48	282	46	36
53	72	52	27	45	275	47	34
53	77	50	27	42	271	46	35
52	79	50	28	42	270	45	33
53	82	50	27	48	301	50	32
48	78	55	26	48	280	54	43
46	70	49	25	48	283	50	44
45	66	43	25	49	279	50	44
39	73	48	24	51	277	50	45
45	69	47	25	44	221	45	45
48	66	43	25	37	200	48	42
44	78	43	28	41	198	48	43
45	74	44	30	43	205	50	44
43	68	44	30	41	211	55	45
37	70	46	28	46	266	59	46
34	68	47	29	44	269	52	38
33	69	48	26	39	247	51	44
38	72	47	24	39	242	49	43
51	69	45	25	43	277	45	42
52	71	47	27	41	234	40	42
51	78	44	26	46	244	47	40
53	76	44	26	47	245	46	31
48	75	52	29	48	245	45	35
33	74	50	28	48	274	47	37
33	73	49	28	47	326	47	43
32	67	48	26	44	325	40	43
36	61	48	28	44	338	41	42
42	65	41	25	41	336	42	42
45	68	45	23	43	313	48	38
47	72	41	23	43	277	48	47
48	72	45	26	49	299	51	46
46	71	44	27	50	295	53	46
45	66	44	26	51	314	54	46
46	73	41	27	51	302	53	48
53	69	44	28	52	278	57	53
51	73	45	28	52	245	57	52
50	68	42	28	58	281	61	53
45	72	42	30	62	287	63	52
42	64	40	30	61	283	57	49
31	73	48	29	58	284	52	40
33	71	46	28	56	292	50	41
33	72	46	31	51	260	49	39
35	79	47	28	45	252	47	39
45	78	51	29	43	233	50	40
43	72	42	29	43	223	51	29
41	71	42	30	38	215	53	28
50	73	43	27	38	223	50	45
49	59	42	28	40	240	64	46
44	59	40	27	40	248	62	49
44	57	42	29	40	245	60	47
51	60	43	29	40	238	58	49
43	56	40	28	42	237	61	49
43	66	43	29	49	223	46	49
42	67	46	30	49	227	49	47
52	65	43	26	49	232	51	47
49	60	43	26	51	248	53	48
49	71	42	25	48	241	62	33
49	68	41	24	41	238	71	38
52	73	39	24	40	218	71	36
41	74	42	27	41	207	72	37
36	76	41	27	42	223	70	35
37	68	44	29	53	303	68	35
36	64	44	30	54	294	60	43
35	62	44	29	55	322	58	45
43	70	43	28	57	322	54	46
46	71	44	29	59	310	60	47
50	75	48	26	48	215	51	48
51	74	48	26	48	247	48	44
48	67	50	26	49	226	48	43
42	57	51	25	43	240	49	42
40	54	48	24	40	252	50	48
37	61	46	24	42	274	48	47
44	69	44	25	42	258	50	50
49	71	41	25	41	241	52	51
49	79	38	26	44	226	57	51
51	80	42	28	59	254	64	48
50	78	41	29	61	255	72	50
44	71	42	27	62	296	71	48
46	73	43	29	63	303	70	49
46	64	45	28	68	322	68	50
43	70	52	30	59	325	62	51
47	72	52	28	61	316	56	50
46	75	52	30	60	275	55	46
42	81	53	28	58	276	54	44
42	83	52	29	51	284	55	45
49	79	43	27	47	253	50	44
47	68	42	27	38	278	51	45
48	69	42	25	35	264	51	40
47	74	42	26	40	281	57	49
49	74	41	25	46	258	60	50
42	70	42	24	45	238	56	46
40	71	39	25	48	229	57	45
39	72	41	27	49	242	56	45
47	70	39	29	50	222	51	39
47	71	39	30	46	266	49	54
49	73	39	31	47	264	46	54
47	78	52	31	45	255	43	53
47	76	56	30	51	242	43	55
43	67	55	28	53	280	49	58
46	69	56	27	54	243	51	49
43	67	56	26	52	239	53	49
46	63	48	25	53	222	50	51
47	66	43	25	47	241	52	49
41	69	46	26	46	250	53	46
35	68	46	25	44	270	51	43
46	75	50	24	44	272	52	44
43	74	51	25	44	284	54	43
46	69	50	27	56	349	63	44
47	63	46	26	56	321	59	43
47	69	48	26	56	303	57	47
38	75	53	26	57	314	55	45
40	75	50	27	57	307	53	45
42	75	50	24	50	300	47	47
40	73	51	25	50	300	47	45
43	73	49	25	50	297	45	45
46	66	42	28	52	320	45	45
47	64	46	29	56	359	53	47
48	66	47	30	52	320	51	43
52	77	53	31	50	311	49	43
49	69	55	31	50	314	50	45
48	68	50	28	48	289	52	45
47	70	46	27	60	333	48	46
40	71	50	27	59	307	46	47
35	77	48	26	58	303	45	47
36	81	47	29	58	298	49	46
37	79	47	30	57	300	49	47
48	82	48	28	40	214	54	47
48	78	44	27	40	225	53	46
53	64	42	26	39	227	53	48
50	66	45	25	52	240	54	49
51	62	48	25	59	227	52	53
46	59	49	26	59	211	45	50
44	59	50	28	64	252	51	49
48	64	49	30	68	267	54	47
48	59	47	31	58	266	51	45
46	64	49	30	54	276	54	45
46	68	46	32	56	269	58	45
50	70	45	32	55	278	61	47
43	62	45	31	52	277	62	53
42	60	46	30	55	264	63	47
48	62	43	28	51	265	60	40
46	57	48	29	50	273	58	42
44	59	45	29	50	257	55	42
46	62	44	28	47	247	54	36
47	63	41	29	44	265	56	45
46	66	45	29	43	255	55	46
46	68	40	25	41	266	61	44
43	67	41	25	38	303	58	45
48	65	39	25	37	309	61	46
49	73	38	24	39	313	60	47
47	68	34	28	38	313	65	47
45	65	33	29	36	294	56	48
45	65	39	31	42	225	55	46
39	67	42	32	45	246	52	49
48	66	43	32	43	222	51	46
46	62	42	30	47	227	47	47
47	67	48	30	48	224	52	46
49	71	44	30	50	252	54	49
51	73	42	30	53	235	59	43
41	64	41	30	55	233	58	45
44	67	47	28	53	226	57	44
42	66	49	28	53	222	57	45
39	68	65	26	47	264	55	46
40	70	69	26	43	261	48	47
40	71	71	27	41	263	52	38
37	68	72	28	42	265	53	47
38	68	70	28	44	298	50	45
42	64	59	26	43	242	61	43
38	62	56	29	42	243	59	44
37	65	57	29	42	237	59	43
39	83	52	31	43	233	57	33
47	80	46	29	40	207	60	47
44	81	43	31	40	180	48	49
44	83	53	28	41	189	49	49
50	89	50	27	39	199	44	49
