0	1	2	3	4	5	6	7
81	247	515	451	120	54	49	80
83	255	527	510	129	55	46	76
102	270	591	558	138	57	44	71
111	246	512	559	134	56	41	74
129	228	509	520	123	56	44	75
128	242	496	509	115	51	40	72
122	236	483	489	116	49	40	64
109	242	509	510	127	53	42	65
98	262	527	545	137	58	45	83
72	270	541	568	139	59	49	109
88	268	576	554	137	59	48	111
88	291	600	534	140	62	53	117
90	296	643	473	128	58	52	115
86	312	611	434	119	54	54	110
93	322	609	398	115	51	50	97
78	324	602	414	116	53	48	94
97	326	582	373	99	54	45	86
101	301	454	353	93	51	41	91
100	256	478	358	97	51	36	79
98	264	499	379	102	49	32	61
116	249	543	380	106	52	38	80
124	227	546	402	104	46	34	102
123	231	519	432	108	50	37	103
124	253	537	445	116	51	36	107
126	248	536	408	108	50	38	115
109	270	464	390	101	43	31	111
78	259	456	379	102	43	32	97
88	282	615	385	98	36	34	118
92	290	630	398	90	38	39	117
95	337	624	381	85	34	38	116
110	369	630	373	89	41	40	128
112	374	662	375	87	44	41	127
104	400	636	355	91	49	40	108
128	412	598	339	89	49	39	104
135	422	702	366	89	51	38	98
127	383	727	362	86	46	39	81
130	402	697	395	104	52	49	93
133	382	622	409	107	54	51	94
111	344	647	395	101	50	49	103
106	265	498	360	98	52	51	101
102	258	480	389	107	53	49	130
108	225	551	440	100	48	39	120
101	230	548	405	90	45	37	139
98	254	553	449	100	49	41	143
124	303	663	570	126	51	47	149
132	352	691	562	121	50	47	156
127	381	662	513	121	48	48	164
135	380	657	553	128	54	49	160
143	427	645	563	140	56	50	168
119	403	652	486	130	61	46	165
127	385	691	471	128	63	46	140
145	400	671	456	124	63	44	138
148	404	714	407	119	58	40	127
139	407	707	348	98	53	35	105
151	402	636	313	89	48	31	117
164	425	596	305	90	50	31	117
150	404	648	324	89	53	34	119
153	426	616	328	88	53	35	117
157	409	638	319	85	53	37	129
160	453	666	296	85	55	39	140
136	433	639	300	86	51	38	133
147	446	616	279	81	48	38	127
147	467	674	296	85	51	37	124
152	466	705	278	84	54	39	114
130	444	675	293	83	49	35	85
145	458	651	288	81	50	39	90
169	471	609	269	78	49	40	84
165	412	540	236	77	45	40	88
171	441	487	238	74	44	38	89
180	442	500	258	84	47	45	93
164	432	526	290	88	45	42	87
126	389	566	317	93	49	41	94
117	426	542	336	95	49	41	94
112	373	626	422	116	54	44	88
130	388	586	412	109	52	38	101
130	398	595	391	105	53	39	100
132	437	581	406	111	50	40	99
145	396	593	425	115	53	42	97
143	409	491	355	98	47	38	120
144	377	561	412	105	47	37	113
146	364	516	426	107	50	40	113
150	338	599	450	116	55	41	117
151	361	603	436	111	54	40	119
151	371	590	435	112	55	41	96
138	377	585	396	109	53	39	114
140	373	607	390	111	56	37	126
148	353	531	398	113	55	38	134
154	400	542	390	111	51	37	149
165	426	534	382	106	48	37	151
179	420	545	370	100	48	38	133
176	427	562	369	94	41	36	134
178	426	614	335	82	44	42	138
184	376	644	338	82	47	41	123
204	300	675	413	101	51	43	134
195	384	687	403	100	51	43	138
199	387	707	387	101	51	43	123
232	408	653	434	112	43	39	108
227	431	597	452	134	45	40	122
194	439	601	423	145	46	40	108
189	380	535	464	153	49	43	108
184	419	536	601	170	59	51	112
158	402	569	572	183	63	49	110
148	383	647	571	331	66	51	97
157	395	744	568	406	73	51	101
167	391	787	568	431	95	53	106
172	383	820	562	442	97	48	110
154	386	965	597	447	97	50	124
155	383	958	612	369	96	51	127
168	398	947	618	383	95	55	138
162	387	959	672	385	97	57	148
186	328	912	557	377	98	56	153
290	377	780	594	399	107	59	145
297	395	776	584	498	156	57	148
296	431	729	702	511	176	58	140
290	466	771	807	514	170	59	128
283	489	786	833	533	176	68	130
188	497	836	849	563	180	67	136
186	515	828	938	566	148	77	143
170	498	857	893	517	154	82	147
183	485	782	804	642	199	88	158
179	518	801	885	687	225	98	155
157	476	798	816	654	223	98	148
144	438	785	714	571	221	95	136
158	402	773	665	557	205	92	130
149	381	791	600	424	166	84	106
136	392	756	528	421	153	72	93
134	453	786	681	439	158	84	81
153	479	778	676	453	153	80	93
136	524	745	671	466	151	74	88
157	600	727	717	513	153	82	116
159	545	712	696	473	132	79	120
171	531	596	560	458	121	63	134
154	545	645	585	448	125	63	120
152	552	637	623	433	129	68	121
140	526	662	576	334	118	60	92
154	532	745	553	262	96	53	90
146	515	723	613	238	88	56	72
144	542	756	603	214	79	57	89
144	512	755	567	177	66	56	91
141	514	733	563	150	58	55	130
120	571	724	620	148	62	63	132
137	595	762	606	146	66	71	139
132	533	751	580	141	68	70	131
137	506	767	635	159	70	71	146
132	471	788	661	173	76	72	122
139	388	786	710	218	86	67	115
113	310	811	663	209	85	56	104
117	397	765	669	213	82	58	108
111	420	808	655	209	83	60	91
133	393	827	681	223	92	63	85
128	467	858	608	182	84	65	90
128	510	894	715	192	82	66	90
124	468	876	741	196	83	65	91
127	531	933	865	250	95	67	89
113	533	873	843	244	87	61	91
111	493	864	900	247	84	56	86
110	478	798	847	243	85	56	91
117	500	913	973	260	92	61	94
120	451	870	850	203	76	51	86
115	472	909	895	186	71	55	82
134	511	898	956	222	92	68	97
140	491	902	964	223	95	71	96
145	482	856	866	225	95	70	92
147	447	783	869	228	97	75	108
134	412	841	823	229	96	74	109
114	342	752	626	182	74	62	94
111	378	769	607	180	73	58	91
101	361	686	547	150	71	58	83
102	362	813	595	154	73	57	72
104	407	746	569	146	72	56	74
105	437	773	570	142	72	55	96
110	398	763	683	186	86	64	105
115	378	770	686	185	80	63	112
107	386	657	602	169	76	57	109
114	346	650	573	164	74	58	128
114	357	731	645	179	79	61	116
111	369	734	454	112	56	49	120
103	456	788	453	102	55	47	128
121	495	773	462	102	53	48	139
127	491	733	474	109	59	47	129
127	451	736	391	93	55	46	136
122	501	769	507	122	65	51	131
124	431	767	469	119	61	49	124
113	433	763	478	123	63	50	121
100	483	863	461	115	57	48	112
107	506	840	481	116	59	53	122
109	496	794	414	94	47	47	148
102	485	774	486	109	55	49	144
100	501	838	533	116	57	48	145
98	473	798	547	127	62	51	153
109	456	780	554	121	59	44	144
111	411	857	526	117	59	45	120
115	407	878	480	107	54	42	127
122	316	838	432	102	54	41	123
120	344	869	472	102	50	40	114
104	449	1028	471	111	52	45	122
103	549	991	467	116	58	44	116
114	593	984	442	118	60	48	124
102	606	977	451	121	61	50	119
114	639	1003	446	121	63	52	127
133	610	952	569	145	72	53	114
135	565	889	579	143	67	53	117
152	521	846	601	144	70	52	105
151	520	843	606	141	67	50	101
145	469	775	579	135	66	45	95
141	433	707	423	96	54	40	96
139	421	724	401	94	58	39	87
123	509	778	443	98	55	37	83
125	513	818	451	98	54	38	80
123	599	769	498	112	55	39	68
109	573	638	502	116	60	43	62
107	537	655	564	125	60	45	62
100	571	584	568	137	65	51	74
105	574	545	550	136	66	51	78
108	468	648	504	126	66	51	83
108	478	748	504	122	61	49	97
102	483	792	518	134	68	57	106
90	416	830	454	113	62	51	108
86	385	863	455	112	63	53	118
82	360	871	456	111	61	53	119
97	433	839	485	113	64	52	126
101	427	835	475	107	61	48	120
108	345	812	461	103	58	47	110
109	348	799	499	112	55	47	106
116	367	737	519	117	55	46	104
116	331	781	510	125	61	55	117
114	334	782	440	109	53	52	120
116	365	779	454	114	61	56	140
108	386	784	429	108	60	55	135
101	384	799	412	107	63	56	131
83	349	801	486	111	55	46	104
98	359	822	531	127	61	49	101
84	361	868	547	123	56	47	83
92	348	898	548	125	60	46	88
84	374	874	544	138	62	47	100
88	356	927	527	165	80	62	110
79	351	927	635	183	84	64	126
90	322	966	683	194	86	66	140
104	383	936	716	219	94	71	137
105	349	949	739	215	93	79	146
103	356	848	780	208	104	78	150
106	391	819	694	191	106	77	141
99	383	731	701	191	105	76	128
85	321	756	699	175	102	75	127
91	372	878	747	230	101	66	123
115	408	935	848	337	108	72	123
103	375	941	835	377	104	71	114
109	371	940	853	384	106	75	112
107	419	928	822	379	110	74	116
111	391	803	774	375	116	74	115
84	365	701	581	316	92	60	109
90	374	653	637	277	96	57	130
109	378	637	582	310	103	55	126
110	308	644	657	327	97	58	125
109	319	713	743	313	120	66	121
110	304	732	721	270	120	66	119
119	271	795	787	319	127	76	109
107	329	812	793	283	120	75	109
106	364	797	795	267	114	70	109
102	352	781	697	248	84	61	98
103	363	765	715	248	85	63	100
90	363	691	643	186	70	54	86
78	379	701	652	241	80	53	79
74	420	684	588	297	100	54	79
68	416	753	715	331	110	57	86
75	405	765	702	330	112	57	89
121	436	803	706	363	140	79	112
128	377	782	734	369	154	86	115
132	373	793	788	352	150	88	113
137	406	700	743	341	149	90	111
142	450	681	816	357	148	95	100
118	429	602	782	319	120	79	79
113	457	647	795	285	101	74	79
115	443	622	795	273	100	74	84
122	496	641	740	253	93	70	82
111	475	743	718	241	98	67	85
101	485	758	739	235	101	64	81
130	476	769	777	279	111	67	90
127	458	754	710	260	103	67	88
122	360	690	694	253	103	67	91
131	335	602	627	235	92	61	88
164	339	610	584	229	86	60	91
147	371	646	563	198	79	56	83
151	348	631	596	200	82	52	82
157	340	618	619	202	80	50	81
154	423	643	665	229	88	54	89
125	466	676	740	238	93	57	89
116	448	591	673	211	86	54	90
110	499	582	674	205	86	56	87
99	511	645	673	202	79	56	94
87	459	603	645	183	73	52	88
75	410	609	571	198	78	51	101
83	398	568	529	191	76	51	97
97	434	602	615	217	87	58	107
91	429	543	622	217	90	58	102
97	418	607	626	219	89	56	97
101	404	561	621	200	83	55	124
94	390	581	634	212	84	55	140
80	279	514	559	187	69	46	135
81	261	618	612	214	84	50	134
76	294	623	663	235	101	61	139
83	274	591	634	238	100	57	124
84	283	615	634	214	99	60	112
86	332	649	683	237	102	61	112
96	338	592	614	213	96	61	127
114	348	689	666	263	101	68	133
107	375	718	690	258	103	70	114
102	379	679	663	257	100	66	106
107	340	660	568	241	95	67	116
100	344	689	577	242	89	63	97
83	291	556	452	167	68	50	77
80	295	596	468	179	75	57	77
85	291	616	500	193	81	57	84
90	350	689	652	236	97	71	77
92	393	710	672	251	97	70	78
92	438	768	727	253	103	74	84
92	452	746	749	248	95	67	84
97	450	805	761	243	93	68	93
81	407	765	645	191	75	51	84
76	353	736	657	178	79	55	83
79	333	724	590	164	69	51	86
77	288	717	600	150	62	52	85
77	356	674	600	150	65	54	71
79	348	665	571	168	66	55	69
98	384	696	571	166	68	57	70
96	353	616	592	164	73	58	75
102	354	637	554	202	88	60	90
100	270	611	519	205	85	58	94
100	265	596	555	198	85	59	97
93	211	493	582	213	92	63	102
93	209	485	610	222	90	64	93
91	288	571	688	228	87	68	80
87	299	562	704	226	85	66	74
83	321	630	716	224	84	63	70
83	320	656	679	205	70	56	66
95	340	734	688	193	62	53	71
90	331	633	615	164	53	48	70
87	342	698	593	159	55	49	67
88	330	654	571	166	56	51	70
85	363	662	543	168	60	53	79
67	372	618	447	164	60	50	74
68	334	609	392	143	55	44	71
70	334	529	395	139	54	42	72
78	346	520	396	126	57	42	68
84	350	532	441	120	53	39	51
84	315	513	460	118	52	38	59
80	312	573	474	113	52	39	63
80	369	548	445	104	52	42	74
79	406	632	471	104	48	42	79
65	378	583	432	103	49	43	79
63	400	563	436	103	52	47	73
72	427	530	530	120	52	49	81
79	383	624	614	139	58	50	85
81	343	516	581	139	59	51	85
83	333	506	581	134	57	49	90
83	319	491	547	129	53	43	94
78	327	554	461	114	55	41	89
80	326	526	397	104	52	39	80
72	347	523	374	96	50	37	84
71	348	517	343	93	54	46	85
72	349	557	362	96	54	49	85
73	325	499	420	105	55	48	80
60	328	461	508	128	61	50	76
71	289	449	504	129	61	52	80
75	292	514	581	149	64	51	87
76	290	497	647	165	71	53	82
74	272	503	596	162	73	57	82
87	251	462	487	135	67	56	89
121	270	481	529	137	66	56	96
197	265	475	538	138	68	58	114
224	263	576	552	132	69	61	128
231	283	556	568	125	67	57	129
229	361	577	581	126	67	59	131
214	348	573	555	128	68	57	124
160	352	651	571	128	65	49	106
136	379	591	508	119	56	43	90
129	391	604	482	117	55	44	97
124	314	617	464	116	54	42	100
133	329	633	465	112	51	43	112
126	408	617	341	83	45	42	130
111	398	587	307	84	48	45	132
110	408	640	373	98	50	42	126
122	420	610	378	100	49	43	124
108	407	599	368	101	55	43	111
104	343	680	455	118	59	45	88
105	370	717	456	114	57	39	83
113	343	748	471	118	61	46	96
110	354	776	489	125	65	45	94
132	414	895	548	141	69	46	91
132	471	773	511	134	67	47	99
156	502	747	536	142	70	50	102
152	508	659	481	133	64	48	98
150	513	710	466	124	60	47	93
126	486	718	404	105	51	44	101
124	474	798	388	107	53	44	90
96	439	869	332	97	49	42	96
104	412	876	325	93	46	38	108
104	395	864	340	98	52	41	122
136	416	766	319	92	52	42	115
131	349	695	291	86	47	38	120
128	336	599	272	78	46	34	117
118	379	572	268	77	49	35	111
117	412	596	266	77	43	32	103
92	380	541	270	83	53	39	107
93	407	515	249	75	54	43	105
93	388	514	251	75	55	43	104
100	388	527	278	76	54	40	96
117	344	458	264	78	53	44	94
116	355	470	262	78	48	38	108
128	346	530	275	81	47	38	121
130	350	587	305	88	49	38	123
126	357	596	284	86	49	41	124
110	350	561	295	89	49	37	122
103	367	666	287	85	44	38	106
89	410	634	277	85	44	34	91
96	419	544	246	85	44	33	82
103	465	580	254	82	42	31	82
106	482	640	243	82	44	32	81
107	505	514	229	83	48	30	79
111	478	523	254	84	44	32	82
111	463	698	267	94	47	35	90
116	371	720	257	99	46	34	92
111	360	666	238	95	45	36	98
112	294	700	285	106	43	34	108
118	332	712	279	111	47	34	110
120	424	589	341	122	50	33	112
111	469	499	338	119	52	36	119
111	461	513	338	116	51	32	115
116	457	701	368	110	50	35	107
126	456	692	375	112	51	35	100
120	369	685	321	88	45	36	101
125	344	746	326	112	45	34	131
149	367	733	347	115	47	35	137
144	400	602	321	117	50	37	144
123	364	586	344	128	53	39	143
134	378	576	356	145	54	39	151
127	345	560	352	136	55	38	123
117	336	573	353	152	59	41	128
116	398	536	346	151	57	38	117
115	407	537	326	139	50	36	118
102	420	527	338	132	53	37	104
117	440	508	373	171	59	43	102
99	440	536	352	163	58	46	105
122	376	566	402	158	57	48	137
128	454	548	456	162	63	47	139
149	442	567	464	198	69	48	141
164	452	563	440	165	66	46	140
171	514	562	543	173	70	44	126
157	550	553	512	181	69	46	98
162	527	615	516	189	69	45	94
140	525	623	536	164	60	46	88
127	537	591	614	169	61	50	110
126	477	578	560	161	58	49	121
129	403	598	589	186	67	54	130
118	399	621	628	183	69	63	131
135	411	682	726	188	73	66	135
129	379	741	702	187	72	64	117
122	396	778	696	227	79	68	110
123	425	777	679	254	74	63	106
122	354	710	603	266	76	61	118
113	322	664	450	303	82	59	113
109	373	658	477	324	84	59	115
110	362	672	543	312	82	55	112
124	391	631	575	313	91	56	112
132	386	746	624	330	92	55	112
152	411	740	646	291	81	51	115
156	378	758	676	348	103	56	119
157	380	731	711	346	99	55	119
141	328	699	675	318	89	56	109
149	331	641	635	312	90	52	105
129	367	625	624	388	98	59	104
118	388	581	613	363	72	49	98
112	389	554	497	361	77	51	95
121	381	621	524	389	87	56	106
116	385	626	566	395	81	56	109
106	345	626	564	340	80	51	106
106	311	632	482	296	82	55	106
134	289	654	620	298	79	55	108
126	296	593	601	253	75	50	95
131	281	583	643	325	80	65	85
134	258	649	672	403	83	70	83
131	232	605	674	402	82	68	86
99	232	604	555	390	81	66	83
98	226	634	592	427	83	66	90
116	232	562	523	392	90	61	88
127	230	491	488	302	85	56	88
139	219	557	472	319	87	58	84
146	238	604	476	336	82	57	85
153	211	580	451	297	79	55	96
126	228	586	414	235	71	47	94
120	228	558	373	211	67	43	104
132	270	484	376	224	66	39	104
126	280	393	377	245	76	44	104
138	331	453	376	251	82	46	91
134	351	484	384	259	77	45	86
134	348	490	404	258	80	46	70
108	336	549	415	221	76	47	70
113	319	736	469	180	66	41	75
95	297	720	438	185	59	41	86
94	257	728	443	201	59	40	87
83	255	716	434	214	56	40	91
90	257	736	424	245	56	39	86
93	270	568	417	253	62	44	86
85	289	578	459	300	78	45	76
107	296	547	460	335	101	50	87
116	361	612	593	356	107	58	96
115	348	561	639	371	124	67	98
108	387	614	621	368	129	68	90
114	360	630	626	342	117	66	97
100	371	644	629	306	97	64	94
92	333	607	523	354	104	56	84
89	343	650	516	329	95	53	86
90	297	580	520	326	87	52	92
80	314	568	496	319	87	53	81
71	336	571	528	310	85	52	73
64	328	560	506	210	70	57	72
59	308	468	450	187	54	52	69
64	311	445	463	172	54	53	71
70	286	438	476	213	58	50	76
82	267	417	452	229	68	51	85
97	276	409	512	257	73	45	80
102	328	474	571	276	76	46	76
105	337	529	570	283	76	43	67
110	383	511	528	227	71	45	67
101	381	524	508	202	67	41	60
92	363	568	518	179	70	44	69
92	357	568	555	159	71	45	72
81	410	560	554	163	73	46	70
70	395	538	565	162	74	45	78
70	408	514	555	155	71	44	83
70	422	506	571	154	68	46	83
62	407	513	468	132	62	42	86
67	335	455	413	112	55	42	97
71	329	456	401	111	59	39	95
76	308	451	411	109	58	42	86
66	329	383	290	82	48	35	88
77	334	432	456	127	59	43	86
77	347	441	483	131	61	41	80
86	357	473	540	135	57	45	85
83	346	505	542	167	65	45	91
93	304	535	568	182	68	47	86
85	290	489	526	170	65	43	97
86	257	490	513	165	63	44	107
79	203	462	448	163	64	42	96
81	205	490	452	149	59	41	99
84	229	537	448	143	55	39	107
86	240	522	405	150	49	39	96
90	280	553	427	168	55	40	83
90	297	547	475	197	66	48	97
91	300	497	473	200	66	48	90
86	296	450	502	217	70	52	84
83	271	416	458	213	73	53	88
81	229	451	468	221	79	57	99
79	233	554	572	233	81	56	89
74	254	593	589	253	81	56	93
74	234	675	577	281	84	54	102
75	250	764	621	277	83	51	108
78	257	746	602	277	82	50	103
92	248	720	564	304	73	44	106
97	244	725	672	349	89	59	112
100	257	797	751	340	92	65	111
113	272	789	785	344	97	71	110
109	270	784	790	335	91	70	108
100	264	758	770	341	93	71	106
113	264	788	687	292	75	59	104
116	271	613	586	261	62	50	106
112	285	549	568	292	53	42	101
122	288	601	658	356	65	47	110
117	276	576	618	343	73	49	116
128	280	487	584	387	153	49	123
123	266	552	580	451	166	56	119
123	223	516	559	465	172	58	118
113	218	471	431	440	171	51	108
122	210	540	417	445	171	50	95
94	202	578	484	399	110	57	76
95	203	553	568	377	97	55	60
90	203	567	537	348	88	55	64
88	242	562	547	344	84	58	62
103	267	533	604	320	81	60	88
107	245	626	556	331	83	63	100
103	304	617	460	279	84	60	107
105	300	639	473	263	82	58	110
99	305	608	472	340	80	56	116
78	307	594	489	356	81	59	101
106	308	540	589	362	90	51	94
108	300	541	608	365	83	49	87
105	319	482	577	377	81	48	82
113	285	502	569	282	81	48	72
109	277	472	526	263	73	41	68
87	282	405	440	232	54	38	67
99	249	405	454	237	60	44	72
109	234	442	452	211	61	45	75
120	242	417	437	209	64	46	79
122	265	537	452	183	65	47	89
119	273	550	499	198	66	47	86
104	283	538	441	168	59	43	80
92	312	535	474	162	57	44	78
72	321	583	579	172	59	48	99
90	320	563	542	162	58	47	95
87	340	551	485	129	61	51	98
88	340	569	529	132	62	51	98
91	335	617	515	132	65	51	108
93	356	564	417	115	58	45	93
70	340	484	428	115	60	43	86
71	321	457	431	116	53	40	81
69	313	503	383	113	54	41	83
63	290	478	377	115	51	36	74
62	253	473	336	105	51	38	81
66	345	559	327	98	44	39	83
70	410	576	424	119	50	44	85
70	427	523	445	123	52	42	83
97	428	474	441	118	55	44	90
94	424	533	458	124	58	47	89
90	371	478	479	132	64	50	91
87	309	550	465	132	70	46	92
88	264	533	436	125	68	48	111
58	290	571	436	126	66	45	104
68	329	543	440	126	62	40	96
104	312	552	456	121	58	36	97
104	301	482	395	99	46	34	95
104	325	488	425	106	44	33	85
112	326	447	485	114	48	39	84
106	312	477	472	111	49	42	88
72	309	452	426	102	45	43	92
74	317	430	397	101	43	40	92
102	328	504	388	103	47	44	100
105	329	548	378	104	48	40	101
106	324	497	387	106	51	40	97
109	339	478	365	110	53	41	91
112	375	525	404	115	57	45	96
90	356	527	425	120	57	44	97
87	406	523	405	110	52	43	103
87	410	527	396	107	47	42	107
84	396	572	438	111	49	40	121
92	350	697	509	120	48	42	126
90	359	677	557	121	48	42	119
81	303	650	529	121	53	43	113
81	286	642	539	119	52	43	111
89	285	610	584	130	55	44	109
82	278	456	497	116	52	41	103
93	299	545	531	125	54	43	109
92	264	592	545	133	52	47	113
95	252	632	558	139	54	47	115
87	326	686	476	123	50	44	103
83	332	734	491	129	50	45	96
71	324	631	363	110	46	42	83
73	343	581	320	94	44	39	79
70	421	596	283	90	43	36	74
73	415	580	329	94	41	34	71
73	432	618	347	89	41	33	77
78	429	626	325	82	37	31	121
79	488	701	365	109	49	31	120
82	456	689	391	112	51	35	124
100	448	694	382	111	51	37	138
109	475	613	349	115	52	38	137
106	498	609	420	129	59	38	101
118	487	591	427	122	56	38	101
114	492	578	408	120	55	39	106
104	525	602	399	124	59	39	92
98	496	566	407	122	59	40	98
104	468	589	356	110	54	39	98
95	500	542	322	100	50	37	108
98	502	535	305	95	48	33	100
95	443	542	296	90	42	32	108
97	483	569	273	82	37	30	101
97	498	564	266	86	40	34	112
91	444	579	267	91	39	34	107
92	462	580	269	96	42	35	110
90	464	470	240	90	46	36	100
84	412	422	218	90	60	35	104
82	391	441	225	96	64	35	90
94	398	411	231	91	65	37	88
91	389	446	269	92	77	46	84
101	421	489	385	113	76	46	83
110	420	574	428	122	69	47	105
113	416	585	463	130	66	47	114
105	380	602	471	132	68	46	108
104	331	721	473	134	60	37	107
94	305	711	398	120	59	36	112
97	332	740	401	120	61	37	95
85	371	727	340	100	56	33	90
84	355	720	302	89	52	31	92
88	359	565	261	77	58	37	95
89	367	587	257	76	58	39	95
75	355	575	210	60	53	36	87
80	320	603	219	63	54	36	102
86	374	587	221	65	53	35	105
82	388	653	270	72	36	32	103
93	427	704	313	82	35	30	105
89	416	632	292	85	37	34	126
95	425	583	286	89	47	37	113
91	411	589	324	98	51	37	112
94	401	546	330	106	58	41	117
78	333	453	305	108	61	39	119
82	337	443	303	104	60	36	97
76	318	523	331	107	62	40	98
93	282	527	316	106	71	47	101
96	263	487	273	98	68	43	108
99	318	470	239	90	68	45	113
107	361	435	236	89	67	46	122
102	407	308	199	87	59	41	116
83	422	350	241	94	54	36	116
100	491	466	307	131	68	40	113
111	486	535	336	137	70	41	104
108	456	545	352	144	73	41	96
107	408	565	350	142	74	41	100
109	399	512	318	136	69	41	107
89	324	511	261	101	53	36	99
80	273	461	230	92	50	34	94
78	284	495	202	99	45	29	96
84	280	486	238	102	43	34	98
87	321	577	241	106	41	31	100
90	310	503	287	117	49	36	106
90	333	511	325	140	53	38	109
101	341	534	329	178	55	40	110
102	353	586	313	197	59	36	128
108	317	531	300	195	59	38	125
105	318	597	310	191	59	40	128
117	324	603	284	175	56	40	128
109	321	580	338	142	55	40	130
111	330	582	345	158	51	42	111
125	333	579	362	191	58	43	109
128	330	564	327	214	56	38	100
118	331	523	332	250	60	41	96
111	306	510	288	279	67	41	91
110	290	476	335	306	70	45	94
99	277	463	345	310	65	46	92
96	303	450	375	303	62	46	102
92	294	485	376	296	60	41	105
95	294	491	383	277	54	40	100
95	297	481	335	229	47	34	93
90	300	544	363	209	57	42	109
88	325	561	365	238	64	47	98
92	302	561	361	288	62	47	96
95	320	687	375	285	62	46	104
91	314	707	395	288	62	47	134
78	299	671	344	350	61	37	132
79	245	661	321	357	61	34	142
72	284	716	366	312	62	34	146
71	279	589	367	313	61	36	159
81	282	546	343	313	62	34	140
84	283	513	356	263	57	36	125
91	279	458	428	265	56	36	122
100	306	356	450	323	61	37	128
98	302	338	445	348	64	36	105
94	288	371	465	374	74	39	101
91	288	382	463	390	77	39	103
81	282	440	401	377	75	39	94
79	243	444	355	343	81	38	76
72	249	444	344	315	88	45	78
69	253	411	331	281	79	43	75
77	249	457	359	236	77	42	85
78	240	392	345	308	78	43	96
74	234	385	360	343	73	45	95
84	230	406	463	355	80	46	92
85	245	425	477	356	85	47	91
78	242	430	461	418	88	48	96
92	250	479	501	375	94	48	84
85	218	497	489	344	93	50	81
76	193	493	388	337	78	46	85
76	196	464	365	356	76	47	80
74	203	405	353	287	73	45	71
69	211	409	334	283	68	48	78
78	205	385	325	258	65	44	78
84	205	394	371	284	75	42	72
86	180	410	393	273	86	45	75
85	195	406	461	285	92	48	77
85	189	354	463	260	92	43	78
79	180	404	462	268	98	48	83
73	196	385	447	258	92	49	82
