0	1	2	3	4	5	6	7
84	79	187	149	48	34	38	200
86	82	217	113	44	35	38	207
72	82	223	100	43	37	37	210
71	85	234	95	42	39	38	211
71	94	233	86	43	39	37	211
47	117	219	59	35	33	28	106
47	129	139	42	32	32	28	79
44	159	105	33	28	28	27	62
44	161	65	33	29	27	25	56
42	166	61	40	33	28	26	45
42	161	60	43	34	29	24	35
39	165	72	44	36	27	22	33
44	275	105	47	40	28	24	31
52	298	116	47	40	28	23	28
55	318	124	46	39	27	24	30
60	331	148	45	40	27	27	31
66	361	149	48	39	27	35	33
63	293	147	61	39	25	36	33
72	325	150	64	41	25	39	35
80	336	173	63	49	24	43	39
78	339	181	71	57	30	67	56
77	377	189	72	57	32	66	59
81	384	192	98	66	36	67	61
68	364	221	111	70	41	66	58
63	377	251	123	69	44	65	57
68	385	261	121	64	40	40	39
64	363	264	122	68	40	35	32
64	440	277	102	61	39	34	34
64	421	263	90	57	33	34	37
58	397	248	89	54	33	33	37
50	412	252	103	53	35	32	37
47	373	254	106	55	34	33	38
44	397	260	100	55	34	31	33
48	466	284	102	66	35	31	34
46	462	270	100	65	31	29	31
46	455	239	93	69	34	28	29
48	532	249	91	63	37	26	28
45	487	234	90	60	37	28	33
40	443	218	89	51	36	29	30
41	490	234	78	64	36	29	30
42	471	273	68	63	34	31	31
39	407	256	63	63	30	31	31
47	413	269	65	60	28	29	29
51	459	270	67	57	29	28	31
52	419	248	64	38	30	27	32
52	423	204	54	33	28	23	33
52	405	210	84	37	27	25	33
46	357	169	89	40	30	25	31
41	321	138	88	50	29	25	29
39	312	126	90	54	30	27	28
39	295	130	96	56	31	29	27
44	317	146	74	56	32	29	26
40	346	166	70	55	30	28	25
38	300	163	71	44	29	27	23
43	305	165	70	47	29	25	24
43	315	170	70	44	31	25	25
41	307	137	70	47	35	29	28
44	264	150	77	47	35	30	31
45	280	155	73	47	37	32	32
43	269	169	72	41	39	32	33
44	254	160	69	43	37	31	33
43	237	163	70	59	33	27	32
44	214	122	57	59	33	28	29
44	205	155	61	60	29	25	29
46	199	142	59	58	24	25	27
42	204	143	56	56	23	26	25
40	206	146	62	36	22	24	22
37	194	147	63	40	23	24	20
35	183	97	63	39	26	23	19
30	181	114	63	42	26	23	19
31	178	117	63	44	30	23	18
32	150	117	54	42	30	23	19
32	192	135	51	38	30	22	21
34	188	133	48	43	28	22	22
33	182	115	49	45	29	23	23
33	186	113	58	42	25	23	24
34	192	115	59	44	23	24	26
32	158	95	64	43	24	24	24
32	157	107	72	40	25	24	23
31	196	133	73	54	25	24	20
31	193	135	71	56	26	21	20
30	193	125	74	58	28	21	21
35	187	126	72	59	26	20	21
33	201	137	72	54	25	18	21
34	203	109	71	48	27	20	22
33	203	101	73	48	27	21	22
34	204	103	71	45	25	21	21
28	209	102	71	44	26	23	25
34	202	88	63	50	27	23	26
35	162	92	62	47	25	22	24
35	163	95	63	48	25	22	26
33	196	100	59	46	28	22	25
33	200	112	60	47	27	21	21
30	200	112	64	44	30	25	24
32	217	106	70	48	29	25	25
33	221	105	64	53	28	26	21
35	207	100	63	53	28	26	23
35	194	83	59	52	27	27	23
34	215	65	51	50	23	25	22
38	206	59	49	45	24	26	22
36	209	61	44	40	26	25	24
38	184	61	45	39	26	26	23
