0	1	2	3	4	5	6	7
209	158	602	240	105	52	54	408
225	172	604	230	99	55	58	409
244	151	643	240	105	61	62	535
242	143	670	236	106	60	73	514
268	142	697	240	131	67	83	472
280	145	706	257	121	60	87	513
265	136	684	265	129	57	89	561
257	147	719	287	136	62	89	433
287	165	760	312	138	63	89	458
282	160	747	346	119	61	89	492
256	154	735	358	129	63	87	451
254	157	731	366	123	65	83	366
249	156	669	345	115	58	81	360
209	142	622	352	123	63	78	328
155	150	642	311	117	57	64	274
172	152	589	282	108	62	65	255
185	156	642	258	109	67	69	316
178	164	636	293	129	73	67	346
178	161	668	333	135	72	65	359
186	175	627	341	147	80	66	422
170	172	649	350	158	83	64	470
172	158	658	359	155	86	75	469
171	155	685	353	144	80	78	504
201	158	620	274	142	80	82	572
230	150	642	278	134	76	82	534
258	146	634	266	121	69	84	607
273	161	645	286	120	63	79	605
325	162	644	250	112	64	78	582
309	165	674	254	97	66	73	514
304	158	706	229	98	67	69	514
288	180	716	235	92	64	65	434
269	174	697	226	110	67	59	402
225	171	750	248	114	67	58	392
242	172	770	258	117	59	70	438
248	166	722	266	116	58	78	444
247	151	743	253	118	58	77	400
246	164	798	237	99	50	76	532
251	146	717	248	109	46	73	512
281	141	665	236	110	56	61	491
274	158	704	244	110	66	62	577
303	162	713	258	116	74	62	566
330	151	636	239	112	76	78	599
372	162	660	217	106	80	87	617
339	181	693	244	106	77	87	597
329	184	663	249	100	70	83	531
300	174	626	240	104	61	83	530
290	178	584	264	125	63	67	365
228	217	566	326	124	71	72	415
231	204	517	312	117	71	74	475
238	193	657	341	119	71	71	454
237	210	760	378	118	75	76	530
250	214	871	404	114	78	104	519
242	185	901	419	121	68	128	459
255	180	981	440	129	67	140	407
247	197	981	437	148	76	144	419
256	178	918	416	150	78	157	391
223	237	853	469	175	79	143	468
221	258	841	461	206	94	123	494
194	281	771	503	217	98	134	514
227	278	624	497	213	98	136	500
249	307	619	517	231	106	126	488
247	267	628	486	235	108	123	425
234	240	675	471	217	99	117	403
294	230	708	478	220	95	84	378
279	248	723	488	216	92	86	388
265	221	716	483	209	76	76	349
295	220	715	445	184	72	77	335
321	249	705	477	170	68	77	330
270	246	702	432	144	60	74	331
281	225	685	422	159	69	67	326
275	232	686	396	146	71	78	352
319	242	689	403	143	76	78	369
294	247	677	349	149	80	77	368
294	244	717	322	156	83	76	370
294	244	724	309	150	79	78	358
311	231	794	303	144	78	81	325
249	210	787	275	139	69	83	358
269	172	793	265	126	69	84	388
278	161	762	274	128	67	99	521
262	142	776	267	105	61	96	529
230	164	694	288	107	58	82	533
228	188	662	423	137	75	86	584
201	180	734	426	143	76	83	579
196	192	727	443	139	79	66	481
221	203	803	457	149	81	67	522
235	183	843	469	149	82	69	509
223	180	847	380	124	68	60	404
229	201	756	381	123	60	57	416
232	191	721	393	132	62	54	388
200	183	752	379	122	64	55	322
197	192	774	362	117	68	61	357
209	167	765	329	120	79	66	367
223	157	779	353	129	81	67	345
214	166	786	333	137	79	73	331
240	167	620	328	136	73	71	327
280	158	565	338	137	72	68	285
279	161	534	349	132	59	67	319
259	140	643	315	123	61	71	316
265	125	682	307	95	62	70	339
269	147	744	305	102	64	69	350
227	173	740	318	102	62	68	372
210	180	774	315	101	61	67	353
264	193	701	370	123	66	66	400
255	200	644	360	126	63	66	399
229	189	604	398	134	60	64	394
216	187	633	387	140	59	66	404
249	192	639	383	139	64	64	393
196	221	622	320	124	62	62	326
191	212	621	320	136	62	56	319
213	212	598	259	125	64	59	303
223	202	592	231	116	61	52	289
183	193	589	232	109	54	54	326
187	148	550	223	103	50	55	325
192	151	614	222	98	45	55	347
166	151	621	253	106	45	52	348
167	173	672	249	110	47	58	322
176	176	664	247	116	48	54	308
235	189	686	260	118	46	54	309
279	192	670	250	105	47	59	291
278	195	674	213	96	53	66	288
277	166	663	270	99	56	67	304
274	171	675	273	94	55	69	299
243	157	634	260	102	62	75	287
189	152	614	252	100	60	72	259
202	165	645	285	108	55	65	296
228	172	583	242	105	56	58	290
245	162	637	235	114	61	58	282
220	169	653	251	106	58	49	289
218	166	677	240	108	57	51	317
225	143	662	218	108	57	55	339
203	153	656	204	103	54	58	338
180	164	596	218	116	51	56	317
202	154	609	195	111	48	53	324
203	171	624	222	129	57	57	332
186	170	682	212	120	55	54	303
161	153	678	211	122	60	53	295
176	161	710	204	104	56	52	377
164	161	707	223	116	68	63	408
177	157	671	209	104	66	62	410
222	164	640	218	120	74	72	436
245	177	628	237	141	76	71	461
231	166	631	228	151	80	71	413
228	174	612	222	152	73	65	384
