0	1	2	3	4	5	6	7
33	110	41	28	29	156	32	26
35	113	42	28	30	156	30	25
46	120	40	27	33	153	36	27
45	126	43	24	33	149	37	27
47	130	42	22	36	146	38	29
47	124	38	23	35	161	38	26
50	122	34	23	34	166	39	27
36	136	40	22	31	188	36	26
34	125	34	24	33	183	35	28
41	119	34	23	30	169	32	27
44	112	36	23	30	155	33	28
42	108	38	23	30	164	31	27
45	106	37	22	31	165	27	27
47	106	38	22	30	159	27	27
43	110	41	24	30	163	28	28
43	111	37	24	30	166	29	29
43	131	41	25	34	161	33	30
40	129	39	24	31	134	32	29
43	129	42	25	31	130	31	27
43	124	39	25	31	128	33	27
44	121	41	23	32	126	32	26
44	105	37	22	29	141	32	24
44	83	38	22	32	171	35	24
40	79	33	22	31	170	36	23
39	89	38	23	30	170	34	26
48	86	38	23	29	177	33	25
52	78	36	27	37	188	31	29
52	76	34	29	37	154	30	29
53	77	37	28	36	154	30	29
66	77	33	28	37	151	30	27
56	84	33	28	40	151	32	27
54	87	34	25	35	163	32	25
52	92	37	25	33	160	31	25
53	103	37	25	34	166	31	28
43	98	39	24	35	175	31	29
42	98	37	23	31	181	30	30
46	109	40	24	29	153	28	30
52	105	39	24	28	152	29	32
51	99	36	24	29	141	28	31
54	98	34	22	28	143	29	29
53	112	38	23	29	135	30	29
51	104	34	21	29	133	29	28
45	104	32	19	28	129	29	25
47	95	35	18	27	147	32	24
44	110	40	18	28	138	32	25
52	92	35	19	25	141	32	26
52	90	37	22	25	124	32	24
54	98	39	24	26	125	34	24
52	113	36	23	27	121	29	26
48	107	36	26	25	123	28	28
46	113	39	26	27	117	28	25
44	110	37	24	29	134	27	27
43	114	36	23	31	153	25	28
44	119	42	25	31	150	27	28
43	117	39	22	32	149	26	26
45	116	42	23	33	140	26	29
47	119	44	24	31	148	29	28
46	110	43	24	30	152	32	27
47	94	41	24	31	151	32	27
49	92	38	25	30	151	34	28
40	111	37	24	27	149	33	27
40	139	48	23	29	209	37	28
41	138	47	23	28	202	36	31
48	149	51	21	27	196	36	29
45	147	52	26	27	197	36	29
47	130	53	25	27	204	35	29
48	106	45	27	27	122	28	26
55	107	45	27	28	111	28	23
50	92	40	28	28	104	28	26
49	96	41	26	29	109	25	25
47	94	40	25	30	115	25	22
43	96	38	22	32	175	32	24
62	101	42	23	32	178	30	25
61	104	45	23	31	184	30	24
61	99	43	20	32	180	32	23
61	118	42	22	34	194	33	26
63	108	42	24	34	150	31	26
45	104	40	25	33	154	29	26
46	101	43	24	34	151	31	26
46	112	45	26	31	174	29	27
47	91	43	24	28	149	29	25
46	89	43	22	26	151	28	26
37	102	43	22	27	153	29	28
41	110	41	23	27	159	28	27
46	95	38	21	28	145	30	27
46	95	38	22	29	143	30	28
49	99	36	23	29	164	30	30
48	91	34	22	27	158	31	29
50	80	27	21	29	160	30	29
49	82	28	21	30	159	29	28
48	97	34	24	29	170	31	26
45	104	41	26	32	157	31	25
45	105	41	27	34	169	30	26
45	105	41	28	34	165	31	24
56	114	41	29	33	153	30	26
55	106	41	29	33	151	33	28
55	96	34	26	33	148	33	27
56	99	38	26	32	139	33	28
53	102	41	27	31	132	32	30
45	96	40	30	31	143	32	28
47	89	40	29	32	146	31	33
48	102	41	32	31	138	30	33
54	92	38	31	30	126	30	33
50	87	37	30	30	128	30	33
44	95	44	26	28	121	31	35
47	102	40	26	28	152	29	30
46	92	40	24	27	164	29	29
42	94	40	24	29	166	27	28
43	104	42	24	28	174	27	28
42	108	34	21	31	197	28	27
36	105	36	20	33	167	28	26
43	104	34	19	33	151	27	26
49	108	35	20	32	152	28	26
48	108	36	20	32	150	30	27
50	90	40	22	31	123	29	28
49	87	41	23	30	126	28	30
45	87	43	25	32	166	36	30
43	86	47	24	33	167	37	30
45	75	45	25	33	162	35	29
48	90	43	24	32	173	35	28
49	89	41	25	30	171	38	27
51	107	44	24	29	156	31	27
44	101	39	24	36	168	30	25
47	98	41	24	36	179	31	24
47	87	39	23	35	163	30	24
47	93	39	22	36	161	29	20
43	98	39	20	34	154	29	20
43	111	36	19	26	162	30	21
37	115	39	20	28	153	29	21
33	124	41	21	27	154	30	23
57	126	42	20	27	154	28	26
57	106	38	25	30	171	30	26
59	106	42	26	30	206	27	26
61	115	41	27	30	209	30	27
61	120	45	28	32	210	30	25
39	114	43	27	32	213	30	25
37	124	44	23	35	235	27	25
40	120	41	24	35	193	27	25
40	112	37	23	33	184	26	26
40	121	35	22	35	181	26	26
41	130	39	24	36	181	25	24
43	120	38	23	30	136	26	24
38	112	38	22	29	137	28	24
36	114	44	23	30	139	28	24
36	95	40	24	27	140	28	24
46	97	40	24	25	156	30	25
45	100	40	24	28	141	30	27
46	112	46	26	28	152	30	26
46	111	46	25	27	154	30	26
46	107	47	25	27	157	30	27
36	95	45	26	27	139	28	27
37	98	48	29	24	137	29	30
36	83	42	30	25	143	32	28
46	79	35	30	25	145	32	30
54	83	36	28	26	150	30	30
53	79	36	27	27	154	31	29
52	83	37	24	29	158	29	24
51	90	39	22	29	154	26	25
42	92	42	22	30	161	26	23
37	91	40	25	29	161	26	25
37	110	43	26	29	154	26	26
36	107	40	25	29	167	26	27
36	105	41	26	27	145	28	26
37	103	38	26	27	146	28	29
34	111	39	23	29	156	30	26
36	102	35	23	31	180	30	24
44	96	34	22	30	159	31	24
46	98	31	21	30	163	30	26
48	96	33	21	30	154	29	23
45	117	38	22	29	150	29	22
45	115	40	24	32	199	29	25
38	121	43	22	33	195	29	26
47	120	45	24	35	194	29	26
45	128	47	24	35	208	31	25
47	106	42	23	36	209	30	26
47	102	41	22	32	154	31	25
57	97	39	24	28	163	32	25
49	133	43	24	29	161	30	27
48	126	41	24	31	147	28	29
49	117	42	25	30	149	28	28
52	125	44	23	28	134	29	28
43	143	45	22	32	128	30	26
44	110	40	22	29	128	30	23
46	112	38	22	27	134	32	26
51	127	38	23	32	120	32	27
51	123	44	23	31	136	31	26
54	117	40	24	29	145	31	26
55	126	41	25	30	143	30	27
55	131	44	25	32	150	32	26
52	121	50	26	31	155	35	30
50	114	43	28	33	146	33	32
45	98	46	28	33	133	30	32
48	89	46	27	33	147	31	32
47	95	46	29	32	128	30	31
44	98	40	28	29	146	27	30
45	102	40	26	30	140	29	29
45	112	38	27	30	149	29	30
47	109	37	27	31	133	28	28
47	102	36	25	30	135	29	28
47	96	34	25	31	123	30	26
44	97	36	26	32	138	28	26
49	97	37	23	32	150	29	25
46	107	37	26	30	148	30	26
45	99	35	26	32	145	28	26
45	104	39	24	32	161	31	25
44	110	43	24	30	148	32	26
45	118	44	24	31	126	32	28
43	111	47	21	31	127	31	27
41	115	48	21	30	143	31	29
46	138	47	22	31	159	28	29
55	133	43	22	34	162	30	29
49	121	40	23	33	169	30	27
50	123	43	27	35	174	31	29
53	125	42	27	33	176	31	28
48	91	42	27	33	204	33	27
45	103	40	27	29	204	31	27
47	106	42	27	29	198	31	29
50	106	38	23	28	207	32	30
50	97	38	23	29	228	33	30
55	104	40	23	28	175	31	31
51	95	42	25	28	176	31	31
50	89	40	25	29	178	32	29
47	84	40	27	27	168	30	28
50	90	41	27	27	152	35	27
49	83	38	28	25	136	35	25
47	76	40	26	24	136	34	26
48	86	39	25	25	138	36	25
47	83	38	23	27	132	35	24
44	92	46	26	26	109	32	23
44	95	43	28	29	153	33	26
47	99	42	28	30	174	34	29
46	93	45	29	30	170	32	30
45	105	46	29	29	184	32	30
54	102	36	26	33	191	34	31
52	100	39	25	32	176	34	29
49	113	37	27	33	153	33	27
49	136	39	26	31	152	33	27
51	127	39	26	34	173	34	27
44	122	39	27	34	181	28	28
44	150	41	26	35	174	25	28
46	153	45	23	35	168	26	28
46	144	41	24	36	172	26	27
46	149	41	22	34	149	25	27
41	150	45	22	33	138	29	27
46	121	42	23	32	157	30	28
45	103	35	24	32	165	33	27
49	90	36	24	31	162	32	28
46	83	37	26	34	164	32	27
45	81	34	24	35	159	35	26
47	83	35	24	33	130	36	26
50	99	37	25	32	126	34	26
46	102	44	24	32	128	35	25
45	116	45	24	32	121	37	24
46	114	47	26	30	125	29	24
37	124	48	24	31	144	28	24
34	120	51	23	34	142	29	24
43	117	46	24	35	156	31	28
45	107	42	25	35	198	32	30
46	116	41	22	36	191	34	32
51	113	42	23	35	187	33	34
60	106	39	23	34	188	34	34
55	100	38	23	33	178	35	32
55	103	40	20	31	123	34	31
54	102	38	22	30	141	33	30
51	91	35	23	30	135	34	27
40	95	39	22	30	143	32	28
39	106	46	22	30	145	32	29
36	104	44	23	30	152	30	27
43	107	44	22	31	129	28	26
49	115	45	21	30	134	29	25
50	113	41	22	30	161	30	26
50	123	35	22	30	159	28	26
50	134	36	22	30	149	27	26
49	126	38	23	30	150	29	27
45	119	38	24	29	142	28	27
43	122	41	24	27	128	29	24
44	115	41	24	37	155	29	26
44	96	40	22	38	169	28	25
42	106	45	21	38	169	25	24
44	125	44	25	37	174	27	27
43	134	43	26	41	166	25	28
42	121	41	27	33	151	26	25
49	126	43	29	32	137	28	28
47	122	40	29	35	144	29	29
42	115	41	26	34	143	29	27
49	98	44	25	31	128	28	27
48	117	44	25	30	132	29	28
46	138	46	24	29	148	27	26
45	141	43	24	27	142	27	27
46	135	41	25	30	142	27	26
39	132	38	24	31	162	27	25
40	120	37	25	32	153	26	26
43	92	32	25	30	137	30	26
44	90	32	27	32	134	30	27
42	87	35	26	29	129	31	27
42	106	39	26	28	120	32	27
43	105	37	26	29	115	32	27
36	107	39	26	33	135	30	27
47	101	38	24	33	136	29	27
49	101	40	24	33	133	29	29
49	83	35	25	33	148	31	29
52	102	37	25	31	148	31	28
52	105	36	25	32	129	30	28
40	110	38	25	30	166	31	26
42	115	40	25	31	164	30	26
49	116	41	24	32	146	29	28
47	104	41	25	31	153	27	28
44	98	40	27	28	158	24	28
45	94	38	24	28	137	23	27
41	91	34	24	28	136	22	26
35	98	40	25	28	125	22	25
43	95	38	22	29	131	23	25
46	107	38	23	28	119	24	25
45	100	40	24	28	115	25	26
47	114	39	25	29	123	26	28
46	113	32	23	26	124	27	27
36	115	35	24	26	107	26	27
37	108	36	26	25	108	27	25
39	113	36	27	29	131	29	24
47	111	39	24	28	135	30	25
45	113	40	26	31	137	28	25
46	106	42	25	33	162	29	26
43	98	41	23	36	160	29	26
48	108	40	22	35	127	31	27
45	98	38	24	34	128	30	25
45	113	38	22	32	146	31	25
44	122	34	22	32	116	29	25
46	147	39	22	29	136	31	29
53	142	40	24	28	142	28	30
50	139	37	25	28	130	27	31
50	120	36	25	26	107	26	31
51	128	44	26	29	116	26	29
47	112	42	27	30	127	27	25
34	114	41	26	31	133	28	27
35	110	41	26	30	135	30	27
36	110	42	28	32	134	31	26
38	89	33	32	30	137	32	28
39	74	31	31	27	140	30	30
39	56	30	30	27	138	28	25
35	67	38	29	30	138	30	27
47	99	48	31	29	136	28	29
45	107	48	26	26	126	29	27
45	110	48	25	29	98	28	26
45	114	48	26	28	97	28	27
46	110	47	26	27	110	27	29
49	86	35	23	29	114	28	29
48	77	34	24	31	120	29	31
50	95	36	24	30	112	30	32
49	97	39	24	33	145	28	32
50	99	37	23	36	158	27	29
45	96	35	24	37	194	30	30
48	112	38	24	37	198	32	28
48	104	41	25	37	198	33	29
48	106	36	24	32	173	33	29
46	102	33	25	29	155	32	29
37	109	36	26	28	159	31	28
39	100	37	25	29	157	30	29
46	98	31	25	30	164	31	27
45	94	36	26	32	167	32	28
46	110	44	25	31	164	31	26
46	108	46	24	31	140	30	25
46	103	44	24	30	159	28	22
37	101	47	24	30	167	29	26
44	119	46	23	29	161	27	26
45	102	38	22	30	160	29	28
45	106	35	27	31	135	28	29
44	106	36	29	31	127	32	31
42	110	40	29	31	129	29	28
44	89	38	30	31	129	30	28
44	98	41	30	30	129	29	26
44	99	39	26	27	129	29	27
42	101	39	25	28	179	26	26
42	98	33	23	28	172	26	27
32	99	35	24	29	174	27	26
38	103	40	27	30	173	27	26
43	94	38	26	31	174	26	24
41	96	39	26	30	117	27	23
42	92	38	26	30	167	26	24
42	101	44	26	31	188	26	24
38	99	41	25	30	188	28	24
48	100	44	25	29	187	28	26
51	108	52	24	30	194	26	25
49	113	53	24	34	199	25	26
51	104	49	23	34	184	23	24
50	99	48	23	33	184	23	23
40	95	49	22	34	184	24	23
47	96	45	26	34	176	25	23
51	102	44	27	32	144	27	24
50	115	41	25	30	163	30	23
53	124	43	24	32	164	29	25
50	133	46	24	32	166	31	24
43	131	41	21	33	170	31	25
49	125	42	22	30	141	30	23
50	122	43	22	33	150	28	25
50	112	39	22	32	150	28	26
50	105	34	22	32	150	28	26
47	97	38	24	33	141	26	25
37	90	37	25	32	152	26	26
34	78	37	25	29	117	26	27
44	114	40	26	31	115	27	28
43	114	41	28	32	136	28	27
43	115	42	28	29	136	30	27
45	118	42	25	29	127	30	26
53	126	42	27	30	122	32	27
49	96	39	27	31	125	33	25
51	91	38	26	28	101	29	26
50	89	33	25	29	112	31	25
49	100	35	26	30	122	30	26
44	97	36	26	31	123	28	23
37	106	36	23	31	120	27	26
41	107	34	24	32	119	29	24
43	110	36	23	35	179	25	24
43	99	37	24	33	188	29	23
42	92	34	22	32	192	27	24
44	81	36	25	30	195	28	25
39	103	41	25	29	194	27	25
38	101	38	25	24	138	28	27
48	101	36	24	26	133	25	30
50	98	38	26	31	192	29	31
51	113	38	23	34	195	28	28
50	105	37	26	35	195	29	29
49	109	40	26	37	184	30	29
56	109	39	26	36	184	32	27
53	131	41	26	34	123	29	27
53	136	42	28	39	174	30	27
53	126	40	24	39	175	30	26
54	121	39	24	39	186	28	25
43	121	40	26	39	186	22	25
41	109	42	25	38	184	23	25
49	85	41	25	32	129	25	26
50	91	40	28	31	141	24	26
55	94	42	28	29	129	27	27
52	101	43	25	32	105	27	26
52	97	39	27	28	109	28	26
45	97	37	26	27	126	28	26
52	94	38	23	28	118	29	28
48	100	40	24	30	142	27	28
47	94	41	25	27	141	28	26
47	85	39	24	27	154	31	26
45	90	39	23	27	150	31	27
35	94	38	26	27	171	31	26
45	109	40	23	25	160	32	26
46	108	38	26	27	169	31	26
45	108	41	25	28	170	28	26
45	102	43	27	32	169	31	25
50	96	45	27	31	145	30	30
40	77	43	28	30	144	29	29
43	79	42	24	29	131	30	29
42	86	41	26	29	120	31	28
44	86	40	24	27	140	26	27
45	84	41	26	26	146	28	24
43	84	36	26	29	136	28	24
39	79	36	27	28	137	28	26
45	73	36	27	28	140	26	26
48	91	36	27	29	124	27	26
42	103	37	23	31	151	26	24
41	112	40	24	28	156	26	25
43	109	40	27	28	162	24	25
47	109	38	28	27	146	26	25
51	95	36	28	26	156	26	25
55	84	31	30	28	140	27	26
58	60	29	31	29	144	28	27
57	66	28	28	30	137	29	26
49	71	29	25	29	139	27	27
39	87	35	26	29	117	26	27
38	94	36	25	26	122	27	29
35	97	38	23	26	117	26	29
37	97	40	24	27	121	27	30
56	98	42	24	28	119	26	33
56	102	42	24	27	115	28	32
54	96	43	25	26	102	26	29
60	95	43	23	28	116	28	30
61	100	42	24	28	119	28	30
52	129	45	23	28	121	30	27
51	116	40	22	28	124	29	28
51	118	42	22	27	115	28	28
44	122	38	24	27	102	28	26
48	135	39	26	28	107	29	25
46	116	40	25	28	104	31	25
46	122	42	25	28	100	30	23
46	122	41	26	31	112	30	23
46	147	49	26	31	104	31	29
41	137	49	25	30	163	31	28
38	129	44	27	31	180	34	27
48	127	43	28	30	183	34	30
52	125	44	26	29	187	34	29
51	113	45	25	28	190	33	28
52	104	43	25	28	148	35	28
52	106	42	23	28	150	30	27
41	99	45	24	31	149	31	26
47	110	46	24	32	135	33	28
48	84	37	23	32	137	32	25
50	90	36	23	30	119	28	25
48	103	40	23	30	111	28	26
48	110	38	24	30	117	29	26
39	115	38	24	31	121	27	23
42	138	42	26	30	136	27	22
41	137	42	25	30	140	29	22
41	128	40	26	31	126	28	28
41	134	44	24	31	143	29	27
38	127	42	24	31	151	31	30
36	110	39	24	31	146	30	30
36	118	39	25	32	146	28	30
43	122	38	24	29	142	30	25
45	116	31	24	27	149	29	25
47	110	29	25	26	152	27	23
50	111	29	25	26	141	30	25
50	103	31	26	27	142	32	26
55	97	34	27	28	144	32	28
52	97	35	28	32	136	31	27
54	99	37	26	31	171	33	29
53	97	36	27	32	184	32	28
49	110	42	25	36	186	32	27
36	123	41	25	37	185	30	28
38	122	41	24	36	181	31	29
45	124	42	24	37	133	28	27
44	123	50	23	36	115	26	26
44	112	44	25	31	108	22	26
44	93	41	24	29	116	24	24
43	87	43	25	27	148	25	27
31	87	41	25	28	163	27	27
33	94	37	25	27	165	29	28
45	93	37	23	28	167	30	28
49	102	40	25	33	172	30	28
48	99	38	25	33	149	28	24
51	93	39	25	34	150	30	24
50	95	34	25	35	152	30	23
39	88	36	28	36	152	29	24
35	82	38	26	31	140	28	27
47	86	39	26	34	140	31	26
50	99	38	27	33	128	32	27
52	90	41	25	32	133	32	28
54	91	41	24	34	145	32	29
54	86	41	23	37	154	34	28
46	91	43	23	34	152	33	29
40	75	41	23	33	156	26	27
47	73	43	24	32	169	28	27
46	123	48	26	29	159	27	27
49	127	48	27	27	163	25	26
48	141	48	28	28	167	26	25
50	144	49	28	27	154	28	27
41	151	49	28	27	145	28	25
40	132	52	26	29	147	28	24
35	130	50	28	29	133	28	24
43	109	47	25	26	133	24	24
41	118	47	25	27	139	23	27
45	124	49	27	28	134	24	28
44	109	40	24	27	148	24	28
44	109	42	22	28	165	28	29
55	113	42	26	30	158	34	30
56	121	49	25	29	151	33	26
53	103	44	25	30	141	32	25
54	102	43	25	28	123	33	26
55	105	43	26	28	133	32	24
42	101	41	24	28	122	28	24
39	78	33	25	28	131	29	25
44	85	36	24	28	130	28	27
44	79	34	25	27	127	27	28
53	77	33	23	31	187	28	28
50	98	37	26	31	192	26	29
50	106	37	26	31	193	29	31
52	101	34	25	31	205	29	31
51	106	36	26	34	205	30	29
45	115	36	27	29	126	27	30
44	108	43	27	28	139	29	28
47	105	42	28	29	134	27	26
41	118	45	27	30	112	31	26
60	120	44	26	29	115	28	27
61	116	45	23	31	128	31	26
62	107	35	20	30	128	30	28
59	105	34	19	31	122	31	26
69	110	36	20	29	128	30	26
54	108	38	21	29	142	31	26
52	103	37	23	27	142	30	25
51	105	40	25	30	152	31	26
53	116	40	26	30	156	30	27
41	108	44	26	30	155	28	26
43	107	41	25	31	149	27	26
45	105	39	25	32	152	27	27
47	105	37	21	30	147	26	26
46	92	39	20	30	147	26	27
46	91	29	20	31	150	26	29
47	89	31	21	29	143	27	28
48	94	33	22	30	136	28	28
47	93	39	22	28	144	29	27
45	91	36	23	28	146	29	28
46	82	39	22	28	143	28	27
44	90	39	24	30	142	30	27
38	103	41	26	28	142	30	27
35	113	41	28	26	118	30	29
39	123	45	26	28	126	30	27
31	124	42	27	27	135	31	28
47	123	41	27	26	131	28	29
48	112	44	25	26	137	29	29
50	99	39	24	32	133	31	28
48	94	37	27	31	126	30	26
48	88	40	27	31	122	29	24
