0	1	2	3	4	5	6	7
360	213	528	251	57	45	58	335
330	199	496	254	59	42	57	343
299	201	538	246	64	42	54	343
295	172	527	220	59	39	52	301
242	150	523	201	54	41	62	289
203	202	513	169	53	47	62	290
214	238	523	169	57	47	63	286
273	252	582	186	57	47	60	286
280	287	601	214	67	50	62	276
274	280	572	233	73	50	52	304
280	246	564	255	73	44	53	301
310	229	518	284	77	53	64	381
304	278	463	281	72	53	66	412
299	271	533	264	66	54	66	417
299	286	573	256	63	54	67	393
308	310	597	244	63	54	68	386
303	318	673	201	57	46	64	371
283	273	701	205	59	48	64	375
332	292	625	202	57	45	58	404
342	349	657	216	54	42	57	431
352	337	687	204	56	42	57	468
450	328	623	216	54	49	64	441
447	346	594	240	51	43	68	458
422	318	633	253	58	48	74	442
420	253	627	280	64	51	77	421
429	288	574	299	77	62	86	401
334	302	600	310	80	60	79	357
368	282	607	294	84	70	91	316
369	304	583	280	79	66	88	321
384	312	572	254	80	67	86	312
368	279	587	246	67	56	76	286
343	257	597	218	62	57	77	320
289	275	575	189	57	49	71	382
275	273	596	202	57	48	69	382
301	286	611	186	60	55	79	399
316	293	622	176	61	56	83	436
300	303	610	184	58	53	81	423
314	287	586	189	65	59	76	369
307	271	584	198	70	66	81	344
247	241	561	211	65	57	71	336
219	336	561	213	65	57	72	319
223	329	515	209	67	58	76	366
189	328	541	214	59	47	73	372
211	316	518	205	57	41	67	415
259	341	487	184	54	41	64	413
266	269	450	181	51	41	61	387
265	268	446	184	53	41	53	349
272	258	432	188	52	46	51	333
279	283	418	170	49	48	65	358
240	256	398	166	49	50	66	363
292	204	377	161	50	57	78	391
307	198	405	154	49	58	96	429
304	233	462	147	58	60	95	416
323	215	469	160	64	68	96	381
380	221	446	174	71	68	101	397
343	243	478	192	82	68	95	401
324	246	501	221	86	66	78	393
339	235	408	219	85	62	75	403
335	218	412	232	84	54	67	375
288	199	472	246	80	53	62	411
296	187	509	228	73	48	65	428
302	255	467	205	67	54	74	430
293	242	491	219	71	59	75	432
255	251	509	216	76	60	75	448
228	266	544	194	78	68	85	385
232	260	537	206	75	67	79	374
273	184	572	210	80	65	72	323
268	229	558	197	73	60	76	320
280	223	561	181	67	65	75	327
299	242	525	180	60	59	69	356
307	263	492	166	61	61	68	332
255	313	547	164	53	58	66	337
274	285	604	155	51	60	62	343
352	344	611	166	45	51	66	343
350	330	587	164	46	44	59	354
341	322	589	170	43	50	92	434
345	307	508	169	44	49	94	420
354	308	478	172	43	47	94	428
323	252	409	260	55	48	95	420
338	288	371	284	61	53	95	420
344	308	354	281	60	47	65	354
362	288	394	277	62	59	77	527
414	290	470	274	64	61	81	517
404	299	521	206	61	65	81	501
378	307	643	185	66	63	81	498
399	279	684	178	70	64	80	518
421	339	681	193	72	60	89	422
406	371	634	197	72	63	90	421
385	357	582	178	72	65	91	515
393	322	465	177	67	66	92	516
358	348	436	184	66	68	91	476
324	370	402	194	66	62	74	497
344	360	428	194	66	57	66	536
377	372	472	183	59	47	59	477
407	377	505	201	69	51	68	466
399	357	545	199	70	50	68	483
407	314	540	177	68	53	75	412
387	310	519	177	68	54	77	375
426	295	507	183	68	58	84	387
418	287	496	151	55	51	73	380
416	296	508	175	55	54	81	405
434	254	526	171	54	53	77	396
381	223	558	157	53	53	79	435
318	260	588	160	61	56	81	414
278	271	579	188	67	62	87	440
285	258	536	167	66	59	85	487
238	281	599	190	73	55	81	479
248	296	556	191	78	55	83	464
255	272	522	182	74	46	69	483
262	277	572	154	81	50	68	474
256	284	586	160	87	56	67	421
363	288	510	134	83	59	67	459
382	324	511	146	80	62	77	460
377	323	524	158	77	63	87	463
397	324	464	144	62	53	82	459
399	317	398	137	52	47	78	433
319	295	489	159	56	49	78	427
285	224	501	145	55	47	64	419
263	287	508	143	53	46	51	369
239	265	501	159	56	49	60	364
272	267	532	156	60	54	72	396
315	315	447	129	68	54	76	370
344	335	506	141	75	57	80	396
342	310	510	142	78	61	82	405
352	321	586	140	83	58	82	436
331	334	689	150	100	63	84	449
311	318	737	160	95	59	77	436
301	324	747	156	93	59	75	380
327	321	751	148	91	60	72	418
325	355	754	141	83	61	71	411
347	358	785	133	67	55	60	404
314	329	765	124	58	55	65	404
320	329	712	122	62	63	68	408
340	313	765	137	68	63	70	396
326	340	708	134	73	64	71	382
297	350	626	140	71	71	77	333
324	386	678	156	82	78	80	410
327	395	655	159	75	70	75	419
281	390	631	154	69	66	74	402
301	335	664	155	73	73	86	416
307	310	621	158	70	64	84	402
275	269	639	145	62	58	90	322
243	248	744	143	65	61	93	402
222	291	734	139	68	62	92	393
199	296	758	138	71	56	77	355
236	304	833	140	76	66	91	445
252	316	855	140	77	66	82	484
305	316	936	133	78	65	84	419
338	323	960	128	75	68	91	465
339	303	918	128	67	67	97	517
301	297	878	106	62	57	85	473
313	339	792	113	63	67	95	479
327	339	640	137	65	63	91	479
331	318	662	142	70	63	92	521
353	360	710	195	76	63	89	482
376	370	749	217	79	70	92	502
360	327	758	226	77	59	80	478
332	305	731	216	73	64	85	489
317	294	746	237	80	65	74	433
297	239	708	208	85	63	74	438
298	278	663	209	90	59	72	466
290	287	710	208	91	59	75	514
264	294	710	225	96	55	77	605
274	301	657	224	91	53	80	584
257	317	710	218	89	51	77	567
273	270	714	254	93	52	72	587
273	266	642	260	101	51	67	533
275	306	659	255	99	50	59	422
284	312	658	289	103	52	61	452
288	331	593	297	113	68	68	469
249	323	553	259	105	65	63	380
255	328	608	252	105	68	67	393
304	324	574	243	108	75	72	453
267	305	491	226	103	75	74	407
269	270	537	220	86	64	69	392
281	291	518	228	88	64	72	380
297	277	504	242	85	59	70	370
266	241	536	279	86	58	72	272
271	270	573	301	100	61	76	324
286	280	563	310	103	59	73	315
287	288	541	313	100	63	73	369
262	295	505	314	99	72	81	358
324	298	496	305	94	76	83	343
317	284	511	264	82	72	73	307
295	306	510	254	80	69	72	342
321	290	539	283	95	71	72	272
345	281	556	301	95	63	74	275
298	278	547	297	98	57	73	352
322	304	531	300	97	57	75	342
330	285	502	305	98	61	76	324
300	271	515	299	107	71	91	349
311	279	548	265	110	71	98	409
281	267	635	245	112	72	89	351
295	206	643	226	111	70	93	381
300	179	660	226	125	71	96	441
294	209	736	280	105	59	82	435
264	232	719	279	101	56	64	387
303	289	654	317	95	58	80	402
260	293	662	348	100	60	74	393
245	360	719	384	91	55	69	315
260	340	635	340	94	58	76	349
319	345	604	402	126	71	103	418
292	308	591	375	126	65	99	446
314	300	643	358	128	71	106	452
321	296	567	326	123	76	110	452
338	355	632	338	127	73	114	483
299	374	714	329	104	63	94	426
296	394	729	360	115	82	109	438
337	405	657	357	113	85	121	455
367	364	705	364	114	85	123	467
333	335	711	370	110	82	112	394
404	449	734	413	114	95	123	412
406	431	707	407	111	84	112	350
372	435	713	414	112	79	98	323
351	461	794	413	115	77	93	304
384	457	776	439	122	76	94	294
296	330	680	429	132	78	86	260
278	352	788	463	131	87	102	314
322	351	818	488	134	103	111	328
317	388	806	575	134	104	118	398
291	390	812	595	134	113	123	432
288	400	822	544	119	111	125	429
295	403	730	505	123	112	117	403
256	402	713	570	140	105	114	379
265	327	629	522	148	112	117	342
300	410	723	492	155	110	115	335
330	393	816	584	160	108	108	362
392	404	825	608	158	106	107	350
484	450	855	517	140	109	123	389
488	461	940	508	138	116	122	351
476	403	902	586	150	115	122	329
490	463	889	567	152	113	124	300
508	575	990	541	149	110	123	344
491	563	1003	552	153	102	109	327
498	600	958	559	151	89	102	326
553	606	924	543	141	86	106	314
553	660	908	533	134	80	99	328
549	572	837	543	136	81	104	322
481	546	808	558	134	80	108	364
472	517	839	630	157	77	113	391
397	521	858	556	144	75	107	400
400	547	877	539	142	74	108	399
366	540	845	562	138	71	114	431
372	549	841	538	137	60	95	382
382	579	813	508	126	64	91	343
390	574	771	517	135	66	88	345
375	433	720	476	130	67	91	365
334	457	725	586	172	76	66	343
347	493	724	592	175	80	74	388
349	444	647	502	159	95	107	430
392	424	628	488	159	102	113	440
387	407	617	526	174	104	109	429
404	368	621	398	150	104	111	412
395	284	577	383	144	114	132	484
504	274	534	387	145	103	108	532
512	254	535	403	135	93	108	517
503	291	547	388	128	94	117	521
507	279	553	332	108	89	116	513
531	292	565	369	130	88	100	401
439	294	617	421	142	98	103	325
429	414	762	491	159	107	121	375
429	391	715	474	158	111	126	365
450	386	658	508	164	112	132	374
415	381	618	496	149	103	121	368
378	376	634	463	133	94	124	354
329	383	499	367	110	84	101	312
357	363	598	340	100	76	95	299
430	368	620	285	91	82	104	300
427	361	617	297	89	82	108	318
428	375	637	310	95	79	99	292
449	294	617	287	96	80	98	310
452	297	645	289	98	87	103	348
376	286	645	288	94	78	89	344
368	294	663	247	87	79	93	327
382	427	606	215	76	77	95	352
372	414	560	229	90	96	111	352
348	409	398	210	80	86	94	319
309	417	456	279	90	86	92	323
305	467	529	326	99	86	86	313
284	416	568	347	103	87	79	293
314	404	629	349	94	68	56	279
300	420	682	367	103	91	99	300
287	411	747	346	98	91	100	274
333	401	739	365	95	87	100	283
404	316	713	384	107	87	104	352
386	335	703	413	111	91	108	420
426	326	746	462	130	88	86	414
446	351	708	534	138	86	84	413
452	308	881	617	154	90	90	448
439	324	1006	744	162	96	115	423
440	358	1033	748	161	94	124	438
461	399	1056	838	176	95	129	493
482	509	1099	823	175	102	132	487
520	592	1007	761	169	108	137	459
517	640	974	645	158	104	116	438
492	671	1026	648	156	106	110	340
447	670	979	615	138	95	97	246
512	575	907	620	152	95	97	305
466	532	921	612	139	83	82	311
460	497	885	591	138	82	83	298
489	428	871	567	143	81	84	385
506	408	960	472	130	79	101	437
418	472	1096	447	107	65	96	393
419	459	1051	445	107	67	94	373
412	456	1004	434	102	68	98	390
401	477	937	435	96	59	92	390
377	506	879	408	94	53	67	315
385	611	688	380	94	57	64	323
378	585	663	337	94	58	67	325
374	567	684	352	94	58	60	327
370	557	704	409	101	60	67	250
361	571	676	393	99	62	69	272
323	497	692	366	95	55	70	263
338	554	666	375	93	52	76	362
413	568	648	353	95	52	79	408
422	543	640	278	88	50	66	433
492	496	580	255	85	58	72	453
518	492	586	339	114	69	74	481
555	441	577	339	122	83	86	421
501	408	526	325	120	83	82	372
485	424	517	329	122	86	94	332
416	412	497	337	124	85	92	305
409	307	445	263	100	77	97	371
330	284	448	261	96	64	84	360
323	287	499	275	101	65	89	387
324	300	502	299	115	74	83	426
378	296	506	285	110	68	96	449
346	258	472	265	102	66	89	359
346	258	472	265	102	66	89	359
338	554	666	375	93	52	76	362
413	568	648	353	95	52	79	408
422	543	640	278	88	50	66	433
346	258	472	265	102	66	89	359
326	234	456	275	98	69	86	373
304	236	418	305	92	63	80	360
358	158	372	310	69	47	76	312
306	147	404	319	70	51	68	292
309	147	407	313	77	59	72	307
325	144	409	305	82	62	89	361
345	131	462	326	87	65	93	383
267	161	467	276	80	66	97	396
331	182	441	258	82	66	90	379
333	186	448	282	82	60	94	425
314	199	481	289	82	62	91	380
286	188	456	219	77	65	93	336
313	168	481	224	82	63	88	312
227	135	530	264	83	62	92	339
216	151	526	249	80	68	95	303
220	141	513	229	73	60	85	289
212	237	479	224	68	57	79	279
164	324	389	217	68	96	77	271
172	397	344	229	67	106	68	211
172	394	330	224	65	117	51	144
193	410	326	231	66	116	54	140
206	376	407	236	67	117	59	167
213	328	488	239	64	93	59	181
204	269	513	228	67	84	59	184
218	276	556	242	69	60	59	193
201	362	643	244	74	58	56	290
219	398	668	265	73	57	60	320
220	406	679	290	76	51	68	321
239	413	705	286	71	44	74	332
252	424	708	282	66	41	75	370
254	517	641	271	63	93	71	307
231	525	565	245	66	106	106	272
265	521	588	232	68	110	127	278
235	523	563	226	69	128	125	268
203	538	550	241	75	132	124	239
236	486	592	240	74	104	126	253
249	510	647	268	70	93	91	238
241	495	590	264	62	87	46	222
254	510	611	265	66	65	49	225
262	510	663	239	57	58	48	230
281	421	678	294	68	58	47	269
269	364	651	302	77	53	49	283
351	418	738	323	90	59	63	335
380	374	698	308	89	66	86	373
415	348	672	359	97	68	90	375
409	370	688	388	94	72	91	335
425	376	819	394	97	75	98	344
468	361	819	383	96	80	108	357
456	367	856	386	94	69	88	312
457	396	911	386	94	66	86	298
457	417	943	344	100	66	93	338
471	439	813	480	124	77	109	359
369	427	804	485	127	73	101	304
364	420	786	489	130	72	102	306
329	414	788	480	131	72	101	302
380	470	760	476	123	67	96	277
356	449	774	295	90	53	71	249
381	448	765	289	74	50	68	255
388	491	769	327	85	55	72	281
435	623	706	342	84	54	75	284
468	573	654	354	82	52	74	269
503	574	672	383	84	49	75	279
503	603	590	372	88	51	71	293
554	631	671	359	76	47	71	309
528	524	665	325	77	50	66	295
461	537	709	306	78	50	59	287
422	581	750	266	80	50	65	270
388	563	816	320	84	45	63	280
344	549	823	292	81	45	61	236
379	569	824	282	72	41	62	258
397	636	760	268	70	43	67	272
435	597	733	277	72	48	77	363
448	609	707	220	60	51	77	335
418	585	675	227	63	53	73	342
366	529	688	261	72	55	75	345
345	456	730	273	80	62	77	340
282	445	746	297	82	57	61	237
276	443	721	293	89	58	66	283
327	495	704	317	91	56	67	330
361	496	650	288	85	56	66	344
344	446	586	277	80	52	62	365
342	469	602	266	86	60	64	355
346	432	580	267	87	59	59	340
280	350	474	210	78	57	57	315
237	414	594	220	79	55	55	314
264	405	621	220	82	56	59	326
323	367	606	247	73	46	54	365
321	440	618	287	74	47	56	359
336	425	632	298	78	51	62	357
372	353	545	282	76	52	67	345
409	391	616	314	78	48	69	332
385	401	549	290	84	55	76	327
372	367	564	240	74	51	72	317
382	375	611	238	79	50	73	330
357	386	597	253	82	49	70	360
283	358	507	214	74	47	60	342
269	339	536	260	87	50	58	326
274	334	551	274	92	52	59	332
255	339	496	271	88	54	60	333
287	333	544	264	85	55	63	296
297	360	569	269	86	54	67	376
373	359	522	236	62	44	69	447
401	334	468	221	61	46	76	456
413	394	541	244	68	50	78	460
411	416	511	251	73	51	76	465
431	400	489	244	72	55	75	404
366	421	592	224	73	56	71	303
387	454	652	237	73	55	64	285
372	422	666	220	67	47	57	245
372	397	643	199	65	47	57	264
440	368	625	198	67	49	67	280
459	343	576	189	65	47	68	329
431	260	547	178	64	56	84	464
487	229	539	260	88	60	94	472
477	205	547	257	87	63	96	483
450	220	599	291	85	59	89	499
436	290	593	288	86	62	89	478
412	338	551	297	86	62	88	366
387	322	480	237	62	58	80	413
400	332	584	243	64	55	77	382
351	333	533	227	69	58	77	375
375	302	603	229	68	55	76	380
394	237	604	221	65	46	60	362
390	241	585	212	66	47	57	327
431	250	487	217	70	47	68	378
417	248	539	191	69	47	73	346
384	220	497	218	74	50	71	342
394	256	517	208	70	47	69	362
364	248	521	195	67	50	74	337
273	242	515	181	61	50	65	260
292	248	450	200	58	50	71	281
402	254	389	338	86	62	85	293
389	259	324	353	93	64	82	259
371	293	330	355	93	62	78	233
396	306	410	367	92	66	88	289
376	334	484	362	94	67	80	276
259	339	517	260	66	53	67	255
233	314	584	253	65	54	70	262
232	311	649	259	67	53	71	303
205	326	630	280	72	47	62	273
229	335	639	329	85	57	66	295
230	368	606	303	89	60	73	308
223	392	555	291	82	56	71	311
219	375	485	287	84	64	80	323
220	361	463	255	81	65	78	312
196	385	416	197	69	55	73	285
188	364	423	188	64	52	67	268
186	335	481	203	70	52	67	323
224	366	496	247	70	41	58	275
212	364	512	280	82	53	65	290
197	287	542	269	77	53	64	282
285	266	562	268	74	55	67	347
304	320	513	261	72	56	68	308
279	276	496	224	68	56	66	312
277	259	486	183	56	42	60	289
317	286	530	205	61	41	59	312
320	328	532	212	66	40	62	290
323	283	619	225	62	39	66	283
343	289	657	223	58	38	72	348
373	307	717	250	64	40	72	364
351	288	643	249	60	40	75	347
289	229	672	247	55	41	71	348
329	281	699	240	63	44	67	352
360	288	683	245	67	41	60	305
338	275	759	233	64	39	53	318
353	279	824	234	72	47	57	326
349	286	775	227	74	45	60	278
293	221	741	224	72	46	68	347
258	209	760	258	70	45	69	338
264	232	612	248	65	44	75	341
246	255	547	231	58	36	68	334
241	261	652	271	62	37	66	350
246	262	588	271	59	35	60	343
240	284	530	228	57	37	57	363
239	286	525	215	57	43	57	331
221	265	544	248	63	43	60	347
214	284	434	206	57	42	59	323
231	313	430	194	57	41	57	246
215	303	526	196	59	39	55	252
201	295	525	200	56	37	51	284
