0	1	2	3	4	5	6	7
98	561	484	200	143	59	177	58
115	602	556	195	148	63	206	59
120	630	528	209	162	64	205	58
118	590	515	191	151	55	199	68
128	516	493	199	150	55	199	66
123	679	480	200	141	55	202	64
107	699	393	222	132	52	176	66
106	711	342	202	97	54	204	65
106	738	322	173	91	54	192	66
93	746	346	192	84	53	167	66
94	640	312	193	82	56	171	63
84	651	348	186	67	60	206	58
88	617	355	186	62	60	174	61
82	647	452	190	62	57	171	51
87	637	436	158	55	55	168	54
92	675	453	142	51	65	208	55
115	656	463	101	47	60	173	56
158	777	479	99	48	63	175	69
206	760	420	150	51	68	177	92
212	769	394	151	55	71	197	91
207	696	425	152	54	59	144	90
210	677	389	160	57	59	158	92
183	542	347	158	53	54	179	82
155	505	315	103	49	49	183	60
156	509	457	117	47	49	166	58
161	529	416	118	49	61	198	65
151	547	404	109	53	62	202	61
157	654	408	114	52	60	189	64
141	677	457	119	53	61	178	64
162	669	354	122	57	67	258	69
167	698	351	129	58	59	244	65
169	662	347	129	53	56	229	65
188	594	351	132	58	56	252	74
203	566	291	141	57	59	271	78
179	599	280	129	54	48	214	75
206	581	275	121	55	59	257	81
229	587	377	169	68	65	273	83
219	646	430	167	70	68	250	73
207	701	449	161	75	65	230	68
220	666	426	155	72	68	212	67
203	675	458	159	71	63	178	66
222	681	392	113	60	58	178	66
230	665	346	113	62	56	179	69
298	704	326	100	60	57	185	81
319	754	375	100	66	59	183	96
419	761	363	92	68	56	160	120
400	791	354	86	68	56	133	124
416	742	402	85	62	55	122	124
390	649	391	86	71	64	120	121
391	593	350	90	65	58	131	112
297	546	332	90	58	55	138	83
306	538	371	106	61	55	151	78
327	523	337	129	67	58	154	81
310	525	378	138	61	49	164	75
290	532	377	134	62	52	156	71
282	547	363	134	66	52	142	71
266	516	421	119	65	55	143	69
235	544	426	84	61	54	159	66
261	553	415	67	57	53	142	80
257	512	464	69	55	50	131	82
253	493	479	70	53	50	135	81
270	482	395	68	51	46	129	83
253	501	464	79	52	40	104	82
231	547	454	77	51	40	107	70
234	565	413	72	49	40	113	66
234	569	467	81	50	39	99	69
213	579	469	93	50	39	95	62
194	585	381	88	48	41	98	59
171	561	441	89	52	41	98	55
150	593	432	91	53	42	97	54
136	584	367	89	53	43	108	51
133	552	366	88	55	42	112	54
164	544	447	89	53	39	109	59
166	541	386	88	51	38	107	62
169	590	410	103	54	40	99	65
170	650	518	130	52	38	115	70
171	715	537	133	55	42	110	71
131	707	564	150	61	44	117	65
130	698	562	154	65	45	125	63
129	635	605	171	66	43	125	61
134	598	561	173	67	43	107	59
133	568	628	192	71	47	107	59
135	514	563	185	66	51	103	62
136	522	599	191	74	56	98	60
136	536	574	192	88	62	149	66
123	523	560	192	95	65	149	62
124	504	498	184	103	58	147	59
119	530	515	187	103	56	161	60
129	500	479	184	93	51	170	62
142	524	506	172	85	44	129	57
150	489	587	149	81	43	128	53
146	583	555	135	71	46	140	58
146	581	609	153	75	49	120	53
136	642	627	147	78	48	104	57
117	613	638	158	71	46	106	55
110	660	604	201	68	48	165	56
118	579	627	252	71	56	152	60
115	579	610	234	67	56	169	62
117	523	583	246	76	59	188	60
116	503	527	251	76	61	192	60
103	492	439	221	72	68	148	61
97	449	435	162	69	62	150	61
95	487	341	174	76	66	161	61
108	469	335	202	77	73	159	58
111	514	332	209	81	76	158	58
113	484	369	217	103	72	156	64
119	551	383	229	99	94	175	57
137	482	453	225	97	99	170	56
119	565	466	202	93	109	155	59
113	564	486	235	103	107	147	62
110	604	605	275	110	110	151	59
141	553	632	300	144	120	162	66
129	582	570	317	164	168	144	65
129	490	569	312	181	216	147	65
132	477	593	295	193	229	150	62
146	435	493	291	206	238	168	61
104	420	427	265	204	234	187	52
112	407	459	266	208	206	212	59
111	560	503	277	207	148	210	57
118	584	461	273	208	138	213	63
104	624	474	248	195	123	197	68
110	687	553	282	202	115	161	71
104	687	626	285	229	126	122	66
115	623	608	310	230	124	176	68
113	584	639	315	241	137	240	64
115	536	663	344	243	134	248	59
122	522	610	330	242	132	247	54
122	555	574	324	239	117	270	55
108	508	601	323	240	135	244	50
107	483	635	301	223	118	185	55
106	460	601	317	245	132	175	50
98	406	602	324	246	147	164	50
89	452	635	326	224	153	159	45
95	453	598	346	253	160	169	50
94	536	537	348	250	158	170	47
91	559	499	302	216	145	164	50
97	618	502	295	193	129	161	52
105	546	408	322	197	143	134	58
103	623	427	276	152	113	102	55
104	627	408	292	151	117	84	51
116	622	420	285	152	118	86	54
109	579	460	261	156	112	85	54
113	588	477	201	125	77	80	48
118	500	514	217	106	73	77	61
112	484	537	190	95	61	76	60
102	591	541	178	87	55	90	58
117	575	508	168	72	52	107	60
115	596	579	174	67	45	94	60
123	613	588	130	63	48	94	48
124	559	583	119	67	45	96	49
131	479	565	130	65	45	87	43
129	557	629	171	69	55	69	46
132	588	531	165	67	58	68	51
139	646	475	160	64	65	173	53
151	730	470	159	60	69	178	59
148	715	484	156	61	68	178	62
143	696	396	113	57	64	185	63
141	681	436	124	62	63	214	60
124	665	446	128	62	62	165	59
112	603	434	135	61	62	164	54
129	612	431	133	60	63	164	54
132	554	463	129	56	58	157	51
131	530	438	117	49	57	123	52
137	492	409	137	49	49	94	52
147	518	438	133	55	51	116	53
134	537	449	129	56	50	121	50
146	573	445	136	56	52	129	50
142	560	511	133	57	56	123	47
141	545	568	112	55	56	120	51
155	503	546	104	46	52	105	48
157	465	576	111	45	55	99	51
145	436	635	107	45	57	103	52
152	426	601	100	44	53	103	52
147	446	563	105	45	51	101	49
141	501	621	114	51	54	115	50
149	486	614	106	49	51	118	49
166	475	502	102	51	51	147	49
161	543	510	125	53	55	154	48
162	574	499	124	50	53	159	46
153	540	416	123	44	49	143	45
155	566	416	134	54	50	136	51
129	638	453	133	56	54	95	50
128	671	459	127	53	56	113	53
137	619	458	135	56	62	137	54
143	600	471	133	54	63	142	56
128	597	466	139	47	63	147	50
142	606	467	145	46	56	148	48
142	490	402	141	51	53	131	47
130	510	400	123	50	47	101	47
124	523	497	122	54	47	91	45
120	573	551	137	62	49	81	44
109	509	541	128	63	52	71	42
107	512	559	124	60	51	64	39
110	517	611	128	62	56	64	39
93	516	576	133	63	55	62	36
91	423	509	108	66	63	64	39
97	381	552	139	69	60	72	41
90	422	563	139	78	61	80	44
88	398	511	140	79	57	78	45
94	413	468	134	79	57	79	50
88	431	473	160	79	48	84	53
78	428	410	167	84	50	84	53
83	462	373	175	93	49	72	51
78	464	358	197	95	50	71	52
81	421	333	207	101	52	73	56
84	465	301	182	95	51	70	60
84	504	268	160	92	48	67	59
90	442	252	159	83	56	81	60
96	465	216	136	95	58	85	63
90	465	167	149	107	88	154	59
89	458	150	162	110	89	169	53
86	419	154	167	112	102	197	52
83	456	158	163	109	101	192	52
81	479	195	168	104	106	199	58
93	540	228	146	108	90	170	61
100	561	221	146	108	95	160	58
108	585	237	137	108	111	150	58
115	654	285	156	116	115	173	57
114	633	290	154	125	115	170	50
103	587	324	187	110	149	159	45
112	605	448	248	235	208	245	56
112	612	568	326	256	252	443	130
120	625	623	368	277	273	466	143
117	594	626	374	279	279	499	142
117	595	632	379	290	264	529	143
104	532	601	374	239	222	506	143
102	493	511	340	279	178	424	83
97	343	474	350	267	177	402	68
101	429	503	386	316	185	367	69
111	441	491	386	319	195	376	67
116	458	515	374	296	200	385	68
114	459	490	351	246	184	302	75
103	441	505	288	272	165	291	73
96	403	468	224	225	155	284	75
90	376	576	212	225	140	210	72
81	388	500	169	222	144	162	65
74	455	591	211	223	146	154	64
79	556	570	240	197	137	180	58
79	585	604	251	197	137	174	53
74	608	503	241	177	147	168	54
69	598	564	252	176	143	168	56
75	549	484	227	172	140	155	49
89	469	451	217	155	135	124	49
92	403	409	220	136	123	123	51
107	401	413	208	128	109	119	56
113	512	442	195	123	96	160	53
109	560	457	175	112	95	171	54
111	609	481	147	91	98	175	57
113	611	480	112	64	92	182	56
106	658	486	120	65	94	193	58
101	569	414	147	75	95	198	59
100	536	391	147	78	105	185	66
84	495	399	142	77	98	171	67
82	534	431	154	77	95	170	64
73	517	396	150	76	91	170	58
77	502	403	119	68	88	141	58
80	534	394	111	63	79	133	48
81	520	367	115	62	78	132	46
81	527	319	106	64	77	122	54
88	597	297	96	62	76	126	57
85	623	235	89	53	81	121	56
82	640	261	117	51	71	124	55
95	676	227	121	51	72	128	53
90	638	237	112	53	72	140	46
85	505	271	155	60	71	131	41
90	470	322	171	65	68	126	43
91	385	292	153	65	85	164	46
97	319	287	148	65	89	167	45
109	379	301	189	61	94	159	51
116	414	328	188	66	105	151	52
113	427	304	195	64	105	168	54
122	436	322	221	63	88	165	53
109	515	419	221	70	92	165	56
99	478	425	195	74	90	168	54
96	508	398	199	69	81	180	56
94	533	427	222	76	81	162	54
105	540	494	207	80	91	205	67
110	437	479	212	79	95	253	70
114	422	482	217	79	95	292	72
111	518	553	197	80	95	318	71
115	497	526	148	69	92	328	72
96	532	529	176	65	84	307	66
82	536	510	174	62	71	270	67
74	564	488	167	59	67	254	63
69	439	442	190	53	61	216	63
75	446	492	197	58	60	201	60
73	447	401	162	56	56	184	53
81	503	360	158	54	56	225	52
87	547	401	152	52	56	193	56
87	583	366	102	48	56	193	56
73	595	294	101	47	59	188	55
73	570	309	100	46	81	197	51
69	543	340	109	45	84	193	46
64	539	316	137	49	85	199	45
75	549	346	137	49	84	198	51
84	537	352	128	49	84	225	53
93	528	341	136	54	78	212	54
90	567	351	147	55	74	176	51
101	547	338	126	54	74	164	47
100	563	292	124	54	76	232	42
95	532	339	123	53	92	218	41
89	577	441	148	49	86	209	42
89	574	408	137	50	91	203	41
81	538	406	138	50	101	280	42
75	459	424	166	55	120	262	47
79	497	393	179	54	116	287	45
82	425	293	160	58	126	294	44
88	436	379	160	58	140	341	45
86	433	415	160	55	146	292	45
94	481	402	145	58	135	263	44
91	462	391	138	59	141	226	46
90	465	415	138	57	134	252	46
88	399	334	142	58	129	208	47
85	442	279	136	57	118	202	48
98	405	310	130	56	137	212	54
105	412	305	122	57	147	246	57
104	424	260	112	60	179	225	56
103	475	258	99	60	199	216	56
110	461	275	102	61	206	220	56
91	531	217	99	58	218	221	48
79	526	208	101	54	210	196	40
92	550	260	97	48	190	193	47
89	597	314	104	43	190	184	45
92	611	302	100	42	209	192	44
103	580	306	98	37	198	212	52
108	574	326	95	41	191	196	52
96	561	294	96	42	217	189	45
105	556	280	86	42	227	185	49
100	519	359	85	46	212	204	51
99	562	430	102	52	212	163	42
98	568	434	103	54	227	171	43
103	604	465	105	55	223	183	45
108	553	474	105	55	203	198	43
108	561	451	118	52	205	164	39
100	531	387	105	48	194	176	44
107	558	432	104	43	202	197	52
105	544	473	115	44	180	183	53
101	594	458	130	51	166	177	54
115	601	428	136	55	164	171	55
117	556	422	181	75	170	186	55
116	585	458	202	83	176	159	50
116	619	421	209	90	169	156	56
115	559	416	205	86	165	160	58
98	537	406	199	88	154	165	56
101	529	448	155	74	151	131	51
135	477	433	129	64	109	158	52
135	382	411	112	57	100	184	45
130	384	397	98	54	104	175	42
130	472	437	90	46	98	172	41
130	570	405	92	48	93	197	49
95	564	312	79	50	85	180	47
98	610	321	64	44	80	148	49
101	606	429	70	49	74	142	49
103	547	470	87	49	66	143	50
102	469	612	147	54	55	107	48
114	509	635	151	54	49	128	50
111	525	620	153	52	50	140	48
110	629	550	149	48	48	139	50
107	676	500	138	47	49	136	50
110	727	415	83	37	42	162	50
88	695	397	77	41	40	156	49
98	732	392	77	45	42	149	50
96	625	408	77	44	42	147	46
99	602	431	81	45	41	150	47
100	526	355	63	43	40	116	43
134	583	406	62	41	43	121	45
153	484	464	72	45	41	117	48
181	580	468	76	46	42	131	53
186	574	449	73	47	43	128	55
187	624	435	75	49	46	127	56
166	596	418	72	48	44	112	55
158	596	401	71	44	44	164	55
159	538	413	75	48	45	151	61
159	530	402	73	47	44	151	59
184	494	474	72	45	39	157	66
195	446	470	79	47	42	166	68
188	441	443	86	49	41	119	64
178	477	456	80	45	37	134	58
180	496	476	89	47	42	147	58
153	483	409	94	50	44	158	51
147	510	391	96	54	38	148	55
153	580	397	89	60	43	145	65
143	540	386	89	59	42	134	67
145	529	385	83	60	41	147	71
138	517	382	80	55	35	138	67
135	537	547	84	53	41	129	63
136	520	557	81	44	36	132	58
128	517	555	91	48	41	137	59
119	512	626	93	48	41	121	59
126	531	693	155	59	42	115	62
140	537	606	161	62	43	116	58
153	541	618	172	65	48	124	55
162	598	660	173	66	44	117	51
165	624	572	170	63	43	112	49
164	630	556	126	57	46	120	51
151	598	543	118	52	128	129	56
122	612	579	116	53	174	148	62
114	557	572	148	53	209	159	61
111	528	633	177	66	219	170	60
130	506	621	183	69	224	165	59
138	496	613	181	70	193	164	64
138	407	601	187	74	158	170	61
134	465	583	173	77	109	161	59
135	477	589	163	66	104	155	57
131	512	667	212	73	114	185	58
134	599	689	267	91	113	206	53
140	603	646	258	87	148	188	49
143	530	640	254	89	195	201	48
148	618	659	254	96	206	249	49
149	604	569	217	91	212	270	68
140	561	575	165	87	226	259	68
146	617	577	171	116	270	275	74
141	627	590	189	132	268	297	81
138	599	504	193	131	268	268	85
127	589	569	326	143	269	259	74
124	605	521	339	147	304	276	72
117	611	569	342	143	260	263	75
128	666	570	368	139	242	247	77
121	661	600	378	146	264	233	74
110	669	498	294	138	270	198	70
181	632	540	287	135	228	232	143
430	607	556	298	127	221	292	245
482	613	579	274	124	216	308	255
484	606	583	280	120	177	317	256
484	600	616	291	135	177	320	258
469	593	574	273	133	177	339	234
269	570	589	268	125	177	305	125
166	581	584	269	122	172	282	102
164	508	539	239	124	174	286	104
171	514	560	196	114	180	316	98
153	571	627	209	137	204	254	86
143	597	576	200	176	211	235	82
132	609	563	176	179	216	249	80
127	669	598	176	192	240	243	78
136	666	558	164	192	240	211	85
132	617	566	186	179	221	208	75
122	567	589	202	148	221	205	69
123	476	598	189	137	231	209	66
122	424	574	189	116	212	222	62
112	459	589	192	107	195	219	50
115	524	510	157	105	184	228	54
130	565	476	143	103	173	254	74
128	569	457	185	122	172	234	75
144	620	471	185	121	209	214	74
140	599	423	176	125	201	201	76
149	591	437	208	131	198	207	73
147	606	451	208	127	201	186	54
143	614	403	184	117	209	198	59
129	557	398	183	113	171	190	63
