0	1	2	3	4	5	6	7
161	167	622	506	137	71	80	56
176	156	615	517	143	71	66	59
176	173	540	486	165	74	70	61
179	173	477	501	175	74	71	62
182	175	485	507	165	76	91	67
104	168	410	487	160	77	110	52
170	176	373	505	167	78	137	67
200	146	400	516	165	77	135	65
203	130	375	476	152	90	146	68
208	140	384	425	146	89	157	71
222	150	547	557	214	95	144	75
167	155	549	517	206	92	124	70
157	153	510	466	190	89	126	75
159	153	532	455	184	73	119	76
150	142	550	474	185	71	139	83
138	133	453	323	99	61	137	79
139	116	500	295	109	86	132	73
112	107	603	270	105	152	151	71
124	128	733	276	111	156	173	77
141	143	809	297	106	162	141	62
145	165	828	265	132	170	148	67
170	169	844	278	126	250	203	76
184	176	861	286	130	224	195	92
179	160	792	387	144	226	178	92
171	164	808	439	191	229	182	97
174	158	845	479	185	246	194	98
147	171	879	493	186	204	150	91
154	190	870	545	198	205	142	79
149	190	899	559	198	209	134	73
151	215	881	522	161	214	134	69
152	205	852	494	162	239	102	72
152	218	854	552	175	201	82	72
128	213	885	535	214	195	129	80
123	227	825	467	239	200	131	79
127	194	813	563	250	189	121	78
113	225	913	655	259	149	129	75
145	212	932	609	251	166	139	80
145	226	934	618	223	236	135	77
148	228	928	643	197	232	144	78
136	230	891	627	217	234	144	76
140	220	875	699	235	223	140	74
116	263	851	866	261	214	131	70
111	252	764	850	270	130	96	57
111	243	790	874	344	136	104	64
117	261	842	859	330	135	104	70
108	252	761	753	312	122	103	71
93	201	678	638	316	109	100	64
93	181	673	642	312	116	101	66
96	187	662	614	228	123	120	68
90	170	650	682	233	122	122	60
95	160	630	711	233	121	122	57
93	157	664	660	209	122	124	62
99	168	732	673	234	119	124	56
84	153	714	649	269	94	86	42
86	147	653	541	264	85	100	44
80	193	654	579	318	103	119	46
83	201	709	624	356	115	130	46
92	209	682	659	352	116	139	49
100	211	687	652	344	117	138	49
97	217	792	678	356	125	135	47
104	194	796	633	336	115	117	49
107	196	725	605	436	138	106	47
101	184	695	590	450	146	94	50
102	208	698	597	467	147	95	58
100	219	615	641	493	144	108	61
87	243	621	625	495	150	115	60
85	252	634	634	392	130	123	68
77	249	686	583	367	118	125	64
64	229	682	565	345	124	153	61
66	208	603	473	296	126	145	59
70	184	548	454	279	135	158	65
68	169	677	514	268	129	153	58
73	178	618	523	252	130	147	59
74	180	612	534	237	118	115	58
72	179	653	571	234	113	117	57
81	166	697	600	214	88	90	50
80	165	529	486	217	80	86	47
70	144	489	514	234	76	102	47
79	139	481	514	239	76	102	45
81	141	464	444	249	77	114	47
70	134	404	457	279	76	125	45
82	111	415	532	308	92	130	45
82	126	425	531	348	108	126	44
73	127	411	534	344	111	136	40
84	121	433	590	345	107	158	41
93	129	425	534	345	107	150	49
85	138	441	495	321	102	145	50
86	185	496	504	278	84	144	53
94	203	524	516	270	77	145	54
85	201	493	436	284	77	97	50
83	224	548	490	271	81	97	42
93	228	584	492	332	82	95	38
93	196	584	502	343	89	100	35
86	184	598	506	376	102	108	41
93	204	635	594	410	121	116	46
89	180	746	656	439	130	120	51
73	194	785	684	436	132	129	55
70	197	782	692	429	129	119	57
86	209	849	794	475	138	107	58
94	202	933	877	445	128	105	65
93	193	808	830	460	123	100	61
92	166	742	784	431	116	84	60
91	173	706	747	451	111	83	58
81	153	629	663	512	114	110	62
68	142	459	508	542	130	103	54
69	134	464	610	720	146	107	55
67	142	495	661	763	161	110	54
84	120	532	750	875	214	132	60
88	127	497	760	853	218	103	58
97	136	627	754	843	224	103	63
100	146	661	756	724	235	104	64
101	173	650	732	725	233	114	68
93	170	660	663	660	218	112	69
98	217	743	683	620	208	116	69
93	221	672	704	701	199	126	68
91	277	694	623	680	179	122	66
91	296	720	634	656	171	117	63
87	305	716	627	619	147	107	56
77	276	671	599	663	150	106	49
66	299	822	630	562	142	93	43
60	262	787	602	539	133	113	42
64	229	788	622	527	154	112	48
66	223	830	699	515	158	111	50
65	252	806	702	443	162	115	51
63	232	624	656	460	157	111	48
69	222	633	676	442	160	108	48
70	222	589	635	420	142	115	41
70	216	556	553	341	121	111	39
67	180	612	517	305	105	109	38
73	168	586	511	284	118	118	46
67	154	546	456	307	116	120	49
61	147	521	433	274	108	114	48
59	139	460	394	265	105	119	48
59	119	359	396	295	129	126	46
57	109	366	370	297	121	118	42
56	107	377	363	251	114	108	36
57	94	473	400	251	123	136	40
58	107	494	472	359	141	135	43
60	111	498	461	399	124	132	49
61	110	622	596	422	132	138	54
67	136	729	672	435	138	142	54
75	143	697	663	482	135	115	54
81	146	689	626	471	117	108	53
79	195	837	727	493	137	104	51
75	216	748	621	459	122	96	42
75	241	644	546	513	126	87	43
67	243	660	538	469	121	90	43
73	244	659	539	432	123	86	42
75	210	493	466	344	87	85	43
79	216	619	558	357	91	86	48
83	190	641	565	277	82	80	50
87	214	644	572	298	85	88	50
79	215	661	564	289	82	105	50
78	224	645	502	353	103	109	46
73	222	567	418	392	109	109	43
63	208	587	420	403	125	113	41
59	198	628	412	462	124	104	39
59	202	612	435	520	139	93	38
56	187	754	570	635	140	91	37
54	168	748	577	659	149	92	38
57	205	798	737	748	164	91	43
64	220	812	863	787	192	97	52
59	246	891	897	814	211	99	55
70	314	784	886	724	213	90	56
76	314	821	934	703	213	95	56
77	315	810	865	633	200	104	56
68	297	775	748	552	188	117	49
74	275	716	761	454	153	139	46
82	231	731	705	534	183	145	47
79	263	703	666	539	181	143	47
90	310	658	630	489	177	136	45
96	355	658	634	458	161	115	43
95	411	607	545	444	159	91	43
83	421	562	524	292	102	113	40
101	455	589	506	193	82	110	40
96	430	583	479	170	68	107	35
100	446	625	491	168	72	110	37
108	404	677	571	167	74	106	43
108	389	674	553	144	72	66	41
92	322	653	526	135	68	68	41
100	355	654	639	181	81	76	48
102	347	564	621	175	75	74	48
95	352	539	588	174	72	67	46
98	367	558	624	185	75	70	48
100	383	513	613	185	73	67	48
108	344	510	479	133	54	55	48
131	336	526	528	147	62	58	49
139	368	497	516	140	61	57	46
138	347	487	516	138	60	52	50
137	333	494	560	158	66	56	52
125	312	442	556	157	70	94	49
91	298	484	522	146	74	155	57
84	226	551	585	154	76	168	61
83	247	556	593	154	73	177	60
93	238	555	579	142	77	189	67
94	263	604	638	154	76	176	73
92	249	629	629	148	67	128	66
91	269	571	542	137	67	118	67
92	287	591	542	135	69	108	68
86	331	584	582	131	61	86	62
80	350	562	534	118	62	89	53
89	335	555	557	122	62	86	56
84	380	564	561	123	60	79	52
82	369	566	515	113	56	75	50
93	348	627	418	101	54	73	47
94	348	698	471	114	56	62	47
86	340	635	414	105	60	63	41
91	286	728	471	112	65	62	41
87	290	713	465	115	66	54	37
65	287	682	464	117	64	53	34
65	240	619	383	103	59	56	42
85	254	644	413	110	59	56	51
89	239	612	380	104	52	54	51
93	192	637	384	100	51	54	55
103	217	659	385	102	56	63	61
101	216	685	381	96	54	58	55
93	198	695	376	88	48	53	51
89	221	649	314	78	47	50	50
96	250	611	297	74	46	50	48
101	233	754	354	93	54	50	46
106	264	769	378	111	59	53	49
105	276	744	369	112	57	49	45
99	292	737	408	120	59	52	57
98	291	871	514	132	63	54	60
89	312	825	491	119	58	48	62
85	318	796	475	106	52	42	61
83	320	876	501	110	51	45	65
86	293	898	519	118	54	45	56
83	282	831	429	117	53	52	53
75	247	845	435	120	49	52	47
75	231	859	486	134	56	58	45
68	310	788	466	156	58	60	41
64	330	829	464	184	64	66	45
57	329	781	480	238	64	65	46
64	324	819	518	258	79	74	49
68	399	842	548	318	93	81	57
68	366	889	702	375	109	79	54
80	376	838	735	542	117	89	55
92	413	923	773	544	118	106	60
92	454	809	819	553	113	105	61
86	413	788	855	547	102	104	57
95	427	837	843	626	92	114	66
83	408	884	861	509	77	108	62
77	391	886	873	509	82	98	61
70	388	938	857	558	87	130	60
81	369	946	843	553	86	136	61
78	370	898	778	448	84	142	60
80	422	887	746	462	99	139	61
86	403	814	728	476	110	147	61
104	397	824	745	448	119	136	67
104	421	835	821	471	124	132	66
169	462	881	800	464	132	134	61
178	410	863	814	591	156	150	65
186	474	915	840	587	154	147	66
196	503	845	819	553	152	151	59
204	509	880	748	532	152	157	60
160	470	930	855	524	159	172	68
161	516	997	911	345	129	164	68
150	471	945	849	306	119	159	66
132	480	959	808	302	111	139	62
135	463	973	828	289	117	150	71
145	467	892	824	275	99	117	64
145	454	800	781	240	94	108	68
149	497	818	772	217	92	112	67
147	437	786	757	209	85	122	68
137	431	735	655	165	61	104	56
151	404	677	521	135	59	104	57
164	408	683	433	136	61	111	52
161	338	636	427	132	62	129	56
160	332	636	420	130	63	134	64
155	303	577	465	139	68	124	66
122	288	691	506	135	64	127	62
90	264	657	475	113	61	128	59
83	265	633	475	113	67	136	55
72	268	641	572	151	79	126	47
66	292	655	618	162	83	125	44
62	354	542	557	156	90	145	47
59	333	520	578	155	88	141	45
58	337	557	580	155	84	111	45
60	324	556	575	133	75	106	41
60	318	501	543	121	70	117	48
62	311	457	536	117	62	96	42
59	333	450	499	114	62	94	43
58	353	411	494	111	60	95	44
74	364	511	571	132	72	107	55
73	385	650	606	136	72	91	47
69	333	673	600	137	69	80	49
69	298	676	604	136	68	78	52
80	276	698	631	148	75	77	53
62	307	643	481	115	59	61	43
64	276	526	373	98	59	64	44
68	290	478	358	94	64	74	45
71	292	510	359	96	65	72	51
65	294	526	386	92	61	74	54
69	294	507	374	91	62	70	55
67	303	461	350	95	62	71	55
65	288	469	370	98	61	64	61
62	287	541	399	100	62	62	54
55	258	496	350	94	65	58	50
51	218	508	381	98	71	59	50
55	206	626	434	104	76	55	50
56	253	668	426	110	79	51	50
55	255	586	398	112	79	52	50
52	262	615	402	107	79	47	47
55	268	611	369	106	85	48	49
48	276	478	269	87	88	54	49
48	229	445	274	86	88	53	48
50	218	474	340	94	94	53	49
53	238	498	362	104	94	52	48
50	223	519	400	133	83	49	44
52	202	569	403	149	69	43	49
50	197	567	400	150	67	43	47
55	230	597	390	156	57	44	47
53	211	577	360	172	55	42	47
55	247	631	377	192	54	48	49
52	266	635	399	198	57	46	42
52	281	642	407	217	59	47	40
50	260	656	420	218	66	46	41
68	307	698	480	230	66	48	44
84	285	636	606	241	81	48	47
99	269	730	653	238	88	51	53
109	285	741	701	235	94	57	55
110	305	776	738	237	94	61	57
108	376	734	747	215	93	67	57
98	379	761	644	175	83	65	55
117	390	682	594	160	77	65	59
113	394	659	574	150	73	60	55
113	386	609	502	136	67	60	55
116	305	647	514	158	77	64	53
117	308	719	531	200	78	67	54
88	298	733	621	245	79	66	53
92	318	791	675	256	73	67	56
91	319	767	704	252	76	78	55
82	321	828	754	268	76	85	56
85	341	746	768	235	76	84	56
86	383	789	736	221	73	84	50
81	341	790	790	239	77	91	49
78	345	906	810	280	78	92	51
79	355	878	849	277	74	84	52
70	332	862	868	293	71	80	49
67	294	815	899	278	72	81	50
63	333	779	846	256	64	92	50
67	364	636	887	262	64	80	44
65	334	538	819	300	75	79	40
68	356	609	829	331	96	110	49
72	353	595	813	360	110	112	51
70	356	699	785	388	122	107	54
70	310	759	784	375	131	118	56
73	302	847	845	345	129	124	57
81	301	828	823	299	116	103	55
80	353	885	864	285	106	102	56
85	366	832	843	251	94	112	53
101	392	893	968	260	101	104	61
98	427	846	960	262	107	99	59
95	425	852	1098	380	113	96	58
96	381	786	1105	401	120	100	58
97	364	776	1120	408	127	78	55
80	347	651	966	405	112	76	47
81	308	663	893	416	104	102	51
82	281	626	676	318	102	101	48
77	322	674	608	268	97	115	52
71	303	646	603	269	88	137	57
65	287	628	579	270	88	143	55
65	324	621	626	245	83	132	56
59	369	675	690	263	96	164	59
61	327	652	679	288	92	156	56
70	321	648	694	284	94	142	57
77	358	681	806	284	100	139	60
79	366	665	766	273	105	138	58
102	374	643	797	261	92	104	63
109	388	667	892	229	90	95	64
107	404	697	905	219	96	96	63
112	416	759	863	202	92	102	67
127	392	799	910	204	82	99	72
122	363	833	975	226	89	98	70
118	353	808	870	225	90	112	67
114	341	770	836	215	91	139	64
111	312	738	880	214	89	130	58
97	313	707	840	204	89	126	55
91	295	657	738	184	83	127	52
86	302	651	728	182	81	116	54
90	302	680	748	177	70	74	53
86	298	622	669	166	71	84	56
96	278	597	698	170	72	97	57
85	299	575	655	151	72	95	53
88	317	609	656	146	69	99	52
93	295	640	636	149	72	94	53
104	346	696	627	144	75	89	54
91	356	688	590	147	84	87	54
100	339	701	652	161	85	86	54
105	335	755	729	189	94	92	58
102	392	722	717	184	89	90	57
98	374	764	742	191	85	87	53
95	394	758	757	189	79	76	48
84	386	729	678	170	68	73	45
79	390	652	646	143	58	68	39
74	344	786	654	147	60	69	37
64	304	720	651	141	60	67	35
68	284	738	585	125	53	66	35
73	294	791	599	127	56	72	39
72	266	809	587	132	57	66	42
97	277	678	623	137	62	70	42
113	349	715	626	136	64	74	47
121	348	767	785	194	82	78	58
125	352	752	875	236	96	74	63
129	395	726	874	246	100	73	67
134	436	721	864	246	101	76	74
120	378	656	810	241	100	78	71
114	406	653	728	203	90	71	62
130	415	598	637	158	74	66	62
128	383	540	573	129	66	65	54
113	325	577	579	124	65	66	47
122	323	602	600	125	64	68	51
128	288	624	578	133	67	69	53
123	307	659	570	131	67	70	52
122	294	679	646	145	70	85	56
119	320	661	588	135	66	86	52
134	332	687	692	168	77	96	63
133	335	582	679	159	70	101	65
122	307	557	646	155	71	108	68
127	330	606	686	179	83	108	67
131	338	608	757	192	84	105	69
133	348	712	793	189	87	97	68
148	359	716	792	192	91	103	65
159	362	838	849	199	96	101	62
169	353	832	828	177	85	93	66
166	323	829	788	173	84	90	68
146	306	727	625	139	68	81	55
131	275	802	639	140	67	77	58
127	297	725	600	131	58	74	60
105	316	735	559	126	60	69	52
128	336	737	526	114	59	70	58
141	346	926	647	134	74	84	63
133	352	995	642	144	83	83	62
145	346	998	694	155	86	84	67
157	334	1011	672	149	83	81	71
173	316	1039	684	148	79	82	75
168	308	869	613	134	67	72	76
170	307	885	591	110	50	58	74
158	307	956	503	98	48	55	67
148	273	917	478	94	52	58	64
143	347	930	498	97	58	56	60
148	341	957	597	127	64	49	58
152	330	843	641	151	78	58	62
159	352	714	635	146	77	52	63
159	353	691	644	152	75	51	63
131	262	709	615	153	73	50	59
135	308	736	560	159	73	57	62
144	345	717	517	147	66	53	65
134	319	718	521	150	65	56	63
135	336	778	579	162	71	69	66
131	338	706	606	168	72	76	68
118	289	655	542	144	67	70	62
128	283	658	544	145	63	70	66
146	274	668	539	146	64	72	71
149	277	653	483	131	60	63	68
148	286	666	446	121	58	59	64
146	301	671	494	117	58	61	66
129	277	684	495	110	58	58	59
95	268	735	541	109	56	52	50
96	255	748	522	105	55	53	58
97	260	726	521	106	54	48	59
102	320	693	483	114	58	51	61
97	328	705	443	111	59	49	60
104	313	634	383	103	58	50	61
105	314	569	394	103	57	45	53
111	316	619	435	107	55	43	56
108	239	658	439	105	52	42	51
112	261	602	434	106	49	43	53
110	305	616	425	107	50	45	51
101	300	597	409	110	53	49	52
92	287	535	353	102	51	49	47
106	307	490	460	133	63	54	55
103	303	463	544	162	71	60	57
104	292	423	557	171	76	62	60
108	309	563	582	168	73	60	61
121	320	565	660	192	84	63	68
102	341	602	562	166	74	56	59
95	323	614	508	143	66	50	52
103	300	650	523	136	66	49	55
100	273	595	538	144	71	47	53
95	268	630	543	150	70	45	52
110	255	577	563	154	70	43	55
109	273	552	522	148	69	41	54
106	263	522	552	150	69	42	54
103	274	456	529	147	67	42	54
94	263	398	438	111	54	40	48
83	281	444	486	129	59	42	48
83	269	490	523	136	59	43	54
85	312	486	456	129	55	41	54
89	309	504	452	123	53	40	50
94	323	571	614	156	63	49	56
95	289	531	584	141	58	50	57
93	287	519	552	129	53	49	52
86	258	497	569	132	54	50	47
77	280	533	582	136	56	51	49
68	278	451	398	98	44	45	43
63	315	445	379	91	44	43	38
65	325	437	409	96	47	43	40
73	321	484	405	89	46	45	41
87	338	435	414	105	51	47	46
90	329	456	413	108	52	49	46
89	280	448	377	102	51	47	46
90	271	480	399	111	53	54	48
83	282	424	405	123	55	50	47
75	241	428	344	101	48	46	42
81	290	397	334	93	44	48	46
79	295	437	345	98	44	50	45
75	283	479	342	92	43	42	41
70	266	504	298	77	41	42	38
69	262	496	300	82	42	42	40
61	200	550	380	101	47	38	36
61	181	520	388	103	50	43	39
59	248	463	329	95	47	44	38
57	270	442	315	94	49	44	40
62	266	448	332	93	49	45	36
62	281	447	247	79	45	46	35
64	294	433	261	78	46	39	35
70	240	408	270	75	47	42	37
77	207	468	446	115	59	51	43
74	210	477	447	118	58	51	46
73	204	441	474	120	59	50	46
81	195	554	538	130	57	50	46
89	211	581	557	141	62	54	50
83	239	545	442	111	47	44	45
86	248	556	460	113	52	47	45
86	244	554	490	122	55	54	50
75	256	539	476	130	59	55	48
61	244	602	460	122	53	51	44
61	224	596	463	124	56	54	43
58	205	608	466	124	55	51	40
67	198	656	461	117	56	48	41
69	189	603	381	91	54	54	42
68	175	497	365	84	54	52	41
79	178	564	427	99	60	51	43
86	236	526	396	94	62	49	45
78	235	505	320	96	117	50	40
78	218	481	319	101	125	49	40
78	216	599	350	106	129	51	43
69	224	541	253	95	133	51	42
52	163	551	253	94	138	56	41
47	152	497	251	79	95	55	39
51	176	509	265	81	87	51	40
49	188	417	231	92	98	52	39
50	192	463	234	101	88	51	41
54	193	449	291	121	91	48	41
59	187	435	314	126	93	47	41
52	179	423	304	124	93	45	37
58	178	385	301	114	85	48	42
61	154	459	314	106	90	52	42
61	162	612	293	111	90	54	43
57	167	714	276	138	143	55	53
59	187	806	353	166	162	62	54
55	227	858	376	173	167	60	52
49	241	815	356	175	165	58	56
45	234	744	320	178	159	57	55
50	252	704	332	168	114	53	42
55	259	692	327	148	87	52	45
53	273	690	324	156	75	52	46
53	287	687	356	204	75	57	44
51	289	687	382	225	80	59	44
52	275	650	382	238	79	59	48
43	245	602	365	246	77	59	45
49	222	600	477	270	79	58	52
55	212	631	529	246	83	58	51
55	229	670	545	220	78	57	50
54	235	674	641	279	80	68	51
57	237	698	660	345	78	64	51
58	249	674	597	333	72	72	44
53	264	646	589	340	64	67	44
52	276	569	574	408	76	64	44
52	269	587	481	376	73	58	43
55	277	534	434	314	75	63	42
50	265	546	409	335	73	55	40
51	233	579	322	349	78	63	41
51	231	644	415	307	78	77	44
46	245	654	423	294	78	78	41
41	240	661	427	304	74	79	40
42	218	624	426	294	74	84	40
40	210	603	452	267	68	84	34
41	173	559	360	236	65	83	35
45	184	542	366	289	73	81	35
44	186	527	399	341	89	87	34
46	184	525	465	336	88	86	37
44	192	532	466	370	93	82	36
44	202	483	494	364	89	79	35
40	178	459	460	327	79	84	36
41	196	460	466	296	60	75	39
40	191	551	570	405	82	96	37
47	190	545	623	387	86	100	45
47	207	619	625	385	80	101	43
55	209	656	738	384	84	97	44
57	208	658	733	400	84	98	43
58	200	600	622	276	69	76	43
54	196	593	565	257	58	78	35
55	182	539	547	270	57	70	39
47	172	504	440	301	53	70	36
47	146	545	477	254	62	87	34
45	159	508	466	253	52	92	37
46	172	475	509	263	57	96	39
46	177	502	524	268	64	96	35
48	183	493	479	216	66	109	40
43	177	439	414	241	67	101	41
43	193	484	410	260	70	96	40
47	184	484	351	254	67	86	41
44	166	483	346	245	71	91	41
42	170	484	408	250	72	75	37
46	173	461	410	216	69	80	37
44	142	418	447	323	82	86	36
41	130	401	467	331	93	90	33
43	138	325	462	324	87	102	37
44	145	335	413	329	87	108	41
40	167	308	411	326	81	101	39
39	165	368	368	198	64	105	40
35	168	398	341	173	50	109	42
35	153	411	325	177	48	93	38
35	156	362	335	174	53	102	38
36	137	383	333	173	53	108	39
38	134	329	336	178	53	108	42
43	167	332	366	196	55	101	42
42	182	343	365	183	55	104	41
41	171	351	367	168	50	90	39
41	193	344	349	164	50	90	39
38	200	353	365	191	55	76	34
40	176	345	352	165	53	79	41
