0	1	2	3	4	5	6	7
121	192	352	162	102	42	30	77
119	190	391	195	157	50	32	79
109	182	404	182	148	50	30	51
123	185	472	193	148	47	26	57
139	157	462	194	170	51	31	58
174	145	491	217	172	52	31	65
175	131	486	215	135	49	34	59
217	115	478	247	150	53	40	79
226	126	482	260	201	58	43	82
212	114	469	268	212	56	39	82
186	132	415	286	220	62	42	78
204	134	393	309	227	62	39	85
171	156	541	348	249	58	35	78
152	147	532	370	220	57	33	72
155	170	612	410	200	58	34	78
179	159	640	425	199	58	33	88
187	172	675	439	200	65	38	85
178	168	590	394	183	70	37	84
175	179	539	365	204	68	36	85
170	172	579	344	204	68	37	78
137	171	565	304	206	65	35	68
105	178	582	351	202	57	35	65
106	277	595	393	219	54	37	63
97	294	634	401	199	56	38	59
98	317	534	440	209	62	40	63
97	328	649	540	216	72	47	71
82	342	738	480	234	72	43	74
95	271	744	479	208	69	42	73
103	302	757	480	206	67	42	88
104	294	756	442	229	57	41	84
99	294	671	364	218	51	35	79
127	313	634	449	212	52	37	74
150	334	673	515	222	62	35	79
149	301	658	553	221	71	37	65
146	299	714	552	198	73	36	69
144	295	728	626	401	82	39	70
157	282	659	574	392	85	40	76
130	253	580	509	423	86	45	69
125	250	592	476	434	89	44	67
127	229	580	459	436	96	46	64
147	234	577	292	274	87	43	70
125	207	566	297	280	93	43	65
143	235	570	272	257	101	40	66
144	218	515	253	291	96	42	68
148	216	534	507	309	98	48	73
128	198	499	573	307	102	53	66
115	204	505	591	330	94	53	68
80	205	524	623	337	81	54	65
80	248	570	652	306	82	54	69
79	246	568	565	283	78	51	71
120	285	599	602	329	85	50	74
116	292	613	594	372	97	51	73
119	263	642	573	396	106	50	70
121	268	620	563	471	115	49	72
150	268	639	547	477	127	54	68
126	283	619	527	466	119	54	65
127	283	604	551	445	120	58	70
129	300	597	576	453	117	61	73
129	285	607	573	405	122	63	67
94	283	518	540	436	132	63	63
102	271	574	503	417	132	59	66
103	274	588	547	525	149	62	71
104	258	650	511	524	156	64	73
103	238	654	531	507	141	62	75
107	273	668	545	498	120	54	74
109	250	695	565	535	119	55	79
130	266	677	508	432	110	52	70
143	287	627	537	473	130	55	68
141	326	679	608	495	158	63	67
144	304	680	637	584	192	70	67
145	327	725	712	602	208	80	71
123	312	754	704	648	201	75	68
127	368	807	744	616	187	73	69
148	375	793	678	606	168	69	72
140	410	773	628	506	140	67	78
153	430	685	533	463	123	58	65
159	461	681	591	448	154	71	66
141	404	570	583	407	171	76	64
124	400	504	595	425	189	83	62
122	395	535	642	482	197	85	61
89	405	532	677	514	214	90	62
83	362	520	622	456	202	87	66
94	366	583	589	463	183	80	65
121	363	592	570	481	186	76	74
123	328	581	525	473	173	74	77
122	274	536	436	414	148	66	76
120	295	517	524	447	144	67	74
123	290	476	518	450	152	75	80
95	250	487	540	433	132	72	70
93	308	538	655	427	141	75	66
98	292	614	702	441	150	81	66
118	291	722	692	428	152	83	66
109	307	756	666	419	160	78	56
111	343	850	660	476	167	80	59
112	293	853	611	443	168	80	54
117	312	797	546	440	166	76	62
112	287	711	466	453	153	68	65
117	300	689	498	530	175	76	65
118	250	585	504	437	165	72	66
127	244	578	428	426	156	67	63
123	203	597	415	418	145	63	58
119	199	603	438	478	162	66	57
116	190	614	460	390	121	54	59
112	191	600	435	403	119	52	57
119	195	556	465	442	112	49	64
121	258	664	552	444	126	52	60
111	265	655	560	359	108	47	59
117	240	655	598	427	128	50	62
136	292	698	622	419	127	54	65
129	295	763	625	406	150	66	66
124	259	745	544	444	150	67	69
127	262	760	521	412	145	66	73
121	329	819	465	334	139	67	69
96	330	779	451	347	141	67	72
85	417	707	412	326	126	62	68
81	418	709	430	275	121	60	69
97	413	737	450	290	131	67	85
98	392	732	440	365	120	66	88
103	476	737	437	373	120	68	82
100	415	772	478	407	122	66	79
103	446	714	465	464	138	70	81
85	488	661	478	488	155	69	61
108	494	604	576	447	166	78	70
110	410	593	630	472	188	80	67
109	426	615	598	476	186	79	70
109	403	684	604	430	175	74	80
112	365	823	636	426	179	74	82
90	365	817	548	471	191	74	71
90	364	843	534	476	178	71	74
108	364	873	571	504	195	80	74
115	363	850	599	534	203	85	66
123	367	739	557	527	192	86	78
132	399	816	570	488	178	82	77
128	434	817	551	497	173	81	81
114	432	777	543	444	159	76	87
111	447	737	519	412	154	73	82
96	463	749	499	395	141	66	67
99	490	802	512	387	138	62	70
99	437	849	455	307	133	62	66
115	438	891	384	354	136	56	60
106	442	909	377	376	145	59	60
118	493	941	393	388	156	60	59
100	459	860	321	392	151	58	68
118	517	812	335	419	159	63	85
115	505	744	386	356	140	63	90
125	500	790	467	304	119	58	89
122	436	749	471	287	97	56	98
139	457	747	571	323	103	59	92
120	430	748	562	307	86	52	76
116	458	719	570	291	85	50	67
113	471	636	510	282	85	51	74
105	469	739	533	278	85	50	65
84	430	679	444	275	93	51	74
92	421	728	510	279	117	64	75
88	403	856	593	300	119	64	77
84	411	950	624	303	120	66	71
93	413	868	625	295	120	67	70
94	418	927	622	249	103	63	63
87	404	928	596	203	75	50	77
92	461	861	602	189	75	56	81
87	430	772	583	186	73	52	77
89	458	781	569	198	84	54	78
93	449	772	623	204	103	64	76
122	486	712	606	208	107	64	57
169	465	673	497	217	104	57	59
179	511	755	566	271	115	66	65
177	479	899	649	277	121	73	66
177	490	892	645	266	120	75	75
178	492	915	664	263	115	75	88
132	451	921	664	242	121	76	84
123	428	865	595	227	114	73	84
129	432	759	501	232	104	63	81
139	474	692	439	225	91	51	81
124	436	690	423	230	94	48	66
119	480	664	454	234	85	49	64
116	443	631	444	200	79	45	62
118	471	636	530	201	79	49	68
128	439	661	525	200	71	47	60
118	434	670	577	202	74	50	57
117	384	686	552	193	75	46	57
117	436	738	591	180	76	45	54
108	403	758	490	140	69	40	55
78	422	779	508	137	67	41	66
85	430	822	471	144	66	43	67
92	450	910	508	158	71	48	74
118	526	925	506	161	74	51	86
122	541	889	592	173	82	56	84
119	548	871	627	189	92	61	77
114	551	870	639	194	92	59	81
118	579	861	668	203	92	60	83
102	476	829	655	194	91	59	83
109	519	858	672	213	89	56	84
111	463	877	623	230	90	54	88
111	497	863	659	234	91	59	87
102	466	817	621	219	86	54	88
99	468	836	620	226	82	53	82
79	391	829	592	212	79	53	80
73	426	882	604	177	73	54	78
81	384	840	519	153	66	45	78
91	376	808	514	152	68	48	71
90	379	818	553	143	72	50	66
114	416	804	595	140	76	54	75
113	365	755	600	139	69	50	73
108	371	766	615	138	67	50	68
109	370	753	592	148	67	48	65
105	364	734	561	148	64	47	65
85	432	690	429	126	51	43	77
101	462	663	399	133	55	45	79
104	477	749	449	144	58	47	83
97	483	815	497	159	73	59	91
99	495	836	517	194	78	60	87
99	460	836	591	218	89	67	78
107	458	808	620	224	94	68	86
110	472	709	588	219	92	68	83
112	459	698	650	229	92	66	84
112	448	723	704	221	97	69	93
114	400	681	666	215	92	62	89
97	380	725	641	202	87	59	78
100	395	763	646	216	88	60	80
98	414	709	538	188	78	51	68
115	428	652	436	175	77	45	60
128	449	660	423	165	75	43	50
137	498	724	458	177	76	46	51
141	450	745	427	174	77	45	61
143	455	750	440	172	78	47	66
130	445	755	464	164	80	52	75
132	449	807	528	171	81	57	85
133	397	716	491	171	84	57	84
135	373	622	463	155	86	58	74
141	334	623	468	163	89	61	87
146	316	592	434	158	83	58	86
135	282	614	365	149	85	59	80
141	268	598	387	150	85	58	84
135	277	601	449	165	91	58	90
137	299	638	462	164	92	59	77
132	335	603	478	172	93	57	69
143	359	588	502	206	102	61	69
134	360	633	553	236	120	66	70
135	379	703	562	238	122	70	64
129	380	687	543	235	118	66	64
144	348	712	513	237	125	68	71
128	335	647	497	218	120	65	76
123	378	724	436	196	101	57	71
141	379	769	444	190	97	56	73
155	359	734	429	189	102	59	89
157	361	725	420	174	100	57	103
163	425	760	432	170	123	65	108
159	395	677	468	153	123	66	109
137	366	609	460	151	122	64	107
115	391	591	456	147	115	61	96
95	392	630	477	155	108	60	91
83	302	677	438	135	77	51	82
82	292	648	369	117	72	47	78
84	329	634	291	104	67	46	78
78	286	689	312	104	68	46	71
79	324	647	283	90	63	44	49
83	322	631	336	102	69	44	51
83	300	604	348	100	70	47	64
78	300	550	336	89	66	45	63
90	319	708	365	96	73	49	64
92	360	691	364	101	78	56	65
85	372	644	297	86	66	52	59
89	372	654	283	84	63	50	59
111	355	694	286	88	61	49	75
100	357	495	282	88	54	48	76
95	284	564	308	86	48	41	76
98	271	555	322	81	44	39	75
98	279	536	319	81	49	40	65
78	269	486	329	76	46	38	47
103	260	509	318	74	45	37	45
105	262	488	298	72	43	37	42
106	247	440	282	76	43	35	41
104	235	530	309	77	39	34	40
108	274	552	315	81	42	36	42
85	313	551	299	80	43	37	41
84	323	523	291	76	41	37	42
85	359	536	310	78	43	37	46
86	371	467	269	71	41	35	52
75	356	441	275	74	44	36	47
83	352	454	292	71	47	35	49
79	326	441	297	71	47	34	48
75	284	425	266	61	43	34	44
82	305	454	298	71	47	38	42
82	286	443	323	71	45	39	44
76	330	370	394	92	44	39	43
75	330	387	406	100	49	41	43
73	364	380	411	103	54	42	44
63	340	367	425	102	52	40	39
74	340	386	419	107	57	43	40
76	290	411	352	98	55	43	41
80	289	379	321	91	52	41	42
76	243	394	316	88	48	38	40
79	351	458	316	94	49	39	42
69	356	527	307	91	45	34	38
76	326	508	270	78	43	33	39
69	328	528	277	76	41	32	40
74	376	546	294	82	42	34	42
74	315	524	361	93	44	36	46
89	323	454	392	107	47	43	51
82	349	459	408	106	45	40	48
86	343	459	412	108	46	40	46
87	296	440	430	113	49	45	52
81	364	398	392	105	50	46	48
73	407	447	343	89	48	42	47
71	418	450	323	86	47	42	45
72	445	473	345	91	50	44	48
68	446	466	316	84	47	38	40
69	360	441	286	73	44	35	47
65	306	481	305	74	42	30	48
63	290	501	324	80	47	33	50
58	263	480	305	76	47	30	48
56	271	513	354	77	45	30	52
61	281	607	439	105	51	36	54
63	271	555	449	109	56	40	53
77	240	563	465	124	58	40	57
85	254	631	495	147	60	40	56
85	244	648	502	154	68	43	54
84	232	588	412	133	62	38	45
85	241	599	421	142	61	37	53
75	248	604	415	147	60	37	60
76	231	687	397	124	57	39	61
82	235	720	418	132	54	40	66
89	269	750	592	169	63	46	71
116	279	842	747	268	88	70	92
118	264	881	804	277	94	72	88
122	301	796	883	288	97	73	94
128	311	798	884	312	99	75	94
125	364	867	787	299	95	72	91
106	391	830	662	216	77	53	65
104	432	846	621	214	68	50	60
97	449	852	557	279	69	51	54
88	463	840	573	289	70	46	51
86	429	831	618	287	72	47	53
76	448	787	689	292	75	44	51
77	422	836	696	295	83	45	51
74	455	826	695	246	83	42	46
76	434	924	763	216	88	49	51
77	411	863	755	219	92	51	51
85	394	884	664	211	84	52	55
93	401	818	689	319	94	56	62
101	404	865	666	336	97	60	62
96	437	740	582	334	90	56	58
95	454	726	610	349	90	55	54
94	473	766	614	384	92	54	51
87	502	725	586	310	80	53	46
81	466	683	593	296	84	54	48
90	433	674	594	292	84	53	48
97	422	768	644	304	106	66	55
96	380	686	654	279	106	68	56
93	332	652	654	270	106	67	59
92	319	587	626	249	94	64	62
85	341	638	676	256	101	71	67
87	401	572	598	216	77	60	65
96	418	612	592	230	76	58	67
96	412	612	538	268	86	57	61
102	377	628	549	308	98	57	57
108	361	592	510	315	103	54	60
103	339	561	565	377	123	60	64
89	286	515	550	386	134	66	61
88	293	555	568	375	132	67	71
94	318	598	644	392	133	68	73
83	358	619	630	402	128	65	70
84	316	629	538	361	108	58	64
85	333	690	543	328	94	51	66
87	320	671	551	303	92	49	57
87	287	696	464	232	83	50	58
86	226	644	395	206	79	46	52
84	223	658	425	185	82	46	58
84	181	636	435	238	104	49	60
82	168	663	421	241	98	49	60
66	168	611	451	248	96	45	58
67	198	675	501	244	103	50	57
67	170	639	516	235	101	48	51
65	181	602	516	182	83	48	48
64	192	588	516	168	86	47	46
76	220	547	452	167	85	47	54
86	211	582	432	184	76	45	59
91	221	721	485	192	85	57	60
92	239	721	491	208	87	57	65
88	261	706	511	268	98	59	64
80	269	761	564	271	100	62	60
90	265	672	529	249	103	66	59
84	259	482	437	246	97	58	57
82	240	444	405	223	88	54	52
91	212	511	507	158	77	59	56
93	206	534	599	158	74	59	55
71	192	577	607	151	64	51	52
70	198	618	612	153	56	49	51
75	205	628	621	153	60	50	51
72	223	638	560	154	65	45	49
65	185	606	476	142	63	37	42
72	195	616	493	146	64	43	47
70	221	616	516	150	73	47	46
72	251	624	568	158	74	52	50
66	265	570	527	141	63	47	48
68	283	520	476	128	62	48	50
62	266	499	459	132	68	47	46
63	268	460	563	150	69	42	49
58	240	420	523	145	66	38	46
52	224	406	523	140	66	37	44
53	213	423	580	153	70	39	42
55	219	401	622	161	72	41	43
51	191	394	512	131	62	40	43
48	196	413	487	125	61	37	44
52	187	436	527	146	68	43	53
55	199	461	473	135	64	42	52
49	228	439	404	117	53	36	47
49	223	410	381	114	50	37	43
52	214	384	366	118	54	37	42
53	226	404	315	91	46	29	31
45	224	372	348	97	44	30	32
47	197	380	346	91	45	30	31
51	202	390	394	99	46	30	38
48	228	446	401	96	42	29	37
47	206	397	373	94	45	32	40
48	225	412	324	85	45	31	43
52	222	401	336	86	42	33	46
47	211	397	299	81	43	32	41
52	197	349	303	81	43	30	40
53	242	335	297	84	41	31	38
54	240	292	299	81	42	29	34
48	251	280	274	81	43	29	34
53	257	324	278	77	43	30	37
55	278	341	289	79	44	33	38
58	286	378	433	104	48	34	40
74	277	387	462	128	57	41	42
86	278	382	474	130	58	43	40
89	296	362	465	131	58	43	43
92	278	394	484	136	57	44	46
87	243	387	418	126	56	45	47
73	243	390	370	105	51	41	45
65	235	409	360	102	50	40	44
57	232	407	357	98	47	38	45
51	223	372	325	91	50	37	44
54	208	390	291	80	44	35	49
58	214	448	303	76	40	33	50
67	209	458	297	81	44	34	52
76	287	481	350	96	46	35	48
72	285	474	354	99	46	35	46
71	292	434	326	94	46	32	45
75	306	411	382	108	47	37	45
74	333	419	413	113	49	41	45
72	322	503	415	117	51	43	47
76	345	558	423	118	50	44	47
75	389	579	445	118	50	45	41
77	436	581	415	116	51	45	49
68	452	585	401	112	46	40	47
65	456	565	395	102	44	36	46
60	460	513	372	91	41	34	44
62	424	505	347	90	44	37	47
54	382	559	323	83	40	35	39
55	355	549	291	70	42	34	39
49	365	556	254	67	45	34	41
59	374	647	282	80	52	35	44
65	384	718	291	85	52	39	43
65	378	687	311	85	54	39	41
76	376	764	364	93	54	40	45
81	359	746	345	89	51	41	43
75	332	675	319	83	47	39	43
70	321	596	298	75	44	32	41
67	316	657	265	67	41	31	39
57	314	621	232	74	39	28	39
58	264	575	266	82	38	30	41
58	270	560	275	83	33	29	44
56	321	632	276	84	34	29	42
60	319	560	309	94	37	31	46
58	316	509	283	80	34	31	43
53	319	549	263	78	37	29	39
55	306	548	273	81	38	30	39
54	266	466	300	88	39	31	42
49	255	444	275	79	37	28	37
62	277	473	286	83	38	28	40
63	276	407	272	76	35	31	39
62	273	408	278	74	35	29	35
63	259	397	262	66	32	28	45
64	250	382	290	69	32	27	45
52	250	347	277	73	35	26	42
50	245	370	280	72	35	22	43
46	236	374	252	65	33	24	44
49	242	420	239	64	33	25	35
54	273	421	211	66	32	29	38
52	250	389	197	58	31	30	38
49	233	379	195	59	29	30	36
52	274	405	197	62	33	29	40
46	278	400	192	66	34	29	40
61	239	474	212	76	40	33	41
65	238	465	225	84	43	33	43
69	253	455	221	85	44	34	50
66	206	432	227	86	42	32	50
69	205	431	240	84	41	34	50
54	249	345	206	71	36	28	54
50	233	345	195	62	29	27	53
44	219	347	186	62	34	28	46
48	220	391	201	63	37	30	43
56	199	359	216	70	38	28	57
57	186	365	215	78	43	31	57
62	190	407	265	89	47	34	64
68	188	412	333	105	55	38	72
116	189	382	338	104	54	37	75
122	183	388	343	108	58	38	66
120	149	374	371	145	56	35	62
122	199	379	376	142	62	33	63
125	211	435	379	147	59	33	67
80	207	501	379	169	64	35	65
67	213	494	384	171	65	35	65
67	201	505	380	148	64	35	66
82	155	494	355	253	62	39	57
96	125	449	350	282	72	38	44
97	132	376	379	288	70	38	39
95	125	398	405	346	80	42	41
110	125	388	400	353	83	43	38
94	106	390	419	291	81	40	40
76	115	444	381	290	69	37	42
84	115	458	352	339	74	36	42
90	129	547	395	286	62	36	46
78	123	562	391	302	63	38	48
89	141	546	391	307	67	39	51
88	156	493	412	321	70	40	56
91	156	472	459	266	65	39	59
85	159	382	414	289	70	37	57
82	186	355	412	278	66	36	59
72	202	465	475	359	88	44	61
79	184	542	473	341	96	44	56
66	190	578	501	343	99	46	56
68	210	578	490	338	94	47	54
67	207	583	517	358	95	46	51
67	192	510	434	291	75	42	46
57	192	502	439	271	67	43	47
59	217	510	420	272	62	41	48
60	184	485	438	261	66	39	48
60	162	472	417	239	74	41	53
70	182	463	457	226	76	40	55
80	195	397	442	262	77	41	56
80	186	409	370	241	78	43	58
86	207	428	358	236	75	43	59
86	223	443	366	212	76	42	58
77	235	455	336	206	75	39	54
71	244	443	339	155	72	38	50
82	233	442	461	184	71	39	55
82	228	413	442	174	71	41	52
78	239	383	425	169	62	42	47
76	203	411	413	152	55	41	46
72	186	426	429	153	53	41	49
65	183	369	291	121	53	38	38
54	193	375	318	123	52	38	40
58	191	387	312	118	54	39	49
58	212	327	347	120	54	38	50
57	211	345	326	103	50	34	49
46	204	319	328	99	48	34	49
48	234	306	313	83	46	32	47
46	222	327	324	79	38	28	39
46	228	331	298	82	41	31	43
46	231	280	284	77	42	33	41
46	242	322	287	78	45	33	41
48	216	356	291	86	47	32	41
49	211	418	310	91	47	33	41
49	231	460	313	107	46	32	36
54	223	486	393	141	49	34	40
53	211	465	408	165	47	35	36
52	205	466	456	172	52	39	44
48	207	409	468	169	55	39	42
48	188	401	473	178	57	41	45
48	192	474	541	195	58	40	54
63	212	509	558	216	66	41	58
59	210	503	532	267	68	39	55
60	238	516	530	279	73	42	57
66	215	517	560	290	80	44	58
80	219	450	448	309	80	44	48
74	213	463	425	299	76	42	43
79	204	448	409	249	70	40	50
79	169	455	385	240	65	37	50
78	194	437	379	240	58	33	52
66	242	446	395	218	71	37	53
92	247	462	519	243	82	43	58
88	277	484	510	279	86	44	55
89	272	448	515	313	95	44	51
87	294	451	478	301	97	45	51
86	261	464	544	326	96	46	57
54	261	423	437	346	93	45	53
78	226	390	445	326	92	45	57
77	228	409	447	306	82	46	59
78	195	426	463	303	80	45	59
76	202	398	356	255	72	41	57
75	183	392	351	184	63	39	58
79	199	460	350	234	66	38	53
81	208	467	362	288	66	36	52
81	197	464	398	289	75	38	54
85	207	516	475	293	77	41	50
89	220	512	489	297	78	42	48
63	207	469	490	268	79	43	46
74	215	476	500	194	78	43	49
71	219	455	454	203	69	40	41
64	199	443	397	193	66	36	42
57	208	437	370	181	62	34	41
61	217	423	344	148	55	34	39
50	196	413	280	133	55	36	41
49	205	459	274	96	50	35	40
51	211	407	235	80	44	34	40
56	200	399	243	91	54	40	38
54	206	397	252	97	54	38	43
47	212	381	291	109	56	39	40
48	189	337	294	105	55	39	40
56	200	350	396	138	62	44	40
52	196	330	373	125	52	40	40
55	183	329	365	121	50	38	35
55	171	355	358	109	47	36	34
54	239	350	362	124	50	40	37
49	250	309	230	93	42	37	40
47	249	300	233	92	41	35	41
38	241	286	239	93	40	34	42
41	260	247	256	104	43	37	44
45	227	238	287	99	43	32	44
38	190	250	308	100	46	32	41
40	184	257	308	101	48	34	39
41	187	240	307	103	49	34	40
40	165	254	263	92	47	32	40
36	127	310	227	84	47	33	39
39	123	313	218	75	43	31	39
49	120	404	308	93	49	33	42
50	117	414	315	101	49	34	46
54	134	412	318	110	48	34	42
54	141	411	318	123	50	36	41
51	147	418	326	129	51	40	43
40	177	339	259	125	48	38	40
40	178	365	264	124	50	39	37
45	182	402	312	149	58	44	40
46	173	356	311	155	57	41	39
51	174	358	304	168	58	38	36
53	150	369	326	177	57	38	37
57	154	364	374	178	61	40	37
51	132	363	370	162	60	35	35
49	176	356	387	160	64	39	35
45	176	373	377	153	62	37	33
45	199	393	377	151	62	36	38
45	203	389	376	159	65	38	37
41	223	347	379	157	62	41	36
44	199	382	397	184	53	38	40
54	207	361	427	175	57	40	42
52	188	324	411	181	58	42	36
50	182	308	377	183	54	39	36
53	167	385	348	202	58	37	37
52	193	376	295	179	60	39	34
44	170	385	251	181	59	38	34
48	165	385	221	185	54	37	40
44	165	386	186	191	50	36	38
47	188	321	236	182	50	38	41
46	153	286	264	171	49	35	47
49	156	278	280	196	51	33	46
49	156	278	280	196	51	33	46
