0	1	2	3	4	5	6	7
62	165	299	298	85	38	37	66
65	175	348	314	86	37	38	71
64	210	378	329	90	38	38	67
73	210	394	328	93	46	40	75
70	193	397	375	98	49	39	82
104	194	481	538	135	55	43	111
108	194	533	616	147	67	77	120
111	164	543	597	144	68	79	125
112	208	650	737	185	72	85	127
132	214	668	768	187	72	86	124
128	202	615	661	166	68	84	111
131	197	626	608	160	58	55	105
134	186	638	645	168	60	52	108
139	140	591	543	153	55	44	103
123	118	587	468	156	54	43	98
102	129	600	545	170	61	44	82
94	134	555	596	180	67	47	76
85	146	549	590	176	65	48	72
68	133	555	555	168	65	45	81
65	129	535	560	171	66	44	111
69	127	545	597	179	65	47	114
80	124	597	556	170	61	44	121
85	139	661	548	165	60	44	123
90	152	653	547	148	54	47	123
89	166	733	589	141	59	54	97
86	169	749	525	121	57	52	90
82	178	683	529	120	56	52	83
93	367	624	553	139	62	53	80
101	402	567	578	151	64	50	67
111	455	485	582	166	66	50	72
121	538	433	533	155	185	51	73
122	570	428	525	161	196	51	67
118	503	432	617	192	208	56	65
139	607	430	580	189	217	64	77
140	601	407	532	181	234	66	77
136	560	393	530	184	328	71	257
163	659	425	490	174	339	91	316
161	705	415	276	119	338	91	340
149	618	421	221	102	338	87	345
152	636	588	191	89	330	85	358
175	697	590	145	68	162	87	348
216	754	643	117	62	122	82	416
221	767	656	103	59	104	89	424
220	788	668	100	56	106	105	444
219	773	615	105	54	90	118	512
237	769	714	131	68	90	115	517
189	638	730	141	70	87	104	443
202	643	874	162	78	81	139	422
211	651	928	183	83	57	144	412
219	672	965	204	96	57	135	316
189	609	953	191	91	58	135	266
178	607	937	198	95	56	137	251
167	522	865	200	90	56	95	245
143	472	824	191	90	52	65	221
122	406	736	188	85	48	58	214
100	375	714	234	95	42	50	131
91	294	645	231	92	42	43	105
61	249	540	265	107	42	37	93
56	194	535	308	137	58	44	78
65	163	583	480	165	69	49	66
89	144	519	512	208	75	55	64
100	127	636	539	225	80	55	61
112	94	618	572	236	86	58	74
129	94	625	599	223	77	54	72
126	82	572	475	209	67	48	72
114	65	550	420	162	57	41	82
130	60	404	388	138	51	37	86
134	62	390	354	123	44	36	80
118	51	278	299	120	40	33	77
115	49	179	283	103	41	32	76
111	45	151	284	122	42	30	58
86	44	149	279	124	41	31	60
64	38	194	223	105	36	23	67
62	37	191	167	100	39	27	69
63	33	191	172	108	37	25	70
61	33	196	168	81	38	24	66
54	32	203	157	86	37	24	59
58	31	163	167	94	37	24	43
83	34	189	203	100	37	21	38
83	34	196	198	95	38	23	34
79	33	191	194	95	38	25	33
81	33	179	201	85	38	26	32
77	33	173	194	102	42	28	28
47	31	150	169	109	40	27	31
67	33	159	163	106	38	27	30
69	37	185	165	110	41	30	39
69	40	188	160	111	42	32	40
67	38	192	129	103	41	32	40
67	38	195	145	89	41	32	40
44	40	198	154	93	44	32	40
42	37	175	153	88	39	29	31
41	36	168	168	90	39	27	31
38	35	158	197	103	39	27	30
36	33	134	169	103	39	26	28
33	29	115	162	98	37	26	26
47	32	121	173	101	40	25	28
43	29	126	153	106	39	25	24
45	31	133	155	96	35	26	25
50	30	135	163	93	35	25	25
50	31	125	166	98	34	26	29
37	28	122	163	97	29	26	27
43	30	124	188	91	30	27	28
43	36	136	221	95	36	27	28
37	39	128	237	99	42	34	30
36	38	130	237	101	42	34	29
37	41	129	242	107	44	35	30
30	42	119	232	103	44	35	30
32	36	91	177	96	39	32	30
33	34	92	153	100	34	26	27
51	32	87	150	90	29	26	24
51	29	87	142	87	28	25	22
52	28	89	156	95	27	24	20
50	28	94	171	88	32	26	20
49	26	89	161	78	33	25	21
32	27	87	154	110	34	23	23
29	27	79	149	111	33	26	24
27	27	104	180	111	34	25	24
26	28	92	171	108	32	23	24
27	30	94	170	107	34	27	24
23	34	96	171	101	34	27	22
25	36	96	172	102	35	23	22
24	35	76	118	96	33	27	22
23	35	75	112	94	32	28	24
23	35	73	114	93	30	24	23
24	29	75	111	77	34	26	23
23	27	95	109	78	34	28	24
23	26	86	103	82	34	23	23
24	24	91	98	85	37	26	20
24	24	91	91	88	34	27	20
23	25	89	87	87	32	27	23
22	25	88	97	80	31	26	23
22	25	86	92	80	30	28	25
21	25	89	101	80	25	27	25
21	24	90	101	90	28	26	28
21	23	96	113	82	29	30	30
22	25	103	109	80	29	31	29
22	23	103	109	76	31	29	28
24	23	97	96	72	33	27	27
23	24	94	99	59	34	27	25
