0	1	2	3	4	5	6	7
81	480	250	164	62	138	41	111
76	465	255	152	57	145	39	96
85	456	312	161	56	150	41	100
88	409	308	170	52	115	42	100
92	462	320	143	42	113	42	115
92	387	370	134	39	117	38	104
96	387	370	133	43	111	40	106
95	363	340	121	42	124	38	104
102	388	374	109	48	128	37	116
102	362	366	112	51	157	37	97
94	449	346	99	49	158	40	85
94	457	351	97	48	164	39	80
98	451	393	85	51	165	39	92
89	500	364	87	51	160	36	89
83	480	362	162	61	142	39	86
83	392	316	176	62	154	38	89
101	438	306	176	61	172	36	93
102	486	235	178	61	185	37	95
108	459	279	179	56	190	40	86
108	517	315	123	47	183	38	87
129	518	322	125	52	173	39	92
114	536	339	128	55	171	41	89
106	543	358	130	64	149	41	76
113	527	308	122	66	163	45	84
111	471	268	124	69	161	46	98
95	522	275	125	73	164	46	89
110	449	251	133	77	153	48	97
109	387	203	137	71	151	49	94
97	395	217	140	75	142	43	86
110	437	321	149	71	141	43	83
108	401	345	142	66	151	43	92
105	427	354	137	64	148	37	85
117	427	393	141	65	151	38	92
123	402	430	146	63	149	38	97
110	404	394	146	63	159	34	83
114	465	385	144	64	161	33	74
113	456	393	151	60	151	35	77
105	484	359	149	66	154	33	101
102	513	326	151	63	178	33	96
105	483	290	156	65	197	36	95
99	399	313	152	62	189	39	100
104	403	292	155	71	195	38	98
98	374	309	155	66	209	41	68
98	346	286	148	65	182	40	69
100	368	345	173	66	160	38	74
95	364	351	175	70	186	36	71
85	389	349	168	66	232	39	77
89	456	353	175	70	218	36	79
111	436	377	175	71	219	37	81
113	442	323	140	67	212	39	76
113	463	316	140	67	193	45	87
114	442	351	144	62	134	42	90
147	443	364	132	57	121	43	90
130	446	354	124	57	116	42	88
124	447	381	116	61	129	39	89
132	447	359	116	55	142	32	82
131	445	322	109	60	154	37	78
115	464	286	117	63	156	38	76
118	472	263	125	71	172	40	82
119	486	252	133	70	175	42	86
110	474	233	125	71	168	43	83
128	505	282	127	67	151	41	84
112	439	385	172	67	141	41	83
123	465	396	185	66	126	41	80
126	425	390	182	68	151	42	80
146	466	399	199	71	143	44	83
126	473	361	218	81	145	42	78
120	464	300	209	78	151	42	81
108	453	289	209	74	166	43	81
115	451	267	209	75	140	43	78
127	422	274	212	69	139	39	74
133	388	313	199	60	155	38	90
136	404	299	181	59	171	39	90
135	401	374	167	56	164	36	90
124	487	387	164	52	157	38	89
94	487	399	157	56	166	41	94
87	464	377	154	63	148	42	100
83	460	359	142	67	144	42	114
88	424	304	141	69	132	41	124
94	317	292	143	67	127	39	128
87	359	267	134	65	122	39	126
91	370	255	147	62	160	50	122
103	391	332	146	56	172	49	110
96	428	336	156	52	170	51	94
87	419	331	157	54	179	52	94
96	397	330	152	55	185	52	100
97	436	340	130	47	164	41	96
89	405	265	121	52	154	47	99
86	439	256	117	57	158	48	99
86	440	315	118	59	147	50	101
75	496	370	119	57	138	48	91
66	451	403	116	57	142	48	90
58	448	410	125	50	123	40	83
59	391	443	124	45	122	41	91
59	392	403	117	49	195	39	91
54	377	397	111	46	194	38	96
67	423	362	111	47	202	38	90
70	444	355	104	51	206	37	87
76	551	358	90	52	211	38	100
79	590	361	127	50	158	38	103
80	555	297	135	55	159	38	96
72	522	301	131	53	131	38	98
79	518	300	133	52	132	39	97
70	437	262	152	48	123	37	86
69	391	264	136	48	108	37	77
73	437	308	125	41	103	36	87
75	440	322	129	42	123	38	86
63	469	323	130	43	148	38	89
70	428	299	128	53	152	35	83
67	421	314	127	63	157	35	84
61	349	302	138	71	199	36	74
61	392	298	134	70	199	34	74
62	376	296	137	75	180	31	85
62	369	324	123	72	182	32	81
71	430	321	113	59	193	32	80
70	418	302	104	53	167	34	89
85	415	309	106	54	151	34	93
