0	1	2	3	4	5	6	7
94	400	272	79	44	30	29	36
101	398	249	79	46	32	32	39
100	390	235	87	54	36	33	41
99	349	242	84	51	34	31	39
88	271	337	80	49	35	31	38
75	286	333	72	48	32	30	37
79	315	331	81	54	33	31	39
78	310	347	71	46	30	29	38
76	319	357	78	48	31	29	38
79	314	395	82	51	31	28	34
89	472	427	92	54	31	34	69
102	503	431	89	50	30	32	94
115	503	465	93	52	33	40	140
116	505	467	91	50	33	43	146
119	519	389	114	57	33	42	150
114	397	374	235	70	35	41	141
100	404	390	295	92	41	45	126
85	403	412	306	97	42	42	74
82	389	415	412	115	48	42	65
75	384	405	436	111	47	42	59
73	369	402	452	124	51	50	57
176	356	408	514	129	50	51	63
196	364	336	541	135	52	53	72
199	357	375	480	124	50	54	72
201	307	486	482	127	49	71	100
247	301	590	531	117	50	76	131
206	216	609	518	121	49	74	149
211	185	664	529	127	50	83	165
310	228	745	614	139	55	84	217
387	245	764	638	149	61	77	241
371	255	802	671	159	59	76	251
432	255	855	664	157	59	82	263
454	294	863	766	194	68	78	272
431	346	873	784	201	67	83	263
435	343	817	817	208	71	81	272
439	355	862	842	224	78	90	263
461	362	824	835	223	78	91	253
483	344	793	803	212	76	91	246
570	270	754	783	224	80	88	274
578	253	820	810	240	87	104	278
586	208	734	704	218	81	91	278
591	198	744	753	240	86	87	278
565	235	817	819	260	91	83	266
502	288	859	817	255	93	86	229
526	362	812	816	257	93	67	195
536	370	814	859	274	101	73	239
482	360	851	858	270	100	72	236
582	351	844	804	252	95	79	244
578	325	810	896	273	97	83	233
545	249	803	916	268	93	84	231
557	257	878	1032	283	99	94	184
570	292	907	1031	277	98	94	181
484	301	843	1020	267	96	87	182
445	277	836	961	250	93	81	173
413	291	845	896	233	86	81	155
394	276	703	751	198	71	78	167
386	308	675	726	188	71	87	226
385	278	697	794	226	93	106	254
376	279	653	753	212	88	108	287
355	305	675	807	222	92	104	322
343	326	704	808	219	92	100	358
470	279	660	794	216	93	102	342
463	282	685	712	183	72	83	321
492	289	685	791	206	82	92	315
521	285	718	763	218	84	106	284
520	255	767	824	233	89	102	223
394	249	773	857	244	89	93	208
402	256	752	848	247	90	96	207
468	268	728	834	246	86	92	196
501	298	729	929	271	94	79	207
589	381	641	881	265	93	80	222
596	384	704	931	281	102	87	212
608	379	699	900	271	103	95	232
537	385	799	849	264	109	98	225
544	344	795	744	239	104	99	215
454	256	858	724	236	102	96	202
426	236	803	595	207	90	90	206
406	242	801	622	207	85	81	172
407	212	786	666	217	80	69	155
381	210	764	747	235	86	77	169
378	220	710	746	236	88	79	185
381	262	669	861	255	96	82	193
357	253	684	915	288	113	95	203
356	255	665	901	274	108	92	200
310	238	642	790	240	97	83	184
316	222	689	772	230	92	78	189
333	210	705	701	222	87	73	192
327	203	671	676	193	66	58	203
323	252	625	681	196	67	61	219
307	249	638	744	206	65	58	224
307	259	619	759	221	73	64	209
310	263	630	752	241	73	66	200
310	272	635	752	242	71	58	179
295	222	613	707	235	71	56	163
273	230	559	650	233	73	58	153
282	217	509	663	226	67	51	138
314	185	514	651	193	66	51	130
312	168	616	620	191	69	55	144
316	161	655	636	195	69	53	139
318	138	644	624	184	63	52	153
288	141	730	623	182	63	55	167
