0	1	2	3	4	5	6	7
143	220	364	326	122	47	41	87
151	364	392	288	112	46	38	97
163	376	457	295	111	45	37	111
165	380	449	283	107	43	37	119
157	366	463	287	110	44	37	106
151	348	445	256	104	40	34	115
147	196	461	268	105	33	34	123
127	171	394	246	97	35	34	111
130	165	411	277	107	36	35	101
129	182	429	296	95	33	33	108
120	202	423	296	93	36	33	97
104	198	388	286	92	37	34	79
104	255	410	301	97	38	37	80
124	283	395	282	86	37	34	90
130	286	423	259	96	40	36	82
135	267	439	287	101	43	39	81
128	269	451	294	104	45	35	76
126	237	461	310	113	45	32	96
107	252	440	300	112	44	35	88
98	248	453	312	125	47	35	89
90	243	466	292	128	48	34	94
83	244	497	281	125	47	36	96
117	243	479	284	119	50	39	83
113	192	470	286	118	49	37	81
119	183	419	279	99	46	35	83
130	179	437	290	104	44	34	75
131	247	418	312	106	45	34	78
115	248	412	275	100	41	31	79
117	275	415	332	110	47	34	80
107	276	433	364	121	48	35	80
93	286	443	399	129	48	34	79
110	265	445	388	127	48	36	83
103	251	455	399	130	48	35	95
125	240	461	351	121	42	32	94
134	237	420	305	108	38	36	110
137	250	360	296	89	41	38	122
125	224	376	319	102	43	39	121
153	244	386	367	108	49	45	114
144	215	360	377	112	51	47	129
144	215	394	444	116	56	46	129
147	193	407	410	110	53	45	121
150	248	355	416	105	51	42	117
143	251	301	385	100	45	37	118
134	266	343	387	108	48	35	108
125	269	316	314	115	43	33	96
117	261	288	342	128	43	31	95
131	236	350	322	129	44	33	98
125	220	362	308	126	43	34	100
136	230	332	281	120	40	34	109
135	225	410	381	127	45	37	108
141	235	416	377	133	48	37	111
126	197	373	380	125	46	34	109
117	178	398	381	127	45	34	99
117	147	415	431	137	50	37	84
119	177	424	357	116	45	33	88
117	167	436	327	100	41	33	87
118	177	476	371	123	44	34	90
115	198	514	378	121	47	35	94
104	195	546	383	121	46	35	93
108	208	610	426	134	49	37	91
117	219	611	498	141	51	40	97
115	215	596	464	131	55	42	104
102	223	547	461	138	56	41	107
104	259	527	447	133	55	38	118
102	253	386	403	133	53	37	114
88	253	393	323	131	58	38	119
91	293	412	336	123	53	36	117
95	285	430	359	123	52	35	110
99	308	435	338	115	49	35	98
96	307	414	350	108	47	33	100
105	320	408	372	105	41	31	90
103	306	360	362	104	39	33	80
109	304	363	320	91	35	31	79
107	279	327	312	96	35	31	77
112	257	333	300	90	35	33	75
106	246	388	270	81	36	33	63
108	269	385	231	73	37	34	68
109	276	379	264	82	37	35	76
110	252	389	285	86	38	37	82
101	274	383	306	85	37	37	94
100	278	316	296	80	34	36	114
112	240	379	305	80	33	38	113
105	232	413	277	90	34	36	110
116	237	420	254	93	35	35	115
122	216	420	216	106	42	35	105
122	242	407	228	108	45	34	97
101	280	347	226	115	45	28	91
98	294	307	312	120	47	29	91
72	315	295	319	123	51	29	77
63	315	302	334	112	47	30	76
70	282	410	332	114	45	28	66
84	256	418	368	128	51	36	82
86	238	467	306	126	54	38	91
90	200	504	299	117	51	37	99
116	204	509	337	131	53	40	107
131	329	466	383	146	59	43	108
130	318	492	369	134	55	37	111
129	331	425	389	129	51	37	106
128	349	367	385	131	48	37	100
123	359	369	340	122	44	32	93
105	257	410	319	124	43	34	97
105	280	378	314	122	40	35	100
111	260	467	296	117	41	35	114
112	249	477	294	113	41	33	116
117	235	463	285	111	42	32	114
121	245	414	285	91	34	29	110
114	249	437	278	84	32	31	103
111	261	364	265	81	32	29	87
111	252	336	263	78	30	31	82
86	281	348	260	93	30	32	89
69	332	327	222	90	30	30	88
71	307	299	227	95	30	29	78
71	307	328	251	93	27	30	77
74	335	366	258	105	31	30	105
69	314	458	280	97	32	31	101
73	246	511	335	98	33	32	98
74	262	538	350	97	33	32	101
84	257	530	352	117	34	32	120
99	241	545	406	121	37	33	102
115	289	466	402	115	35	32	102
118	283	447	410	120	40	33	103
117	275	412	413	120	42	35	110
127	286	398	404	120	44	34	99
122	279	381	349	104	42	33	98
118	233	416	365	100	42	32	101
114	243	386	302	95	38	33	105
138	237	391	260	92	36	33	109
131	242	394	259	78	36	33	98
151	220	421	272	87	34	32	107
161	259	385	264	97	34	33	104
166	282	408	288	96	41	34	109
148	277	410	326	109	43	35	120
142	268	425	336	119	47	36	133
138	307	401	330	122	50	35	122
121	287	451	315	117	51	35	127
112	263	417	291	119	46	34	119
108	257	404	271	115	43	32	112
157	260	378	265	97	39	31	93
141	252	462	300	89	38	32	96
139	221	462	330	97	42	32	94
148	219	466	339	101	41	34	109
164	228	485	356	95	45	34	88
132	223	514	366	99	43	33	94
123	183	412	345	100	39	32	93
134	270	368	310	102	36	32	91
126	278	410	303	93	36	28	72
112	282	388	294	105	40	31	75
126	312	365	318	114	42	34	72
133	311	364	311	120	46	36	69
125	247	356	301	113	46	36	65
121	224	278	284	114	45	37	66
115	219	337	280	106	41	36	64
108	176	372	309	120	45	34	75
99	205	407	309	130	49	38	100
102	196	426	357	133	48	40	104
106	243	452	374	135	53	41	113
111	265	456	352	132	51	40	113
111	256	459	327	105	45	40	107
113	229	522	355	95	40	39	91
122	248	531	337	100	42	36	106
137	208	526	360	98	41	36	106
139	207	507	365	99	41	34	112
119	241	462	337	108	42	32	110
119	259	369	313	109	40	32	106
108	245	332	290	99	39	30	90
88	251	307	240	103	38	30	80
91	257	340	243	103	40	31	75
90	215	358	286	107	46	35	85
107	248	377	355	109	47	35	123
104	254	388	385	113	45	39	136
124	290	399	437	117	48	40	142
130	272	417	579	148	55	47	149
131	313	440	574	147	51	45	152
124	290	423	550	144	50	43	133
129	288	413	546	143	51	41	121
119	281	439	509	133	49	38	113
111	281	375	379	98	39	30	106
121	268	330	348	101	39	32	100
121	254	333	307	94	37	29	100
144	260	348	284	95	35	27	98
139	239	343	295	98	33	26	98
135	280	362	263	120	40	29	98
133	265	375	266	120	41	27	95
124	259	387	270	125	42	27	86
112	259	407	323	134	46	33	82
110	305	399	308	135	47	35	77
115	259	408	289	122	44	36	80
102	261	394	303	112	45	37	85
106	278	374	303	101	44	36	89
86	278	405	278	99	41	33	90
87	278	438	306	100	39	32	98
79	279	410	333	95	38	31	93
83	278	419	333	100	34	32	85
77	263	413	327	100	34	33	82
78	284	389	302	91	34	31	82
112	286	341	277	105	36	31	81
111	286	327	239	107	35	28	87
115	283	394	241	110	40	29	91
116	284	403	271	113	41	30	94
111	261	362	256	110	42	32	99
80	204	417	276	91	41	35	97
111	241	445	280	93	43	37	90
115	235	373	278	90	40	36	88
115	308	463	309	101	42	38	88
127	307	468	342	111	45	42	80
129	293	443	340	116	45	42	85
111	300	448	363	123	43	40	92
103	293	466	395	147	47	40	98
111	214	369	353	140	44	37	94
112	234	400	328	134	41	30	98
108	280	378	320	133	42	30	108
105	265	356	312	130	44	32	109
111	298	347	288	116	42	31	99
104	311	352	294	119	44	32	101
87	310	314	312	119	44	34	97
91	275	286	346	116	46	32	83
92	246	296	354	125	44	34	77
78	222	274	323	105	39	34	96
92	229	266	335	102	39	34	92
99	215	295	332	103	39	35	96
95	235	358	281	112	35	34	89
93	234	365	242	94	34	29	93
99	245	369	247	99	37	30	80
86	221	419	261	106	40	29	81
84	225	419	288	110	38	25	82
95	213	377	310	143	41	29	81
95	218	405	312	144	44	30	76
93	241	459	330	141	42	29	77
103	257	422	318	136	40	30	88
110	246	417	304	135	45	35	92
98	271	450	290	108	42	34	104
103	270	399	310	114	40	35	104
107	232	346	321	121	41	35	104
124	255	435	356	133	42	39	115
120	266	487	388	156	43	39	130
121	225	455	406	158	48	39	127
114	292	498	422	155	47	38	126
106	305	495	405	154	48	37	125
78	310	415	356	140	44	32	107
93	306	346	315	108	40	31	87
92	320	355	295	87	37	27	82
88	261	312	300	79	35	28	81
99	273	391	310	73	35	29	90
101	259	394	308	77	34	28	99
97	247	381	299	89	33	28	100
111	270	398	298	84	33	32	107
116	271	427	262	79	33	28	109
107	255	370	241	82	35	30	107
112	241	385	253	93	38	31	97
101	242	406	250	84	35	30	93
85	197	406	238	86	35	32	85
89	222	369	220	99	36	33	93
92	230	357	211	110	32	32	86
83	224	341	249	104	33	33	89
80	268	326	255	107	37	36	90
87	314	298	262	113	39	33	93
90	304	317	288	106	40	33	82
100	291	311	295	94	42	34	86
100	317	332	273	90	42	32	84
108	289	334	255	82	40	31	83
116	249	343	251	70	38	33	80
123	245	333	234	79	42	34	80
118	235	376	274	87	41	36	94
120	237	357	263	92	45	37	86
112	225	351	263	93	46	37	83
120	228	376	261	118	48	36	82
106	244	383	358	126	42	34	90
122	240	347	327	123	42	32	78
123	218	379	328	120	39	32	90
136	227	404	355	134	39	30	92
123	218	386	362	120	40	31	101
124	227	400	296	118	49	35	93
113	279	449	312	141	51	35	91
105	266	425	308	143	53	36	91
112	281	418	294	134	57	41	101
110	311	441	307	147	55	40	101
109	282	427	280	152	52	39	111
103	241	364	289	126	50	39	111
116	250	369	298	126	49	38	114
97	252	373	278	120	43	34	103
114	218	352	313	121	46	36	106
115	230	425	305	100	39	33	108
111	236	437	295	116	38	33	112
100	248	430	291	127	35	29	101
124	223	444	307	136	38	29	101
136	219	427	272	119	33	24	101
140	220	409	300	124	36	26	94
141	211	405	311	122	35	24	81
151	191	423	309	111	38	25	81
135	183	385	327	118	42	28	83
104	185	384	398	122	45	28	77
108	170	332	390	130	45	30	76
116	226	352	373	123	45	27	81
111	230	322	371	120	43	29	91
118	235	363	351	104	37	26	94
118	242	381	302	102	35	31	87
111	265	376	293	85	34	29	99
105	219	370	310	90	35	31	95
94	216	419	309	98	33	29	92
87	226	393	319	109	37	33	86
95	206	376	283	110	37	29	93
97	172	394	277	116	38	30	75
97	161	394	254	139	41	30	81
101	199	388	289	149	46	35	77
95	188	392	274	148	45	33	91
83	235	403	287	146	43	33	86
75	299	407	293	142	43	31	83
77	303	471	355	115	43	34	83
94	284	477	336	94	39	30	82
106	298	502	344	87	39	29	72
114	276	510	373	107	43	30	68
124	214	491	376	115	44	32	84
130	235	420	320	119	42	29	85
114	240	398	346	130	46	33	84
113	222	363	349	131	47	35	86
113	242	374	330	122	48	37	102
110	259	407	309	115	44	36	92
105	280	413	304	113	43	38	100
122	288	513	313	112	41	35	103
120	283	522	332	126	43	34	98
119	275	529	299	112	39	30	84
113	257	521	318	118	40	29	83
107	232	505	328	113	38	28	89
86	217	430	281	105	35	28	83
94	242	461	303	103	33	30	104
91	240	450	311	108	36	34	103
92	243	412	322	113	39	34	111
109	241	455	315	112	40	35	101
110	303	413	384	127	42	38	108
109	289	346	353	139	46	39	102
112	276	355	342	142	41	36	108
114	308	396	350	153	46	37	105
103	303	340	356	155	47	37	112
109	245	322	274	147	45	35	108
98	249	384	259	130	39	30	112
93	266	350	262	128	41	30	113
88	243	378	284	118	39	31	112
87	258	426	303	119	40	32	105
80	269	455	317	108	41	32	106
104	294	446	328	102	42	33	88
118	320	494	348	104	44	34	83
124	303	452	330	85	40	33	96
131	284	411	300	74	38	30	106
138	289	419	295	89	42	34	107
130	286	395	322	106	45	36	109
118	269	326	295	105	42	34	116
125	283	360	286	108	44	40	107
122	297	379	344	125	48	42	101
124	269	346	354	122	45	39	101
110	249	405	326	116	41	36	99
118	217	414	334	119	44	37	93
109	236	382	346	115	42	33	87
114	215	408	315	124	40	30	83
105	208	432	307	123	41	30	82
108	212	358	354	122	46	33	82
114	227	359	357	118	48	34	80
124	208	382	338	128	48	34	84
119	211	393	364	119	48	34	76
124	226	405	360	124	50	34	80
122	206	432	315	122	48	34	86
108	181	452	305	120	44	35	85
97	177	434	298	112	45	36	83
119	202	385	229	99	43	35	87
135	204	394	273	106	44	36	87
136	249	376	268	107	44	35	107
137	260	347	269	121	43	34	115
136	277	356	257	124	44	32	119
121	264	376	273	123	43	36	117
102	265	318	273	122	42	37	116
115	234	331	316	168	48	39	99
115	237	329	317	172	51	40	89
112	246	340	340	169	48	39	94
121	236	342	336	167	47	35	122
135	227	375	297	168	45	37	120
123	233	392	244	121	36	34	123
129	228	399	250	118	38	35	151
132	187	389	242	121	42	38	149
127	213	388	288	135	49	41	129
115	215	390	300	130	53	43	125
117	211	349	306	122	52	43	123
136	233	368	367	118	55	44	93
134	288	371	364	137	53	43	82
123	269	387	350	133	48	40	78
120	331	392	428	155	53	42	82
125	342	399	433	163	54	44	86
95	334	390	401	160	49	40	74
94	298	384	397	142	49	40	87
103	325	354	399	143	49	42	97
101	271	319	306	115	39	34	98
102	267	311	285	114	39	32	97
141	253	371	267	117	42	33	100
141	248	373	261	120	39	31	92
131	223	408	216	109	40	31	83
129	213	448	279	107	40	31	80
134	186	465	287	121	48	37	86
107	201	439	279	127	52	38	85
105	255	468	316	133	54	39	79
103	255	444	333	155	57	40	83
102	249	417	267	164	59	41	112
88	256	409	281	166	58	35	106
84	262	407	316	156	54	32	107
116	200	365	289	153	51	31	107
116	227	376	301	136	49	32	120
116	224	355	309	127	46	33	101
112	255	370	306	112	39	34	98
102	258	354	366	138	42	35	115
63	262	389	399	131	41	40	124
78	235	368	406	133	40	36	111
79	259	361	419	128	39	34	111
97	223	343	414	121	42	35	114
108	203	337	357	97	43	36	95
108	207	286	354	121	49	33	83
106	204	316	321	123	51	35	103
137	214	354	327	155	57	38	115
142	209	372	360	163	56	37	114
133	222	350	361	159	53	38	115
134	218	477	343	147	50	36	127
145	246	480	358	139	46	37	115
122	205	497	346	105	43	36	97
116	230	529	394	118	48	38	94
114	227	540	415	127	49	38	106
117	224	445	402	123	49	38	112
119	225	410	405	133	50	36	108
117	235	370	399	135	47	33	109
109	218	329	327	117	45	31	118
111	235	354	325	111	45	34	120
108	236	330	327	113	43	35	109
95	193	324	313	103	40	34	106
94	199	382	318	117	42	34	110
93	234	369	312	119	43	38	99
93	229	334	281	119	43	37	91
100	241	383	334	147	50	38	92
89	241	416	374	165	56	41	106
92	256	377	368	154	53	40	99
88	221	375	373	146	48	35	96
96	192	433	353	142	47	31	86
102	182	397	292	113	41	27	81
128	195	360	245	93	35	27	69
124	176	370	265	108	34	26	66
126	205	427	339	143	46	32	72
132	253	405	366	155	55	41	80
126	265	421	400	151	55	41	77
97	269	454	390	146	54	40	81
94	262	480	434	142	57	42	88
100	255	480	429	113	51	40	96
106	240	482	418	103	42	34	104
102	226	546	400	130	45	35	103
104	224	541	457	144	47	36	96
116	236	527	415	143	49	37	94
112	226	477	379	148	49	36	83
143	194	462	387	147	47	40	79
155	191	367	378	129	46	41	90
156	195	440	332	120	45	39	100
146	179	412	372	130	42	37	106
155	168	435	365	130	42	37	109
114	204	420	348	127	40	31	108
103	234	475	377	144	42	31	101
100	226	440	424	156	43	34	94
105	250	471	382	140	41	33	89
93	253	498	402	133	41	37	99
94	226	492	400	133	43	37	94
92	262	478	378	111	38	35	103
97	260	445	322	118	37	36	111
110	239	396	307	137	37	37	126
107	241	338	280	140	42	36	122
143	248	348	313	137	47	40	121
150	180	328	307	141	51	41	115
150	204	398	310	131	50	42	109
139	207	405	341	116	51	42	94
139	203	402	361	115	45	40	86
102	226	440	374	146	38	35	98
88	221	416	392	151	38	35	90
89	203	368	425	152	42	35	106
89	200	390	414	163	50	36	109
110	205	403	386	165	51	35	125
129	174	376	357	147	52	36	121
141	176	399	372	156	50	35	125
148	168	391	328	145	50	36	112
158	195	404	348	132	40	34	104
157	188	418	368	126	38	35	89
139	197	400	388	136	40	37	88
131	216	393	378	121	42	37	86
138	224	395	356	119	37	32	92
124	199	360	327	119	38	33	92
109	214	325	308	117	40	32	102
107	229	365	280	108	37	30	100
104	201	412	289	106	37	32	116
81	226	411	322	110	39	32	112
102	265	419	334	114	42	37	118
135	253	463	343	112	45	37	109
142	256	448	335	105	48	39	117
153	277	433	285	96	48	38	102
160	247	484	263	87	46	38	106
153	205	477	249	98	44	32	98
127	238	453	208	112	42	33	104
130	223	463	199	116	39	34	96
114	197	441	223	121	41	35	103
112	210	383	210	135	44	37	110
113	224	430	206	128	41	36	110
111	196	433	242	121	42	35	115
104	187	437	244	113	44	35	118
105	201	497	241	114	39	32	115
101	191	499	301	97	39	32	98
120	182	457	308	100	43	36	113
117	195	454	312	102	41	38	108
106	223	455	460	116	50	41	98
109	217	388	459	123	52	43	96
106	226	381	438	127	50	42	109
92	219	417	456	124	50	43	97
106	229	431	444	126	53	43	92
109	221	436	355	129	45	41	102
104	242	443	391	127	50	40	110
110	253	442	384	126	49	41	102
111	314	437	359	124	46	36	99
102	298	404	348	125	46	34	95
100	287	427	310	124	49	37	99
123	272	444	258	122	47	38	87
120	303	502	268	131	48	35	87
111	251	515	258	133	47	37	95
108	259	505	273	136	46	37	97
109	258	494	244	127	41	32	89
97	262	489	241	131	43	32	113
103	209	423	232	139	52	33	111
97	193	449	251	146	53	33	105
102	185	453	330	149	53	33	109
106	234	409	322	145	52	33	105
115	225	403	331	140	50	31	85
107	226	469	327	118	43	32	88
107	279	410	325	108	41	32	87
100	279	405	236	90	37	30	92
102	225	432	277	96	45	36	115
84	246	463	289	94	44	37	113
94	247	397	295	101	47	39	109
90	220	415	324	99	48	38	113
113	213	439	337	101	53	39	147
109	254	436	333	102	47	33	136
111	236	380	367	112	46	33	135
113	248	374	375	122	46	30	137
118	246	442	356	121	46	30	155
114	257	463	374	143	44	29	114
133	218	469	338	142	45	30	112
126	229	510	323	136	44	30	116
141	246	567	334	129	41	32	120
140	233	503	326	131	39	31	99
140	230	504	343	123	38	35	106
124	261	502	400	137	40	38	107
128	274	476	370	133	42	38	105
110	258	412	386	139	47	38	108
119	242	435	401	137	48	40	108
119	246	447	369	124	46	36	98
132	223	430	314	99	42	34	95
135	206	419	319	98	40	33	91
130	191	437	276	79	32	32	93
133	215	430	314	96	35	32	90
122	205	389	307	90	33	32	102
130	205	385	302	93	38	32	112
120	184	376	286	108	38	35	113
136	182	425	308	121	41	35	116
122	216	422	301	118	42	35	114
126	234	442	320	145	46	35	118
111	233	436	332	147	45	35	113
115	279	468	343	135	45	34	115
105	291	434	314	125	42	31	104
120	256	427	271	121	39	29	124
123	230	407	262	84	33	27	124
123	222	411	266	98	33	26	118
133	177	357	268	104	34	26	114
127	146	334	291	109	35	31	132
110	170	328	286	113	36	34	113
139	205	316	279	133	36	33	104
130	208	372	281	126	36	35	105
117	209	405	284	124	37	35	104
114	260	400	289	138	34	35	86
114	259	401	270	131	32	30	84
81	229	382	250	122	37	31	94
90	240	326	277	125	36	29	98
93	236	348	299	134	39	31	105
91	211	357	282	117	42	30	110
105	199	340	337	135	44	33	111
99	224	357	338	130	41	34	101
91	246	389	313	139	41	33	103
88	285	378	291	143	41	34	97
89	276	382	306	156	44	36	77
89	275	400	274	138	42	35	75
91	294	418	288	136	41	33	79
98	281	391	288	133	43	34	66
112	257	383	288	127	41	31	73
114	251	354	286	113	36	26	87
151	267	352	288	117	39	30	91
144	244	399	302	112	42	31	93
162	235	412	319	146	52	35	100
154	248	405	319	143	52	35	102
164	250	419	310	141	52	37	98
134	240	405	304	149	51	35	103
142	267	347	317	157	52	37	100
119	274	394	325	118	43	36	93
140	246	402	343	123	43	38	99
132	248	439	352	138	46	38	97
126	237	441	365	141	49	42	91
118	210	438	363	152	46	41	96
110	193	372	352	155	44	39	95
78	200	342	318	145	44	35	79
68	205	324	290	136	39	34	79
55	270	370	295	124	37	32	85
57	259	380	304	129	40	30	79
76	253	433	292	128	39	30	94
110	250	501	299	137	43	36	115
116	264	492	317	140	45	36	117
116	214	496	404	141	49	39	118
118	204	514	393	120	49	39	126
130	198	520	431	122	51	40	116
120	290	500	457	131	54	44	96
114	271	476	442	119	52	42	95
112	251	447	357	123	50	38	86
115	299	442	355	126	49	42	87
96	317	384	312	120	48	40	88
78	231	399	371	122	44	31	87
77	244	432	391	127	45	33	81
77	273	436	375	123	44	34	79
88	221	418	371	119	42	30	81
84	213	423	372	121	43	32	88
89	250	367	305	109	41	33	89
89	260	379	327	121	43	35	95
107	243	391	348	140	45	36	108
125	279	402	327	142	46	39	105
123	285	404	336	139	42	37	98
117	260	448	314	139	43	39	100
118	261	411	280	138	40	36	104
110	254	409	258	124	40	35	109
77	238	396	258	128	37	32	105
75	232	378	280	131	38	32	105
75	237	391	284	131	41	31	105
87	201	401	285	123	40	31	108
86	248	382	314	118	37	32	119
88	244	372	318	117	38	33	116
96	240	443	293	128	39	36	121
98	229	380	307	130	35	34	125
92	269	380	311	133	38	35	121
97	233	474	287	143	43	34	90
113	247	473	282	145	44	32	108
109	252	436	286	144	48	35	116
120	307	484	287	137	48	37	110
125	283	481	287	148	47	34	104
119	277	406	299	135	43	34	108
136	250	449	313	141	47	37	108
143	284	440	309	128	43	33	101
142	226	420	315	138	45	34	109
137	220	413	301	115	42	35	112
138	230	400	282	121	42	35	112
101	248	426	256	117	35	31	93
93	209	457	236	124	37	31	98
78	201	432	199	113	33	33	110
98	230	451	229	121	35	33	110
99	224	441	249	124	34	33	110
113	200	384	270	116	38	36	109
112	227	358	284	115	37	35	106
131	233	442	299	122	38	30	85
133	199	428	281	128	38	30	90
130	191	434	271	128	41	29	88
115	205	499	284	124	39	25	98
111	175	489	290	122	39	25	85
106	214	435	268	117	39	28	83
98	217	442	290	107	40	31	85
101	224	449	305	100	41	32	82
101	234	382	280	111	42	34	80
104	226	391	283	107	38	33	84
116	180	367	286	112	40	33	103
112	174	375	263	114	36	29	98
111	200	363	221	114	34	30	106
112	180	350	241	113	34	30	104
112	194	326	220	129	39	32	104
100	213	371	226	124	37	31	102
101	288	362	238	121	39	31	102
103	276	402	256	120	38	29	96
111	274	401	235	117	41	32	106
109	292	420	254	109	42	31	105
97	293	392	249	106	46	34	88
113	231	385	249	104	44	35	85
112	225	372	250	120	47	37	86
105	228	400	309	133	44	34	67
109	232	414	303	129	44	34	64
102	259	453	298	129	40	31	79
178	257	507	290	129	39	31	102
179	274	488	276	132	36	31	100
185	311	500	313	130	40	32	104
187	281	489	309	129	40	33	107
199	259	437	356	141	46	36	103
136	261	363	361	146	47	36	83
131	253	362	386	141	48	35	83
124	207	393	340	124	44	32	81
120	219	371	331	126	43	31	87
110	219	396	293	123	46	32	88
128	204	445	332	128	47	32	86
131	204	466	323	122	50	35	99
129	206	406	280	124	50	36	97
135	190	389	273	133	47	37	97
132	177	356	260	136	43	33	89
123	188	332	242	127	40	33	95
127	226	279	237	127	37	34	87
128	220	250	259	136	39	33	85
129	232	371	276	118	39	30	86
133	227	462	280	103	35	30	89
120	246	428	237	100	33	30	82
109	190	444	214	105	33	28	75
117	182	485	218	99	35	31	83
125	191	457	206	106	40	34	106
114	275	374	189	105	42	35	113
96	274	403	281	109	45	35	116
104	282	426	312	150	50	36	118
108	298	389	304	149	51	38	138
95	299	411	319	148	47	34	123
97	232	426	330	145	46	36	120
104	210	415	255	149	43	38	122
99	209	395	216	103	38	36	137
108	198	418	235	91	33	32	115
115	169	377	249	98	38	34	105
122	172	365	271	115	45	33	104
119	173	351	330	124	48	34	97
127	167	368	347	120	47	34	80
112	187	353	338	127	49	34	71
98	194	346	317	128	49	34	75
90	181	381	296	137	42	34	70
85	206	406	241	127	37	33	75
75	218	396	217	128	37	31	89
73	195	405	243	131	37	33	94
90	216	417	364	136	35	33	94
86	228	401	370	131	40	36	106
99	222	390	376	126	41	34	107
114	215	374	394	130	40	35	99
117	219	381	396	131	36	34	105
126	219	338	285	125	37	34	113
131	205	342	338	113	37	31	105
120	202	365	355	129	45	33	104
107	197	388	342	125	45	33	105
106	201	364	311	124	46	31	100
84	187	397	320	123	43	27	89
81	207	408	249	120	41	27	90
85	203	393	224	102	35	31	95
85	220	435	235	123	37	31	91
86	210	443	265	115	37	32	88
105	213	416	261	119	39	36	95
106	234	455	293	129	46	38	87
112	235	445	296	133	47	36	87
117	212	409	290	119	46	35	86
118	214	446	284	120	45	35	84
118	213	460	290	113	43	35	83
122	169	406	264	122	36	32	87
134	166	400	272	117	36	31	93
135	183	386	277	137	35	31	89
