0	1	2	3	4	5	6	7
56	543	75	39	28	25	29	27
63	566	78	39	31	27	30	31
68	524	76	39	30	24	26	33
72	484	77	41	28	22	26	34
72	493	84	46	29	24	27	35
81	585	101	47	30	24	24	37
77	560	103	45	29	27	25	35
73	588	107	46	30	28	25	34
79	606	111	43	31	30	29	35
81	616	104	41	32	30	29	37
69	553	82	39	31	28	30	35
67	525	75	36	28	23	27	33
68	552	78	36	30	24	30	32
59	491	71	46	33	26	28	29
54	533	73	47	35	28	28	25
53	495	74	46	34	28	29	27
50	527	75	48	37	29	28	25
56	493	69	51	34	30	28	24
61	477	71	53	33	29	29	27
65	473	81	52	30	29	29	31
68	468	88	54	33	32	28	31
71	448	89	54	32	33	31	32
82	567	93	57	35	35	35	37
82	586	88	50	33	34	32	36
82	550	86	51	34	34	32	34
80	555	88	50	33	33	33	34
80	596	106	52	33	32	31	35
70	547	112	52	32	31	30	31
69	539	122	53	33	34	31	35
67	519	123	50	32	31	31	34
65	537	119	49	31	29	30	34
66	538	108	47	29	29	31	34
67	505	96	43	28	25	24	34
65	482	86	41	30	23	23	32
67	505	82	43	28	25	24	33
78	548	89	48	29	29	26	40
78	534	83	49	33	29	27	52
73	500	81	46	32	28	30	54
72	496	77	44	29	28	30	55
79	514	89	55	30	29	32	56
68	428	77	52	31	30	30	52
69	408	80	51	30	31	31	42
67	440	88	50	32	33	31	39
65	458	87	54	33	35	31	39
68	423	75	48	35	35	30	39
75	443	94	54	40	33	35	43
77	414	90	58	46	37	37	53
83	423	90	59	46	38	38	58
83	410	92	56	45	36	37	66
79	423	88	49	44	35	39	67
81	413	68	42	39	36	35	66
79	453	68	35	32	30	31	59
76	416	54	35	31	31	29	59
78	424	55	36	33	31	28	50
69	393	65	35	31	30	25	45
60	417	75	38	32	29	25	43
57	410	83	40	32	34	25	39
60	507	108	44	32	30	25	38
59	530	111	54	32	32	25	38
61	568	108	53	29	31	25	43
60	577	102	52	30	31	24	51
68	557	98	50	29	26	23	52
66	471	78	51	29	28	25	51
67	501	72	42	29	23	25	50
74	462	74	46	32	23	25	59
76	500	78	46	31	26	28	52
67	526	78	46	32	28	28	54
66	542	81	45	31	27	31	54
63	492	80	45	31	28	31	54
54	494	76	38	30	31	30	40
60	545	93	43	30	29	29	45
76	541	94	44	35	29	34	45
77	558	97	43	36	29	31	40
79	559	104	46	36	28	30	53
80	600	106	49	35	27	29	52
82	617	103	49	38	30	31	57
69	681	111	49	34	28	24	56
76	667	101	52	34	29	23	57
78	688	94	52	35	29	24	45
77	670	95	51	35	28	24	45
70	603	82	47	30	25	23	34
71	512	71	48	31	25	24	33
73	537	80	46	37	28	30	36
67	496	81	45	40	31	31	46
70	461	83	46	40	31	33	47
73	419	81	49	42	30	32	60
80	448	78	50	42	32	34	64
69	376	68	45	33	28	31	62
71	388	68	41	28	27	29	55
80	399	62	44	28	28	28	55
80	440	66	40	24	27	26	39
73	490	84	38	23	26	23	31
76	496	92	41	26	27	23	32
79	492	94	43	27	26	23	28
79	508	106	44	28	25	24	33
81	470	111	48	31	28	25	35
82	375	100	50	30	29	27	35
79	403	92	53	29	28	24	41
75	475	89	53	31	29	26	46
69	454	78	50	31	28	23	44
67	584	69	53	36	27	24	44
66	609	79	54	39	31	31	49
70	594	84	49	42	32	33	44
84	584	87	52	43	32	34	43
76	643	88	52	42	34	36	40
78	545	99	42	37	33	35	39
86	541	97	41	40	31	31	37
86	574	98	42	36	32	29	37
80	575	99	40	35	32	26	33
80	572	96	43	34	30	24	33
81	534	92	46	34	29	25	34
70	510	94	45	29	26	22	29
68	488	97	52	30	25	22	28
61	434	94	53	30	24	24	27
61	441	96	51	30	24	24	26
50	477	101	50	29	23	22	24
50	472	92	52	28	26	25	25
48	459	87	47	28	25	26	39
54	518	87	52	30	27	27	43
73	489	83	53	31	27	28	46
76	462	63	55	32	30	28	47
76	464	63	50	33	26	27	47
79	461	64	48	31	26	26	36
76	463	70	44	29	23	25	32
63	441	72	40	28	25	25	30
59	445	71	39	26	23	24	27
61	567	81	46	27	25	24	30
59	615	77	46	28	25	25	31
60	626	73	44	30	27	24	30
54	623	74	46	30	26	24	29
52	634	77	46	30	27	25	30
60	542	67	44	29	26	25	30
59	486	69	47	28	25	27	29
62	526	80	47	24	24	27	31
64	530	78	45	25	24	28	31
66	528	79	44	30	24	27	31
61	567	81	46	31	25	25	29
63	604	87	50	34	29	24	31
59	536	76	49	35	28	26	29
65	542	75	48	37	27	25	30
67	546	76	51	35	30	25	30
68	534	74	49	32	29	27	33
62	502	69	40	29	27	25	32
60	478	67	40	28	28	21	31
57	514	67	43	25	29	24	30
59	539	69	40	26	26	25	29
53	539	66	39	26	28	23	25
59	530	63	46	28	27	26	29
65	523	64	45	31	28	28	31
66	561	74	47	33	42	28	37
61	513	67	46	30	81	28	36
67	515	72	48	33	94	30	39
65	513	75	43	33	95	28	36
67	576	95	43	32	94	27	36
66	498	94	41	31	91	28	29
71	522	95	40	32	57	28	32
77	488	97	45	33	35	28	35
74	464	95	45	32	32	30	34
72	416	81	48	35	33	29	33
75	385	88	46	34	30	27	37
76	409	91	48	35	29	28	35
66	381	88	41	34	25	24	28
68	399	89	42	34	27	23	29
71	390	90	44	32	26	23	31
71	433	82	55	36	25	25	30
63	391	79	55	37	26	23	28
66	398	78	57	36	28	26	29
66	433	76	56	36	27	25	30
59	422	68	52	34	26	26	27
60	426	65	39	27	25	25	27
60	436	65	38	25	25	26	29
63	519	79	42	25	22	26	30
73	512	96	44	25	24	25	31
74	531	98	45	27	25	25	33
68	498	98	45	30	27	26	30
68	500	108	50	30	28	27	31
67	412	100	47	31	28	26	31
66	423	87	45	33	29	27	30
76	441	90	47	32	28	26	30
75	430	90	46	30	27	27	32
78	437	80	43	31	25	27	31
76	481	80	43	30	26	27	30
72	459	84	43	29	23	28	32
60	441	90	40	30	26	28	31
62	436	91	43	31	26	27	30
70	443	100	43	32	26	28	33
70	434	96	46	31	26	28	32
67	432	101	45	29	26	25	30
68	390	89	46	27	24	24	29
65	387	85	45	27	22	24	28
59	399	76	42	25	22	21	27
63	420	82	42	29	26	22	28
66	456	82	43	29	26	23	26
71	543	94	45	30	26	24	28
72	554	95	44	32	28	23	29
78	556	91	46	33	30	27	30
80	561	92	46	30	25	26	30
76	526	85	49	33	29	26	31
69	434	68	44	32	29	26	28
72	429	66	46	31	31	26	29
65	464	65	44	29	29	23	28
65	489	72	46	36	32	26	31
62	490	67	42	34	29	25	29
66	568	72	41	32	30	23	30
61	615	80	39	34	27	26	31
59	595	85	42	34	29	26	30
53	530	74	36	27	26	22	26
61	533	77	36	28	27	23	29
64	521	81	39	30	25	26	30
64	490	80	40	29	25	25	28
65	462	84	38	30	26	25	28
67	455	84	38	29	25	26	28
63	535	97	39	30	26	28	29
57	487	90	35	29	27	26	28
65	463	87	36	29	28	27	31
61	431	83	35	28	29	28	32
59	424	80	34	30	29	28	33
55	325	60	34	26	29	26	29
58	348	71	41	30	31	27	33
56	385	69	40	28	27	25	32
51	394	67	40	30	27	26	29
55	442	67	41	30	27	26	30
64	504	76	44	35	25	27	32
68	500	67	44	33	25	25	28
69	472	72	42	34	27	26	29
75	499	70	42	32	26	23	30
75	509	74	48	35	28	24	29
72	502	71	49	31	30	23	29
70	485	75	47	30	29	22	31
68	510	72	48	29	28	23	31
65	490	67	48	30	28	23	31
65	480	74	47	30	28	25	29
61	422	72	44	32	26	28	29
63	487	70	44	32	26	29	29
59	451	68	45	33	27	30	27
62	467	75	49	34	30	31	30
64	476	72	49	32	29	28	30
66	473	69	50	32	29	29	32
60	419	68	51	30	27	28	29
62	426	72	51	29	28	27	31
61	437	69	48	29	26	28	28
56	442	61	43	31	27	30	30
52	446	74	40	28	27	27	26
64	447	76	40	32	31	29	31
67	464	75	40	34	30	29	32
71	462	92	49	35	30	28	37
74	433	93	52	33	28	27	38
81	437	88	53	35	28	29	41
76	464	87	51	32	24	27	38
82	439	87	54	32	29	27	38
79	449	68	47	28	28	30	36
81	480	73	43	28	28	32	34
79	475	68	42	32	29	30	33
76	464	64	40	32	30	30	33
73	526	60	36	31	24	30	35
72	521	70	38	34	24	27	33
68	490	62	41	34	26	23	32
67	505	63	40	31	25	25	30
68	463	69	44	31	24	26	30
65	422	79	48	31	26	27	27
61	375	69	46	30	28	28	25
61	424	67	45	31	24	29	26
57	410	67	48	31	26	29	26
61	438	67	47	31	26	28	30
65	499	83	47	31	26	29	33
68	517	89	45	32	23	29	36
66	527	101	47	33	23	28	36
75	615	121	46	34	27	27	37
78	630	128	48	35	28	27	35
72	594	114	44	33	29	27	31
71	634	116	47	32	30	26	30
76	626	114	48	31	31	27	31
69	615	93	48	31	28	28	32
61	634	83	45	27	27	26	31
61	609	85	44	28	25	25	30
63	608	86	41	28	25	26	33
64	611	88	44	31	26	26	32
64	528	87	46	30	26	25	31
68	451	82	49	33	26	28	32
72	467	88	53	35	26	28	33
71	441	82	53	37	28	27	32
66	448	85	48	33	27	27	29
63	454	91	47	33	26	26	29
57	496	89	48	32	27	25	28
55	514	80	45	33	27	23	27
66	540	85	49	32	26	24	29
67	588	72	48	33	27	23	30
67	587	80	49	36	29	24	31
67	574	85	45	36	28	23	30
70	564	91	45	33	30	25	32
58	511	98	41	31	28	25	27
59	403	101	42	32	29	26	28
61	402	90	36	28	27	28	26
63	460	97	37	31	26	29	27
60	493	92	39	32	27	30	29
68	522	91	51	34	30	31	31
62	521	88	51	33	28	31	32
62	533	89	54	36	31	30	32
66	464	79	54	33	31	30	32
68	470	90	50	33	29	27	31
65	462	89	41	33	28	27	30
81	465	89	41	33	30	30	31
79	441	86	39	28	26	30	29
74	437	90	41	28	28	30	30
71	401	81	44	30	30	31	29
66	380	65	43	28	28	29	29
52	412	71	43	29	28	24	28
55	470	77	45	33	29	25	31
64	554	82	43	34	27	23	31
64	524	76	41	35	24	24	31
67	538	78	40	35	25	26	31
68	533	73	44	37	25	26	33
65	513	78	40	34	26	26	33
62	427	71	44	34	27	27	32
65	463	73	41	30	28	24	31
64	443	77	41	30	28	25	32
63	450	80	37	28	27	24	29
63	455	81	42	30	26	24	29
61	473	78	43	30	26	25	29
57	462	99	48	30	25	25	29
62	498	96	50	35	27	25	30
65	451	97	51	37	31	30	33
71	425	91	47	36	31	28	31
68	418	97	43	34	30	27	32
70	396	84	39	34	30	27	34
75	380	96	39	30	30	28	35
74	382	93	34	26	28	24	33
67	479	104	38	28	30	27	34
69	491	101	37	29	29	27	32
73	512	117	42	32	33	30	31
68	528	106	43	31	32	30	29
72	555	107	45	32	30	30	29
80	468	97	46	34	30	30	32
79	438	94	49	32	30	31	32
74	456	75	46	31	24	29	31
72	457	86	43	30	24	26	31
64	432	80	44	30	26	26	32
59	417	79	37	26	25	24	29
70	478	79	43	32	28	29	33
80	433	70	43	32	30	29	35
79	417	80	47	33	30	30	36
79	394	84	46	32	27	29	33
82	464	93	52	34	27	31	34
71	425	94	45	29	27	27	30
61	517	101	50	29	24	25	28
64	479	84	47	30	26	25	26
66	495	75	46	33	30	28	29
61	554	70	41	30	29	27	28
65	554	77	46	31	27	26	29
62	473	68	41	30	28	27	27
65	508	67	37	27	26	27	27
65	542	75	38	26	24	25	27
72	493	75	54	30	27	25	27
75	482	73	55	35	27	26	32
79	485	80	55	35	29	28	33
80	508	86	60	37	32	27	33
78	460	82	59	35	32	25	31
78	481	83	51	32	31	27	32
71	592	89	52	30	31	25	27
64	579	82	50	32	29	24	27
73	556	86	44	30	27	28	30
74	580	86	46	32	24	29	31
80	552	80	43	32	24	31	36
94	504	79	40	34	26	31	40
95	545	78	43	35	27	31	41
84	577	92	48	37	29	31	41
89	641	110	49	40	30	35	43
76	640	115	46	38	30	33	38
55	591	109	43	35	27	33	33
55	595	111	41	34	28	34	32
51	572	99	41	31	26	30	28
54	609	105	40	29	27	25	28
57	605	111	40	32	26	25	28
58	661	123	40	32	27	23	29
71	690	120	39	32	24	23	32
73	680	116	39	33	27	25	34
81	642	97	41	34	26	26	32
83	624	86	42	32	28	24	34
88	559	63	43	33	26	26	34
80	490	73	44	31	27	25	33
85	527	78	42	32	23	26	33
74	446	78	41	31	24	28	34
72	413	79	42	32	24	28	34
67	438	83	41	31	25	27	32
64	467	79	40	31	24	30	32
58	399	75	41	32	27	30	30
57	403	69	43	31	27	28	29
63	423	63	43	29	28	29	29
69	403	67	43	30	28	29	31
73	401	72	50	32	29	29	31
75	473	77	48	28	27	28	31
77	449	75	44	29	26	28	31
75	484	95	49	33	25	29	31
72	522	94	52	32	24	30	29
71	509	100	55	32	23	27	27
69	498	101	55	35	25	28	27
66	538	107	58	34	25	28	27
57	508	92	54	31	25	26	26
56	468	107	53	32	28	25	29
57	445	96	42	30	28	26	29
56	415	92	45	31	26	28	30
60	377	90	43	32	28	27	31
63	504	119	45	34	28	27	32
68	513	104	44	33	25	28	31
65	519	104	45	32	28	27	31
61	501	109	47	33	29	22	31
62	523	113	52	33	29	25	31
61	440	88	49	34	29	24	31
49	410	92	51	34	29	27	30
50	410	100	55	35	28	25	31
55	475	98	55	33	26	26	27
55	504	97	53	33	23	25	28
55	536	109	56	28	25	25	25
67	567	110	59	29	30	28	30
68	591	106	56	30	29	29	31
70	555	106	54	31	30	28	33
67	513	104	54	29	30	27	31
70	436	86	50	32	29	32	34
61	407	79	44	31	24	27	28
68	453	77	52	30	25	27	31
63	522	96	65	31	25	29	28
60	550	100	65	31	25	29	28
55	592	105	64	29	25	25	25
56	610	107	69	29	25	25	28
47	547	109	63	31	24	25	25
54	492	94	48	29	23	24	28
54	466	83	42	28	22	25	28
54	412	74	44	30	22	25	30
63	492	72	42	31	22	29	30
64	486	66	42	28	24	29	29
74	514	60	43	28	23	31	30
81	563	76	53	29	25	29	30
84	572	81	59	28	26	30	31
81	520	83	58	27	26	26	31
79	539	87	61	30	26	26	31
68	492	86	59	30	29	24	28
65	427	81	56	30	27	26	28
63	478	81	53	33	28	26	26
62	445	79	52	32	30	27	25
62	432	77	50	29	29	27	24
60	443	90	54	31	28	29	25
59	426	103	56	30	30	26	28
62	371	100	54	28	29	28	29
62	343	109	55	30	27	28	28
73	377	110	57	33	27	28	31
70	344	109	54	33	27	27	32
69	380	94	45	33	26	27	29
68	429	96	46	35	26	26	30
64	460	84	44	33	27	26	30
53	446	77	47	31	27	25	29
56	438	60	47	30	27	25	27
53	413	61	49	31	27	26	30
55	374	68	49	29	26	25	29
64	365	72	48	27	25	24	29
62	339	74	42	27	24	24	27
62	343	77	38	28	27	25	28
65	344	68	38	28	26	23	25
67	367	69	41	29	27	26	28
59	347	65	43	31	27	25	29
67	383	68	47	31	27	24	31
72	423	69	49	28	23	24	33
72	421	69	50	28	27	26	34
68	407	65	47	25	26	24	31
72	470	75	47	29	27	24	30
63	454	80	48	27	28	26	27
55	422	86	48	27	30	24	24
55	511	143	46	28	28	24	25
57	520	152	48	30	28	25	28
63	504	152	50	26	28	22	31
65	514	157	46	25	28	22	34
64	520	157	47	27	29	22	34
66	477	114	51	27	31	25	34
61	463	102	47	26	30	23	30
48	434	98	43	25	27	27	27
46	406	81	42	26	26	27	26
50	454	78	43	26	26	27	26
46	437	82	41	24	23	24	25
47	402	97	41	24	23	25	27
52	452	99	45	27	24	27	28
51	454	105	46	29	25	27	25
54	407	104	45	28	25	28	24
62	400	101	43	28	24	28	26
70	448	101	51	30	25	28	28
74	455	102	53	29	25	25	30
82	503	130	54	29	25	27	34
77	515	132	53	31	22	24	34
72	521	132	55	32	23	24	33
64	488	128	53	31	22	24	32
64	430	125	55	29	23	22	31
60	370	90	54	29	23	20	29
62	360	82	56	27	25	20	30
59	330	78	55	28	24	22	29
71	322	89	55	31	25	27	32
64	326	88	50	32	26	27	31
67	336	88	49	32	24	29	32
71	343	98	47	32	27	30	32
80	447	106	47	31	28	29	33
72	470	92	42	29	28	26	29
70	532	97	41	29	26	27	28
65	526	98	41	29	28	23	25
69	555	93	41	29	28	25	28
62	539	85	44	29	30	25	26
57	519	76	43	28	28	23	27
61	476	70	40	28	29	23	31
61	488	66	41	28	30	24	32
51	467	72	47	28	27	21	29
53	443	71	47	29	26	22	29
59	448	83	54	33	32	23	33
58	416	83	55	32	33	24	31
61	502	87	54	32	31	23	32
64	490	82	52	36	31	25	32
58	502	87	50	34	31	23	32
55	498	77	40	30	26	21	27
51	522	79	44	31	24	20	26
54	465	85	46	32	26	22	28
53	484	93	46	29	26	22	30
61	418	83	41	30	26	23	33
58	433	87	43	29	29	24	34
62	412	96	46	29	30	24	34
67	387	94	46	30	33	27	34
66	386	85	42	30	33	27	32
66	390	90	48	31	33	29	33
69	432	88	54	33	31	28	32
69	462	88	56	34	32	29	32
70	474	110	57	37	31	27	31
68	458	116	58	40	30	27	30
70	486	133	60	39	31	25	27
75	474	146	67	42	31	26	32
74	471	143	60	39	28	25	32
65	497	132	62	36	27	27	30
66	514	131	63	36	28	27	31
63	479	140	65	36	26	25	30
56	558	137	57	32	24	26	24
58	565	132	58	34	27	28	25
62	568	123	56	35	31	27	27
61	525	117	54	31	29	25	26
60	538	89	47	29	29	29	26
72	527	91	45	31	30	29	29
72	508	96	45	30	27	26	28
73	493	98	42	29	22	25	29
75	527	125	47	30	23	26	29
72	533	125	47	32	25	23	32
62	447	121	47	29	24	24	28
58	422	117	47	29	25	23	28
50	433	117	47	27	26	24	28
54	467	94	46	29	28	28	30
56	528	108	43	30	29	28	28
50	519	98	42	30	28	28	30
59	577	106	42	35	30	34	35
60	548	103	40	34	29	32	33
67	531	105	37	34	28	32	35
68	477	98	38	31	25	32	36
75	482	110	36	30	26	32	35
72	449	112	36	27	25	27	31
81	562	136	50	30	27	31	35
85	599	144	58	31	27	29	33
84	602	140	56	30	27	28	33
79	602	132	57	31	28	28	33
77	598	129	58	31	27	27	31
70	495	111	49	28	25	25	29
53	403	91	37	27	24	24	28
52	374	110	38	29	27	25	28
64	439	133	43	30	26	26	33
63	410	138	43	28	26	27	35
61	478	133	44	29	28	25	35
