0	1	2	3	4	5	6	7
62	238	207	157	67	42	30	30
60	243	210	136	62	39	27	29
57	226	200	102	56	39	29	29
40	245	200	86	52	37	31	30
43	251	189	75	50	37	33	32
40	263	205	70	45	47	33	30
43	280	199	58	39	46	36	31
43	296	257	57	38	48	36	30
45	290	299	65	43	48	33	29
41	274	317	141	64	49	33	27
40	230	309	150	66	43	33	28
39	255	348	153	71	43	28	28
39	247	327	187	82	40	27	25
46	277	319	201	85	45	29	30
46	288	292	165	75	45	30	32
53	318	401	163	76	42	28	31
55	301	440	172	77	41	31	33
60	323	423	138	64	41	29	35
54	299	476	115	59	37	28	30
58	318	480	106	54	33	28	29
59	301	395	94	46	34	29	32
71	394	336	85	41	34	28	36
77	448	366	93	45	34	31	36
105	479	303	95	46	32	35	43
109	490	320	114	52	37	37	44
125	517	314	160	67	38	41	45
127	479	351	178	74	47	43	42
129	469	390	251	86	50	42	45
111	463	443	263	87	51	45	48
118	518	474	272	94	55	111	56
103	517	566	263	91	55	117	56
147	547	575	282	87	45	119	61
160	563	616	231	79	46	122	62
176	554	609	269	91	49	124	55
181	503	616	359	100	50	230	55
197	522	593	428	121	54	250	70
169	468	616	511	156	72	254	66
167	441	627	514	162	71	253	68
157	424	624	579	171	72	259	78
148	408	629	576	182	90	155	90
149	436	659	641	197	104	128	80
148	495	640	680	189	98	122	88
134	471	574	708	184	97	122	91
126	492	620	666	175	96	111	97
123	527	681	654	169	83	94	92
124	474	684	619	157	65	75	127
283	411	718	654	164	67	85	183
349	401	728	668	178	72	85	203
499	375	751	713	189	75	82	227
524	348	728	740	198	80	89	274
657	348	748	795	226	92	108	284
707	388	764	750	223	98	121	268
869	406	787	736	220	106	154	484
837	432	764	793	235	108	154	483
972	454	766	883	257	120	174	536
1001	466	701	904	267	122	180	570
1007	436	713	898	265	121	171	573
898	443	726	941	279	121	142	408
966	430	723	880	264	125	148	416
825	398	716	878	255	114	123	335
780	376	713	783	210	104	120	312
777	410	710	820	223	97	128	323
814	369	754	823	212	91	135	357
770	410	720	889	243	106	146	350
993	413	694	793	220	102	177	397
946	417	753	833	239	110	173	378
958	367	716	857	262	118	180	383
975	412	728	913	287	124	190	385
1045	393	819	925	295	120	197	429
920	390	909	1063	370	145	226	430
1068	390	975	1161	404	151	244	492
1090	435	1082	1190	423	160	256	526
1074	420	1132	1218	418	155	257	553
1059	394	1172	1194	401	148	266	591
1010	408	1161	1181	407	150	243	635
907	410	1143	1114	392	142	247	615
955	375	1115	1124	436	165	274	618
988	548	1100	1102	449	183	308	626
939	578	1003	1118	511	210	313	595
948	574	1041	1015	465	196	298	550
943	579	975	1065	479	202	291	576
874	576	889	1112	449	186	277	567
780	455	880	1132	500	186	235	507
716	457	949	1195	473	166	208	487
705	487	868	1224	473	162	201	451
644	508	879	1294	498	173	186	359
615	542	906	1269	530	184	153	369
620	548	841	1268	481	170	149	388
658	530	788	1233	461	160	153	354
640	608	742	1302	488	163	150	355
614	581	701	1156	429	141	145	358
602	582	711	1047	333	99	115	286
559	555	681	932	297	95	110	281
487	557	640	869	274	93	93	347
510	457	669	776	227	97	100	323
496	474	671	734	211	96	108	342
379	435	639	741	223	107	124	343
414	424	654	769	229	104	124	328
448	384	644	804	238	108	123	244
402	376	637	741	219	98	119	260
392	341	662	795	234	98	106	240
394	352	673	806	236	95	97	240
