0	1	2	3	4	5	6	7
129	267	440	439	194	65	43	123
133	262	464	456	205	69	46	117
118	248	447	445	227	67	45	101
122	293	457	361	218	58	41	84
125	242	424	397	206	62	43	74
138	231	351	386	214	67	47	83
139	239	345	403	212	65	46	77
131	271	405	378	191	68	46	77
124	231	402	387	190	68	45	75
117	238	390	393	208	66	45	69
100	270	416	411	196	59	42	61
90	250	483	551	217	67	47	71
89	238	426	538	209	64	48	68
100	243	547	580	204	66	47	77
107	256	564	553	248	78	49	76
111	246	548	531	250	80	47	69
110	251	511	361	225	72	38	71
99	244	567	380	233	77	38	72
91	243	502	358	228	75	39	68
98	241	480	341	154	61	35	85
116	240	494	357	147	63	40	90
116	246	483	430	153	61	42	89
114	232	414	399	129	56	39	92
110	257	356	349	129	56	40	94
92	231	379	390	134	55	42	84
99	241	373	421	129	51	41	83
101	259	398	404	122	50	40	86
107	285	439	412	125	52	45	85
107	260	434	423	123	53	44	84
112	265	409	387	118	55	44	79
93	254	418	358	107	52	42	79
92	264	377	347	113	56	45	71
86	276	363	380	116	53	39	66
84	270	363	388	122	52	41	76
110	279	365	419	129	55	41	84
103	279	358	441	133	59	41	82
104	251	364	426	126	55	37	80
106	235	338	424	130	56	40	88
109	237	349	439	134	60	41	84
79	228	360	448	138	60	42	76
77	220	353	438	140	58	43	76
76	215	379	404	130	57	43	87
101	197	379	367	118	53	41	88
117	204	369	331	103	48	39	82
130	209	389	285	108	45	36	86
133	216	388	252	101	47	39	97
137	218	398	286	108	46	40	99
123	231	402	317	118	52	45	105
110	291	456	334	127	52	44	111
90	302	436	330	107	51	45	112
88	289	438	321	109	49	43	108
76	335	447	303	107	47	40	98
80	336	460	312	102	44	36	90
89	350	433	306	92	43	37	96
108	341	434	330	98	42	35	95
112	344	438	327	93	41	32	98
118	332	418	312	95	42	35	99
108	324	431	282	86	41	35	95
105	259	468	267	87	46	35	105
96	358	476	262	83	44	35	108
120	375	500	260	75	41	34	111
117	360	510	260	69	42	31	109
121	392	616	372	94	47	38	121
115	391	571	371	95	44	38	106
110	308	586	346	91	45	42	112
79	282	597	354	99	46	43	102
85	350	635	375	110	48	45	109
87	307	515	283	96	44	39	93
106	331	517	300	96	46	39	104
121	333	521	313	100	45	38	99
122	344	529	337	99	45	36	97
113	274	502	310	85	41	34	95
144	342	530	306	82	39	34	112
137	356	549	292	78	39	32	105
136	355	567	272	72	47	29	106
147	372	610	224	66	46	29	106
152	370	591	217	79	53	36	108
124	322	564	178	77	53	36	99
125	292	578	182	77	53	36	95
112	292	592	199	85	46	37	96
96	273	611	214	113	50	38	98
129	286	613	268	132	52	35	87
144	273	627	277	138	50	35	80
157	273	693	281	139	53	39	77
156	261	698	279	136	62	38	83
173	254	633	287	135	62	39	86
149	254	700	285	121	61	36	99
139	272	694	275	120	64	38	99
141	278	662	273	120	65	36	105
147	280	620	284	136	70	39	98
126	301	609	260	128	69	38	109
126	330	513	275	128	68	39	98
122	320	595	290	142	72	35	100
116	312	534	310	195	75	38	103
117	321	570	338	205	69	39	101
126	346	599	363	204	71	42	93
132	301	605	360	204	70	41	112
148	339	609	363	216	65	42	115
139	361	663	356	181	64	41	112
131	404	620	373	181	61	39	110
136	371	677	372	190	59	34	104
129	379	718	365	189	58	36	89
110	369	692	416	199	61	39	99
109	414	644	400	226	67	42	92
111	366	678	453	226	69	43	104
95	374	642	450	220	72	46	108
93	372	612	468	252	73	46	113
96	349	581	429	222	70	44	101
90	293	637	498	183	60	41	108
109	344	637	408	198	53	38	106
112	329	654	444	205	50	37	109
124	330	662	446	169	52	41	112
124	361	648	482	227	53	41	117
119	345	610	547	251	62	42	116
117	319	603	572	233	69	44	116
124	323	561	582	228	66	40	113
125	360	618	555	306	63	36	104
115	333	656	660	286	75	42	95
119	319	646	650	281	66	37	82
139	318	618	656	325	67	41	87
135	321	598	652	347	75	47	87
125	258	578	678	309	74	47	86
129	258	560	636	367	76	47	91
151	282	555	588	374	78	49	120
155	256	552	568	362	78	44	120
155	236	548	593	345	75	41	120
160	256	478	630	342	77	43	119
162	342	481	614	275	71	46	122
158	323	488	602	262	77	52	102
138	323	530	625	223	70	55	86
132	330	529	573	215	71	54	79
132	331	526	516	176	69	55	83
132	238	514	433	202	65	51	75
111	253	568	421	203	62	47	67
111	266	546	458	222	73	50	77
119	282	570	490	238	75	53	85
114	271	605	559	246	77	54	78
109	265	645	586	208	73	51	85
119	293	591	596	198	69	48	90
117	278	678	541	171	58	42	89
121	274	653	582	169	73	50	88
120	376	616	491	152	74	50	93
135	374	567	460	149	74	50	84
131	347	565	460	147	74	51	86
112	350	499	458	149	76	52	89
118	343	467	345	112	54	40	87
123	248	446	366	112	53	38	89
108	265	446	354	117	57	39	86
106	242	444	343	125	59	38	91
110	235	385	356	124	56	37	85
91	280	404	389	129	57	38	90
93	257	430	419	128	55	39	86
98	275	402	424	125	53	42	100
94	285	377	390	104	49	39	86
92	283	432	396	102	49	39	83
93	250	435	405	113	51	38	76
86	245	405	349	107	47	36	84
81	201	479	422	123	50	36	75
79	207	488	484	135	54	41	90
78	220	436	476	137	59	45	96
84	272	436	469	133	58	43	98
79	329	457	480	134	59	44	92
91	346	399	405	113	52	44	92
98	335	376	314	98	46	39	92
100	353	406	306	86	39	34	88
93	330	408	366	90	36	35	81
111	301	386	373	90	36	36	82
106	289	350	368	90	37	31	76
103	291	415	436	114	41	33	67
105	302	394	431	122	47	35	66
103	278	447	372	115	48	36	73
105	280	473	351	111	50	37	82
111	262	492	387	115	49	38	97
108	260	466	343	93	47	37	95
112	256	495	357	83	43	36	100
109	242	483	332	72	41	33	105
116	291	508	352	80	38	33	115
108	336	618	310	77	41	36	107
112	340	638	284	79	43	37	119
103	313	629	250	80	43	38	121
109	331	634	254	80	42	40	121
94	280	624	248	79	42	37	113
95	265	549	242	81	43	35	112
97	264	561	254	81	41	34	98
104	287	563	258	84	42	34	104
106	278	570	271	96	44	30	98
107	285	565	250	94	44	31	94
109	275	519	264	96	41	31	95
115	282	518	295	99	42	31	105
115	253	496	302	95	40	29	92
117	271	522	304	91	36	29	101
106	247	572	338	91	33	28	99
143	239	581	333	84	32	27	113
145	265	585	291	86	38	29	102
145	277	597	296	90	37	29	105
144	282	567	309	83	39	28	96
153	288	500	326	83	41	31	111
135	302	514	345	98	48	33	114
137	265	517	351	108	46	33	125
140	263	522	342	114	45	34	124
133	249	538	316	124	45	34	135
124	239	548	279	129	47	32	121
106	215	601	278	122	41	30	118
97	237	633	309	131	45	32	111
92	240	648	355	153	53	32	113
95	231	646	365	148	57	34	103
92	261	693	416	152	57	34	109
92	292	669	423	162	61	39	94
87	319	663	446	180	60	38	97
86	332	643	461	175	56	40	98
105	330	643	446	194	53	42	110
110	315	621	427	203	53	42	108
127	374	634	415	196	48	37	116
125	342	587	360	171	45	37	116
138	366	612	372	183	52	43	124
126	369	623	425	185	55	44	120
131	408	654	454	188	56	44	118
120	365	638	469	202	60	47	109
121	371	673	467	199	59	48	109
125	338	642	450	200	61	45	100
132	359	588	454	204	71	47	91
127	370	557	417	201	74	48	86
121	342	545	404	206	75	46	90
117	345	508	454	213	78	45	78
105	358	566	436	219	79	42	76
112	345	560	431	217	70	36	94
109	285	502	495	211	68	39	109
107	274	484	524	198	66	40	109
108	281	451	489	272	70	38	117
101	314	412	485	262	74	40	121
82	312	419	453	250	75	41	105
91	320	449	394	310	75	39	90
92	338	489	373	307	86	47	87
92	332	513	377	253	84	48	83
96	333	515	439	321	85	49	82
100	357	536	459	326	84	47	90
97	362	548	452	273	85	52	107
120	363	535	452	284	83	47	113
120	358	528	512	313	92	50	108
116	324	512	457	254	85	48	98
123	333	512	455	243	83	50	95
116	316	506	494	238	84	48	75
105	329	510	496	233	78	49	72
110	357	500	427	178	64	46	79
110	349	522	475	160	64	50	82
109	310	506	465	164	68	49	76
119	323	466	393	152	62	43	79
122	286	426	386	142	61	42	72
122	286	413	404	132	61	40	66
118	278	400	365	111	58	39	61
117	288	398	370	107	56	36	61
119	269	432	363	110	56	38	65
111	306	461	380	117	54	39	69
107	330	576	412	120	53	42	71
108	336	559	401	118	55	40	74
96	336	560	431	124	54	41	81
87	347	538	438	120	52	41	81
78	351	543	409	107	46	36	82
75	316	405	380	112	47	34	89
75	305	531	418	114	44	33	88
94	310	584	379	102	42	35	86
119	384	617	417	115	45	37	85
120	371	599	431	126	49	40	85
123	375	642	444	125	49	40	83
128	382	565	398	114	47	40	84
125	392	504	386	111	47	40	86
112	372	474	376	103	49	40	84
133	426	549	413	107	54	47	91
131	433	583	432	104	53	45	86
128	426	571	426	105	55	45	85
121	425	572	430	105	52	44	97
111	399	582	420	106	49	42	96
86	358	561	486	121	57	46	88
89	396	526	470	123	63	48	92
92	420	508	470	122	62	48	93
88	411	527	468	121	62	46	82
85	444	568	528	132	67	46	88
90	426	520	426	104	53	37	95
85	416	494	420	95	44	34	87
82	407	483	433	95	44	37	101
89	421	574	466	101	45	38	100
96	381	630	429	88	39	36	96
90	370	698	435	91	40	34	93
96	330	691	441	94	41	33	100
98	323	743	436	98	45	37	101
95	335	782	422	93	44	39	104
86	310	821	387	88	45	40	105
88	373	780	368	83	44	39	119
111	359	820	320	78	43	42	133
119	370	794	345	85	40	37	149
123	322	726	324	91	43	40	184
150	338	769	306	101	49	41	182
151	269	750	306	100	47	40	175
135	267	734	331	107	47	37	173
132	245	712	318	103	46	36	166
135	241	668	315	99	46	35	132
114	242	592	311	89	41	30	136
109	242	594	360	103	47	34	152
105	246	670	410	109	52	40	148
103	242	683	398	107	55	42	135
110	294	690	433	112	54	40	148
131	291	624	438	113	53	45	153
133	309	633	410	102	48	43	137
140	333	607	408	100	47	41	142
146	385	623	419	101	46	39	162
153	362	636	377	92	45	41	158
143	365	651	454	102	48	40	154
144	352	699	464	104	49	41	169
149	334	624	408	95	49	44	167
153	328	723	436	99	47	44	160
133	320	720	441	102	47	41	148
125	328	685	360	90	43	39	148
135	335	664	363	99	49	40	127
121	344	657	404	99	48	35	118
110	304	570	370	103	47	35	107
105	305	556	406	107	49	35	113
101	278	579	425	108	49	37	118
87	277	565	425	114	50	37	119
90	299	697	518	135	60	42	139
96	312	733	528	160	69	47	152
100	302	725	523	166	73	53	159
109	317	737	545	168	76	54	154
104	316	735	558	167	74	54	148
98	289	610	456	148	66	50	136
87	293	629	442	144	67	47	143
106	340	630	429	148	63	43	131
101	337	660	530	173	72	52	136
112	329	693	561	279	81	52	139
121	389	809	605	286	86	55	142
139	407	796	640	281	85	59	118
137	401	842	701	288	89	59	122
135	401	817	633	277	80	51	127
141	465	844	657	197	73	49	130
145	409	805	727	194	70	51	124
147	374	893	752	204	70	51	118
142	347	954	695	207	69	54	106
157	373	904	700	200	72	53	90
151	314	874	660	228	87	59	97
149	307	837	590	325	92	59	90
144	317	794	589	349	94	55	95
155	309	767	643	389	110	62	106
156	309	802	605	461	115	62	105
150	306	814	584	445	111	58	94
148	318	794	576	399	108	56	98
146	365	747	590	426	110	57	99
125	395	654	535	406	93	49	97
111	365	620	562	330	85	54	112
117	442	608	629	329	96	63	110
109	438	629	650	321	96	64	107
102	455	566	572	274	95	64	113
146	441	588	608	431	107	62	124
141	445	588	592	446	111	60	111
141	379	587	592	448	98	55	114
143	398	649	578	448	99	54	116
151	307	643	593	455	91	49	107
110	287	626	547	305	77	52	93
113	272	645	532	322	74	51	106
110	239	741	484	323	76	49	103
120	278	691	485	317	74	53	114
101	286	663	474	277	77	54	109
112	287	703	537	261	81	56	120
104	286	689	548	259	81	56	106
105	300	611	567	246	78	53	105
95	217	605	534	276	86	53	91
94	224	635	538	313	95	55	86
80	222	568	475	378	120	55	79
101	257	616	574	386	136	57	81
98	216	566	516	410	135	56	87
97	216	678	547	424	131	54	81
99	195	732	526	442	141	58	96
103	189	733	523	419	123	56	83
88	249	776	511	478	108	56	86
96	265	774	533	495	109	60	90
98	281	658	501	473	111	57	90
103	297	599	610	556	128	71	90
97	336	616	629	550	140	74	90
92	277	595	590	512	171	85	92
89	286	599	638	561	190	86	90
90	270	613	613	560	192	88	98
86	255	618	567	468	190	88	92
89	246	591	565	462	186	89	90
102	248	599	584	505	157	78	90
91	238	646	535	455	139	75	85
96	275	691	610	503	141	78	82
97	301	707	633	517	128	67	80
98	300	733	678	564	156	77	87
89	323	744	677	584	170	83	81
91	322	728	712	603	184	90	90
97	338	701	669	578	186	89	94
97	313	643	613	573	184	85	90
92	282	690	595	568	168	78	84
93	261	632	564	520	161	75	88
93	275	608	572	458	136	67	81
79	219	587	567	437	128	65	71
71	223	633	557	517	123	63	76
76	268	604	592	500	115	57	73
77	282	616	580	463	107	55	68
84	270	645	555	469	113	59	84
90	290	623	592	582	125	66	83
92	287	621	627	540	126	69	78
87	261	645	601	548	116	67	80
101	258	676	620	537	113	66	99
96	269	630	582	594	112	62	85
88	249	689	537	489	103	54	81
85	263	711	550	433	102	53	80
85	263	678	545	372	97	50	78
66	265	648	559	366	98	50	52
63	276	653	592	296	122	52	60
64	288	595	622	297	126	60	62
62	289	601	630	288	130	62	62
81	380	589	670	287	136	68	74
83	371	556	668	331	134	68	78
99	360	649	776	291	119	74	84
99	356	659	763	277	115	71	88
99	370	714	792	358	110	72	86
87	286	692	750	427	116	68	80
85	281	718	735	401	117	68	84
70	263	605	624	406	106	62	74
73	321	767	754	440	109	64	74
80	352	669	691	409	101	63	83
84	411	714	657	337	92	63	81
84	405	690	651	342	93	62	77
84	403	735	644	344	96	61	74
85	384	622	529	302	89	61	73
80	339	640	530	259	94	60	64
76	265	610	551	263	88	59	70
83	255	595	536	296	89	59	85
89	262	563	555	298	98	61	86
92	250	553	561	323	125	67	87
103	247	676	754	354	138	77	99
108	286	759	797	358	142	79	105
109	288	783	802	320	141	77	99
103	290	820	778	307	132	71	96
100	302	813	743	303	110	63	95
89	307	736	586	251	87	47	83
87	261	730	586	254	93	53	86
79	273	704	626	251	95	54	80
79	289	730	711	273	94	57	80
75	271	719	740	238	91	59	82
84	310	732	722	284	93	60	91
79	305	666	690	302	96	59	79
73	299	780	697	307	90	58	76
75	286	742	678	328	104	72	80
78	300	758	674	469	116	71	76
68	269	784	776	457	125	77	85
71	277	789	752	434	113	72	89
85	325	746	774	505	145	84	88
84	377	765	800	511	156	86	86
83	386	814	808	447	152	88	90
93	403	728	721	429	144	86	80
95	435	759	770	452	145	87	74
100	426	808	832	394	132	90	81
103	394	854	813	378	118	81	79
117	369	854	803	352	123	85	94
115	379	878	786	369	127	83	98
132	380	924	781	350	158	99	108
133	425	900	739	333	156	101	112
132	417	851	688	328	149	98	110
124	422	761	682	362	152	99	94
129	436	864	788	386	152	102	88
112	407	836	813	378	127	89	81
98	339	795	731	375	117	74	70
96	337	829	756	361	123	76	76
90	402	926	807	307	120	75	81
78	382	897	703	287	130	74	79
74	400	842	659	290	125	70	70
73	407	850	649	274	124	68	74
80	425	831	734	286	122	72	74
83	381	837	715	326	128	73	77
81	353	759	716	302	113	69	78
86	327	783	767	504	132	76	87
86	321	790	838	535	136	79	94
78	334	778	774	563	145	78	89
75	290	692	734	599	141	75	91
80	279	763	755	614	147	76	109
88	267	755	700	479	224	81	133
93	251	734	688	523	228	83	129
93	183	721	621	506	232	82	131
91	211	750	611	525	233	79	127
87	210	707	556	519	229	77	109
79	213	685	576	513	172	76	72
71	216	674	496	477	193	74	68
81	207	650	544	484	178	70	68
81	189	595	510	358	168	67	63
96	236	585	540	517	191	76	65
98	267	579	482	514	163	65	59
99	263	583	489	467	124	59	61
98	285	568	450	438	122	55	59
111	376	671	547	456	128	56	57
99	367	710	552	269	94	48	68
98	378	767	576	243	89	50	72
97	397	730	547	243	86	49	72
94	386	786	599	232	85	53	80
91	334	713	552	190	74	53	83
90	322	678	515	138	59	49	73
85	279	609	477	128	55	43	72
100	291	609	571	147	63	44	69
103	300	615	508	140	61	43	60
93	288	624	499	137	60	42	62
95	302	641	532	150	69	43	65
97	312	637	578	156	69	47	69
85	320	691	561	150	66	53	75
91	335	659	684	199	81	63	87
92	307	630	691	197	79	62	101
95	293	582	669	185	72	60	105
93	297	656	730	201	80	63	105
89	294	628	739	204	81	63	103
86	289	582	653	160	66	50	109
110	292	605	655	164	69	55	108
105	317	629	716	180	75	60	106
111	303	557	671	172	72	58	109
111	311	504	613	156	69	54	108
106	364	526	593	149	65	54	101
105	360	615	644	156	66	52	110
106	444	608	602	144	61	48	107
109	451	670	673	143	61	48	104
118	421	708	709	159	65	53	107
125	392	753	805	185	72	55	104
111	410	661	763	176	68	53	76
120	328	701	764	178	69	55	80
119	329	688	744	188	70	59	103
113	349	724	733	183	71	55	102
109	357	790	734	191	74	59	100
122	364	837	736	191	75	59	105
150	428	829	733	186	73	60	119
146	435	848	674	167	68	55	104
161	501	854	717	174	71	59	108
164	495	794	626	148	64	54	109
150	492	766	597	142	63	54	107
122	440	784	637	152	69	52	98
122	432	731	626	151	70	51	94
100	327	781	539	130	63	44	100
85	381	736	477	114	61	41	103
92	377	706	479	112	61	39	120
80	348	659	409	107	58	38	120
76	375	755	407	113	57	38	118
74	437	870	436	114	55	38	120
89	376	892	452	132	56	38	127
88	372	909	464	159	63	38	110
109	386	940	468	210	65	36	105
106	385	848	478	228	71	36	107
109	322	611	446	245	73	35	95
95	330	586	529	271	76	37	83
96	313	587	576	294	80	38	89
77	305	530	560	327	88	41	82
82	264	600	602	330	88	45	82
91	264	755	695	403	96	55	103
102	245	770	641	418	99	59	112
104	272	781	735	468	118	77	116
99	270	852	797	495	141	83	126
108	288	927	865	535	158	92	134
110	324	831	849	512	162	90	120
109	332	813	900	562	172	91	111
101	316	813	846	782	233	92	102
104	301	775	912	811	222	92	98
110	279	731	888	797	216	81	82
107	292	742	918	828	221	84	79
113	350	754	897	841	235	89	79
113	375	713	875	614	165	74	80
122	370	667	761	526	160	67	76
118	381	592	673	663	161	69	82
112	370	573	571	609	151	67	80
108	340	604	604	558	123	61	78
118	340	677	580	647	126	61	81
109	361	665	549	667	150	68	78
99	362	669	575	580	161	73	74
97	368	689	608	581	164	73	75
92	366	657	553	550	159	72	78
93	351	647	605	429	157	80	90
100	404	635	607	465	138	76	101
104	409	615	588	382	114	67	99
122	379	602	606	360	106	66	99
124	397	605	629	375	105	67	96
118	410	624	598	362	94	53	85
108	369	632	614	257	82	53	71
105	430	658	615	235	81	55	71
84	453	666	629	238	81	57	68
76	436	714	624	215	87	59	70
91	432	668	607	214	95	64	75
92	441	680	636	199	94	62	77
88	369	631	618	201	94	61	78
90	333	592	572	204	93	58	78
88	303	545	533	177	79	52	72
67	293	516	513	145	68	45	57
71	240	478	577	186	78	53	66
70	256	490	578	187	78	57	65
67	257	467	594	169	72	55	66
66	263	401	594	174	72	54	66
75	299	407	598	187	80	57	90
70	305	451	483	140	65	47	81
74	317	485	541	145	69	46	86
74	312	478	479	138	68	45	86
83	294	483	491	142	71	49	92
75	245	479	465	126	63	45	70
73	234	433	530	141	67	46	78
86	201	404	505	142	65	50	74
90	264	460	546	152	68	53	91
85	289	446	520	143	65	48	92
86	308	477	564	152	67	50	94
98	333	480	519	146	68	51	103
85	338	442	444	122	60	43	101
78	309	392	384	128	63	38	91
77	282	406	377	151	67	42	91
77	255	347	319	160	72	43	99
63	225	440	315	161	69	43	90
63	261	480	377	173	85	48	91
65	272	494	441	169	86	52	88
73	290	542	477	162	90	51	89
70	299	559	468	141	83	48	83
70	306	580	558	153	86	50	82
80	273	608	583	153	77	49	81
84	260	622	567	149	74	51	79
79	264	577	566	142	73	54	123
88	257	615	639	160	78	57	120
89	256	553	597	156	75	54	119
80	266	607	587	154	74	53	121
85	299	616	564	161	85	54	122
81	319	606	549	169	83	51	72
76	357	618	461	157	80	51	78
85	391	704	415	153	84	53	86
83	394	669	370	148	81	51	82
77	418	621	356	137	73	47	88
90	407	621	310	126	78	51	85
97	389	574	313	147	84	52	82
137	354	536	267	147	84	52	90
141	341	458	224	139	81	52	93
144	309	499	237	138	78	50	84
149	340	546	328	137	66	43	89
147	365	547	338	109	58	39	90
110	360	619	363	112	53	38	86
107	381	642	373	112	53	38	85
105	371	648	366	115	48	36	88
124	356	674	311	110	52	39	97
123	420	718	316	128	58	41	93
116	427	587	286	118	56	38	91
127	416	629	288	123	66	41	100
125	410	668	296	118	71	43	110
97	385	639	300	110	66	38	98
98	261	630	296	96	61	38	107
113	290	640	316	91	59	37	112
112	300	596	336	94	56	37	111
113	313	526	329	105	58	37	101
113	326	475	302	118	67	40	111
142	348	599	393	141	70	44	113
148	324	662	425	155	74	48	110
153	308	649	397	150	70	45	109
157	272	655	398	157	67	42	117
171	281	650	465	152	65	46	113
150	296	486	365	128	62	42	107
136	271	388	311	115	58	36	94
137	265	404	316	115	58	38	116
135	304	463	343	107	54	41	110
115	287	490	270	103	46	33	104
123	299	468	275	104	46	35	104
118	310	518	280	101	47	36	115
105	316	509	312	114	45	35	99
115	298	561	301	111	48	37	99
152	308	676	309	132	52	41	104
157	309	695	309	128	49	38	100
162	299	668	303	124	47	38	95
160	310	723	349	125	56	44	100
157	327	666	480	143	64	46	108
134	361	583	543	142	65	46	103
120	321	634	584	148	68	50	123
114	338	628	613	153	69	52	125
116	350	621	598	145	63	48	115
113	372	624	505	120	50	41	112
105	349	662	438	99	47	40	115
111	420	609	379	85	42	38	110
112	411	612	346	84	44	38	124
111	385	568	447	103	50	39	130
111	345	579	444	111	53	40	123
117	332	588	433	116	54	42	120
124	300	630	442	116	53	41	120
125	307	647	472	118	55	40	111
123	301	634	413	108	54	39	102
115	313	683	428	105	58	42	107
100	301	644	463	104	57	39	106
68	226	631	456	104	57	39	91
65	234	606	430	100	53	38	75
88	247	691	523	129	62	45	87
89	215	601	518	129	61	42	85
103	207	544	479	121	58	43	90
108	222	538	486	140	60	42	99
112	203	576	508	146	61	44	100
96	214	504	434	136	56	43	94
94	224	578	462	141	55	44	95
78	232	591	535	158	59	46	97
73	229	562	569	149	57	46	99
67	248	510	537	150	58	44	101
61	230	522	538	150	54	39	93
64	224	540	534	177	61	39	97
69	226	590	489	175	62	38	101
82	209	580	446	175	62	37	92
86	209	615	453	168	63	36	93
87	206	606	372	148	57	33	101
84	209	560	350	123	45	29	90
86	223	503	354	135	46	31	82
74	240	572	382	131	45	31	81
69	216	541	379	130	43	32	75
70	212	495	384	139	46	35	69
80	213	463	396	136	51	39	76
74	216	470	449	124	54	39	85
78	205	438	446	129	56	40	91
73	214	431	436	128	53	39	93
72	207	413	433	131	51	38	95
76	201	380	401	118	46	36	97
73	171	392	312	111	38	32	92
68	223	359	308	122	40	32	82
76	229	363	429	137	43	33	87
74	232	375	408	138	45	35	95
61	220	399	411	140	47	35	104
68	222	382	407	131	45	36	100
73	170	352	406	130	46	37	106
70	184	346	314	141	57	38	111
71	204	389	409	174	68	41	108
70	210	349	406	185	70	45	97
70	259	330	420	203	73	46	94
71	264	357	398	194	73	46	92
66	252	350	378	180	66	46	78
67	265	308	275	147	57	42	71
65	266	412	344	147	60	39	91
57	218	397	358	147	60	41	96
48	216	375	368	147	58	40	106
54	218	453	390	143	57	38	107
51	192	457	397	137	54	36	106
54	192	384	332	124	46	34	84
65	191	417	345	123	44	33	86
63	177	471	413	160	46	33	67
65	189	425	402	178	54	34	69
82	172	465	457	183	56	35	88
82	170	450	450	185	61	36	108
85	162	442	419	176	61	36	107
95	197	402	362	148	60	40	116
103	175	374	371	136	59	43	118
93	189	308	309	142	60	44	111
92	195	372	345	137	58	45	93
88	190	385	396	139	56	43	96
89	191	418	430	141	57	41	97
82	179	424	417	146	49	38	99
80	168	428	415	160	48	36	102
83	185	439	460	167	51	37	106
82	210	481	466	165	61	40	102
69	201	470	506	178	59	37	92
70	261	589	558	186	62	36	94
77	264	606	601	207	73	43	91
82	244	648	575	230	75	43	112
83	242	643	579	232	66	41	112
87	232	660	529	218	66	42	117
85	237	594	541	218	65	43	110
92	242	603	545	240	58	39	111
93	281	543	584	266	67	44	87
103	266	550	632	313	87	53	84
108	279	511	688	328	92	55	79
104	221	488	679	320	93	54	78
93	223	523	652	283	90	54	63
86	211	587	612	234	81	49	70
83	258	532	522	157	57	41	67
80	259	597	465	197	55	40	66
82	284	613	418	194	58	44	75
83	287	604	436	186	59	46	78
80	275	530	413	185	56	44	72
68	265	547	428	194	63	49	78
69	268	477	382	139	59	46	78
75	295	515	480	158	62	48	77
69	303	522	480	191	77	54	85
68	335	523	473	193	82	55	85
67	333	545	469	191	79	50	81
72	336	553	508	177	79	49	84
66	297	517	399	159	71	43	94
77	338	577	530	118	57	37	89
78	289	593	549	118	51	36	87
78	287	586	540	100	51	34	88
76	299	581	520	102	54	37	88
74	310	633	620	132	61	40	78
77	269	618	524	140	63	42	75
77	266	587	532	138	65	45	77
81	268	571	554	145	63	47	80
72	257	574	547	142	62	47	78
76	244	502	450	120	57	43	64
76	228	422	406	105	50	38	62
89	247	421	386	103	48	35	60
84	213	397	355	96	50	33	53
94	260	475	393	101	46	31	59
100	265	534	380	98	49	35	66
99	254	495	395	102	47	36	68
89	249	501	394	97	45	37	71
91	272	517	463	108	51	39	69
81	230	447	460	112	53	43	60
79	216	383	482	120	58	42	65
75	238	405	494	118	59	41	65
72	236	400	485	119	59	41	64
79	214	384	434	109	54	40	65
91	292	357	419	122	58	46	92
110	290	295	401	112	52	46	102
112	304	292	368	112	50	45	101
117	368	312	393	115	52	44	99
112	393	344	385	118	55	44	103
106	332	359	337	90	48	34	87
79	350	451	357	108	56	38	67
75	347	451	370	114	57	41	80
68	280	439	334	106	53	41	81
64	248	407	294	97	52	40	80
57	281	428	316	102	51	40	86
71	304	373	267	87	41	34	104
68	280	365	290	91	48	36	94
65	300	403	297	97	50	37	97
88	346	438	310	99	51	40	125
90	384	488	304	96	51	40	121
80	356	483	303	88	48	38	109
86	376	507	258	82	39	34	119
93	384	504	288	91	38	33	132
76	352	544	295	92	30	28	106
76	300	484	304	92	31	28	102
