0	1	2	3	4	5	6	7
1115	571	1030	737	328	780	1137	930
1108	599	1137	784	336	816	1218	966
1076	675	1142	793	339	826	1248	939
1027	568	1107	691	242	615	1053	1000
881	597	1186	807	276	668	1002	977
949	630	1247	867	277	632	1035	1017
965	709	1198	877	284	646	1005	1097
1119	866	1202	1046	390	630	926	1187
1224	875	1210	1074	429	784	1045	1176
1508	849	1096	980	443	803	1073	1230
1458	874	1160	1052	455	879	1025	1208
1449	798	1154	1057	446	966	1063	1131
1400	573	1094	921	357	971	1101	1152
1306	544	1085	955	324	841	996	1099
1074	612	1122	983	310	774	962	1052
1197	657	958	913	313	672	954	1002
1289	742	934	916	326	471	875	995
1182	723	953	879	316	356	794	848
1319	822	940	930	416	384	816	955
1307	955	906	992	391	331	788	951
1299	909	970	944	351	334	800	1041
1246	808	968	932	371	387	762	996
1316	837	982	1002	422	443	836	1080
1202	779	994	1025	395	467	883	1012
1198	538	984	960	412	553	909	1055
1160	498	948	968	436	682	898	984
1102	542	1015	972	443	706	987	1005
1126	540	999	954	460	683	954	931
1078	502	1035	823	392	628	840	861
997	484	1125	811	404	685	842	888
880	547	1167	928	438	577	784	966
974	573	1196	961	433	527	707	976
1023	531	1224	968	390	560	747	1017
1115	515	1198	946	409	662	883	1040
1194	554	1182	907	378	600	872	958
1256	512	1191	821	336	652	989	885
1177	516	1140	730	344	739	1070	834
1061	521	1084	696	372	743	1171	760
1124	565	1129	893	393	739	1207	783
1099	632	1144	929	397	711	1252	845
1089	629	1097	896	390	693	1173	856
1075	621	1109	920	364	636	1092	868
1047	646	1112	921	320	604	993	914
980	646	1037	883	328	625	981	883
977	580	1002	882	331	638	934	858
949	574	1023	950	320	764	1056	913
1111	551	980	960	302	763	1082	1034
1143	538	977	940	288	780	1050	998
1177	521	1021	896	254	703	916	1005
1174	464	993	865	253	712	885	961
1163	473	918	809	248	519	738	912
1011	489	883	811	300	527	753	801
1013	514	847	811	314	536	723	853
906	506	873	856	314	680	926	853
886	528	911	877	301	625	930	927
878	522	1016	824	346	638	949	980
928	476	1024	830	337	631	1003	972
895	427	1074	782	314	591	1028	874
872	385	976	650	303	512	953	913
805	411	1015	628	312	565	1017	843
873	399	932	617	258	562	998	907
907	401	934	549	210	497	870	890
895	415	862	639	242	609	866	928
834	472	919	695	237	534	788	902
875	447	818	752	226	510	649	895
836	476	877	811	266	512	650	789
680	459	843	800	306	552	705	747
629	451	867	884	311	438	715	772
680	402	905	823	291	400	654	659
651	395	899	771	298	386	682	650
597	331	850	693	282	400	715	585
657	365	1000	703	242	398	738	605
681	358	1053	496	207	384	654	497
650	355	1014	458	202	380	673	537
644	363	1008	436	203	447	720	556
627	358	980	438	182	406	644	559
