0	1	2	3	4	5	6	7
1205	572	954	638	215	131	324	918
1347	623	1106	678	224	143	369	973
1315	623	1136	779	263	145	333	1033
1235	616	1155	808	277	154	335	966
1248	550	1207	829	250	161	370	1060
1249	603	1313	893	266	176	380	1088
1216	614	1352	955	280	175	360	1096
1225	626	1397	925	264	175	339	1019
1193	588	1425	1032	295	195	345	988
1213	593	1393	1050	304	182	305	946
1241	608	1338	1042	312	202	333	1031
1194	531	1229	1037	319	212	330	994
1174	588	1172	1001	299	201	394	1059
1162	607	1182	886	258	170	370	1031
1223	647	1147	932	295	192	361	1062
1172	605	1105	938	297	176	337	1108
1211	617	1129	1059	337	179	346	1073
1332	524	1122	1084	348	184	278	1100
1374	559	1029	1133	384	195	313	1139
1344	573	1030	1078	399	208	322	1079
1401	577	1033	1126	424	221	353	990
1439	607	1025	985	395	224	379	1000
1280	622	1020	963	389	229	386	856
1305	640	1054	912	354	237	380	933
1220	634	1119	931	319	204	376	932
1104	663	1135	986	327	201	361	845
969	647	1166	987	318	200	339	900
987	670	1158	1007	360	196	321	988
835	633	1149	1049	405	183	300	898
886	598	1020	1000	391	222	350	1015
929	535	1040	823	330	203	343	1009
1024	505	991	835	321	188	331	1059
1107	584	1001	837	299	221	384	1023
1131	575	1006	839	277	230	425	1050
1051	529	1070	834	270	192	377	962
1039	545	981	943	295	191	368	1063
934	527	939	854	282	182	355	1007
753	401	929	806	256	146	323	955
712	347	905	708	221	140	288	929
702	398	873	674	215	149	304	973
654	403	972	590	198	145	296	909
646	460	936	595	196	144	288	876
654	432	988	585	192	129	243	875
605	447	962	555	158	97	204	917
688	407	994	561	161	88	183	845
671	384	835	554	160	83	173	822
681	287	840	534	158	85	167	773
722	277	727	536	161	88	162	854
