0	1	2	3	4	5	6	7
168	218	462	570	166	69	57	116
153	194	523	593	163	69	58	123
127	199	537	640	182	79	56	116
143	193	544	629	188	81	56	117
165	186	529	507	161	76	50	129
151	183	601	494	143	66	43	120
164	207	652	528	153	65	43	118
151	194	612	497	150	57	41	119
149	205	621	520	142	52	38	113
151	199	620	540	140	52	39	110
153	205	625	649	202	75	57	131
144	183	547	628	220	82	56	128
151	225	625	689	229	86	58	128
147	242	622	670	233	92	57	135
143	253	610	660	234	93	60	138
154	247	616	554	192	79	48	126
180	248	604	523	178	71	47	137
205	205	514	425	160	63	47	141
240	174	492	415	162	61	52	139
232	154	505	421	165	59	49	132
226	139	454	377	166	60	50	127
222	144	434	372	147	58	50	128
202	141	435	342	132	57	47	131
153	146	480	361	120	51	40	125
192	180	473	372	116	50	43	126
198	202	442	337	94	43	40	125
187	208	487	339	96	46	42	121
178	224	477	354	119	50	41	122
182	235	449	410	134	55	44	147
139	218	441	439	151	59	44	139
129	201	453	436	150	59	43	149
126	209	417	454	158	56	44	154
128	187	429	463	148	54	47	149
131	175	418	399	137	51	45	125
145	159	395	315	112	45	39	135
163	169	330	311	117	49	39	124
155	145	319	340	115	52	38	108
216	175	308	396	121	52	41	105
221	167	351	400	127	52	42	96
217	176	363	435	128	54	42	85
222	168	378	490	136	52	43	83
224	184	372	467	141	55	42	89
169	160	356	483	150	61	41	88
162	170	325	498	177	73	46	101
173	164	307	481	187	75	52	110
163	165	322	431	179	77	51	111
168	152	314	403	167	71	48	110
179	165	351	418	164	65	46	114
175	163	337	418	148	48	38	114
171	160	357	425	143	43	31	105
168	163	342	450	166	54	42	108
171	160	343	465	170	57	44	109
194	148	371	429	176	65	50	109
200	143	380	417	162	65	50	101
188	180	386	472	164	69	53	98
225	206	421	442	141	62	47	99
223	208	469	445	143	58	47	91
244	206	462	454	158	53	47	108
263	205	442	435	153	55	49	112
263	197	428	358	140	48	44	111
242	189	442	377	147	47	45	113
238	188	428	424	170	48	45	114
186	190	411	394	149	46	40	95
160	197	437	406	150	47	39	90
185	179	447	422	153	49	40	84
165	202	429	481	165	48	39	81
182	203	386	439	144	48	39	87
188	209	394	448	136	47	42	88
178	211	371	437	132	47	41	85
185	232	427	474	142	51	42	96
184	215	434	434	138	58	45	87
182	213	430	435	136	62	50	98
188	213	425	417	143	65	47	111
201	220	433	427	145	67	51	129
242	203	389	373	150	65	52	133
247	169	360	371	142	59	47	141
240	178	383	396	148	56	43	136
257	172	348	379	138	51	42	123
268	158	364	398	146	53	41	111
205	218	403	418	137	52	39	109
208	249	433	390	143	56	44	113
210	260	432	342	127	53	43	118
186	277	514	400	156	67	51	132
160	288	522	368	150	65	51	130
184	250	478	400	156	69	53	137
176	224	451	434	150	66	50	125
186	211	487	439	157	69	49	121
194	241	420	403	137	58	43	113
195	233	397	460	148	59	43	116
173	224	412	453	162	65	45	102
192	256	411	426	157	67	50	126
180	262	428	450	157	68	53	118
163	236	498	596	217	84	65	132
162	241	501	602	226	86	70	148
186	241	505	595	215	79	65	144
156	209	526	624	230	81	62	124
172	210	461	625	228	80	61	133
187	198	430	532	183	63	49	110
183	193	481	496	162	55	40	75
158	205	476	465	157	53	39	93
179	235	495	433	132	45	37	119
173	249	508	420	138	43	37	116
151	253	475	342	114	39	36	118
183	257	471	314	117	42	36	125
195	258	460	325	107	41	37	118
177	229	403	294	106	37	36	106
164	209	412	336	101	39	35	113
180	219	394	382	118	51	40	113
147	210	339	391	115	47	37	113
131	199	340	390	123	49	38	119
131	211	328	408	130	52	38	115
126	203	325	392	132	55	42	107
95	173	344	342	112	46	38	106
126	183	385	424	150	57	45	120
118	197	416	446	161	64	47	109
151	187	462	496	177	68	50	102
159	186	489	494	183	70	50	107
203	196	489	490	183	69	48	134
188	225	479	444	149	62	42	123
192	209	466	481	155	59	39	141
181	202	453	412	132	53	35	150
175	201	393	381	117	47	34	155
134	215	396	409	138	49	33	137
134	190	369	370	141	49	34	131
138	238	412	328	113	39	34	119
146	251	399	385	126	43	38	117
166	270	413	428	139	51	40	105
168	257	422	414	134	58	44	100
182	284	461	536	186	75	47	103
185	250	403	570	199	84	48	101
171	254	398	553	193	82	42	108
165	246	384	521	187	76	40	117
158	246	371	513	183	72	35	119
139	216	309	397	131	60	37	123
147	239	331	338	129	57	39	120
174	220	315	323	136	61	42	111
168	212	404	325	139	62	41	101
166	207	422	379	155	63	44	95
164	209	444	375	157	60	40	84
152	201	490	358	144	51	35	93
168	204	550	370	136	47	36	97
181	206	502	390	127	46	34	92
182	211	493	402	107	41	31	95
202	187	474	436	115	44	31	102
208	175	423	432	106	43	32	101
173	172	357	419	105	46	31	93
153	205	420	402	123	50	35	102
164	214	479	363	127	49	37	99
150	224	501	309	117	45	38	114
133	235	484	293	118	47	45	129
141	240	487	329	118	43	44	128
179	229	489	341	105	43	44	130
192	210	430	318	111	47	43	142
199	206	417	318	117	48	43	135
201	177	422	391	149	56	39	130
213	192	406	360	156	57	44	138
195	223	352	391	164	53	43	143
171	228	338	385	157	54	46	133
154	233	347	385	151	52	44	130
164	231	354	298	120	43	39	109
129	256	407	357	125	44	35	96
121	210	413	322	123	46	35	77
124	207	405	319	124	44	33	73
149	196	400	327	122	44	34	77
164	211	390	369	124	45	38	83
170	178	340	323	123	44	38	81
170	194	315	359	128	48	36	84
175	213	302	390	121	47	34	90
171	217	290	434	148	57	36	88
157	241	370	427	150	57	38	98
162	264	408	534	173	74	51	123
160	260	416	507	162	73	54	130
158	265	443	545	173	71	54	156
150	282	464	503	152	66	55	154
136	254	434	494	159	70	55	145
125	251	429	407	136	58	45	132
163	276	451	407	136	57	43	149
177	286	433	341	133	59	42	120
168	272	407	349	131	58	40	113
172	283	393	380	137	56	37	135
189	258	375	339	124	50	38	143
151	241	332	331	122	52	34	122
142	221	353	321	129	55	37	122
148	210	383	348	139	59	37	126
174	207	369	349	126	60	40	106
154	194	351	375	133	63	39	98
165	189	357	423	144	65	46	98
172	183	356	409	127	60	45	98
173	183	317	385	120	56	44	102
153	185	373	380	129	54	42	101
160	190	386	355	122	51	41	107
179	180	398	304	116	43	38	112
168	180	385	335	114	45	40	116
215	182	393	359	117	46	41	123
210	182	422	377	104	44	39	119
204	192	440	404	114	51	42	103
189	187	427	419	108	53	39	97
219	173	446	402	105	53	36	106
200	173	458	404	101	51	38	123
195	166	375	374	103	51	39	126
231	152	346	356	89	46	41	140
224	160	382	346	91	46	39	141
216	164	383	333	90	44	39	129
183	194	399	300	87	47	38	100
202	210	410	295	107	50	44	108
193	225	434	300	114	52	43	89
214	211	432	284	109	48	43	88
183	229	426	301	117	51	45	118
202	220	381	313	129	51	43	115
202	196	394	294	111	52	39	118
186	185	412	261	107	50	37	115
175	200	411	273	118	53	39	114
206	194	389	325	115	51	39	90
194	186	406	335	107	47	38	96
184	201	420	339	112	45	36	84
179	216	385	383	116	45	36	89
181	205	346	405	113	44	35	93
145	196	367	354	109	42	32	91
143	191	391	348	115	45	33	91
134	184	369	368	115	45	32	108
141	186	396	369	109	47	33	110
124	222	440	348	97	46	33	120
142	229	460	354	100	49	35	120
145	238	438	384	99	46	36	123
166	255	435	358	106	47	36	110
170	252	480	326	119	48	42	112
181	218	446	311	123	50	44	101
174	224	464	357	127	50	45	100
169	210	503	319	126	53	46	96
202	194	525	354	112	51	47	100
190	193	447	358	99	50	41	94
177	203	436	369	99	47	38	116
175	190	454	340	104	47	37	127
183	216	410	354	115	41	35	134
133	219	446	352	125	46	35	133
135	202	468	339	126	43	35	134
146	212	519	355	127	47	35	116
166	238	465	341	135	44	34	106
189	236	459	319	122	46	35	103
189	253	419	279	114	42	40	111
198	255	397	275	111	40	35	107
203	254	346	246	109	38	36	108
193	245	425	323	117	43	37	110
183	230	414	332	116	43	36	119
192	217	408	343	120	43	31	104
181	236	439	381	133	43	32	108
172	232	467	392	148	44	30	108
171	231	480	328	125	43	31	99
170	235	495	319	128	45	32	92
231	245	502	337	131	45	37	103
234	278	489	336	126	46	41	99
232	284	499	345	113	50	44	98
226	265	406	352	111	46	42	95
208	270	420	359	110	43	41	87
119	290	407	330	99	43	36	82
114	270	403	292	101	44	35	106
107	276	377	306	107	42	37	132
108	285	402	318	114	44	38	145
204	279	374	351	112	44	38	149
204	248	375	365	115	43	39	156
201	231	401	368	110	40	38	144
203	232	374	378	114	40	35	124
212	261	364	396	114	42	40	135
143	264	354	358	119	39	38	128
141	252	364	422	138	55	43	117
140	269	312	424	141	59	43	111
140	274	339	416	131	59	43	108
139	245	304	402	135	57	38	98
131	252	334	396	137	58	41	96
129	258	350	337	114	43	32	94
135	275	350	326	104	35	28	102
167	274	354	288	102	38	28	99
164	289	390	352	108	43	32	85
154	283	414	388	114	43	34	93
166	295	378	373	127	44	38	96
204	262	371	408	149	56	45	121
197	242	371	503	154	53	47	121
206	219	338	465	147	50	45	122
207	242	310	442	141	54	45	121
212	220	341	454	139	56	43	144
173	215	415	423	117	46	39	119
155	226	386	305	116	45	35	117
136	295	391	265	116	46	36	113
130	273	443	302	112	43	35	112
109	287	449	294	102	42	36	87
127	282	396	300	109	39	33	83
120	268	431	326	96	39	36	99
128	191	450	359	96	39	37	103
141	207	376	318	88	41	35	99
138	205	354	309	84	41	34	87
116	240	348	310	89	46	36	91
119	271	355	315	112	52	40	82
123	276	336	336	129	55	43	83
181	275	341	350	137	58	47	100
192	279	314	349	141	57	47	100
192	252	360	377	154	56	47	108
193	261	388	357	148	55	45	99
196	261	404	330	135	55	46	108
166	251	428	321	130	49	41	106
156	259	424	323	130	51	44	115
190	264	396	314	130	60	45	128
205	246	343	304	134	58	43	139
196	273	317	272	132	57	37	132
206	267	280	260	131	57	39	143
212	311	292	258	131	57	37	148
193	328	341	216	110	45	33	130
188	317	324	244	95	42	32	130
186	287	351	271	95	40	30	136
162	285	364	307	95	42	29	127
160	230	374	361	102	43	30	113
142	218	330	357	97	43	31	124
152	214	351	335	94	43	30	118
153	247	316	320	92	44	34	107
160	267	320	312	89	43	37	103
148	242	308	237	76	38	35	124
177	244	342	309	84	39	35	119
159	247	331	308	83	40	35	119
187	226	362	312	78	37	32	137
174	204	350	308	92	39	31	145
175	225	407	341	103	41	31	134
156	197	380	294	102	42	33	130
167	194	376	294	102	42	32	133
150	205	381	329	112	46	31	117
153	214	424	340	111	44	30	105
153	184	374	302	107	42	29	113
159	222	413	286	105	43	30	130
193	238	444	327	113	49	34	130
187	256	444	307	110	46	34	129
243	246	435	287	117	51	37	147
252	247	463	309	112	51	37	137
246	225	412	313	110	50	35	135
219	217	372	256	100	45	37	141
217	161	391	252	106	46	37	138
143	176	392	273	104	43	36	110
126	183	348	257	104	44	37	111
141	211	401	268	111	47	38	115
131	205	425	310	127	50	38	102
141	210	408	301	122	52	37	119
143	238	372	311	135	56	37	124
163	309	404	321	135	55	36	131
160	311	386	350	145	57	39	118
160	351	395	329	141	53	37	121
151	356	389	318	139	50	40	104
157	368	422	318	117	44	39	96
150	317	396	340	124	47	40	104
156	302	380	322	111	42	39	132
157	245	327	320	111	44	40	146
202	295	311	319	105	43	39	152
223	252	342	284	116	44	39	175
233	282	381	247	115	46	41	166
233	307	368	212	114	45	38	141
235	321	391	211	106	45	38	144
201	289	420	230	111	47	43	175
182	320	418	269	109	53	48	157
163	323	419	261	118	51	50	169
157	316	431	279	124	56	54	179
145	297	419	286	129	53	53	164
145	281	422	296	130	52	49	123
145	263	370	278	121	47	42	119
165	213	324	287	108	45	40	100
163	167	336	263	89	38	35	84
171	222	334	253	89	40	37	94
188	234	320	217	85	41	37	96
195	244	322	237	84	39	37	89
185	290	355	244	82	39	34	106
194	288	319	261	87	39	38	141
197	278	317	318	100	42	39	137
177	293	379	439	114	44	38	137
163	298	376	462	126	47	43	142
160	293	358	458	124	46	43	134
155	305	435	464	128	49	37	90
157	303	441	438	119	49	38	86
165	319	350	323	108	47	37	118
191	293	376	321	105	47	33	117
200	255	398	327	119	56	38	112
189	291	329	314	119	55	39	133
177	318	330	292	111	51	36	134
183	295	362	291	106	50	33	116
164	290	336	212	114	53	34	114
161	306	305	220	105	51	35	124
164	264	317	261	116	50	33	107
173	219	364	259	120	55	36	104
160	205	336	256	124	56	36	105
158	228	395	259	128	56	38	105
143	209	402	252	134	49	36	91
146	230	424	227	127	53	39	101
158	264	391	224	134	52	38	99
167	281	395	235	132	52	39	93
181	277	341	242	117	46	38	118
186	294	422	241	112	47	36	144
191	275	377	234	109	44	36	135
198	252	370	253	99	39	33	145
186	229	368	273	110	49	36	143
161	224	388	260	113	49	36	131
176	238	328	274	109	50	37	102
186	296	394	344	118	51	36	100
198	279	394	340	121	53	36	85
204	292	407	320	112	44	33	85
206	294	402	347	123	46	29	70
229	304	363	325	124	46	27	83
221	261	314	244	114	46	30	87
196	283	342	337	127	48	31	90
200	277	320	353	128	48	30	87
225	292	307	342	110	46	33	91
199	245	332	342	108	43	34	97
193	241	344	334	104	47	35	103
186	229	347	256	92	46	36	99
189	212	374	312	89	49	41	118
195	216	389	350	95	49	39	125
187	226	392	347	99	50	41	120
209	236	434	421	116	49	39	116
217	214	417	418	119	54	39	116
223	288	406	396	138	59	38	105
196	316	391	392	151	63	40	108
214	335	368	390	148	65	39	105
190	322	280	326	145	62	39	112
216	326	294	323	151	63	42	119
244	326	350	308	139	60	41	129
242	276	331	260	123	58	42	121
228	257	347	276	122	56	42	127
234	278	368	261	109	57	42	116
205	276	352	245	86	48	35	111
181	212	304	233	80	46	37	96
183	231	338	237	77	41	35	96
181	231	335	218	76	39	32	89
185	303	322	231	95	41	33	101
187	332	332	239	97	45	35	104
176	327	305	225	99	48	36	99
186	347	289	211	102	49	36	101
191	438	268	228	104	50	36	97
191	391	281	264	99	49	37	93
191	432	290	277	104	46	38	89
174	439	376	307	101	45	34	90
163	414	385	327	103	45	37	91
159	332	400	325	103	51	38	111
152	348	423	306	112	57	41	106
156	280	439	367	139	63	43	111
158	339	407	355	148	60	45	121
197	364	380	343	147	58	44	127
192	344	403	362	154	56	45	122
192	326	361	354	142	48	42	139
188	342	341	285	123	41	39	146
186	284	309	277	106	40	37	153
174	257	336	292	113	42	36	152
171	261	322	298	102	41	35	139
170	284	328	289	96	40	32	124
163	267	305	281	82	41	31	116
190	261	344	265	86	43	32	101
174	268	422	298	85	39	32	109
167	292	412	274	86	37	29	124
170	277	410	296	84	40	32	122
185	293	475	364	93	40	34	136
174	311	465	361	94	39	33	141
168	297	405	398	119	45	38	137
173	304	390	408	123	48	40	129
184	285	401	410	126	48	39	151
181	248	312	351	122	45	39	151
186	242	312	382	147	49	41	145
211	247	308	310	117	44	35	133
210	205	303	297	111	41	34	139
205	206	304	292	115	39	34	132
204	202	300	293	122	46	34	114
180	159	283	251	84	40	31	111
164	166	259	236	97	46	32	129
166	162	270	224	110	46	34	126
160	185	353	273	118	51	40	111
150	215	390	311	141	56	42	113
159	230	371	326	146	59	44	118
148	255	429	358	147	57	44	102
158	327	449	359	153	57	43	100
172	310	378	304	143	54	40	100
186	290	358	284	113	44	37	98
187	295	380	320	120	51	41	97
176	275	357	294	116	49	42	92
198	216	364	313	107	47	44	94
197	235	388	323	116	51	43	99
192	240	385	322	127	54	45	106
184	244	397	276	116	46	39	104
216	266	367	322	121	46	39	119
264	272	350	301	110	47	38	114
278	273	317	297	98	45	40	109
270	286	338	295	99	43	35	104
