0	1	2	3	4	5	6	7
145	273	488	369	122	52	38	115
147	280	428	357	118	49	37	115
149	267	404	398	123	53	38	129
147	257	410	387	121	51	36	127
136	260	375	453	141	55	44	122
123	264	360	449	128	48	45	134
141	242	467	456	133	53	50	135
144	261	472	438	135	52	50	130
150	263	462	432	135	53	52	128
160	258	497	479	129	57	50	118
185	387	501	468	129	59	53	120
172	394	399	434	121	57	51	131
161	389	423	438	112	52	49	122
151	388	416	457	117	54	48	129
138	443	362	329	92	43	42	141
99	338	356	307	83	40	38	128
118	328	402	317	84	40	36	134
128	339	441	308	80	40	37	136
148	362	458	339	92	42	38	128
159	294	444	346	87	41	43	123
165	288	450	360	88	40	43	120
150	302	436	361	90	40	40	100
148	283	383	377	105	47	43	96
127	250	354	325	96	48	45	111
125	249	374	308	103	53	45	106
117	259	372	329	102	51	43	114
125	255	354	333	99	49	44	116
147	284	384	385	103	47	45	112
153	292	507	385	105	47	45	105
154	292	493	379	108	52	52	123
163	287	512	413	138	61	57	122
171	263	493	413	148	67	60	127
154	244	501	390	147	68	60	141
145	257	393	423	152	72	60	137
146	253	474	490	160	71	52	123
131	276	486	446	134	65	47	113
124	287	518	434	125	60	44	106
127	273	498	398	115	58	45	99
163	252	554	452	116	51	42	96
154	317	547	386	102	45	43	99
170	291	545	420	112	48	46	120
164	276	541	447	121	53	50	131
153	301	538	445	122	58	50	123
122	328	492	415	131	64	54	123
111	276	462	478	142	63	53	111
97	261	420	444	137	61	49	98
96	266	405	424	132	59	45	81
108	232	440	452	142	59	47	88
100	232	440	448	134	51	46	92
118	232	409	383	123	57	48	96
120	230	398	403	122	59	52	104
124	259	463	445	122	56	53	108
158	325	426	416	112	52	48	118
166	292	402	361	101	51	48	134
175	295	442	391	107	50	50	150
174	308	490	413	109	47	46	141
169	352	507	379	106	49	44	138
146	310	510	418	113	53	49	125
151	339	494	416	110	54	52	117
133	348	485	447	119	56	51	100
141	376	506	484	130	61	54	102
181	326	466	525	141	62	57	110
176	347	487	488	139	60	57	116
177	327	492	522	153	65	56	115
182	330	549	525	148	59	51	115
174	322	489	472	136	56	50	112
144	336	463	420	126	55	46	111
145	315	456	438	117	52	40	107
131	327	538	432	105	46	33	96
122	319	506	371	110	50	40	99
118	316	593	378	114	51	43	94
117	308	631	399	112	50	43	101
105	306	644	393	118	53	46	102
100	287	622	379	110	53	47	107
130	277	576	369	90	48	43	134
146	294	559	373	90	46	37	138
152	283	522	348	87	46	40	133
153	273	507	352	79	40	37	135
160	291	539	353	85	42	40	148
181	292	558	364	95	44	46	150
174	311	512	338	85	43	46	151
169	315	508	381	95	46	48	160
171	332	497	389	111	48	47	180
174	309	409	368	112	50	48	171
131	304	478	354	103	48	41	152
125	252	443	364	101	45	39	158
152	239	421	304	90	42	39	147
168	232	438	268	71	42	39	142
167	247	456	260	62	36	40	143
159	270	376	255	71	38	40	143
166	307	417	273	83	42	42	133
143	315	451	395	109	52	45	131
125	304	413	424	107	51	43	117
132	313	392	444	119	54	40	110
143	297	400	497	127	57	42	98
137	276	429	477	118	54	39	105
142	257	394	392	104	47	35	112
151	278	415	359	103	47	39	117
149	349	446	369	97	46	38	120
148	359	466	335	92	43	38	130
143	341	449	392	112	51	46	126
158	375	443	386	104	49	44	119
146	364	467	423	114	54	49	107
141	311	485	430	114	53	52	104
132	328	478	410	111	53	51	125
148	332	447	362	100	52	48	132
130	295	450	370	101	54	49	129
128	309	418	343	90	47	41	129
121	295	374	327	95	49	39	125
124	292	314	321	92	47	38	96
127	301	377	320	88	41	36	88
152	310	412	378	100	43	41	92
155	380	405	390	109	46	42	87
158	391	405	375	105	44	40	100
160	365	462	385	105	44	42	110
155	339	409	380	104	45	41	114
119	351	473	348	101	41	35	115
114	275	505	367	100	42	40	118
125	229	512	370	98	41	46	120
154	219	463	356	96	39	45	119
147	256	514	494	123	48	50	114
150	258	511	530	131	52	51	117
173	252	484	513	129	52	51	120
171	283	496	513	127	55	50	117
148	287	507	535	127	57	51	110
142	256	491	439	109	50	49	118
137	273	411	378	102	50	54	128
114	309	390	374	101	50	55	131
119	329	417	477	127	49	50	127
111	332	438	453	128	52	48	121
120	370	396	431	127	54	47	109
137	354	403	420	117	53	43	96
141	307	421	411	114	50	44	93
134	308	424	305	95	52	48	100
132	327	416	292	90	48	47	99
129	289	403	290	85	46	47	99
117	278	390	331	103	49	48	106
109	294	412	358	114	52	44	95
131	265	365	360	109	48	40	94
139	251	408	365	113	50	40	105
133	243	436	371	109	47	40	116
129	315	452	383	98	39	36	111
155	328	454	366	85	38	37	122
141	381	458	328	80	35	38	115
150	381	429	315	74	35	38	119
160	408	415	301	90	41	48	127
162	376	408	263	87	42	47	121
138	392	421	270	89	43	48	113
128	325	455	291	88	45	47	114
115	318	485	319	89	45	49	108
134	286	502	320	79	41	40	88
131	291	490	312	82	43	39	85
126	261	446	303	79	42	38	85
137	279	412	297	77	43	38	92
132	279	407	300	81	42	37	81
126	303	401	306	80	42	35	88
132	273	407	281	72	43	39	98
137	266	490	280	69	44	41	96
136	273	506	275	69	44	43	89
149	308	519	363	125	60	53	92
144	315	536	360	127	61	53	89
166	323	552	370	135	65	52	85
222	327	490	357	136	67	55	102
236	306	491	448	150	69	56	110
236	271	460	374	113	62	47	127
231	305	540	392	116	59	45	145
233	329	528	409	112	55	45	151
198	354	547	413	116	53	40	139
193	359	534	343	118	55	41	146
199	372	503	428	138	57	46	156
192	340	409	451	136	57	49	138
172	303	452	487	139	56	49	134
144	264	460	496	142	57	50	151
120	256	465	474	130	54	50	147
109	241	518	387	106	46	45	141
115	247	497	344	111	50	43	147
121	252	444	297	110	53	43	150
143	240	457	305	105	52	48	157
151	254	496	319	105	50	46	157
159	254	442	312	101	51	48	151
164	216	475	338	97	48	48	148
163	226	507	336	97	49	49	143
149	264	487	337	96	47	41	121
152	264	427	315	94	48	41	132
165	255	420	333	92	48	40	139
173	250	409	389	102	49	42	141
179	260	407	432	108	47	47	143
184	284	383	417	106	45	46	141
191	279	362	419	106	46	46	132
167	292	388	415	108	46	43	108
167	330	384	347	100	48	43	118
158	319	356	340	107	53	44	117
163	280	351	354	110	55	46	117
153	293	379	384	116	56	47	111
172	280	388	418	126	57	49	118
172	251	380	418	123	54	47	103
228	257	382	406	113	51	43	124
227	269	402	394	111	50	45	134
224	260	399	380	102	45	46	134
217	274	413	338	89	43	42	135
227	261	490	445	117	52	46	134
177	257	485	436	117	51	43	126
186	274	491	467	124	52	45	119
183	277	538	458	125	55	46	134
175	268	497	471	123	55	49	147
156	286	409	375	93	46	46	153
154	280	387	344	79	42	48	172
141	258	507	316	63	36	42	171
149	253	507	347	67	42	46	161
145	241	539	350	70	40	45	156
148	227	570	363	74	40	48	155
151	243	589	441	94	48	50	122
145	283	492	440	106	54	54	122
146	269	456	418	101	47	50	132
154	274	467	400	98	46	48	126
165	277	516	381	95	47	45	131
157	259	520	351	85	41	39	127
160	259	640	419	94	43	51	157
167	275	650	442	104	50	52	181
180	286	642	454	114	53	52	182
162	289	604	495	126	54	53	180
158	293	631	468	125	56	54	189
175	251	525	404	110	52	47	183
161	316	538	383	103	46	44	150
141	345	571	402	99	49	46	147
153	334	550	357	85	49	44	156
166	327	558	359	84	45	44	159
141	337	544	371	91	45	37	147
142	278	543	370	95	47	38	151
155	231	492	333	92	44	42	150
148	305	483	315	86	42	43	136
140	325	478	335	87	46	43	128
147	322	454	336	86	45	43	124
150	362	484	327	83	46	46	116
159	369	504	347	91	47	47	115
162	334	510	356	94	50	50	125
168	315	456	310	90	45	51	140
171	357	522	409	115	54	57	135
174	301	462	410	111	53	56	152
172	297	470	406	106	52	54	161
178	286	494	430	117	51	55	175
177	318	536	467	134	60	57	169
168	235	524	417	115	50	52	178
190	269	569	448	123	54	58	205
182	265	549	435	123	52	55	193
181	257	555	412	114	51	50	178
182	289	607	398	101	41	48	213
211	305	589	361	98	45	45	223
203	280	536	313	88	38	34	190
202	328	577	345	92	42	41	203
206	356	538	420	115	50	47	215
197	317	431	471	115	53	48	173
185	303	425	460	115	51	48	157
166	313	432	479	118	52	46	152
176	255	380	490	126	55	45	155
169	259	478	494	115	48	40	137
191	261	494	472	117	51	44	153
179	288	487	507	134	60	48	153
178	282	482	495	138	63	50	154
163	334	530	504	133	63	52	133
159	325	502	473	130	64	50	123
142	322	512	450	129	62	51	111
135	362	572	432	110	53	48	101
147	403	609	492	104	49	48	110
141	373	564	491	103	51	50	164
131	375	535	472	101	51	52	175
151	371	542	456	92	51	48	173
166	319	488	434	88	50	48	178
171	298	474	395	105	53	49	179
173	294	523	391	107	51	42	134
187	258	518	439	116	54	49	127
188	258	476	478	125	57	51	133
194	270	470	483	128	58	52	132
186	276	499	475	115	56	50	132
194	285	453	461	107	51	49	128
180	285	459	492	113	51	49	130
157	323	475	447	103	47	50	125
155	332	466	438	107	48	51	139
195	363	433	440	117	53	55	154
192	360	495	446	120	52	55	156
201	357	515	352	105	48	48	154
207	335	559	340	109	49	46	166
201	344	576	351	104	46	42	149
160	295	609	354	98	42	41	153
172	282	547	340	93	43	48	169
157	301	519	355	99	41	48	169
142	305	472	374	96	42	45	153
133	279	455	370	98	47	49	175
121	262	499	361	93	46	48	149
93	300	521	398	105	52	48	143
131	305	551	433	107	53	47	142
139	283	576	440	110	50	48	154
147	282	567	473	108	46	48	152
152	355	517	547	140	54	55	154
170	350	538	518	133	49	52	141
158	348	548	502	131	50	53	155
157	353	531	497	130	50	53	149
157	434	581	468	129	50	51	140
154	391	530	421	118	53	49	164
177	389	492	473	129	54	49	181
191	388	448	481	126	54	49	172
196	436	447	466	121	53	48	177
188	353	392	462	122	52	45	170
187	363	554	454	109	47	39	143
159	374	659	459	108	48	38	126
128	364	712	502	126	55	45	132
124	335	728	517	130	54	49	125
123	376	728	601	145	61	57	131
143	412	610	574	140	59	58	144
158	391	551	534	139	61	60	140
170	391	507	462	121	56	58	133
167	368	551	475	131	66	67	174
163	321	586	388	114	60	60	166
150	243	590	364	109	57	59	159
151	256	581	370	105	55	58	174
139	275	551	375	104	53	55	170
134	277	468	402	94	44	36	124
178	281	434	429	105	47	42	144
183	287	538	535	120	49	43	141
162	296	514	521	119	48	43	132
168	292	540	531	125	52	44	142
176	289	556	507	117	50	45	137
172	297	530	524	113	50	44	123
168	274	433	461	98	48	42	124
180	249	420	481	100	50	42	110
179	269	394	447	90	46	43	99
178	294	403	438	93	47	47	101
159	299	424	354	87	45	46	101
172	389	435	336	94	44	48	109
170	405	456	377	105	43	48	128
170	386	461	421	111	46	47	128
186	384	480	418	111	50	45	141
185	376	465	433	109	47	44	139
171	322	524	431	103	47	43	137
157	301	491	422	93	45	42	124
164	297	506	383	88	40	45	122
136	330	543	380	88	36	39	112
120	359	544	375	88	37	39	106
140	340	463	377	95	42	41	98
136	363	477	347	100	44	41	91
125	384	476	403	111	52	39	97
120	341	415	400	118	55	44	135
127	328	457	485	134	60	47	156
137	369	495	469	129	57	46	157
141	344	503	464	129	56	45	165
147	321	536	450	118	51	43	169
161	332	537	460	116	52	49	152
179	313	562	366	103	46	49	145
153	276	529	376	111	52	50	155
163	326	515	358	107	53	57	162
169	321	529	320	105	50	57	187
173	375	561	351	112	51	56	187
158	384	491	358	107	53	55	179
178	373	495	343	96	50	58	180
189	367	495	356	87	45	53	168
186	414	410	392	105	50	54	147
177	396	330	362	101	47	49	127
168	383	353	348	101	44	45	131
145	370	349	352	105	45	42	117
142	334	411	352	110	47	39	120
148	280	456	372	97	43	38	109
147	268	474	354	89	43	38	122
149	294	468	373	93	46	43	122
165	307	481	380	91	43	43	127
155	320	429	347	87	46	46	123
146	321	409	268	81	46	43	118
141	284	393	282	90	48	45	106
135	267	411	278	87	45	44	114
140	258	459	304	96	48	45	127
124	269	469	314	97	47	44	137
123	275	475	326	100	48	47	140
125	301	509	313	89	46	42	140
169	283	492	314	95	46	39	124
149	321	491	327	88	45	36	109
150	311	585	362	93	47	38	100
142	313	601	361	91	45	34	89
176	286	578	379	99	48	45	115
153	335	580	369	92	47	46	118
161	359	544	353	112	55	48	117
164	352	437	330	105	54	47	133
175	366	454	353	112	59	48	144
216	367	440	343	113	55	42	141
227	355	439	364	128	58	43	140
229	324	457	333	105	47	39	151
232	314	464	348	105	44	42	146
239	306	416	399	125	51	46	145
197	320	412	395	117	51	46	143
173	289	458	384	106	50	46	162
169	265	433	389	107	50	45	160
168	298	456	430	116	54	44	160
152	280	513	440	105	48	48	153
115	301	518	438	115	51	48	146
