0	1	2	3	4	5	6	7
227	167	880	268	187	71	79	295
240	243	860	285	218	69	81	267
218	271	897	284	216	70	84	296
226	284	891	267	210	67	81	329
235	287	917	290	262	75	91	319
212	305	881	334	228	75	86	318
212	345	841	329	194	75	89	323
234	363	823	326	195	73	82	292
275	350	860	399	222	79	95	257
293	462	834	383	153	63	84	288
329	462	814	374	162	76	91	300
334	412	831	361	159	74	89	317
325	389	794	351	147	75	88	330
298	404	723	268	103	65	60	328
277	307	672	282	104	66	61	346
237	322	653	326	86	56	60	396
237	308	693	341	83	56	67	370
242	317	717	343	87	60	84	359
221	287	745	347	86	64	86	362
241	314	767	330	81	63	84	326
209	332	852	266	80	62	85	271
196	333	844	234	81	64	82	295
238	342	823	222	72	57	65	317
246	406	750	220	75	53	61	305
232	367	785	221	80	58	64	303
285	322	708	204	71	54	68	302
296	316	614	218	74	52	67	263
262	330	639	253	84	57	72	225
260	311	682	247	79	59	77	229
300	332	644	248	76	64	82	239
265	331	613	252	72	59	73	206
261	378	675	253	70	59	69	211
259	394	672	248	69	56	68	277
261	351	690	236	68	59	66	293
235	377	628	225	76	61	66	315
248	381	706	233	79	64	66	361
237	348	738	215	75	67	70	358
237	298	713	180	71	72	82	311
234	302	704	229	72	67	81	298
210	221	721	247	69	60	80	266
207	218	768	239	65	56	82	191
215	247	697	246	67	55	77	178
206	264	669	239	60	46	63	207
202	267	696	224	58	50	68	249
242	304	720	215	54	46	57	288
224	324	620	205	54	44	51	298
227	306	664	226	63	52	70	315
238	319	679	250	68	56	79	345
232	323	635	231	73	58	83	347
189	332	598	217	69	58	86	365
197	313	555	210	67	61	86	383
199	308	486	188	61	52	73	394
214	318	474	172	61	50	66	374
215	318	460	213	66	54	71	420
275	315	466	228	78	62	82	411
345	308	501	254	84	68	99	489
352	309	497	245	81	67	98	488
356	256	503	268	81	68	101	516
385	243	461	238	76	67	104	529
391	199	458	228	64	61	94	510
356	230	531	227	72	61	94	471
341	250	512	234	75	61	94	457
343	290	565	258	82	70	102	458
320	284	555	252	77	61	88	368
261	273	574	258	79	60	88	361
215	259	539	302	81	54	73	330
236	214	540	301	81	62	80	334
193	147	452	256	70	49	57	256
165	139	456	253	71	47	56	257
154	132	406	247	69	46	53	236
139	96	350	152	50	41	46	149
63	115	463	141	43	25	30	109
50	115	466	128	43	27	31	92
55	115	488	119	41	32	30	75
95	123	528	105	43	33	34	163
100	122	521	104	41	33	35	184
152	96	416	102	47	43	58	255
158	97	456	100	45	41	59	271
157	93	438	143	54	41	59	276
174	99	469	148	52	41	62	277
201	99	426	138	51	41	62	266
170	94	414	131	47	32	40	205
166	86	387	128	50	35	37	200
166	89	400	85	40	32	36	194
124	68	300	77	39	28	25	124
97	59	296	80	43	32	26	120
93	60	310	75	39	30	27	109
91	61	288	76	37	27	27	76
91	48	233	73	38	29	29	93
90	43	225	66	37	28	27	90
57	51	231	66	34	27	31	91
66	72	297	102	42	29	33	91
91	70	286	103	49	35	43	143
93	70	276	105	55	33	42	132
97	84	317	113	54	33	42	136
119	84	342	133	54	31	38	132
142	74	338	120	55	34	37	133
137	78	345	136	50	32	26	95
141	97	490	161	48	33	29	98
185	100	476	165	50	36	38	165
194	98	497	162	55	36	42	178
186	100	487	162	68	33	43	181
182	105	506	168	68	29	43	175
185	97	406	169	86	38	44	183
192	92	475	175	104	39	42	170
175	93	495	192	136	43	38	180
170	95	492	211	131	41	37	184
175	87	492	202	142	45	39	182
182	90	533	204	143	39	46	194
144	88	515	272	168	50	47	180
163	106	565	325	171	51	52	202
176	112	574	336	176	54	53	256
177	116	561	346	180	58	55	266
166	107	519	349	208	61	49	250
220	136	489	325	218	74	60	275
209	155	431	288	249	79	56	258
204	160	395	267	270	83	58	229
209	157	377	288	280	80	56	220
219	172	409	337	310	92	61	224
171	148	405	357	336	87	49	176
166	120	410	350	324	83	50	150
152	105	536	367	318	80	47	113
207	139	582	373	318	82	50	146
206	135	607	317	377	71	46	186
193	140	627	306	340	64	46	198
203	134	647	339	356	68	48	203
241	160	694	375	360	86	57	222
273	161	763	411	356	89	72	223
322	157	778	436	262	90	77	252
390	164	798	437	255	94	117	344
477	193	863	441	203	94	122	400
710	253	856	527	221	133	207	530
769	258	798	491	216	146	224	550
809	266	929	492	183	153	232	563
832	270	941	532	204	163	242	626
846	268	875	522	204	165	248	647
703	221	826	455	153	127	188	588
708	206	829	452	141	110	165	580
656	204	664	440	140	101	157	552
606	210	678	402	108	77	117	454
649	197	732	396	105	71	107	466
608	187	766	342	97	68	96	430
525	187	858	361	98	67	98	451
548	188	868	385	113	79	115	493
553	211	863	546	133	83	131	627
469	239	899	542	134	110	170	646
533	276	935	582	145	111	174	659
516	341	847	587	142	111	175	691
561	337	812	584	138	108	173	679
587	328	809	487	139	113	165	599
540	323	775	485	134	86	121	537
490	289	699	431	127	95	134	563
543	247	735	416	128	100	141	545
551	339	809	484	132	103	136	541
517	359	778	404	103	91	136	572
543	373	773	457	106	89	145	641
547	384	858	474	102	83	141	694
561	405	850	498	109	90	145	685
504	328	828	423	96	78	133	672
514	290	856	420	100	89	133	615
547	262	909	366	101	91	122	554
531	235	801	355	105	91	115	467
477	176	842	312	99	83	98	434
443	187	832	298	101	94	109	434
428	213	979	310	98	85	99	420
414	267	931	317	98	88	101	396
441	281	948	357	102	85	104	524
425	292	875	346	96	83	116	596
489	287	864	359	96	75	118	636
478	276	669	367	101	74	116	662
493	223	606	339	94	67	110	675
475	243	569	306	85	75	115	557
482	235	596	305	87	66	96	511
432	239	569	292	80	60	87	487
437	317	663	320	76	59	86	473
343	322	680	328	90	75	106	492
321	303	677	296	85	66	90	476
296	309	703	301	89	73	91	494
310	315	795	328	96	80	95	478
309	284	743	277	98	92	103	451
339	277	687	270	94	97	107	475
336	285	670	275	95	101	111	488
421	252	691	260	90	101	123	541
422	261	602	248	92	99	120	556
443	223	560	248	87	91	116	571
523	248	595	248	88	80	116	638
536	333	735	301	103	83	118	721
492	403	745	378	110	80	107	672
509	477	772	436	132	103	120	682
490	480	745	433	133	108	123	683
408	482	808	441	145	117	107	631
460	428	718	398	136	112	106	634
464	385	709	327	129	110	104	625
492	306	653	192	98	93	104	609
500	325	719	225	100	88	106	628
498	317	662	212	78	84	117	611
469	361	666	232	81	86	112	532
460	351	632	242	88	92	121	582
440	335	671	251	85	85	114	571
445	326	653	241	86	85	107	527
426	352	739	253	81	69	90	573
411	327	788	266	77	68	86	539
415	329	775	267	81	66	78	470
369	339	847	312	91	69	76	511
371	315	828	299	93	74	90	536
395	266	772	292	97	84	114	539
471	287	693	278	110	106	158	628
472	312	744	288	113	107	163	647
474	296	696	247	108	111	162	649
463	328	812	246	102	105	155	682
482	357	791	236	101	101	145	729
425	331	885	220	92	97	123	698
393	306	894	201	88	99	119	676
385	314	931	213	87	93	115	667
384	287	911	236	95	97	119	613
382	259	909	242	92	92	110	513
339	269	870	236	82	73	79	530
373	262	837	235	75	65	80	541
376	295	804	233	74	83	100	510
376	290	743	215	61	82	101	616
361	305	773	208	65	90	114	581
360	330	768	210	72	94	119	546
351	328	747	197	74	95	118	583
366	358	771	240	74	79	104	655
387	383	821	236	79	94	121	632
336	377	885	255	81	92	120	637
336	336	842	249	76	90	116	615
318	338	884	287	78	87	109	584
276	399	847	220	75	87	107	608
330	387	835	212	79	74	93	626
376	382	748	184	71	67	78	616
375	403	780	193	72	66	83	699
410	416	812	145	67	63	86	683
421	290	805	154	65	61	88	628
353	288	803	154	66	62	86	619
381	298	829	160	74	68	89	644
411	287	910	147	72	68	97	616
388	315	880	139	70	69	94	654
375	320	914	168	81	79	98	710
399	324	878	164	76	71	89	644
387	303	816	159	72	69	89	605
360	283	796	195	77	67	75	542
384	222	814	211	77	67	78	523
413	201	778	187	67	55	68	409
408	179	828	194	71	73	76	466
382	179	886	190	73	83	83	479
496	179	841	170	71	83	87	576
532	176	788	152	76	84	88	568
529	190	781	166	80	90	100	646
527	180	750	156	73	78	102	639
541	200	761	165	73	73	100	699
482	215	761	178	79	90	129	705
417	238	859	195	95	115	153	700
414	233	803	181	94	116	153	625
413	259	811	219	96	116	151	607
372	243	773	214	97	117	153	547
329	235	739	190	88	106	132	440
335	208	626	203	72	76	102	434
299	205	649	204	72	75	94	502
319	190	721	182	74	89	109	487
327	195	733	200	71	82	104	490
312	184	792	226	79	83	103	548
303	180	787	211	86	93	110	545
312	172	794	219	88	91	106	469
286	185	690	220	86	82	92	517
313	188	638	206	87	85	88	511
331	203	712	184	84	87	82	553
322	193	705	195	74	85	78	553
345	217	785	202	68	81	77	555
339	184	755	206	64	75	78	595
337	181	808	215	64	75	81	608
328	251	798	366	101	80	97	578
365	261	806	354	104	73	95	651
333	247	773	348	109	69	94	659
409	256	859	345	111	73	102	652
386	249	835	354	113	72	99	660
370	143	745	220	90	65	80	616
329	131	740	226	85	70	84	545
328	138	791	239	93	72	90	640
221	136	697	281	115	79	82	550
207	156	738	288	138	84	90	567
228	163	697	266	146	84	91	571
243	180	662	277	166	89	97	591
296	198	603	294	225	94	93	510
289	190	604	333	257	92	89	525
281	214	666	418	312	89	90	540
283	233	690	479	371	93	88	536
281	233	723	489	372	87	79	545
226	223	742	498	371	91	84	525
213	233	775	444	374	94	85	515
223	216	661	374	336	96	75	438
198	202	679	353	287	91	85	493
181	190	692	354	283	92	93	434
183	189	688	374	289	84	92	468
240	171	712	401	309	80	94	525
255	169	770	427	342	93	102	520
263	166	770	429	354	92	95	519
280	169	814	445	381	88	81	547
308	150	780	422	387	94	79	522
274	165	789	421	357	92	72	482
317	146	828	389	317	72	60	498
304	155	814	364	355	76	70	432
306	146	754	386	332	83	76	393
276	146	703	375	308	80	78	376
292	152	781	381	291	76	78	335
243	149	791	392	308	81	80	330
253	154	833	394	228	75	78	284
262	156	816	342	215	67	74	309
264	168	880	376	177	64	71	327
249	155	744	355	179	64	68	327
269	159	687	328	133	61	78	292
272	163	692	375	131	66	75	341
295	161	773	379	126	70	82	356
304	173	817	333	118	66	84	346
304	166	864	337	132	69	89	382
292	157	834	336	132	70	86	396
301	131	781	238	119	68	90	394
264	139	759	225	119	68	88	394
252	117	694	295	131	79	93	378
260	115	644	300	110	82	93	373
239	124	650	317	104	81	93	357
298	135	728	328	114	102	109	371
301	141	698	388	125	104	108	364
295	132	661	357	116	96	103	377
297	134	688	347	113	95	103	366
342	159	724	342	118	94	103	402
279	160	668	395	117	68	78	446
289	147	713	359	101	61	80	441
320	150	723	341	95	59	76	429
310	155	693	346	102	55	73	416
253	134	689	350	111	59	72	455
274	136	684	350	119	63	76	371
265	139	653	323	120	60	71	380
247	150	656	326	118	58	71	371
241	150	678	323	131	58	76	435
253	151	625	348	138	60	70	374
249	146	594	287	133	64	84	379
221	162	557	296	138	69	89	392
219	168	578	307	146	77	91	402
218	174	596	332	136	78	87	362
210	164	677	300	129	73	88	426
175	154	688	322	134	67	81	442
206	156	738	367	135	65	86	410
209	135	699	354	127	58	85	407
217	121	653	331	133	57	85	371
258	141	582	345	133	62	90	291
260	146	603	420	128	58	84	248
252	122	535	428	141	62	75	250
295	119	498	459	158	77	88	261
302	119	516	464	152	75	91	273
266	101	480	447	147	73	90	271
347	94	408	364	154	76	88	302
355	97	461	307	148	75	90	376
309	95	581	278	131	58	82	430
363	105	627	268	123	59	79	462
363	107	652	285	126	58	80	463
285	116	805	342	128	63	79	455
271	116	818	345	118	62	91	402
295	134	800	339	127	73	97	337
232	125	780	349	142	79	98	332
251	130	819	337	134	77	93	333
295	121	747	271	113	70	94	364
297	118	716	256	105	69	83	388
301	109	755	241	101	61	71	395
298	109	738	231	81	53	68	373
291	106	681	246	90	57	73	377
274	103	608	286	103	64	81	326
274	103	627	293	118	58	74	266
283	123	658	325	125	59	80	243
274	127	700	310	121	57	77	219
277	117	683	296	118	51	71	234
251	126	683	300	131	50	58	256
243	130	694	300	137	66	68	310
192	113	573	274	136	76	82	339
190	111	509	294	136	76	82	339
270	117	607	291	135	82	88	401
283	108	747	301	146	86	88	427
290	105	715	330	138	78	89	408
302	102	724	325	140	68	69	387
304	108	742	326	154	72	70	403
242	103	689	327	156	65	63	364
230	109	570	271	126	51	63	334
261	133	557	268	122	46	58	330
253	128	527	297	120	45	60	342
264	123	513	294	107	48	66	315
249	122	495	296	98	49	66	240
269	114	497	294	98	53	69	250
227	86	553	257	87	53	66	237
226	101	660	208	68	54	61	263
216	94	650	177	62	48	52	265
213	98	660	183	58	58	73	299
197	112	630	194	59	72	99	436
198	109	590	202	57	77	106	510
209	106	609	252	58	74	105	497
195	104	610	263	62	75	107	521
199	113	601	307	77	77	106	514
191	121	612	313	81	70	84	394
201	130	633	298	80	66	75	299
197	138	513	295	84	70	79	275
216	140	498	285	81	73	83	246
214	135	475	222	71	68	75	245
227	124	466	212	68	69	79	335
236	119	460	231	72	67	77	377
227	110	523	191	64	62	76	397
210	114	534	202	64	55	68	416
208	114	557	206	59	50	66	435
185	108	582	206	58	36	59	365
263	113	535	212	69	52	87	409
275	113	581	242	75	53	85	408
279	112	608	260	78	57	88	424
292	110	683	265	84	59	87	436
304	112	680	267	80	57	84	439
216	108	713	255	68	42	55	358
242	120	680	258	72	47	64	414
298	118	695	246	79	52	66	360
290	129	611	254	80	53	61	334
318	161	589	251	86	57	65	371
338	159	564	247	89	63	72	376
321	150	517	228	99	66	74	304
261	165	499	293	106	68	79	308
264	170	489	287	104	66	82	334
239	153	483	305	102	63	81	320
234	164	601	328	103	60	76	310
211	181	587	324	93	57	76	296
220	193	610	267	81	53	70	384
251	182	669	272	83	57	66	430
259	200	715	289	89	61	67	469
277	201	710	298	101	70	78	556
289	181	741	295	97	65	73	606
331	154	690	314	103	65	72	614
318	164	624	309	105	60	74	566
296	125	646	264	103	60	74	545
291	116	615	251	106	57	68	610
295	124	578	265	108	58	70	594
331	124	626	229	111	54	69	550
317	116	723	238	121	53	69	552
333	113	653	247	116	51	78	570
318	114	574	274	115	41	74	401
319	109	558	254	116	46	79	397
279	104	517	253	119	52	82	403
332	102	442	233	104	53	82	391
320	115	459	244	107	49	70	329
310	101	554	210	100	52	70	341
301	101	615	241	110	51	63	295
251	108	640	245	102	49	57	278
185	109	633	331	109	52	54	287
238	109	639	367	120	59	68	311
251	132	603	366	121	61	76	354
273	131	557	372	120	60	74	361
272	142	590	375	112	61	78	352
282	136	584	319	113	61	80	378
239	134	557	274	121	59	68	375
242	134	565	296	123	55	61	374
264	135	568	298	149	57	65	376
269	131	550	318	166	59	63	374
281	136	545	334	169	69	71	349
289	151	577	330	154	67	80	337
272	150	584	329	164	67	78	308
233	149	639	313	132	64	76	302
279	140	724	309	116	61	88	405
319	162	728	308	128	46	87	423
356	154	705	334	158	57	86	415
366	146	785	316	154	60	87	394
372	156	806	311	171	67	91	414
344	161	760	288	185	66	79	307
336	173	875	306	188	71	77	253
301	164	905	285	173	62	70	253
305	159	821	291	167	60	74	317
305	153	816	339	166	54	70	285
340	156	768	387	162	56	76	371
290	141	679	371	148	54	69	404
267	158	680	372	139	56	66	408
261	153	647	353	147	62	67	368
258	144	583	300	149	56	64	357
238	145	587	274	154	54	54	313
229	111	554	271	155	51	56	302
265	102	565	261	155	54	68	336
251	109	579	262	146	46	65	360
247	111	634	298	153	49	64	367
203	108	652	278	168	47	69	331
229	118	670	264	176	56	72	299
206	117	682	271	181	49	61	285
221	113	695	266	190	52	57	243
206	115	762	283	193	59	59	279
223	103	779	274	176	66	60	267
197	105	760	280	161	59	57	270
213	100	749	277	169	59	58	251
236	100	732	311	168	60	61	265
