0	1	2	3	4	5	6	7
109	393	350	404	112	117	65	88
109	400	384	366	108	82	64	84
93	331	424	445	118	75	60	81
99	288	385	494	133	87	62	82
102	310	393	508	136	89	63	80
120	411	566	593	148	95	67	93
141	411	613	593	145	109	67	104
201	428	739	580	138	131	73	168
313	420	825	597	128	134	67	180
387	439	859	654	135	137	67	245
534	367	769	694	190	145	97	314
578	381	766	734	201	142	104	343
581	419	731	848	232	125	105	328
542	433	812	826	230	107	105	370
532	427	793	892	266	191	114	384
469	463	882	896	248	197	102	365
471	490	898	894	252	199	102	345
461	466	919	871	248	199	98	357
508	454	870	899	261	208	103	348
469	417	907	832	241	133	92	313
420	397	906	855	229	113	91	303
412	387	967	903	237	107	85	301
450	465	1027	997	265	122	95	364
648	493	1015	1011	256	108	109	500
691	540	1032	1053	254	133	118	524
696	515	1074	985	246	152	115	602
765	549	1061	1008	270	158	127	676
870	493	992	866	239	155	149	741
752	546	997	868	243	155	142	660
780	533	976	874	258	136	143	643
882	574	907	996	296	125	151	575
832	532	955	974	281	115	146	496
717	536	940	1096	299	103	125	349
788	458	1005	1204	334	113	137	360
764	474	1012	1161	319	108	128	359
694	436	1004	1074	289	101	119	381
669	429	931	1042	286	112	117	367
649	407	929	927	271	114	107	367
535	525	932	893	303	127	108	341
539	490	918	939	316	133	112	329
508	479	948	929	312	131	114	344
510	488	903	934	304	123	111	352
522	557	871	946	304	123	120	346
564	479	826	819	224	102	103	332
584	517	825	783	204	101	105	325
545	515	746	759	204	118	100	250
531	553	787	830	210	119	101	245
521	563	825	817	187	116	92	254
417	599	779	833	191	113	91	265
400	562	732	790	182	133	84	272
370	559	856	920	226	143	87	273
382	517	853	871	216	136	87	271
364	439	878	821	211	134	84	223
377	362	824	754	202	138	80	208
295	372	887	752	209	110	92	257
291	370	794	591	156	69	84	248
279	376	759	487	141	81	79	258
339	384	779	577	190	81	94	296
346	388	831	731	217	79	97	299
317	376	773	711	216	98	89	249
337	375	800	836	241	113	98	275
323	341	797	828	244	108	94	314
274	337	739	788	220	133	86	300
270	333	723	674	196	132	83	293
266	318	722	651	179	124	77	287
236	307	672	478	137	115	66	253
228	314	674	572	163	120	66	188
250	301	679	730	194	101	63	168
232	315	629	707	189	99	58	177
231	332	620	719	195	98	62	183
230	323	591	698	197	109	61	212
332	369	616	641	174	106	71	231
306	384	601	558	150	97	66	233
327	356	641	549	147	96	68	231
331	365	705	572	153	122	75	237
346	396	720	692	184	118	84	232
261	426	681	705	189	118	83	218
268	439	630	596	168	116	83	217
238	435	566	587	164	148	81	212
236	437	545	602	159	124	74	203
214	454	588	481	133	117	67	191
205	387	585	495	145	121	62	182
225	329	582	467	136	121	58	168
210	321	630	494	137	95	58	151
242	330	637	480	154	103	67	198
261	316	619	495	144	102	63	209
266	325	667	516	127	93	58	200
234	318	644	526	136	98	59	206
247	316	647	504	136	93	58	220
236	309	705	468	109	81	49	189
209	348	696	420	108	81	55	169
232	328	659	328	100	80	56	185
235	359	677	346	107	83	57	185
233	418	707	448	125	72	59	171
218	412	648	447	125	77	58	173
219	386	683	506	136	74	54	185
200	396	680	511	137	103	60	205
305	402	685	522	134	96	62	261
