0	1	2	3	4	5	6	7
118	101	346	149	86	42	29	157
108	100	336	142	85	46	33	177
123	94	343	142	81	50	35	175
126	86	312	129	75	54	36	177
131	91	353	132	82	55	39	187
131	82	403	138	70	54	42	189
135	81	402	151	72	51	39	198
116	98	423	173	78	46	38	186
123	110	394	161	74	43	41	200
116	107	343	175	92	54	38	188
119	114	329	172	96	53	36	213
116	119	390	171	101	60	39	196
124	104	347	148	99	60	39	209
107	94	363	163	108	60	41	215
104	96	373	149	92	49	43	229
115	76	354	144	88	51	40	211
116	70	339	156	92	48	38	219
111	69	345	169	103	50	37	229
114	73	330	160	94	50	34	235
140	77	319	156	90	53	37	238
138	81	340	149	98	48	39	231
141	78	312	129	97	44	41	221
142	80	332	115	89	45	40	225
227	80	372	174	102	46	43	218
217	75	387	187	107	45	40	193
210	73	392	193	103	48	42	188
208	77	376	194	93	48	43	192
214	71	408	216	104	46	42	172
169	63	415	191	103	51	44	179
177	58	433	187	104	54	45	187
177	66	470	183	99	50	41	186
175	61	467	180	99	49	39	194
179	72	437	153	86	49	41	199
134	73	398	140	75	42	34	162
115	81	391	142	67	35	38	181
139	74	306	140	67	39	40	184
147	76	321	150	81	42	40	175
127	65	353	173	80	42	38	159
136	73	347	163	81	41	39	183
127	83	332	150	81	42	35	168
120	88	369	148	81	37	31	161
107	86	395	155	76	36	33	157
123	89	340	150	75	35	34	178
121	88	412	157	75	37	35	180
124	70	423	159	77	39	34	182
110	64	408	169	86	40	34	199
118	82	375	163	89	41	33	213
111	81	382	136	86	42	31	206
129	71	303	124	85	42	31	184
144	72	307	126	84	40	30	168
144	70	320	124	84	45	33	156
143	55	332	139	78	45	31	142
149	58	319	165	82	43	32	137
174	75	378	172	89	43	32	150
161	79	345	191	85	44	34	148
160	85	325	238	87	40	32	148
156	82	394	242	87	39	35	179
153	82	402	234	95	41	35	171
124	69	381	229	92	43	35	182
126	63	449	210	92	40	35	206
124	60	468	144	83	39	35	204
137	74	437	104	80	41	32	171
153	75	482	105	80	42	35	182
137	84	502	110	82	40	38	176
133	87	459	126	82	44	41	167
152	84	469	139	87	42	40	167
142	75	430	143	87	40	41	172
131	72	388	157	95	42	42	171
132	64	371	162	91	43	38	198
136	69	374	156	91	40	33	183
133	76	334	148	89	40	34	183
161	72	386	182	93	41	36	184
157	75	418	181	73	37	31	172
165	79	373	184	71	36	33	125
164	75	384	183	75	40	35	136
159	72	377	203	104	44	38	130
131	98	355	200	101	42	37	129
118	96	401	195	103	43	37	123
103	92	411	196	102	42	35	123
107	90	441	193	99	42	36	154
88	90	473	171	80	37	35	157
104	69	512	179	84	40	34	154
107	78	438	181	87	41	35	160
106	82	444	174	88	41	35	166
114	85	409	190	92	40	32	147
118	86	384	195	85	42	33	154
110	95	338	178	96	41	32	149
119	90	341	160	94	42	32	142
127	85	410	154	98	40	30	149
142	85	403	133	97	39	29	122
141	92	431	145	94	39	29	107
152	80	434	129	80	37	29	121
147	78	433	132	88	36	29	138
142	76	382	142	85	45	29	118
122	75	440	168	84	51	33	123
118	65	420	155	81	51	32	124
112	55	398	150	75	50	33	158
111	55	414	165	64	48	32	158
104	66	422	180	64	42	33	157
99	61	428	163	73	38	34	159
100	61	425	165	87	39	35	214
88	66	460	161	88	41	35	192
82	74	456	144	87	42	36	191
103	67	453	134	90	40	36	195
103	87	433	152	88	39	34	208
109	91	471	176	83	35	30	151
105	89	450	179	79	34	30	141
114	83	464	187	77	33	30	133
108	86	502	194	76	45	34	139
101	71	511	180	65	40	32	131
89	70	458	152	56	43	37	138
99	87	494	193	66	50	42	155
92	93	522	206	81	56	43	154
100	96	487	194	90	50	41	154
110	97	449	189	94	52	40	141
119	96	464	188	92	51	37	153
113	93	425	162	90	45	31	140
113	84	407	161	89	44	31	139
121	84	396	159	74	41	32	131
115	82	398	158	76	38	32	139
108	80	483	185	86	36	30	132
113	68	471	194	93	39	34	172
157	93	484	184	86	35	35	172
144	88	480	198	107	43	35	176
147	88	462	198	114	46	38	188
155	90	396	179	109	47	38	191
160	93	406	154	99	47	36	156
117	68	371	158	97	45	32	163
114	75	356	139	83	39	32	175
110	72	398	144	72	37	29	164
102	74	371	149	69	36	30	151
94	69	357	146	72	37	28	156
101	71	324	152	77	37	30	151
102	65	360	145	67	35	27	139
115	64	332	159	64	37	29	131
119	58	357	156	69	34	29	136
140	66	378	167	72	29	30	192
183	83	402	168	69	34	30	196
210	80	371	174	72	36	32	199
204	81	369	186	91	35	32	212
206	84	433	202	95	38	34	228
226	96	583	270	113	51	47	244
225	92	645	260	117	58	62	290
246	95	666	260	119	61	67	306
253	97	695	241	106	66	70	312
256	99	675	270	115	75	80	363
239	97	632	210	102	69	73	330
208	91	593	232	104	63	64	341
161	93	582	240	109	62	61	331
195	98	576	271	117	61	60	323
194	101	543	252	116	58	52	297
194	88	476	254	117	57	54	302
207	84	427	232	110	54	49	241
268	93	484	237	108	59	56	249
264	85	461	255	113	60	61	266
287	82	461	232	103	52	57	242
282	87	489	246	116	60	65	249
283	88	512	257	116	68	70	284
235	82	520	256	124	65	66	315
222	82	511	209	118	63	65	332
210	97	564	215	125	66	68	379
264	99	538	180	120	64	66	380
259	107	542	183	122	56	60	361
247	108	471	212	119	54	59	339
240	110	467	215	123	54	55	319
240	93	403	212	144	48	46	249
201	98	386	247	132	41	42	273
196	94	363	251	131	43	51	340
230	89	429	250	133	40	49	327
220	92	450	240	164	38	47	315
202	97	463	270	163	42	50	316
182	103	487	277	176	45	48	277
179	102	510	283	202	44	46	215
160	109	481	274	207	47	45	221
162	106	474	286	179	43	42	222
167	113	547	311	183	47	43	237
181	96	514	306	203	53	50	247
212	95	562	338	203	60	54	267
215	85	572	345	191	61	54	321
232	106	595	343	201	67	57	335
227	97	541	324	235	76	56	323
221	105	587	304	233	74	49	338
200	106	535	261	251	71	46	327
201	108	551	266	277	71	49	288
192	93	557	298	290	75	48	269
197	96	531	292	282	73	49	272
180	92	593	350	297	78	50	258
167	90	605	353	304	79	47	222
181	92	654	378	333	85	67	244
202	107	743	401	337	84	75	292
249	124	792	422	325	85	75	308
269	132	737	426	450	100	78	339
320	153	794	465	458	109	94	416
337	164	780	443	433	106	83	432
359	186	737	471	433	105	91	447
397	187	712	489	423	108	105	488
393	195	750	467	288	90	104	481
384	185	732	453	292	78	92	471
391	186	810	452	290	72	90	468
364	160	780	419	282	72	75	436
307	169	776	435	290	59	61	390
376	157	785	457	295	84	83	414
351	157	753	476	271	100	86	358
320	158	668	494	306	113	93	318
308	149	700	471	349	121	94	299
291	143	787	433	346	123	95	297
182	142	755	406	315	111	81	249
178	150	737	384	308	99	72	264
157	149	690	361	276	92	65	262
174	151	630	365	206	82	66	298
189	135	590	346	224	84	66	295
206	141	618	363	243	82	59	287
211	149	732	402	225	81	63	330
215	139	743	407	216	85	72	358
203	140	759	389	213	83	69	344
205	137	694	375	181	76	64	327
220	136	692	355	159	77	69	340
209	111	682	279	139	74	73	343
211	128	718	260	113	59	62	312
222	126	682	264	105	62	66	341
227	139	723	290	105	58	66	374
188	139	695	305	86	49	59	350
196	154	601	296	86	49	51	285
226	151	534	292	83	54	53	335
273	159	558	300	82	51	53	324
245	149	535	267	71	48	46	284
259	147	522	258	79	52	47	303
273	136	540	306	88	50	46	319
250	128	514	293	82	39	38	264
182	125	542	281	81	37	30	219
190	127	647	304	83	37	37	247
202	119	630	273	72	38	40	236
180	121	663	211	57	36	40	225
169	115	677	204	57	40	47	245
177	105	644	195	53	42	50	279
171	109	516	178	53	40	48	257
132	114	564	165	54	37	48	306
158	110	535	221	75	45	57	318
163	103	530	236	77	45	56	296
158	105	538	246	80	45	54	266
160	92	545	252	83	49	57	285
163	78	504	262	87	52	57	242
139	82	456	233	76	49	48	219
122	105	470	229	76	48	47	240
120	114	502	229	70	48	47	291
141	119	495	231	71	47	41	262
138	125	475	227	68	44	39	250
126	127	500	209	66	42	39	264
148	116	504	218	69	42	41	285
169	114	565	208	69	41	41	232
191	154	570	192	69	44	42	246
191	153	617	191	65	45	41	244
191	151	637	198	63	44	40	248
224	166	641	184	57	40	39	210
220	174	649	193	57	39	39	228
191	136	625	175	47	35	43	271
208	156	661	176	49	31	48	280
215	162	606	157	50	33	51	265
169	146	656	167	50	37	49	288
164	139	616	167	52	40	50	303
161	138	604	169	59	40	49	271
193	138	590	174	63	45	51	313
189	142	671	191	65	45	52	314
183	144	668	179	66	41	51	296
205	146	662	182	70	42	51	269
210	146	662	181	67	41	50	257
164	130	639	177	65	39	43	193
171	107	575	152	61	41	37	180
177	117	532	156	60	41	40	158
156	137	553	143	59	38	37	180
155	139	573	144	58	39	36	224
149	136	517	127	58	42	39	214
140	138	506	132	59	41	42	225
139	128	514	119	57	42	40	260
131	105	503	115	56	43	41	241
122	119	598	113	57	43	40	196
133	131	616	145	54	37	35	218
155	130	645	145	52	35	32	208
155	130	620	146	53	83	33	192
181	116	583	153	61	110	46	234
197	115	507	155	56	114	45	229
194	103	506	138	61	117	46	210
199	114	504	140	66	121	48	263
205	114	500	142	63	107	47	262
183	120	472	124	51	81	30	223
163	110	455	118	51	75	36	241
160	105	419	107	43	71	34	258
176	109	388	114	41	68	44	285
170	101	426	118	43	43	48	283
161	94	417	117	42	39	49	283
159	92	408	128	44	39	46	266
163	98	499	134	46	48	48	269
140	83	471	120	44	57	40	193
131	97	471	154	55	65	39	186
133	96	470	176	58	67	39	188
137	97	466	191	67	68	49	253
145	89	355	203	68	73	47	248
135	84	341	231	77	63	45	245
158	99	432	236	90	71	51	251
170	118	514	249	109	82	62	282
179	126	547	268	117	95	63	262
212	133	553	265	128	95	74	294
205	140	561	257	154	112	76	331
198	120	453	246	188	114	80	368
239	110	365	243	218	126	83	406
267	106	403	254	300	133	88	453
313	100	464	313	333	148	105	492
325	103	502	322	331	138	111	550
324	112	534	335	326	133	107	545
310	131	596	413	307	122	101	546
283	129	557	405	259	105	93	598
237	141	583	407	279	81	77	577
250	158	625	406	291	82	66	524
263	167	706	404	291	94	74	546
254	167	693	364	302	94	73	521
287	167	703	372	274	93	77	528
256	155	697	346	218	89	62	502
229	136	661	336	196	91	67	496
268	137	614	354	181	82	70	503
283	133	611	309	204	78	78	500
292	153	619	288	218	79	80	395
318	156	576	302	245	81	85	429
319	153	569	325	251	77	82	416
286	136	511	330	243	68	70	347
283	126	530	331	231	66	60	343
240	100	508	324	217	62	51	357
219	100	514	294	184	66	50	355
223	98	509	293	197	69	51	363
212	106	515	249	214	65	49	373
191	109	515	268	214	66	50	354
203	110	562	271	241	66	47	303
191	113	578	271	270	66	47	251
197	119	572	295	251	73	65	330
199	128	602	374	280	95	77	344
206	126	654	434	295	104	84	375
222	142	636	459	271	110	89	384
223	165	609	489	257	115	94	388
244	162	639	477	263	122	94	321
489	197	599	456	225	126	118	370
548	194	536	379	180	119	123	394
548	203	592	358	181	115	124	430
588	191	679	352	146	107	121	480
605	210	706	433	152	96	116	468
481	267	764	395	137	74	81	406
430	279	757	415	188	68	67	389
476	267	743	428	211	69	75	383
475	261	720	416	213	73	74	374
515	255	712	317	196	70	75	397
481	158	661	317	198	75	77	415
469	156	672	318	152	77	78	404
457	157	668	335	137	80	71	456
562	184	638	316	150	79	85	444
520	177	594	333	162	80	93	507
554	176	699	396	170	71	94	508
575	169	714	459	220	72	95	539
598	193	652	484	285	82	93	485
529	182	655	516	293	89	90	483
510	185	696	533	327	97	83	407
513	196	671	569	362	114	93	439
515	191	664	539	405	125	93	421
476	167	663	509	386	121	92	422
418	163	682	599	476	134	88	458
439	171	641	604	463	132	89	532
475	182	633	606	478	129	97	520
460	194	599	598	428	124	104	509
449	196	673	638	439	129	105	518
451	190	652	573	367	119	105	448
417	177	679	559	356	110	99	367
308	160	649	518	313	98	78	379
290	150	708	501	301	88	63	368
269	153	740	461	262	75	58	373
228	169	753	405	221	68	48	411
253	168	768	397	216	72	51	381
303	164	739	362	207	75	50	364
299	194	716	410	268	91	59	375
293	215	695	416	277	101	64	335
312	232	744	424	262	100	85	388
295	240	733	402	264	100	87	426
236	248	865	387	257	99	87	405
244	244	970	354	210	90	87	389
359	256	931	331	175	89	92	390
342	230	907	316	168	84	71	293
341	230	929	346	155	84	70	288
358	255	827	414	155	85	76	324
341	273	662	387	120	77	67	370
229	258	657	355	110	59	60	440
238	267	643	363	113	57	60	448
254	261	648	347	120	54	56	432
230	230	703	265	89	47	49	407
241	187	679	268	84	44	54	364
218	169	725	282	83	44	50	280
224	168	713	287	94	59	63	356
199	167	635	282	84	56	60	355
199	169	568	316	95	62	61	395
198	169	613	329	97	63	58	417
203	185	523	323	97	62	59	416
180	169	544	304	83	52	48	339
206	173	675	334	89	57	51	344
204	159	646	289	82	55	46	284
184	151	614	286	100	68	48	260
189	113	629	290	105	74	57	271
175	123	574	296	107	75	58	308
144	119	486	265	106	75	60	312
178	119	470	269	110	77	61	318
179	108	481	262	103	70	58	319
165	115	540	248	101	67	51	334
178	100	539	227	100	66	47	318
231	109	519	213	98	65	48	335
199	104	718	222	92	63	50	347
215	102	704	240	94	64	57	344
209	105	670	249	103	68	61	299
200	105	727	262	122	74	66	319
134	91	749	247	128	75	67	302
138	94	608	243	129	75	66	342
146	95	673	226	119	70	64	326
168	105	668	229	115	64	59	345
171	106	627	259	121	64	60	318
239	102	573	263	143	65	62	343
247	107	545	267	160	71	64	290
231	118	464	314	170	76	63	326
255	103	474	323	213	84	64	316
282	111	458	315	216	84	65	324
228	111	471	317	200	81	58	287
254	121	472	308	202	78	63	311
255	137	506	318	202	74	61	307
226	132	465	331	172	68	60	302
236	132	444	321	160	61	55	297
253	137	486	315	157	59	55	276
218	132	462	311	146	55	45	230
224	126	453	248	132	54	44	191
231	127	521	235	103	49	44	220
206	141	580	208	83	51	42	206
231	160	575	209	77	49	48	260
246	158	602	220	50	45	46	268
238	140	612	201	46	45	48	254
244	143	608	157	43	40	46	305
227	126	573	153	45	34	45	301
190	98	577	167	54	33	40	287
206	105	580	157	54	33	41	298
216	114	537	160	59	34	44	321
202	118	479	171	64	43	52	313
203	117	496	176	66	47	57	351
192	113	414	165	62	46	57	336
172	113	372	162	62	50	59	341
160	112	402	160	59	48	56	334
153	102	424	179	57	41	53	283
224	100	374	173	59	38	51	232
240	103	448	171	63	43	54	304
219	87	460	157	63	41	51	279
214	80	466	156	63	41	51	284
256	128	532	233	72	45	51	295
208	133	518	247	71	44	46	307
189	134	503	252	67	42	46	257
213	137	513	262	66	44	50	310
228	139	503	277	69	46	50	329
197	100	429	194	56	45	46	365
176	91	439	188	55	45	46	357
171	85	381	181	55	43	43	344
192	84	341	163	55	53	58	402
196	80	329	145	56	52	60	393
175	81	315	159	64	50	60	345
182	78	309	162	66	50	60	340
219	85	292	170	67	63	64	349
182	79	285	174	69	54	49	251
164	77	274	188	66	56	51	217
182	75	255	195	63	57	47	232
193	80	329	186	66	58	55	256
150	69	338	182	66	42	48	236
157	78	324	189	66	45	50	206
158	88	399	178	66	40	44	204
143	87	418	172	66	35	44	187
131	87	374	172	64	37	37	174
138	89	382	177	69	38	36	182
126	84	404	230	81	39	35	200
186	81	332	231	84	42	44	206
188	81	350	222	88	47	44	204
183	77	355	217	84	47	44	183
177	83	331	209	78	46	43	208
177	80	310	136	65	42	41	252
139	72	394	122	63	47	38	257
140	71	396	136	59	46	45	286
137	86	449	163	64	45	45	305
161	91	496	171	70	44	52	277
176	99	530	195	69	45	55	288
164	108	603	201	77	41	53	296
205	111	664	219	80	45	62	433
222	119	616	243	90	47	62	455
233	122	590	246	88	51	66	476
226	116	564	239	93	48	63	440
229	109	462	241	86	46	65	457
233	104	337	228	84	41	64	339
224	80	349	178	71	39	62	294
199	74	360	165	70	37	56	280
257	111	500	178	72	48	64	324
282	143	605	235	86	49	64	317
261	146	629	235	86	48	55	327
334	151	642	233	88	49	58	349
359	145	670	250	89	46	58	370
325	120	588	243	87	40	53	380
322	79	446	179	71	36	48	362
316	74	402	160	69	33	44	330
239	72	418	164	65	35	45	347
207	73	386	170	68	40	42	352
264	69	350	151	66	39	42	306
262	71	400	153	74	42	45	315
260	83	431	168	77	44	49	336
295	83	402	196	92	41	46	314
292	81	375	174	92	39	42	268
242	98	440	202	98	42	45	309
255	92	374	209	93	42	44	314
251	85	369	204	87	40	44	287
240	87	375	180	75	40	45	282
238	88	421	189	79	38	44	287
235	76	354	163	75	36	39	260
188	81	384	163	75	36	38	230
208	80	444	164	82	37	38	265
160	71	426	163	82	38	37	251
162	71	380	149	70	39	37	269
162	67	440	181	64	35	36	245
154	63	420	172	63	35	36	237
128	60	341	165	56	35	33	194
141	60	364	167	52	36	36	197
137	61	388	173	64	39	38	175
137	63	322	146	66	41	38	194
134	66	419	168	61	39	39	250
161	68	414	172	62	40	40	289
188	72	478	172	69	40	40	302
197	71	488	170	69	42	39	318
198	70	507	185	72	41	38	311
201	64	457	167	80	44	37	277
183	61	459	190	80	42	35	238
154	77	501	186	86	39	33	222
141	81	472	179	81	32	34	223
134	85	473	156	78	33	34	222
141	88	452	167	81	31	35	227
165	98	446	141	82	35	38	234
181	81	291	147	68	34	37	223
180	81	326	151	76	37	36	202
193	79	296	150	72	37	36	209
187	99	325	186	70	36	37	200
167	93	354	181	69	35	33	190
139	97	408	173	70	34	32	201
145	92	386	177	63	36	32	180
123	95	414	182	66	38	33	172
137	83	400	132	58	37	32	198
157	85	383	146	69	42	38	206
154	82	323	147	70	44	41	216
143	85	323	144	72	43	39	224
151	86	307	142	74	43	46	250
133	79	386	140	78	44	47	255
115	70	427	129	70	40	44	260
133	75	454	133	67	40	42	266
148	72	457	130	63	40	42	272
153	63	460	132	63	38	33	243
155	64	379	148	60	35	29	221
172	74	376	157	68	37	33	240
162	74	355	163	73	34	32	220
159	73	358	174	72	32	35	212
159	84	350	170	74	32	34	219
192	81	345	157	72	35	37	225
164	85	313	147	67	33	32	194
170	86	347	146	63	35	34	198
174	92	357	126	64	34	31	185
161	81	337	128	56	33	36	191
120	81	349	129	62	32	34	183
124	81	409	138	64	32	36	230
129	77	423	136	64	31	35	231
137	72	415	152	71	34	37	238
135	76	429	168	74	32	35	223
136	76	442	170	76	35	38	252
137	70	378	158	75	35	37	237
133	73	346	155	79	36	36	239
121	76	358	157	84	37	36	279
133	73	335	141	81	39	37	286
149	71	330	153	75	34	35	263
146	72	337	159	73	36	32	238
140	70	361	178	74	33	32	232
145	69	382	173	70	32	37	175
140	84	451	166	69	35	36	183
124	85	453	152	73	37	37	188
125	80	462	149	77	35	36	220
155	80	432	121	70	37	43	249
143	77	405	127	63	35	38	248
146	63	341	132	68	37	38	244
147	68	394	129	65	35	39	233
147	68	381	129	57	36	42	229
112	68	393	142	62	35	34	197
123	67	381	146	58	35	35	209
121	80	389	138	59	28	33	196
114	79	338	141	65	31	31	217
105	76	361	143	71	29	31	226
115	82	372	156	72	31	32	222
103	82	390	162	77	33	34	217
99	74	377	180	74	35	36	232
111	70	360	176	70	34	35	225
118	98	368	197	83	34	34	180
138	93	346	207	91	38	37	198
142	96	355	206	98	37	34	205
149	91	392	199	99	39	34	248
159	101	466	212	104	39	35	266
159	90	428	204	93	41	35	277
137	89	426	183	80	38	35	295
133	100	411	175	65	38	38	311
182	114	382	169	64	33	37	280
189	109	271	156	53	33	37	267
185	103	260	131	47	31	39	272
222	103	234	121	50	28	37	274
221	99	284	143	56	32	35	275
209	84	271	153	60	34	36	277
200	87	318	152	66	33	35	274
207	84	369	152	67	34	33	272
178	91	367	155	72	35	34	278
183	94	316	136	72	32	36	244
171	95	345	140	68	31	36	245
177	95	364	143	64	32	35	239
198	94	316	150	72	36	39	258
184	92	321	147	69	38	36	220
184	80	337	142	68	37	35	225
157	101	323	132	66	40	31	231
194	99	291	147	69	42	36	269
178	106	327	169	61	39	32	239
184	102	372	186	68	39	32	247
185	111	389	203	65	40	32	279
201	91	389	204	70	39	35	262
157	85	421	191	66	39	31	236
157	77	455	186	71	39	30	230
154	83	420	179	63	35	30	223
149	85	420	164	71	36	33	216
133	93	432	164	74	31	31	215
133	102	456	177	77	29	33	191
123	102	396	161	72	28	34	203
