0	1	2	3	4	5	6	7
141	231	226	119	38	28	26	37
108	207	235	196	54	31	26	38
105	206	223	212	59	30	28	36
102	200	232	206	58	32	30	36
107	197	225	207	55	31	27	32
118	217	222	194	55	29	28	33
117	224	308	131	38	25	30	32
114	212	317	116	34	28	28	33
105	200	316	131	35	25	28	32
127	211	321	123	37	26	30	34
123	222	312	132	35	25	31	36
127	268	230	122	37	27	29	43
126	273	221	126	40	25	30	41
137	267	210	112	40	29	30	42
121	258	193	138	42	26	29	43
144	216	192	134	42	28	27	43
140	144	189	140	43	27	27	37
138	159	183	131	40	26	26	36
142	157	221	128	39	24	25	34
139	146	203	99	39	27	25	33
121	161	203	152	41	28	24	34
129	189	224	172	41	28	25	34
132	176	223	174	43	29	25	38
123	180	184	176	42	27	27	40
158	278	213	177	40	25	26	42
164	287	263	131	37	26	27	40
156	272	292	123	37	26	27	38
156	279	305	117	34	28	27	34
149	277	310	124	34	29	26	32
143	194	344	143	34	30	24	32
132	244	334	224	50	32	25	31
137	250	297	219	53	35	27	34
153	251	321	226	54	32	27	36
162	272	316	222	55	32	28	39
140	274	336	227	58	33	30	40
138	261	331	177	51	32	28	40
142	271	349	179	48	31	27	41
126	266	332	191	48	31	25	41
114	242	354	197	49	32	24	38
107	248	304	188	44	31	24	36
124	227	335	159	40	29	28	40
125	224	320	152	40	29	27	38
130	231	315	127	38	30	28	39
136	232	327	122	36	29	30	41
136	245	343	107	40	30	31	40
140	260	320	111	39	28	28	39
130	245	332	101	36	26	27	37
128	250	323	113	37	26	26	35
138	264	287	117	39	26	26	34
135	235	261	109	35	25	23	34
117	198	224	104	38	28	23	32
124	211	189	146	47	31	25	35
120	215	200	136	48	31	28	39
111	215	238	145	48	31	26	40
135	212	223	163	51	34	26	43
150	229	280	171	51	35	29	44
154	226	287	134	41	33	31	50
162	227	335	163	44	32	29	52
157	217	340	159	43	32	30	51
143	222	364	142	38	29	29	48
145	210	329	159	40	25	30	50
137	208	326	172	46	30	28	42
130	194	271	162	46	31	28	39
133	199	273	157	46	31	28	41
133	229	251	157	49	30	28	42
129	252	242	133	50	32	26	38
136	297	257	127	50	30	25	39
133	298	261	142	57	31	25	36
128	293	217	150	59	31	25	32
124	264	224	152	58	33	26	32
107	231	275	154	56	33	27	33
119	212	280	151	55	34	28	39
131	200	275	160	50	34	30	42
133	200	274	152	48	36	30	42
128	205	286	161	49	35	29	41
127	201	242	164	47	34	29	43
104	201	233	166	47	34	28	40
90	209	228	197	55	35	27	40
85	210	226	197	58	35	29	42
89	225	211	198	60	36	30	45
90	250	216	208	60	36	29	45
105	256	222	206	59	35	30	45
109	255	238	146	48	32	28	42
110	251	257	161	44	29	25	38
113	229	245	155	41	28	25	39
135	232	270	139	43	28	28	37
143	265	272	133	38	24	27	36
152	273	263	133	37	26	26	37
153	284	254	106	40	27	27	40
187	371	299	100	40	26	32	53
173	356	269	100	43	26	34	51
169	304	256	102	43	26	34	51
157	292	281	97	41	26	34	52
161	295	270	106	39	24	36	52
117	191	206	101	38	24	31	35
169	228	209	99	32	27	31	39
176	271	212	107	37	30	32	41
178	271	200	121	41	29	31	38
185	265	256	120	39	30	30	38
195	286	261	130	39	30	27	40
180	338	329	135	40	30	23	41
167	303	347	138	42	32	23	40
197	317	345	155	44	33	25	46
194	326	314	150	47	34	27	47
189	309	311	140	47	36	28	48
169	207	236	136	47	34	27	44
168	202	248	130	45	34	27	42
167	208	267	107	43	34	26	45
167	185	261	107	42	34	28	43
186	262	257	111	43	34	28	41
178	269	251	106	45	35	28	41
173	292	237	109	46	35	28	41
151	268	269	130	45	34	28	38
144	291	269	131	47	35	25	38
119	225	281	132	46	32	23	38
122	248	291	132	45	32	23	37
122	225	267	127	41	27	25	38
110	287	189	88	38	27	25	37
137	270	238	103	39	26	27	36
137	264	250	101	39	27	29	39
141	248	266	108	42	27	31	44
145	249	257	104	43	28	31	46
143	188	259	101	42	25	31	43
119	186	249	103	42	26	31	41
121	327	268	120	54	34	35	46
107	330	284	119	52	35	34	41
100	351	313	129	54	36	32	39
124	371	392	139	58	37	31	44
121	374	370	129	57	37	31	44
118	312	360	130	47	29	25	38
179	435	337	166	59	33	35	53
187	520	338	162	56	36	36	55
180	521	257	153	56	38	39	56
193	569	333	157	64	40	44	67
189	664	431	149	72	53	48	70
146	690	485	115	81	60	54	77
148	668	533	121	86	60	55	78
147	744	540	127	84	59	52	77
158	788	526	131	82	61	51	73
173	835	487	203	86	54	52	77
195	773	431	207	75	47	42	65
281	793	432	214	85	55	59	86
324	851	511	226	130	81	86	120
317	797	500	219	135	88	88	120
311	657	470	171	129	85	87	117
294	685	499	162	129	85	87	116
236	623	438	156	126	86	78	101
187	473	365	146	90	64	51	59
182	473	370	157	80	55	49	56
183	474	365	180	85	61	48	56
190	406	350	195	84	60	47	54
159	397	351	218	80	51	45	54
135	370	307	225	82	51	44	52
125	374	278	243	90	52	40	50
113	406	278	213	84	46	35	45
140	417	239	212	81	44	35	47
133	420	220	182	76	42	33	45
128	384	233	162	62	36	28	39
130	376	254	122	49	31	27	36
130	332	237	131	51	28	29	35
77	345	243	129	53	31	28	32
81	375	288	156	60	35	32	30
80	409	312	205	60	34	31	30
73	374	300	229	62	36	33	30
75	405	291	223	60	36	31	29
78	388	281	214	54	33	30	28
66	359	262	223	48	30	27	25
68	388	235	279	70	36	31	33
79	397	224	274	73	36	32	36
78	365	231	286	77	38	32	37
75	358	249	290	79	40	33	39
75	350	250	299	87	40	33	41
94	441	266	233	77	36	32	38
87	431	281	254	75	36	31	35
86	419	282	251	76	36	31	35
104	498	273	246	73	36	30	34
107	505	280	291	74	38	29	34
85	389	253	282	68	37	29	29
86	389	324	321	96	41	30	31
102	401	315	329	98	40	29	29
83	319	312	331	99	39	31	28
81	350	292	269	94	37	31	30
81	314	287	262	95	37	29	30
81	309	160	166	62	30	26	27
59	283	154	137	52	28	27	27
58	238	185	130	54	34	26	26
62	247	196	137	52	32	24	24
63	248	190	138	52	33	27	25
56	250	221	138	52	32	26	24
51	254	223	147	56	33	27	23
48	252	195	153	54	26	24	23
34	137	194	132	50	27	26	20
35	227	191	124	45	28	23	22
37	230	157	115	42	28	25	21
36	226	191	163	47	26	25	23
38	228	192	163	51	28	27	23
36	228	162	164	54	28	25	24
33	132	176	171	55	27	25	21
34	128	177	182	59	28	25	24
34	119	154	130	51	28	24	25
39	151	173	134	48	27	24	24
41	157	187	133	47	31	28	24
43	154	188	122	46	33	29	24
42	161	195	110	41	30	29	23
42	156	189	105	40	30	29	22
37	114	170	84	34	28	28	24
42	109	161	80	30	25	24	24
39	118	165	87	28	25	25	25
39	92	169	90	27	26	24	24
39	91	165	87	27	33	23	24
39	88	159	81	27	33	22	22
30	90	146	70	25	33	25	24
30	74	151	58	29	33	27	24
29	70	137	60	32	34	27	24
26	73	138	60	31	27	27	23
26	76	148	66	32	27	28	23
27	70	153	74	31	23	23	22
24	68	128	78	35	25	22	22
25	67	124	66	33	24	23	23
24	68	140	83	35	23	21	25
21	65	131	90	37	23	21	25
24	62	119	87	39	25	22	24
25	61	134	82	34	21	22	23
24	59	136	85	34	21	20	23
25	53	116	74	32	22	22	22
25	53	127	69	30	23	21	22
23	45	128	72	28	21	22	21
22	41	117	74	26	21	21	21
22	41	107	75	27	20	22	21
22	45	125	66	27	21	22	20
22	47	109	57	25	20	22	19
23	46	107	51	25	21	22	20
22	46	99	49	26	22	21	22
22	43	97	44	27	24	22	22
22	41	63	46	25	23	21	22
23	39	57	45	29	24	21	23
21	39	79	38	29	26	24	21
24	41	75	40	29	26	27	21
23	40	77	37	30	24	28	21
23	36	74	38	31	24	27	22
23	32	85	36	26	25	28	22
24	40	65	41	29	23	26	23
22	43	66	39	28	22	23	21
24	45	82	45	30	24	19	22
23	44	97	46	30	24	21	21
22	46	89	45	31	23	22	23
21	41	89	41	26	22	20	22
25	35	89	40	29	24	21	23
24	42	122	37	25	25	22	22
26	45	116	42	28	24	22	23
26	44	117	44	29	25	22	19
26	50	117	44	29	26	21	23
25	60	117	43	26	26	21	22
24	57	68	41	27	23	22	21
22	57	61	36	27	25	21	21
24	61	58	37	25	25	22	22
23	64	59	36	27	25	22	19
23	68	73	39	27	25	23	20
24	69	71	38	25	26	22	21
24	68	74	37	24	25	25	21
23	65	95	35	24	26	24	21
25	58	105	39	24	24	24	22
24	48	96	37	26	25	22	22
24	48	97	38	26	25	23	22
26	49	100	36	25	26	21	20
24	49	93	35	25	24	21	23
24	49	84	33	26	26	21	23
23	47	86	34	26	26	23	24
24	45	100	34	26	26	22	24
23	44	118	36	28	25	23	26
23	44	107	34	28	27	23	22
25	41	104	35	27	26	24	22
26	40	102	53	29	25	23	19
23	41	90	55	31	25	23	20
23	54	81	59	30	25	23	20
24	58	112	66	31	22	22	21
24	58	116	67	30	22	24	21
22	56	128	53	27	22	24	21
23	54	125	52	25	23	25	19
21	44	111	46	26	21	24	19
21	35	88	40	25	24	26	20
20	34	83	38	25	24	25	21
22	44	76	38	26	24	25	20
20	47	78	35	26	24	23	22
22	45	82	34	24	25	23	22
24	45	94	35	24	27	23	22
22	47	95	36	24	28	23	22
26	39	83	36	23	27	23	23
27	35	82	38	22	29	24	22
27	33	78	38	27	28	22	21
27	34	66	36	26	26	21	20
27	31	62	34	24	24	20	20
23	34	61	33	27	25	20	19
24	31	62	31	26	25	20	19
25	36	60	32	23	26	21	20
24	35	44	30	23	27	21	19
25	37	45	30	24	27	19	19
25	34	42	33	21	28	19	22
25	36	34	31	25	28	18	23
22	31	34	31	26	26	18	23
25	30	34	35	26	24	17	25
28	30	38	39	25	25	20	25
30	36	52	40	28	26	20	27
31	35	78	42	25	23	21	28
33	34	81	42	27	26	22	27
32	35	82	48	30	26	24	26
30	33	82	49	31	26	23	27
27	27	77	52	34	24	26	23
28	30	53	64	38	25	26	22
26	29	58	66	36	22	26	22
24	29	58	65	36	24	26	23
23	30	55	63	36	24	26	21
32	33	54	57	32	23	22	20
30	29	53	48	29	23	21	20
32	30	71	51	30	26	20	22
32	34	74	45	29	26	23	22
32	33	78	46	28	25	25	22
