0	1	2	3	4	5	6	7
420	277	687	330	77	48	69	395
424	275	809	332	78	51	70	408
419	260	797	312	74	56	81	443
433	281	731	289	72	56	80	358
420	267	831	246	68	58	77	347
439	253	890	222	68	59	86	438
510	261	791	210	69	56	87	466
543	286	757	254	73	49	78	532
500	293	803	294	74	44	78	546
516	316	730	298	83	52	84	550
464	291	631	299	80	55	81	505
400	279	676	294	78	58	78	511
365	262	705	280	83	59	76	403
331	227	612	230	77	60	72	394
305	202	578	215	69	51	65	389
350	191	675	220	72	51	61	364
324	179	622	209	72	49	60	301
293	153	561	174	60	47	59	307
295	156	571	184	62	46	59	301
298	143	541	174	55	44	62	355
239	142	462	308	69	41	53	337
347	138	438	320	75	42	57	331
350	142	465	326	79	45	63	339
352	138	425	327	81	51	66	401
354	136	430	343	85	49	64	392
360	118	385	240	69	47	65	386
253	149	409	223	60	43	59	424
243	140	378	214	57	45	59	445
252	133	384	202	51	40	56	381
211	137	427	184	51	42	59	337
186	154	429	159	47	42	57	342
177	131	412	160	49	44	59	362
243	141	408	179	52	40	53	319
238	139	420	189	52	37	52	314
250	138	405	189	46	35	53	418
252	118	371	184	50	39	56	442
258	112	388	180	50	36	56	387
210	103	502	162	46	34	53	389
263	135	493	161	47	39	57	401
282	142	518	176	50	38	50	307
305	138	518	172	46	35	48	266
324	177	555	225	53	37	47	303
331	192	518	235	58	42	49	339
278	173	550	236	60	40	46	333
256	163	486	217	62	47	56	356
260	164	533	215	64	49	60	394
227	118	504	154	57	47	59	359
207	95	446	138	54	42	55	308
197	89	386	109	49	42	55	321
240	98	408	120	43	35	53	349
216	104	401	123	43	32	47	299
210	102	356	117	45	31	46	305
248	98	376	129	42	34	57	361
264	107	391	132	46	36	57	360
228	96	453	143	48	36	55	302
221	100	468	174	51	36	54	314
265	104	482	177	53	40	55	312
238	112	511	170	51	37	46	272
258	121	522	176	53	43	50	305
254	126	472	158	56	41	43	309
251	113	418	122	58	40	42	298
200	111	419	127	63	38	39	285
215	109	487	132	70	44	61	361
253	109	478	201	83	43	62	334
270	105	528	216	89	49	68	332
278	107	537	228	87	49	68	350
287	120	553	233	86	50	72	370
283	119	450	229	85	48	54	281
210	108	525	169	75	49	56	258
207	111	469	183	72	47	55	284
207	118	461	172	75	52	59	263
203	115	474	171	70	51	63	303
192	113	494	197	78	50	66	311
239	117	480	231	85	47	63	358
240	119	472	214	82	46	62	356
248	121	529	251	79	41	59	370
281	119	566	267	78	40	57	338
287	140	566	266	78	39	56	347
246	141	512	254	68	35	51	306
222	137	555	286	84	32	46	264
230	137	543	282	89	36	47	253
191	148	483	341	102	39	38	232
184	127	481	347	103	45	37	216
185	117	489	356	105	45	36	210
220	146	515	334	95	51	48	233
204	139	516	316	93	53	51	229
192	122	566	250	85	51	57	253
194	126	592	232	75	46	54	250
198	129	625	213	80	53	56	252
168	113	565	199	76	48	51	232
170	117	543	239	80	45	50	282
212	125	526	239	82	45	47	257
211	119	464	236	95	52	53	266
214	120	393	267	94	50	53	262
243	113	471	275	96	52	51	282
253	121	482	241	93	51	48	221
230	112	454	233	98	56	54	228
267	115	550	227	93	50	52	235
289	109	594	191	94	45	54	244
261	105	550	198	114	48	60	257
263	100	587	203	111	50	69	354
282	98	572	209	129	46	65	370
248	99	523	214	131	48	69	364
239	117	539	216	130	52	71	374
274	121	554	260	120	47	66	384
255	117	477	266	136	50	59	326
231	124	494	257	129	51	59	319
276	134	508	260	142	58	58	315
281	128	478	268	153	67	71	344
254	121	452	222	162	68	71	336
257	125	512	262	155	63	69	317
259	123	522	294	165	66	71	320
210	118	521	300	152	61	66	361
217	114	539	299	145	50	51	353
279	122	536	317	135	49	52	434
299	128	484	302	141	61	53	440
314	151	505	287	122	59	50	448
315	152	541	277	117	57	52	447
368	153	499	283	107	59	59	466
330	149	488	271	105	60	60	388
316	147	519	327	105	59	76	422
334	119	591	323	130	62	82	426
350	115	537	323	142	62	82	417
272	125	590	348	144	60	78	363
286	123	675	340	147	59	78	359
285	118	668	300	155	49	62	322
256	124	628	299	144	40	58	321
230	115	618	295	133	40	53	367
255	106	594	299	133	44	50	375
245	122	535	302	150	43	53	368
256	146	622	294	145	44	53	363
303	146	674	291	137	51	57	361
312	149	744	300	142	55	62	375
300	142	725	242	147	55	65	379
344	137	759	260	136	56	63	376
383	158	727	236	143	58	65	413
347	189	672	257	140	54	56	401
348	196	637	263	137	51	58	308
336	218	632	262	131	46	56	338
296	250	598	282	117	44	65	368
243	232	593	271	85	39	69	358
316	217	569	281	82	42	91	369
353	212	550	272	77	42	93	375
398	207	649	275	71	43	97	417
412	185	676	258	66	42	90	400
431	188	647	262	65	44	87	364
391	185	638	223	68	44	72	359
372	189	594	232	72	41	66	356
336	171	537	242	83	42	60	258
340	162	552	212	86	52	73	297
324	184	566	252	92	51	72	288
333	185	571	260	148	48	67	270
326	180	647	271	157	54	69	260
337	179	614	255	157	65	75	328
336	164	519	279	179	61	60	269
320	117	528	275	189	66	61	280
304	111	502	260	157	119	62	323
314	112	454	237	165	128	63	339
299	109	428	242	167	140	53	264
310	115	491	247	153	143	70	317
343	117	412	209	169	157	75	344
333	110	417	220	158	142	74	293
337	124	401	233	150	135	79	275
379	136	410	248	163	118	84	303
371	134	408	236	155	113	76	263
340	151	504	300	148	93	70	215
352	180	530	322	153	58	68	219
328	178	546	336	170	66	68	317
337	201	610	330	152	61	61	313
301	207	619	390	155	69	57	291
312	209	589	389	136	68	58	316
328	196	563	399	147	69	64	338
324	222	565	408	127	64	60	262
293	220	539	427	132	69	67	250
290	213	505	370	134	66	71	270
322	224	476	418	164	71	78	297
332	219	468	413	159	74	80	301
375	193	470	382	148	70	78	297
353	235	446	372	144	68	75	351
366	253	535	372	137	65	79	405
377	246	631	264	95	63	76	395
349	308	667	220	68	56	66	395
311	309	667	236	71	56	69	414
323	269	653	218	67	56	69	421
365	285	569	204	68	55	64	363
338	311	473	262	73	47	59	339
351	252	452	287	85	51	63	328
360	269	420	283	88	52	62	323
338	280	417	274	82	49	66	306
308	289	474	294	85	50	67	350
296	263	462	232	76	49	64	364
271	259	472	198	63	44	61	354
239	254	555	184	51	40	64	348
273	248	592	188	51	36	53	291
259	198	553	180	52	39	60	297
285	186	559	173	59	46	64	277
292	188	522	176	62	50	64	276
299	258	470	204	88	59	55	273
295	243	416	200	92	62	63	297
303	253	403	173	92	58	51	252
276	284	522	205	93	55	51	266
278	304	579	213	93	54	68	287
282	236	526	178	73	46	71	323
311	246	555	190	69	45	71	387
286	269	546	187	61	43	71	382
281	243	421	207	62	44	71	395
289	220	371	205	57	40	58	431
315	227	456	219	67	44	61	403
349	232	437	206	70	45	61	411
353	195	454	207	70	47	66	415
366	187	511	203	62	43	61	461
378	185	506	199	62	42	58	434
346	173	443	189	49	38	53	451
265	146	477	214	47	34	49	373
270	161	509	231	50	34	46	413
239	153	466	190	48	32	45	334
212	156	464	190	49	32	47	339
236	150	484	188	48	32	47	335
235	150	428	168	45	31	42	341
220	159	379	143	43	33	41	286
240	162	508	162	46	36	48	316
233	149	525	149	49	36	50	327
221	145	514	144	49	35	46	308
259	148	504	135	53	37	51	368
263	126	488	158	82	40	52	391
254	160	516	154	87	42	58	438
248	174	483	152	86	42	54	407
241	174	496	158	86	44	60	422
203	183	534	177	88	41	58	380
207	181	563	158	67	39	56	343
192	154	478	145	57	38	44	334
182	138	485	186	78	38	45	353
208	144	552	189	93	40	40	341
204	136	534	177	92	42	41	348
194	134	572	181	89	39	42	400
198	140	540	203	107	40	43	332
259	164	547	214	119	50	53	349
237	165	503	232	115	47	51	375
308	178	563	229	115	49	58	436
326	223	537	223	113	53	57	445
346	222	527	215	102	56	60	487
327	218	532	181	77	50	56	479
360	217	568	157	80	53	59	490
341	202	510	169	80	50	55	459
328	204	601	172	84	45	54	421
323	200	634	154	78	39	49	377
332	189	639	139	71	41	59	437
360	222	660	160	60	37	60	397
327	231	674	167	75	38	57	372
330	204	581	172	73	42	61	426
405	209	536	174	81	45	66	422
434	253	524	177	79	41	56	353
389	237	494	159	78	47	61	410
401	234	505	133	60	46	59	414
427	214	490	125	64	50	63	359
345	217	515	127	54	46	56	354
278	189	576	128	59	45	56	348
272	175	544	119	53	37	46	287
250	212	560	129	51	36	52	267
205	224	584	116	45	29	45	278
195	239	540	118	47	28	45	277
191	247	480	165	50	30	47	266
226	265	463	171	55	40	57	400
235	267	401	166	58	45	53	459
216	263	413	169	58	43	50	467
216	239	482	162	55	44	52	488
231	235	525	124	50	44	52	506
231	237	509	118	47	40	48	456
219	250	599	123	43	40	51	422
260	262	587	127	45	41	57	401
272	319	586	134	44	42	61	382
271	324	582	133	48	41	60	382
243	329	622	149	46	38	55	312
248	310	539	177	55	41	57	456
209	315	531	174	55	41	52	455
197	282	487	173	58	42	44	456
182	257	454	166	57	47	48	442
168	223	471	149	59	48	53	515
162	239	583	233	84	55	52	368
171	223	569	250	92	57	51	365
171	190	566	262	96	58	58	386
160	208	550	266	94	54	54	394
195	231	585	302	101	55	51	296
208	205	567	225	79	44	48	313
200	201	625	217	72	42	58	334
204	218	689	208	68	39	51	320
281	214	687	213	68	46	61	335
284	218	639	187	61	41	62	348
273	204	618	215	66	41	65	365
278	204	633	212	67	38	56	363
291	209	599	209	67	39	60	342
249	191	620	200	69	33	53	352
259	211	588	197	69	36	54	417
289	213	537	169	63	35	50	387
286	207	494	159	64	39	50	381
280	191	489	161	60	37	49	390
285	192	466	169	70	43	56	358
256	151	447	150	64	41	52	298
219	161	515	153	62	40	55	321
239	181	478	159	68	48	57	313
235	181	558	187	79	54	58	392
207	187	638	201	72	48	54	402
228	185	665	210	80	52	57	404
243	182	610	212	82	52	54	376
215	178	625	212	81	46	54	380
239	167	513	186	69	38	49	322
289	168	515	169	68	41	46	340
288	196	537	183	65	44	55	344
311	197	554	215	69	47	59	354
344	191	546	223	69	47	69	399
336	196	539	221	74	48	69	407
283	219	468	267	74	45	70	384
263	184	487	259	73	38	60	345
276	179	467	227	67	38	62	331
255	182	475	236	73	34	50	299
284	178	534	259	84	34	54	258
306	153	517	233	98	40	57	290
326	152	488	245	99	42	62	329
289	148	507	270	112	47	59	354
290	164	526	250	104	49	59	332
264	175	563	224	96	49	55	347
275	172	581	218	82	47	51	411
269	175	597	197	90	47	50	443
270	166	625	173	81	40	48	446
291	152	608	188	80	40	50	483
279	142	552	199	79	40	51	482
258	134	572	218	84	37	52	425
243	140	525	243	91	35	47	363
239	154	478	260	95	40	50	361
223	131	490	258	99	42	46	347
232	126	463	269	109	44	47	338
230	140	418	235	108	46	46	318
236	122	405	207	103	47	49	334
229	103	450	174	100	46	46	312
222	112	441	169	102	50	59	279
243	123	488	153	100	48	59	262
234	110	489	160	103	46	56	250
246	131	479	158	101	49	61	272
248	135	472	154	97	48	60	280
238	136	471	180	93	43	45	270
193	129	458	166	86	42	42	294
186	149	475	173	84	43	42	323
162	144	509	164	77	43	45	333
186	143	456	176	75	41	45	340
177	141	443	175	84	39	47	348
202	148	481	171	80	44	57	402
261	136	471	175	79	44	56	377
268	128	463	177	80	41	53	397
297	129	475	171	91	41	59	438
337	119	477	155	79	39	58	465
332	120	496	187	89	37	59	426
343	110	504	184	101	39	65	427
336	118	567	215	110	39	62	374
301	116	607	217	104	40	61	373
253	121	607	228	105	40	65	327
264	120	532	229	114	37	62	317
237	119	509	232	109	41	59	327
236	112	464	245	105	42	63	345
270	115	409	250	104	45	67	289
282	142	412	253	117	47	62	307
288	137	474	253	106	51	64	344
306	142	519	253	104	46	61	335
312	140	490	235	106	44	60	311
344	142	520	238	110	47	69	413
338	117	558	238	96	45	76	427
320	112	521	215	93	42	72	394
298	102	495	206	96	43	75	424
311	100	485	199	98	44	74	419
247	102	449	217	109	45	66	308
251	106	387	195	117	47	56	269
245	108	398	221	118	50	54	278
239	130	402	234	113	51	52	242
237	132	433	242	107	56	56	301
227	139	415	209	85	50	49	313
208	137	401	208	72	47	49	306
233	141	477	194	70	47	55	287
217	139	487	183	63	42	51	267
200	153	464	156	57	34	52	241
193	144	487	152	51	33	49	234
253	141	518	139	52	34	52	273
239	148	441	127	51	35	50	338
324	140	485	126	64	45	70	451
341	149	488	152	68	44	69	454
356	152	509	187	79	46	73	464
377	184	575	197	81	50	74	505
375	201	648	224	79	45	72	477
296	209	592	227	71	39	56	411
270	203	586	215	67	38	52	428
258	228	604	217	63	37	56	423
335	204	542	233	71	37	58	360
345	190	477	212	71	39	57	359
353	195	595	205	68	40	55	336
365	221	626	222	67	42	63	306
380	200	603	205	61	41	56	311
247	218	614	202	53	39	54	302
226	210	595	196	50	44	62	345
276	208	477	197	51	40	67	365
271	199	460	174	48	40	58	359
243	228	464	159	46	40	60	430
240	224	511	133	45	40	60	468
268	250	506	136	45	34	53	463
227	262	523	134	42	33	48	444
211	254	526	152	48	34	52	462
253	234	489	164	53	37	54	420
272	225	375	165	55	38	52	402
254	203	347	165	57	40	52	434
226	196	319	179	59	40	50	418
236	184	273	172	57	38	44	409
251	177	279	160	52	35	37	404
235	212	383	158	49	31	42	380
270	272	424	152	55	35	46	290
310	260	427	133	59	38	46	332
307	253	457	120	57	39	47	301
264	282	447	127	59	39	48	290
