0	1	2	3	4	5	6	7
928	457	768	729	263	329	601	943
873	425	803	741	275	373	677	845
793	438	851	755	295	482	745	812
841	512	925	858	306	530	721	777
819	470	924	865	322	536	813	732
782	454	892	749	273	504	802	766
962	439	922	697	281	482	799	828
944	410	941	713	279	459	841	902
934	383	929	709	316	409	791	876
991	365	910	647	297	402	741	891
1133	378	1004	700	313	419	815	931
1019	467	964	731	324	525	807	901
1021	502	944	778	324	479	732	797
1065	483	968	711	273	490	752	869
1123	557	1032	714	297	504	755	924
1015	553	936	697	318	540	727	842
1010	531	1004	757	304	424	696	868
1057	543	946	741	313	442	690	851
1006	525	971	751	314	410	662	756
881	444	920	755	285	380	603	668
851	447	985	733	245	302	553	653
772	388	890	718	211	360	598	614
679	375	985	700	166	375	644	675
733	376	909	685	150	402	689	703
701	411	971	669	154	410	680	627
713	396	901	678	155	425	728	676
787	382	918	583	192	462	816	772
922	366	826	537	203	435	789	803
850	386	868	606	248	416	757	783
856	386	873	625	263	424	758	805
917	385	922	626	259	416	764	819
832	390	955	693	254	370	668	678
682	393	1019	679	257	353	650	614
762	411	1085	578	208	346	640	650
765	388	1030	569	199	348	648	647
811	482	1103	597	191	340	590	689
869	485	1122	529	181	284	561	745
833	472	1132	527	161	274	556	767
802	452	1081	552	197	346	607	804
892	465	1048	550	187	371	600	813
860	390	944	595	215	392	594	843
814	410	889	595	196	386	541	819
816	416	864	576	198	381	524	744
769	392	780	550	186	346	512	641
683	371	844	555	193	314	529	685
539	367	797	468	167	311	538	656
590	436	871	472	180	321	543	647
573	406	821	465	191	341	611	665
718	401	847	491	179	324	590	758
673	393	781	453	188	342	591	691
678	432	913	440	207	367	692	647
619	383	860	434	210	395	750	645
645	393	855	415	193	368	675	608
600	395	898	410	207	383	668	569
608	458	922	426	196	370	635	623
667	397	931	406	176	337	522	586
670	374	932	387	177	392	496	705
716	372	917	384	190	455	582	800
613	429	879	365	182	435	592	766
634	363	849	355	179	433	637	719
616	408	699	329	184	462	707	774
726	397	603	351	179	397	760	684
671	414	611	375	177	339	713	590
759	386	555	460	186	361	732	551
771	390	697	456	205	348	709	589
791	376	797	461	198	308	631	556
772	365	871	432	192	296	579	626
799	356	994	409	187	320	675	687
714	336	1028	297	167	339	684	760
716	345	970	291	142	340	651	750
667	309	930	312	167	373	674	701
618	348	946	338	171	387	621	647
615	328	842	390	169	372	551	603
622	319	829	374	169	350	486	581
600	317	869	375	169	337	524	617
555	377	887	558	167	280	485	602
595	355	887	555	161	256	506	590
567	369	900	522	163	232	468	554
551	350	891	534	168	243	475	514
605	336	861	554	164	239	499	528
609	310	836	366	160	334	546	542
601	304	788	356	166	323	555	565
645	285	916	357	165	357	580	626
747	299	927	360	170	398	677	644
711	305	975	345	174	429	684	564
707	285	984	385	162	362	736	554
634	286	967	439	165	398	765	600
643	285	836	492	173	386	747	553
550	273	808	489	156	342	665	530
588	366	708	526	172	321	656	563
599	358	621	513	173	324	543	596
635	345	610	476	171	282	463	509
573	346	582	453	169	271	452	523
617	354	621	496	179	239	480	531
635	273	625	501	181	257	458	520
889	297	681	494	170	253	468	600
1051	319	739	521	173	239	458	633
1186	319	778	509	179	236	552	711
1275	325	760	491	173	232	493	769
1252	380	756	506	161	186	484	792
1121	360	739	543	182	199	499	709
954	353	662	528	178	212	515	687
771	352	621	506	163	202	406	590
545	340	697	490	160	199	419	487
541	258	699	416	163	233	455	463
522	310	696	367	148	226	438	470
550	352	708	410	144	219	404	428
648	364	716	412	143	239	454	518
674	390	762	414	144	234	440	616
712	404	755	467	151	199	368	606
706	358	825	474	164	209	381	655
746	343	850	403	153	257	398	797
955	369	951	401	158	245	367	834
1039	356	906	432	159	254	368	862
1159	341	926	432	155	273	403	934
1260	330	851	446	147	272	396	944
1255	283	913	435	154	259	416	852
1195	250	844	460	148	266	404	842
1183	271	824	507	162	261	395	832
1143	259	805	481	152	238	358	844
1102	263	811	450	143	245	357	832
1087	285	745	506	144	237	373	869
1003	311	741	481	149	223	393	797
968	295	757	388	148	299	585	748
970	307	732	371	153	325	612	797
943	338	840	428	154	315	618	783
987	341	818	386	178	365	651	776
1085	330	798	430	176	365	638	823
1091	361	797	448	163	332	591	833
1012	371	846	459	161	322	576	695
955	370	782	439	158	318	569	689
910	356	785	424	128	244	518	644
727	329	884	384	125	234	500	602
661	280	888	366	129	213	427	565
627	289	916	375	128	208	424	532
621	276	918	359	126	206	405	537
656	291	920	370	132	196	472	562
692	284	822	370	148	219	481	570
716	292	786	387	155	214	419	527
725	323	808	404	169	257	451	589
713	313	779	427	190	281	487	578
710	302	794	431	207	332	494	611
701	327	793	447	222	356	536	569
683	316	795	443	225	360	534	577
692	246	775	389	208	319	524	536
664	231	758	327	187	298	504	539
640	257	863	315	173	248	416	483
608	225	834	307	140	190	361	509
730	231	853	362	141	206	412	573
677	231	795	396	145	201	415	574
770	235	876	412	153	202	425	621
742	192	787	456	171	199	419	758
759	201	830	460	176	207	443	893
840	185	806	394	156	155	431	1012
994	199	843	374	152	161	416	1022
1012	199	842	397	153	162	408	984
1014	194	837	456	143	147	444	918
1004	180	886	438	140	145	498	802
827	186	948	461	142	150	506	600
727	173	944	518	152	154	487	611
682	190	932	577	163	180	513	701
684	218	904	514	156	179	489	650
677	234	858	564	155	165	419	636
717	243	808	550	150	175	390	651
791	249	790	506	141	183	387	673
776	236	759	427	119	145	382	571
791	216	788	413	105	164	472	618
781	217	789	343	100	167	462	622
757	212	762	337	109	161	431	579
703	208	709	324	124	159	465	548
805	214	669	345	134	179	465	591
814	247	725	382	136	192	391	573
853	222	706	380	138	196	389	561
846	211	666	387	135	193	468	606
818	214	739	382	126	185	450	596
694	224	785	324	109	167	417	571
686	178	684	262	101	130	394	514
711	189	724	289	132	145	436	499
702	189	753	267	140	146	351	467
629	189	714	292	138	148	329	423
676	197	681	372	150	159	399	396
637	202	732	406	165	165	394	414
587	197	736	379	134	160	444	424
622	200	808	397	124	164	463	467
608	206	820	391	120	157	459	475
549	188	866	343	115	150	388	468
536	193	863	306	102	160	439	496
574	190	815	338	102	145	340	554
568	209	728	327	105	131	304	571
576	197	737	306	108	163	331	671
588	200	698	275	98	158	331	713
667	184	695	289	90	166	275	742
611	195	780	281	107	161	367	731
640	170	817	321	121	189	400	729
652	180	804	328	120	165	382	642
628	185	801	351	124	182	408	652
548	188	821	344	129	157	398	599
524	183	835	339	118	158	300	584
433	178	866	316	108	137	305	544
458	170	855	302	104	136	298	551
452	152	890	309	98	126	251	458
456	150	958	303	106	139	242	448
461	150	887	326	128	158	279	395
467	179	835	337	127	150	262	385
528	176	858	336	129	149	317	429
568	165	818	298	129	167	388	448
547	183	746	294	120	157	396	455
609	194	722	252	92	151	366	472
669	190	768	219	100	158	366	456
594	192	765	237	97	155	389	520
588	196	713	267	112	136	339	542
581	184	665	267	106	144	337	571
553	172	664	258	108	143	356	552
496	150	610	250	107	146	350	565
505	147	621	243	108	144	261	448
454	168	666	269	99	130	235	400
472	160	675	288	109	146	236	350
461	182	721	320	111	144	290	492
496	194	764	346	101	183	313	599
541	194	703	348	103	195	342	592
557	168	690	316	109	211	373	640
688	179	726	298	101	227	421	709
655	159	804	350	128	221	369	616
628	169	787	334	128	182	327	507
602	189	792	328	134	191	327	585
582	196	796	334	132	200	334	538
462	184	755	328	135	180	279	435
458	197	669	313	136	200	297	441
427	165	596	298	144	213	319	489
455	180	737	300	138	198	312	532
502	185	714	317	137	172	275	535
502	186	722	332	131	177	304	577
505	173	663	288	113	166	308	596
516	183	662	293	109	157	307	547
516	183	662	293	109	157	307	547
