0	1	2	3	4	5	6	7
607	123	467	168	81	61	113	794
524	121	539	179	78	57	116	741
538	107	449	162	74	57	123	687
508	92	440	130	50	45	93	505
554	98	491	150	67	60	95	507
501	96	521	142	66	62	94	560
510	99	571	176	78	64	97	537
477	116	588	186	78	66	95	548
429	114	599	187	80	64	97	625
369	110	572	189	71	51	85	577
490	115	582	192	75	63	112	609
473	121	601	157	64	59	107	607
471	107	548	146	64	61	99	612
471	103	544	147	62	59	99	543
504	108	626	146	58	60	98	630
502	101	599	151	55	55	76	607
562	77	534	144	55	60	93	611
665	107	634	145	62	74	120	613
674	121	648	148	64	83	124	565
724	115	570	147	67	83	127	568
728	136	650	137	66	80	129	506
706	135	617	129	66	77	123	554
642	111	537	126	60	62	99	565
661	106	595	131	64	51	98	637
597	109	609	106	59	54	104	586
627	94	531	107	57	49	97	593
642	92	521	120	52	45	90	532
619	104	551	137	51	47	98	554
625	95	455	124	52	52	102	513
660	97	441	135	59	49	96	468
537	91	558	156	70	54	92	495
506	97	566	150	76	59	97	521
633	89	513	139	86	71	105	456
598	96	566	168	88	67	94	476
569	93	550	174	89	72	100	571
586	95	404	156	84	70	108	595
612	87	366	159	81	72	111	611
495	87	446	169	71	65	106	640
617	86	424	145	68	70	119	662
633	86	472	131	62	67	117	602
676	85	468	135	65	71	118	557
682	92	467	126	64	70	116	551
661	95	469	112	63	68	112	551
626	96	444	112	61	65	103	470
589	92	386	110	63	63	99	460
517	92	379	106	55	56	88	492
439	90	391	120	53	57	89	457
500	89	344	117	54	54	99	513
426	81	359	114	49	48	91	589
438	84	363	110	46	46	89	586
448	76	382	105	46	47	91	539
441	86	440	93	48	46	85	627
508	91	440	102	45	50	83	563
494	88	426	93	48	52	87	480
607	105	423	92	49	61	106	525
636	108	447	119	58	66	105	540
653	99	373	121	61	65	101	454
548	87	323	113	57	63	95	486
596	95	304	123	60	62	95	535
452	79	359	154	64	56	71	507
425	79	387	152	69	54	73	538
423	79	399	146	65	52	81	550
448	86	474	153	67	47	71	544
436	88	539	154	68	48	71	523
449	82	514	126	61	44	74	534
442	92	442	104	47	41	76	487
473	96	512	118	49	45	74	433
465	95	492	104	53	51	81	493
388	92	448	91	50	53	78	543
363	105	450	84	55	58	86	642
460	116	481	90	59	62	90	649
426	115	486	83	57	60	92	667
528	117	506	92	58	64	113	638
591	120	477	119	60	62	117	592
599	108	496	131	61	59	108	438
538	100	557	133	64	68	115	526
534	98	520	135	64	69	110	506
452	95	497	141	60	63	79	466
407	89	525	131	60	62	74	541
517	108	576	127	54	68	94	639
514	92	536	128	51	57	79	581
617	120	596	123	57	66	117	602
610	149	720	119	55	70	131	700
597	155	799	106	54	74	144	721
539	154	773	111	63	79	154	792
558	185	826	131	66	79	154	862
473	185	828	147	66	70	129	899
538	164	722	155	77	80	139	916
542	169	756	168	79	82	131	870
528	165	770	172	74	72	107	737
575	140	693	155	71	75	120	674
566	129	625	136	66	77	122	612
487	129	658	117	51	62	97	430
474	132	582	108	47	58	92	363
445	128	537	95	44	58	91	348
383	131	579	101	47	60	92	391
362	124	662	105	49	58	93	480
392	118	634	108	54	64	101	495
392	104	601	100	50	60	97	518
411	113	669	97	52	62	101	579
375	99	662	94	46	56	82	569
384	95	660	113	47	53	77	488
352	113	792	129	41	56	72	522
418	108	802	156	57	73	102	545
464	100	797	163	67	86	120	524
472	102	811	161	67	88	129	465
474	119	811	158	66	88	132	468
513	119	697	158	68	85	126	424
592	142	760	199	83	83	131	526
628	149	800	223	83	73	110	486
687	150	797	236	90	76	116	528
719	151	753	247	101	86	120	557
718	152	781	288	110	91	144	619
739	189	867	318	102	83	127	504
732	217	938	366	116	99	158	685
738	243	979	386	116	100	156	702
738	246	1010	386	110	93	154	697
733	278	1105	389	108	89	148	679
722	247	1003	355	111	106	173	712
776	230	875	300	98	102	198	605
800	220	909	273	94	102	193	565
840	213	897	299	105	112	210	622
849	172	821	286	107	116	205	595
923	181	835	266	99	104	196	671
897	177	860	264	99	97	163	625
820	155	804	269	99	99	167	620
781	152	775	268	100	108	199	695
799	143	688	243	88	101	196	795
665	135	705	311	91	97	180	771
580	124	708	308	86	102	174	830
701	143	721	301	82	108	188	933
683	148	724	268	66	91	144	824
682	146	742	268	77	96	150	735
764	139	655	215	92	120	186	742
783	141	642	216	96	115	182	719
761	145	563	237	106	117	185	675
805	163	574	277	118	150	238	755
814	177	562	303	135	202	280	769
695	187	552	286	128	217	283	731
712	185	520	285	129	225	297	693
638	194	604	317	143	224	287	607
777	182	561	291	142	220	325	719
769	177	566	290	124	184	309	745
767	175	597	301	124	165	293	709
734	198	629	311	123	172	300	738
743	193	565	258	101	171	305	747
593	198	569	270	105	165	237	572
557	200	570	264	109	152	206	508
561	191	563	241	102	150	219	540
585	171	531	260	101	144	207	484
535	178	594	264	96	150	215	529
444	196	670	255	81	132	184	539
507	229	666	247	83	139	201	571
555	236	698	258	82	122	180	594
636	260	793	235	92	128	199	652
675	261	751	261	91	137	197	602
731	265	756	255	92	149	221	618
738	237	763	251	91	156	229	631
714	312	782	275	98	161	228	565
673	425	722	299	92	152	207	577
741	444	801	277	95	134	200	614
745	449	822	275	91	119	180	600
713	459	850	264	81	99	151	587
759	500	920	301	83	89	145	596
805	450	979	316	82	91	143	691
831	487	942	369	90	101	145	679
864	498	893	385	93	101	136	661
865	600	876	393	94	103	140	636
832	546	812	361	93	106	146	623
778	515	817	395	86	88	135	479
748	508	864	356	79	80	144	448
684	603	895	362	80	88	167	495
811	559	904	368	87	111	212	651
860	568	881	374	83	116	228	678
890	595	896	345	85	117	224	649
967	631	886	339	86	124	234	731
1052	570	902	321	82	125	233	718
1014	559	910	301	75	112	208	582
1014	650	960	366	79	129	218	605
1008	735	920	436	84	134	221	607
896	759	884	441	81	125	199	503
849	782	882	437	87	129	205	512
789	874	892	483	101	133	212	544
705	944	815	423	101	113	193	583
702	891	725	305	90	106	192	580
717	834	709	334	98	112	200	566
724	833	701	342	93	105	184	565
732	716	671	287	82	104	187	552
825	623	666	302	89	107	183	508
781	649	746	314	100	110	176	521
744	738	795	306	105	98	160	513
658	730	760	321	109	92	148	481
599	733	755	369	110	77	109	474
505	772	764	360	102	70	100	425
538	733	683	357	95	67	108	491
503	686	591	344	83	72	111	513
541	656	621	399	102	83	114	525
619	638	584	342	97	81	128	516
667	493	589	359	97	78	131	528
717	513	600	360	97	91	139	468
758	495	649	368	96	85	139	452
713	460	563	271	71	85	142	436
710	454	537	265	75	89	139	427
691	460	501	228	72	89	139	417
671	398	475	224	85	81	138	422
646	329	379	187	94	96	167	411
646	324	509	241	106	106	171	390
583	320	575	300	118	112	172	397
596	302	565	301	115	116	170	469
526	343	686	289	102	115	165	427
578	317	684	295	106	114	148	487
742	311	657	268	93	97	141	527
745	319	651	242	84	89	128	547
700	289	680	268	96	95	134	551
728	229	576	268	95	95	131	554
734	216	565	256	83	86	122	569
597	212	506	254	83	91	153	563
668	191	433	217	76	92	164	539
656	161	450	177	63	77	152	466
690	163	440	195	63	90	203	493
715	157	547	213	79	105	209	426
685	142	540	200	78	103	194	399
756	149	557	242	87	105	188	445
782	147	552	250	89	111	194	469
809	110	540	232	93	113	161	629
803	121	434	210	82	123	171	665
832	184	509	259	92	140	198	702
692	175	498	219	81	136	195	673
671	168	454	207	82	140	219	724
612	187	513	225	91	143	234	601
617	193	575	233	91	129	223	572
585	162	504	233	102	139	245	584
616	171	553	246	103	146	254	599
647	176	564	296	106	140	238	602
633	186	549	322	107	158	224	579
567	208	531	346	127	182	248	635
584	195	632	312	110	166	199	648
608	194	636	337	129	203	248	675
645	201	635	345	153	242	284	655
647	178	632	313	151	230	286	672
628	135	602	285	137	245	303	616
676	135	536	280	141	255	331	605
653	156	538	245	128	229	298	555
600	155	529	186	107	232	298	476
579	179	548	236	119	255	303	506
595	189	571	242	125	250	291	608
567	183	562	246	135	276	293	650
584	169	542	253	141	285	302	674
541	167	550	239	128	250	263	673
499	154	517	170	116	234	244	659
494	157	531	159	111	225	248	685
518	203	560	239	106	185	223	681
561	196	520	242	105	185	229	668
645	210	565	269	138	239	254	715
745	224	590	324	149	248	275	753
817	233	599	345	149	242	249	668
764	223	593	349	157	247	237	586
724	245	613	353	158	265	270	583
734	235	594	352	156	256	264	584
730	228	625	306	156	258	264	558
618	214	607	291	155	254	256	519
651	188	599	223	141	245	268	551
703	184	671	239	153	242	254	560
640	212	769	215	140	222	252	551
555	193	737	221	122	195	238	495
677	236	824	227	126	203	276	549
728	240	803	224	127	211	281	541
682	240	775	215	109	181	258	523
764	209	690	233	105	172	250	475
764	230	687	234	129	277	333	499
688	192	652	229	142	299	328	451
732	201	699	263	151	307	348	437
711	176	668	240	145	301	336	414
586	203	690	246	141	290	328	435
646	194	679	248	128	214	271	465
638	199	672	281	112	167	240	493
460	188	627	289	105	135	178	448
494	204	659	313	113	141	198	503
667	186	633	298	122	199	258	543
594	195	704	367	131	185	232	472
618	209	727	386	140	187	232	455
732	221	737	363	142	193	245	563
717	206	730	365	140	193	230	534
569	219	798	415	136	136	162	464
594	226	726	365	123	129	153	557
660	266	792	321	103	115	151	528
544	261	776	316	91	113	144	425
541	351	805	348	91	110	144	427
604	359	756	362	108	132	170	445
601	378	819	463	124	125	157	319
602	367	679	461	127	126	157	404
648	428	720	469	127	116	148	419
728	423	674	446	130	111	149	423
726	454	685	395	106	76	112	424
694	500	646	262	83	69	113	437
599	500	697	264	71	60	110	424
588	477	674	266	77	64	130	482
476	444	766	252	64	61	119	487
407	467	735	255	69	65	126	489
495	447	804	266	68	64	132	507
532	457	821	322	78	71	129	473
519	469	857	369	83	79	118	404
533	534	775	386	85	79	119	368
564	487	801	372	89	94	125	402
521	517	783	428	101	94	124	373
558	540	841	388	98	96	132	375
564	575	841	352	94	91	131	506
564	574	860	334	95	90	128	552
636	618	864	362	94	79	123	509
672	632	824	293	92	97	143	584
711	641	755	352	105	121	184	609
714	634	745	390	112	121	178	489
722	679	786	423	121	124	178	437
662	683	720	460	128	125	183	598
678	796	816	456	125	115	171	612
618	825	797	423	119	91	121	622
606	909	766	381	107	86	120	709
691	1061	759	340	96	82	138	790
848	1096	802	287	91	101	201	799
858	1025	742	302	98	112	218	802
876	1087	706	341	107	117	227	790
919	1054	772	350	118	123	233	747
946	880	735	370	119	122	221	687
856	929	843	374	120	114	183	646
949	932	848	357	114	107	184	709
913	830	846	302	101	101	175	694
1006	795	864	334	102	100	182	720
901	778	899	320	102	102	186	696
923	714	769	313	97	93	168	633
812	679	698	309	90	83	141	469
846	674	688	332	85	79	146	477
784	641	610	288	68	69	125	406
919	735	539	320	86	84	146	517
858	709	507	287	78	75	137	472
836	724	606	323	92	87	138	542
816	753	602	301	103	105	146	554
738	758	583	308	106	106	149	550
605	660	531	250	87	98	132	465
560	651	626	254	88	100	132	513
596	593	551	220	82	104	151	521
624	537	596	203	72	90	143	526
594	531	550	174	68	96	151	578
655	541	649	199	69	101	162	600
749	496	567	199	79	110	174	596
724	517	523	183	77	114	166	592
855	503	454	171	73	119	183	622
873	476	471	197	83	122	188	575
881	412	494	208	87	120	195	561
834	362	481	217	84	113	192	550
818	332	483	218	83	109	198	481
720	318	504	241	90	113	198	456
771	322	516	237	98	136	220	457
740	300	460	231	101	131	201	429
735	286	458	216	101	148	225	466
828	260	468	226	105	149	228	504
759	242	459	225	102	144	207	472
697	234	459	236	88	117	178	452
687	210	373	226	100	146	206	506
736	223	441	251	108	143	203	530
751	250	440	242	102	138	211	611
885	248	450	276	109	139	220	636
876	417	478	264	106	142	224	662
842	428	487	263	90	124	214	704
802	435	463	253	76	121	222	661
720	421	479	264	80	119	200	580
574	423	621	213	82	135	228	590
586	241	639	189	89	140	237	633
585	227	631	178	92	139	265	582
726	207	614	187	99	142	266	696
682	193	652	253	101	149	281	710
719	211	510	264	91	144	273	658
805	190	505	272	89	161	286	663
843	187	677	275	84	162	249	643
807	195	705	268	79	155	226	546
911	280	738	243	83	167	247	575
988	272	754	259	93	176	294	756
1042	291	731	268	112	218	364	804
1110	334	599	277	131	264	438	858
1058	329	641	298	132	268	450	869
991	273	548	265	125	255	436	850
1017	276	599	248	124	275	455	790
1086	261	600	241	120	275	473	820
1128	215	620	261	115	257	489	795
1137	213	553	257	122	263	483	818
1253	212	610	255	122	263	492	963
1243	229	589	268	119	233	470	951
1097	231	594	268	113	198	428	889
978	235	593	235	94	167	405	905
1070	245	639	198	97	198	487	893
1003	237	680	282	109	224	556	763
936	217	668	257	106	224	536	806
976	243	629	252	102	225	531	821
1085	238	569	286	114	239	516	818
1049	242	548	297	116	214	464	939
1102	272	567	212	105	197	395	947
1154	271	543	213	116	210	469	944
1295	260	571	205	115	240	572	1025
1251	292	722	164	118	252	588	1049
1237	291	702	151	115	266	601	953
1230	266	625	185	122	274	630	967
1187	268	644	194	111	261	583	907
1036	328	687	264	142	267	517	833
1014	315	635	293	144	259	473	862
1062	330	633	305	148	261	497	829
1050	335	648	300	147	270	477	769
1078	337	680	300	153	275	468	924
1090	277	712	251	122	238	401	846
1061	268	664	231	108	217	396	802
1021	256	681	220	98	202	360	849
1062	297	707	225	101	198	370	941
1070	335	671	215	95	212	397	789
1130	406	653	262	100	203	407	815
1183	437	651	253	116	251	523	933
1261	429	650	296	118	262	532	958
1212	413	639	309	117	250	504	921
1168	431	655	331	123	236	487	995
1141	363	608	317	122	235	476	1003
1087	317	600	325	104	181	352	856
1001	317	595	289	99	139	305	833
982	305	575	275	89	121	271	772
1008	257	691	247	74	114	258	639
968	252	671	209	70	145	318	711
1082	257	689	182	67	140	298	764
1032	298	715	166	61	135	267	680
999	303	750	165	63	141	281	702
971	307	710	173	70	165	318	702
871	336	737	171	64	133	256	586
690	338	747	178	63	132	259	465
733	297	741	220	68	134	259	529
695	299	686	211	68	141	267	505
655	363	593	330	92	120	216	488
709	440	639	358	97	114	205	505
753	464	621	384	102	117	213	611
778	474	587	364	107	139	226	577
781	496	586	375	103	121	188	534
754	443	648	308	80	105	176	532
710	453	640	323	91	106	171	503
763	465	630	299	91	116	172	406
689	491	618	316	84	92	173	356
648	550	621	402	114	101	177	351
668	576	567	382	114	113	193	449
859	639	511	370	112	136	225	480
833	769	618	406	118	128	215	505
860	789	646	417	128	129	209	539
941	811	633	341	105	125	210	552
912	823	669	361	109	117	200	470
820	757	728	380	111	92	166	483
907	754	685	341	107	103	170	586
963	835	790	339	97	105	171	648
890	913	837	346	101	107	167	649
958	899	802	321	98	108	166	664
882	954	738	276	88	110	164	617
837	871	703	259	87	104	170	477
717	834	641	273	85	95	154	341
769	748	567	233	75	89	149	322
685	748	523	233	70	84	145	278
742	652	594	236	67	80	146	338
591	650	553	240	62	78	129	318
559	580	470	196	57	75	114	342
476	475	482	185	54	74	112	335
589	501	513	185	61	78	130	413
499	475	543	189	62	77	126	423
518	443	572	210	62	64	113	439
530	467	538	199	64	63	115	437
537	522	507	198	64	64	120	475
368	478	505	188	59	67	104	416
474	501	363	183	56	64	106	447
502	534	315	169	51	61	99	445
503	518	358	167	49	59	96	438
471	538	446	179	50	62	90	415
523	540	440	176	49	57	91	518
481	547	429	155	51	66	103	464
425	531	419	138	53	65	98	471
434	518	406	122	50	73	124	454
476	530	477	135	54	84	153	457
430	524	453	143	58	82	150	351
456	522	451	145	51	71	139	391
498	502	458	152	52	78	162	407
582	497	449	170	58	71	151	459
579	466	322	206	62	61	127	450
584	507	416	204	62	66	127	438
