0	1	2	3	4	5	6	7
150	207	482	370	91	70	39	95
120	219	488	379	90	70	43	104
124	209	446	378	99	73	45	99
130	223	395	357	99	75	44	91
135	242	447	363	95	76	46	99
125	260	473	431	114	98	47	98
122	367	473	442	119	102	44	91
123	392	556	459	117	105	41	96
132	425	541	481	121	106	42	101
158	430	541	497	129	107	44	106
156	416	564	472	119	93	41	107
158	335	603	473	110	93	41	120
149	326	566	479	109	89	41	127
156	287	567	503	122	91	45	150
119	280	583	480	113	88	42	141
112	289	544	447	108	83	43	148
117	336	539	416	108	77	44	146
130	322	478	374	103	80	43	136
121	334	484	293	91	75	35	105
132	322	441	276	93	83	42	108
137	339	465	288	95	77	42	87
142	319	415	304	99	78	40	82
153	297	496	284	92	78	44	90
142	253	480	301	77	77	46	116
142	253	497	294	71	68	39	112
143	252	549	384	96	63	45	127
145	194	588	418	105	63	49	140
123	222	562	411	105	91	46	138
142	261	622	448	108	89	48	128
135	281	655	461	120	94	48	147
147	266	618	396	104	97	44	153
138	269	568	394	99	106	46	153
137	304	577	400	101	79	45	157
121	313	612	403	100	81	43	152
124	298	547	391	88	74	43	137
122	290	605	410	113	75	41	120
133	311	622	487	127	73	38	121
132	293	644	513	130	74	39	140
139	266	659	559	152	75	43	148
144	276	659	586	155	78	43	152
151	277	594	559	137	84	43	155
140	267	637	472	118	79	39	138
138	232	673	459	113	78	38	118
135	291	570	343	77	76	30	105
145	280	571	302	78	91	31	121
124	290	622	313	78	79	29	123
124	364	635	395	99	76	34	122
125	366	531	376	102	79	42	130
128	319	541	384	108	99	47	147
104	351	551	401	119	88	50	141
105	345	490	409	117	91	51	138
110	283	437	322	101	90	48	145
124	286	473	325	104	94	48	140
126	293	469	325	103	89	48	149
141	288	514	289	89	96	45	140
152	311	563	277	88	95	44	142
155	285	544	258	87	95	47	141
167	299	519	250	80	93	43	135
173	296	507	238	72	82	38	107
169	317	514	332	88	76	46	107
156	289	446	361	93	75	48	107
161	326	456	372	94	73	47	101
143	320	529	381	96	69	45	99
129	318	544	382	98	61	47	99
123	342	474	320	78	63	36	104
134	348	492	299	72	62	33	98
161	309	513	276	70	66	30	126
163	315	470	279	75	67	31	149
161	318	552	301	79	74	26	145
174	297	621	310	87	64	31	154
163	299	628	286	88	77	35	154
132	307	613	319	91	86	37	131
133	397	636	459	112	95	43	110
160	387	559	462	108	91	42	108
162	373	492	444	103	95	42	108
166	393	510	451	104	113	42	122
158	393	498	435	103	106	42	123
152	325	482	299	77	99	37	119
125	359	502	274	81	98	41	124
102	327	502	301	84	98	42	108
116	301	537	325	101	72	41	88
120	324	558	347	107	83	44	88
137	283	521	326	107	82	45	89
140	269	496	343	102	86	43	94
146	272	554	319	100	83	41	87
132	286	505	297	80	74	39	109
146	268	514	276	75	61	36	119
131	284	555	285	74	59	36	133
151	260	559	247	88	56	34	133
146	263	512	248	84	67	36	135
148	253	510	379	110	78	42	124
131	257	457	382	111	78	45	132
141	246	414	375	109	79	46	123
120	280	396	381	100	88	46	117
136	286	427	403	106	100	47	126
133	296	453	305	82	90	41	131
152	296	467	308	77	92	40	118
141	286	471	320	80	96	39	116
141	265	569	373	94	88	42	121
121	278	555	351	90	67	41	120
123	324	523	327	87	66	43	110
109	305	499	363	110	67	42	120
115	326	533	400	121	98	45	118
110	351	421	400	119	100	44	129
111	327	421	399	121	100	45	117
123	265	391	400	120	100	46	141
127	263	406	384	114	95	42	127
130	248	423	387	113	60	42	129
156	233	566	474	131	66	46	122
166	232	535	480	134	81	46	133
170	257	564	478	134	88	42	115
178	301	628	483	121	90	43	120
193	299	606	452	109	86	41	124
176	288	495	314	73	81	36	119
172	332	498	311	70	68	33	108
172	330	585	396	80	73	34	97
150	395	552	396	98	74	37	95
132	414	558	388	98	75	36	85
138	400	553	394	98	76	37	83
142	389	561	382	94	77	39	99
172	376	439	294	83	66	41	104
177	337	453	276	71	80	37	99
171	312	456	308	80	82	38	109
162	327	467	295	82	86	39	108
169	370	477	309	84	87	41	111
143	389	527	332	85	86	39	112
147	330	483	309	77	67	40	118
144	321	486	263	65	70	42	126
152	335	504	292	71	78	44	128
144	264	491	311	74	76	42	121
124	272	511	294	74	76	42	130
112	285	506	290	75	82	42	131
129	350	441	310	82	86	40	121
150	325	399	291	82	69	38	127
138	340	400	272	77	67	41	124
146	312	320	272	79	65	41	113
144	311	311	276	78	75	44	103
149	272	364	252	77	75	45	111
135	270	411	258	78	78	47	108
145	284	449	318	84	99	45	109
157	306	447	315	88	112	44	110
168	300	518	342	105	106	45	122
167	276	590	410	109	99	44	117
155	332	590	432	112	97	41	109
159	328	594	391	108	82	38	110
144	300	643	415	108	86	37	110
142	344	630	425	94	86	32	113
133	357	569	394	87	86	31	113
138	319	543	355	79	86	29	122
154	286	503	350	81	92	36	153
158	307	441	318	82	87	39	159
146	290	382	314	90	82	38	151
156	292	420	293	106	87	42	146
152	306	447	289	103	88	44	139
133	322	495	274	105	77	40	125
117	314	499	302	103	79	41	115
124	274	499	270	95	82	44	120
112	258	500	251	78	77	39	121
113	225	484	266	86	78	37	136
115	242	443	280	80	77	37	120
116	260	438	305	89	70	33	122
123	271	470	323	102	75	37	119
123	268	404	355	113	76	44	114
131	282	390	340	105	72	45	98
134	240	408	337	106	77	45	95
134	238	422	297	100	95	48	105
140	282	518	288	90	90	41	106
149	327	541	275	79	92	36	114
143	322	554	341	95	93	37	119
138	329	562	341	94	91	36	133
144	317	541	376	98	75	38	131
135	313	455	378	94	76	38	122
113	256	429	364	91	78	38	121
122	279	445	358	94	88	40	120
108	279	412	356	97	84	38	97
115	282	497	326	85	81	33	94
113	280	525	307	86	93	33	101
113	299	553	308	85	92	32	95
113	274	539	253	64	87	30	107
131	291	568	280	64	93	32	129
154	286	512	276	74	97	35	136
152	257	525	274	70	87	35	140
156	274	592	266	66	86	35	144
151	263	592	255	70	81	34	135
145	245	601	212	69	74	35	116
121	353	608	205	61	59	32	121
122	343	597	196	61	70	37	120
132	331	531	203	67	66	41	128
144	352	538	235	63	74	40	138
137	355	536	269	70	80	39	135
125	248	534	260	68	80	42	125
126	250	472	283	83	66	38	124
123	256	454	278	83	64	35	125
111	239	435	262	86	86	36	112
122	255	445	290	95	81	42	129
121	296	438	296	99	87	42	129
120	317	453	299	100	90	43	131
111	308	450	305	101	93	44	134
124	302	467	300	101	66	44	135
112	325	437	239	86	83	39	120
114	294	458	250	82	78	37	108
109	289	478	266	84	77	37	96
107	287	483	258	88	75	40	88
101	310	492	277	89	82	42	104
118	285	498	329	98	80	43	110
118	291	467	324	102	82	44	114
134	283	445	304	93	81	44	162
140	266	434	336	93	83	41	170
132	272	499	385	110	84	41	163
122	313	484	354	107	65	38	162
125	299	484	351	101	61	35	167
111	325	492	383	108	76	35	130
108	384	551	362	106	74	36	118
106	364	485	303	86	66	34	108
121	414	490	341	92	70	36	118
115	429	521	377	101	72	41	104
118	434	502	357	91	56	40	97
113	394	442	356	88	60	37	84
115	402	530	414	92	60	37	86
110	305	532	434	88	58	36	77
119	310	493	402	78	58	33	83
117	263	502	382	79	62	39	95
126	274	557	424	90	77	41	96
126	355	493	368	91	79	47	103
135	361	461	307	85	81	47	112
135	338	579	318	94	80	47	108
130	340	588	315	91	78	45	102
119	345	562	257	81	80	43	104
117	292	573	303	96	82	38	100
115	274	592	313	101	81	38	85
109	274	502	311	95	84	37	93
108	270	488	328	103	85	36	87
123	263	532	328	108	67	38	82
130	238	495	284	90	62	38	106
127	264	487	290	84	63	38	105
135	269	464	305	92	81	41	101
143	269	460	319	90	91	41	107
136	304	417	317	91	100	40	138
131	292	415	304	90	101	41	150
114	288	417	283	96	104	41	151
111	349	418	243	86	90	37	158
107	395	444	248	91	77	36	175
108	401	419	275	89	62	36	160
104	403	451	277	88	71	35	141
103	416	480	269	81	72	35	151
92	360	507	316	85	71	34	147
95	352	498	281	78	75	32	119
92	299	471	242	70	76	31	113
99	339	472	260	71	68	32	120
101	352	439	272	77	62	32	132
129	350	503	326	112	67	39	142
131	309	558	378	116	62	44	156
138	336	591	398	120	60	44	165
135	289	646	396	127	63	45	156
139	237	646	400	123	102	45	150
130	299	656	384	101	105	43	146
144	299	594	375	101	109	43	135
146	308	586	369	98	110	44	128
169	311	493	371	94	108	47	135
180	311	493	370	100	70	47	114
172	312	394	315	91	62	43	99
150	332	395	260	85	56	39	104
140	305	378	266	91	75	38	98
124	314	439	250	88	75	31	82
109	324	432	244	88	76	29	93
115	287	406	239	84	78	33	106
118	264	425	241	83	80	34	94
117	295	425	244	82	66	34	93
102	303	384	245	83	64	38	104
96	287	430	302	79	76	38	104
89	266	505	328	82	77	37	103
95	315	494	358	83	75	38	126
104	277	535	360	76	73	39	138
110	241	515	361	77	72	37	131
114	250	530	320	80	58	38	135
111	322	535	317	84	56	38	149
103	305	555	311	91	55	37	134
106	399	529	283	92	53	36	145
103	411	552	303	95	84	39	150
104	417	554	386	93	85	38	141
101	474	489	359	89	88	39	117
104	454	447	337	78	85	38	114
95	381	428	337	75	91	41	86
87	409	435	355	76	67	38	75
76	394	480	267	72	68	37	77
84	264	546	314	79	67	39	90
81	269	551	311	86	71	41	111
84	264	561	328	93	66	40	112
91	283	569	308	92	67	42	114
101	290	463	289	90	66	43	111
100	290	460	290	96	68	40	99
107	319	464	318	99	76	39	86
105	314	449	404	115	83	39	85
105	257	431	405	117	83	39	93
98	333	451	421	122	86	41	101
90	358	400	410	113	80	41	106
99	366	440	413	114	74	44	107
97	368	443	352	93	65	40	110
106	357	433	324	84	60	38	127
111	292	452	327	83	68	35	126
114	253	456	311	79	69	36	126
97	212	447	309	75	66	32	123
116	245	473	287	80	71	35	132
105	277	454	290	82	72	34	121
103	276	436	280	82	61	33	115
115	284	492	258	86	86	31	116
120	282	507	215	81	82	34	125
116	262	483	208	73	79	34	114
133	290	485	210	72	79	33	108
130	282	480	210	66	80	31	109
117	280	476	351	78	51	36	112
120	289	446	402	87	66	36	110
117	278	443	404	92	72	40	121
97	212	472	404	95	71	47	112
121	221	475	415	95	75	47	111
126	219	467	343	91	76	48	108
121	199	501	293	89	69	48	97
112	227	490	288	88	61	43	78
113	231	484	293	82	72	37	97
98	226	473	292	86	63	38	119
127	227	413	258	75	65	36	115
143	236	416	259	73	61	33	111
149	285	420	260	73	64	41	122
155	349	408	266	81	63	42	121
147	351	450	302	79	74	42	113
134	347	455	317	85	76	42	143
120	369	384	310	78	87	42	142
119	327	496	405	97	91	44	136
116	317	518	426	95	87	47	141
129	324	500	387	98	84	50	144
127	334	493	389	92	80	49	129
125	298	538	393	101	78	50	136
120	306	468	285	77	72	44	135
118	294	447	313	80	70	40	119
134	283	429	319	76	64	36	136
