0	1	2	3	4	5	6	7
618	264	951	394	167	202	307	632
711	290	932	414	185	243	354	765
672	260	858	345	160	234	333	811
786	249	858	336	170	240	320	903
797	259	797	295	163	247	315	896
769	273	814	310	164	239	279	867
788	294	900	340	158	215	273	815
769	287	920	363	160	220	270	782
686	396	861	421	170	211	288	726
698	394	910	424	174	233	305	848
705	396	893	419	156	219	306	826
667	391	947	402	164	234	279	845
672	395	931	370	160	221	266	865
628	298	947	336	144	217	240	800
626	291	921	375	127	190	272	656
633	269	902	344	122	202	293	624
573	222	755	318	99	177	282	573
633	238	817	358	107	172	276	590
623	216	816	396	118	174	293	612
664	345	875	471	145	223	301	601
651	405	901	571	163	244	292	629
728	436	894	582	162	236	306	568
677	439	910	621	180	248	329	503
666	443	942	628	174	255	333	551
638	384	926	599	165	197	277	630
632	398	967	649	177	201	307	648
608	403	960	665	178	219	314	686
619	444	1063	757	199	212	294	740
675	643	1127	900	261	211	271	768
761	713	1130	884	257	240	305	770
805	720	1102	836	246	225	309	892
801	730	1182	814	246	251	320	1001
838	752	1060	725	216	243	318	1006
823	651	975	580	213	233	313	1020
706	584	922	668	242	216	290	1007
696	685	948	800	279	191	271	885
654	673	888	832	280	134	241	774
803	646	865	888	315	179	271	874
827	672	930	981	321	177	341	812
870	705	952	955	307	172	353	852
933	613	930	924	302	184	370	957
957	620	922	993	319	179	381	969
767	650	932	967	294	138	373	887
889	574	924	874	267	204	420	896
910	545	977	896	274	208	410	853
835	478	964	888	265	201	389	845
802	441	1138	890	289	268	447	814
902	357	1183	901	283	273	452	831
761	368	1106	927	273	233	353	892
779	322	1086	860	256	262	430	961
887	332	1127	816	241	278	522	858
958	386	968	836	285	230	464	867
865	396	932	868	303	233	457	828
864	467	991	867	308	227	464	713
872	499	984	905	322	206	401	722
733	508	1034	995	346	185	261	730
617	479	1057	979	292	174	277	707
640	483	1055	984	292	174	268	686
694	398	1007	981	293	194	290	715
583	404	1023	1079	304	195	342	618
588	404	988	986	276	192	342	584
616	400	992	968	276	203	336	617
622	388	1020	946	297	324	445	694
521	488	1059	1033	332	362	495	679
493	471	1069	1048	342	415	508	622
470	499	1090	1092	353	475	556	610
398	516	1061	1072	338	482	569	555
299	550	993	1143	343	547	582	384
249	519	963	1040	287	543	530	352
256	501	898	954	251	499	471	318
244	547	889	910	234	482	442	261
229	554	866	865	248	511	431	233
236	594	1046	779	197	436	369	238
277	555	1048	786	203	411	353	213
266	557	1104	740	214	417	359	209
284	521	1055	721	229	426	325	209
340	491	1043	707	243	456	347	364
405	400	955	631	244	410	271	350
416	494	925	559	241	406	284	364
492	514	833	507	230	403	272	458
532	480	897	422	201	345	252	507
554	474	947	416	157	232	236	553
618	482	879	393	145	181	234	590
596	376	924	458	151	175	213	646
579	327	966	499	144	183	260	702
607	307	859	499	156	214	275	709
595	343	884	534	146	221	261	632
493	297	826	501	141	221	253	642
533	291	777	500	140	222	281	629
610	293	842	508	155	213	262	546
559	320	920	629	165	193	265	524
639	326	902	718	205	183	249	518
658	320	957	711	210	201	294	544
686	300	922	676	206	200	277	483
621	353	830	692	201	182	254	471
693	382	818	656	193	180	261	531
658	370	860	523	159	188	258	551
718	401	862	638	158	170	236	649
728	413	886	716	169	197	262	764
703	374	967	727	175	203	267	757
708	360	934	810	208	205	246	770
685	434	834	846	218	190	232	746
633	467	814	861	250	190	191	614
561	524	935	816	258	179	171	596
624	568	984	840	254	185	171	638
522	567	1053	722	244	189	168	555
553	541	1113	680	245	208	208	593
583	598	1184	605	213	199	228	608
595	578	1135	600	199	178	212	544
583	580	1076	513	194	161	208	483
603	611	1017	611	175	128	198	494
557	576	939	625	164	107	155	453
656	498	821	672	187	117	153	484
710	553	807	675	185	109	129	464
695	507	702	651	182	111	137	464
731	470	606	541	166	118	154	484
784	517	614	528	160	118	174	546
746	497	661	384	119	116	173	503
695	389	601	402	108	112	176	473
697	365	629	415	112	112	175	478
657	345	669	432	116	103	164	462
569	264	653	435	114	83	136	406
591	239	612	437	111	71	126	423
612	253	705	389	107	81	144	415
677	259	829	439	108	78	138	419
677	281	884	505	119	95	162	406
709	293	869	507	122	106	178	405
657	308	922	542	126	112	188	408
637	288	869	559	128	112	180	450
580	304	741	617	154	116	193	431
581	242	616	569	153	112	172	427
547	233	673	630	159	124	193	420
485	216	585	598	156	121	175	393
674	240	535	647	165	137	213	455
667	251	624	635	158	145	208	487
655	253	695	650	156	167	246	526
668	251	752	634	156	169	229	568
704	247	771	637	155	164	230	625
500	216	793	564	144	152	214	574
444	166	751	477	126	144	203	554
520	141	737	437	119	118	162	571
575	144	597	359	101	100	157	531
566	180	573	369	101	110	175	462
603	187	578	353	93	109	155	454
667	199	555	328	87	105	163	474
636	202	521	312	84	97	165	450
571	200	575	343	95	87	158	443
611	196	681	386	110	77	162	510
637	195	643	377	108	80	173	512
656	199	664	371	106	91	183	554
628	203	703	384	110	100	180	511
682	196	779	346	106	110	193	552
631	178	691	286	97	111	183	480
598	192	829	326	115	115	167	483
565	215	885	381	124	110	155	475
567	219	873	339	116	101	145	527
539	239	871	361	114	92	124	514
554	235	927	380	115	87	100	562
547	228	816	349	99	74	97	531
513	223	802	290	85	69	110	519
544	220	801	291	85	68	108	525
557	195	704	256	86	79	119	512
511	198	719	200	74	78	124	527
485	197	762	196	74	74	133	608
514	165	698	195	80	79	147	633
515	185	767	229	79	79	147	591
513	195	884	239	73	67	148	652
559	184	797	242	76	69	149	614
573	183	758	225	71	68	137	552
579	192	845	223	63	64	103	487
588	177	821	189	68	70	123	503
538	191	809	251	82	86	124	456
474	192	793	245	79	80	114	441
567	194	867	270	92	94	146	533
505	192	804	302	100	97	159	518
492	190	819	335	104	97	178	653
535	167	770	285	97	87	175	642
598	161	776	287	100	92	176	702
490	170	827	277	104	89	158	631
484	161	787	253	107	90	145	638
506	160	724	219	113	98	127	501
471	154	677	216	110	95	120	507
375	170	671	230	113	94	123	470
391	148	483	215	95	80	116	539
385	148	533	222	88	78	115	539
296	139	533	244	78	72	87	521
283	139	577	260	81	86	101	497
319	118	620	322	96	90	100	474
376	115	649	319	100	95	106	468
453	101	604	309	97	91	109	460
458	135	698	294	97	85	105	456
445	148	673	283	93	71	88	444
424	156	752	224	76	64	85	411
358	156	733	229	74	66	89	350
254	159	819	222	74	65	83	347
294	140	717	195	70	73	92	406
322	138	713	252	80	76	91	411
366	127	578	231	79	80	94	401
389	141	601	248	80	82	87	373
386	141	514	248	77	88	100	451
339	133	502	270	76	81	93	404
365	138	493	211	66	76	92	430
328	138	545	204	62	71	90	448
303	135	550	199	61	62	86	445
316	139	530	192	59	50	67	421
314	152	618	156	59	54	63	423
309	154	626	202	66	60	76	391
298	169	669	226	73	70	77	390
298	165	651	208	76	74	82	419
284	177	681	233	81	78	93	354
302	182	645	237	84	83	103	357
218	169	620	194	75	77	95	336
241	162	596	181	68	67	98	361
241	160	574	188	65	61	95	336
251	167	619	155	61	59	89	409
243	152	633	155	55	56	82	421
254	162	700	155	61	70	132	518
242	164	730	183	79	79	136	483
235	174	733	304	93	85	137	486
244	194	732	332	98	84	140	509
242	197	718	330	97	79	140	491
239	201	684	348	97	70	103	420
238	199	605	330	81	59	88	443
267	196	624	226	66	55	88	521
322	154	530	203	70	61	87	460
321	147	520	199	71	59	83	457
308	118	470	165	66	59	74	456
325	116	525	170	71	59	92	497
305	103	480	163	68	53	87	413
232	101	506	175	65	58	82	400
249	129	517	178	63	61	90	430
316	135	589	201	61	61	105	482
313	125	545	190	58	60	94	464
340	158	670	220	75	73	95	537
393	165	666	237	83	69	96	576
450	149	629	234	84	68	93	572
447	201	722	322	97	80	133	515
539	230	799	331	109	101	150	545
606	211	728	333	116	128	185	580
640	203	758	327	116	140	202	569
603	200	850	332	117	139	211	620
711	161	743	235	109	135	193	664
672	144	695	229	101	126	187	636
616	144	783	215	84	96	165	583
577	149	770	191	71	75	147	604
627	170	745	194	73	81	145	582
556	158	792	214	80	98	148	533
611	136	759	213	77	100	146	546
683	132	723	212	78	101	141	576
720	137	747	215	78	106	150	580
747	117	691	202	78	107	158	569
710	156	708	203	69	89	149	610
766	170	769	200	68	85	147	671
753	182	694	185	62	76	142	637
781	195	654	166	62	83	135	596
735	188	652	168	61	87	116	585
718	155	573	137	60	96	105	557
610	140	555	121	53	93	103	596
553	121	558	128	58	95	100	578
459	94	540	122	56	84	94	639
443	129	647	186	69	85	107	636
480	138	677	189	70	78	108	702
436	147	610	202	76	76	105	644
450	146	593	196	74	76	105	635
442	146	649	215	80	79	125	574
448	129	537	168	65	69	121	568
430	126	461	162	69	87	141	495
454	113	466	150	69	92	147	423
466	122	584	159	79	106	165	432
445	117	539	141	73	105	166	439
422	113	527	131	74	109	164	489
405	99	533	131	74	92	153	517
404	115	528	137	72	90	152	540
360	111	425	164	65	76	146	542
385	118	413	157	66	90	149	557
381	103	442	160	61	83	150	514
377	105	430	157	57	84	148	520
345	91	467	158	56	82	146	474
363	109	487	135	56	84	134	465
338	99	516	141	54	63	105	415
343	103	497	151	59	60	102	421
379	114	517	148	55	64	112	394
370	109	496	139	54	64	123	406
350	93	459	126	50	56	124	434
338	97	415	141	51	64	125	466
340	93	410	135	45	65	124	506
279	89	430	135	45	60	122	483
397	107	453	137	51	61	115	515
402	110	495	164	51	65	108	472
429	111	591	165	48	58	108	475
440	142	679	177	49	62	114	433
512	136	666	193	67	86	157	413
433	131	648	204	67	88	156	357
403	133	653	193	68	97	162	415
426	140	579	174	71	109	171	385
440	123	488	156	71	108	181	401
385	122	471	154	57	89	137	378
396	123	511	146	53	85	131	376
407	117	471	129	54	75	134	359
357	114	470	135	50	62	139	380
343	116	494	139	50	63	126	324
308	115	500	127	52	62	126	368
270	107	478	127	52	67	128	379
296	107	479	126	47	70	133	384
300	99	488	120	48	71	121	400
250	98	440	140	59	77	121	477
268	107	462	141	64	77	115	460
325	109	496	147	69	74	116	461
311	107	486	150	69	67	119	456
340	114	480	159	70	65	113	442
363	108	570	164	67	64	113	392
356	100	600	167	72	75	133	415
403	98	539	179	71	77	133	415
404	99	549	185	69	80	125	377
370	88	592	189	70	77	127	388
375	86	548	173	66	72	121	413
413	103	586	193	59	64	117	413
328	99	621	174	57	60	118	424
380	130	670	183	66	62	127	457
422	130	610	184	70	71	131	452
402	121	559	179	67	70	131	415
362	113	469	153	61	65	115	381
389	124	599	173	62	65	127	368
340	87	563	160	56	64	107	320
297	86	614	164	48	57	108	291
305	98	665	164	52	56	103	302
318	96	704	177	53	62	109	306
275	105	573	199	49	64	105	311
309	115	664	196	49	63	107	403
305	116	640	182	49	64	97	407
289	113	623	207	49	76	120	376
276	117	649	211	60	84	120	441
308	106	699	190	64	81	108	466
232	99	612	200	68	85	112	392
230	120	662	217	76	89	117	397
255	118	673	203	82	84	111	430
267	128	626	205	79	75	102	353
232	138	680	206	78	75	106	345
238	148	733	253	100	71	106	348
241	153	827	270	100	69	111	324
257	159	930	294	100	65	100	349
257	170	959	347	111	62	106	360
277	165	894	369	127	63	109	329
293	157	854	365	118	64	107	353
289	156	731	369	119	62	94	349
249	165	631	362	125	68	104	295
249	166	616	330	121	81	110	307
250	173	587	330	106	89	117	312
244	172	567	301	101	100	133	267
