0	1	2	3	4	5	6	7
230	242	480	567	167	53	46	168
249	253	559	571	172	58	48	180
229	244	561	539	168	59	46	179
265	240	607	680	189	66	57	167
247	229	588	617	163	60	52	141
268	294	562	627	162	66	55	140
259	277	527	638	167	68	56	127
297	274	521	704	182	72	60	133
398	287	528	692	207	80	59	149
411	291	515	689	207	80	60	148
405	237	594	737	227	82	64	154
468	249	594	705	228	81	66	158
493	262	635	696	234	85	67	154
401	246	627	613	205	73	62	130
394	214	615	620	207	72	63	125
396	212	586	539	179	65	56	119
319	225	576	540	168	64	53	102
250	236	516	477	152	54	49	108
255	255	487	435	135	55	53	133
247	271	500	480	147	59	56	140
267	290	430	486	146	59	56	167
260	293	420	499	149	62	56	176
309	305	432	491	137	61	55	191
307	354	404	501	144	69	52	176
304	355	393	434	125	66	48	167
265	342	457	385	114	61	42	139
304	330	450	329	96	56	40	140
248	300	467	378	124	57	38	115
242	237	483	397	134	53	48	109
256	231	517	427	143	56	47	111
301	272	442	475	159	63	55	111
277	271	433	471	161	66	55	99
296	273	396	458	141	65	54	114
310	284	400	413	126	58	43	113
314	288	398	417	125	56	41	112
275	261	402	411	115	49	34	139
276	262	401	443	117	48	44	174
259	333	438	501	162	66	58	180
273	339	547	574	170	69	63	188
253	328	533	554	171	72	63	195
251	358	566	536	168	73	65	182
238	366	587	580	176	77	63	157
274	325	551	505	142	64	54	140
239	322	410	423	134	61	48	127
297	333	398	430	133	61	51	132
316	286	430	438	131	58	51	139
311	283	473	493	132	59	43	131
270	271	482	517	132	59	39	121
324	263	534	561	138	59	41	120
283	298	527	572	146	61	41	118
378	350	471	566	154	62	40	117
387	342	447	481	145	56	41	117
429	337	453	461	142	62	48	133
418	366	416	405	143	64	49	150
413	343	441	377	129	60	46	141
310	286	471	386	124	64	48	161
326	308	428	355	120	63	54	202
280	317	439	347	120	55	50	198
267	277	419	405	127	55	48	192
262	256	409	440	133	62	54	221
272	284	363	456	135	62	51	199
239	272	366	432	132	63	50	166
224	281	402	429	129	64	49	162
184	272	432	385	122	62	50	159
178	336	529	440	171	74	56	129
174	315	558	412	175	72	59	152
181	308	561	459	188	78	58	144
211	314	548	534	206	87	68	172
245	310	550	533	204	90	73	188
261	292	421	483	161	77	66	180
254	291	402	491	152	74	64	171
277	282	396	508	142	68	61	178
268	246	386	428	117	58	52	159
297	289	379	409	113	54	46	157
339	273	393	377	105	53	46	166
436	274	422	466	150	60	50	167
450	295	462	467	154	60	51	166
484	294	432	497	163	63	56	171
455	277	434	522	175	65	55	153
420	273	448	548	185	65	52	156
325	263	424	488	153	61	51	145
313	254	397	492	152	59	50	136
249	272	418	499	164	60	44	125
257	255	420	500	158	57	49	128
286	220	464	530	165	63	55	134
328	229	460	495	162	64	53	137
312	261	454	441	163	68	52	138
318	261	484	446	152	63	52	130
310	295	487	454	151	63	48	142
306	298	461	394	132	57	42	122
287	282	452	386	129	52	39	115
296	266	455	387	122	46	39	126
298	256	398	320	101	45	35	126
322	234	428	298	90	44	37	117
329	300	422	357	107	48	40	124
319	316	433	365	108	53	44	137
323	299	411	378	104	52	45	136
317	304	423	405	108	52	49	138
319	332	426	409	125	55	46	130
294	299	404	345	112	53	44	125
284	296	469	380	116	51	44	114
272	302	471	387	123	52	43	108
311	312	504	441	137	54	42	121
283	249	468	427	120	51	43	147
265	274	467	429	123	52	43	146
264	315	466	469	127	53	45	148
265	309	456	451	132	50	45	150
219	292	401	368	123	50	46	143
206	298	384	476	155	62	53	118
203	240	455	489	155	61	51	118
212	170	422	483	163	62	49	130
188	171	464	539	165	64	47	132
193	193	482	543	161	63	46	133
200	195	492	457	134	49	37	134
215	209	452	527	152	57	45	136
210	214	413	482	145	57	45	112
209	229	364	424	141	57	46	117
200	217	383	440	137	55	45	142
195	224	462	460	135	61	46	161
181	217	438	346	107	55	41	165
186	227	427	349	107	51	37	172
198	207	432	346	104	53	38	160
210	196	431	372	134	63	42	144
216	190	346	369	142	61	46	134
220	261	344	399	145	61	47	132
188	283	374	422	155	61	47	130
172	297	409	437	151	59	46	130
168	329	398	404	129	50	42	118
196	332	390	380	123	47	41	130
210	289	413	356	125	44	39	145
229	249	404	310	99	44	42	139
225	245	375	301	100	44	43	135
245	270	446	428	128	51	44	136
216	274	611	474	137	49	39	114
247	278	616	489	144	54	41	99
240	284	616	488	143	54	40	104
240	295	646	501	149	55	40	102
206	343	589	399	128	48	40	112
271	356	437	360	130	50	39	122
305	346	404	339	124	45	39	128
317	352	403	337	123	43	39	134
321	349	365	370	124	51	42	137
336	257	396	389	128	53	44	135
296	236	388	392	113	51	42	121
224	249	448	447	113	54	42	107
208	248	490	456	112	54	40	96
282	243	515	426	123	45	37	130
282	253	496	418	119	41	38	138
299	264	491	390	123	43	41	145
292	268	454	350	129	47	45	166
284	273	459	348	132	50	48	170
276	278	434	339	119	53	50	183
267	259	446	360	129	57	51	171
241	304	431	396	129	58	54	172
272	287	449	399	119	53	50	159
283	287	409	402	124	52	47	157
226	310	385	374	121	49	42	107
251	319	449	360	105	43	36	115
253	268	488	375	103	40	29	106
221	311	476	373	107	40	32	97
209	310	461	369	112	41	35	92
211	289	499	418	116	46	39	111
195	287	418	391	118	48	43	113
217	291	372	346	122	58	50	129
250	258	359	345	143	67	52	129
322	254	375	348	143	68	55	130
322	235	424	442	161	69	54	119
326	239	426	477	169	71	53	113
330	246	449	491	170	67	50	122
311	232	433	486	160	59	46	125
237	224	491	512	157	56	41	127
220	250	411	412	139	52	39	126
199	270	487	452	144	55	39	133
173	269	483	515	171	62	43	134
168	292	488	538	170	66	47	128
188	294	455	529	182	68	49	128
206	275	442	509	177	68	50	130
207	301	413	456	169	63	48	126
205	277	416	367	137	58	41	107
206	275	425	307	131	52	35	110
196	272	404	284	127	59	36	108
200	310	457	301	130	60	37	105
201	296	438	308	133	60	40	114
203	314	467	320	133	57	44	110
198	301	462	330	140	64	47	104
234	311	466	333	123	56	48	128
231	286	444	337	121	53	46	149
236	278	407	329	119	54	47	141
224	266	364	339	124	52	42	138
243	259	380	341	110	43	39	138
208	251	358	364	116	46	40	114
210	228	347	345	117	45	41	98
194	175	375	400	139	45	37	95
240	176	454	396	138	48	39	102
220	227	434	394	145	52	40	111
223	212	462	404	149	51	40	121
225	241	523	437	153	51	41	120
269	253	501	388	129	48	41	116
243	298	479	372	116	45	40	112
272	264	487	379	106	41	39	108
268	279	458	329	92	40	38	108
254	288	425	346	90	46	39	91
205	300	432	360	105	48	38	95
229	247	373	414	123	49	37	93
237	268	413	425	129	52	39	95
256	281	449	470	145	56	39	104
258	273	440	475	152	57	39	118
262	286	462	477	143	55	47	121
224	295	462	433	130	55	46	130
250	268	422	407	128	51	47	138
227	280	365	369	126	46	44	143
235	292	348	406	139	46	43	133
231	281	421	492	153	54	39	126
243	301	425	509	152	56	40	117
181	316	435	521	152	59	39	126
202	295	471	550	146	64	41	119
200	300	449	484	126	62	40	120
221	294	406	361	104	56	39	137
205	285	456	375	110	54	39	140
196	293	441	368	107	51	36	120
204	318	445	313	103	45	33	107
214	306	480	386	111	49	35	109
210	294	475	379	110	49	34	91
210	298	460	332	100	47	36	98
237	278	529	372	103	49	38	108
205	238	497	373	99	51	40	104
182	232	480	313	94	47	40	106
187	238	463	348	110	51	44	139
197	230	443	371	121	54	44	136
160	250	373	352	120	56	43	128
165	290	375	359	125	53	44	129
214	308	381	351	120	53	47	153
192	315	405	351	114	52	47	120
191	301	428	362	111	53	51	132
238	305	477	370	122	58	53	140
253	284	494	387	125	60	59	148
223	265	499	399	121	59	58	141
228	267	523	457	137	62	58	147
254	304	521	534	191	65	55	146
238	285	489	539	185	58	52	132
218	276	538	568	186	60	47	138
223	274	522	573	186	61	45	124
217	292	487	518	177	62	42	116
224	264	540	424	118	61	46	114
216	275	538	395	133	63	48	115
234	294	539	359	138	67	51	97
249	297	540	337	139	65	48	88
268	284	535	340	131	59	48	138
240	283	534	332	125	52	41	138
230	285	535	359	116	53	42	149
262	274	498	349	107	49	39	157
232	254	553	358	122	53	40	158
223	224	525	341	122	53	41	127
215	220	428	326	122	52	42	128
225	198	511	401	144	69	46	132
180	196	529	392	143	70	48	131
207	233	464	410	144	76	55	138
199	231	493	436	159	76	54	136
246	320	524	440	161	77	53	123
225	326	479	384	138	66	51	123
250	313	417	363	135	62	51	134
263	380	420	330	129	60	48	148
264	390	419	344	117	60	49	146
237	317	423	390	127	66	49	159
287	371	378	360	118	60	44	150
259	373	386	371	117	59	40	140
245	276	389	376	118	53	37	145
268	302	393	359	113	52	36	147
257	321	359	313	103	51	39	138
212	274	355	328	106	51	40	153
217	291	388	319	116	53	41	151
214	292	389	316	119	56	40	143
179	258	405	357	124	57	39	140
181	268	401	419	133	57	42	150
178	262	401	406	135	57	40	133
210	239	377	429	136	57	39	132
227	252	373	443	121	52	43	123
247	258	362	410	121	52	44	128
270	227	458	433	119	49	41	109
276	209	462	427	120	51	44	126
264	217	494	479	122	49	48	133
234	217	504	474	126	50	47	120
224	203	515	482	130	53	47	115
188	201	444	397	116	47	46	118
227	223	424	414	115	45	44	116
226	273	458	361	116	45	40	110
248	274	457	337	115	48	43	123
238	295	410	307	103	44	41	123
247	288	404	350	113	48	42	127
220	294	432	367	124	50	44	123
261	248	367	346	122	49	44	121
264	242	374	362	118	46	37	111
303	217	375	392	131	48	41	118
299	249	356	354	135	48	44	129
286	258	333	330	127	47	43	117
233	272	352	330	121	50	42	134
211	284	342	341	130	56	46	149
180	311	345	328	124	58	48	150
177	310	359	353	126	60	47	145
214	312	386	405	135	59	49	148
246	314	351	395	128	54	47	134
257	307	397	394	127	53	46	127
249	289	407	415	133	51	42	125
259	277	394	404	119	47	40	113
237	254	375	360	119	47	37	111
210	249	411	381	125	48	41	114
209	251	364	369	117	43	36	98
203	259	383	443	137	49	42	89
217	247	393	492	148	52	45	99
217	237	382	494	151	53	44	107
213	223	377	488	160	55	45	116
213	207	415	487	164	57	50	137
201	211	403	392	139	50	46	147
168	237	430	333	131	48	45	143
181	240	473	331	116	50	49	152
196	245	475	339	106	52	48	137
191	269	445	373	104	51	45	127
205	316	449	453	131	66	54	118
208	312	436	450	129	64	50	115
190	314	396	444	130	61	46	97
176	308	375	426	125	63	47	105
186	296	384	403	126	61	46	105
199	219	378	345	101	45	37	100
200	219	378	357	104	48	43	108
192	213	395	365	131	50	45	110
221	215	443	421	136	45	44	122
230	213	438	421	132	47	44	115
218	246	449	395	128	46	42	121
242	233	435	422	123	48	40	125
279	231	404	407	103	51	39	126
253	236	334	385	111	51	40	112
226	267	375	380	109	49	42	122
227	278	375	371	108	49	45	116
197	283	374	326	134	48	44	124
167	330	420	341	132	41	42	123
163	337	467	310	122	37	38	141
165	325	448	312	127	41	35	138
200	313	460	382	148	51	35	143
209	311	507	389	138	53	36	131
192	285	491	384	135	54	38	124
198	294	484	370	132	58	43	124
195	308	511	379	133	56	43	122
218	377	504	361	117	51	45	124
241	381	465	360	106	52	47	131
249	395	461	354	115	55	49	136
249	391	456	375	114	52	45	118
289	362	409	362	121	61	48	126
256	287	463	359	118	62	45	127
231	313	457	379	112	57	41	117
221	276	518	403	105	54	39	111
227	281	551	441	116	55	44	116
241	350	564	484	120	55	47	124
238	372	517	463	124	55	49	120
237	369	529	451	134	61	48	121
246	366	468	438	133	62	51	126
262	354	413	369	122	59	46	116
202	300	396	312	101	51	40	110
198	255	361	283	96	49	37	116
207	224	416	258	82	42	36	126
205	245	409	221	74	38	32	142
175	254	410	237	75	40	31	141
195	239	425	266	96	45	37	130
172	260	417	338	137	50	42	130
172	273	349	394	155	54	47	127
179	260	413	416	161	56	47	114
183	258	440	454	165	56	49	125
167	283	431	434	156	51	43	123
202	276	451	403	122	45	38	123
202	267	528	375	109	40	36	133
193	294	480	379	109	43	36	138
187	274	441	365	105	44	35	129
192	255	447	390	113	52	39	137
166	237	460	383	128	54	42	132
172	214	355	356	130	56	41	117
178	258	364	369	132	53	42	105
174	273	394	374	132	53	43	107
180	279	368	336	127	49	42	102
232	306	327	323	111	48	44	98
235	317	329	349	104	47	42	106
229	242	321	332	97	45	40	106
240	254	280	298	100	48	40	105
244	239	350	349	107	46	39	93
197	206	387	377	104	43	33	103
194	214	398	377	112	44	35	87
187	223	418	390	130	51	37	91
194	191	434	388	134	52	37	91
183	191	431	363	128	51	38	98
171	212	424	351	125	52	36	84
153	194	422	322	117	54	40	90
186	225	411	290	97	51	39	109
