0	1	2	3	4	5	6	7
93	396	179	76	39	30	27	39
94	386	174	76	38	30	29	38
100	385	214	77	37	31	29	38
99	401	188	68	40	32	29	38
85	376	188	71	37	29	26	29
74	428	229	78	37	28	24	26
79	435	243	80	39	31	24	27
87	519	266	115	56	36	27	32
100	567	305	163	64	38	30	35
111	612	337	170	71	39	32	42
123	604	321	171	70	39	34	46
174	622	314	174	76	40	37	49
187	544	347	151	67	39	35	47
206	571	359	108	62	43	41	54
215	584	392	104	55	41	40	50
229	634	420	112	60	43	38	50
231	605	446	110	54	44	38	55
258	601	460	148	64	44	42	62
248	505	449	229	83	43	37	59
241	431	453	304	103	45	37	64
228	324	432	307	105	46	49	112
213	315	477	341	115	45	50	116
178	257	438	354	114	45	50	155
202	240	510	428	123	45	54	201
209	246	494	404	113	47	61	214
224	199	504	447	120	49	58	220
203	195	627	518	143	58	66	256
191	172	686	565	158	65	67	253
214	163	716	536	151	66	67	307
231	131	775	551	157	75	90	455
243	135	913	562	154	76	99	494
262	224	859	567	149	76	114	504
303	249	897	579	145	77	119	537
298	281	940	539	147	88	130	549
353	409	941	551	142	86	122	561
353	444	977	596	169	97	128	555
382	414	996	589	161	97	118	590
453	418	1036	615	166	97	119	587
509	475	1002	640	170	97	130	662
471	463	1077	609	168	92	129	616
468	451	1063	573	148	84	121	612
527	471	1092	629	169	90	121	604
591	481	1034	574	163	86	130	653
600	425	1098	629	158	75	113	592
664	352	1133	698	171	84	125	578
730	417	1106	849	224	92	133	628
695	430	1190	840	218	93	162	748
799	440	1258	934	280	138	197	786
951	437	1227	981	300	152	228	967
1117	423	1191	971	299	157	240	993
1116	370	1179	885	270	154	250	981
1180	338	1061	863	267	146	230	1005
1156	319	1051	847	223	119	208	1053
1035	372	1079	801	215	108	175	914
978	428	1041	851	248	138	184	943
1067	436	1043	861	249	139	195	1005
1118	458	1139	898	251	147	251	952
1061	450	1204	950	255	140	253	935
1139	491	1205	1118	308	158	306	919
1061	451	1202	1155	306	132	301	913
1071	480	1316	1140	310	146	296	920
1145	487	1300	1131	320	156	289	932
1273	581	1242	1056	311	161	286	903
1265	557	1282	870	256	150	252	912
1238	566	1317	864	248	155	264	1002
1225	575	1260	947	290	169	300	988
1103	623	1193	992	311	166	277	957
973	573	1227	1073	345	167	271	971
967	564	1170	1125	373	176	310	1042
1020	592	1200	1099	371	170	295	990
995	538	1105	1065	353	158	276	1030
1075	465	1089	1071	361	160	270	1014
1120	455	1046	1030	342	151	272	1010
1050	401	1034	989	315	139	203	997
990	335	935	917	297	138	199	966
896	403	955	817	265	125	176	879
732	401	975	718	212	115	173	866
697	382	872	654	214	128	183	833
703	403	859	666	199	120	180	729
710	411	907	738	216	125	176	685
727	339	935	743	214	113	147	641
764	331	934	751	219	113	149	659
663	322	980	690	175	97	136	685
647	324	1024	601	168	100	135	665
664	306	931	545	163	93	124	618
651	296	893	574	170	99	129	611
614	308	919	548	165	93	135	577
631	275	972	601	177	89	124	514
691	276	862	639	205	102	153	690
700	282	944	645	196	97	151	746
724	281	949	681	202	100	169	756
714	268	916	683	208	96	158	752
695	261	872	677	213	99	163	821
634	216	972	638	183	79	131	712
642	282	975	662	199	77	129	645
606	288	946	603	182	78	130	624
576	258	955	577	172	103	152	599
550	259	908	541	160	104	156	559
589	289	883	565	169	114	162	564
510	266	803	469	148	119	163	607
527	273	840	460	158	111	138	638
599	297	888	431	140	87	109	643
578	306	884	485	161	96	94	649
529	283	845	428	155	90	85	640
541	256	861	450	154	86	78	704
552	289	837	533	160	85	86	717
