0	1	2	3	4	5	6	7
215	457	939	876	583	165	80	142
232	500	960	913	633	182	92	171
232	491	1012	988	730	212	106	169
218	509	979	1079	834	277	138	170
205	551	955	1058	944	311	153	161
187	484	983	978	982	339	155	145
166	531	935	975	1021	366	154	120
190	530	964	965	1026	365	145	125
175	527	979	871	1005	342	128	114
188	496	963	858	971	350	118	133
186	547	884	945	953	333	115	131
180	479	971	925	820	286	108	124
154	500	864	891	711	268	108	113
172	518	856	819	615	235	100	120
157	492	844	770	444	161	84	102
157	479	867	600	358	131	71	97
159	453	783	559	351	127	74	104
161	409	817	563	352	112	68	103
130	399	874	598	252	89	62	96
133	397	900	631	166	78	66	111
132	371	885	699	169	84	69	123
157	365	885	685	165	87	69	125
158	380	874	668	160	93	70	123
157	368	866	658	148	83	62	113
147	374	830	680	167	86	61	105
144	410	802	609	153	76	55	96
119	439	765	615	147	72	51	102
115	445	775	582	139	65	46	105
120	436	648	547	137	65	48	114
114	430	575	422	109	56	43	112
122	365	630	535	119	54	48	124
127	310	631	539	120	57	47	108
122	302	638	596	129	55	51	107
115	306	676	665	138	57	46	106
125	328	709	710	147	60	46	102
113	316	700	629	138	62	39	83
118	338	754	611	131	58	39	91
122	400	770	655	150	67	42	95
123	376	754	600	146	65	41	100
113	392	738	605	146	66	47	110
130	436	721	686	165	65	47	113
116	430	701	673	165	66	47	107
121	387	693	646	153	61	48	118
125	388	679	706	166	64	50	103
143	361	727	664	157	59	47	94
125	353	672	596	144	65	51	93
126	349	645	674	160	70	50	97
142	330	633	640	157	73	52	98
141	325	654	573	142	71	53	100
134	352	664	636	153	74	53	101
140	328	706	668	151	71	50	95
160	328	726	638	147	74	55	102
141	340	686	634	143	71	53	102
137	358	717	625	135	68	51	105
128	320	729	586	121	63	47	98
127	351	729	572	118	60	50	107
125	348	689	517	102	48	45	119
144	410	742	519	96	46	44	117
144	443	741	610	123	53	48	115
144	443	685	584	120	55	51	116
136	423	667	541	111	51	50	112
128	485	722	630	142	56	53	95
107	442	776	602	139	52	48	76
106	406	814	546	130	53	49	81
102	418	802	606	141	58	51	85
102	441	802	652	151	65	52	83
93	404	781	677	145	68	51	82
103	412	657	706	149	70	53	95
103	404	572	719	149	68	52	96
108	407	604	676	142	64	49	99
110	367	577	650	137	59	46	103
114	349	559	566	118	51	43	126
100	315	628	531	118	49	41	120
98	295	627	494	107	48	38	118
91	247	598	462	104	48	35	114
99	308	758	519	113	50	35	110
93	348	781	496	111	50	35	88
90	365	775	606	129	59	40	84
98	386	767	579	127	60	44	109
130	392	765	584	128	59	44	121
142	397	702	597	140	66	50	127
137	395	765	595	137	65	48	121
137	413	708	489	123	60	47	121
145	423	708	531	133	63	48	107
137	427	749	544	136	64	50	108
130	380	762	451	117	57	53	107
137	364	657	450	119	58	53	112
151	297	760	411	104	52	53	124
139	380	745	365	91	44	48	120
133	463	835	366	91	46	48	104
138	492	884	453	101	47	40	101
133	472	917	447	98	45	43	101
125	522	935	594	131	61	47	108
139	524	986	608	134	64	51	117
131	472	896	644	145	67	56	123
139	436	769	582	131	66	53	119
157	440	818	613	138	70	54	123
198	383	828	525	124	62	54	161
194	304	766	516	122	59	51	151
199	305	750	437	108	58	50	177
184	320	807	434	109	56	53	185
174	373	792	414	104	54	54	187
118	432	683	357	95	52	49	142
134	422	731	343	92	54	48	149
125	419	755	392	98	55	45	117
152	505	761	423	101	57	45	117
160	510	672	426	104	58	44	113
184	489	700	477	114	60	46	158
174	495	691	472	112	60	47	155
180	518	647	462	112	59	49	153
192	430	644	459	119	61	49	144
189	426	685	471	120	58	50	141
177	395	847	461	113	57	48	115
174	375	823	486	122	63	57	135
184	315	836	489	119	59	57	149
169	346	796	494	112	55	54	167
164	295	854	517	130	61	53	169
154	306	702	472	122	55	50	164
178	334	714	481	121	49	44	156
200	376	726	503	124	55	49	148
189	350	718	516	129	55	49	134
186	355	636	510	119	57	52	137
185	343	609	523	123	59	54	138
174	310	564	474	114	62	54	132
153	247	591	483	121	64	52	127
149	235	597	444	115	67	53	118
173	264	542	363	96	57	47	112
175	270	620	388	97	60	46	96
175	273	617	396	99	54	40	92
167	293	545	332	84	45	39	119
161	288	491	328	81	41	40	135
148	226	526	364	93	52	40	146
149	233	402	325	85	49	45	156
186	247	392	317	86	48	47	157
198	220	386	325	86	50	44	138
213	266	406	360	91	54	48	140
220	301	458	346	82	56	49	158
227	294	442	332	83	59	46	146
213	272	461	335	79	63	51	152
208	303	497	393	88	64	50	156
196	281	566	406	99	76	47	153
202	336	569	418	104	81	46	148
213	375	602	425	107	83	46	148
186	390	611	440	108	83	45	155
170	383	652	375	99	95	49	154
178	448	639	399	105	88	47	142
149	385	602	380	108	78	45	120
134	409	637	484	122	78	50	155
157	432	729	529	136	79	49	138
170	434	700	601	147	62	45	148
181	367	777	614	140	59	47	168
180	385	798	633	138	64	49	173
165	346	806	583	126	60	45	152
179	334	732	566	119	56	43	162
194	349	1005	607	132	60	45	161
183	434	1000	585	133	56	45	164
193	440	981	663	154	54	45	161
244	415	1035	675	168	56	47	173
226	407	1063	673	170	57	48	180
204	424	829	622	159	54	47	169
198	368	746	582	152	53	46	157
221	430	868	652	152	58	52	154
177	474	785	681	145	59	53	134
172	467	738	673	142	60	52	114
175	457	742	720	146	64	51	119
176	439	800	757	176	74	53	109
169	362	767	728	186	72	49	130
170	304	738	682	191	73	45	145
174	355	775	731	201	78	49	143
172	428	777	674	200	79	54	147
171	463	831	711	187	77	59	157
150	488	826	688	167	73	56	158
132	535	852	688	154	71	56	146
126	530	829	679	145	68	54	147
127	480	837	701	145	66	50	161
128	491	719	715	148	59	42	161
137	499	669	784	156	64	44	141
135	458	622	788	160	69	46	150
144	460	757	859	189	82	52	165
133	440	760	901	212	91	55	143
127	382	757	836	198	93	58	127
120	381	762	722	191	91	60	142
128	371	823	759	209	99	113	132
118	380	752	657	179	85	112	107
128	376	704	591	152	74	115	103
152	410	692	630	159	73	116	107
142	462	662	645	156	69	126	86
141	522	655	720	159	62	122	85
171	480	587	779	174	69	143	142
165	465	596	749	166	64	143	159
171	450	704	758	168	66	141	161
167	361	757	734	162	69	132	160
165	278	714	631	136	65	96	165
135	289	709	532	118	63	56	125
134	306	687	549	132	70	50	108
105	307	692	495	122	68	52	101
103	320	620	477	126	68	51	98
100	344	607	448	123	65	48	84
159	341	654	448	134	62	49	87
168	342	687	499	137	62	52	86
171	365	594	697	176	70	57	89
173	388	553	728	179	69	61	193
172	365	567	724	175	70	63	209
132	365	518	748	174	71	65	216
149	400	506	760	180	70	64	216
151	375	564	695	162	71	64	221
154	389	589	684	166	72	57	141
155	379	560	690	176	77	56	125
145	424	630	700	174	76	52	120
112	385	645	651	160	72	53	121
114	462	642	681	181	75	57	120
112	428	724	697	178	75	58	130
119	459	767	705	167	68	56	120
150	438	707	698	165	67	55	107
163	471	757	777	194	76	54	103
177	402	730	660	161	62	44	113
175	406	775	605	156	59	43	106
175	400	736	604	159	62	47	108
148	406	736	616	160	60	50	112
154	434	742	578	135	53	50	116
129	442	791	671	165	68	56	106
173	418	655	674	163	68	57	99
176	386	643	656	161	67	55	124
178	383	706	637	159	72	56	121
165	354	643	608	148	69	56	115
160	328	542	512	114	58	48	110
112	350	665	570	121	60	45	115
109	379	688	603	130	57	47	100
115	375	659	653	135	54	43	95
109	339	641	619	133	54	38	91
114	333	649	589	123	49	37	87
113	330	508	516	110	47	35	79
114	378	545	484	101	51	32	51
123	398	527	386	87	48	35	65
125	415	522	331	79	48	35	77
120	415	489	337	82	48	36	94
125	424	567	404	96	47	38	98
127	376	528	424	102	47	40	106
141	349	480	380	96	48	42	108
149	333	447	389	95	48	42	102
151	322	457	377	94	52	43	91
156	304	400	358	90	57	44	89
152	287	426	437	92	56	44	84
125	288	428	476	101	61	41	71
124	302	435	465	100	60	41	78
136	309	479	484	100	59	41	70
120	328	520	472	94	54	41	68
125	356	485	369	81	52	41	66
121	337	490	343	73	45	41	65
114	343	633	385	85	50	44	61
115	379	608	377	87	51	42	71
126	385	662	467	106	57	47	88
121	363	714	495	115	61	47	89
135	377	743	519	120	63	49	97
152	406	673	508	120	61	48	109
141	392	723	534	121	60	51	103
143	398	674	465	115	61	48	97
145	439	610	429	104	61	48	96
147	427	704	393	99	59	46	88
156	402	731	391	100	57	42	89
184	475	709	443	112	58	43	94
185	493	667	403	99	56	40	90
185	505	759	447	105	53	40	103
175	520	668	435	108	52	38	104
155	502	628	497	130	59	44	97
119	477	611	404	113	68	45	95
109	458	706	445	116	74	47	97
121	467	650	450	122	80	47	95
127	518	631	468	121	81	50	93
145	594	699	456	102	76	46	87
158	567	680	494	113	94	44	101
163	604	728	493	117	112	45	102
168	614	770	561	131	111	49	92
168	586	815	555	130	118	51	97
167	549	736	508	124	168	60	99
182	530	756	520	123	176	59	94
178	485	673	525	126	167	58	92
172	428	602	448	109	184	54	93
186	439	543	436	105	184	50	90
194	417	591	435	107	144	47	110
168	550	636	385	98	126	46	103
177	593	639	346	90	127	48	108
193	598	691	328	81	100	50	119
183	558	758	344	84	102	55	127
157	551	767	340	81	105	50	111
166	426	718	342	84	134	51	117
169	398	661	399	108	140	53	114
161	402	647	472	121	143	56	108
162	420	610	480	119	139	51	96
159	384	530	463	115	137	51	94
160	370	560	472	118	100	51	87
151	289	611	426	92	84	49	81
169	342	541	354	79	75	44	90
173	461	498	359	85	71	45	95
182	498	591	422	94	60	46	94
186	511	569	413	88	60	46	107
192	552	539	405	90	54	44	119
155	510	697	460	97	52	43	111
140	461	728	462	94	49	42	107
127	554	694	442	92	49	38	110
110	723	755	460	101	48	38	102
95	743	746	466	108	49	37	87
117	757	670	459	112	54	37	79
139	716	749	504	118	54	41	87
158	643	747	506	119	58	45	89
169	434	695	482	111	54	43	94
170	398	813	517	113	53	44	103
168	376	789	468	106	52	44	102
158	409	751	401	98	49	42	96
145	377	747	363	91	43	38	88
143	389	758	410	104	49	43	83
145	355	731	447	111	50	42	69
142	342	744	431	104	44	43	76
132	292	651	428	104	43	41	85
137	332	645	446	118	56	47	85
127	332	676	468	120	59	44	100
133	334	550	381	102	56	45	106
120	365	535	391	106	59	43	102
118	399	547	404	106	62	45	101
115	393	581	465	107	55	41	115
126	372	540	425	100	52	42	107
126	360	531	424	101	54	41	103
146	328	515	457	118	60	47	108
153	319	588	461	124	59	48	110
155	301	541	376	110	56	47	108
147	290	532	336	101	53	45	120
133	276	556	350	103	53	46	126
115	268	601	415	105	47	40	131
113	255	596	429	98	42	37	132
107	230	578	433	99	44	35	125
104	259	554	434	101	43	36	115
117	278	564	438	101	42	37	122
149	293	581	341	83	39	39	114
150	294	527	323	91	41	37	105
153	300	526	307	86	41	39	138
163	324	568	370	104	44	42	159
158	300	568	395	109	48	44	170
128	282	489	363	99	43	41	171
119	279	486	334	90	43	43	182
127	294	597	348	92	43	46	183
121	287	572	288	75	40	44	183
125	283	570	266	74	38	41	170
129	280	555	266	76	51	42	185
136	268	558	269	74	52	41	194
132	297	477	287	80	56	36	173
141	278	540	287	78	62	34	148
135	296	538	248	66	65	34	149
129	291	533	224	59	70	30	135
126	300	504	225	63	80	27	101
124	368	502	234	69	84	30	94
111	377	409	289	74	82	31	98
115	365	360	287	80	86	35	96
120	417	384	295	86	80	40	89
130	402	371	303	87	70	42	89
125	439	368	327	83	63	42	93
126	458	351	283	81	63	43	120
123	475	356	276	76	52	41	111
123	452	357	335	78	47	39	117
108	455	424	343	83	47	39	126
102	378	454	307	80	49	40	135
100	345	485	310	79	46	39	121
110	325	516	318	81	44	39	129
119	314	505	332	87	47	42	133
119	335	551	369	88	49	52	132
127	276	512	355	87	50	60	139
139	257	495	409	97	51	64	127
130	274	460	446	105	55	65	125
122	274	452	406	97	61	65	119
139	278	338	355	90	66	60	146
135	273	415	362	91	68	51	132
123	303	433	300	81	72	47	132
125	281	458	289	75	75	46	139
125	287	452	288	82	71	44	139
109	325	450	295	81	103	40	105
101	361	448	313	85	102	39	104
106	348	415	301	83	100	42	119
104	357	395	257	80	100	43	109
95	345	508	338	87	100	40	99
119	311	565	376	98	63	42	123
123	365	606	431	113	65	48	126
122	390	651	446	116	64	44	117
120	415	659	451	114	60	42	122
119	434	617	417	108	61	45	131
126	482	662	445	105	62	40	103
122	469	571	366	85	59	37	100
111	457	552	347	79	57	38	89
112	432	573	334	77	56	40	81
120	424	570	329	86	56	43	76
81	367	493	296	88	51	44	86
98	370	525	318	85	48	41	77
106	363	506	327	88	46	39	87
105	358	461	338	91	46	37	105
102	389	505	343	81	37	34	105
103	453	554	327	70	36	36	103
89	403	520	331	71	36	35	105
83	405	557	320	63	41	35	102
88	423	573	310	60	41	36	102
89	380	565	296	59	40	33	118
91	307	512	299	73	42	35	115
87	354	523	295	76	44	37	119
89	415	522	320	80	43	42	167
107	406	526	359	99	46	45	161
113	416	481	343	106	49	46	145
113	424	519	341	100	45	44	145
114	402	601	360	102	45	45	143
111	362	579	366	106	44	41	84
88	366	570	331	89	42	38	84
67	359	576	345	78	41	34	87
100	344	516	347	88	42	37	105
107	314	402	332	87	41	36	114
107	319	407	319	85	44	37	116
113	352	407	321	87	41	38	116
127	361	351	383	106	49	45	122
103	343	320	369	104	50	43	110
104	339	323	364	99	49	42	109
106	286	414	400	105	50	43	102
101	252	487	427	106	49	42	111
94	246	517	360	87	47	36	104
99	275	582	353	125	52	37	119
104	282	575	345	131	58	38	120
100	314	521	311	127	55	38	121
102	327	517	280	124	56	36	137
106	365	523	266	122	54	35	137
102	361	479	265	82	49	33	126
92	461	579	269	80	45	33	130
98	460	574	235	76	43	31	138
99	441	520	277	87	42	33	107
92	432	490	290	88	38	33	108
97	446	560	376	85	37	31	104
97	446	560	376	85	37	31	104
