0	1	2	3	4	5	6	7
328	183	577	309	90	85	117	466
307	169	625	303	91	76	94	483
311	163	657	334	102	77	93	469
380	198	628	444	116	84	103	517
402	185	632	488	117	66	86	507
376	197	613	514	119	62	76	438
387	192	571	506	119	59	81	520
378	180	547	478	114	58	80	559
370	162	663	387	101	65	88	511
345	154	654	322	89	69	86	500
351	131	620	281	87	70	94	563
340	145	642	352	98	73	94	485
351	148	686	332	93	76	97	482
308	111	574	306	91	63	87	488
290	126	598	337	96	62	87	468
265	126	570	357	105	65	91	479
250	115	513	320	107	68	91	461
217	132	453	355	112	65	89	449
213	139	418	380	116	62	81	458
275	134	416	394	121	64	87	493
273	131	534	391	135	71	80	454
293	145	536	363	126	69	81	465
295	134	619	332	123	66	78	456
308	136	682	336	123	68	82	444
254	131	687	310	118	67	79	424
273	135	604	299	96	63	81	370
298	137	640	376	109	62	75	358
299	126	555	376	108	64	77	365
274	126	505	368	107	66	75	359
279	140	493	390	117	67	78	438
295	142	547	382	132	67	93	487
268	118	538	302	119	66	94	477
262	120	565	291	117	63	93	520
268	112	535	291	117	58	92	515
294	93	515	236	110	62	95	507
262	88	573	246	98	50	76	498
289	85	560	254	99	50	74	490
305	109	516	313	106	50	73	422
294	126	536	280	99	51	76	419
256	129	549	279	100	49	66	315
252	122	466	266	92	51	62	229
201	126	505	268	94	49	55	254
235	125	637	252	103	50	55	275
310	112	658	255	102	51	59	300
328	117	665	268	100	53	66	314
327	121	708	263	94	56	66	350
334	123	692	255	93	57	70	355
295	116	572	201	75	61	74	345
264	113	539	189	79	63	67	348
291	112	541	189	74	61	61	347
310	117	519	199	78	61	65	351
303	115	478	210	76	59	64	329
308	111	539	215	85	55	64	322
295	120	588	223	79	56	69	324
258	119	561	289	93	49	63	358
245	113	492	281	91	43	59	345
243	155	551	287	94	43	59	387
266	154	521	307	94	42	58	382
229	150	431	301	92	33	49	369
223	147	498	257	82	38	60	428
268	146	494	266	85	45	83	480
282	102	432	265	85	48	84	456
251	100	444	250	81	47	84	497
273	103	465	249	83	49	85	500
286	97	456	205	74	48	78	419
278	102	476	211	78	45	65	420
265	103	484	189	78	41	63	412
259	100	455	202	87	44	60	381
236	96	463	218	89	48	66	429
236	97	433	231	93	48	65	429
186	99	452	232	102	45	50	396
198	90	480	244	106	51	55	441
220	94	549	233	92	49	55	432
226	96	551	226	95	44	48	373
214	94	534	214	90	46	52	372
221	99	592	202	76	50	62	441
197	103	600	206	73	45	57	404
187	96	533	218	77	46	59	391
183	93	536	229	76	48	57	399
165	101	574	236	85	46	55	454
214	88	497	234	90	46	53	355
223	96	475	220	92	44	51	368
243	105	520	218	95	46	53	393
251	103	504	195	90	44	58	415
255	97	504	230	95	45	60	353
225	98	503	241	93	40	53	326
217	87	494	239	85	41	52	318
209	79	475	226	86	38	55	335
207	77	475	235	93	37	49	292
203	81	427	198	83	40	48	324
187	80	404	168	75	40	54	344
185	79	358	155	73	41	52	325
156	83	364	138	73	42	53	357
166	81	361	132	68	50	53	345
164	77	426	149	66	47	53	324
151	79	467	152	66	46	45	347
152	86	560	158	70	48	50	350
145	78	557	172	62	51	45	264
139	81	573	182	61	44	48	294
156	84	562	188	66	44	50	332
173	96	563	185	65	48	52	299
172	89	504	186	71	49	51	308
216	93	501	175	70	45	50	329
207	93	552	166	68	46	55	317
203	105	520	145	67	47	53	291
193	90	532	155	74	48	54	336
208	94	521	162	66	46	57	381
169	94	517	160	73	45	57	406
176	93	452	161	74	44	50	421
174	75	452	166	74	40	46	414
178	81	448	158	70	35	44	375
156	74	467	151	73	32	39	321
153	74	426	172	66	33	39	296
157	84	474	218	94	33	40	262
184	87	479	226	101	39	44	297
198	92	449	234	101	41	43	293
193	101	420	239	100	42	47	295
215	108	474	225	100	44	49	283
217	100	449	204	90	46	47	337
205	104	453	200	87	54	52	331
189	103	520	214	101	54	53	370
194	93	521	212	102	55	50	370
164	98	516	212	102	52	46	353
170	95	515	194	99	50	47	300
157	92	517	183	92	39	41	312
168	96	450	191	83	36	38	268
185	102	465	183	81	34	38	277
193	86	447	181	82	34	38	284
181	90	395	183	68	34	36	310
175	87	348	187	63	36	35	250
161	87	362	166	62	38	36	257
170	82	367	172	65	42	36	239
161	83	344	185	63	46	40	238
182	80	352	174	68	45	43	230
198	83	365	170	74	46	44	267
198	75	401	172	72	45	45	273
170	77	407	180	78	41	41	263
176	83	428	186	84	40	47	338
165	96	458	179	77	40	45	330
143	93	499	178	79	38	42	303
