0	1	2	3	4	5	6	7
105	194	285	309	108	44	34	90
100	243	306	377	128	53	35	72
99	246	347	440	146	60	40	66
84	243	341	438	147	60	39	65
86	286	437	395	141	55	37	65
84	332	428	393	142	58	35	59
66	307	423	328	127	52	32	54
54	330	397	234	97	46	30	53
53	341	380	212	88	46	30	52
44	328	267	190	93	44	32	49
41	299	273	206	85	37	30	45
43	348	258	197	80	37	33	44
41	328	262	234	82	35	32	41
37	353	282	250	84	35	31	39
44	325	332	289	79	37	32	49
44	330	305	269	91	39	33	53
51	319	344	313	96	44	33	61
51	324	426	400	110	50	34	62
59	291	439	426	115	55	37	65
58	283	410	403	111	55	35	70
61	258	415	393	102	56	34	69
60	242	411	355	96	53	40	68
72	281	370	224	72	45	43	98
72	281	330	142	59	39	55	119
71	304	355	110	54	37	57	119
73	341	362	101	55	37	59	121
73	373	343	89	55	34	56	119
60	348	292	68	66	35	54	96
66	410	323	75	67	36	50	142
82	444	310	81	75	41	96	325
96	466	344	88	77	38	97	369
98	509	370	99	86	44	106	388
112	547	473	114	82	47	108	413
114	559	594	122	84	48	116	414
114	563	635	119	75	45	92	386
115	553	687	141	76	48	97	361
114	475	686	139	65	44	87	366
108	484	663	140	64	44	91	396
109	499	574	133	65	43	76	384
99	458	536	135	65	42	65	291
86	451	500	104	66	51	64	277
83	481	641	97	77	55	63	244
76	424	610	86	79	53	55	146
73	308	615	230	90	58	54	121
81	299	650	239	96	57	57	118
76	259	602	301	101	49	47	91
82	198	583	312	103	51	45	86
94	187	573	337	101	53	43	63
111	180	582	315	95	49	40	61
109	178	560	308	93	54	37	58
114	169	571	258	100	55	38	56
110	215	430	270	104	50	39	50
107	250	497	282	107	51	44	54
129	262	453	279	127	55	46	74
179	271	412	296	136	52	45	81
224	269	391	294	125	54	42	84
302	210	352	283	117	53	45	94
315	161	222	265	119	50	40	101
318	131	194	211	99	48	42	91
356	83	147	185	103	46	40	107
334	78	132	176	111	47	42	106
269	64	125	156	116	54	42	104
267	56	118	107	115	54	40	102
252	45	108	94	111	52	36	101
160	37	98	89	96	54	34	81
154	34	91	91	84	48	33	87
176	37	89	96	100	41	30	99
161	39	98	95	103	39	31	92
153	41	92	103	104	35	31	90
147	39	90	114	103	32	30	95
168	41	89	110	103	32	30	118
148	36	86	102	105	32	35	113
144	34	80	99	104	34	33	112
138	30	60	88	112	35	30	112
132	29	55	70	111	35	29	104
96	28	52	71	115	38	29	74
84	28	51	75	92	33	28	61
70	28	58	74	88	34	32	57
67	26	56	78	81	33	32	55
65	27	60	83	105	39	34	60
61	30	63	84	106	37	34	54
71	29	63	83	106	38	32	58
107	28	50	93	103	34	29	65
110	29	49	88	97	36	29	64
109	27	45	84	73	29	27	59
108	23	38	81	80	35	29	57
102	26	57	83	96	36	28	54
59	23	54	71	101	36	27	41
52	24	54	69	107	37	28	39
50	25	52	63	106	35	28	42
61	29	50	113	98	28	27	54
52	27	27	113	88	27	26	57
53	27	49	112	89	27	29	58
54	27	50	111	84	28	29	58
55	25	49	131	81	30	30	61
37	22	50	109	97	32	29	52
37	24	50	105	105	32	29	46
39	26	42	104	99	33	26	44
37	28	41	107	118	31	25	45
32	28	46	99	127	30	23	37
33	29	51	83	124	28	22	34
31	29	58	83	113	32	22	33
31	26	54	91	114	30	22	35
31	23	54	99	114	30	23	34
34	25	52	88	108	31	25	32
31	22	46	86	102	30	26	31
33	21	38	94	108	31	26	33
31	23	41	90	107	31	27	29
32	29	43	91	84	31	28	40
30	26	40	87	88	29	27	42
37	25	43	101	100	32	27	42
36	27	42	92	92	30	30	40
35	27	47	95	88	31	28	41
34	23	45	82	97	32	27	32
32	23	46	82	111	32	26	34
27	26	46	67	102	30	27	43
30	24	44	67	102	27	24	43
30	25	43	56	107	28	24	42
29	25	47	64	122	28	25	40
38	26	47	73	108	28	27	39
35	23	45	71	105	29	27	31
33	23	48	76	106	29	27	34
32	24	46	79	107	27	27	37
33	24	47	79	85	27	27	40
28	26	49	65	86	28	26	37
26	26	50	82	86	27	23	39
27	26	64	84	92	29	23	36
33	25	59	83	106	30	23	33
35	25	57	75	104	27	21	40
32	24	57	77	101	28	22	40
35	23	55	74	102	28	23	39
36	24	50	68	113	29	23	44
32	23	47	69	96	29	23	45
30	22	48	74	95	30	25	36
37	23	47	77	98	30	23	37
35	23	48	84	101	29	23	37
33	22	35	83	98	30	22	31
33	24	48	91	95	31	24	36
34	22	46	89	94	29	21	39
26	22	48	103	93	29	23	38
33	23	50	91	128	31	22	37
34	23	59	93	120	33	24	42
36	23	50	83	119	37	23	41
35	23	52	88	122	38	25	40
39	23	54	69	129	37	24	39
33	22	52	65	98	37	26	38
37	21	41	63	100	33	23	30
37	20	50	65	102	29	25	31
