0	1	2	3	4	5	6	7
351	211	552	278	86	82	98	443
343	205	570	340	102	81	97	466
369	172	574	328	111	89	100	497
365	232	548	320	106	89	95	398
431	224	555	349	109	94	104	441
468	230	511	344	106	87	98	468
459	242	502	363	100	84	100	439
495	219	482	367	97	88	123	459
494	163	488	377	93	78	121	461
419	170	441	370	110	74	116	422
371	190	533	388	117	76	116	391
459	226	547	398	124	97	149	510
481	240	583	399	117	87	134	472
468	244	554	385	117	88	136	487
478	235	564	361	101	85	133	489
468	217	568	342	94	83	132	479
390	163	535	271	80	61	93	390
375	179	545	264	81	57	86	421
379	166	540	273	82	64	80	406
356	168	566	265	80	63	75	409
357	174	528	313	84	67	73	414
405	185	560	288	83	63	76	397
317	180	508	271	82	64	70	358
316	188	535	312	93	61	76	348
352	189	519	325	109	79	95	366
368	196	532	350	122	77	95	350
305	199	503	355	117	74	84	293
270	188	535	362	119	80	92	292
290	179	489	353	109	80	89	335
252	179	618	404	101	67	71	332
233	188	557	356	84	76	86	384
242	191	580	345	95	82	89	387
261	185	565	364	107	85	85	393
230	184	576	340	110	82	82	349
212	199	455	303	115	85	88	386
218	194	492	317	115	79	75	348
200	186	490	327	107	78	74	373
181	199	502	300	96	81	85	375
173	197	637	293	100	84	90	408
180	184	613	253	87	75	80	319
153	169	605	215	79	71	76	300
235	191	682	275	89	87	101	328
237	171	671	282	91	75	94	362
258	237	619	297	98	79	95	345
271	248	639	337	100	83	100	361
298	246	655	347	112	91	112	462
265	255	542	296	106	70	89	423
253	263	549	291	107	73	86	422
250	222	485	253	90	65	83	429
231	200	524	205	86	58	76	414
202	205	489	183	70	46	59	347
193	181	538	211	76	48	63	388
201	176	611	241	70	44	69	391
183	177	595	248	71	41	65	381
199	204	557	236	70	46	71	422
260	195	627	265	79	47	76	398
242	180	640	252	75	43	71	348
250	197	656	229	75	39	61	305
265	176	693	245	81	54	71	394
273	146	689	251	84	52	66	355
220	180	691	240	77	51	60	343
242	191	662	241	75	54	63	346
235	174	630	232	73	57	70	345
226	179	599	206	66	48	58	221
212	179	588	209	62	47	58	225
200	172	537	204	66	50	60	227
179	182	622	194	65	51	63	319
191	176	592	204	74	55	72	330
175	180	647	212	75	51	71	328
160	188	676	199	71	51	73	333
161	206	662	221	72	52	77	345
155	193	576	228	75	53	73	303
127	194	549	217	73	48	64	288
131	187	502	203	68	53	65	301
133	198	518	204	67	54	64	333
214	171	523	172	64	54	56	344
220	160	562	154	62	51	59	315
225	166	558	153	58	53	58	341
220	171	559	190	65	56	68	358
243	145	537	193	79	63	75	339
174	138	532	183	77	62	77	306
165	143	553	179	75	62	74	317
191	134	608	215	74	62	74	297
222	128	637	196	71	57	65	297
195	133	635	188	56	49	63	329
196	133	646	192	59	48	61	331
214	152	604	198	62	47	61	303
207	146	580	215	65	41	56	298
201	163	554	230	77	44	57	267
244	180	526	244	78	39	50	192
275	172	620	279	80	45	69	268
282	197	681	281	82	46	74	291
266	209	660	266	80	48	75	298
276	228	627	264	75	65	101	361
248	220	633	268	73	65	100	364
