0	1	2	3	4	5	6	7
80	323	270	73	40	38	84	77
77	302	274	72	38	35	77	65
60	278	277	76	62	39	64	55
55	266	197	93	80	40	42	40
53	308	264	118	81	40	35	34
47	289	275	188	88	41	31	32
57	328	298	194	91	41	29	35
55	338	305	198	82	39	29	37
57	353	312	185	63	35	28	37
56	317	266	172	65	34	29	36
57	272	254	125	82	36	28	34
42	233	217	133	86	33	27	30
39	212	203	131	82	34	27	27
37	179	182	132	82	34	26	24
41	191	185	132	83	32	24	24
34	180	170	125	58	29	22	22
34	168	191	113	60	31	26	25
38	185	194	106	60	28	26	26
37	172	184	111	64	34	29	30
34	183	187	107	60	35	30	31
43	196	223	84	59	34	32	34
43	195	219	89	49	32	32	33
41	177	218	91	59	33	32	33
42	167	219	85	55	28	29	30
41	193	231	86	55	27	29	30
33	195	195	114	57	27	28	27
32	202	178	105	55	28	28	26
31	198	174	104	43	27	27	26
27	195	179	105	53	28	26	26
25	138	181	115	52	27	25	25
23	123	159	98	55	29	24	24
24	126	159	113	56	29	24	24
24	131	158	113	57	29	25	23
25	133	168	113	50	30	26	23
25	150	191	113	64	30	26	25
24	142	204	103	60	29	28	25
23	126	203	83	60	29	26	26
27	116	202	90	61	30	29	27
28	114	203	103	59	30	30	29
28	89	149	99	45	30	31	25
29	106	129	112	62	30	31	27
33	137	134	120	63	29	30	26
33	158	141	114	63	28	26	26
32	162	127	107	68	28	25	22
33	157	135	110	76	31	27	23
32	144	150	102	74	30	24	24
30	114	145	98	74	31	24	22
26	83	140	102	74	34	24	23
26	72	131	98	69	34	25	25
24	75	133	91	73	35	22	25
25	101	184	93	73	34	23	24
26	100	192	96	77	35	23	26
28	100	194	94	76	32	25	24
28	117	195	93	76	33	25	23
29	113	177	93	70	30	25	23
28	98	135	80	64	30	28	22
29	103	132	73	63	30	29	20
28	104	142	85	62	29	29	20
28	90	138	86	64	29	27	22
27	90	156	87	66	28	27	21
28	90	144	101	63	27	26	20
25	82	140	99	56	26	24	22
23	88	144	87	55	28	22	23
26	78	153	98	58	28	25	20
27	87	145	100	63	28	25	20
28	80	134	89	58	30	23	21
29	93	146	99	59	29	22	21
31	92	141	108	59	28	22	20
31	95	138	106	67	28	21	20
30	88	134	101	75	28	21	22
29	97	129	103	85	29	22	21
