0	1	2	3	4	5	6	7
393	118	682	327	116	75	89	384
406	122	740	349	122	73	91	392
434	135	684	326	113	69	91	386
438	136	671	327	123	73	94	379
390	140	633	325	112	56	80	392
368	148	650	312	110	48	72	426
357	156	641	289	119	48	66	422
296	146	730	296	132	53	63	411
288	162	748	259	130	54	62	411
284	161	754	241	128	55	70	477
324	177	809	247	128	64	82	466
310	200	848	273	119	75	95	496
312	203	737	285	131	84	99	525
375	204	698	297	129	81	103	537
392	225	724	364	132	88	104	456
374	209	689	359	130	84	94	476
367	186	674	350	127	74	82	483
363	171	755	307	99	60	76	440
327	175	767	312	102	65	84	434
350	183	796	276	97	58	79	474
336	193	791	291	105	59	79	411
325	192	784	271	99	57	79	358
341	193	790	279	99	57	82	383
311	171	795	272	98	52	64	371
288	160	780	308	113	56	71	395
338	173	760	307	109	58	81	479
351	185	729	309	110	65	92	506
357	187	688	311	117	66	89	480
359	189	695	309	112	67	92	511
342	181	687	302	139	65	92	457
286	154	686	294	144	64	83	387
290	146	654	295	141	62	82	380
280	153	646	287	137	63	81	380
258	175	612	278	135	65	83	383
257	159	653	221	96	61	73	396
277	181	685	218	82	57	72	397
274	170	811	222	89	55	70	373
284	160	841	234	86	61	77	382
290	148	829	237	83	61	70	336
289	182	781	224	81	65	75	333
266	170	782	263	106	69	84	313
321	193	711	295	119	78	89	313
348	207	685	283	122	72	82	330
357	198	695	289	123	73	92	325
381	180	722	290	123	74	92	275
371	197	768	279	107	70	90	271
319	198	702	234	89	60	79	244
268	186	647	238	90	61	82	279
239	182	652	232	87	53	71	294
176	166	596	220	80	48	65	370
213	154	517	237	108	46	71	440
232	143	605	248	112	45	70	446
247	142	614	234	111	45	75	404
272	158	644	277	121	50	76	428
278	167	733	282	123	48	80	366
259	160	758	246	101	50	68	300
242	146	767	239	101	51	69	339
270	161	787	257	103	52	76	401
251	154	742	236	100	53	82	380
266	155	709	238	124	52	80	379
279	145	681	244	121	48	80	370
281	148	608	240	116	47	87	396
262	135	644	236	131	52	75	337
271	140	691	200	121	51	69	311
280	144	663	206	122	52	71	332
290	152	671	213	122	57	80	363
272	158	677	231	120	55	71	297
262	166	612	223	107	60	72	394
271	186	613	220	112	67	72	433
277	193	604	226	83	72	81	433
317	192	551	211	79	68	75	422
326	192	570	218	97	75	82	440
337	204	576	220	99	79	92	370
329	185	647	224	95	71	90	352
320	174	697	259	94	65	79	345
253	172	690	283	115	64	72	324
241	161	688	267	107	69	77	312
221	154	710	287	103	55	61	319
216	151	590	296	103	53	60	312
234	167	518	270	106	57	63	445
230	165	575	244	108	63	67	441
262	168	631	248	108	49	54	433
267	151	681	231	120	51	59	454
308	153	694	231	120	56	74	443
282	152	739	210	118	54	71	314
303	162	775	229	109	51	81	331
275	155	715	257	106	53	80	346
261	200	750	258	88	51	81	307
199	208	809	245	87	50	70	321
220	198	789	258	97	56	70	301
172	197	715	246	86	51	60	279
179	225	706	195	88	57	68	232
169	209	713	200	87	59	67	224
184	208	668	206	91	60	74	206
189	206	646	199	83	52	75	213
231	197	760	186	86	53	89	267
243	178	798	186	94	52	86	316
250	159	777	162	96	57	85	317
267	157	760	181	94	57	78	335
273	154	758	159	97	63	83	400
284	164	651	173	115	65	76	369
309	151	572	172	112	60	74	350
331	151	615	182	113	52	74	358
354	140	672	183	114	52	83	377
333	140	650	198	110	55	87	337
313	139	656	222	103	54	79	359
276	139	665	271	125	58	79	383
250	158	570	288	139	62	85	377
224	155	501	278	141	64	80	349
260	173	543	293	144	62	77	333
252	176	529	283	143	64	76	387
268	189	531	257	127	60	78	377
306	171	488	237	112	67	78	366
288	169	558	239	117	67	79	397
272	162	535	254	130	66	75	405
301	168	634	255	120	70	83	331
307	163	641	275	119	76	84	299
281	169	637	269	119	70	84	293
279	181	587	269	109	67	78	299
254	169	613	229	92	63	77	300
236	178	575	224	85	58	66	307
255	194	606	197	82	54	70	336
244	188	707	242	115	57	64	359
252	176	737	250	120	57	71	329
261	176	715	257	117	58	71	295
246	158	775	245	118	55	75	295
214	142	774	230	113	53	72	271
214	142	774	230	113	53	72	271
