0	1	2	3	4	5	6	7
319	106	697	225	80	53	101	418
280	96	776	214	80	48	87	375
307	113	777	295	96	61	94	401
319	111	804	316	99	62	80	406
288	115	759	325	102	70	86	418
339	125	709	329	97	67	82	443
354	128	670	364	110	74	90	457
320	114	645	312	97	73	96	472
330	122	692	350	105	73	99	460
329	121	747	346	105	71	108	459
267	118	750	351	110	78	125	495
255	122	735	346	102	73	120	475
250	120	742	348	102	69	107	425
241	126	671	300	94	68	115	428
264	134	599	316	92	66	104	404
328	123	628	303	79	60	99	421
334	134	695	284	76	59	103	402
322	131	780	264	69	56	107	379
303	114	810	265	62	56	98	392
293	104	854	257	61	51	100	414
264	112	858	234	66	57	88	316
256	124	864	220	65	60	86	356
315	128	781	231	67	64	89	414
333	129	778	220	64	59	85	401
355	132	781	216	70	60	89	419
333	124	792	212	66	54	79	410
348	92	723	218	71	57	91	399
317	101	799	234	74	54	94	359
341	137	782	226	76	57	96	389
321	140	780	207	70	55	90	402
314	149	754	239	67	52	94	456
387	155	811	246	58	48	88	463
383	150	740	270	63	51	78	437
351	135	751	310	72	52	77	409
375	137	714	313	77	65	94	371
418	140	702	290	78	68	91	298
377	133	643	297	84	74	97	257
390	137	676	261	76	70	96	268
385	133	636	242	78	73	95	246
413	122	636	237	71	63	82	233
382	120	687	231	72	62	81	226
320	122	684	205	66	49	59	269
308	111	618	206	64	56	66	297
362	114	661	187	49	50	68	326
315	118	703	194	53	52	65	346
295	106	685	194	47	50	68	347
322	105	791	230	59	56	85	359
356	111	797	219	69	65	86	364
314	96	790	220	72	71	92	349
378	93	771	222	75	77	117	398
406	94	773	215	76	75	120	418
414	91	648	183	76	76	114	381
393	100	658	196	70	69	118	426
417	114	638	212	78	71	123	454
334	111	647	199	73	61	98	416
314	114	640	203	73	70	108	425
277	119	638	217	69	64	104	419
309	114	633	234	73	61	96	425
286	97	611	236	72	56	91	401
290	115	571	265	80	56	91	401
273	115	534	267	81	44	73	464
284	115	546	272	81	55	89	490
229	125	562	253	77	51	89	458
198	126	562	236	68	50	75	466
213	122	587	234	68	54	84	460
218	121	628	248	68	58	82	395
210	115	641	223	65	50	67	365
252	101	633	268	74	52	67	335
253	104	625	266	75	51	70	336
234	98	573	255	67	46	60	393
235	103	597	262	80	45	60	378
241	107	607	262	80	48	64	407
185	100	642	205	72	49	65	401
225	108	678	190	71	50	64	376
281	119	757	196	77	51	64	303
311	113	699	198	65	54	72	327
323	124	735	230	66	56	70	302
323	125	685	257	69	53	67	296
319	119	669	309	86	64	91	349
278	122	677	323	91	63	91	390
244	122	655	307	93	60	88	395
266	123	585	291	94	55	94	420
277	138	643	281	91	55	94	441
269	144	650	250	78	45	77	402
298	155	767	264	80	66	102	359
295	154	789	263	80	66	103	358
257	152	765	312	91	66	99	320
286	157	795	309	91	69	103	288
261	150	770	297	90	69	107	310
225	122	570	273	78	50	85	295
246	131	540	271	90	63	91	244
255	124	658	246	81	63	87	234
205	104	591	235	81	67	89	236
207	110	668	258	82	70	86	243
199	114	660	254	85	72	82	269
165	121	665	262	75	62	75	297
181	122	642	224	73	62	79	316
202	123	667	248	79	58	80	315
200	115	620	212	77	49	70	324
212	115	668	236	77	48	75	339
242	102	688	246	82	48	75	339
213	101	674	259	84	53	79	337
189	100	656	247	80	52	85	345
201	103	634	282	83	55	88	312
238	95	575	244	85	54	86	291
216	88	600	224	78	53	88	308
230	83	603	226	71	49	89	303
263	101	634	242	69	49	75	324
280	105	642	238	72	50	76	346
252	130	680	263	68	57	82	350
272	129	685	295	74	58	76	348
293	128	648	283	74	56	72	357
263	117	661	259	79	61	76	324
247	117	633	227	74	63	85	393
245	100	669	214	69	57	85	415
224	104	705	164	57	59	90	393
207	110	708	176	59	61	85	372
224	103	661	195	55	55	81	369
252	103	743	195	54	58	75	265
242	102	708	183	61	64	74	220
237	117	646	210	63	65	70	256
281	114	659	223	60	63	76	332
268	114	685	223	60	67	81	368
248	115	616	227	64	63	78	401
250	107	640	236	62	59	82	436
261	90	646	226	61	53	85	428
278	89	611	204	70	56	82	387
315	102	581	201	69	52	82	382
325	91	549	205	67	57	84	350
330	97	496	197	62	53	73	323
319	102	511	219	78	58	70	311
