0	1	2	3	4	5	6	7
116	174	393	377	143	53	36	74
123	180	437	380	148	63	42	79
147	183	426	386	136	62	39	85
136	198	463	317	130	63	42	87
118	216	492	353	136	64	43	85
133	198	584	335	120	59	45	82
155	197	593	335	107	47	39	82
136	200	612	324	106	43	39	81
145	173	555	338	109	46	38	86
154	161	535	324	116	41	36	100
154	203	488	396	131	55	39	101
125	208	439	416	137	55	44	106
124	193	441	444	141	58	46	105
123	197	515	480	146	56	44	100
123	201	518	466	134	55	43	84
117	173	492	410	120	42	39	84
137	176	550	439	131	47	38	92
140	182	534	418	130	46	37	96
169	174	474	379	127	50	39	107
173	166	512	408	128	50	38	112
164	179	467	394	131	52	38	113
163	172	415	389	136	57	43	101
174	164	428	389	140	55	43	95
151	158	455	418	144	55	43	98
148	174	431	403	145	57	46	106
175	144	468	394	139	58	44	107
168	139	493	358	125	49	39	113
150	159	553	448	150	60	39	120
149	176	539	458	159	60	41	109
164	186	570	493	164	61	39	96
140	185	551	503	172	58	38	90
145	189	515	501	166	59	36	96
142	172	468	473	158	54	37	103
146	164	478	469	148	58	37	99
141	153	428	432	150	54	37	102
141	158	434	424	145	55	36	103
165	160	435	426	150	55	44	131
181	185	420	351	126	49	45	123
172	195	423	303	122	38	40	124
156	172	499	288	113	39	41	131
184	177	488	270	101	38	41	148
169	182	473	291	111	36	30	114
153	156	451	314	138	35	25	112
165	139	444	330	139	42	38	115
187	144	394	322	142	45	41	103
167	146	420	387	154	51	44	75
161	132	456	453	168	53	49	91
165	160	476	445	153	54	50	99
185	232	491	422	151	51	44	107
183	243	453	426	149	48	45	127
191	233	446	375	135	44	49	145
194	250	416	324	134	56	50	139
218	278	478	390	138	59	52	137
189	218	454	424	143	61	51	136
174	222	512	419	143	61	50	144
165	226	506	430	158	60	43	133
167	219	513	394	133	46	36	133
131	183	461	377	142	44	35	135
129	195	493	383	136	45	36	141
134	187	473	412	143	48	39	136
131	179	450	408	131	48	40	133
111	175	556	418	135	47	42	148
112	186	577	398	122	52	45	155
122	201	529	361	117	50	45	143
121	192	602	341	112	47	41	131
114	200	681	341	116	50	43	130
133	211	629	367	131	52	43	111
153	194	614	371	121	42	37	90
158	171	695	406	124	46	39	95
158	165	612	395	124	45	38	85
159	195	547	371	121	42	40	94
158	176	555	322	92	41	38	92
162	174	575	313	110	50	38	90
153	171	496	272	120	51	36	93
149	182	528	386	135	58	46	96
180	141	543	458	149	58	43	89
165	141	515	471	151	58	42	105
145	196	524	493	159	55	48	122
151	216	565	541	166	61	52	116
150	212	560	468	156	55	44	117
120	220	554	429	146	56	45	117
124	229	614	431	146	55	45	107
131	185	597	449	143	56	40	95
148	187	570	424	131	46	35	95
142	183	589	478	145	52	36	92
150	179	597	466	148	61	38	87
150	182	613	462	148	64	40	110
154	195	586	390	129	60	37	116
129	191	576	357	118	59	37	123
144	195	545	323	116	55	37	125
133	194	550	399	144	51	35	136
136	195	454	400	147	48	31	114
136	177	465	419	160	50	34	118
135	155	441	426	173	58	38	118
130	150	412	399	163	57	36	119
128	162	556	378	138	52	37	105
129	177	569	372	144	55	39	103
118	180	564	364	138	54	40	97
159	207	602	363	128	54	42	91
203	223	601	350	118	56	42	89
203	220	458	276	113	58	42	94
202	205	428	271	111	59	46	103
202	206	426	277	105	58	47	96
178	171	430	268	116	55	44	93
116	152	456	337	136	65	52	101
141	215	458	356	140	64	53	106
140	222	503	355	142	61	51	103
174	235	513	345	141	59	49	104
174	251	543	354	129	59	47	107
192	269	605	406	128	49	41	108
188	229	610	416	130	52	42	111
185	230	591	425	122	52	41	109
177	223	758	499	134	57	42	107
202	219	722	530	145	60	44	121
190	210	739	470	145	55	42	109
188	200	800	468	145	53	37	99
188	189	806	478	150	55	40	112
169	181	668	447	141	52	40	122
134	186	713	458	155	61	49	114
128	179	618	437	148	67	52	128
109	166	544	446	144	67	54	133
129	157	568	436	134	65	55	136
127	192	535	401	135	65	55	125
135	180	477	399	131	55	46	120
141	171	486	391	128	48	43	112
163	184	502	405	132	48	44	106
141	182	454	424	148	50	40	93
139	192	507	429	156	53	39	102
133	214	521	363	131	47	35	105
125	218	530	408	127	47	40	103
99	208	519	368	117	46	36	105
119	210	576	449	156	51	41	117
125	177	569	448	166	50	42	115
187	232	528	472	176	54	42	120
216	241	526	455	178	57	46	125
221	271	567	534	209	67	51	128
228	271	550	462	178	63	50	110
242	265	515	467	158	62	49	113
198	202	644	457	153	62	52	103
171	200	664	475	161	60	47	91
166	160	615	391	138	48	43	90
158	162	601	369	135	47	41	104
133	173	611	344	131	44	39	95
151	178	513	357	136	41	36	102
147	191	476	318	122	42	33	105
167	192	449	322	118	47	32	112
155	184	430	311	109	44	30	101
153	163	426	338	124	52	36	106
160	148	409	309	115	53	36	100
217	215	406	329	129	54	36	98
204	238	396	340	121	48	38	104
211	245	378	356	135	50	43	114
249	256	429	324	133	43	41	115
233	262	474	325	132	43	40	115
181	198	556	301	118	41	42	118
178	181	620	303	125	46	40	99
190	175	638	302	116	45	33	91
147	179	598	303	111	47	32	86
150	163	605	303	114	52	42	120
150	178	578	303	121	53	39	113
145	164	583	293	110	50	40	114
131	183	593	278	110	48	42	120
128	193	617	275	104	47	41	123
136	214	608	259	98	38	31	97
127	191	573	428	114	47	39	103
153	204	493	424	112	45	40	100
138	189	466	429	113	50	42	109
132	175	459	456	160	55	48	103
133	194	372	475	171	67	51	97
146	207	382	371	159	60	47	97
137	197	447	393	164	62	48	115
158	192	432	402	164	60	45	99
159	184	441	390	118	54	38	97
146	154	521	421	139	45	36	101
136	167	549	422	161	53	40	100
120	171	537	393	157	55	39	77
109	180	565	390	156	54	42	76
111	186	616	401	172	60	44	85
110	197	626	396	160	58	45	77
117	171	592	389	149	50	40	74
140	169	588	408	150	47	41	92
141	165	557	404	152	46	38	111
138	184	512	386	135	39	37	109
143	165	432	335	121	41	36	108
182	169	496	316	108	44	36	120
168	177	505	278	103	46	37	113
179	171	504	325	134	48	36	91
198	145	489	343	140	48	36	95
217	145	526	401	140	47	35	105
187	170	471	393	153	53	39	90
184	181	478	415	161	51	36	95
172	181	540	432	149	54	35	101
160	180	557	447	151	56	36	94
140	178	530	399	151	53	37	87
135	150	521	389	144	49	37	97
151	128	496	378	145	51	34	84
144	150	424	324	131	48	37	78
170	183	418	299	125	52	39	78
185	214	442	343	129	57	45	92
181	215	441	337	118	54	43	81
188	214	440	347	105	51	45	87
192	210	467	396	111	53	49	119
193	196	443	394	127	48	47	132
178	159	464	407	121	44	39	123
178	175	474	417	121	43	38	126
177	172	523	399	124	46	41	134
196	171	520	399	134	47	37	109
164	149	510	395	120	46	37	125
164	177	494	371	127	48	40	134
163	180	544	383	130	51	42	131
144	205	514	411	136	49	44	120
118	210	494	380	117	43	40	131
124	227	564	424	124	43	39	103
114	207	538	415	118	45	41	92
138	195	489	416	122	43	41	97
145	165	475	384	145	45	38	101
141	161	470	380	141	50	41	84
143	155	396	345	134	50	41	80
160	151	472	346	134	53	44	92
151	149	480	332	169	54	45	95
137	155	465	343	158	54	44	111
150	148	509	333	167	57	46	119
137	134	524	321	165	59	46	122
174	139	464	340	172	73	43	121
170	146	454	363	140	81	41	123
173	161	451	386	130	85	41	117
159	173	401	403	128	81	39	105
169	174	399	411	131	81	44	107
124	178	385	399	135	66	44	97
129	175	411	395	134	57	47	99
127	167	478	383	128	60	49	89
132	151	500	353	137	65	52	93
137	200	494	394	141	63	49	89
138	222	580	492	160	68	56	95
134	239	578	526	163	68	56	89
144	255	544	554	171	60	55	97
155	273	560	594	173	57	53	97
148	241	557	551	169	55	55	101
143	223	489	461	145	49	46	103
139	206	516	419	142	51	41	101
151	186	506	398	134	52	44	127
146	156	495	347	116	51	40	124
157	190	477	363	125	52	37	124
163	192	460	359	124	52	39	130
167	207	438	419	139	52	42	138
