0	1	2	3	4	5	6	7
59	392	246	133	51	30	26	30
66	406	299	151	56	33	30	32
72	415	297	160	57	32	32	33
66	424	322	156	56	31	33	34
101	394	356	182	65	35	37	42
103	398	341	164	61	35	36	41
106	413	319	153	59	36	35	41
115	420	362	147	59	41	37	45
129	440	351	153	61	41	36	47
115	455	336	125	49	36	31	40
118	462	446	139	50	36	33	43
116	447	524	156	53	34	30	42
114	446	531	167	63	29	28	41
128	402	640	205	71	32	31	46
145	378	662	202	74	36	52	51
144	372	608	193	73	35	56	52
147	435	578	239	83	37	58	55
144	445	579	243	81	41	60	53
132	418	543	258	86	108	74	51
114	390	537	325	105	191	88	52
155	410	606	365	114	202	94	65
152	323	655	402	119	210	96	72
159	286	675	450	120	211	96	77
151	340	626	582	134	190	91	77
150	350	728	613	143	113	72	78
107	316	752	633	153	102	70	75
106	296	739	655	169	90	72	92
123	313	824	758	211	101	72	128
140	252	877	680	210	96	68	153
155	309	883	642	200	87	65	196
185	321	907	677	192	81	55	217
277	352	906	636	174	73	50	228
318	398	832	484	119	53	54	247
372	417	774	442	99	47	61	313
470	438	754	512	124	57	70	342
573	503	718	465	133	67	89	365
578	506	766	509	137	67	90	369
608	462	895	545	149	73	90	363
597	477	1141	686	176	77	87	313
609	439	1117	671	169	73	82	285
543	372	1119	667	161	63	66	256
507	364	1079	637	158	65	73	353
462	411	998	650	155	64	73	391
484	430	857	626	147	69	77	413
367	426	921	615	149	76	76	404
577	451	868	590	154	82	83	452
610	482	940	679	175	88	89	372
642	454	1091	809	225	109	102	352
629	430	1058	885	272	127	112	361
669	410	1006	880	267	123	115	354
542	428	1006	973	278	121	108	283
592	434	984	1022	295	127	107	298
603	530	810	909	263	113	108	317
588	567	835	792	212	89	101	290
576	575	835	833	219	101	105	298
583	586	948	841	312	131	126	314
526	638	999	860	314	128	128	314
524	652	1041	937	333	129	120	270
549	629	1057	987	361	140	128	310
562	629	1177	997	368	135	122	311
512	629	1175	960	287	103	102	298
484	544	1097	848	268	99	98	319
459	426	1026	808	267	105	95	314
436	397	998	792	278	100	92	280
393	412	863	757	278	102	96	285
375	357	724	790	300	118	99	289
492	394	759	846	316	131	110	297
475	379	800	894	315	129	110	291
470	485	805	942	290	125	103	266
464	495	816	996	301	131	108	273
461	492	814	927	277	121	112	274
342	452	809	867	251	105	97	277
375	466	825	809	241	101	103	302
376	387	767	747	256	104	102	333
361	358	727	734	264	100	99	331
458	365	761	774	307	113	102	321
455	427	730	815	316	119	102	325
518	466	691	855	318	126	99	346
518	433	723	818	289	121	105	344
535	427	731	730	253	112	97	339
473	410	723	697	207	95	88	347
495	366	674	657	202	93	93	314
386	391	708	571	193	83	96	288
386	393	692	517	179	76	84	249
372	439	718	575	188	80	87	250
500	443	768	544	181	85	94	270
475	425	818	516	165	77	84	257
474	360	774	499	156	77	75	269
464	371	744	550	166	82	75	267
470	343	695	490	157	78	71	250
275	330	693	523	157	71	59	230
