0	1	2	3	4	5	6	7
74	318	111	70	58	184	57	64
69	265	117	70	56	164	56	63
50	241	124	55	47	166	45	44
49	270	117	75	50	166	44	39
52	279	126	78	39	85	32	38
48	286	145	79	32	68	32	36
58	316	156	99	38	68	31	38
66	306	154	107	36	58	30	39
70	318	173	99	39	53	32	39
74	323	201	153	51	43	32	36
126	389	196	161	56	59	48	40
155	417	222	161	62	183	74	51
157	415	289	191	72	291	79	52
161	447	302	317	89	310	81	52
161	497	387	384	104	313	82	53
129	454	411	426	112	314	75	65
95	420	448	498	124	266	54	84
93	447	464	512	127	145	46	89
84	384	507	467	118	100	43	96
94	323	491	439	110	104	46	121
166	323	516	523	131	116	54	176
228	335	683	488	135	113	55	180
238	304	737	546	141	109	56	187
246	344	765	587	157	109	57	194
284	333	849	650	170	137	59	225
300	348	893	656	171	131	58	190
264	341	849	737	178	125	64	243
264	344	800	803	190	131	65	250
266	381	793	846	195	133	68	256
246	388	732	829	184	94	67	265
184	384	695	778	168	72	61	267
191	403	690	750	163	153	62	245
203	430	750	645	155	154	61	239
204	371	773	556	142	157	60	240
265	373	797	558	146	160	62	250
299	389	808	555	148	161	64	253
291	383	806	535	145	91	58	250
365	381	776	575	149	81	60	271
397	411	794	728	193	85	66	266
357	400	790	726	199	87	63	243
367	392	784	787	221	100	63	240
381	355	739	755	218	100	63	214
337	384	791	831	230	106	69	201
313	372	735	739	198	97	64	209
317	369	715	693	188	90	64	201
313	344	784	639	165	77	66	197
299	362	796	640	163	74	66	192
264	287	759	521	131	60	57	174
289	264	768	458	113	57	52	172
292	307	762	556	144	66	58	150
255	294	765	633	170	69	62	179
286	318	781	763	200	74	66	194
282	315	784	780	201	73	65	194
240	308	792	829	216	73	66	187
267	337	796	810	211	72	68	184
275	356	736	839	219	78	64	168
235	338	687	756	200	77	65	168
228	381	668	713	199	80	66	169
243	395	629	705	191	85	68	197
