0	1	2	3	4	5	6	7
78	230	302	217	84	37	29	66
77	208	311	198	70	34	30	71
74	166	333	193	74	34	29	74
65	155	333	216	74	40	31	75
51	128	330	240	65	40	32	94
61	149	339	230	66	41	33	106
69	173	393	284	86	47	34	94
80	178	435	371	143	49	41	99
81	214	508	400	153	50	40	98
79	283	566	395	157	51	39	79
97	281	605	428	167	53	39	90
95	347	621	405	163	50	41	91
86	350	582	336	129	51	38	99
86	337	556	280	123	52	40	123
86	283	493	290	124	49	40	124
59	307	421	250	110	44	37	107
55	341	344	238	103	43	35	108
65	368	351	285	87	40	34	93
65	370	276	283	78	34	31	53
63	397	248	241	65	33	28	47
59	377	224	221	54	31	26	41
59	285	238	215	53	30	24	37
44	245	200	119	42	28	21	33
39	256	179	95	35	27	22	33
44	281	206	76	34	26	23	35
43	331	206	71	34	27	26	99
47	386	198	57	35	26	40	151
51	407	211	52	35	25	43	154
54	443	218	50	35	24	44	158
58	420	255	53	34	24	55	182
64	431	271	59	40	24	61	159
66	410	288	64	38	25	56	208
73	405	323	68	41	27	59	262
83	442	409	69	41	29	65	298
87	521	416	72	46	34	71	333
102	503	472	71	53	42	80	408
110	557	496	73	55	44	84	399
117	576	506	89	59	47	100	467
114	555	468	89	62	47	100	470
108	477	437	88	58	45	90	441
91	488	454	88	49	39	79	375
91	399	442	95	50	38	77	346
80	369	433	90	45	35	50	194
75	295	426	98	45	33	41	121
82	317	464	291	78	39	45	101
82	281	389	319	83	40	42	92
64	254	359	322	85	40	38	72
66	268	344	328	84	40	35	50
63	275	307	339	82	42	34	34
53	248	230	216	55	36	29	34
57	270	217	204	59	35	28	36
74	284	206	208	78	35	35	42
90	335	260	198	78	162	35	39
96	367	340	183	93	241	53	47
105	416	376	175	97	257	55	50
105	393	379	151	91	260	56	49
95	386	379	143	77	265	52	44
75	311	320	156	84	221	51	42
68	280	250	152	68	141	34	36
55	219	208	135	61	117	32	29
54	239	212	115	59	141	32	31
49	229	196	98	54	138	37	32
49	231	192	62	42	126	38	31
45	204	152	47	38	116	38	30
39	154	112	39	37	111	37	30
32	77	53	37	34	68	35	27
31	73	49	32	30	53	27	24
26	49	37	30	30	48	26	25
26	44	35	29	31	49	24	40
26	41	35	26	26	46	24	92
29	44	33	24	26	40	23	100
29	60	39	24	27	38	39	132
30	62	42	22	24	38	45	134
31	78	43	21	26	30	46	140
31	77	43	21	24	28	47	150
37	81	41	21	26	28	52	219
37	77	39	24	26	25	58	257
39	91	35	23	27	25	58	292
41	84	37	25	23	25	59	295
44	87	37	27	28	25	59	329
39	81	37	27	27	25	56	293
41	76	35	24	24	23	40	336
38	81	38	25	25	23	49	324
38	75	36	25	25	24	49	341
39	72	37	24	22	22	49	305
42	74	37	25	22	24	53	374
38	71	34	25	26	23	53	308
37	54	34	26	25	22	42	297
36	76	37	25	24	26	52	276
35	76	37	25	26	26	79	300
29	77	38	22	26	26	82	226
33	78	38	23	24	26	83	230
33	69	36	23	25	29	82	230
34	49	34	25	28	26	76	258
40	52	37	25	25	26	49	322
43	55	38	26	26	26	48	320
41	55	38	26	26	26	45	363
42	54	37	25	26	24	44	368
41	52	36	25	21	25	43	357
32	53	34	24	24	23	46	284
30	47	32	24	23	22	40	276
31	48	34	25	22	21	52	249
31	54	37	26	27	23	57	270
33	56	39	27	29	23	58	256
34	54	35	27	28	27	54	248
35	54	34	26	30	27	50	275
34	56	35	27	30	28	42	307
33	56	36	24	27	24	38	284
30	54	36	22	25	26	37	296
34	51	36	22	25	23	43	356
33	53	34	22	25	23	44	331
31	51	31	22	25	23	42	269
30	54	30	22	24	26	40	261
34	57	30	23	24	23	43	263
33	76	33	21	25	24	42	190
31	79	34	22	23	24	42	196
33	81	35	22	23	24	41	186
40	82	34	23	23	23	45	226
36	84	33	24	23	23	43	215
34	85	31	24	22	22	41	210
35	83	41	26	23	22	42	205
37	86	49	28	27	27	44	234
34	91	55	28	27	27	44	270
36	90	55	26	31	29	42	335
37	72	54	27	32	29	41	345
38	71	47	24	30	29	46	359
36	68	40	24	29	25	41	351
32	58	31	23	28	23	38	343
30	52	31	24	25	22	39	308
32	58	31	27	23	21	44	331
30	65	30	27	22	22	40	319
32	68	31	25	20	23	45	395
31	65	31	26	21	25	50	383
