0	1	2	3	4	5	6	7
78	464	285	65	49	195	43	37
80	477	293	66	48	183	42	36
80	462	274	101	49	138	42	41
78	469	341	150	57	139	40	41
78	475	378	169	56	110	35	36
75	457	386	168	56	137	39	38
73	450	394	169	55	176	41	38
86	547	431	177	58	181	46	38
87	642	415	176	55	179	46	38
80	598	339	208	55	181	45	39
84	594	338	231	54	155	41	39
82	589	334	242	53	106	37	38
68	572	287	226	47	78	30	35
65	456	324	299	59	76	30	35
68	526	473	305	69	63	34	36
58	492	468	298	69	58	32	34
56	507	491	307	76	54	33	35
56	403	509	425	109	56	38	40
54	385	560	510	131	63	43	41
49	270	492	511	132	56	41	39
51	249	531	520	132	55	42	38
51	188	531	524	131	53	40	38
45	159	545	470	111	50	37	32
63	124	501	323	81	37	32	57
65	106	460	291	72	37	29	61
90	95	428	289	72	35	29	78
114	71	402	290	68	36	28	89
132	67	348	238	66	36	30	96
151	53	329	233	62	35	27	95
151	48	322	246	72	37	28	92
141	40	294	215	72	39	29	79
124	34	274	177	70	37	29	67
105	33	270	162	66	34	26	56
65	31	163	162	62	32	27	33
61	33	152	202	58	35	27	36
60	35	206	219	57	37	24	33
58	36	200	222	57	37	23	33
57	37	190	225	57	36	25	30
54	35	185	200	52	37	26	31
53	34	186	142	40	32	26	30
40	29	133	114	38	28	27	30
37	32	129	105	40	29	28	28
48	31	136	97	41	31	25	30
45	31	162	103	44	30	24	27
44	29	166	137	45	29	27	25
45	29	167	155	46	30	28	26
46	27	219	177	46	28	28	27
35	25	219	180	48	28	30	26
32	22	199	172	48	26	28	26
31	22	186	140	49	26	25	27
29	26	188	121	55	27	23	26
41	30	136	129	58	32	23	25
43	31	130	132	59	32	24	23
44	30	134	175	71	36	25	23
47	32	134	187	75	40	25	24
47	29	108	182	70	40	25	24
37	25	104	157	65	37	24	26
38	24	132	163	65	37	23	27
37	24	123	130	56	34	25	28
33	26	129	118	49	30	24	27
33	26	128	123	53	29	25	27
33	27	145	127	56	32	26	30
37	26	120	121	53	30	25	32
35	28	120	107	48	31	23	30
39	30	138	137	45	29	22	30
44	32	180	141	37	26	23	28
43	30	163	135	37	25	23	27
40	33	162	133	38	25	22	22
41	33	161	137	42	26	26	27
41	33	150	136	46	29	27	28
34	32	96	135	49	31	27	28
35	33	94	134	50	32	26	27
38	32	97	130	49	34	28	27
42	33	93	122	45	34	27	25
