0	1	2	3	4	5	6	7
177	308	359	306	117	73	113	60
200	308	316	295	114	66	95	60
184	278	308	323	116	64	86	57
158	267	269	381	122	68	93	56
164	255	242	361	115	68	95	52
205	297	293	402	114	61	80	56
196	288	291	395	109	64	91	60
204	363	321	457	125	62	93	59
206	395	411	448	124	63	95	59
208	382	424	427	120	72	117	70
160	332	409	397	114	69	117	67
163	366	471	467	122	66	108	64
154	291	513	503	136	66	108	65
156	265	496	485	133	68	114	70
156	268	494	499	132	61	94	62
166	284	514	558	153	72	95	64
143	256	499	504	151	74	97	61
141	270	459	389	123	73	97	59
136	233	401	363	116	71	87	65
151	284	457	397	144	68	81	63
149	337	506	401	143	60	82	66
166	418	500	408	144	62	93	67
178	403	479	417	147	69	104	73
188	432	492	439	151	66	105	67
165	402	447	399	123	62	103	64
169	385	360	323	109	64	101	59
164	301	331	302	107	68	95	69
165	304	332	298	101	64	87	78
147	274	425	395	112	63	92	72
147	313	428	436	122	68	91	73
134	295	441	435	116	64	95	80
134	269	461	444	113	64	112	76
122	282	476	454	116	61	108	66
144	270	424	402	109	61	104	68
145	237	477	414	109	56	103	69
155	267	468	406	107	57	106	78
186	269	438	400	108	54	101	79
191	307	465	424	111	57	103	77
185	327	474	390	97	55	97	77
180	318	403	347	89	57	122	97
174	270	417	370	92	69	148	94
142	270	434	384	94	66	136	89
148	210	415	391	98	66	140	91
144	274	360	400	103	68	151	99
155	264	396	381	97	68	140	92
161	258	366	343	93	53	108	90
146	285	403	335	96	48	106	91
144	313	402	313	92	48	105	87
142	252	392	337	105	55	103	81
131	247	342	330	110	60	115	74
121	260	365	364	124	62	118	61
131	279	353	407	138	65	119	63
115	285	332	409	144	66	112	64
118	275	342	371	143	86	140	66
115	288	470	510	184	93	128	65
132	277	514	548	192	97	126	76
123	270	495	536	184	98	126	75
123	236	488	542	185	99	126	80
128	254	499	540	180	86	96	74
131	239	422	484	139	72	101	68
114	238	408	428	116	66	98	55
114	288	422	410	107	61	97	52
122	282	447	375	92	60	108	63
169	269	493	461	111	49	97	69
169	277	505	473	127	53	89	69
187	327	460	515	135	52	84	69
186	259	437	525	137	56	91	68
182	280	438	537	142	54	86	65
138	278	381	486	133	60	93	61
158	299	334	426	129	67	105	58
144	259	317	384	124	69	104	66
140	291	342	356	127	69	109	70
135	271	295	330	124	71	105	61
130	258	301	304	116	67	107	64
97	253	294	272	98	56	89	64
80	262	320	269	89	54	89	56
101	258	315	328	101	61	92	54
162	302	349	403	118	68	94	57
204	318	460	460	130	68	84	53
210	304	477	530	160	78	95	63
214	287	461	579	176	82	111	66
215	275	466	586	174	77	98	63
178	255	483	569	176	73	97	61
133	242	394	581	179	76	120	61
145	235	434	576	159	64	118	57
158	266	547	630	159	62	104	55
145	267	543	614	156	61	107	59
160	242	519	587	142	65	122	54
163	239	553	576	133	62	103	61
143	282	576	591	146	72	102	61
121	253	478	484	128	72	108	65
150	242	515	516	127	71	105	63
138	265	509	516	124	65	91	68
140	288	483	446	117	65	95	63
152	256	408	343	87	55	91	59
175	270	425	324	86	54	86	53
168	253	383	244	80	55	92	57
162	253	376	282	84	51	85	49
151	234	369	375	97	50	78	44
140	238	431	476	124	56	92	67
116	295	455	516	134	63	126	76
100	301	454	507	131	64	130	75
143	283	535	620	169	75	132	81
157	290	619	721	186	79	130	82
169	342	616	698	180	78	126	73
170	313	587	668	175	73	95	65
181	307	573	684	178	73	96	71
166	324	518	617	159	70	120	67
151	332	392	467	137	68	120	74
164	314	335	425	124	67	119	67
172	300	339	419	120	64	119	81
158	308	329	454	134	64	118	81
144	323	403	427	118	55	89	80
165	320	422	585	170	67	88	76
139	280	416	586	170	65	87	80
129	258	452	603	171	64	93	70
141	261	510	613	168	62	79	66
173	257	452	640	177	64	83	73
159	302	465	501	130	51	88	69
166	292	499	490	130	56	87	74
165	294	473	493	131	55	74	81
157	289	511	476	143	57	75	76
117	253	501	410	130	54	80	77
113	200	475	384	121	49	72	78
112	217	446	382	127	46	64	68
130	252	471	457	135	47	76	54
125	271	501	491	127	57	82	59
131	283	531	524	127	62	89	48
128	263	528	561	137	72	121	59
125	280	542	622	168	79	124	59
113	248	554	600	167	81	123	60
124	223	452	547	160	77	126	57
120	210	426	525	160	80	122	61
129	234	474	523	166	80	98	61
134	241	499	459	135	74	94	65
137	239	487	408	135	80	104	73
123	245	494	398	136	84	104	71
118	256	525	423	148	83	118	70
118	255	578	474	144	78	114	62
130	270	539	520	157	81	114	59
117	265	510	519	158	75	101	48
117	269	492	508	152	67	107	52
121	262	476	472	134	64	91	49
146	320	375	425	127	61	97	52
155	296	375	389	102	53	98	51
151	301	361	371	88	53	111	51
162	293	364	397	99	53	103	48
195	322	380	461	118	51	96	60
182	334	404	487	136	60	89	63
157	322	397	465	142	63	91	62
158	321	407	467	142	66	91	63
166	327	516	495	149	66	88	64
139	300	490	442	138	66	90	53
133	200	469	358	115	60	114	62
134	191	501	361	114	61	118	62
147	221	599	466	135	70	106	66
129	230	532	450	127	72	105	68
126	220	546	479	141	77	116	70
120	213	551	483	147	77	93	76
129	219	538	508	161	80	86	83
117	213	527	548	159	72	84	84
116	223	526	534	159	69	79	84
105	242	505	510	152	67	81	88
118	247	518	519	145	65	82	70
142	241	539	516	132	60	83	62
138	229	462	491	148	61	87	59
159	220	444	502	144	62	91	59
162	206	434	492	138	57	72	50
162	203	381	464	138	55	73	53
135	220	334	430	133	53	71	49
143	251	340	471	126	48	76	51
114	231	334	469	132	47	82	47
134	229	328	507	148	52	89	49
125	240	358	518	150	56	98	52
158	247	381	551	166	71	114	56
158	238	355	429	149	67	111	53
161	241	343	407	145	70	103	52
155	231	350	409	141	68	110	52
153	228	327	422	136	69	106	53
117	272	397	462	121	57	90	53
110	235	399	450	114	61	89	52
108	233	409	473	114	57	98	53
92	295	427	466	108	60	86	50
113	297	453	464	109	56	81	45
117	229	371	401	109	60	99	42
112	238	359	475	138	63	104	40
111	252	353	446	149	72	104	41
127	187	333	455	159	73	103	39
121	189	348	456	158	72	104	42
120	212	332	432	152	67	91	42
135	208	347	340	122	66	99	48
150	186	411	335	102	53	92	47
131	197	485	376	81	48	93	47
122	184	460	369	81	46	88	45
127	164	491	406	102	49	116	51
156	193	490	411	109	51	125	63
158	205	441	430	119	57	132	63
157	242	446	441	161	63	132	66
154	297	440	438	164	63	132	66
164	299	431	407	155	62	123	65
129	302	466	395	152	56	104	50
128	297	526	407	150	54	93	50
144	274	500	301	115	46	90	46
159	222	537	342	120	47	96	47
152	220	546	411	136	58	106	49
152	242	592	529	171	64	102	49
149	248	552	535	178	65	104	55
161	239	526	536	172	68	130	62
158	233	491	508	165	67	126	61
160	255	536	496	165	57	96	57
156	225	493	417	137	53	96	59
157	241	494	407	122	50	120	57
154	251	495	413	115	56	109	50
150	247	526	449	122	57	111	48
141	246	483	446	113	65	115	49
149	234	462	442	110	67	121	43
150	209	445	444	121	72	107	48
156	184	414	443	143	67	91	51
151	252	437	492	169	74	90	53
172	240	393	508	193	78	86	50
171	235	347	471	191	75	91	56
161	234	343	457	186	72	77	48
138	243	389	553	186	71	79	41
137	188	378	506	164	63	77	42
107	179	420	450	125	50	80	42
110	173	421	449	124	60	115	45
128	183	471	501	137	76	127	46
129	184	452	407	131	76	124	51
139	197	471	452	135	81	128	55
144	216	467	487	145	90	141	66
144	243	483	553	155	85	105	66
135	258	489	548	157	75	98	70
143	255	532	540	146	71	99	68
139	250	463	474	140	68	98	64
147	249	463	449	130	55	76	57
148	224	506	387	113	52	77	55
149	250	484	330	99	49	77	55
137	256	443	342	109	50	75	52
129	264	467	345	116	51	88	59
114	248	461	344	122	57	89	59
126	252	466	354	133	58	96	60
120	215	434	337	127	56	98	56
116	210	464	397	131	65	113	62
121	177	473	461	143	67	101	60
125	218	498	472	143	62	99	60
130	224	434	438	135	61	96	58
128	207	445	503	141	60	86	59
137	199	417	459	134	51	88	54
127	219	433	428	117	45	89	54
136	183	516	506	159	50	98	52
114	174	524	547	177	58	97	53
120	183	522	515	178	66	114	56
123	229	551	494	174	64	109	59
133	239	515	471	173	66	106	54
136	274	383	356	137	64	97	59
139	302	382	320	131	62	98	62
137	306	371	414	150	56	88	59
137	300	396	455	160	58	75	56
135	295	454	496	165	56	77	63
139	261	507	502	158	57	88	58
134	224	503	523	151	63	99	60
130	245	565	433	123	61	92	61
138	201	534	404	109	58	90	59
151	187	494	353	99	58	99	61
146	195	459	345	99	57	99	64
164	202	484	284	95	41	85	56
166	211	421	304	108	41	85	54
154	258	388	350	125	45	93	56
158	268	395	360	131	42	86	48
149	286	383	386	132	44	73	44
147	310	388	437	130	47	72	44
195	321	384	464	142	48	73	47
198	292	405	418	128	50	74	47
198	282	396	397	123	54	75	50
195	257	431	462	132	55	83	56
180	220	439	464	130	55	85	58
154	166	464	422	112	56	89	60
166	168	438	412	113	60	91	59
146	177	470	450	118	62	103	57
145	229	445	365	108	60	97	49
143	245	416	316	121	65	109	61
121	246	437	291	116	63	110	65
98	255	452	291	112	55	109	67
128	273	443	251	104	48	93	67
167	245	416	287	111	52	96	71
182	239	477	280	98	53	85	61
175	237	422	292	99	52	86	56
175	249	447	322	107	52	81	55
165	206	430	319	111	54	81	53
150	189	492	361	118	57	94	54
139	181	478	425	129	52	98	56
139	200	513	474	139	60	102	58
140	172	489	466	132	62	104	66
129	184	486	460	141	64	103	66
117	184	443	427	132	59	97	63
111	199	421	377	122	59	94	65
114	194	415	304	108	52	85	60
125	221	470	391	121	57	83	62
123	286	508	440	126	65	92	63
119	288	506	434	130	71	90	61
123	285	480	483	143	74	89	52
124	275	481	538	163	78	90	54
127	268	410	469	156	74	91	42
136	210	345	433	141	68	97	46
135	217	351	424	139	65	93	51
126	220	357	368	125	60	93	62
122	218	312	322	106	55	87	61
127	219	350	355	108	53	80	61
135	232	347	370	105	51	75	59
132	230	376	438	119	57	79	66
140	232	437	457	125	60	76	59
140	239	488	470	128	67	88	57
156	221	492	445	134	70	100	57
141	191	507	425	141	72	93	54
135	230	541	399	140	65	88	44
135	219	511	374	138	66	94	48
134	237	472	319	128	62	94	59
85	235	455	336	122	63	84	59
107	276	445	442	123	58	82	61
108	240	389	420	120	57	87	55
98	234	363	421	115	52	96	60
112	224	369	509	136	49	90	62
119	265	395	510	133	43	86	61
103	244	434	456	131	48	89	60
125	263	398	421	133	50	87	63
138	290	422	446	132	47	66	55
132	272	421	383	129	55	76	60
153	234	385	433	158	66	83	62
148	214	339	406	156	65	91	63
139	193	373	422	149	68	95	63
152	150	345	380	151	71	103	60
152	238	371	378	148	66	98	49
124	235	459	347	123	55	93	44
157	232	464	354	124	65	104	44
154	240	437	338	118	62	100	39
148	256	442	337	111	60	92	40
172	181	411	337	105	60	87	40
186	221	301	303	99	60	87	41
161	224	291	298	94	47	68	46
158	217	354	316	103	47	64	52
147	219	354	345	113	46	74	61
143	232	356	307	104	44	76	59
128	215	384	348	119	59	109	62
133	231	381	341	119	61	107	58
135	235	338	420	126	60	107	56
127	226	341	401	120	62	107	49
123	231	338	426	126	64	117	56
143	210	414	450	118	51	86	53
156	245	457	465	120	50	87	55
166	239	532	458	117	48	84	55
172	232	552	475	115	45	88	55
156	230	579	458	113	49	80	48
150	247	542	417	108	49	85	48
132	243	548	410	110	55	80	44
121	241	467	322	96	54	84	41
