0	1	2	3	4	5	6	7
66	441	282	164	69	40	180	50
69	480	272	161	69	40	220	55
76	558	250	155	69	46	241	60
76	570	236	168	71	43	239	58
87	570	303	140	60	43	224	67
85	569	336	150	60	44	230	68
89	650	480	150	82	45	214	62
86	598	520	171	87	42	205	54
93	616	505	168	89	48	202	57
90	568	473	183	89	53	214	54
86	567	448	176	88	54	244	54
78	467	304	171	65	55	230	54
82	480	290	148	55	55	233	60
74	448	293	143	52	53	232	59
71	486	350	131	56	50	252	51
70	497	351	140	58	49	219	48
76	496	328	146	56	51	242	45
71	456	392	146	58	50	230	46
80	411	464	140	63	53	255	45
76	416	422	136	68	52	236	45
75	416	470	132	64	51	241	45
74	461	542	152	72	49	241	53
74	459	510	176	73	48	266	49
88	527	453	184	81	53	302	53
91	496	449	185	82	53	297	56
91	487	397	197	81	51	301	59
90	423	373	182	79	51	280	55
92	438	331	173	77	53	255	52
76	382	316	170	65	45	191	45
70	377	378	170	66	48	252	49
82	376	386	156	70	52	258	48
80	424	328	168	68	49	244	47
78	473	362	157	71	50	274	51
71	532	376	188	75	55	288	61
72	522	357	185	74	53	233	57
56	557	360	178	71	49	237	56
58	542	401	161	68	50	234	56
54	584	404	170	70	46	212	58
56	507	399	146	67	39	182	50
57	568	382	145	69	41	198	53
63	602	469	165	80	42	178	51
65	654	439	172	88	46	171	59
65	598	408	154	84	50	226	56
63	631	456	160	84	49	225	55
64	572	471	173	85	50	207	52
65	489	412	165	81	51	217	55
66	428	416	170	76	51	232	48
76	385	411	201	85	48	163	43
80	350	456	188	85	51	194	54
84	365	468	173	75	49	208	59
82	387	452	170	71	48	192	59
86	397	457	167	72	48	182	58
78	422	474	163	68	53	237	65
88	428	401	164	75	53	212	65
88	441	350	165	74	54	207	61
82	439	401	189	73	55	249	58
79	431	372	184	74	52	250	59
85	421	378	164	67	49	215	52
73	434	375	167	55	44	210	41
67	421	453	173	58	48	249	40
71	413	517	158	52	49	220	44
69	384	536	156	48	49	220	46
79	390	520	151	47	50	218	48
76	380	520	159	54	52	236	52
77	377	537	163	58	49	188	53
74	375	424	146	76	45	206	53
76	388	468	144	77	47	208	51
62	421	468	162	79	45	213	50
62	436	448	143	78	46	242	61
63	470	359	149	76	48	245	60
75	480	395	148	73	48	214	59
72	517	328	158	72	47	210	57
73	535	340	133	68	50	219	63
78	583	361	135	67	48	171	52
80	599	350	124	67	44	165	49
79	643	328	121	51	48	192	48
79	603	298	110	53	48	244	48
74	550	283	115	65	43	222	39
66	499	271	141	77	48	219	33
78	476	331	147	77	49	221	32
70	457	349	179	79	49	244	39
78	485	450	191	78	50	232	48
78	507	455	183	70	52	235	51
80	557	459	168	56	49	235	52
64	536	434	174	66	48	240	53
81	525	456	151	70	47	235	50
75	539	367	134	66	42	199	46
75	554	411	138	70	44	196	45
74	481	413	134	73	48	195	48
77	520	474	118	61	48	230	60
69	496	443	114	56	48	200	59
72	480	474	111	56	49	214	56
76	443	481	130	55	46	214	55
84	547	490	134	47	39	248	56
86	540	425	127	49	39	235	45
77	518	409	136	45	41	227	45
79	495	368	146	54	40	221	45
74	532	314	141	54	42	244	48
63	409	278	134	62	41	214	49
55	386	283	136	61	43	196	52
54	410	297	138	64	42	192	50
44	502	335	141	64	40	180	49
47	462	343	138	60	39	148	50
48	494	345	162	65	44	202	53
62	491	345	165	75	44	198	55
86	511	391	162	80	40	204	57
85	422	366	157	77	40	198	60
86	433	357	149	84	39	216	59
87	409	412	145	84	41	185	53
88	398	461	162	86	40	177	53
66	373	421	171	82	42	184	54
63	368	441	192	83	49	244	53
62	370	469	191	81	51	228	51
66	392	452	181	78	46	205	49
55	390	385	167	70	48	207	44
57	420	383	183	69	50	223	43
60	451	372	158	68	47	191	52
69	451	358	169	70	47	197	56
69	454	371	176	67	46	200	57
74	547	400	177	65	44	212	57
73	536	387	138	65	43	200	59
84	571	376	133	73	50	245	55
79	582	402	142	68	49	238	49
85	593	350	133	65	50	241	51
84	531	320	122	66	51	266	60
85	504	335	134	60	49	260	58
81	430	369	156	51	40	196	54
88	483	347	138	57	40	197	54
80	493	338	130	67	39	218	55
82	473	350	128	67	36	194	49
87	483	357	155	79	36	180	44
83	494	351	162	89	37	173	41
73	438	308	165	86	40	220	48
74	425	339	168	82	44	214	47
66	430	319	189	83	46	212	42
64	424	301	176	72	45	214	42
60	408	280	154	62	43	222	48
64	458	284	161	68	51	294	51
67	469	274	181	70	49	286	52
68	515	310	169	78	51	274	51
65	518	348	154	78	51	284	54
67	604	334	149	73	52	290	51
70	634	345	139	68	46	230	45
66	645	338	118	62	47	227	39
70	653	304	113	52	42	222	39
70	660	247	108	56	41	212	36
69	643	245	119	57	41	210	38
64	634	369	192	55	42	171	59
64	599	377	208	61	40	192	62
58	556	384	208	60	43	205	62
63	583	408	214	57	43	213	61
86	532	449	213	62	47	233	65
83	512	349	161	71	42	217	50
86	527	331	143	67	43	200	50
96	533	404	142	68	42	201	52
90	500	423	144	77	43	206	53
83	546	428	142	77	43	178	49
85	474	414	147	73	44	163	51
88	509	427	145	80	49	196	51
78	521	371	145	79	50	202	52
81	558	337	147	72	50	195	53
72	498	272	162	70	51	182	50
67	529	292	147	63	52	189	43
56	479	295	142	63	47	218	42
55	467	278	145	64	47	210	49
50	413	275	141	69	48	200	45
42	416	334	129	67	45	202	44
51	459	356	144	66	47	210	47
50	472	360	170	62	48	146	51
58	499	382	170	63	47	131	48
56	499	397	167	58	43	137	49
62	498	351	161	62	43	129	52
55	424	351	150	62	38	115	49
57	426	326	121	60	37	117	48
67	443	311	113	56	42	127	45
70	463	321	114	56	44	123	46
74	474	340	119	58	42	125	45
79	504	339	126	60	41	141	47
91	474	375	115	59	39	136	48
