0	1	2	3	4	5	6	7
75	293	210	180	50	23	25	26
77	307	200	184	51	27	28	25
73	337	190	167	51	28	27	28
62	358	184	175	48	28	25	27
72	393	199	148	54	33	29	34
68	408	211	144	50	33	29	33
70	434	215	141	49	32	28	35
69	415	210	129	45	31	33	35
73	396	220	119	45	31	33	35
71	359	197	115	36	27	30	31
71	322	176	82	32	26	29	32
68	339	196	83	35	29	29	31
65	324	260	208	56	29	26	30
91	399	322	218	60	32	30	32
87	390	322	225	61	31	30	31
90	437	341	231	62	33	32	30
96	393	400	250	63	31	31	29
99	462	441	198	51	30	31	32
83	417	404	204	52	31	29	31
91	464	412	208	57	32	28	32
95	428	428	277	67	35	30	36
127	582	468	330	98	42	39	46
129	532	426	359	109	44	37	43
127	559	443	355	107	42	36	43
150	622	465	370	113	48	41	48
146	653	453	363	121	49	42	48
125	563	404	383	112	50	38	44
134	620	384	341	100	49	39	47
137	612	432	343	105	50	41	51
150	558	510	430	142	57	42	59
157	587	596	470	145	60	46	58
165	629	618	425	140	64	111	61
174	645	641	429	144	73	267	66
179	641	615	446	148	82	287	67
159	623	587	467	128	80	320	59
184	630	608	455	123	106	348	79
182	566	651	553	140	104	347	98
174	546	733	664	177	114	260	109
188	518	816	781	219	123	251	134
215	515	819	771	215	123	210	180
263	502	798	787	228	108	169	203
313	518	866	856	238	109	140	211
329	488	947	836	231	103	127	244
335	497	900	756	206	103	106	238
353	536	941	840	235	102	104	247
334	468	965	859	232	100	102	263
293	487	904	799	224	104	104	284
344	502	816	857	230	103	105	279
519	598	836	859	225	95	108	296
519	580	872	851	202	92	107	319
522	644	920	892	206	90	97	305
583	665	921	914	218	94	100	334
595	706	996	916	208	92	102	360
458	654	1013	912	203	86	95	384
436	663	1041	819	195	90	100	353
460	633	1107	761	190	93	101	377
481	608	1179	724	169	86	102	339
492	574	1134	660	160	81	98	323
505	581	1172	836	223	94	103	324
527	572	1145	896	239	100	111	432
642	585	998	894	234	99	119	476
599	568	971	879	239	107	124	501
617	663	1018	892	267	115	130	545
645	685	992	819	238	114	136	609
647	675	967	916	252	117	133	593
544	663	1045	1025	264	123	150	590
540	699	1035	1048	261	116	147	634
555	633	960	1050	250	114	145	615
517	652	929	1074	249	114	144	550
677	672	994	1047	256	128	152	566
762	684	960	1017	281	132	145	548
792	636	949	1121	297	135	145	495
746	612	956	1093	289	132	144	477
805	532	1018	1018	286	133	143	483
696	530	965	968	261	117	134	395
555	537	986	924	258	114	117	351
490	578	1025	903	363	156	140	342
561	589	982	956	381	174	147	338
587	610	929	1039	432	202	175	366
646	654	943	1064	460	207	180	419
727	679	879	1165	502	228	200	456
731	657	819	1159	462	216	200	453
657	654	858	1292	522	231	213	437
552	671	921	1281	493	212	188	396
458	642	918	1306	477	210	182	336
450	619	921	1277	451	199	174	386
503	651	896	1242	431	195	167	379
532	621	881	1098	335	160	140	377
569	597	847	1023	312	153	160	381
592	598	800	1058	332	153	171	399
561	565	789	980	299	132	193	353
508	555	790	938	287	120	200	348
494	549	921	1047	408	148	221	354
449	533	928	1116	414	150	224	342
426	544	933	994	385	146	220	322
361	539	989	1017	371	141	191	269
377	530	994	1113	383	137	167	254
385	594	952	990	258	113	152	262
409	589	889	896	236	101	117	241
370	553	864	918	245	104	112	250
395	552	860	906	263	121	109	237
369	521	891	822	227	119	106	228
369	456	816	747	206	111	97	217
337	460	846	778	228	118	108	232
338	465	830	780	216	109	104	256
283	464	746	818	222	101	110	251
288	456	678	762	208	102	115	260
452	446	674	855	223	98	113	285
481	489	707	898	225	113	121	274
474	472	739	856	219	112	115	228
499	468	751	712	173	102	122	251
507	453	720	724	192	107	150	248
339	454	696	702	201	112	142	200
290	445	602	714	199	94	127	208
368	458	615	715	196	93	137	233
389	465	777	797	210	96	128	229
378	500	820	855	222	90	110	263
372	504	889	883	228	95	113	261
373	451	905	789	203	88	115	257
324	429	905	797	224	99	105	253
335	431	779	805	232	99	108	262
355	396	812	759	223	100	97	230
356	384	707	662	202	97	106	231
