0	1	2	3	4	5	6	7
131	205	549	366	88	47	39	109
139	193	556	342	91	48	39	118
158	192	576	386	97	50	38	120
154	212	566	421	99	48	39	126
154	204	475	371	87	44	38	140
158	200	508	402	101	48	39	147
163	203	488	415	102	49	40	141
146	207	463	390	100	46	37	136
131	218	473	351	92	47	36	141
129	213	532	355	92	47	37	120
138	210	522	365	85	43	37	101
113	193	545	457	99	45	39	106
106	269	589	494	114	50	47	117
121	259	675	532	125	55	49	105
128	264	654	575	145	61	52	109
110	275	678	560	148	61	53	123
122	299	662	490	140	59	53	123
135	277	631	466	134	57	49	141
166	309	554	419	129	57	51	157
164	311	523	327	105	50	48	156
171	313	527	312	93	48	50	145
171	320	518	283	86	46	47	154
192	282	598	272	75	42	47	140
205	249	574	258	67	37	44	127
204	250	665	239	65	36	41	123
210	223	619	280	77	38	35	121
210	280	609	281	77	39	35	104
195	293	550	310	86	42	33	103
162	289	609	350	90	43	30	96
171	312	479	343	92	43	33	97
159	341	533	345	96	45	37	101
173	280	508	349	96	44	41	109
164	261	489	282	86	40	39	96
144	254	472	249	83	38	40	101
144	306	562	309	87	44	42	107
151	301	549	367	89	45	39	108
135	301	650	400	95	48	40	103
138	329	643	403	97	49	41	138
151	343	660	440	108	50	39	171
149	275	657	416	110	47	39	170
146	281	668	354	102	44	39	176
141	296	592	338	100	44	38	206
136	265	592	342	101	45	41	187
139	241	589	271	88	42	40	153
128	264	538	281	86	40	37	155
137	240	504	253	80	37	35	153
157	206	523	300	84	41	37	117
159	247	583	315	81	38	34	127
153	273	535	343	81	38	36	142
148	247	519	324	77	42	41	143
143	238	505	324	79	45	43	137
136	274	556	291	68	39	39	145
132	238	514	283	70	40	39	130
130	215	565	291	74	41	38	121
143	231	577	305	75	36	34	115
138	258	660	384	93	37	39	120
133	218	616	403	101	39	39	111
136	241	620	407	104	42	39	114
133	258	596	426	112	45	39	114
126	240	659	461	112	45	40	115
132	228	570	414	100	44	35	110
147	266	571	391	90	44	34	108
156	255	624	400	90	42	34	126
159	268	649	371	80	39	35	123
153	268	582	322	85	41	33	132
162	266	638	321	90	39	36	132
139	270	733	379	98	42	38	122
135	265	715	353	95	43	41	104
138	246	692	372	94	45	41	99
137	233	751	364	80	41	42	82
116	272	748	376	77	42	42	94
132	277	646	308	73	39	42	116
127	308	641	371	85	39	41	123
114	293	622	368	90	37	40	136
125	317	572	374	96	41	39	144
163	282	512	347	90	38	35	133
157	248	493	359	86	39	36	122
156	204	486	304	77	39	36	119
159	232	532	289	72	40	35	105
154	248	525	363	84	38	34	95
109	239	544	368	90	40	38	124
105	249	571	390	105	46	39	126
135	267	516	383	100	44	36	118
137	256	530	360	96	40	33	133
143	232	505	306	90	41	36	138
146	284	528	385	112	43	35	120
141	265	500	358	114	46	37	116
115	252	557	366	113	44	38	115
167	273	576	392	117	47	41	130
171	261	602	397	119	47	41	124
174	229	578	314	96	45	40	122
174	255	578	314	82	36	38	134
174	270	604	315	84	38	40	158
186	273	542	285	79	34	37	138
184	269	561	242	72	37	34	138
180	272	624	322	81	35	40	153
187	317	672	358	97	37	41	157
183	300	614	398	106	38	40	145
138	287	668	448	111	44	45	164
132	299	622	453	111	42	48	173
145	286	562	496	120	46	45	159
131	227	522	459	106	44	40	147
149	261	515	433	99	46	41	146
127	253	401	382	102	45	42	130
141	239	496	406	107	48	40	119
131	241	492	320	92	46	42	122
142	240	479	325	94	47	42	135
126	216	532	324	94	43	41	131
141	213	576	369	95	45	42	133
128	207	532	335	88	40	41	128
122	193	560	316	86	40	41	122
124	186	597	369	92	39	42	109
142	168	585	385	95	43	45	120
143	226	542	345	84	36	40	110
139	236	519	347	83	38	42	116
150	258	498	359	87	38	39	132
148	271	488	303	78	35	38	131
152	280	511	344	87	38	39	132
146	239	677	369	90	41	41	139
166	234	700	395	91	42	44	141
173	233	689	409	100	43	46	132
184	210	656	419	102	44	48	159
176	203	617	366	89	38	44	156
186	195	523	400	92	39	41	144
178	244	504	382	96	41	35	145
163	227	521	366	86	41	34	151
163	215	547	359	85	41	30	136
158	242	567	355	87	43	30	134
140	233	549	279	80	41	29	142
136	200	581	299	76	38	29	137
135	196	545	257	66	37	28	132
108	199	531	246	68	38	27	130
102	198	649	261	69	36	27	133
130	213	631	346	78	35	27	130
131	192	628	349	78	34	31	134
137	204	638	368	85	33	33	150
141	280	621	411	94	36	35	139
160	264	479	402	91	35	33	147
147	261	488	378	91	40	35	145
137	280	453	395	102	42	34	139
130	312	452	386	97	41	32	120
130	279	492	337	86	37	33	123
103	288	492	382	98	39	35	116
100	283	472	347	99	40	36	128
107	277	449	325	87	37	32	129
122	249	475	447	102	41	35	133
112	231	583	494	112	45	34	132
122	226	571	457	103	43	34	118
118	225	597	449	92	41	32	111
125	241	698	452	96	40	36	126
138	216	671	326	77	36	34	123
153	207	575	237	56	35	35	114
150	200	584	287	63	35	33	114
159	218	537	298	67	32	34	114
175	196	459	287	69	33	32	101
155	217	498	342	87	38	34	101
144	223	529	383	93	34	33	107
172	217	525	345	88	35	34	112
167	231	564	370	92	36	31	110
145	254	548	450	101	41	34	116
148	238	518	436	93	40	33	135
157	236	476	422	96	46	35	140
120	261	578	450	98	47	37	142
107	285	529	440	96	47	38	138
104	268	577	368	94	43	38	140
97	274	589	344	91	42	37	110
104	267	610	341	85	36	37	119
103	291	496	303	85	34	34	109
111	235	606	447	116	44	36	113
105	236	574	427	105	44	35	105
113	239	608	425	108	48	39	111
151	265	615	434	110	51	40	92
169	221	670	514	124	54	43	91
168	268	654	393	100	47	44	94
171	264	646	425	114	51	43	97
185	259	636	480	134	51	46	93
146	307	638	488	134	49	44	103
173	312	666	465	133	50	44	114
177	311	594	481	140	54	45	108
176	306	552	451	131	50	45	112
174	303	516	410	113	47	41	109
180	226	497	382	109	46	42	107
144	226	404	304	96	43	39	101
143	176	454	248	76	34	32	100
142	170	531	258	85	40	34	101
121	183	538	325	85	41	34	128
106	211	509	341	94	45	34	154
101	218	531	377	99	47	39	163
92	236	472	448	109	52	42	164
93	251	468	520	118	50	44	170
117	238	512	497	116	46	43	165
116	261	526	508	114	44	40	138
150	257	511	518	116	44	44	147
160	237	538	470	111	41	43	155
166	262	577	404	97	40	40	150
149	273	601	389	102	45	42	143
164	236	596	378	99	47	45	155
145	221	636	389	97	48	40	134
141	222	617	402	103	49	41	132
141	329	586	477	110	49	44	127
146	328	511	482	119	52	46	130
141	333	530	473	118	50	44	123
129	355	450	452	116	46	42	127
133	416	542	430	110	46	43	142
126	320	559	341	106	48	42	138
149	314	568	300	87	43	42	139
143	305	575	297	91	42	41	127
143	315	622	300	94	45	41	121
142	264	568	357	106	47	41	138
152	248	504	396	104	44	45	146
138	261	529	452	128	46	44	142
141	266	520	457	129	47	46	153
143	227	515	425	124	44	46	161
139	246	528	409	118	45	45	122
129	276	519	386	115	45	40	148
123	279	518	317	96	42	37	146
113	271	546	341	99	44	33	137
122	301	552	345	97	44	34	129
139	257	540	354	94	39	30	136
143	225	572	331	88	38	33	110
148	223	575	372	85	37	34	120
160	224	536	352	74	33	35	128
175	191	544	367	80	32	32	134
168	222	576	332	74	35	35	130
166	248	583	312	73	33	31	117
166	230	595	289	69	34	32	99
157	268	579	362	81	38	35	102
155	259	529	370	102	42	40	95
143	245	456	369	117	40	39	91
137	220	524	409	131	45	40	106
129	253	545	422	131	44	41	116
152	240	564	360	127	41	38	112
127	236	602	362	113	42	37	109
127	250	633	399	133	46	40	117
124	286	578	378	130	44	39	119
141	288	617	362	132	45	39	122
128	284	611	339	127	44	37	114
124	283	584	301	123	41	40	126
145	279	660	352	96	37	37	123
190	249	616	349	87	35	38	114
193	209	545	342	84	37	38	116
201	192	559	363	89	42	39	121
206	218	599	397	103	44	34	112
200	227	514	313	101	44	35	107
161	239	566	297	102	44	33	110
142	244	516	274	99	41	31	115
126	231	600	284	108	41	31	113
114	243	587	376	110	44	35	126
107	209	560	406	123	45	39	131
146	186	525	408	120	45	38	133
165	193	547	440	128	48	38	120
173	258	476	439	123	46	38	115
176	224	471	353	111	43	33	117
194	226	496	346	96	44	36	124
168	230	534	372	110	44	36	119
167	244	571	371	105	41	38	118
149	193	536	349	95	38	40	122
146	218	541	342	98	38	44	107
132	243	563	355	100	35	43	108
140	252	535	348	108	33	46	109
126	233	505	355	110	37	46	107
130	229	489	357	113	39	44	110
150	210	460	426	133	43	45	121
134	177	429	420	128	43	44	119
128	196	434	441	115	45	41	114
152	189	547	408	127	43	43	124
176	184	549	422	135	44	44	126
177	186	621	421	118	40	40	116
212	224	647	402	122	41	40	104
223	199	646	358	115	38	41	105
205	195	566	357	106	37	39	97
191	244	582	382	104	37	39	122
178	267	595	334	116	43	42	122
147	275	577	334	113	40	40	127
122	291	591	337	118	46	42	144
137	293	559	350	110	48	42	147
125	286	645	315	115	46	40	118
121	268	569	267	95	41	36	112
135	229	583	259	92	44	36	151
140	206	597	258	94	38	32	139
126	234	641	329	97	36	30	131
124	188	561	358	94	36	31	134
145	178	553	379	99	39	33	147
131	192	535	377	99	36	34	106
129	194	514	398	94	39	36	97
129	193	526	376	92	40	38	102
128	224	521	365	75	37	37	105
124	236	524	342	80	39	37	92
139	252	528	344	86	38	36	112
152	273	535	309	80	36	36	143
152	270	479	270	76	37	34	142
158	289	500	295	85	37	35	150
141	276	492	301	85	34	35	159
126	254	510	308	88	34	33	151
117	269	484	337	92	34	32	127
127	260	484	348	104	38	42	156
146	206	491	304	100	37	42	153
167	238	583	337	106	40	44	155
175	240	552	386	119	43	44	154
168	202	534	404	127	46	45	155
165	218	541	398	121	43	43	124
153	240	600	412	127	47	45	113
129	210	546	391	117	44	42	92
107	233	579	339	109	44	41	93
124	221	586	294	96	41	40	103
128	213	630	295	92	39	36	116
130	236	595	290	86	37	34	118
134	238	615	309	88	36	33	134
154	275	591	316	89	33	32	138
156	282	591	325	94	33	32	144
165	276	647	346	104	33	32	135
161	244	628	372	107	35	35	152
159	265	599	358	107	37	37	140
