0	1	2	3	4	5	6	7
108	607	310	234	100	104	36	56
129	634	288	241	99	94	37	61
128	732	288	230	93	93	37	64
130	732	319	295	107	123	42	73
133	711	421	302	110	133	42	93
115	679	410	277	110	139	42	97
92	651	441	285	112	138	44	99
94	534	430	303	116	172	47	96
98	540	418	250	99	168	48	99
96	544	360	244	93	163	46	86
99	566	504	253	94	187	50	86
106	508	509	241	89	188	48	81
103	538	508	224	86	154	45	81
109	555	590	214	77	141	44	81
101	553	597	210	75	136	45	71
96	521	500	166	68	95	40	74
88	552	520	163	68	106	42	75
90	608	560	183	72	104	44	82
91	582	510	175	73	103	39	82
98	659	495	172	70	109	35	86
89	673	476	168	62	118	35	78
87	663	436	161	61	114	28	73
89	583	422	162	60	111	26	78
78	547	436	163	67	133	36	88
71	451	415	167	72	133	39	92
72	414	442	188	86	134	39	96
69	432	449	217	85	129	38	102
61	448	433	209	83	143	40	109
61	470	381	207	83	138	31	95
68	532	406	203	80	167	31	89
70	516	363	196	72	164	30	85
94	610	404	175	76	166	34	84
104	597	470	178	73	207	34	69
103	626	497	182	67	205	35	69
103	603	505	197	71	186	35	70
112	602	545	192	71	190	35	73
97	463	520	179	67	201	36	82
87	551	449	201	73	158	34	76
84	600	404	192	70	144	34	72
82	606	383	175	63	155	35	69
98	601	436	174	61	157	38	69
110	655	437	180	57	141	36	51
113	626	434	121	49	130	38	62
116	544	472	137	52	156	41	65
118	531	497	168	57	139	40	69
97	510	405	177	58	130	40	67
89	486	382	183	58	125	43	74
86	494	394	184	60	143	40	67
83	494	402	185	60	127	43	67
87	612	373	181	76	145	51	76
80	639	362	170	79	164	51	77
80	639	362	170	79	164	51	77
