0	1	2	3	4	5	6	7
30	63	201	300	105	37	40	25
31	67	231	329	99	37	41	27
29	68	223	310	83	39	44	28
25	47	216	300	79	36	47	29
26	45	206	246	73	35	47	28
28	57	176	236	70	34	49	26
28	81	193	287	70	35	48	23
29	81	209	351	89	39	50	26
30	84	199	344	89	39	44	23
30	86	208	353	89	40	44	26
27	80	223	352	90	40	43	26
25	51	187	311	102	45	42	27
29	74	225	348	94	51	41	26
27	73	223	356	94	52	38	27
26	72	218	361	94	53	42	26
29	71	203	387	98	52	39	25
33	74	205	397	81	52	43	27
29	54	166	306	62	39	40	27
29	79	151	291	61	36	35	27
29	83	152	277	69	36	37	24
33	88	221	275	68	38	40	26
35	86	221	310	83	36	37	26
39	105	234	308	85	36	36	25
38	87	246	303	83	36	38	25
40	93	287	330	84	39	44	27
36	95	259	309	87	38	42	26
32	96	249	257	69	31	42	23
27	94	231	233	70	32	42	23
30	105	239	262	71	33	41	21
37	107	337	245	73	42	38	29
50	118	340	297	91	58	54	41
53	129	345	311	89	59	56	42
55	127	345	373	88	60	57	43
58	121	336	384	100	65	60	47
55	112	198	406	99	59	54	44
49	139	255	380	78	42	42	33
52	131	266	385	78	42	41	33
109	134	278	470	94	45	42	35
126	235	389	556	115	58	46	38
132	258	401	621	157	77	48	39
137	260	388	638	183	93	47	43
141	269	404	622	186	95	47	43
127	468	490	526	186	100	52	57
111	443	414	445	184	96	92	63
104	440	405	311	178	91	102	67
96	442	374	251	196	89	103	66
91	444	355	261	207	94	104	66
52	235	201	259	204	88	102	53
46	203	183	210	234	97	69	41
49	189	214	206	222	91	61	49
51	161	230	212	220	88	57	64
49	142	216	240	229	95	60	67
49	123	212	253	238	98	60	70
47	121	212	241	201	86	55	69
43	105	157	264	191	87	47	59
41	89	121	285	161	80	45	40
36	87	119	250	143	67	36	33
36	89	131	235	140	68	37	26
37	91	131	238	133	69	37	26
35	92	140	221	141	67	37	24
33	90	135	189	160	65	35	25
30	97	140	196	176	64	37	26
37	130	187	216	169	55	32	25
36	132	188	209	174	53	29	22
38	131	187	214	176	50	27	24
39	131	203	266	161	47	29	23
40	128	225	302	150	46	27	23
32	85	176	302	159	54	30	28
34	80	180	323	171	61	35	31
34	82	178	337	181	75	42	33
34	82	168	298	190	83	46	34
36	83	140	261	191	87	48	36
35	68	138	252	188	85	48	33
34	65	149	299	220	88	47	32
33	59	140	278	206	77	43	29
34	60	124	284	193	76	41	33
38	54	112	289	185	77	41	29
37	49	111	296	192	79	40	27
36	50	91	250	149	74	38	25
42	82	108	272	153	74	40	29
42	86	110	284	151	69	37	24
39	85	103	277	141	64	50	25
41	88	104	332	125	57	54	28
44	93	127	312	140	52	54	31
42	76	121	297	136	51	51	30
45	81	120	302	148	57	52	30
42	82	124	304	150	60	39	33
45	82	129	244	150	63	36	34
47	85	121	271	133	70	38	33
46	81	130	299	150	73	39	34
43	71	138	290	136	70	40	34
48	71	134	297	139	68	38	31
46	97	144	302	140	67	36	30
43	93	128	305	142	60	33	29
39	91	127	284	185	68	37	26
42	106	172	314	214	79	44	26
41	131	191	302	233	81	46	29
42	114	178	282	236	79	47	27
41	115	177	259	237	80	46	27
52	118	176	255	204	90	50	30
48	105	161	219	188	80	43	27
50	100	191	207	171	76	42	27
51	107	197	231	161	74	40	28
55	116	202	212	148	77	43	28
45	115	195	192	162	63	38	25
55	125	177	220	153	60	38	27
53	102	127	219	145	61	37	25
50	95	130	220	191	72	41	23
45	87	145	235	223	73	38	26
46	84	168	245	218	69	37	26
36	68	161	189	215	70	37	25
32	73	171	216	229	77	39	25
32	91	175	211	222	79	39	24
34	89	162	223	194	74	40	22
36	91	147	215	177	71	39	21
35	91	146	229	174	69	38	23
33	90	130	222	183	65	35	21
34	103	128	203	160	57	33	22
33	104	117	223	180	58	34	24
32	105	112	233	183	60	34	25
32	104	117	230	193	65	35	26
41	105	117	226	169	66	41	29
41	80	108	251	168	64	39	27
40	72	111	244	154	65	37	27
41	69	110	274	163	65	40	32
44	72	104	278	152	62	41	33
38	70	111	280	199	63	36	33
41	69	130	259	203	69	36	36
40	73	169	243	194	66	37	39
37	75	168	206	225	71	34	37
35	75	164	219	244	76	34	34
39	73	169	242	214	71	33	33
38	65	158	262	214	63	34	30
41	71	131	253	218	66	33	24
40	70	132	252	184	57	35	25
38	66	136	234	156	47	32	23
34	66	125	208	153	48	36	24
31	65	116	202	145	52	35	23
28	52	126	224	177	56	35	23
30	53	141	230	180	58	32	23
33	67	139	230	187	63	34	24
28	60	139	240	184	62	31	22
27	60	143	240	195	69	38	28
34	75	173	247	173	68	39	29
40	73	164	260	163	70	43	30
39	62	166	256	154	67	43	33
41	69	166	261	176	67	55	36
42	68	173	267	172	63	53	33
37	54	142	271	165	60	53	33
37	62	138	250	192	58	51	31
40	67	134	262	196	58	50	28
43	64	136	246	189	61	41	27
43	68	141	226	175	56	53	25
44	81	113	192	176	55	53	24
38	76	118	213	156	61	52	25
35	77	136	204	186	74	56	25
30	76	148	248	186	77	52	24
37	75	129	263	199	82	38	26
35	62	129	269	201	87	39	25
34	60	140	291	209	85	45	24
36	53	135	315	200	85	42	27
34	49	123	277	192	83	43	25
36	47	136	286	186	79	51	25
38	49	138	298	205	77	58	27
37	49	125	270	202	77	56	27
35	50	138	234	196	68	55	25
36	53	134	263	190	63	57	26
32	62	121	279	196	71	52	27
35	56	123	270	233	84	51	30
37	55	119	264	221	81	55	31
39	59	99	261	244	82	57	31
40	59	98	247	247	84	55	32
40	53	116	207	263	86	54	30
34	52	112	199	225	74	55	26
37	55	112	242	232	76	47	27
40	63	109	291	235	89	54	32
44	67	119	314	258	94	56	33
41	63	98	308	235	91	81	34
47	68	97	304	284	101	93	37
44	66	97	320	291	106	99	39
41	60	99	310	263	93	97	36
38	56	86	301	240	88	101	36
39	58	97	309	246	88	84	35
33	55	106	324	181	72	75	31
48	63	110	302	181	68	68	28
52	57	110	303	187	78	79	30
51	75	132	281	192	78	77	30
52	83	134	319	196	73	75	32
57	88	131	304	187	76	68	34
49	85	123	282	162	71	93	37
44	86	114	258	163	64	112	35
43	72	96	355	220	70	116	36
43	61	93	359	253	83	117	35
37	54	94	388	271	87	119	33
31	49	98	416	278	91	109	32
31	50	95	429	283	97	81	34
30	48	88	375	263	102	73	33
29	50	97	332	227	96	73	32
29	53	117	305	209	88	69	31
28	51	118	300	208	90	94	31
29	54	130	307	197	81	94	29
29	54	142	290	176	63	95	28
30	53	136	352	176	56	100	30
31	49	117	355	183	60	104	31
32	50	129	333	188	54	79	28
32	41	116	327	190	57	87	30
31	42	105	340	281	104	92	29
35	47	122	310	316	126	91	30
36	48	133	369	336	131	90	30
36	47	118	358	325	130	84	32
37	49	121	340	329	133	74	32
37	49	116	343	255	105	68	32
34	44	112	361	253	94	63	29
33	39	132	305	259	94	65	29
30	41	144	320	271	96	67	27
34	46	146	318	262	90	76	26
40	47	149	303	251	90	87	28
42	48	154	302	242	79	90	33
42	51	158	344	204	76	83	30
42	54	149	342	193	73	87	31
40	52	148	354	201	74	81	31
34	50	147	392	196	74	71	31
32	51	123	384	147	74	69	28
33	55	88	332	139	67	71	30
32	49	93	341	138	72	66	28
35	48	89	380	146	73	63	27
37	52	88	330	165	73	63	28
35	49	87	281	159	66	61	26
40	59	119	305	206	76	58	26
40	64	128	283	216	75	58	25
37	62	128	220	207	74	59	28
35	59	131	237	195	71	58	26
35	61	142	293	195	72	55	28
27	44	120	296	148	63	69	25
26	37	150	341	141	64	67	26
27	43	149	335	141	61	59	22
30	43	155	331	158	66	56	26
33	43	149	301	168	70	80	26
33	43	141	277	157	67	72	29
34	44	97	230	145	59	73	28
36	37	110	228	137	59	74	29
35	38	99	208	107	49	72	28
38	38	103	181	77	40	43	27
39	37	102	168	77	33	34	23
39	38	128	138	72	35	33	24
36	38	150	134	66	35	43	27
37	55	171	137	61	37	42	27
32	58	176	138	56	38	49	27
32	59	194	141	50	41	57	29
30	62	175	139	48	41	65	28
30	62	157	119	59	40	57	26
30	48	178	211	72	44	58	28
29	42	178	241	73	40	51	28
26	41	162	239	74	41	55	28
29	38	161	241	89	43	52	28
31	37	153	241	99	46	54	27
28	35	151	247	107	48	56	26
26	34	144	214	106	48	58	26
28	34	155	217	105	44	54	25
27	31	165	215	96	43	52	28
24	30	173	220	77	40	54	27
26	31	150	201	58	33	53	28
28	35	175	211	61	41	56	28
30	37	168	212	60	43	52	30
28	35	161	221	52	42	79	31
30	37	157	215	49	41	88	33
28	36	155	185	46	39	87	31
27	34	124	244	52	31	84	30
24	52	133	252	54	28	84	35
24	58	161	246	53	24	64	36
23	62	207	256	54	29	90	37
27	80	230	254	58	31	101	41
31	92	250	231	49	33	102	41
33	83	254	257	48	36	115	39
36	81	243	259	49	41	139	58
36	94	209	257	49	39	124	65
60	153	237	240	59	53	118	71
92	178	290	326	78	54	118	93
96	183	288	308	77	53	106	134
104	192	286	308	78	51	78	128
105	189	298	316	78	50	67	128
99	168	284	346	69	38	63	125
71	161	243	302	70	43	62	109
65	157	239	306	107	61	62	56
51	149	247	309	147	75	47	56
50	152	261	418	170	83	55	48
37	117	240	418	172	82	55	46
34	77	204	378	166	77	55	50
30	73	196	373	152	69	59	42
32	75	198	372	117	55	56	40
29	58	153	265	86	48	45	37
30	58	126	228	86	49	73	39
30	58	118	218	82	49	79	31
31	57	131	283	75	51	78	31
27	49	113	308	99	64	78	30
27	48	112	294	97	64	79	29
24	51	125	288	91	64	55	26
25	83	134	287	92	64	49	26
24	89	129	207	87	57	41	22
24	88	131	200	59	41	43	21
26	88	130	179	97	39	40	21
41	86	107	169	133	48	40	21
42	56	103	161	136	51	32	22
45	64	188	178	137	52	34	25
48	119	198	145	136	50	33	22
48	123	197	160	110	49	33	24
38	123	200	165	70	38	31	23
37	124	205	184	83	38	33	25
34	116	129	174	89	40	33	24
29	57	100	208	89	42	39	25
31	48	101	210	120	47	39	23
29	51	114	238	177	81	46	28
30	49	132	242	180	86	46	26
33	43	137	262	178	84	44	26
39	43	142	228	176	84	36	25
38	46	145	226	159	81	34	26
37	38	134	253	160	60	37	22
36	45	114	275	179	63	36	22
45	60	104	253	180	66	40	23
40	59	95	249	182	66	42	24
43	56	89	304	183	66	42	25
47	58	88	264	127	51	33	44
46	53	79	239	79	39	33	47
34	35	73	239	74	33	29	47
39	42	78	238	74	33	26	48
35	42	105	171	83	35	27	48
40	51	102	224	173	77	40	33
40	52	102	263	194	85	44	29
46	63	106	273	195	85	44	30
43	63	117	276	199	86	45	32
46	69	91	259	199	87	45	31
39	70	106	223	187	68	35	30
53	78	108	163	200	68	31	31
53	73	107	143	206	69	32	30
53	75	95	144	216	75	33	28
54	93	100	192	235	87	38	33
57	93	91	189	294	128	53	37
49	101	90	196	297	132	54	42
47	100	97	200	294	134	56	41
50	100	95	194	288	131	55	42
67	82	88	157	289	125	53	39
63	78	74	134	210	88	42	39
71	79	64	135	203	83	43	34
75	87	54	127	200	80	41	38
75	86	53	128	199	81	42	36
57	84	50	126	209	81	43	35
58	84	56	127	200	67	38	32
44	63	81	126	177	61	39	32
45	61	80	152	192	68	41	37
49	65	79	163	217	83	41	41
51	65	81	155	181	80	42	45
51	62	78	151	164	78	41	44
49	61	50	140	166	76	37	43
42	50	43	144	203	84	38	38
36	41	39	143	195	74	40	32
44	50	35	141	192	72	39	25
46	50	33	142	188	69	38	25
50	51	32	151	189	71	35	27
49	53	32	128	139	59	31	25
48	50	32	113	105	48	27	26
38	36	29	107	100	47	26	26
37	39	26	103	95	47	26	27
39	50	25	72	92	41	26	26
41	58	26	79	187	59	32	28
42	64	28	90	209	67	33	30
41	65	28	95	212	69	35	31
39	62	29	97	213	68	37	30
35	53	32	95	208	67	36	31
30	42	35	96	131	52	33	27
25	31	34	119	126	54	33	24
34	35	36	120	131	53	30	24
35	34	36	133	136	56	31	24
34	34	33	135	137	57	32	24
34	32	29	123	125	51	29	25
37	40	32	99	130	52	36	25
29	36	30	95	128	53	38	23
29	37	30	74	123	52	36	22
30	36	31	100	145	60	41	22
33	38	31	101	145	60	41	23
31	27	26	93	111	49	35	23
31	30	29	93	110	50	36	24
33	29	29	115	121	54	37	24
31	30	31	95	98	50	35	25
30	30	30	102	119	52	34	24
31	31	31	108	138	55	33	23
32	28	29	108	138	52	27	22
29	28	30	93	146	48	27	23
