0	1	2	3	4	5	6	7
26	29	81	134	116	44	38	25
27	32	106	142	99	41	39	23
28	36	105	137	101	37	38	22
26	36	105	148	105	37	35	23
27	38	129	128	85	39	34	25
25	38	126	119	98	43	32	24
23	36	107	104	106	47	35	27
21	33	105	104	101	45	39	27
23	36	129	98	97	45	40	25
23	35	134	155	91	42	39	26
25	31	134	161	64	33	40	25
26	33	136	163	59	30	37	22
26	35	137	164	66	32	34	24
25	34	119	160	66	33	39	24
25	37	97	113	70	33	45	22
25	37	115	103	68	35	47	24
24	38	134	103	58	33	47	24
26	35	133	99	51	32	45	26
28	36	137	90	48	32	40	27
27	36	138	82	47	31	33	29
28	41	127	106	51	29	41	30
29	39	108	129	75	35	43	28
29	45	161	175	92	38	43	30
33	46	158	179	97	37	43	30
44	50	151	178	96	36	43	30
46	47	169	169	100	38	31	27
46	52	172	173	119	45	39	28
46	48	132	194	142	53	40	25
43	45	135	230	162	65	41	25
32	40	134	233	162	66	41	23
32	41	111	237	158	66	41	25
31	35	102	222	135	60	32	26
30	51	95	165	97	51	29	25
35	69	114	137	65	36	25	23
36	73	127	137	65	36	26	26
34	73	126	121	65	35	32	24
34	73	128	118	64	31	35	24
42	69	126	117	63	34	37	24
41	57	114	80	48	33	36	25
39	53	108	95	83	41	38	24
51	100	211	178	196	64	35	25
58	109	229	188	212	71	33	26
53	107	231	194	216	71	37	28
97	116	231	194	219	72	38	26
116	132	242	190	212	69	37	27
117	153	214	131	119	50	35	32
114	158	195	117	90	40	35	32
119	166	199	109	89	39	43	32
88	162	195	110	93	38	43	33
64	153	181	93	81	36	44	34
54	102	113	62	79	32	44	27
53	106	113	63	79	33	44	27
52	92	125	63	71	34	32	27
46	86	130	61	115	48	30	26
46	94	123	66	131	54	32	24
48	109	122	65	128	52	45	24
48	89	119	64	130	52	47	25
48	119	127	61	129	53	46	25
47	121	147	73	117	49	48	25
43	111	152	90	115	47	45	27
43	99	172	105	116	51	49	28
41	97	173	108	114	52	49	29
42	71	148	108	113	48	49	28
49	71	128	94	76	38	50	29
54	93	128	74	57	33	51	28
55	92	97	55	59	38	44	29
60	103	131	87	57	38	51	27
53	94	138	90	58	39	52	27
53	94	136	88	56	39	51	27
50	73	157	89	51	37	55	25
48	82	184	88	44	26	51	25
51	81	183	50	41	24	43	42
65	103	189	48	54	32	44	53
64	144	203	64	64	34	43	53
65	150	227	91	81	39	35	54
70	164	216	123	114	47	34	56
69	167	227	169	164	70	43	46
87	168	238	226	238	97	51	34
86	160	232	286	272	104	55	35
108	170	202	298	303	116	60	38
110	159	252	316	320	120	60	37
112	156	256	314	308	116	66	39
100	148	296	346	299	102	60	39
102	124	316	326	287	100	57	39
79	104	347	355	315	111	59	41
82	99	317	375	311	113	64	38
94	106	390	371	308	109	61	38
83	104	367	328	273	100	82	37
83	113	379	307	269	100	85	37
105	115	353	273	211	77	83	32
114	115	376	254	199	71	81	36
102	118	324	310	263	82	78	34
108	121	317	295	269	89	62	35
120	128	295	350	324	108	73	36
107	130	295	347	325	116	100	42
94	131	287	333	314	112	102	38
108	142	347	310	322	111	99	39
113	144	341	320	321	108	98	39
101	133	331	254	268	90	93	41
108	144	355	255	265	82	65	39
116	141	342	272	305	99	65	46
143	142	270	252	237	90	74	44
157	155	304	246	239	90	73	44
162	166	310	260	234	89	70	42
155	153	306	295	230	86	65	38
148	151	321	327	188	68	69	34
134	140	315	324	200	75	75	37
117	123	274	326	244	93	82	39
119	134	276	359	264	93	84	38
125	157	288	334	284	99	85	38
127	162	283	282	275	98	82	36
125	161	255	266	263	93	73	36
136	166	261	265	222	86	67	36
131	148	268	233	194	81	63	36
122	121	232	229	154	71	60	36
126	113	193	218	158	69	57	37
120	112	205	223	190	75	51	37
112	102	248	235	191	68	45	35
115	96	276	234	213	88	54	39
136	107	272	221	228	99	60	43
135	122	272	247	261	107	64	44
127	117	272	239	247	103	91	44
114	106	248	260	258	100	105	42
106	101	207	249	243	82	100	37
79	97	203	244	233	69	99	33
69	81	197	215	190	56	98	29
61	77	208	261	242	66	76	29
69	88	203	229	222	68	59	31
79	123	194	232	210	70	69	34
88	141	188	258	224	74	74	33
138	168	198	259	229	77	77	37
139	176	211	236	168	69	77	34
146	194	192	231	172	71	72	34
145	182	189	204	168	71	62	31
171	191	226	238	142	63	56	30
139	169	232	242	187	73	55	25
145	169	230	232	228	81	55	32
142	162	236	225	222	78	56	34
144	164	240	224	224	78	58	34
118	148	221	146	245	84	56	37
123	191	225	148	220	81	55	39
122	196	208	131	181	71	49	35
120	197	215	155	210	77	48	34
121	194	212	165	221	78	46	34
120	185	217	204	208	78	47	32
120	148	218	194	201	69	48	31
119	149	200	240	304	103	55	32
121	137	202	246	300	107	56	32
166	155	203	241	312	109	58	31
165	161	177	213	308	107	56	32
171	160	193	227	318	120	57	33
183	155	208	209	235	100	53	33
187	186	272	187	219	92	50	35
172	175	272	191	185	88	46	34
171	181	284	194	176	90	46	36
162	182	268	188	198	93	48	40
149	187	307	197	198	91	49	43
169	162	252	199	195	94	51	43
163	172	256	194	200	95	55	44
159	162	254	200	216	95	55	41
162	166	275	258	237	97	53	37
173	157	249	241	235	92	48	31
171	160	251	239	235	95	54	39
211	175	256	248	236	96	56	49
229	189	261	258	233	94	58	56
229	185	255	190	175	72	52	55
248	223	296	162	146	71	54	58
260	277	292	192	169	69	48	54
222	295	295	184	169	67	43	46
221	323	353	169	159	69	40	39
222	324	360	188	163	69	40	40
210	316	365	207	172	69	42	37
175	263	371	207	163	62	35	32
165	228	376	220	175	67	34	31
151	178	327	223	192	74	36	29
160	184	355	312	216	85	41	32
135	159	301	343	220	90	40	31
139	172	332	338	209	89	43	32
144	169	316	343	235	92	42	31
139	169	328	353	244	92	43	33
158	157	268	271	218	85	42	29
174	153	262	218	221	89	50	33
175	158	267	251	257	100	54	35
175	156	270	236	227	97	56	35
173	153	249	214	197	89	53	33
142	146	269	220	203	88	52	33
118	146	273	216	210	90	47	31
110	117	258	159	168	78	43	31
109	113	255	223	192	84	44	32
112	119	243	230	202	85	46	34
117	128	219	229	201	86	42	34
138	130	224	257	221	86	41	35
145	133	168	258	222	87	45	33
145	128	162	207	198	76	42	32
142	125	193	228	224	84	45	36
139	118	194	228	243	90	50	36
122	101	204	217	212	82	51	33
109	95	201	218	204	75	47	33
105	96	215	319	235	87	49	35
180	132	224	315	208	79	49	29
186	135	229	316	190	73	48	30
186	144	226	316	184	66	52	33
190	160	223	322	189	71	58	31
193	187	211	265	200	69	71	34
126	159	172	277	255	85	77	34
111	153	177	317	327	112	82	33
104	151	176	315	334	114	83	32
94	135	186	315	337	117	92	38
80	88	181	281	312	111	119	40
86	80	204	354	308	107	117	46
84	86	214	340	253	88	113	48
83	75	200	339	254	90	117	51
103	104	196	370	265	95	110	47
112	117	208	369	279	99	75	50
101	118	233	302	256	94	90	45
104	116	208	278	240	84	104	45
102	115	194	276	241	80	107	42
111	116	189	226	233	81	107	42
106	107	204	279	218	77	104	38
148	143	149	338	237	87	92	35
150	147	155	336	220	86	84	36
163	165	168	339	216	89	81	38
145	146	193	392	249	92	83	38
139	142	176	370	309	115	87	37
98	106	199	326	289	111	89	35
98	101	205	329	300	115	80	35
105	77	226	328	298	112	71	34
111	82	212	283	278	105	68	37
116	88	209	289	237	83	63	33
117	84	220	254	228	74	102	34
129	92	222	239	210	70	123	40
110	86	206	231	240	83	127	40
100	91	210	216	228	78	126	35
97	88	221	175	190	75	131	37
93	90	213	195	191	81	104	36
84	100	204	211	229	91	80	30
88	110	204	258	205	82	71	30
93	114	242	319	225	94	71	33
91	122	245	341	267	94	71	34
90	127	221	333	260	92	90	36
76	114	231	332	234	80	102	36
64	110	228	329	306	94	104	37
77	95	198	294	340	94	104	37
90	96	166	279	330	102	129	36
98	89	178	268	336	101	129	38
97	87	179	294	349	104	121	40
94	80	204	261	282	92	120	40
79	84	191	231	236	84	125	37
78	75	196	219	204	66	101	39
83	80	190	250	226	69	84	37
83	77	206	240	220	68	82	32
88	90	212	254	217	69	85	32
90	91	211	268	208	60	74	33
81	94	225	282	211	66	62	33
66	84	230	287	213	70	60	33
67	85	205	276	212	71	92	36
76	68	165	305	223	69	97	33
84	68	178	294	248	84	118	33
82	57	180	308	259	83	120	30
79	59	188	301	234	82	126	33
78	63	206	305	222	78	106	31
67	61	253	256	215	79	98	31
61	55	244	272	185	64	77	31
72	64	240	246	187	67	79	32
78	63	226	212	184	62	67	30
89	75	237	226	190	67	71	29
87	78	218	259	214	73	72	29
83	78	233	241	229	78	72	31
77	77	245	233	219	74	75	30
74	89	245	239	217	70	83	33
83	92	242	214	238	76	75	36
86	93	216	193	239	78	72	38
84	93	203	216	237	79	72	36
83	90	182	234	234	80	66	35
90	86	184	250	260	90	60	33
83	70	151	274	284	94	60	31
84	73	180	279	269	90	63	30
86	76	206	306	279	93	67	29
99	73	210	302	285	93	63	30
89	71	225	298	281	90	66	30
78	71	233	279	262	91	65	33
77	69	211	262	267	93	70	31
78	68	169	201	247	90	77	32
66	69	174	192	242	96	83	37
65	59	191	160	225	96	80	36
62	57	191	148	228	91	84	35
70	75	198	234	239	93	80	37
91	89	202	230	232	94	69	36
85	94	191	221	226	88	69	34
90	98	228	247	245	88	81	33
98	100	249	275	237	85	83	33
101	98	263	204	216	79	83	30
88	102	275	206	215	78	85	31
90	97	291	214	241	83	81	29
94	96	248	214	235	87	86	30
100	102	222	176	205	79	80	29
90	93	219	223	271	101	81	30
84	80	221	253	276	102	75	28
85	90	205	256	255	95	75	31
83	96	224	248	240	89	64	30
67	89	258	262	271	102	66	31
76	90	239	251	223	89	71	32
86	84	242	252	340	121	75	37
101	75	237	245	346	125	77	36
97	64	216	237	359	129	69	38
99	64	178	257	345	123	70	39
126	106	177	237	334	117	64	37
122	126	163	205	212	80	61	35
110	134	228	220	235	86	57	33
109	132	224	211	231	87	62	31
114	137	251	163	215	86	70	34
76	109	258	139	222	88	70	35
98	93	253	142	261	104	74	33
97	87	204	116	232	95	84	32
105	105	298	190	229	97	79	33
98	99	300	200	236	98	71	27
96	96	297	204	222	93	68	27
69	96	300	207	197	86	64	34
69	90	295	213	212	98	56	35
65	82	221	157	204	91	56	35
76	143	200	196	216	91	57	37
75	146	219	212	218	97	60	39
73	143	209	205	185	84	79	37
77	164	225	195	159	67	79	48
72	165	227	191	138	67	81	49
63	118	231	143	100	60	80	50
62	122	223	111	72	49	85	49
63	145	265	142	63	43	66	47
74	205	273	147	65	43	61	38
73	206	259	152	59	33	58	37
75	208	260	139	48	30	55	33
81	207	254	138	78	43	47	33
85	194	238	118	89	54	52	37
68	109	216	118	91	58	78	37
72	157	253	108	89	59	93	40
67	162	300	132	88	58	94	38
54	157	298	135	63	50	98	38
77	153	282	115	43	38	102	36
99	147	276	117	138	52	96	40
101	79	247	146	227	82	87	47
103	62	192	147	241	88	97	50
107	72	262	174	243	90	97	53
86	68	260	181	243	91	98	52
61	69	275	186	209	84	89	50
52	68	274	202	123	62	84	42
46	93	267	217	130	70	79	41
39	90	202	203	136	75	79	37
38	91	258	226	136	73	69	35
33	90	250	226	136	70	63	30
30	88	245	197	127	63	60	28
29	57	241	167	104	49	61	25
29	46	245	158	97	43	67	25
28	42	173	116	136	53	64	24
32	42	180	133	134	55	64	29
30	39	167	130	172	70	64	30
