0	1	2	3	4	5	6	7
108	201	191	322	246	94	67	42
92	144	177	235	194	73	68	37
92	154	197	262	199	69	66	34
92	153	207	282	209	64	61	34
92	159	212	290	205	66	52	31
71	126	198	306	215	66	48	28
76	132	188	313	249	74	49	28
82	136	161	297	288	92	58	32
82	134	155	279	280	94	62	32
78	155	171	293	275	92	63	32
81	160	214	312	281	99	66	36
93	152	209	268	242	89	62	38
79	134	208	251	198	69	58	36
82	165	205	241	195	65	57	40
78	157	222	244	220	81	59	40
88	153	185	196	198	74	58	37
77	165	179	211	200	82	59	35
84	163	171	203	191	82	56	36
80	141	173	222	216	88	52	33
81	147	158	192	210	80	45	33
71	155	209	225	251	90	43	34
66	147	213	223	252	87	43	37
60	151	215	216	249	87	45	36
63	143	214	197	228	81	42	34
59	122	223	194	219	81	48	37
56	135	215	186	181	68	44	35
58	132	219	177	175	69	39	33
74	141	223	179	180	70	41	38
72	138	224	189	177	69	42	36
70	130	189	260	218	72	36	29
72	104	133	250	215	74	36	31
73	110	129	257	226	69	37	29
61	98	127	260	226	73	32	23
60	97	121	257	236	78	33	24
59	90	117	177	177	69	35	25
55	88	126	174	168	69	41	28
52	67	114	181	157	70	41	27
52	58	103	184	150	62	39	30
51	60	105	191	131	58	41	31
52	67	112	184	151	61	37	31
67	79	113	180	155	59	34	30
69	80	106	152	139	53	35	32
65	82	104	154	164	56	35	31
67	79	96	140	183	59	32	29
65	73	80	138	187	61	40	28
57	61	79	145	180	59	41	25
54	60	78	165	186	59	44	26
57	58	78	163	202	64	44	23
54	59	78	164	192	57	43	24
54	62	79	167	176	51	42	25
47	63	77	151	174	51	38	25
41	54	78	152	192	54	37	23
36	51	74	151	164	50	46	32
35	49	93	163	162	52	52	33
34	52	113	223	171	55	52	35
32	51	111	223	180	58	57	36
35	55	110	208	163	56	65	35
32	52	120	196	151	52	62	29
28	48	117	186	149	54	59	28
28	41	98	138	147	55	56	26
28	39	91	155	144	56	54	26
27	35	92	156	134	53	47	25
27	36	75	161	133	54	46	22
28	36	60	163	142	57	45	21
27	37	71	157	142	57	48	23
27	34	73	133	131	52	53	24
27	37	69	141	143	56	50	24
27	36	68	146	158	61	49	24
30	40	72	141	149	56	51	25
31	39	68	162	140	55	47	25
32	37	73	166	142	55	38	25
34	37	74	164	158	58	48	30
38	43	78	176	164	59	49	32
37	40	78	193	169	57	46	32
40	39	74	159	179	58	50	33
44	43	72	160	177	60	50	34
42	73	80	173	152	54	40	32
41	77	86	215	161	53	35	30
41	79	80	214	152	54	34	27
37	81	90	250	132	47	31	28
29	80	94	254	127	43	33	24
29	54	87	245	134	47	34	24
26	46	86	208	114	49	38	24
22	39	92	198	127	56	44	26
24	39	90	183	130	56	46	23
24	41	83	177	136	58	44	23
24	38	82	178	132	54	48	23
24	36	72	165	113	46	45	22
27	41	85	172	106	40	42	22
28	38	76	152	114	43	38	24
30	74	78	151	112	44	37	26
32	91	111	148	106	44	31	26
34	96	122	161	128	55	34	28
33	95	112	170	155	65	33	28
34	96	111	172	165	68	37	30
34	72	110	180	166	69	37	31
32	51	77	183	167	68	36	29
32	39	64	168	152	61	35	28
30	38	103	215	121	49	32	27
31	37	108	208	98	42	29	23
29	32	108	201	88	38	28	19
29	30	108	195	84	39	41	20
27	43	109	194	80	39	107	22
27	48	79	110	60	37	117	23
27	69	86	137	54	35	119	26
26	70	153	200	62	37	121	28
25	71	157	205	69	37	119	28
26	66	156	203	68	36	67	26
26	64	153	202	67	33	48	25
23	41	158	183	60	33	41	24
23	39	96	145	55	31	41	24
23	39	96	146	48	29	36	24
21	37	105	184	72	39	35	25
23	36	112	220	76	40	34	25
23	33	102	224	103	49	37	24
29	57	119	223	110	51	31	25
29	62	129	223	117	53	31	26
29	62	121	209	107	46	38	27
27	63	115	187	108	46	40	27
29	65	136	186	93	37	37	25
26	45	129	166	85	34	37	24
24	39	116	170	80	32	36	22
23	41	138	200	81	36	30	20
25	39	139	203	76	34	30	21
25	35	119	195	62	33	28	23
22	33	109	211	63	35	29	21
25	45	122	235	60	35	38	23
27	50	102	203	59	34	36	25
27	50	100	270	83	42	38	23
26	52	113	292	81	40	46	24
26	54	139	282	81	37	46	26
24	50	141	279	89	37	39	24
24	71	164	298	97	39	46	25
24	75	174	245	80	31	46	27
27	91	203	245	83	35	40	26
29	91	200	251	82	34	43	26
33	119	230	250	78	41	76	32
45	154	282	232	65	37	76	34
46	170	316	253	75	39	76	34
45	168	297	312	77	38	78	32
44	176	291	338	80	39	77	32
45	168	309	360	91	43	47	27
37	160	278	396	111	54	43	26
36	146	235	429	116	62	46	25
36	153	239	388	115	61	45	26
44	162	277	476	144	74	44	29
43	152	223	485	199	89	47	30
39	117	183	463	199	87	46	28
39	112	190	416	193	82	44	28
39	96	177	429	193	81	44	28
35	109	135	326	172	71	43	28
33	114	166	272	95	47	37	25
36	113	172	266	80	41	36	25
37	114	161	274	88	40	38	24
40	115	163	254	90	51	41	26
33	70	146	208	100	58	43	26
32	58	107	228	107	66	47	26
31	66	109	232	122	68	46	24
32	84	154	272	127	71	47	26
29	78	157	316	138	72	44	27
29	77	162	338	133	65	42	24
27	76	172	327	132	58	38	26
27	71	187	317	131	61	39	28
22	42	155	320	130	63	36	29
22	43	162	283	120	55	34	26
24	39	148	259	122	56	32	27
23	39	139	280	119	55	33	27
24	44	140	319	120	53	31	25
25	47	149	283	117	51	30	22
25	47	147	272	138	57	38	23
24	51	150	270	132	56	41	24
24	54	155	242	135	55	41	24
25	49	147	186	117	49	40	23
25	46	133	209	117	46	39	23
25	53	144	201	86	38	32	25
26	70	162	209	91	41	29	26
27	69	161	210	82	40	28	25
27	67	143	225	96	46	31	26
30	70	155	220	92	51	32	29
31	66	140	216	92	51	29	26
31	45	113	205	106	51	29	24
30	41	108	202	156	69	33	26
28	40	112	228	166	71	33	28
26	42	109	191	165	67	30	25
25	41	99	175	165	66	31	25
26	40	103	187	155	63	30	24
27	42	105	226	112	45	26	23
26	43	108	177	85	35	21	23
26	40	102	184	91	41	25	23
29	42	105	188	99	46	27	24
27	43	107	190	102	48	27	24
26	43	106	211	92	47	27	24
27	42	95	224	96	48	28	23
26	38	83	235	118	46	25	25
27	33	77	237	114	41	23	24
27	33	95	250	115	41	24	26
27	35	110	254	127	45	25	27
27	35	116	253	149	47	26	27
27	55	116	235	132	48	34	26
23	59	125	230	132	49	33	25
27	67	136	217	131	48	33	24
26	67	129	163	145	47	36	25
26	68	130	168	123	47	38	23
25	53	130	201	124	47	33	24
25	49	134	201	128	51	36	26
22	39	109	275	148	62	38	24
22	36	101	269	132	58	35	23
22	35	91	264	130	56	32	24
24	37	97	243	125	56	32	22
28	68	116	300	118	51	29	22
27	69	123	224	86	35	24	23
29	72	142	256	74	36	27	23
27	71	146	253	70	34	26	22
27	71	149	282	71	33	26	22
22	42	131	229	74	35	23	22
23	41	124	238	72	34	24	22
21	35	102	196	66	32	22	20
24	37	97	209	76	37	26	23
24	35	120	171	79	37	27	23
25	35	133	189	80	36	30	24
24	32	130	179	86	37	30	23
24	33	136	184	97	43	34	25
23	35	140	162	88	42	32	24
24	39	127	175	82	39	32	24
27	48	122	185	81	42	31	24
28	47	123	183	78	43	30	24
27	46	121	177	74	37	26	23
