0	1	2	3	4	5	6	7
23	40	108	158	63	30	31	26
23	51	111	163	61	29	27	25
24	71	116	186	70	32	30	25
26	73	131	191	73	32	28	26
27	74	138	198	70	32	29	23
26	74	130	193	79	31	28	24
28	64	123	190	76	30	30	25
28	43	123	171	68	28	25	27
25	40	103	172	67	31	27	25
26	52	122	217	102	40	27	24
28	61	144	245	96	42	28	24
26	62	144	241	95	44	28	26
27	61	140	240	94	43	30	25
29	60	148	246	100	43	31	25
30	82	165	228	87	40	29	25
30	83	204	237	94	43	29	23
31	85	209	241	104	45	26	22
32	86	212	251	110	45	28	22
33	87	218	250	103	44	24	22
32	75	187	223	95	44	28	25
33	91	147	181	118	52	27	25
42	120	159	167	109	51	29	28
44	151	183	151	106	52	29	28
42	151	177	154	125	55	30	31
44	145	193	179	128	61	31	30
42	134	184	162	100	54	34	30
35	152	175	166	102	53	33	30
34	125	152	171	111	55	31	30
35	127	148	159	116	57	32	29
35	127	179	167	124	53	34	29
37	128	188	166	125	50	30	29
47	81	215	185	132	53	33	31
49	78	212	181	125	52	34	31
50	75	218	185	110	49	34	30
52	75	177	149	91	47	31	29
94	109	152	159	135	63	36	29
113	117	124	137	146	75	37	28
114	138	132	143	153	80	41	37
114	141	128	136	157	84	41	38
115	151	150	151	176	90	45	41
85	129	154	134	149	81	42	40
47	119	150	128	132	71	40	39
83	114	146	117	120	64	35	32
87	112	139	110	113	58	34	30
85	96	110	77	81	45	29	29
116	131	109	61	66	42	43	33
123	128	90	55	63	42	50	32
102	117	110	58	63	42	52	30
99	121	145	99	78	44	56	34
101	126	154	107	76	47	56	33
67	90	156	134	112	50	46	31
61	95	202	173	124	54	41	34
78	90	213	242	195	67	41	38
99	91	219	329	374	140	59	44
101	88	226	346	389	147	63	49
99	87	289	359	387	146	85	48
100	82	273	374	399	153	90	50
88	85	301	418	415	169	99	58
75	96	373	379	265	118	89	56
72	98	407	393	249	109	87	54
80	99	393	412	245	113	66	53
84	99	391	395	237	103	62	57
84	99	424	360	219	91	63	52
101	99	372	376	264	98	72	53
134	101	342	356	275	106	77	56
153	109	352	336	298	116	83	61
150	110	402	380	312	124	85	57
154	105	347	357	301	128	89	53
140	86	328	308	269	131	117	53
113	84	322	303	258	125	142	52
78	68	296	313	272	122	148	49
87	72	225	272	255	115	149	48
76	68	200	243	220	97	172	49
79	73	245	267	227	101	201	47
76	82	280	295	254	106	193	49
76	90	274	265	209	95	189	47
63	83	284	262	193	97	192	48
66	110	298	258	192	97	186	49
62	114	312	249	207	94	136	50
58	110	327	219	285	111	129	47
58	107	353	244	301	120	130	47
58	107	341	217	303	117	136	46
59	86	347	233	301	112	116	45
64	86	371	258	288	108	109	44
74	90	379	309	206	96	107	51
76	87	350	318	189	90	103	51
80	97	355	329	190	94	99	51
76	93	354	328	189	94	87	51
70	90	298	310	173	88	85	48
55	84	266	258	138	76	79	39
57	80	287	274	161	69	75	38
52	77	320	273	159	66	50	36
52	77	313	261	159	69	54	35
52	78	365	260	166	69	49	34
71	102	353	279	174	77	48	45
89	107	342	240	172	85	52	55
97	107	359	255	188	89	58	55
101	121	380	263	195	88	58	56
106	118	325	246	192	87	57	55
116	114	328	239	181	80	75	55
102	111	353	222	143	71	99	45
116	126	332	223	180	79	106	53
136	123	340	226	181	85	106	55
143	135	332	223	169	82	107	56
160	164	337	210	167	78	92	53
178	190	352	242	174	74	64	59
247	224	339	212	111	61	56	58
245	223	316	195	86	48	64	57
244	230	346	231	92	48	64	57
225	212	334	236	92	54	68	54
218	197	326	244	97	58	78	48
138	180	326	249	89	53	73	40
145	210	388	265	91	57	66	49
138	199	401	268	90	59	66	48
177	220	394	260	95	66	70	60
202	225	380	222	75	65	65	62
192	197	377	215	78	65	79	62
178	171	334	209	105	70	80	55
180	167	337	176	125	75	86	57
153	129	354	206	128	67	83	48
123	121	354	210	130	69	78	49
133	144	354	214	132	75	62	52
134	135	388	214	130	73	59	52
132	136	393	245	133	67	49	49
120	132	382	222	133	70	47	46
105	120	361	218	133	70	61	43
85	94	360	227	132	63	61	38
80	132	349	235	132	61	61	36
80	153	321	191	111	57	60	88
113	168	346	181	101	51	61	116
181	233	383	179	104	50	50	126
196	248	410	168	113	59	57	128
215	237	431	177	111	60	57	130
221	230	424	177	110	61	69	105
289	241	436	190	120	62	73	96
272	182	472	211	118	60	74	87
262	166	470	268	118	53	72	84
248	162	458	264	108	49	74	82
246	154	449	262	109	48	72	80
156	148	418	251	108	49	75	53
114	149	394	246	111	48	77	43
120	157	429	207	108	55	81	45
113	147	381	181	109	55	86	45
106	155	372	182	108	53	80	41
83	123	391	218	123	56	74	35
78	130	335	247	126	60	71	36
78	120	279	262	125	58	73	51
81	119	277	290	122	58	81	55
84	132	310	312	128	63	83	56
79	135	287	294	113	59	81	57
90	119	280	257	107	59	78	62
114	116	294	228	102	56	72	54
114	115	297	197	102	56	65	49
109	77	293	183	96	51	63	48
114	80	285	176	83	54	69	51
108	89	346	259	101	51	73	49
70	76	331	273	108	48	69	42
70	78	308	281	106	46	86	42
75	81	293	284	112	60	99	41
68	79	293	299	138	59	98	39
65	77	245	274	148	66	111	62
96	94	238	268	148	69	119	77
99	96	243	263	153	69	107	81
96	96	242	285	158	61	105	99
96	92	255	281	142	59	105	100
101	88	230	250	164	66	89	91
78	75	241	293	175	74	89	81
71	72	250	285	169	79	89	77
70	69	251	249	170	82	84	54
73	96	313	245	174	84	84	57
71	105	324	254	136	74	88	53
66	101	293	221	148	68	90	50
63	106	287	231	171	67	92	60
61	108	283	243	211	91	87	58
55	85	219	238	215	97	89	54
52	81	219	235	216	97	94	52
53	87	221	213	211	98	90	58
54	83	232	213	202	99	84	50
56	78	225	206	159	75	84	47
61	79	189	218	159	74	80	46
57	75	231	240	164	75	69	46
52	68	230	243	154	74	60	37
59	68	213	234	139	69	103	40
56	67	206	221	128	67	107	49
62	66	219	206	114	58	108	50
62	65	156	190	112	58	112	50
68	83	157	198	125	53	113	51
66	88	155	212	129	61	112	48
68	88	157	266	134	66	115	41
57	89	138	286	135	65	114	42
63	83	133	277	137	65	111	42
55	64	142	273	139	66	112	38
48	57	140	313	142	66	76	38
56	61	135	276	136	57	63	35
58	58	153	255	136	61	73	39
49	58	155	246	151	62	78	34
53	65	139	250	158	70	86	41
58	67	150	203	157	64	89	44
49	66	150	190	154	63	91	45
50	68	147	189	159	63	86	41
56	74	147	194	161	76	84	44
56	71	163	217	151	75	77	39
57	68	149	206	150	76	79	37
67	72	156	218	161	79	80	47
69	74	180	251	172	80	79	49
63	72	185	265	165	73	76	49
62	66	163	226	149	67	77	53
70	70	180	220	145	68	83	54
62	65	194	231	144	69	82	46
62	63	169	225	132	68	86	45
66	64	184	232	122	59	87	43
70	65	199	233	126	55	83	40
59	60	189	230	126	52	87	46
56	55	172	210	113	48	86	44
53	54	182	168	100	41	86	43
51	47	170	130	135	70	103	46
54	50	163	141	149	87	124	46
50	43	171	149	152	87	136	37
53	45	191	223	163	90	134	38
51	53	172	265	169	92	135	36
64	59	164	260	133	76	121	34
62	57	164	258	115	58	109	32
64	63	172	265	123	62	90	33
61	62	149	224	153	70	91	34
66	55	186	175	150	71	106	36
57	57	213	197	160	73	112	36
52	58	215	230	171	77	105	35
54	61	206	219	169	74	99	33
54	62	213	204	136	64	109	33
50	67	193	250	153	68	92	30
42	60	179	272	141	62	84	26
38	60	170	242	128	52	82	24
39	57	158	248	123	60	112	27
39	59	153	263	127	60	120	27
37	58	201	233	98	50	133	29
45	61	191	189	98	52	141	31
54	68	223	222	103	55	145	34
54	65	228	216	100	47	121	36
59	69	226	200	92	53	107	37
62	65	188	185	94	55	100	36
65	69	183	216	106	53	96	36
65	70	139	172	106	53	89	35
63	69	136	171	120	56	91	31
61	70	159	203	143	74	94	35
57	73	146	197	143	79	81	38
58	80	230	230	135	80	72	42
53	72	231	226	127	85	85	43
57	75	239	232	113	83	101	44
59	77	244	219	89	64	95	39
61	73	248	244	85	58	98	36
55	65	176	244	106	56	99	34
54	65	172	249	107	50	91	35
48	60	162	241	105	50	72	36
44	49	129	227	91	47	79	39
47	66	165	218	88	46	74	39
49	69	161	150	48	44	73	39
54	73	177	144	47	41	70	39
55	88	189	142	46	40	65	38
54	89	223	173	58	48	67	36
50	79	189	149	61	49	85	39
51	88	260	170	68	53	102	37
46	96	266	172	64	53	104	33
46	84	280	177	63	51	109	33
45	83	256	140	53	46	106	33
44	83	256	139	48	43	97	33
39	62	182	108	67	40	85	31
39	43	163	101	72	42	79	32
36	41	107	84	71	44	78	30
36	36	88	78	72	38	75	29
36	49	106	76	73	37	69	25
52	169	263	95	49	35	64	30
50	175	271	98	41	30	59	27
54	183	306	146	59	36	54	28
57	186	312	152	59	39	113	34
57	185	312	156	57	38	117	37
45	95	211	146	56	38	115	37
45	84	204	146	56	38	117	37
40	62	154	100	36	32	116	37
52	128	191	99	41	39	85	37
68	162	197	100	46	45	83	39
66	166	213	100	48	46	86	37
68	171	239	111	60	47	83	40
70	176	239	116	66	48	87	42
59	133	219	115	63	41	59	36
44	110	217	109	63	38	54	31
49	109	278	128	61	35	46	31
53	121	337	146	55	38	114	33
51	115	342	143	48	40	122	33
52	113	341	145	46	40	124	39
49	89	340	157	45	38	125	37
41	80	280	135	46	39	128	37
33	53	238	148	43	35	74	35
31	50	232	150	48	30	97	33
31	51	225	147	52	35	113	30
29	49	222	135	50	40	114	31
32	51	218	137	51	40	120	32
31	40	143	98	53	40	121	28
30	39	151	96	68	39	98	28
30	38	154	106	67	38	96	24
31	45	153	128	105	52	102	25
27	51	143	135	127	60	94	26
37	86	201	138	133	66	94	31
38	91	208	143	125	67	89	32
39	93	204	139	130	68	66	32
43	109	245	146	123	62	57	34
43	105	264	162	144	60	55	32
37	81	225	153	157	64	52	29
40	83	241	156	160	76	188	41
41	83	265	170	157	81	212	44
43	59	230	162	146	77	216	43
51	64	250	141	115	78	222	46
66	118	288	156	86	74	232	48
66	129	283	161	82	62	149	41
73	164	281	143	81	54	113	40
76	173	301	130	72	53	102	41
71	174	269	128	50	44	90	39
60	197	298	115	49	41	61	36
74	253	324	141	86	49	50	39
67	235	314	166	100	53	52	37
61	235	306	189	104	53	55	34
62	239	321	237	104	54	52	33
66	199	294	261	118	65	54	40
51	124	250	257	114	67	54	35
49	121	243	251	113	65	57	33
46	107	227	298	130	74	52	35
44	94	208	274	130	74	52	37
32	94	216	286	129	70	54	29
46	170	242	289	117	65	56	31
54	189	246	296	107	62	51	32
57	195	248	248	99	64	73	33
60	212	258	248	102	65	75	31
59	210	196	219	87	60	138	30
48	145	160	215	80	61	164	28
40	122	159	225	89	65	169	27
36	127	194	240	90	61	164	25
30	97	184	242	104	65	166	25
32	94	194	252	111	66	121	27
30	89	202	262	113	63	80	26
30	78	193	285	109	61	75	30
34	57	189	288	109	55	70	33
34	52	185	293	103	49	63	33
36	52	177	331	124	53	56	35
