0	1	2	3	4	5	6	7
24	31	101	327	95	48	36	23
27	30	109	313	96	49	44	23
29	31	117	328	127	54	42	22
29	31	118	277	119	50	41	21
29	30	111	234	117	49	42	20
32	32	121	208	113	56	46	23
28	31	119	193	110	52	36	23
27	30	105	189	74	47	36	23
28	30	93	187	75	48	36	24
27	30	95	193	74	46	32	26
25	29	77	189	77	42	31	24
24	28	65	189	74	43	33	23
24	30	80	179	74	45	33	23
23	31	105	147	94	49	37	26
26	30	103	142	105	50	40	25
25	30	104	145	108	48	38	24
25	30	104	181	111	47	36	24
25	27	94	175	115	48	36	27
23	25	78	170	94	40	37	24
21	27	77	175	83	44	33	26
22	26	89	202	90	52	34	26
24	24	85	165	92	51	34	27
22	24	85	160	86	51	34	24
23	27	76	168	88	52	28	25
24	25	80	162	86	51	32	24
23	25	64	141	86	44	26	24
24	26	66	155	94	42	26	24
26	27	66	172	98	42	27	24
26	24	69	169	97	40	28	24
26	29	73	174	94	34	23	23
29	31	93	181	76	34	27	26
27	31	97	186	78	36	26	25
28	31	96	169	86	36	29	27
28	32	90	158	94	38	28	24
27	29	89	163	106	39	29	26
24	28	77	144	108	36	26	24
24	26	92	130	98	35	27	25
22	26	97	130	88	39	22	24
24	27	99	133	90	41	24	25
25	27	97	109	79	42	23	22
27	25	91	109	114	47	27	24
28	27	79	125	133	52	29	25
29	26	76	135	138	48	31	24
28	27	73	133	131	46	31	25
27	28	73	138	130	46	33	24
25	29	91	154	108	45	32	24
25	28	97	143	84	41	31	22
24	31	104	155	80	42	29	24
25	28	106	159	97	42	27	22
25	29	108	153	97	45	26	25
25	32	126	144	97	43	32	27
24	31	122	173	116	44	33	26
26	28	113	162	121	46	35	24
26	31	128	156	108	46	37	25
25	28	128	162	108	42	37	23
26	28	120	153	101	41	31	22
28	28	118	114	88	37	28	24
27	30	121	158	89	34	26	26
25	29	106	158	88	33	28	26
25	28	101	154	88	33	27	26
26	33	76	153	113	38	28	25
24	36	83	170	110	39	27	24
28	35	84	125	102	41	29	24
29	38	121	124	102	40	25	24
33	41	124	126	119	47	26	25
33	36	136	132	113	47	26	25
36	41	141	112	108	46	28	26
42	66	145	102	105	42	26	25
54	101	133	111	106	44	27	27
54	104	169	119	88	41	29	27
53	104	170	149	112	46	31	27
52	107	173	164	116	50	35	28
48	96	172	165	119	53	34	27
40	57	182	162	120	51	34	26
37	51	155	154	132	51	39	24
38	54	186	129	127	47	40	23
38	46	180	101	130	48	39	23
34	41	177	97	125	44	39	23
28	39	190	96	125	46	38	23
37	70	190	95	111	42	31	24
38	92	170	74	69	35	26	25
36	91	173	73	77	33	25	23
39	95	174	85	100	39	25	24
39	96	136	75	106	41	26	22
35	94	142	78	105	40	25	25
39	79	112	78	105	41	26	25
40	80	121	80	90	38	26	26
38	78	121	67	60	32	34	25
37	76	126	65	45	32	38	26
41	66	106	59	48	31	38	24
34	55	104	90	67	33	37	23
39	54	77	87	70	33	38	25
38	53	80	104	76	35	30	25
38	52	90	110	81	32	25	25
32	33	93	111	84	35	25	24
39	41	93	93	84	36	27	25
33	40	89	91	83	40	31	26
35	38	85	71	78	39	29	28
35	49	94	61	75	37	28	27
38	53	100	62	74	39	31	26
34	50	110	59	62	35	28	25
34	53	115	62	60	33	22	24
34	55	132	79	71	33	24	24
33	47	107	78	72	39	28	25
31	44	102	82	106	41	26	26
34	45	119	96	110	46	29	27
37	45	116	121	125	47	31	27
39	47	104	150	176	66	37	26
41	45	109	162	187	69	38	26
42	46	116	177	174	68	38	26
38	47	136	179	176	70	36	27
37	53	181	173	168	69	35	25
41	58	186	159	133	60	28	25
51	67	192	167	159	76	32	29
52	69	190	147	156	78	32	28
54	67	171	154	157	76	34	28
55	62	133	163	172	79	37	29
56	64	132	163	180	82	39	30
49	57	152	215	273	105	46	28
52	68	164	225	284	108	49	32
58	89	152	218	284	108	57	33
55	90	148	222	276	106	56	35
51	90	139	224	273	101	55	33
54	98	127	171	171	68	44	50
52	89	109	174	163	65	44	72
45	73	110	180	183	76	42	74
68	102	138	192	206	82	45	76
73	100	137	235	202	82	45	77
72	91	119	237	190	79	48	71
72	93	127	259	196	78	46	48
72	90	139	265	179	68	49	45
58	59	102	243	153	60	48	39
52	58	115	196	146	56	48	35
49	59	115	193	155	58	47	32
44	56	105	155	147	54	48	33
47	55	108	143	155	52	36	32
42	47	111	152	166	55	41	33
43	38	93	143	187	59	43	33
41	32	90	148	183	55	40	28
43	41	96	191	232	62	40	28
44	45	81	223	261	69	41	30
45	48	97	224	253	70	38	32
41	49	100	229	242	70	39	30
47	55	99	226	258	73	46	33
43	46	89	191	244	72	44	32
38	41	89	177	236	70	44	29
36	37	82	182	249	72	54	30
38	39	94	182	242	70	53	29
38	32	96	194	227	68	48	29
43	39	99	205	233	73	51	30
45	41	91	189	210	72	54	33
47	42	85	185	220	72	57	30
48	51	69	188	230	83	64	34
48	63	74	177	226	82	64	34
45	59	94	223	201	74	68	33
43	58	90	229	227	76	70	34
56	76	97	222	202	73	59	36
55	74	96	229	193	58	57	35
57	68	90	235	206	59	58	37
81	83	70	192	188	56	53	40
82	85	71	174	149	54	49	38
78	73	54	206	182	59	61	39
77	71	69	206	179	63	56	38
76	68	70	188	153	59	57	35
54	59	64	170	152	61	58	32
55	60	65	176	150	58	65	31
49	57	64	151	151	67	57	31
50	58	46	139	160	70	59	30
46	58	43	139	165	70	56	28
50	51	42	139	164	71	54	28
56	54	39	141	175	73	42	28
54	49	53	129	140	60	40	26
52	44	56	115	121	54	35	25
55	52	58	118	126	59	36	27
48	54	60	132	134	59	41	24
38	49	60	119	111	59	48	25
40	52	47	110	114	58	53	27
44	62	42	141	125	62	53	28
42	57	47	141	113	60	52	27
65	61	50	123	97	58	49	29
86	95	58	124	125	60	45	25
88	99	70	149	140	66	42	25
87	100	74	132	189	75	48	29
87	102	73	127	192	79	49	30
74	97	69	126	193	77	47	29
48	70	64	172	204	76	44	29
55	75	58	191	234	77	42	29
53	70	54	210	227	72	35	24
53	71	51	218	230	70	33	22
51	72	51	227	244	75	35	20
52	67	51	199	224	74	36	24
39	54	49	175	194	71	35	26
39	56	53	140	153	62	33	27
38	54	64	151	156	68	39	30
36	56	71	168	137	68	39	31
35	66	72	168	154	71	41	30
35	80	76	187	189	83	45	29
34	80	96	201	201	91	48	27
37	79	93	186	202	90	46	26
40	78	92	180	206	87	46	27
45	73	93	215	242	97	50	28
45	56	100	211	212	90	48	27
46	51	90	218	205	86	46	28
49	67	94	219	203	91	51	31
47	71	94	201	196	90	51	30
46	67	95	184	166	81	47	29
48	68	81	176	176	80	46	30
48	66	74	159	184	79	49	31
48	50	64	174	184	65	39	27
50	42	62	186	194	70	47	30
49	48	71	184	194	70	47	30
46	49	78	193	214	79	50	30
47	50	73	199	217	83	49	32
44	50	75	190	213	83	48	33
41	48	76	196	216	82	44	31
36	41	68	200	209	87	42	31
34	37	72	192	167	78	40	30
35	39	72	197	163	76	40	27
33	36	71	205	169	82	40	26
32	36	66	196	178	83	38	27
32	36	67	175	161	76	39	25
35	38	58	176	165	81	40	24
34	39	51	163	149	73	36	23
37	38	57	150	138	68	37	22
40	40	57	164	110	62	38	23
42	41	53	175	106	57	34	23
40	41	49	164	117	51	31	22
36	39	52	165	123	58	33	23
35	39	44	182	148	66	31	25
33	38	47	167	154	66	29	22
36	36	46	147	170	72	35	25
35	34	48	162	171	72	37	27
36	34	50	173	197	74	38	28
37	34	56	155	187	70	39	28
38	36	55	172	190	72	40	30
31	37	59	180	176	70	39	30
39	41	67	158	172	78	43	31
40	38	64	155	155	80	47	30
44	42	56	165	167	87	50	29
42	41	57	152	163	94	54	34
51	52	60	153	169	94	63	35
45	49	54	160	171	90	62	32
44	51	54	146	171	88	61	33
40	50	54	140	151	76	56	32
41	52	54	135	152	64	53	27
36	45	42	138	160	60	46	27
39	45	38	143	154	56	49	27
40	47	38	151	153	52	48	29
40	48	54	173	190	62	49	31
41	49	51	179	183	62	48	32
34	47	51	173	180	66	50	32
39	47	51	175	180	65	52	33
37	44	50	165	178	69	53	31
40	42	46	151	160	67	53	33
38	38	49	149	163	70	56	31
38	34	49	147	153	66	51	27
42	36	49	161	163	75	47	27
44	37	53	171	164	72	45	27
41	37	45	177	145	69	45	23
43	41	41	179	165	65	45	21
43	44	47	177	166	68	50	25
36	41	53	156	151	61	46	26
36	49	52	146	149	67	46	29
35	46	51	122	145	62	45	29
36	43	56	123	129	61	48	33
36	43	58	175	151	61	44	32
34	46	59	183	151	60	43	32
34	38	56	177	138	49	56	31
37	40	58	186	138	50	66	32
36	42	53	177	133	57	69	29
36	44	45	154	141	59	70	29
37	42	39	147	147	59	69	30
33	43	41	153	154	62	72	27
32	42	40	145	155	66	66	29
37	42	52	144	154	61	66	37
39	46	57	148	142	67	65	38
40	43	57	156	146	65	67	36
39	41	57	160	144	68	56	37
43	44	58	153	144	75	67	38
39	42	50	198	161	73	61	28
37	38	50	211	188	72	60	29
35	37	60	213	193	76	62	31
38	39	61	215	193	70	64	31
34	40	63	217	195	58	61	28
32	42	63	181	234	78	63	33
33	45	64	141	214	77	64	32
36	45	57	150	217	79	70	33
34	43	57	151	229	86	74	34
34	41	59	167	227	90	65	35
33	38	62	176	195	80	64	32
34	35	56	193	196	74	65	36
38	36	59	178	196	69	61	33
39	41	57	175	199	70	61	32
39	40	58	194	223	80	69	33
41	41	54	181	210	79	67	35
40	39	53	193	209	81	67	33
39	40	48	195	200	85	60	37
41	42	58	188	190	82	54	36
40	41	53	225	214	82	44	35
37	40	52	237	209	79	54	34
36	44	52	210	193	76	54	33
32	43	53	255	226	80	57	30
33	36	41	301	243	85	55	30
32	34	47	253	203	74	54	27
35	41	51	243	209	80	50	28
34	38	54	252	229	87	61	27
36	36	52	215	216	91	62	36
33	39	53	168	209	94	67	37
34	40	47	182	219	100	71	37
33	41	51	186	218	97	68	35
38	40	46	178	209	93	58	38
46	44	52	163	196	87	57	33
49	42	51	144	189	76	50	31
48	42	49	121	174	66	43	31
52	39	47	119	185	68	44	33
48	40	47	149	190	73	50	29
41	41	44	141	169	70	50	33
37	43	52	142	159	71	51	35
36	42	55	140	152	70	55	35
38	44	52	135	129	65	53	35
42	44	57	163	197	93	54	39
38	46	57	179	220	100	55	33
41	46	50	188	215	98	54	34
43	47	53	192	222	101	54	33
38	44	51	192	220	100	53	32
33	49	48	145	189	73	46	30
36	49	45	137	216	64	42	30
32	47	45	128	223	71	46	28
33	49	41	123	219	68	44	30
38	55	44	167	332	116	60	31
40	58	42	180	332	122	62	31
37	52	47	167	312	119	60	34
36	52	48	180	314	118	59	36
36	52	52	245	349	123	60	35
30	43	56	237	276	87	47	35
38	42	59	237	271	88	49	36
49	52	58	250	265	96	57	43
51	56	65	250	258	96	56	41
52	56	59	187	211	95	61	46
62	61	64	165	176	94	60	45
57	53	63	141	151	84	55	42
47	47	63	126	143	72	45	37
46	45	58	117	133	66	43	37
45	44	61	121	130	59	31	31
27	37	53	119	130	54	31	31
28	38	65	118	105	47	30	31
33	37	66	116	104	47	36	34
32	39	70	101	107	50	42	37
34	40	76	100	118	50	50	38
43	41	76	90	106	48	50	43
48	51	64	88	105	47	49	45
53	60	61	81	107	57	50	42
53	60	56	91	134	65	47	41
57	59	44	82	122	62	40	41
54	109	58	81	120	61	37	35
49	110	80	91	120	62	37	34
43	109	85	168	265	90	43	34
46	111	106	198	314	112	50	31
44	114	109	200	322	115	51	31
53	72	130	203	327	117	54	30
50	75	118	200	328	117	53	35
50	69	146	147	230	93	44	31
49	63	134	93	137	54	46	30
46	69	151	90	116	48	45	34
32	67	133	80	99	41	42	35
35	57	134	78	95	42	43	29
31	57	108	62	71	36	42	29
33	73	115	83	66	41	31	30
31	66	88	86	67	40	35	25
32	64	80	114	158	72	43	25
30	62	79	140	186	74	46	25
36	83	92	144	191	76	46	26
32	72	84	147	250	89	49	26
32	68	87	152	259	93	48	26
34	70	94	160	245	82	45	27
33	68	93	149	250	95	47	27
29	43	90	149	260	98	48	28
31	66	99	133	202	86	43	29
29	69	117	126	188	81	46	29
28	68	129	92	150	69	42	29
30	69	137	77	104	49	38	28
33	73	139	71	71	41	38	26
30	50	136	78	69	40	39	23
31	45	119	71	69	40	45	26
30	42	109	68	62	44	45	24
29	41	118	70	56	37	44	23
23	29	102	95	104	45	45	23
25	29	97	95	114	48	46	22
24	44	128	98	120	53	37	23
25	47	134	125	136	57	42	24
25	47	119	157	151	60	46	23
26	72	139	155	153	66	46	27
25	105	161	199	197	82	49	27
27	102	162	218	203	80	52	28
26	108	166	216	195	77	45	27
26	112	187	211	202	80	43	28
26	99	193	214	193	76	41	25
28	73	222	216	213	84	45	30
31	73	218	207	220	92	42	32
33	91	235	206	222	93	47	33
33	86	242	220	212	94	52	34
32	88	239	217	199	89	53	36
32	80	204	206	176	73	50	33
32	82	198	208	178	71	51	32
33	61	206	204	181	71	51	32
36	66	191	186	181	66	48	32
41	113	216	183	180	65	51	33
45	118	253	186	124	54	50	38
46	118	258	183	180	68	49	36
44	118	296	229	180	67	48	38
42	123	311	279	185	78	45	37
38	100	294	303	190	79	43	35
36	102	300	285	191	81	41	34
31	105	316	289	110	64	39	32
30	99	256	256	103	63	34	29
31	102	246	218	79	47	45	31
35	112	243	217	69	46	47	33
33	110	189	220	70	47	48	29
35	109	181	216	68	44	49	29
36	110	205	326	116	53	52	30
35	98	190	323	116	56	43	30
33	61	186	337	116	57	44	26
40	52	193	340	113	54	43	25
42	51	221	387	118	56	44	30
44	49	203	333	73	47	41	29
43	45	196	336	73	41	40	28
43	45	195	301	84	44	33	28
37	47	198	324	130	66	42	31
31	34	147	313	137	67	40	26
32	34	145	278	138	67	40	27
31	33	138	257	141	68	40	25
30	33	135	298	145	69	45	25
27	30	117	314	123	49	37	20
28	29	93	275	140	53	42	22
25	29	100	269	142	52	42	20
28	34	120	280	140	52	41	23
27	32	123	256	132	49	36	22
27	33	126	203	158	53	48	24
27	39	123	192	155	44	43	23
27	39	120	234	153	47	45	23
25	38	117	224	158	50	46	22
27	40	122	197	157	50	46	24
27	39	124	193	126	49	33	20
25	35	123	206	109	48	34	21
27	37	122	186	110	50	33	23
27	38	110	212	105	50	29	23
25	36	110	216	121	52	30	22
25	36	100	214	114	50	36	22
24	34	97	213	106	49	36	23
24	34	109	220	113	47	35	21
22	32	103	192	108	43	35	20
23	38	92	215	108	38	34	20
23	37	93	211	109	41	27	20
26	40	93	225	107	44	26	20
24	38	68	194	94	43	26	20
24	38	74	204	103	48	28	24
25	35	126	197	99	51	29	27
25	35	128	196	94	47	32	28
24	31	130	175	91	44	32	28
23	32	134	173	89	43	31	28
