0	1	2	3	4	5	6	7
24	93	110	239	102	53	32	26
24	58	116	255	103	55	32	27
29	76	168	245	105	56	32	29
29	79	182	258	105	56	32	28
32	78	183	248	95	51	31	28
30	74	188	232	124	56	31	27
31	80	191	203	134	66	38	27
26	54	157	238	132	66	35	26
27	69	150	240	136	66	34	26
26	71	145	234	145	66	34	26
26	73	131	225	145	66	34	26
26	73	147	241	141	62	33	28
26	71	142	238	201	84	41	28
24	50	135	257	202	85	42	29
26	49	138	304	243	101	49	28
26	46	143	334	283	105	48	26
27	37	111	347	284	105	47	23
27	39	103	339	247	89	41	24
29	54	101	331	254	93	41	23
30	55	99	287	248	83	34	23
30	69	84	251	218	89	36	26
27	80	114	218	222	86	34	27
35	123	166	248	221	86	33	25
38	123	194	290	217	83	34	24
37	127	218	291	188	86	34	23
47	154	269	364	161	72	32	23
50	160	282	371	150	68	31	22
45	134	257	380	150	67	30	24
45	154	244	374	164	72	30	24
52	204	227	420	169	64	29	25
48	225	177	429	196	73	32	25
50	223	170	432	210	85	37	27
51	226	175	407	210	84	37	27
51	240	202	379	195	78	36	26
59	255	314	387	199	81	39	33
57	224	342	320	163	69	36	33
54	224	329	324	164	68	35	33
56	239	344	325	211	82	41	33
55	218	332	318	246	103	48	38
43	154	257	249	230	100	47	35
43	146	211	237	251	107	49	33
44	139	206	208	248	101	49	33
41	109	178	192	254	103	47	33
46	91	166	179	227	84	43	32
45	95	114	163	222	80	40	30
49	109	135	165	208	76	39	30
51	115	141	165	196	76	37	31
49	113	138	167	139	60	34	33
42	111	156	177	138	61	34	30
44	102	152	190	187	69	39	33
38	87	135	199	222	67	38	34
39	95	216	206	243	72	46	36
41	96	223	252	252	76	47	34
63	104	208	296	270	76	47	47
63	98	212	309	263	77	48	47
66	96	208	294	230	73	51	48
72	85	141	305	240	78	48	47
83	90	147	274	227	75	48	49
71	93	161	251	206	73	48	37
73	93	169	229	214	74	45	35
79	92	175	256	219	75	43	31
75	92	172	240	192	64	37	29
63	95	160	244	206	66	36	29
62	85	147	207	205	67	38	27
58	84	132	195	162	55	33	24
54	84	121	157	153	53	35	23
49	81	104	153	191	65	34	23
45	80	110	139	189	70	38	24
46	82	122	151	185	70	35	24
47	87	151	157	188	73	37	25
43	113	154	163	195	75	37	31
48	117	183	171	162	74	42	34
52	112	182	180	149	72	40	33
57	113	185	193	161	74	41	33
69	157	232	192	169	72	42	35
73	162	266	202	157	69	40	35
82	214	247	221	167	64	36	34
80	215	244	216	168	62	34	34
75	221	253	193	153	57	34	34
63	190	194	193	153	62	32	33
58	175	164	176	174	67	34	29
39	114	176	141	167	66	33	26
41	104	179	123	162	65	32	27
43	91	153	121	159	63	28	25
40	89	147	114	152	63	31	25
42	90	132	109	132	61	34	24
41	90	130	101	120	61	35	27
44	97	120	135	123	58	39	28
42	96	142	147	130	60	39	28
47	107	191	152	122	60	40	30
43	99	193	175	119	59	40	31
41	104	179	123	162	65	32	27
43	91	153	121	159	63	28	25
40	89	147	114	152	63	31	25
42	90	132	109	132	61	34	24
41	90	130	101	120	61	35	27
44	97	120	135	123	58	39	28
42	96	142	147	130	60	39	28
47	107	191	152	122	60	40	30
43	99	193	175	119	59	40	31
43	109	190	172	109	53	41	29
44	118	263	161	156	64	38	30
43	117	245	163	163	65	41	32
37	103	240	187	175	64	37	29
40	91	219	165	142	58	34	29
37	58	132	164	160	66	38	29
38	108	138	188	169	68	39	29
39	119	144	184	153	66	38	29
44	131	186	174	135	66	42	35
46	133	174	203	155	68	44	34
44	147	188	221	173	72	42	35
44	126	180	203	180	77	45	38
51	126	177	202	191	75	44	37
46	112	136	202	193	74	39	33
42	108	147	217	198	73	39	32
47	111	134	218	206	72	40	33
50	111	174	228	198	68	37	29
47	105	171	229	190	67	36	29
45	108	172	221	193	64	37	28
46	111	171	180	174	58	33	25
45	103	187	160	138	47	30	23
40	100	141	174	150	45	29	23
39	102	162	182	175	53	29	24
42	109	163	180	166	51	28	24
42	112	164	178	157	50	26	25
40	105	157	210	201	71	35	25
47	99	156	194	205	76	38	27
53	118	145	201	190	74	39	30
56	117	153	201	198	80	43	36
55	113	146	199	197	78	43	36
54	111	131	169	154	67	39	37
48	108	127	160	136	62	34	37
43	77	116	132	160	66	34	33
36	64	95	134	171	67	35	30
36	60	93	137	183	73	37	29
36	86	117	132	170	66	36	28
42	96	139	136	170	64	36	24
40	96	143	142	150	66	37	27
39	100	140	135	157	72	36	25
42	100	143	170	161	69	36	27
42	73	121	172	160	70	34	26
35	52	91	170	178	70	35	28
35	59	118	172	172	65	34	24
35	52	137	176	144	56	34	23
29	54	133	143	129	57	32	21
30	56	135	149	174	65	37	26
39	65	139	158	162	67	40	28
40	56	105	147	155	62	38	29
44	62	90	140	177	65	36	31
48	86	130	181	192	73	39	34
48	90	137	181	169	68	35	30
41	85	133	167	164	66	32	28
40	86	135	170	179	72	33	30
38	84	131	231	205	77	36	28
35	62	138	235	208	72	35	28
35	59	135	240	207	72	35	27
36	55	137	245	210	76	35	26
36	53	136	253	198	72	35	25
33	50	137	209	166	65	35	25
33	41	93	196	148	64	35	24
31	30	79	215	137	62	36	26
30	31	74	221	167	67	36	28
31	33	73	237	231	85	38	28
31	32	64	235	228	82	35	28
31	32	62	223	229	85	37	31
34	36	65	210	234	84	40	33
34	37	67	228	240	82	40	33
36	39	75	219	196	67	40	35
38	38	77	208	193	62	40	34
37	39	78	235	281	88	45	34
37	38	76	227	296	92	46	32
37	37	78	212	278	88	44	31
35	35	68	195	282	91	44	27
33	35	68	212	280	93	44	27
40	37	63	161	187	61	36	23
37	34	67	170	175	61	30	20
36	34	68	169	178	64	33	20
35	34	70	182	159	56	30	21
37	34	65	185	150	52	29	22
26	31	66	196	148	56	30	21
32	39	71	193	133	48	30	23
31	35	63	196	123	43	28	23
31	35	59	200	128	46	30	23
33	36	58	191	145	59	33	26
32	38	55	180	148	54	31	27
31	35	56	169	137	59	33	29
33	36	66	163	165	61	33	29
35	37	71	175	158	59	33	28
31	35	73	166	149	46	30	29
33	34	76	171	153	51	30	29
31	30	75	207	192	61	31	26
28	27	73	201	184	66	34	25
25	26	68	169	181	66	30	24
25	31	68	169	186	69	33	21
25	29	68	187	191	69	33	22
25	33	65	150	150	59	29	22
25	36	56	144	126	50	27	21
25	38	59	149	142	51	30	23
29	33	80	165	145	52	28	23
31	38	81	177	137	48	26	22
30	34	79	187	165	50	27	23
31	37	85	194	169	53	29	26
33	33	96	217	190	61	31	28
30	38	93	221	234	71	36	28
29	35	93	197	239	77	39	27
30	50	98	186	240	81	40	28
32	59	99	185	252	85	39	27
33	61	90	151	234	80	38	26
31	59	78	124	180	70	35	25
30	60	74	110	164	64	32	26
30	51	75	99	151	61	32	24
29	38	74	94	122	52	29	23
30	43	74	116	105	48	29	23
31	41	72	163	112	46	27	24
29	40	75	169	114	45	26	24
30	40	93	172	88	35	26	25
27	70	112	166	82	33	26	24
28	79	138	160	98	39	26	24
27	81	142	128	97	45	28	24
27	82	145	134	104	47	31	22
27	83	142	143	122	54	31	26
31	61	125	140	122	54	30	25
28	48	114	131	123	54	29	25
29	53	110	119	145	55	33	28
31	52	129	107	148	57	32	38
30	49	121	86	130	49	43	54
27	44	124	86	129	48	59	122
27	40	120	89	114	45	65	129
29	59	129	129	73	36	64	131
28	59	126	141	54	28	69	135
69	76	162	157	53	28	95	157
75	104	161	165	53	30	94	131
76	118	166	168	52	28	90	125
76	109	160	176	58	32	91	124
77	113	175	205	62	31	87	119
46	102	151	273	65	34	50	81
35	88	190	290	66	33	36	49
35	82	192	294	70	37	34	44
34	88	205	332	75	42	32	41
30	84	188	342	78	47	37	37
29	88	181	289	105	56	38	31
35	178	266	276	119	61	39	27
41	193	268	269	121	59	37	27
40	193	258	192	115	55	37	27
41	196	256	155	151	65	34	23
41	196	257	174	145	63	36	26
36	115	122	161	132	58	33	29
26	76	98	160	134	58	36	32
26	67	142	180	134	57	35	31
28	122	195	163	97	49	45	32
35	190	267	178	77	41	44	31
37	199	315	236	99	49	45	29
37	204	330	238	100	49	45	26
37	206	320	253	100	48	45	26
42	217	341	458	120	56	40	31
39	181	345	486	129	59	41	31
36	180	327	585	158	73	43	32
45	210	340	617	163	74	44	35
46	216	348	618	162	75	43	34
40	176	310	514	155	69	37	30
60	217	367	533	172	82	48	41
65	221	378	426	136	69	55	44
69	197	362	392	126	67	56	42
69	195	369	490	183	84	59	44
76	203	392	532	201	96	65	49
62	165	298	495	187	89	58	40
63	195	272	484	188	88	53	37
59	195	275	626	218	98	58	39
68	203	296	551	180	88	58	41
65	196	255	496	149	68	51	36
71	177	244	492	141	63	48	35
69	134	234	486	136	61	44	37
66	167	244	275	80	49	41	35
59	154	202	291	59	46	43	37
58	155	204	281	121	64	44	36
46	150	200	258	134	70	49	37
44	141	191	235	138	69	48	32
42	87	180	253	136	66	42	34
37	102	224	207	139	67	37	29
40	99	278	198	88	50	46	34
40	97	284	182	65	43	44	34
43	98	285	183	64	43	44	35
42	106	285	197	68	42	44	32
43	103	275	190	68	42	45	32
38	101	213	189	68	42	44	25
38	96	201	270	84	45	45	25
32	95	198	276	85	45	45	25
45	116	194	268	101	51	47	27
45	106	146	323	100	50	46	28
43	106	138	321	101	49	44	27
44	111	148	259	87	44	43	25
45	112	205	353	87	44	43	25
39	103	211	338	67	40	44	27
37	94	215	303	69	39	44	24
40	98	223	298	80	41	45	26
40	101	226	301	104	49	43	28
39	100	193	212	124	58	45	28
30	71	172	213	124	57	41	25
33	75	164	203	125	54	40	27
30	89	177	212	116	53	29	26
32	96	182	215	105	50	28	26
32	95	175	233	93	40	28	27
34	98	168	239	91	42	36	25
31	94	162	240	89	45	41	25
31	80	168	249	88	49	43	27
27	57	145	253	82	46	50	24
27	60	134	236	67	45	51	23
25	77	140	230	70	45	49	25
29	95	186	241	72	42	45	27
28	95	168	222	84	45	46	24
29	97	175	208	83	49	39	26
31	97	173	203	86	51	39	26
31	83	170	202	90	53	46	24
29	71	135	179	107	55	47	23
29	67	131	197	116	56	46	24
26	61	119	227	114	52	47	23
26	61	123	239	116	55	49	27
27	58	121	245	125	60	40	27
27	49	110	255	109	61	40	27
28	69	114	261	100	63	41	28
28	72	126	242	107	64	40	28
31	83	134	203	106	61	36	24
30	81	143	189	107	60	37	26
29	78	144	180	125	68	38	24
27	64	143	153	123	65	36	24
30	82	148	215	124	67	36	25
25	76	149	219	124	70	36	25
25	77	157	218	114	68	33	24
26	79	174	219	91	58	29	24
26	78	206	232	104	59	28	24
26	77	202	168	94	55	27	21
28	76	193	168	92	52	28	20
29	77	193	204	89	47	28	21
27	75	182	196	88	50	32	23
28	74	143	196	74	48	34	23
27	53	132	221	74	45	31	25
25	50	145	240	73	46	32	25
24	79	155	251	72	48	30	27
28	86	196	255	75	48	28	26
