0	1	2	3	4	5	6	7
47	155	217	146	64	38	55	29
43	132	218	145	66	40	56	29
50	152	212	144	63	38	54	30
56	153	226	152	65	36	39	37
53	158	233	148	60	30	55	38
59	156	192	119	51	32	69	38
60	151	199	121	50	32	71	41
58	131	201	125	53	34	74	41
50	144	209	154	57	36	98	33
49	130	185	149	59	42	92	33
41	115	177	149	55	39	86	31
40	122	189	151	54	38	85	27
42	144	231	157	56	39	98	30
43	132	202	114	48	40	74	30
45	150	213	123	54	38	70	30
45	157	222	120	59	40	67	30
43	144	221	123	64	44	70	32
42	126	180	107	62	41	46	31
49	164	197	116	68	42	45	36
45	154	194	110	62	40	46	37
49	200	188	111	60	41	46	39
47	206	169	103	55	36	37	40
42	223	168	107	57	42	69	37
41	199	151	108	50	42	71	33
46	210	144	99	50	41	71	32
45	176	200	109	53	41	69	33
46	165	205	119	54	44	78	30
46	137	207	118	51	39	54	31
41	140	225	125	49	34	54	30
36	166	224	131	55	36	53	29
34	166	167	126	61	37	57	27
43	183	225	129	64	38	49	29
42	188	264	136	64	38	44	26
40	191	250	123	64	41	45	25
44	155	243	116	60	39	43	35
46	150	246	124	56	40	49	32
46	165	207	123	58	38	62	33
46	158	150	113	56	37	64	35
49	150	148	114	59	37	70	36
45	147	178	116	57	38	71	27
46	153	185	122	58	33	65	29
42	124	179	112	53	34	51	30
39	125	197	119	53	35	49	30
38	147	195	124	55	34	41	31
39	157	182	126	59	36	45	32
44	147	176	141	56	35	58	35
41	138	172	144	60	32	58	33
42	138	154	145	62	35	58	31
40	119	159	145	57	34	55	29
47	126	171	174	62	34	54	32
40	129	172	147	59	37	43	28
45	147	174	149	55	38	41	33
46	146	180	159	57	39	40	33
48	145	202	161	64	47	46	37
46	139	218	129	60	47	43	38
51	142	238	136	68	48	41	43
47	123	227	141	73	54	58	41
52	126	257	141	76	52	60	44
51	124	252	133	71	47	59	44
52	162	223	134	74	48	58	41
56	200	190	131	70	50	56	40
58	219	201	121	63	42	40	40
60	226	171	101	57	44	41	38
60	236	146	100	56	43	62	41
57	218	169	93	48	39	67	40
49	181	186	97	48	34	67	37
51	163	211	103	51	35	66	37
47	170	192	104	53	39	76	37
50	185	202	107	52	40	72	35
50	187	198	116	58	43	68	36
50	183	210	112	60	45	68	36
44	186	226	112	59	47	74	37
45	172	230	124	65	44	63	40
48	143	236	131	71	46	51	41
47	122	229	127	69	44	58	41
49	121	222	133	72	46	60	41
54	124	176	141	74	44	54	38
52	131	183	135	71	41	52	36
43	131	168	128	69	38	46	29
43	124	161	123	66	39	38	30
45	120	139	106	59	42	36	29
39	134	164	92	61	43	34	32
40	148	183	101	59	44	32	31
49	177	180	97	58	48	39	34
51	177	181	95	59	57	36	33
48	185	190	95	56	54	36	33
49	183	223	112	58	52	36	30
52	197	279	125	60	51	39	32
46	183	297	131	60	48	31	30
44	199	298	133	58	38	39	30
48	202	294	135	61	41	64	37
58	195	285	125	52	42	65	40
53	170	218	95	55	42	63	39
57	156	231	95	57	40	66	39
59	149	225	94	57	36	62	36
55	151	228	90	54	31	35	29
47	172	187	84	53	29	35	25
48	165	202	90	44	26	61	25
50	165	169	97	39	26	59	24
45	156	169	98	39	26	61	24
44	152	163	106	45	28	63	27
41	135	158	101	43	27	64	25
43	151	219	138	51	29	41	25
33	153	225	128	58	31	40	27
37	160	234	138	62	32	35	30
39	160	241	140	59	29	31	27
38	183	245	141	60	32	24	29
37	172	162	100	54	30	27	29
38	168	132	112	51	32	31	32
36	162	134	102	51	34	37	33
38	166	162	118	59	36	39	39
37	129	184	123	64	38	43	39
42	144	184	123	67	43	48	42
46	146	194	112	61	42	49	40
53	158	194	115	64	41	48	39
55	149	172	98	64	44	66	36
56	155	165	129	68	44	71	36
52	145	176	142	67	40	68	34
49	146	178	149	68	39	66	33
41	134	179	149	64	37	65	35
51	174	202	152	67	37	47	35
55	169	189	136	68	33	39	37
57	164	205	143	74	36	38	36
58	163	199	134	72	35	36	40
61	185	204	134	71	36	35	38
49	155	194	127	62	31	30	33
45	148	190	112	51	31	29	32
43	152	156	86	41	28	34	30
50	166	164	93	56	41	42	38
48	141	143	82	53	42	41	38
54	131	180	104	67	48	67	43
54	161	182	101	69	54	68	43
54	154	193	113	69	55	66	43
46	150	200	122	71	55	63	34
43	148	199	123	72	55	64	34
34	142	143	128	66	52	41	28
37	116	137	133	72	57	40	28
39	124	154	142	76	55	39	27
37	121	153	137	72	48	36	27
42	130	153	137	77	50	41	27
46	149	192	122	73	50	36	27
42	153	196	121	69	40	39	30
43	156	174	101	63	40	42	32
47	182	164	94	60	42	43	36
46	183	171	96	61	39	38	36
45	175	159	112	63	39	39	36
45	175	157	110	61	36	34	33
48	170	178	128	65	37	33	33
44	129	186	132	63	37	31	28
42	131	202	135	56	40	31	28
40	139	191	122	52	40	32	30
44	142	229	120	47	40	34	28
38	145	255	109	45	41	31	28
39	147	250	106	47	42	42	29
40	151	235	96	47	36	42	32
38	152	223	91	55	40	44	30
34	141	181	107	60	41	41	32
35	141	124	104	66	42	44	32
34	137	106	96	65	39	33	32
30	116	102	99	66	41	34	28
35	111	98	94	60	37	30	30
38	109	110	78	57	35	33	28
37	114	144	94	56	32	31	27
34	122	166	103	55	31	35	26
38	137	170	109	58	29	33	27
42	160	207	132	61	29	33	26
46	170	205	137	66	33	37	28
48	181	195	125	58	33	35	29
49	180	183	122	58	33	32	28
50	168	175	117	54	35	32	29
51	161	152	94	49	34	35	30
42	156	157	85	44	31	34	26
67	144	140	96	50	31	34	28
69	161	138	92	50	29	34	28
69	170	137	96	53	31	35	28
65	173	134	98	63	35	33	26
68	167	125	97	63	36	30	29
41	158	172	106	63	36	32	28
44	147	184	110	67	38	35	31
43	154	218	111	65	36	34	32
49	122	216	126	60	44	37	32
49	136	220	127	58	42	39	33
55	164	189	110	56	47	40	32
50	154	180	117	55	46	36	30
55	165	143	117	55	50	47	33
50	168	123	93	50	41	44	32
56	205	172	124	63	50	46	31
50	187	168	129	70	57	48	31
57	197	186	128	74	60	49	31
74	197	186	125	73	56	39	28
76	197	196	128	74	55	40	28
71	157	148	114	68	54	39	32
72	160	141	107	58	41	31	31
71	153	110	94	51	39	30	35
52	125	105	93	52	38	31	35
49	118	172	96	57	38	30	39
47	133	176	81	49	28	27	36
47	127	190	85	54	35	29	37
43	119	202	99	56	35	34	33
35	126	206	100	58	34	35	31
34	144	170	110	59	36	33	25
46	121	190	128	59	35	35	28
45	143	201	129	56	32	36	28
48	151	189	120	53	30	30	27
