0	1	2	3	4	5	6	7
81	55	354	155	57	36	51	53
98	58	389	163	55	36	60	64
104	62	393	170	59	40	54	69
125	62	330	155	64	39	51	80
120	61	337	160	65	44	52	82
122	66	310	177	72	47	54	85
108	65	327	204	82	50	56	74
98	61	343	212	83	46	50	68
71	56	324	206	78	44	50	53
97	59	355	218	81	45	51	68
92	57	419	240	80	43	54	61
113	58	434	245	76	41	57	73
120	61	425	238	69	39	57	78
122	64	441	243	71	41	59	80
104	65	434	249	73	38	57	69
109	60	398	222	71	35	67	69
100	61	365	198	64	31	58	70
92	58	394	200	66	34	58	63
95	60	360	194	68	36	59	71
98	57	345	167	61	35	71	71
94	58	326	148	52	35	59	71
78	55	303	131	52	36	59	61
80	67	306	121	49	32	58	64
87	72	322	150	49	27	56	58
101	75	404	176	50	32	53	58
99	74	398	188	59	33	51	55
99	77	392	234	76	40	54	52
96	67	371	238	79	41	57	50
101	63	384	223	79	44	82	58
80	61	293	221	84	45	74	55
85	58	288	217	85	45	73	57
84	54	320	180	75	39	68	56
92	59	343	185	75	38	67	65
93	57	327	176	72	34	60	69
105	58	335	155	68	34	61	82
99	60	371	188	76	32	61	80
97	66	355	189	76	40	64	80
96	70	309	171	72	40	64	78
92	65	296	177	74	40	39	74
78	64	351	193	71	38	35	59
77	67	385	213	68	40	48	58
112	71	398	201	63	32	47	62
127	73	426	216	66	32	52	60
139	77	429	224	65	32	72	66
142	76	388	211	67	33	78	73
154	72	426	197	60	31	99	78
140	63	449	212	66	30	103	77
141	60	437	206	69	36	101	80
124	63	451	211	74	38	89	68
121	63	450	211	72	35	93	61
119	81	369	183	71	38	66	64
110	85	313	167	67	42	61	59
83	79	298	162	63	37	60	51
75	82	300	151	59	36	63	48
74	81	321	155	62	37	57	48
55	72	354	150	55	37	56	40
55	65	363	157	53	35	51	42
61	65	367	155	53	41	53	45
62	56	377	163	48	41	70	47
69	59	359	159	49	42	63	48
106	52	316	157	52	38	63	69
112	64	310	153	50	39	61	70
111	67	314	162	53	34	62	71
113	67	307	145	57	32	59	69
116	71	297	159	62	33	59	68
90	68	275	144	59	33	57	45
116	67	322	173	60	31	74	66
120	65	314	167	58	31	75	71
121	70	301	186	61	36	59	72
112	75	319	177	57	33	67	72
114	74	320	182	57	35	86	73
81	65	285	169	56	35	75	54
77	74	325	189	57	38	73	46
73	71	341	185	53	39	74	42
87	66	322	177	57	42	77	61
78	68	324	177	59	41	55	57
79	68	370	181	61	41	54	58
75	63	366	172	65	43	68	57
80	59	349	163	64	40	65	67
70	58	347	168	58	38	54	56
73	54	342	167	58	39	55	61
73	57	316	164	59	41	68	60
76	57	279	165	62	39	53	64
80	63	310	179	65	37	55	62
73	57	307	178	65	40	54	60
69	56	327	184	63	39	71	57
95	57	339	196	61	36	60	72
89	56	372	194	58	34	61	70
81	56	359	195	64	39	67	63
87	60	381	194	66	38	76	65
99	62	376	203	71	40	64	76
77	58	353	187	71	40	62	59
79	53	321	200	75	41	65	60
86	51	357	209	69	38	71	63
86	60	372	213	66	37	60	62
80	60	354	198	61	35	55	46
80	65	360	212	68	35	57	47
81	69	389	202	64	36	60	52
101	74	353	215	76	33	45	56
115	68	320	217	75	33	49	61
111	70	340	234	80	33	64	67
109	63	368	237	76	34	64	70
112	58	336	231	74	34	59	68
89	46	327	196	59	34	58	63
75	45	326	195	60	35	68	58
75	51	324	187	57	36	54	54
71	53	245	153	54	34	55	53
67	54	279	162	53	31	68	52
68	56	321	170	53	32	71	52
59	54	358	183	62	36	62	47
57	55	363	184	61	35	75	47
85	61	361	177	58	34	77	51
79	63	329	163	56	34	66	49
77	64	336	184	62	34	64	47
78	68	345	189	57	30	74	49
87	58	328	189	62	34	62	51
93	56	350	201	62	34	60	57
96	52	397	220	70	36	79	57
118	50	362	203	72	38	79	73
126	43	333	176	70	37	67	78
120	46	342	174	73	37	80	79
101	39	354	196	79	40	83	71
99	42	339	192	77	37	64	70
75	41	320	185	71	36	65	56
55	47	394	208	75	35	73	47
85	46	388	202	71	34	58	51
84	48	355	176	67	35	52	53
83	45	357	172	65	37	68	53
83	42	368	176	67	38	70	54
91	49	302	181	67	37	60	58
66	50	332	199	69	41	59	48
81	50	349	209	75	61	77	54
84	53	322	213	79	68	62	51
85	57	330	222	80	69	60	50
82	47	304	203	75	71	74	50
79	45	278	188	70	69	74	51
67	47	288	175	61	54	56	47
61	54	333	184	65	46	58	47
55	51	331	178	65	44	67	44
51	61	399	186	67	42	50	38
77	62	390	179	67	41	51	52
99	60	374	174	68	38	59	62
107	59	349	166	61	36	61	65
129	72	340	162	57	36	51	72
134	64	242	145	53	36	55	76
122	64	254	150	54	37	62	66
108	64	290	148	53	40	56	55
100	66	304	131	49	38	51	51
73	54	316	138	52	38	70	46
81	62	336	151	58	38	69	49
77	65	342	146	54	37	62	49
76	66	319	158	55	30	59	48
77	58	329	178	58	31	77	50
77	56	368	175	55	31	59	44
64	45	373	169	50	32	61	39
73	41	390	204	56	35	75	39
70	36	387	205	60	48	74	42
67	44	367	185	60	47	56	38
73	54	373	184	58	48	56	45
65	62	402	190	59	49	73	41
61	63	377	154	53	46	57	41
57	64	365	145	50	34	56	37
76	61	375	159	48	34	70	49
73	54	359	189	53	36	72	45
76	50	332	195	56	35	55	46
81	53	344	200	60	39	58	52
80	50	347	197	60	38	71	52
81	52	346	197	60	44	59	48
81	55	364	193	62	45	56	47
86	52	355	180	56	42	65	48
88	50	349	187	58	40	64	50
89	52	346	187	55	40	52	54
80	46	313	173	53	34	61	49
84	47	270	200	60	41	74	51
79	45	275	209	67	40	65	49
67	52	320	235	68	41	64	42
77	51	318	241	72	42	77	45
79	51	318	242	72	44	73	45
74	46	296	192	62	35	60	54
83	52	328	185	57	37	79	61
83	47	284	167	56	39	78	60
73	52	293	157	51	36	65	55
65	53	312	172	55	37	68	54
66	52	303	173	55	39	69	45
57	53	269	170	56	39	49	35
71	48	291	160	58	37	53	35
81	46	295	167	58	37	73	43
81	44	277	149	55	36	65	44
80	49	281	148	58	33	65	47
81	54	305	162	64	34	74	52
69	59	290	153	63	37	76	51
59	57	279	148	64	38	58	45
59	64	289	168	68	39	60	45
52	68	312	164	63	41	76	41
47	60	287	151	59	39	67	32
58	56	261	145	56	39	63	47
62	57	268	168	60	43	73	48
77	51	271	167	58	39	72	59
83	45	257	170	63	36	57	61
86	43	241	168	57	35	69	63
82	44	267	162	54	33	71	55
79	44	282	141	51	30	60	53
70	44	316	140	55	31	61	44
67	44	327	160	60	35	72	44
78	46	374	176	67	37	58	51
78	47	382	179	69	38	54	51
76	48	370	177	69	38	73	50
75	47	347	175	65	41	74	45
69	43	332	151	56	39	60	43
53	44	275	126	52	38	62	32
47	42	263	125	54	38	65	33
52	46	281	136	60	37	58	38
49	51	290	137	61	37	56	44
58	55	309	147	63	35	54	47
66	57	318	172	67	35	53	52
70	57	310	175	65	34	49	50
65	58	294	166	58	32	29	48
69	58	273	174	64	36	60	59
64	55	289	173	61	35	62	54
64	52	306	158	57	33	63	53
60	52	307	177	67	36	64	52
61	47	299	181	71	39	79	54
54	43	291	162	63	30	63	37
53	48	306	166	67	37	61	42
50	49	310	158	64	38	60	40
52	54	335	133	51	36	61	41
59	56	420	175	52	32	44	44
59	53	418	177	53	39	50	41
57	55	378	173	51	36	50	40
49	54	351	179	60	39	50	36
58	52	335	185	63	40	50	40
73	49	214	149	61	43	60	44
76	51	236	162	67	42	52	46
77	44	234	152	67	43	54	48
81	52	243	174	66	42	53	52
75	55	219	171	71	45	72	49
55	59	242	162	67	46	60	42
52	56	218	150	64	44	59	42
52	63	232	174	64	43	60	37
61	56	249	170	72	42	60	42
60	50	279	177	70	39	53	43
61	50	324	184	71	36	56	41
63	52	341	185	70	37	55	41
86	43	342	174	71	34	55	55
79	43	322	152	58	34	56	51
80	45	322	143	54	34	43	50
84	43	285	128	50	37	56	58
83	45	268	123	47	34	55	59
60	46	259	114	44	33	55	48
57	43	289	122	45	35	56	45
58	51	279	123	44	33	72	45
50	50	267	134	48	32	64	35
51	48	275	146	49	35	65	34
48	52	305	162	49	36	63	30
79	56	313	165	50	38	62	44
