0	1	2	3	4	5	6	7
58	136	218	139	58	38	31	36
59	149	248	141	54	34	32	35
49	151	251	128	46	34	31	36
58	160	230	103	44	91	30	38
56	160	227	100	49	346	36	41
57	195	224	121	57	427	37	38
65	191	216	147	64	434	39	37
66	174	211	149	63	446	39	36
64	164	184	148	62	451	42	36
63	172	205	179	67	325	42	31
73	144	219	175	70	218	40	42
91	184	206	159	66	205	38	53
92	185	264	176	74	208	39	55
91	205	267	191	81	209	36	54
95	214	288	194	84	199	34	55
86	229	269	196	86	202	32	49
64	221	272	191	84	207	33	44
64	220	338	222	86	190	41	43
63	209	353	215	78	181	42	44
64	277	375	201	71	181	42	45
76	305	383	193	63	172	47	46
71	286	393	190	62	166	45	37
70	291	321	151	58	180	38	36
76	300	363	212	66	166	40	36
76	224	323	209	70	146	38	34
65	164	304	209	69	204	34	37
64	179	280	218	76	212	36	36
66	194	252	211	74	192	37	38
64	208	159	141	66	192	38	43
70	213	141	129	60	185	41	51
67	205	155	134	63	115	44	47
65	189	169	120	53	156	44	49
70	208	189	117	53	162	43	53
70	175	190	109	49	157	40	51
68	170	203	112	51	160	36	42
67	172	206	106	53	155	36	43
73	197	197	93	54	102	35	44
70	161	187	96	54	88	36	38
66	178	177	99	54	76	35	36
56	184	157	93	50	67	36	37
59	193	136	84	44	65	32	35
52	169	146	115	50	53	31	34
48	161	132	120	56	55	33	34
47	157	170	126	60	52	32	33
61	167	188	126	59	44	32	31
65	165	194	127	61	43	32	30
73	172	183	100	58	44	34	34
76	199	190	85	53	37	31	33
109	203	297	198	83	46	35	37
107	223	325	200	85	45	37	39
107	231	326	207	86	43	37	44
131	251	329	213	87	42	37	48
133	259	358	223	84	43	39	48
109	246	274	136	62	41	37	55
131	230	236	143	60	42	34	60
140	215	247	146	59	43	35	59
119	195	252	138	56	39	30	52
119	180	236	143	57	39	29	54
131	188	228	155	52	33	27	46
129	178	232	154	54	35	28	43
125	184	222	149	53	33	26	43
128	173	237	155	54	35	29	45
127	196	230	151	55	35	28	42
120	198	237	143	52	34	29	41
102	214	251	166	49	29	28	35
95	226	259	189	51	28	28	34
84	227	253	192	48	27	28	36
80	198	266	182	49	34	33	38
70	186	256	176	48	35	35	43
63	176	253	149	46	41	33	42
60	164	274	130	40	42	34	42
80	170	261	115	42	48	34	38
78	156	239	118	41	50	31	36
83	175	257	121	41	50	27	28
81	159	246	121	46	50	29	30
90	171	207	100	48	65	29	30
79	186	223	113	51	72	28	36
84	181	216	116	54	72	26	42
92	206	264	102	57	72	26	47
93	231	276	115	55	72	27	45
91	230	315	131	55	71	30	51
86	210	314	121	54	67	32	49
85	234	306	114	48	73	32	45
70	199	246	129	56	74	32	43
66	163	226	119	60	87	38	46
57	144	213	126	70	90	37	47
71	147	234	166	80	89	37	44
72	127	279	182	90	82	38	47
73	130	280	180	90	84	39	46
72	130	291	184	89	84	35	42
76	128	310	213	87	88	34	40
71	142	312	197	80	89	35	44
67	124	277	199	78	95	35	41
64	112	274	193	73	95	34	41
69	139	265	206	84	93	37	45
68	185	211	186	85	79	35	42
58	183	202	191	83	82	34	39
56	181	202	174	76	93	36	36
59	196	220	178	76	91	37	37
60	192	217	166	62	84	34	33
56	152	213	141	54	86	33	31
53	147	193	121	61	96	34	28
56	151	180	118	64	82	33	33
60	138	211	144	72	94	36	36
55	133	238	141	71	93	34	37
51	130	244	145	72	91	36	40
59	125	232	144	66	98	36	42
59	137	231	142	62	101	36	40
58	136	186	109	57	89	31	36
62	127	141	104	57	86	32	39
65	120	121	86	55	87	31	34
62	125	121	88	52	60	30	33
62	115	137	94	54	51	30	35
55	109	127	90	48	53	31	36
53	111	126	85	46	56	29	33
56	120	130	90	45	49	29	35
75	122	128	84	42	43	28	35
82	125	141	95	49	43	27	36
91	136	165	98	51	39	25	35
95	163	189	99	56	36	26	36
94	158	197	98	56	34	28	36
79	151	237	108	55	34	28	37
73	145	240	103	50	27	28	34
69	141	220	100	46	31	29	34
62	99	198	97	37	31	28	31
67	108	189	114	43	33	25	32
88	116	168	106	44	34	23	29
100	113	146	101	43	35	26	31
99	107	150	105	44	30	25	37
103	126	161	125	46	31	26	39
101	119	165	107	41	29	28	41
80	111	144	106	39	28	27	43
76	108	166	137	45	32	28	45
79	133	167	141	46	32	29	39
74	130	156	127	47	34	31	37
74	136	156	131	49	33	31	33
80	161	174	146	52	34	31	31
68	165	164	118	46	30	28	29
71	150	192	107	44	29	28	31
81	138	204	112	44	30	29	32
82	130	199	111	46	33	31	34
78	95	184	90	46	33	34	33
78	115	174	98	45	32	34	32
68	120	173	116	47	31	33	31
53	116	161	112	50	26	30	33
48	122	221	129	48	24	30	31
50	120	222	131	49	26	27	31
50	105	224	130	49	29	27	31
53	93	209	121	50	34	28	31
67	92	208	118	47	39	27	27
76	100	177	113	48	41	26	28
77	103	207	125	47	54	28	29
80	94	205	120	45	85	30	34
78	97	210	117	44	92	30	33
71	111	214	120	46	92	32	35
62	97	223	108	48	115	33	35
55	96	187	97	53	119	36	41
54	100	200	112	52	106	35	39
56	97	189	115	55	101	36	39
49	88	198	109	53	104	37	39
50	90	156	104	49	107	37	38
54	102	182	107	48	102	33	33
48	99	180	101	52	96	32	30
51	146	199	112	55	106	35	31
50	143	185	120	60	111	33	30
49	147	209	136	64	98	32	29
63	138	187	127	62	101	34	33
89	142	168	115	58	101	35	36
88	93	154	107	55	91	30	38
102	96	164	105	51	83	35	36
135	102	134	92	50	96	35	39
132	103	146	106	54	92	36	39
121	104	152	111	59	91	35	38
121	120	157	108	56	97	37	36
112	118	194	123	62	98	35	38
73	130	207	126	64	71	35	36
68	137	221	121	62	68	35	33
63	135	224	123	62	90	37	35
62	131	217	120	64	84	43	36
62	130	193	101	55	83	40	39
65	120	175	93	52	82	39	39
65	111	145	84	53	91	41	42
61	111	132	76	50	87	41	40
71	104	126	76	47	92	33	41
74	129	133	80	49	91	35	37
73	136	173	97	52	90	37	35
72	141	175	94	50	76	34	33
78	143	174	94	52	52	30	33
68	146	170	92	53	36	34	31
68	133	140	81	52	40	33	32
70	115	130	68	49	39	30	40
78	128	127	77	46	39	30	40
88	146	130	78	46	38	32	42
93	137	133	79	44	40	29	42
93	127	135	84	43	35	29	40
96	126	112	91	48	33	30	33
126	119	126	110	55	36	30	32
126	134	143	114	56	38	30	31
129	144	142	117	59	37	27	33
140	154	153	143	69	35	29	34
145	164	200	183	78	37	27	35
118	176	212	188	78	33	32	36
111	147	202	188	78	35	34	34
114	138	218	191	77	34	32	33
131	174	232	201	76	36	30	37
122	169	218	162	59	33	31	37
121	151	199	140	54	35	26	35
123	145	218	142	49	29	25	35
125	176	244	145	48	30	30	37
110	154	243	111	38	29	31	36
107	152	236	112	44	29	31	37
106	157	234	112	41	26	30	37
112	156	236	134	49	31	29	37
107	136	210	132	49	33	28	36
104	115	191	127	51	34	28	36
107	128	165	119	49	35	26	35
117	143	193	125	50	37	27	35
108	148	176	105	47	35	32	41
113	136	179	116	51	32	28	41
96	152	189	115	48	35	29	39
101	143	214	121	48	36	31	38
90	122	191	116	47	37	31	39
96	118	186	108	45	48	28	34
80	117	161	86	43	57	30	33
81	95	229	98	52	61	31	32
68	87	219	99	54	65	30	33
73	82	217	97	58	92	34	31
67	107	233	104	64	96	33	33
64	106	242	123	70	96	33	35
62	103	192	123	71	185	36	34
62	111	204	149	78	204	42	36
68	119	257	198	92	200	40	39
75	113	278	213	93	199	42	41
76	124	280	204	87	208	43	39
74	125	270	204	86	195	41	41
72	133	298	190	81	188	34	39
59	131	256	140	62	204	36	38
48	128	245	121	56	234	34	34
52	143	274	136	63	229	35	38
55	149	275	128	58	188	33	36
56	136	225	116	54	203	40	40
53	131	232	124	54	196	37	37
53	134	228	130	56	170	36	38
54	131	216	131	48	265	35	36
56	152	214	160	64	304	37	35
61	155	217	172	68	296	33	33
68	174	215	167	73	290	34	35
72	168	184	152	73	287	37	35
68	157	177	145	76	203	36	32
70	134	165	126	66	126	35	39
65	132	188	111	61	110	37	37
61	110	182	105	55	137	36	36
58	110	216	116	55	222	34	34
61	110	209	119	58	227	36	39
61	110	215	106	60	233	36	35
63	107	196	104	59	232	31	35
64	111	192	107	60	213	31	35
66	153	166	101	55	125	31	34
61	149	140	79	44	107	29	27
54	138	137	91	39	96	27	28
56	143	125	97	43	89	29	29
71	143	128	99	45	80	28	32
75	109	153	98	47	57	28	37
78	104	159	118	52	47	25	38
87	130	154	110	53	49	29	42
92	176	155	107	49	44	29	42
81	176	193	106	49	41	30	39
76	164	188	134	55	41	30	35
75	163	182	127	53	42	32	36
64	153	183	126	51	34	29	28
58	95	185	127	54	34	27	31
53	83	144	126	54	39	26	34
60	92	210	153	53	41	27	34
60	102	228	156	55	42	26	39
63	90	238	162	58	39	27	39
76	93	255	165	56	42	28	39
84	100	262	172	58	38	27	38
81	109	195	122	52	36	25	40
115	114	197	122	57	38	28	36
115	128	204	132	59	42	30	37
110	125	184	132	59	38	28	33
115	158	172	121	56	38	30	34
117	153	178	122	57	37	30	32
81	153	176	119	54	40	32	31
82	153	186	116	48	36	27	30
78	165	211	118	47	44	30	31
60	134	234	125	48	42	28	27
51	150	262	125	49	47	28	29
53	142	251	117	43	44	27	30
49	130	238	108	47	69	32	29
40	109	217	107	52	74	36	31
45	110	278	108	55	75	37	32
45	106	263	112	54	75	38	29
46	104	254	111	54	93	38	28
45	110	243	109	51	102	37	28
46	114	277	118	52	99	34	25
48	126	225	126	54	102	35	28
46	102	217	137	54	103	36	29
45	112	227	139	53	94	34	30
45	112	244	152	57	84	33	31
50	110	213	146	55	96	31	32
45	96	196	141	57	100	35	32
47	97	189	127	58	102	36	33
47	91	187	130	67	101	33	29
48	85	192	125	67	146	34	29
42	109	193	122	65	140	37	29
44	134	209	134	67	145	32	29
46	135	222	143	73	146	30	26
46	137	252	143	67	144	34	28
42	136	235	127	66	100	36	28
46	132	253	150	71	96	33	31
46	132	235	133	66	123	39	34
46	137	224	120	60	167	38	39
44	140	180	116	63	190	36	38
56	142	179	121	62	196	35	40
55	133	141	101	57	201	37	37
53	114	125	103	56	193	31	32
55	111	156	112	53	245	35	31
60	100	167	117	58	234	38	33
49	98	164	112	55	233	36	32
47	100	155	99	58	236	39	35
51	122	162	96	58	225	39	37
45	120	133	91	57	120	36	35
43	124	137	83	54	115	34	36
45	122	131	81	50	141	34	34
52	122	166	103	59	138	32	34
55	107	180	114	63	142	34	34
57	114	183	113	66	143	35	42
66	154	193	118	64	139	37	41
64	158	203	126	72	98	40	43
68	158	183	117	65	85	36	42
64	148	175	106	61	79	35	40
64	163	174	112	60	76	35	32
56	144	177	116	58	67	31	31
61	149	203	114	48	54	27	28
52	154	213	121	45	63	28	30
54	162	234	136	43	97	26	32
51	163	247	131	38	115	31	30
58	172	238	121	40	117	31	31
59	170	211	123	43	117	33	38
70	185	232	111	49	113	35	35
71	203	274	122	46	86	36	34
73	195	255	126	50	58	30	32
73	221	256	136	56	55	30	39
67	218	266	140	56	51	26	33
58	212	260	155	66	43	27	35
58	191	187	143	74	45	29	38
62	194	242	151	76	46	31	44
55	154	261	162	74	47	33	42
61	164	265	164	72	47	37	44
62	157	277	155	60	47	34	45
64	168	287	152	53	44	36	46
56	153	242	138	47	39	36	41
60	175	210	112	42	33	34	38
59	168	213	107	43	35	32	40
56	168	177	105	47	37	31	38
55	162	155	92	43	40	28	37
57	170	154	94	46	54	26	35
53	146	162	99	47	58	30	35
49	144	129	92	47	61	31	32
47	133	116	77	42	65	29	33
45	137	145	80	48	77	30	32
45	125	150	79	48	77	33	34
45	109	155	72	47	91	28	36
44	111	160	68	47	96	27	33
44	114	178	76	52	122	35	36
53	99	178	87	50	186	38	45
55	121	195	121	60	189	39	46
57	143	217	136	62	185	40	44
58	155	214	135	62	184	42	43
60	156	199	132	58	181	37	40
54	161	186	131	57	114	31	32
52	161	160	109	46	103	30	35
54	144	124	122	47	97	29	35
54	125	121	133	50	92	25	37
57	137	112	133	50	66	28	42
54	132	96	130	53	57	29	41
58	141	105	122	52	57	26	40
51	138	119	94	51	58	28	40
56	142	122	79	46	58	30	40
49	134	120	78	48	54	26	34
48	134	119	75	49	45	27	34
43	118	110	73	50	40	26	31
45	127	87	69	47	37	25	32
37	135	77	61	46	36	24	30
37	133	115	72	49	29	26	32
46	130	125	79	47	35	25	32
47	117	123	75	43	65	25	32
57	104	115	72	43	113	30	33
59	88	174	98	45	130	35	40
67	88	175	98	47	132	34	38
61	109	190	105	45	134	35	37
64	126	192	111	51	124	37	41
61	127	199	124	57	99	35	40
60	132	153	109	57	84	30	35
56	152	177	160	66	86	35	36
57	151	174	159	75	87	35	37
52	140	190	170	74	87	34	33
49	148	198	168	76	71	31	32
49	147	208	168	75	61	31	32
42	152	177	144	78	55	27	31
47	149	175	153	81	48	27	31
50	171	164	150	91	56	29	34
50	199	155	143	89	60	31	34
50	198	149	160	97	64	33	36
53	179	148	154	93	66	30	36
50	172	133	143	88	62	34	35
44	156	129	132	79	54	31	35
47	133	121	132	78	46	32	33
49	158	107	108	68	39	29	30
48	170	91	83	65	34	32	29
51	187	132	89	61	37	28	34
56	183	140	107	63	36	31	30
52	183	148	108	62	34	28	30
51	196	159	120	65	37	31	34
50	202	172	125	59	37	29	37
45	199	156	113	56	36	29	32
53	244	192	137	53	36	27	33
62	245	196	140	57	39	29	39
67	249	214	137	56	39	27	35
74	239	215	133	55	36	28	38
75	228	210	134	55	36	29	39
68	195	170	94	51	34	27	39
78	222	183	103	49	32	29	37
75	224	182	110	47	30	31	37
71	221	203	112	48	33	31	34
71	225	197	109	48	33	31	35
75	220	195	105	49	35	32	37
56	197	173	86	44	32	28	32
55	164	160	95	44	34	32	35
54	183	119	93	43	29	29	35
64	178	125	96	44	28	29	41
64	167	122	93	42	28	32	41
71	188	124	96	42	29	32	44
69	178	99	63	39	27	27	41
71	156	92	71	41	29	30	42
62	157	87	73	36	28	30	36
59	196	91	74	38	28	26	35
51	156	96	78	41	30	25	33
52	155	134	85	43	33	26	33
46	162	153	81	44	38	29	31
51	190	155	80	50	41	34	34
51	159	164	83	51	48	37	34
52	160	172	95	52	48	38	33
50	160	159	99	54	48	40	33
50	162	152	105	52	47	37	30
48	119	148	104	53	62	33	28
46	102	140	109	53	77	35	29
46	98	130	98	52	90	36	31
49	119	167	112	48	90	34	31
49	110	186	127	50	89	34	33
53	110	194	134	53	82	33	31
52	110	194	132	56	72	29	32
50	109	195	136	57	71	27	34
48	96	187	139	60	87	27	35
51	94	170	126	61	89	28	35
45	127	165	122	57	91	30	35
46	131	172	130	55	98	32	34
45	124	226	180	66	101	31	32
59	134	217	173	69	99	29	32
60	140	228	179	71	104	29	32
69	121	243	181	71	101	28	36
77	139	243	184	69	92	28	37
82	139	193	130	57	108	35	38
87	132	174	118	49	102	36	36
87	128	154	98	39	99	40	44
87	154	168	154	58	99	38	39
82	138	180	151	65	100	39	39
78	143	175	152	67	95	35	37
67	137	172	155	68	112	38	44
69	131	171	153	65	126	36	36
68	127	157	103	53	128	39	43
66	149	173	133	48	132	38	43
66	149	173	138	45	120	36	48
58	149	172	138	48	150	34	43
61	169	172	147	56	140	34	43
62	178	172	138	54	138	33	39
63	163	144	111	52	135	35	45
67	178	148	111	59	132	38	45
72	194	158	123	60	70	37	45
64	189	160	114	54	68	37	44
53	183	132	109	51	68	34	45
54	186	128	94	49	65	33	39
65	176	153	92	40	56	29	37
63	160	144	72	36	52	29	35
64	153	137	74	34	56	31	36
63	121	141	80	35	53	30	35
62	120	187	92	34	48	31	35
47	113	173	88	37	51	30	36
46	108	176	88	40	50	30	41
46	111	183	97	42	60	26	41
50	112	186	105	49	85	31	37
48	117	140	100	53	90	31	36
49	123	151	121	54	92	31	39
51	125	151	121	57	94	32	34
54	109	141	116	55	88	32	34
49	116	141	127	115	79	29	34
49	128	164	131	123	75	29	35
44	124	178	117	125	74	35	31
41	126	200	153	151	79	36	31
57	136	248	253	177	82	39	30
62	185	333	317	161	70	41	37
61	173	349	337	166	73	44	37
73	185	344	343	166	73	40	43
83	187	335	336	148	66	41	44
90	230	362	308	138	57	39	45
93	205	303	241	130	52	35	41
97	208	291	223	133	73	34	44
94	195	283	220	142	105	35	37
86	198	304	226	143	120	33	37
64	161	270	192	126	121	35	36
59	152	262	191	120	123	35	37
52	148	239	185	111	165	37	34
48	177	239	186	98	170	36	33
49	175	225	182	98	174	37	32
51	169	186	164	94	174	37	31
50	184	174	169	91	178	39	36
50	194	169	154	78	158	34	38
52	175	198	146	76	142	33	36
51	172	194	126	64	135	33	47
54	171	208	118	66	135	33	50
52	149	204	98	56	128	29	49
59	129	202	104	55	109	32	50
55	131	166	89	54	99	33	53
60	143	176	106	50	84	31	47
60	143	176	106	50	84	31	47
64	161	270	192	126	121	35	36
59	152	262	191	120	123	35	37
52	148	239	185	111	165	37	34
59	153	185	133	59	83	32	46
59	150	211	149	77	84	32	44
55	168	214	146	77	66	27	42
55	168	214	146	77	66	27	42
51	169	186	164	94	174	37	31
50	184	174	169	91	178	39	36
59	153	185	133	59	83	32	46
59	150	211	149	77	84	32	44
55	168	214	146	77	66	27	42
59	166	214	153	78	72	31	38
53	153	183	146	77	94	31	34
58	140	157	117	69	101	30	34
58	175	121	101	50	97	31	30
57	181	120	98	49	92	31	28
60	183	113	88	47	86	31	34
62	194	135	75	53	61	36	38
56	200	138	71	53	49	36	40
54	171	144	64	50	49	35	41
55	154	162	81	52	50	39	43
45	153	168	86	50	42	37	39
44	140	154	90	44	65	32	37
41	126	140	92	44	69	30	32
47	147	134	94	41	70	31	36
43	156	122	79	37	68	25	33
47	148	144	78	40	67	24	31
48	147	183	86	42	42	24	31
51	153	181	83	43	41	30	30
51	134	180	75	45	40	30	31
57	117	203	83	47	41	31	32
64	145	222	95	44	39	31	32
64	142	195	94	45	39	30	30
62	134	192	93	43	31	26	31
62	126	192	97	41	53	28	26
59	136	180	91	34	79	26	27
49	116	154	83	38	83	27	31
47	119	164	82	41	86	29	31
49	111	170	86	40	90	28	30
42	114	171	84	49	87	28	32
40	108	159	86	51	76	28	33
37	101	152	96	56	85	30	31
35	97	146	96	52	84	30	30
36	106	187	101	52	82	30	32
45	104	196	103	49	87	29	33
46	93	191	114	54	119	29	36
49	121	219	131	64	113	30	39
50	127	215	131	68	114	30	40
48	121	200	138	76	115	29	38
48	122	189	139	77	115	32	41
47	139	185	136	80	82	36	38
49	113	151	132	71	79	32	33
48	111	181	142	76	77	36	36
50	130	153	135	73	78	39	36
43	153	153	130	70	66	36	29
43	136	153	126	63	50	33	29
38	139	144	108	61	71	34	29
37	145	177	101	55	73	32	27
49	132	189	98	50	74	32	30
51	106	187	98	47	75	30	31
53	113	188	99	47	76	30	31
51	107	192	86	42	71	29	31
56	95	141	88	45	76	27	34
47	105	137	86	44	71	26	31
53	136	152	90	44	68	27	34
56	135	153	90	45	67	28	35
60	134	139	90	48	55	29	35
56	128	117	70	39	49	29	33
59	117	127	80	44	48	28	40
54	86	164	100	58	52	30	38
53	104	173	104	58	48	28	37
53	112	174	104	57	52	28	36
56	117	175	104	58	61	29	38
55	144	159	104	55	61	27	32
56	174	106	95	51	58	30	33
49	164	93	86	51	58	31	31
45	156	95	86	50	54	32	32
45	164	92	87	49	36	31	31
44	159	107	89	49	36	32	30
45	130	159	83	43	36	32	30
46	127	160	85	42	35	31	33
50	131	163	82	45	36	30	35
52	128	169	82	45	35	30	31
47	104	237	137	59	34	29	31
46	116	205	140	61	39	25	30
45	121	208	141	61	39	28	30
42	116	211	148	59	35	26	30
36	105	218	159	64	36	26	34
40	109	185	126	51	33	28	36
39	88	213	133	50	29	30	35
50	87	229	142	52	30	28	35
53	92	239	140	55	31	31	32
58	100	256	143	50	32	31	36
57	108	235	142	57	42	35	36
55	103	222	143	60	41	33	35
47	97	207	165	67	42	35	38
45	113	213	180	73	51	35	40
40	118	211	171	73	56	33	34
44	118	212	165	76	59	31	34
50	116	207	153	73	74	32	38
51	114	220	127	64	77	31	33
50	99	243	116	57	77	30	32
60	91	238	132	57	77	36	33
63	75	301	176	55	102	35	41
61	77	330	193	57	107	34	40
61	91	325	190	58	111	35	42
64	119	296	183	55	110	36	45
55	116	284	173	58	108	32	45
46	126	211	119	47	84	32	38
48	123	176	116	48	68	35	41
51	132	171	122	47	56	36	41
57	141	179	132	58	57	38	43
61	145	177	135	54	54	37	44
65	143	167	138	63	48	38	46
60	146	144	111	59	46	36	44
59	145	156	104	59	46	36	44
64	130	300	158	68	47	34	39
62	128	308	163	75	49	34	40
63	120	306	161	69	52	34	44
65	116	308	164	68	52	33	40
63	108	314	168	70	51	30	39
48	88	196	112	52	46	28	37
45	85	194	97	41	41	30	39
41	98	203	94	41	36	28	33
42	139	287	101	44	37	27	33
40	133	282	98	43	36	27	33
43	133	272	91	46	38	26	35
47	134	268	90	45	40	29	34
43	132	267	96	47	39	28	33
43	102	171	84	43	34	29	40
56	131	150	78	47	38	34	45
60	131	141	69	42	35	34	46
58	128	131	71	43	42	31	44
59	122	143	71	42	41	32	42
58	122	150	93	45	42	31	36
47	80	149	99	45	44	27	33
43	96	144	101	49	43	27	31
44	99	141	98	48	59	24	32
46	103	120	95	49	70	24	32
47	92	107	85	46	72	26	32
47	91	103	77	40	72	25	26
46	74	103	75	40	75	25	30
57	87	103	75	42	73	26	31
52	83	99	72	38	70	25	32
57	82	100	60	39	70	29	33
60	102	125	57	42	71	30	33
61	98	173	94	41	71	30	29
55	86	183	103	46	57	35	27
57	83	186	103	47	55	38	29
49	82	186	105	51	51	58	29
47	65	190	109	49	46	60	31
57	66	164	97	55	45	64	33
58	63	219	119	55	43	61	32
59	73	229	127	60	39	61	30
62	78	261	150	70	43	45	28
63	105	353	185	75	44	42	29
56	139	364	188	76	48	39	28
48	153	356	193	91	61	40	31
55	177	358	200	94	66	43	34
60	193	345	184	90	62	42	37
64	183	265	166	90	66	44	35
63	173	256	162	85	61	42	34
65	183	244	137	67	50	40	34
61	160	236	123	62	41	38	36
53	182	268	135	57	44	30	30
47	185	244	113	51	39	28	29
51	177	234	101	50	41	31	33
53	161	204	99	51	43	35	37
51	166	211	101	53	45	35	33
54	133	162	101	53	41	35	32
53	122	158	102	58	50	36	35
53	128	148	98	56	52	35	35
52	149	152	93	52	49	31	33
54	142	127	84	45	46	27	35
54	131	121	57	39	69	28	39
56	135	110	53	34	76	27	41
52	120	108	54	34	82	29	39
48	86	162	80	38	84	29	39
44	95	175	100	52	87	33	40
42	103	210	109	55	73	33	38
44	111	227	112	54	63	32	35
43	117	226	111	55	53	30	35
47	123	188	96	52	63	30	33
45	117	192	89	43	58	27	32
50	116	176	108	44	56	25	31
45	106	173	117	43	52	25	31
46	105	179	122	49	52	30	35
43	115	182	126	51	43	31	33
44	117	173	118	48	47	32	33
42	128	181	107	50	45	36	38
45	129	171	96	55	46	38	37
45	129	167	95	53	43	35	36
50	125	172	107	61	42	36	38
52	127	203	118	62	42	39	40
62	125	189	136	61	42	39	39
63	136	192	143	61	43	38	39
70	137	199	145	62	43	37	38
69	138	212	136	58	39	34	37
73	169	194	142	62	36	30	40
73	171	182	122	56	35	26	44
74	164	179	117	52	37	28	45
70	164	178	129	54	54	29	44
68	154	167	142	52	64	29	43
63	116	173	135	51	77	32	39
51	106	170	128	53	82	33	33
50	112	175	131	62	93	29	36
50	124	211	129	64	88	32	38
53	140	262	126	75	83	32	41
56	135	247	128	77	78	28	41
58	135	245	130	79	80	28	40
54	125	241	123	74	76	29	38
56	112	220	116	71	72	25	37
52	89	160	137	65	70	28	32
47	101	152	131	62	64	31	33
49	97	178	133	65	56	28	31
49	100	187	134	64	64	29	31
42	100	185	132	63	93	29	31
42	105	172	96	55	100	27	33
52	96	182	88	53	101	28	34
50	95	161	79	48	104	32	36
48	85	181	79	51	92	31	36
56	95	196	73	48	79	34	37
56	103	215	87	51	72	34	35
56	121	220	92	59	79	32	32
62	138	217	105	66	77	30	36
64	148	188	107	65	75	32	34
59	146	154	102	66	60	30	32
63	166	127	93	63	58	29	32
55	157	107	90	54	51	28	33
46	142	103	71	42	55	26	29
46	138	109	66	39	60	26	31
50	131	110	76	39	60	25	33
47	100	123	92	41	63	27	33
53	100	160	105	42	62	30	37
53	122	180	113	45	55	34	36
52	125	170	117	47	50	32	35
52	128	167	113	49	54	39	41
53	155	160	102	51	50	39	43
51	159	145	99	51	47	37	40
57	143	126	93	49	48	33	39
57	139	133	92	46	51	33	38
57	161	143	94	43	44	27	32
65	168	144	95	39	53	32	35
66	161	123	82	37	53	34	33
61	158	123	80	52	53	36	35
67	168	142	98	58	56	38	38
73	229	152	103	61	58	40	40
64	230	152	97	66	53	43	38
67	234	155	100	70	68	45	42
73	237	195	125	64	71	48	42
70	236	190	112	60	68	49	42
66	170	236	134	66	73	48	40
72	129	235	141	63	70	44	40
67	137	241	146	66	57	42	36
60	134	210	128	64	59	38	38
57	126	208	142	68	67	38	37
55	123	171	127	60	60	35	37
49	140	198	121	56	65	32	34
49	124	204	121	48	66	33	34
53	122	202	128	61	98	34	32
55	115	199	118	62	99	34	34
53	98	181	112	67	102	38	34
62	115	196	120	73	99	44	39
63	133	247	129	78	99	44	43
63	145	244	123	68	59	41	41
61	146	241	114	65	53	42	37
59	151	233	108	56	52	39	35
48	119	213	98	51	50	31	33
54	101	153	96	49	47	33	35
50	88	174	107	52	48	36	37
55	119	181	113	55	59	35	38
58	127	185	114	56	61	36	40
56	148	167	108	57	63	39	41
48	153	143	95	59	66	38	39
53	158	159	83	55	67	35	39
60	145	151	75	50	56	35	38
73	147	147	73	50	59	37	35
81	131	140	80	50	59	35	35
88	124	153	79	43	55	33	34
87	118	112	72	44	67	35	33
79	122	143	77	44	63	31	36
68	120	146	79	44	57	26	38
61	124	143	72	43	59	26	34
51	121	129	63	38	61	28	31
46	121	149	68	40	49	29	30
51	120	128	73	43	49	29	26
52	117	138	78	46	47	30	26
50	114	137	76	43	40	29	32
51	115	134	77	42	40	29	32
50	111	112	77	45	39	29	31
47	97	122	71	45	37	29	32
43	92	124	79	46	42	26	33
44	87	128	81	52	46	28	29
40	82	133	82	52	46	28	30
43	81	127	75	46	49	24	32
41	83	136	83	50	55	28	31
41	64	148	108	65	57	32	33
41	74	163	117	67	55	33	33
50	97	164	123	71	67	32	36
48	119	203	132	74	70	37	36
55	117	188	126	69	72	35	36
59	121	174	98	54	70	33	34
63	118	185	102	52	71	32	34
62	104	208	119	54	63	33	34
61	87	177	118	57	87	30	32
58	96	179	114	59	103	30	34
53	100	182	116	60	101	29	31
49	96	181	120	62	104	33	32
44	90	160	114	69	104	32	28
49	81	155	116	67	97	29	30
45	73	153	116	66	90	31	32
48	101	140	114	63	122	32	32
49	119	106	102	61	140	30	31
47	129	118	112	53	140	31	32
40	130	138	110	55	131	31	32
45	128	131	110	54	127	32	31
42	127	137	110	57	97	29	30
38	125	138	106	58	74	27	31
42	122	142	83	53	91	31	33
44	124	152	80	49	92	30	36
44	141	173	85	51	88	32	35
40	121	177	93	51	90	36	34
41	107	181	92	46	82	37	35
42	99	175	88	43	60	32	36
42	97	150	79	42	54	32	30
