0	1	2	3	4	5	6	7
70	122	351	188	79	34	30	29
81	123	353	201	82	36	30	29
83	128	351	208	87	35	42	31
83	112	322	201	87	38	63	29
86	118	295	198	84	39	64	32
100	126	259	186	87	41	66	34
97	146	329	200	90	43	66	38
98	120	337	199	86	43	59	39
97	118	344	209	94	41	37	40
102	118	365	213	111	45	35	40
82	110	398	241	113	44	49	39
83	77	333	215	108	44	52	35
76	71	327	207	105	43	51	33
100	87	362	240	138	55	57	33
92	92	349	256	128	56	58	34
95	92	310	232	125	55	63	37
93	93	325	234	125	52	62	40
95	98	342	243	125	56	63	42
91	111	297	194	81	43	59	40
90	101	288	158	77	47	78	41
83	106	283	165	74	48	65	36
78	110	297	186	85	51	66	35
88	126	317	200	90	53	64	35
67	107	316	201	87	55	80	38
77	119	327	237	85	47	65	34
93	125	322	228	87	45	65	38
110	144	314	216	82	43	62	39
104	130	287	201	83	42	77	37
120	141	299	200	87	40	65	40
117	137	323	200	89	41	63	40
106	127	323	195	87	39	63	35
93	101	336	203	89	41	72	31
92	104	323	223	86	33	58	30
93	95	310	221	82	35	54	27
99	88	321	201	73	34	53	29
101	95	329	208	81	36	70	31
107	125	310	189	72	34	60	36
115	129	343	190	70	36	61	37
96	122	377	219	77	33	62	34
90	137	330	208	84	36	77	36
86	143	304	207	81	39	64	37
72	116	326	232	84	39	65	29
56	107	327	252	90	39	63	30
72	117	298	241	86	38	77	32
100	142	325	246	80	37	70	32
111	141	351	244	76	33	68	37
113	147	345	231	71	37	68	41
116	146	333	185	64	38	75	44
124	144	319	165	64	39	62	44
105	102	289	147	57	37	51	42
95	85	265	138	56	38	63	37
101	82	280	154	67	36	73	38
99	84	286	189	72	37	68	36
80	87	291	214	75	38	68	39
82	99	324	237	82	37	80	39
79	117	335	252	89	37	73	37
68	115	297	242	85	36	67	37
63	113	278	216	90	45	69	40
61	103	343	216	90	46	80	39
52	92	316	194	89	49	70	43
55	81	348	177	82	49	67	45
76	96	353	174	84	50	77	45
91	104	370	185	78	44	73	43
90	106	307	155	76	46	57	41
92	116	310	161	82	45	54	36
90	107	272	190	86	44	56	37
93	123	271	196	83	44	59	35
83	124	277	196	92	44	60	35
89	130	300	222	101	42	62	37
87	122	288	216	94	39	67	36
107	125	300	205	91	41	86	36
90	112	399	263	104	42	73	32
91	115	372	258	96	42	74	33
85	110	373	257	98	42	75	29
84	111	397	265	104	47	90	29
64	121	392	256	103	48	72	30
68	111	306	211	92	48	71	33
66	105	326	228	94	49	71	34
68	115	311	201	80	46	84	37
77	128	289	221	85	47	68	38
90	118	288	220	86	46	66	37
87	116	279	209	87	48	65	39
84	113	318	255	97	45	64	37
88	110	324	273	109	46	50	35
89	92	326	252	100	43	50	35
85	93	333	253	104	44	52	35
87	87	314	243	102	42	54	30
89	93	253	182	94	43	55	30
86	77	249	179	80	43	50	31
78	80	237	174	80	42	43	30
69	80	236	168	75	40	68	31
90	99	252	178	76	39	68	32
90	96	236	154	67	36	67	38
87	98	261	154	71	38	72	36
88	103	433	210	70	38	78	39
86	112	468	232	79	41	74	40
83	104	476	221	72	38	75	43
82	98	485	231	73	40	76	38
82	108	488	226	67	38	72	38
82	107	397	191	68	35	65	36
81	102	343	177	72	34	55	38
63	101	338	205	84	38	55	34
65	105	340	210	90	36	55	35
66	99	328	206	88	33	53	36
68	96	271	191	87	34	60	36
68	91	291	187	81	32	76	35
86	87	311	196	80	32	78	36
85	118	337	192	73	35	78	35
89	139	340	188	79	41	77	35
86	136	334	196	87	45	84	35
86	134	319	191	81	47	70	33
69	135	335	194	81	46	66	32
66	116	303	198	91	47	67	34
77	97	315	196	89	46	73	33
81	104	317	192	85	45	59	29
81	111	353	212	86	43	59	31
78	117	355	181	76	43	60	30
87	113	386	185	69	42	58	30
87	113	386	185	69	42	58	30
