0	1	2	3	4	5	6	7
147	294	132	52	42	224	81	79
148	272	147	54	45	230	82	80
162	285	151	57	46	232	82	83
164	294	160	60	47	246	79	84
138	310	168	62	47	196	65	61
112	281	140	54	38	144	41	44
113	272	125	47	35	138	40	50
101	280	132	46	34	132	38	53
105	291	139	46	35	101	37	53
99	323	143	65	44	62	36	57
89	304	137	68	49	68	30	54
88	316	140	75	54	78	29	49
109	429	239	101	67	92	34	51
101	424	238	100	69	92	33	49
152	448	245	109	75	100	38	60
188	464	256	111	74	96	39	68
258	489	271	120	82	90	44	91
284	393	238	107	73	74	40	91
292	422	274	111	75	80	42	93
281	400	310	107	68	77	39	86
294	393	325	113	71	77	41	88
247	351	313	108	64	69	37	68
303	394	281	108	69	65	37	74
354	374	273	132	81	58	37	82
354	370	237	138	94	51	34	80
332	446	247	139	93	59	33	73
326	438	247	136	93	60	31	70
239	394	249	132	88	62	31	55
150	390	242	134	91	85	31	47
151	380	264	140	81	182	33	54
144	299	278	159	94	195	33	52
140	315	296	167	98	205	34	55
138	296	317	208	109	213	34	58
135	285	361	233	122	205	32	54
122	254	364	229	121	132	39	63
143	196	332	217	113	127	39	94
159	169	322	213	112	114	43	116
165	177	313	198	105	99	44	117
188	166	279	171	81	100	54	147
210	148	304	217	93	130	120	156
236	147	306	230	98	139	174	181
232	135	297	228	94	155	216	176
234	118	273	212	99	181	359	183
223	79	223	192	94	191	380	174
204	62	140	130	78	180	383	166
150	49	117	95	66	162	372	119
135	46	116	88	62	148	351	108
121	44	111	75	46	118	212	94
93	41	113	73	38	110	170	64
93	41	69	53	31	91	126	52
92	39	49	44	27	83	105	49
94	37	44	40	26	78	98	48
102	35	42	38	24	76	76	52
102	30	36	28	23	67	73	52
71	27	32	27	25	62	64	49
108	34	34	28	27	65	45	63
106	39	38	31	27	63	47	58
97	39	38	30	27	58	46	51
94	38	36	28	26	43	50	49
94	40	37	31	25	43	50	48
47	37	37	32	24	37	47	32
52	42	41	35	27	38	46	41
64	41	41	36	25	32	49	44
71	39	44	37	28	32	47	45
71	41	46	36	27	35	46	46
72	39	45	35	25	43	46	49
68	32	41	31	26	43	44	40
68	34	47	31	27	43	41	42
60	33	44	32	26	42	43	39
58	30	42	36	26	44	43	39
56	30	40	35	24	39	41	32
52	28	39	32	26	37	40	34
32	28	30	30	27	42	56	31
32	31	29	28	24	46	56	33
40	31	30	26	26	41	56	39
42	30	31	24	27	43	59	44
43	29	27	25	25	43	56	45
51	30	29	26	25	39	42	47
58	31	32	25	28	35	52	47
55	32	29	22	27	34	53	43
61	34	36	25	27	43	53	40
62	34	35	25	26	42	55	39
58	33	35	25	23	41	52	38
53	31	33	24	22	46	38	37
53	28	33	29	22	46	48	39
44	27	25	27	24	37	47	39
46	29	29	26	23	38	49	37
41	28	27	28	25	37	47	33
43	29	29	31	22	33	50	37
39	30	31	28	23	42	40	32
39	29	31	30	21	44	39	32
35	28	27	30	24	51	36	36
37	28	28	27	22	58	35	36
34	27	26	27	24	57	31	34
42	27	27	29	26	50	29	32
49	28	28	28	25	46	28	40
49	26	30	28	22	53	24	38
48	28	30	31	25	45	25	39
50	28	31	29	27	44	22	45
47	29	31	29	23	47	23	47
42	32	31	28	25	49	35	41
40	31	29	28	25	36	44	41
40	31	32	28	21	39	43	43
36	31	31	27	20	38	45	36
33	29	33	27	22	38	46	33
32	26	31	28	21	40	39	32
32	27	34	30	25	42	30	31
31	29	32	29	25	45	31	27
30	28	33	31	25	49	27	26
32	28	29	30	25	62	29	31
29	30	34	30	29	65	26	35
31	32	30	29	27	66	24	34
31	28	31	32	29	66	23	33
34	29	29	31	29	71	23	34
32	28	28	32	29	59	20	31
33	28	25	30	26	51	22	27
31	26	25	33	24	54	25	27
33	27	25	29	27	54	25	29
33	27	25	29	25	44	25	29
35	29	27	28	25	58	25	29
34	26	25	29	28	63	24	28
