0	1	2	3	4	5	6	7
82	166	224	79	46	30	26	36
87	172	229	74	40	31	25	36
66	150	221	80	44	36	25	30
65	158	238	90	50	35	26	32
76	199	239	97	48	37	26	35
89	206	206	89	46	36	28	31
87	196	198	86	48	36	26	30
98	225	210	92	51	31	28	32
95	234	226	96	54	34	26	30
95	217	271	107	72	37	29	27
81	223	271	138	74	37	29	31
81	234	282	141	75	38	31	32
84	217	273	140	74	38	30	31
98	205	245	152	80	34	30	34
92	166	187	144	70	31	29	35
96	146	217	138	70	27	25	32
106	140	230	144	73	28	28	36
99	130	273	147	70	28	29	37
87	116	284	138	58	27	29	33
90	121	296	203	75	32	37	35
106	147	316	226	86	36	61	38
106	144	327	243	97	37	63	42
110	129	292	247	100	41	66	43
137	133	314	268	112	44	81	65
139	181	366	237	106	44	82	65
140	188	374	239	104	43	78	71
149	199	362	226	100	46	110	69
152	207	381	237	106	46	113	69
134	217	395	244	102	45	105	54
139	190	390	261	105	47	102	53
126	162	353	274	122	54	106	58
126	146	346	272	117	51	74	62
118	151	490	314	123	50	68	62
127	150	488	312	129	54	66	63
147	140	449	294	126	51	85	78
149	147	479	264	106	46	75	68
145	149	565	321	112	47	71	64
147	142	434	266	102	51	72	62
137	132	402	247	87	47	71	59
110	143	401	258	89	51	47	46
116	140	396	251	89	51	43	57
114	137	293	195	86	50	45	64
109	134	291	202	84	47	55	66
122	130	306	197	92	49	56	74
127	115	328	230	106	48	56	72
112	121	323	258	111	50	58	63
101	126	316	247	109	51	53	57
108	122	365	249	116	51	62	69
99	125	369	256	118	52	63	66
102	125	376	253	116	52	60	64
128	128	365	262	124	53	69	73
170	128	334	256	122	52	80	80
169	123	295	248	116	54	82	69
168	126	292	268	107	48	81	65
163	125	257	234	91	44	82	63
148	109	239	193	71	39	74	54
99	104	361	216	76	38	62	40
106	109	406	247	75	33	38	48
104	95	396	223	79	36	35	48
98	89	434	222	85	39	34	49
107	94	445	236	93	41	33	49
110	93	426	234	96	47	61	51
105	95	391	231	110	52	61	45
137	106	408	240	120	56	64	62
141	106	414	289	138	57	66	62
131	106	440	288	149	64	67	61
137	107	396	290	154	67	44	62
138	131	385	276	148	66	51	69
106	135	403	303	149	65	50	53
102	139	363	267	135	68	48	50
125	143	325	270	119	61	47	58
123	142	371	269	115	57	46	54
120	146	431	256	112	58	38	45
146	139	427	218	99	57	37	51
152	135	444	224	97	51	35	60
133	128	440	218	100	51	34	52
132	136	403	232	97	49	33	54
184	164	384	271	101	48	34	61
166	166	376	271	105	48	38	58
167	183	354	250	101	48	67	56
181	207	416	302	112	57	71	56
178	204	460	286	108	55	72	54
122	166	443	255	109	55	70	45
142	163	435	253	106	55	68	48
159	166	429	258	113	56	42	48
152	150	387	198	108	52	57	48
206	166	354	204	105	52	58	51
215	176	350	215	98	53	57	50
202	178	353	223	104	58	59	47
181	158	419	264	109	62	59	37
228	231	427	259	102	60	40	53
198	247	393	244	106	63	39	63
198	244	418	273	125	66	39	67
215	246	431	269	123	64	38	69
218	246	363	232	110	58	49	71
169	170	426	276	112	57	68	64
188	153	460	308	114	54	69	56
178	143	464	294	99	47	70	53
161	137	477	325	130	66	69	51
165	147	503	318	134	67	65	52
168	153	460	298	133	67	61	47
131	144	452	290	137	68	64	48
174	167	484	376	171	80	78	60
180	172	445	352	152	65	79	60
176	172	444	364	155	66	91	60
169	165	441	374	169	71	87	63
165	146	446	366	168	70	84	62
116	113	386	295	149	59	73	51
113	114	420	299	148	58	80	52
127	105	416	293	138	55	70	60
127	118	444	315	157	70	61	57
130	135	435	327	173	74	62	53
127	159	413	300	160	73	59	55
114	151	413	303	164	71	72	52
99	148	403	304	167	71	65	42
100	155	355	273	139	50	67	44
92	140	331	259	123	48	66	41
94	130	339	266	126	48	66	40
102	134	331	263	126	51	63	36
102	155	352	268	128	49	65	37
96	195	331	233	117	48	63	33
95	212	334	230	118	43	63	36
95	206	362	217	107	42	61	31
100	223	355	224	95	40	46	34
103	212	351	215	89	42	57	40
96	161	380	218	92	48	60	39
107	152	381	220	84	52	63	44
118	172	353	226	88	50	67	48
111	171	346	209	94	52	63	48
105	170	314	205	101	51	49	46
115	183	314	236	106	50	52	48
107	180	448	301	112	46	53	42
97	173	458	299	110	48	47	41
103	157	484	321	112	51	46	43
118	161	494	319	106	51	47	42
109	149	480	297	102	50	40	41
106	152	361	232	96	50	36	40
116	135	357	221	95	51	47	39
107	130	314	193	95	46	62	35
93	124	309	206	99	46	63	30
101	129	343	221	99	47	68	33
98	126	350	214	96	47	67	33
84	133	346	250	113	53	63	34
88	130	343	261	115	57	59	40
83	130	346	276	114	59	58	41
76	128	357	280	121	63	56	41
100	115	354	291	126	63	58	42
97	104	347	293	118	57	67	43
108	113	353	289	114	53	57	43
123	110	371	289	111	50	71	44
123	125	361	308	108	43	79	47
108	128	352	308	113	44	77	46
104	128	346	286	113	48	73	44
89	120	369	288	113	48	72	43
89	134	362	275	113	54	61	43
89	114	353	249	116	57	54	39
87	130	341	222	109	57	71	38
112	142	364	219	102	54	69	44
110	152	333	196	101	55	68	42
95	138	325	197	122	54	66	41
95	145	289	191	121	54	61	41
100	123	301	194	114	51	56	43
82	111	257	189	113	50	51	40
83	103	299	207	110	48	51	38
83	122	331	243	96	47	49	37
99	145	380	267	89	42	50	39
106	173	407	277	102	45	42	43
105	172	428	290	107	46	62	43
105	171	476	300	110	46	63	43
103	162	483	298	118	53	67	43
89	155	479	272	112	54	68	40
80	135	469	266	106	55	66	36
79	135	464	259	102	56	67	40
94	145	423	261	109	60	67	45
100	155	405	222	98	52	66	42
101	143	376	220	106	52	65	43
100	130	355	223	104	50	78	42
105	132	373	218	102	48	62	37
96	143	366	173	92	44	65	35
93	155	369	185	86	41	63	37
96	166	377	189	82	45	62	36
97	202	391	203	83	45	60	37
90	206	384	234	91	45	59	34
98	188	360	244	88	45	56	33
107	172	336	255	92	47	59	38
104	175	339	252	88	41	61	40
99	128	350	241	83	41	58	40
119	122	334	239	83	43	71	41
111	131	346	251	92	48	71	39
