0	1	2	3	4	5	6	7
215	446	629	184	85	44	50	85
224	478	649	187	86	47	55	92
209	470	517	137	70	45	53	91
182	394	518	138	72	45	44	75
211	420	505	140	76	47	51	96
213	400	419	130	74	50	50	93
213	361	391	119	75	48	46	86
235	396	435	129	72	50	46	95
246	391	432	126	72	46	47	103
257	395	495	135	72	44	38	82
360	480	424	125	77	45	58	106
425	628	480	127	74	45	63	115
437	635	564	132	78	45	91	142
414	641	576	134	79	49	109	139
406	700	532	130	84	50	112	145
504	672	547	205	122	66	115	154
476	565	539	365	191	80	114	151
459	541	440	385	198	80	92	117
463	527	411	390	199	86	79	111
456	394	407	428	225	106	99	111
250	302	453	417	211	100	161	80
213	313	570	415	185	95	170	78
211	318	587	475	205	104	172	81
206	391	614	504	218	102	175	80
199	393	636	504	200	81	166	69
173	434	640	532	217	86	108	62
149	400	571	545	214	89	99	62
137	374	572	511	203	80	111	58
132	303	579	522	196	94	229	81
121	314	594	552	200	97	244	88
109	294	563	523	177	90	240	83
113	278	490	430	152	92	254	88
145	289	450	391	129	91	261	93
153	278	495	345	122	74	196	99
161	275	428	254	115	79	180	96
173	238	479	238	108	87	187	104
259	240	536	254	114	88	165	123
282	228	527	268	118	90	153	129
279	228	485	275	115	88	122	118
301	242	536	308	112	87	136	127
301	243	464	298	113	81	126	129
249	237	428	270	98	72	150	127
237	304	486	260	90	67	147	129
281	303	434	241	90	74	268	155
311	303	385	184	79	86	281	181
306	305	376	204	78	83	281	179
302	338	399	237	93	84	276	176
298	286	364	272	114	86	280	172
268	356	375	273	120	79	161	148
205	354	395	287	122	73	121	109
254	357	427	292	131	81	129	118
238	318	387	307	135	79	113	104
226	335	358	280	123	78	115	114
205	267	357	270	114	79	108	106
211	254	321	304	127	71	118	102
147	233	294	321	129	63	109	88
166	252	270	291	115	60	121	96
144	226	256	280	108	56	122	76
155	231	269	291	109	60	127	81
153	227	302	236	84	47	122	79
158	239	300	213	66	48	129	76
140	231	296	190	63	49	117	60
135	209	300	202	67	51	99	57
120	195	325	315	113	59	95	51
112	193	301	326	121	59	81	49
110	168	331	318	119	55	67	48
115	142	368	338	121	60	66	59
125	141	409	345	123	58	60	69
129	155	369	240	87	46	60	69
119	149	379	250	76	47	64	69
113	148	345	246	76	47	60	71
129	151	295	209	68	47	87	84
126	153	335	214	66	45	88	80
128	146	377	260	87	49	85	85
133	130	377	238	88	49	82	90
134	155	378	234	88	50	92	89
100	161	380	238	90	52	87	69
100	160	387	233	89	53	90	72
104	170	358	192	66	50	91	68
96	225	395	187	60	47	90	61
122	225	400	187	63	53	81	63
144	216	400	188	60	46	178	76
151	218	382	186	63	56	202	75
157	210	475	198	68	56	203	76
163	184	493	239	86	59	205	76
143	181	492	243	87	55	207	72
126	189	511	245	88	55	126	60
150	205	464	229	84	50	112	66
147	208	376	219	81	49	116	71
139	187	350	246	95	58	119	77
137	174	356	251	98	56	121	78
139	175	334	248	100	57	119	79
99	142	326	248	101	51	89	69
81	122	335	247	100	49	79	59
78	114	299	195	82	46	69	49
84	110	284	188	77	50	57	48
73	95	277	182	72	46	41	44
71	90	298	182	72	49	35	47
81	90	289	179	74	53	31	54
90	98	321	182	68	45	32	60
