0	1	2	3	4	5	6	7
171	144	361	289	114	43	145	74
168	137	360	243	100	46	188	72
101	93	381	245	101	47	183	49
86	96	391	252	102	46	176	48
88	95	438	241	95	46	173	52
122	96	427	238	95	46	173	81
116	81	440	231	87	38	115	78
112	73	386	199	71	32	116	76
109	70	385	196	73	31	132	77
103	77	344	182	78	34	120	74
57	71	260	144	75	91	106	41
49	76	235	135	78	176	103	35
49	108	329	219	99	194	90	36
41	150	388	247	107	205	61	33
47	154	380	244	103	208	57	33
51	153	375	247	102	194	61	34
53	148	388	287	120	123	61	34
53	131	328	243	104	96	60	35
53	80	280	212	90	75	69	36
44	67	274	209	88	185	69	32
36	69	273	209	93	191	64	29
44	91	250	210	77	195	63	32
61	108	229	197	83	198	65	41
64	114	185	188	85	196	46	39
65	117	217	191	87	120	47	41
63	123	333	280	109	171	62	41
73	128	362	243	103	176	67	49
80	114	361	239	95	174	65	54
84	106	365	238	94	173	66	54
85	106	391	264	105	159	62	57
87	113	320	184	85	90	44	58
75	94	283	177	82	191	36	52
61	102	277	178	85	236	36	39
73	112	290	178	86	243	34	42
76	124	229	145	75	248	31	38
82	116	203	119	67	251	32	42
83	120	190	118	62	182	31	41
79	136	193	119	62	125	27	40
60	139	170	126	68	112	29	39
55	137	190	123	65	101	29	39
45	136	198	119	61	129	34	30
59	141	196	117	61	127	35	33
65	123	203	108	57	124	37	36
65	121	194	92	45	123	33	31
68	134	173	73	40	124	35	32
69	169	145	61	36	94	27	31
60	166	145	58	35	85	26	26
55	167	118	62	36	78	26	25
54	188	118	62	43	76	25	27
83	197	119	56	41	67	23	31
89	211	125	57	43	54	28	36
92	217	114	56	41	49	26	37
88	215	111	39	39	50	25	35
99	202	112	37	34	98	25	36
73	222	180	48	36	117	27	32
123	215	195	56	36	115	29	31
143	221	216	62	39	116	35	38
149	227	236	67	41	119	35	39
150	240	236	74	46	85	39	38
153	208	192	70	50	54	38	37
119	250	238	98	73	56	34	37
100	264	242	115	79	51	34	37
97	281	245	122	82	44	33	39
94	263	253	122	79	40	28	40
104	265	245	121	75	72	39	56
108	201	198	112	70	70	39	55
104	212	185	100	71	72	41	55
109	232	177	97	69	71	42	55
112	239	163	93	68	71	52	64
103	232	176	97	75	42	47	52
94	226	159	84	67	45	49	58
91	187	142	75	60	39	44	54
107	117	111	70	57	40	46	65
107	106	107	72	58	39	36	65
118	90	113	83	51	36	30	65
136	87	127	95	44	33	28	70
169	71	134	100	44	35	27	73
159	64	136	99	44	33	45	70
170	52	141	104	48	34	58	79
167	50	130	104	49	33	63	87
160	48	114	93	48	32	65	81
130	40	104	90	49	32	86	78
122	38	100	87	50	35	115	72
101	35	96	93	51	35	155	58
91	37	71	82	51	36	159	46
72	37	67	78	48	33	160	44
60	35	62	74	43	29	156	43
59	36	61	72	40	28	154	41
49	34	45	45	33	26	109	33
41	30	39	33	28	25	109	30
39	30	34	31	27	24	107	30
36	29	33	28	26	26	97	28
34	28	28	27	27	25	57	29
35	28	27	25	23	24	63	28
43	30	26	28	23	25	75	32
42	29	30	27	25	26	84	32
43	34	31	26	23	25	86	32
41	32	31	26	22	24	85	32
40	32	30	26	22	23	79	29
33	31	28	26	23	22	75	26
33	32	24	25	21	23	64	26
37	30	26	26	23	22	62	26
37	30	25	26	23	22	61	26
36	29	27	27	21	25	61	25
35	31	28	23	23	26	35	30
36	32	29	23	23	23	37	29
31	31	26	23	22	27	60	31
31	33	28	25	23	28	61	31
33	33	27	25	24	25	60	32
33	30	26	24	22	23	60	29
30	25	27	25	23	24	58	29
29	25	27	26	22	20	55	27
29	25	29	25	24	20	56	27
28	25	28	24	23	20	56	26
26	24	28	24	23	22	58	25
29	27	28	24	23	23	58	26
30	28	29	24	23	23	65	27
31	28	28	24	20	24	64	27
29	27	27	24	23	24	65	25
30	28	27	24	23	23	64	25
36	30	30	26	24	26	66	24
35	30	29	25	24	26	54	20
34	33	28	26	27	25	68	21
34	35	29	26	26	26	77	22
34	35	32	27	25	26	76	21
24	31	27	23	22	25	83	20
25	32	28	26	26	24	77	20
26	29	30	27	24	23	69	21
28	29	30	27	23	24	58	21
32	29	29	27	26	23	59	25
34	30	30	28	27	21	66	27
34	30	32	25	24	21	61	26
34	28	30	25	22	22	59	26
33	30	28	26	24	22	57	27
29	28	26	26	20	23	57	24
26	27	28	26	20	24	32	24
