0	1	2	3	4	5	6	7
70	146	423	299	80	42	59	70
71	150	423	320	94	42	59	72
73	100	391	325	96	42	59	77
89	96	403	315	95	44	59	82
83	98	387	286	90	42	59	68
85	100	372	286	98	42	35	66
102	92	326	238	83	44	44	90
129	141	359	241	81	51	65	98
121	169	365	265	97	57	66	96
121	209	372	284	109	63	70	97
161	209	414	310	114	66	77	115
191	209	526	333	120	70	102	113
176	190	511	339	120	71	97	106
179	215	527	316	108	74	98	104
190	254	537	313	98	127	98	105
158	266	491	255	74	172	97	83
109	275	396	222	66	179	63	61
113	325	398	194	66	184	54	59
106	314	349	184	62	183	49	56
76	287	374	183	62	155	48	51
74	305	376	182	64	105	40	49
69	295	330	164	64	89	41	54
65	264	322	172	67	73	39	49
93	320	315	204	80	81	46	56
102	299	240	203	87	81	42	53
122	285	229	203	89	107	46	55
122	336	223	209	93	210	47	60
125	337	203	207	94	223	49	66
119	320	215	182	82	224	42	70
152	403	220	169	82	222	50	108
169	419	224	163	79	215	47	134
179	395	243	195	81	143	57	131
188	388	236	173	82	134	60	130
185	358	232	168	88	130	63	127
163	273	225	156	85	196	84	103
187	279	217	155	93	337	155	101
197	291	196	99	93	349	161	110
182	288	152	87	83	350	160	110
181	353	153	82	79	357	160	107
184	435	170	87	88	377	158	113
171	430	163	82	79	276	103	99
197	424	195	74	69	250	85	104
339	494	258	104	76	252	87	115
392	532	336	131	98	252	93	163
403	471	341	134	88	166	78	184
407	499	400	145	95	152	65	212
393	497	397	150	93	243	73	210
310	482	560	146	95	253	75	211
268	405	517	134	75	245	70	183
319	393	529	129	71	250	69	189
335	396	511	122	66	246	71	155
380	460	508	117	74	157	68	166
356	425	300	101	68	126	73	168
351	408	338	96	66	118	75	171
297	462	338	94	64	96	73	139
271	487	454	136	96	76	77	139
197	429	452	145	101	63	104	134
217	435	450	144	100	68	111	135
233	437	430	144	106	73	110	126
279	378	420	182	122	78	113	153
290	266	257	168	109	72	105	163
367	279	248	165	104	67	91	185
377	210	226	163	105	67	72	186
357	205	215	174	104	65	69	183
315	202	229	168	88	62	62	157
312	205	276	193	79	60	77	178
247	147	342	204	79	76	71	189
220	150	347	213	80	72	73	193
210	119	417	251	98	78	197	196
207	117	434	299	127	88	315	208
187	130	467	346	145	89	318	206
139	151	440	354	151	83	322	165
129	149	448	353	151	85	327	151
127	150	403	335	138	81	274	149
120	139	372	295	113	68	139	132
80	119	308	225	86	70	127	82
84	79	287	204	72	58	154	81
90	68	264	202	68	51	152	77
97	61	219	171	59	44	146	78
92	58	187	136	55	41	131	74
86	45	139	94	46	31	128	67
75	33	107	75	37	31	68	60
61	32	96	57	33	31	69	51
39	32	68	52	32	31	70	41
36	27	41	33	23	38	65	40
38	33	37	31	21	39	64	39
58	38	37	35	24	40	63	45
54	37	37	32	25	38	41	41
56	37	36	34	27	39	43	40
56	39	34	33	28	36	45	40
55	34	39	35	28	36	44	39
32	29	39	29	27	34	46	30
37	32	54	51	29	32	41	30
41	39	59	71	39	30	49	32
41	39	60	75	44	29	52	31
44	39	60	77	45	27	53	29
44	38	60	80	44	29	53	28
42	36	53	70	44	36	60	28
46	28	50	51	38	36	50	28
47	30	54	47	33	35	45	28
48	31	54	43	33	32	44	33
47	29	52	46	34	32	49	37
50	36	71	53	32	24	47	38
45	35	76	62	31	28	53	38
49	37	90	68	32	30	66	38
49	37	89	68	32	31	67	35
48	39	94	66	33	32	66	29
44	32	81	59	32	34	62	30
39	32	86	51	33	32	64	30
35	29	68	43	32	36	65	30
35	30	67	41	32	36	67	39
35	27	61	39	32	39	67	38
34	27	69	37	31	42	67	37
43	34	64	37	28	40	63	36
41	33	66	38	28	36	50	35
39	33	97	69	33	45	49	31
41	38	136	102	47	45	53	34
44	38	133	108	55	42	57	36
36	35	132	107	56	43	53	37
36	33	131	106	58	43	56	37
35	33	114	90	55	38	93	36
38	29	83	63	44	34	92	36
40	31	91	56	36	34	91	35
39	30	88	57	33	37	95	34
41	33	87	55	30	38	92	33
40	32	83	54	33	33	57	28
36	32	61	36	30	33	59	27
36	32	43	33	26	34	60	29
37	31	41	30	29	30	55	28
39	30	41	30	28	32	61	30
45	30	39	27	24	38	57	31
46	31	36	30	28	37	60	30
45	28	44	31	32	36	63	26
44	30	57	35	29	36	63	29
48	30	61	38	29	35	58	28
42	29	64	43	33	30	66	28
43	31	67	45	32	32	56	30
40	30	59	43	31	39	50	33
38	29	50	49	33	42	53	29
32	28	47	47	37	42	54	28
34	32	47	49	36	42	57	29
31	31	54	47	36	48	66	27
32	32	57	45	38	43	66	25
35	32	56	39	36	47	64	27
34	33	63	44	31	47	67	27
34	30	60	44	29	55	72	26
36	30	51	43	27	49	68	27
35	30	48	42	25	50	67	26
34	30	64	50	30	46	67	25
31	30	66	55	29	48	67	26
31	28	71	51	29	43	57	26
34	31	75	59	31	41	55	27
35	34	90	61	32	42	70	29
33	34	82	57	28	39	73	32
36	35	79	56	29	34	68	32
36	35	74	60	29	29	68	34
32	32	80	58	30	41	71	33
30	30	63	59	28	37	65	36
31	29	59	54	30	41	61	31
34	27	53	49	31	40	62	33
32	30	65	44	31	42	61	29
31	30	67	47	29	35	71	29
34	30	74	51	30	41	72	34
35	29	73	50	28	37	72	34
29	28	76	49	26	41	72	33
38	30	71	48	26	39	67	35
39	38	69	42	26	37	59	33
36	39	62	44	28	31	48	31
38	40	62	48	28	35	55	34
38	42	59	47	31	31	56	33
35	44	64	50	31	32	57	32
34	36	54	48	34	33	58	32
38	36	57	42	31	39	58	31
38	36	57	38	30	48	54	30
41	34	57	42	32	49	53	33
39	28	43	39	32	53	64	38
38	29	46	40	30	52	59	39
33	26	41	38	29	48	62	37
33	27	41	36	30	40	60	35
28	27	39	33	24	40	60	31
26	29	39	31	23	35	46	28
26	30	37	26	28	39	50	27
32	31	34	27	29	38	43	27
29	33	31	29	26	36	40	29
32	31	32	27	26	36	44	32
34	27	31	29	28	34	43	29
39	30	31	32	24	28	38	31
41	28	29	34	23	34	45	29
47	25	30	33	27	31	45	29
49	24	31	35	29	30	41	30
48	28	32	33	30	29	43	31
47	24	31	35	29	31	48	28
42	25	33	36	28	27	43	29
38	25	31	38	27	28	47	30
35	30	29	37	26	29	47	27
35	29	28	38	27	30	47	27
41	29	28	35	32	27	50	30
48	29	25	31	32	30	50	29
48	30	26	28	33	37	51	29
54	27	26	30	33	35	59	31
54	27	27	34	30	35	57	34
47	27	25	33	27	36	50	32
48	31	24	33	29	33	58	32
49	30	25	35	26	24	55	33
43	30	26	34	26	24	46	32
44	29	27	30	29	27	51	29
46	29	28	32	27	27	54	29
49	27	30	33	26	27	49	29
47	27	29	32	27	28	57	30
44	29	31	30	27	27	57	30
44	28	32	27	24	24	53	29
48	29	32	25	31	29	51	31
38	27	31	24	30	29	49	29
38	25	29	22	31	33	40	28
47	25	29	24	32	35	42	27
