0	1	2	3	4	5	6	7
165	323	300	308	146	76	125	107
163	304	303	315	149	101	223	115
158	356	350	354	159	108	230	109
140	311	401	321	148	106	237	91
136	268	374	282	134	121	244	86
139	295	385	267	131	144	235	82
150	388	452	285	133	130	145	81
155	387	456	235	108	122	133	84
142	417	406	223	114	131	123	79
144	462	412	259	113	118	91	83
158	475	456	332	125	84	76	87
149	421	395	329	132	84	115	86
154	387	351	330	144	118	196	92
141	382	391	309	135	110	206	85
138	366	400	288	135	108	204	77
135	332	337	207	116	105	225	86
130	372	385	207	112	113	206	76
135	463	443	239	110	86	136	71
138	470	436	252	110	84	118	73
139	458	442	256	113	85	117	74
123	466	503	289	120	87	81	58
128	466	461	284	116	76	77	58
113	397	444	281	108	69	71	58
123	380	421	278	120	76	69	59
116	369	395	267	118	75	67	56
122	361	305	224	117	72	52	62
113	317	332	224	114	68	74	60
119	290	322	208	113	67	74	54
118	264	338	205	95	55	71	49
115	246	343	213	96	53	73	49
106	242	392	225	85	49	70	37
102	315	390	201	78	45	45	34
88	309	342	178	69	38	44	35
65	313	353	214	88	41	44	33
69	327	353	204	82	40	43	35
65	333	298	195	84	49	44	35
63	244	281	263	102	54	43	37
61	252	294	260	100	54	37	35
61	272	248	223	84	52	37	39
58	294	253	234	89	55	34	38
58	274	278	240	88	46	31	39
72	292	281	180	89	54	41	50
68	284	275	193	94	81	42	50
86	270	254	197	96	93	42	48
84	244	232	181	90	92	45	50
89	254	230	156	86	97	43	50
80	239	219	149	68	92	37	40
80	231	218	133	64	72	36	39
62	235	221	122	61	59	34	40
57	217	234	129	61	58	35	39
