0	1	2	3	4	5	6	7
27	23	23	30	20	33	26	25
25	22	22	30	20	34	25	24
27	22	23	30	21	37	23	26
25	22	24	29	22	36	25	25
24	21	26	24	21	30	24	22
26	22	24	27	24	30	26	22
24	22	24	30	25	33	28	22
22	24	25	30	23	37	29	21
23	24	23	30	25	37	26	19
21	25	20	29	26	39	25	24
21	25	22	29	23	38	26	23
23	26	22	30	25	35	25	23
23	25	22	31	24	29	23	23
23	25	22	33	25	33	22	25
24	25	25	33	25	34	23	21
28	25	25	31	24	36	23	22
26	24	23	29	22	37	24	21
26	28	22	33	24	39	24	22
27	27	23	32	23	35	24	21
26	27	20	34	22	34	24	21
22	27	22	33	25	36	22	24
23	28	23	32	25	39	22	23
22	23	23	26	24	39	22	23
21	24	25	25	26	39	24	23
22	25	26	23	27	41	23	25
22	23	23	24	27	43	27	25
25	22	23	26	26	40	28	27
26	23	23	35	28	39	29	26
27	21	21	35	25	44	28	27
28	21	22	36	27	38	28	27
26	20	21	38	25	35	23	25
25	19	23	40	26	36	25	23
27	22	23	32	23	36	25	24
27	23	22	34	25	34	26	23
25	23	23	37	20	37	25	22
25	27	25	38	22	37	25	22
24	30	23	34	21	38	22	20
24	27	25	35	22	38	24	21
23	28	26	34	23	40	24	22
23	28	30	32	26	40	24	20
23	25	29	34	25	39	25	21
23	24	30	36	25	40	27	21
24	24	29	35	24	38	24	21
22	24	27	38	23	34	24	22
22	23	22	35	22	33	25	23
24	24	21	28	23	33	25	23
23	23	20	27	24	29	23	22
21	24	21	25	23	29	24	22
23	23	22	23	24	42	27	20
24	25	23	23	24	45	27	23
24	23	22	23	25	49	26	23
23	24	25	25	24	50	27	24
24	23	23	29	25	53	27	24
23	23	25	35	24	45	25	24
23	22	25	50	24	39	27	21
23	22	25	52	20	34	25	24
24	22	24	50	22	38	23	23
22	22	27	49	22	50	23	22
22	22	26	44	25	51	21	23
24	23	26	26	24	53	18	26
23	23	27	25	25	55	23	22
25	26	25	29	25	66	25	22
24	24	24	27	25	65	26	22
24	23	25	29	21	66	26	21
22	22	24	27	27	65	29	18
23	22	24	30	30	64	24	21
20	21	26	29	31	54	24	22
23	24	26	28	30	54	23	23
22	24	22	27	34	56	24	23
22	24	24	27	29	56	23	25
22	25	24	26	27	58	23	24
23	22	23	23	26	52	22	24
24	20	22	23	27	50	23	24
24	21	23	31	23	49	22	24
25	21	24	32	25	49	20	24
25	20	23	30	25	47	23	24
25	21	23	31	23	48	23	22
24	21	22	33	28	46	24	21
26	21	23	27	28	48	22	21
26	24	20	26	27	49	24	21
28	23	21	32	26	51	23	22
31	24	23	32	26	50	22	22
29	23	25	31	21	50	21	23
28	24	26	31	22	50	21	22
29	21	27	31	20	49	21	21
25	21	27	27	21	48	22	20
22	22	27	26	21	47	22	20
24	23	27	26	24	43	24	22
24	23	26	27	23	45	24	22
24	26	25	27	26	48	28	24
24	27	26	26	25	48	27	25
24	25	24	24	26	51	27	25
23	25	25	23	25	48	25	24
24	26	24	17	26	47	26	23
20	22	23	24	25	52	21	22
25	22	22	25	25	56	22	22
24	24	23	26	26	54	21	25
24	24	23	31	23	52	23	26
27	21	24	33	22	51	22	26
28	23	24	29	24	48	23	27
23	23	24	31	24	49	25	26
24	22	23	31	26	51	26	23
25	21	20	27	26	50	23	20
24	23	19	25	26	47	24	20
25	23	19	26	25	43	27	21
27	24	19	23	25	49	25	22
28	26	22	25	24	49	23	23
28	26	22	29	23	55	24	24
27	25	24	32	23	56	22	24
27	23	26	32	22	57	21	22
28	23	26	35	26	58	22	22
27	23	25	37	25	62	25	22
28	24	25	33	25	65	25	21
26	24	24	32	25	66	26	21
24	24	24	32	27	64	24	22
22	25	25	29	23	65	22	21
22	25	25	25	26	64	22	21
20	24	25	25	28	60	24	21
18	25	27	27	27	60	24	23
19	27	26	27	27	61	24	22
18	25	24	25	27	48	25	22
21	23	25	26	24	54	25	21
21	22	25	27	22	53	23	24
22	24	25	25	26	56	23	22
26	22	24	30	26	56	23	25
26	23	27	33	26	56	26	27
24	23	26	33	24	72	23	26
27	26	26	33	25	76	27	24
28	22	24	37	26	77	27	27
23	22	24	32	26	79	28	25
23	26	23	31	27	83	27	28
24	24	23	30	28	69	28	28
20	22	23	30	28	71	28	28
19	23	23	22	24	70	27	25
20	23	23	27	22	69	28	24
23	20	22	30	22	71	29	19
23	25	26	29	22	71	28	21
24	25	25	29	23	66	26	23
25	26	26	34	24	63	27	23
26	26	27	32	23	63	25	24
23	25	26	28	25	61	23	22
23	22	23	30	25	57	26	21
23	23	22	28	23	54	25	21
23	22	23	24	23	54	26	22
23	22	20	31	24	61	25	21
22	24	20	31	23	60	26	24
22	22	24	30	23	62	27	24
20	24	24	32	24	69	25	24
23	22	26	34	24	70	23	23
23	23	26	25	22	66	24	24
23	21	28	25	25	62	26	22
22	22	23	29	25	63	23	26
24	22	25	26	23	69	27	25
19	22	22	24	25	71	30	24
19	21	25	33	25	79	32	28
21	24	22	34	22	90	29	28
25	26	23	29	22	87	30	25
26	23	22	31	24	77	29	25
27	23	23	34	27	78	27	29
27	25	24	26	26	67	26	27
26	24	25	26	26	51	26	27
23	24	25	28	25	50	26	28
21	24	28	27	26	59	25	27
21	24	28	24	22	60	27	24
19	23	26	24	23	58	26	22
18	22	26	26	27	57	28	23
18	23	26	25	26	58	27	23
19	23	22	24	25	82	27	23
22	23	24	26	29	82	25	23
24	24	24	28	29	82	26	23
25	25	23	30	24	82	24	21
25	26	22	30	26	84	23	22
26	27	24	29	28	60	25	24
23	27	22	27	24	58	23	23
23	24	22	26	24	59	21	22
24	25	24	20	24	60	25	22
22	23	24	19	24	62	25	20
22	23	22	30	25	55	24	20
21	23	23	31	23	57	24	20
22	25	24	32	23	58	27	23
19	24	23	33	26	59	27	24
24	22	24	34	27	60	26	23
23	22	26	25	24	62	25	23
23	23	24	27	24	53	26	23
23	22	23	30	28	53	25	24
23	21	23	31	26	60	24	24
22	24	24	34	25	58	27	25
24	24	23	35	24	62	28	22
24	23	24	35	25	63	27	22
25	24	24	32	21	74	27	20
26	25	23	31	21	69	27	20
26	21	23	29	22	67	24	20
24	23	23	28	23	62	22	22
27	25	24	29	23	66	25	22
26	24	24	30	23	53	24	23
24	25	24	29	28	52	25	22
24	27	24	27	26	55	25	22
26	25	24	28	27	49	27	21
23	24	22	29	29	47	26	24
24	26	21	29	30	52	29	24
24	25	22	30	26	50	27	23
23	26	20	33	26	51	28	24
23	28	20	34	25	65	29	23
23	29	21	29	25	68	28	20
26	29	21	27	23	67	25	18
27	29	19	27	27	68	26	22
27	29	21	22	29	75	24	21
27	28	22	21	28	66	21	23
27	27	23	22	26	66	21	23
23	26	23	23	29	72	25	23
23	25	25	24	25	72	27	21
22	23	25	25	27	70	28	23
20	24	26	27	27	71	31	21
21	22	25	28	29	75	41	22
23	23	24	26	30	80	43	23
24	24	22	26	30	79	43	23
25	26	25	31	29	80	44	22
23	27	25	30	30	81	42	21
26	26	26	30	30	75	33	23
25	28	27	32	27	65	28	24
24	27	29	31	27	65	30	23
25	26	28	24	28	76	29	22
25	23	25	23	27	80	33	23
24	25	25	26	27	80	32	21
26	23	22	24	29	77	30	23
26	23	21	26	30	87	28	24
26	24	21	29	28	80	31	24
27	26	21	27	29	71	26	27
24	25	21	27	28	68	26	27
26	24	24	28	28	81	27	25
26	25	23	27	27	88	28	25
26	24	22	28	29	83	23	26
26	22	22	30	28	86	24	23
26	21	24	32	27	88	27	23
22	22	23	30	26	87	26	21
21	22	23	31	29	84	28	22
21	21	24	30	29	84	27	23
25	21	25	30	28	82	26	23
26	22	23	25	29	80	24	22
27	22	25	28	30	72	27	25
27	20	26	29	29	56	24	26
25	19	23	30	27	52	24	25
24	20	22	31	27	57	25	25
22	19	22	33	25	67	26	27
22	18	20	33	25	71	22	26
23	20	17	31	23	73	24	24
26	22	22	30	25	77	26	22
22	22	24	30	26	74	27	24
28	21	26	29	27	100	24	22
27	21	25	26	31	94	25	24
27	25	27	30	30	91	25	25
28	24	27	29	31	92	24	25
30	22	29	28	30	93	26	24
24	25	26	28	30	59	26	25
26	24	25	29	24	70	26	21
32	23	26	24	25	78	26	20
30	23	24	30	22	80	25	20
30	24	19	30	24	82	24	19
31	23	21	28	26	82	25	20
31	25	23	30	28	76	26	20
23	21	21	33	30	78	28	18
23	22	21	28	28	79	27	21
24	22	23	28	28	73	26	20
23	21	22	32	27	79	27	21
24	19	21	32	26	82	26	21
50	23	20	36	24	71	25	23
98	22	22	36	26	74	28	22
125	24	23	36	28	88	30	23
128	24	24	33	27	95	32	21
129	26	25	35	28	91	33	21
121	24	26	27	27	95	32	22
87	25	26	30	27	94	31	23
38	22	26	36	25	90	28	23
27	23	25	35	25	73	25	23
21	23	24	33	24	78	23	23
23	21	25	33	26	79	25	21
24	23	23	30	24	89	26	24
24	22	27	23	23	89	26	23
23	21	27	22	26	90	27	24
28	20	25	25	26	87	28	24
24	24	23	23	25	84	30	29
24	22	23	29	27	70	29	26
25	23	20	29	28	75	30	26
28	25	19	29	25	76	28	26
27	28	23	29	26	75	31	27
27	26	23	31	25	79	26	24
28	27	25	29	23	76	27	24
27	26	24	29	22	64	27	24
25	26	26	30	25	63	26	23
23	23	24	27	25	64	28	24
27	25	24	26	27	56	27	21
26	21	23	25	27	62	29	21
28	23	24	24	29	58	31	21
28	23	22	27	28	56	31	22
29	21	21	30	28	51	26	22
27	26	24	32	27	51	28	21
26	28	22	31	25	44	25	20
28	28	23	35	24	54	21	21
30	29	23	34	24	68	27	19
30	30	25	32	26	69	26	20
28	25	23	35	25	67	24	20
30	26	24	38	27	66	25	21
26	26	23	46	27	65	27	21
30	24	23	52	25	69	25	22
28	25	23	54	26	71	26	24
32	26	24	58	30	72	25	24
31	24	23	56	28	80	27	24
34	24	24	48	29	77	26	25
29	24	25	44	29	62	25	24
29	24	22	42	28	59	23	22
26	21	21	32	24	57	23	23
25	24	24	38	22	44	20	26
21	23	23	39	22	38	22	25
23	25	24	38	25	34	21	25
22	25	25	39	22	32	22	26
28	26	26	39	27	47	24	25
29	23	21	39	28	66	26	22
30	26	22	38	28	68	26	21
27	26	22	38	26	72	28	24
29	25	22	39	27	73	26	22
25	26	20	38	26	65	25	23
26	29	22	35	25	44	23	22
25	27	23	36	25	99	27	23
25	29	22	34	28	101	26	21
23	29	22	33	28	102	26	22
23	29	23	35	27	101	27	22
21	27	24	32	26	103	26	23
22	27	22	30	27	57	22	25
25	23	25	32	29	66	20	25
26	25	27	30	29	66	22	26
25	23	26	37	31	70	20	25
25	23	26	37	31	161	23	26
28	23	25	36	30	248	25	25
25	22	24	37	28	317	26	24
24	22	22	39	29	336	29	23
27	24	23	38	28	352	30	22
27	24	22	40	27	324	30	20
25	24	23	43	27	262	28	22
26	23	21	39	25	166	29	20
25	23	20	38	22	122	24	21
24	24	21	31	21	56	25	22
24	25	22	29	21	38	23	26
27	27	22	29	21	39	23	23
25	25	23	29	19	45	21	27
29	26	25	34	22	68	21	26
31	24	27	36	26	72	20	24
29	25	26	37	26	72	22	23
26	25	27	35	26	72	24	23
30	27	26	34	27	69	24	20
28	26	24	32	26	57	25	21
24	24	26	28	22	56	25	22
25	21	25	28	22	53	25	21
26	22	26	27	27	57	24	22
26	21	25	30	28	55	24	22
25	21	26	27	27	51	25	22
26	25	22	34	27	59	26	23
26	25	23	31	28	62	25	24
25	25	23	31	25	57	25	23
23	26	23	31	24	57	24	22
24	27	25	32	23	54	22	22
26	24	23	26	23	46	21	22
27	27	22	28	22	51	23	21
26	24	21	29	22	52	21	21
26	28	20	27	21	52	25	23
25	26	22	27	22	51	24	22
25	26	23	26	24	48	26	22
24	23	23	29	22	44	24	22
24	27	25	30	21	61	27	22
24	21	26	30	22	62	24	22
23	22	23	32	22	61	25	21
19	23	23	32	20	65	23	23
22	26	23	29	23	70	22	23
21	23	23	26	23	62	23	25
23	27	22	27	23	65	23	24
23	26	21	24	26	67	25	24
27	24	22	24	27	67	26	24
24	21	21	26	26	58	28	24
26	22	20	25	26	50	24	21
24	19	21	27	27	46	25	22
24	19	21	27	25	47	25	23
26	23	21	27	24	39	24	22
28	24	23	24	25	47	26	22
27	25	23	23	24	55	28	22
27	26	23	17	25	63	30	22
27	27	23	27	26	60	28	21
25	24	24	31	28	65	29	22
25	25	22	34	28	62	29	22
23	24	22	35	28	70	30	23
26	24	21	39	32	62	25	23
25	22	21	34	31	66	29	25
30	25	21	31	29	64	30	23
29	24	22	31	28	66	30	24
29	23	22	34	29	55	28	20
28	24	22	32	24	56	28	20
29	26	20	33	23	55	25	19
22	23	23	34	24	56	24	19
23	26	25	33	23	57	25	20
25	26	24	33	21	53	24	22
24	25	23	33	21	55	26	22
25	26	25	32	22	54	26	21
25	26	24	33	23	69	25	25
25	26	22	36	23	77	24	25
24	26	22	32	24	83	24	26
22	27	26	34	21	83	23	24
25	25	25	34	24	82	23	24
24	25	24	38	22	66	23	23
25	22	24	33	22	55	22	22
25	23	24	34	23	82	23	22
26	24	22	33	26	83	26	23
25	25	22	33	24	100	26	24
26	25	22	30	24	131	25	24
24	24	22	32	25	134	25	22
21	25	24	35	23	143	26	25
21	25	22	31	21	158	24	26
22	24	24	32	30	152	24	28
22	25	23	30	30	128	28	27
