0	1	2	3	4	5	6	7
35	32	31	32	25	26	23	27
32	38	28	32	25	28	21	25
31	38	27	30	25	25	20	22
30	38	27	32	24	25	19	23
37	38	30	32	23	26	23	23
35	36	31	32	26	24	22	22
37	34	35	29	24	23	24	20
40	39	36	34	25	26	25	22
40	36	37	31	26	25	26	24
33	35	34	33	24	24	23	23
32	35	34	31	22	26	22	24
33	37	34	32	23	27	21	27
35	32	31	30	21	23	21	27
38	33	30	30	22	23	22	25
38	32	30	29	24	23	25	24
44	36	30	32	23	23	27	25
40	30	28	31	24	22	27	25
44	43	33	33	28	25	27	24
43	45	34	32	27	25	26	24
44	44	35	29	28	25	27	27
42	44	34	26	29	24	26	26
42	44	33	33	28	27	27	24
39	35	30	29	24	25	28	24
37	30	26	30	24	27	28	24
42	33	28	37	25	27	25	22
38	29	29	40	27	29	27	22
40	34	32	35	27	28	25	22
37	30	30	38	29	30	24	22
35	32	32	38	30	28	23	21
31	31	30	38	28	29	22	23
35	34	31	36	26	27	20	26
37	32	30	38	27	25	22	26
36	31	30	36	27	24	23	27
40	33	32	35	25	25	26	30
41	33	33	36	23	24	25	30
38	30	29	33	23	30	25	27
38	30	29	31	22	31	23	27
39	34	28	29	24	33	25	27
37	32	26	30	24	34	21	25
41	37	29	30	27	34	26	24
43	38	39	36	27	31	26	26
41	36	41	39	25	30	26	24
39	35	43	42	28	26	24	24
38	35	42	47	28	24	26	24
36	35	40	44	26	23	23	23
34	35	32	40	26	22	25	22
33	36	30	38	25	25	25	23
38	33	28	35	24	26	24	26
41	34	30	27	24	24	22	24
38	30	28	25	24	23	23	26
37	31	27	31	26	22	21	26
38	31	27	32	29	20	22	27
35	33	33	34	28	23	23	24
35	32	32	36	28	24	25	26
36	31	32	38	30	24	26	24
38	28	33	32	29	26	24	26
39	29	35	31	26	27	25	24
37	28	31	30	26	24	25	23
36	30	35	31	27	23	25	23
34	30	36	33	24	24	24	23
37	32	34	35	28	24	25	22
39	35	33	37	30	25	23	22
40	35	32	34	31	25	21	23
40	33	27	31	29	25	18	23
43	33	30	31	32	26	19	23
41	40	35	33	30	24	21	24
41	38	36	30	26	24	24	26
39	40	38	31	28	24	24	24
37	41	40	37	31	23	25	26
36	44	37	37	29	24	26	26
35	39	37	37	27	26	25	25
32	39	35	37	30	23	23	24
36	38	38	38	28	25	23	24
38	37	35	35	27	25	24	24
38	33	34	34	29	24	22	24
37	38	34	29	28	23	21	24
37	39	35	31	28	26	21	23
35	38	29	31	28	25	22	23
31	39	30	28	26	25	24	22
30	41	34	32	27	27	23	24
32	34	34	32	28	30	24	24
33	32	33	33	25	28	23	26
34	32	34	32	27	26	22	25
33	33	35	33	29	25	20	24
30	31	33	32	27	26	20	24
30	33	32	34	26	23	20	25
30	34	30	32	29	23	22	23
31	36	32	32	28	24	22	24
38	37	33	34	28	27	21	26
38	37	34	31	28	28	22	24
37	37	33	29	29	26	23	22
37	35	33	35	27	26	23	25
35	37	35	36	27	26	23	26
33	34	31	37	28	27	23	23
33	32	30	39	26	24	23	23
33	32	29	39	24	23	22	26
32	34	29	33	25	27	23	26
35	33	31	31	25	27	23	27
32	32	33	29	25	25	23	27
37	37	37	28	26	24	23	27
38	37	38	29	26	27	22	27
37	38	41	33	25	25	24	27
34	35	37	31	28	25	25	24
37	42	41	35	24	26	25	26
31	38	39	34	24	27	26	26
32	37	36	33	26	24	26	29
33	37	37	30	26	25	23	26
32	39	37	34	26	28	23	27
34	40	31	31	28	26	24	28
38	41	32	30	27	26	24	29
36	41	34	36	28	26	26	25
38	40	32	36	28	28	24	26
44	42	35	34	24	24	22	26
42	35	35	35	24	24	21	25
41	34	34	36	24	24	21	26
43	37	35	30	25	26	20	25
41	36	35	27	24	23	21	26
35	34	31	37	26	23	22	26
39	38	35	35	26	26	24	27
37	41	36	36	29	27	22	28
35	38	34	37	27	25	24	26
39	39	33	41	27	26	24	25
38	37	31	34	28	26	23	24
37	35	28	36	28	24	21	23
38	35	28	36	28	24	24	20
42	38	30	36	26	23	21	21
39	40	32	34	27	24	24	21
47	44	34	35	25	23	24	24
44	43	34	33	27	24	27	22
43	42	36	30	27	24	24	24
38	38	34	29	29	27	27	25
40	39	36	30	31	23	25	23
32	34	36	26	32	25	26	20
37	32	36	28	32	24	24	23
35	29	31	28	32	29	26	22
37	32	34	28	35	28	22	22
35	33	33	24	34	30	22	25
37	34	32	26	39	30	22	29
34	34	32	28	36	30	22	26
35	35	33	29	36	26	20	26
33	34	32	28	34	25	20	26
34	33	30	30	35	26	24	23
32	35	30	31	27	25	22	21
31	35	29	30	30	23	24	21
33	36	29	29	29	23	25	21
36	36	33	30	25	24	26	22
35	35	32	28	24	23	24	23
37	34	32	33	29	24	25	22
35	33	32	34	27	25	23	22
32	32	31	34	27	26	24	20
29	35	27	36	26	29	26	18
32	35	29	37	27	29	25	19
34	39	35	33	26	27	25	19
35	41	34	29	27	27	26	22
35	43	38	33	26	28	26	23
43	45	43	36	27	24	24	26
40	45	44	35	26	23	23	25
38	42	41	33	22	25	24	25
38	44	45	35	23	26	23	25
39	42	45	34	25	26	20	24
34	39	38	31	29	23	21	22
35	41	39	33	30	28	24	24
37	41	39	32	31	27	22	25
37	39	34	32	31	26	23	23
38	37	32	30	31	27	24	23
35	34	33	29	27	28	24	23
36	35	32	31	27	23	22	25
35	34	32	32	27	24	22	22
34	34	31	32	26	23	26	23
35	35	35	33	25	21	26	23
34	36	35	35	25	20	26	23
31	32	35	33	26	22	25	25
31	32	35	37	29	21	28	25
32	30	35	34	28	20	24	24
30	30	30	33	29	22	23	24
30	29	33	29	28	26	24	25
32	32	31	28	27	25	24	22
32	32	33	24	24	26	23	24
33	31	35	28	26	28	22	23
33	31	36	30	24	27	20	24
33	32	34	32	24	26	22	24
35	32	32	34	24	27	25	23
35	31	28	33	25	24	24	24
34	31	28	31	24	23	25	24
36	36	29	31	23	24	25	27
37	38	28	36	24	22	22	27
37	35	28	36	24	22	18	26
36	35	30	40	22	24	17	26
37	39	32	41	21	24	18	26
34	34	31	41	23	24	18	23
34	33	35	36	25	22	20	23
31	33	35	35	26	23	19	23
33	33	35	33	28	26	21	23
30	34	31	33	27	24	21	22
31	37	34	38	26	26	21	24
30	36	31	40	25	26	22	21
31	36	31	41	26	26	22	22
33	36	30	40	28	25	24	22
33	33	31	38	29	26	22	21
34	30	32	32	29	25	24	19
33	30	31	31	30	27	24	22
33	29	30	29	27	25	23	24
30	30	30	26	24	24	21	23
30	29	29	27	24	23	27	25
32	32	27	24	23	20	26	26
31	31	27	23	22	20	25	24
32	33	26	22	28	20	26	21
33	35	31	27	30	21	28	21
37	35	31	29	30	24	23	22
34	33	33	30	35	25	20	21
38	35	33	33	36	23	22	25
34	32	33	33	30	24	23	25
33	30	28	32	29	26	22	27
34	30	29	31	29	23	25	25
35	30	28	33	24	26	25	26
31	30	28	30	28	28	26	24
37	35	29	32	30	30	23	23
37	34	31	35	31	27	24	22
33	32	33	34	31	27	23	21
37	31	31	32	32	26	25	21
37	31	31	34	28	28	23	24
33	28	30	33	27	25	23	23
36	28	30	31	24	27	24	23
38	32	33	31	23	26	26	22
34	35	35	31	26	25	25	24
38	34	34	28	25	23	26	21
38	35	34	29	29	26	25	22
36	34	34	26	29	24	27	23
35	29	27	29	32	26	24	26
35	28	26	30	32	27	25	25
30	29	27	33	32	24	27	25
30	27	26	31	30	26	29	25
31	27	26	31	29	27	26	25
32	28	25	29	27	25	27	23
32	31	28	28	26	23	26	23
31	30	27	31	25	24	23	24
31	30	27	31	25	20	22	24
29	30	24	29	24	21	22	23
28	32	26	27	25	21	20	27
31	31	24	30	24	22	20	25
31	30	31	27	25	22	22	24
33	29	33	26	24	22	22	23
33	32	35	27	25	20	22	26
34	32	36	29	25	21	25	24
30	30	34	26	23	25	24	25
33	33	32	26	24	25	22	24
34	32	30	30	27	25	20	26
34	30	28	30	26	47	21	22
34	30	26	28	28	50	21	21
37	32	29	30	29	53	23	23
35	31	29	30	29	58	24	27
35	32	30	32	28	58	24	26
34	30	29	32	31	48	22	28
31	30	30	33	31	47	20	27
31	30	30	32	31	48	22	27
32	32	31	30	30	52	21	24
30	33	32	26	28	53	21	24
32	37	34	27	26	60	22	23
32	37	33	26	25	64	24	26
31	37	34	27	26	60	23	25
32	35	29	28	25	53	23	28
32	32	29	29	27	60	21	27
31	32	27	30	27	75	23	28
34	33	28	28	25	73	23	26
33	33	26	30	25	80	23	28
32	34	30	34	26	82	23	26
34	33	29	32	25	82	25	25
33	31	31	34	25	61	24	27
30	29	30	34	27	61	24	28
35	31	32	31	25	56	24	27
36	29	31	31	24	60	23	26
32	31	33	30	23	74	22	28
34	31	34	28	21	95	21	26
36	33	35	30	21	96	23	25
33	32	34	30	21	103	20	23
33	33	32	29	21	112	21	24
35	31	33	30	21	100	26	25
36	32	34	30	21	82	26	24
35	30	32	28	22	88	25	23
37	29	32	29	25	84	25	25
34	27	32	29	26	77	25	23
34	30	31	32	28	81	23	20
31	29	28	27	29	85	24	21
33	31	32	30	28	87	24	22
31	31	31	31	27	81	25	20
32	31	30	28	24	84	26	22
31	30	30	26	25	80	24	23
35	29	30	28	28	92	23	24
30	28	27	25	31	107	25	25
27	28	27	24	31	112	24	25
27	27	29	30	31	108	27	24
29	26	28	30	29	115	27	25
30	29	28	31	26	109	28	23
30	29	27	34	24	88	26	22
31	28	28	34	22	84	26	24
31	28	26	32	25	89	22	24
29	28	26	32	24	95	23	25
25	27	24	32	24	88	22	26
28	30	26	28	23	86	23	25
26	29	27	30	24	86	23	23
27	28	27	26	25	85	26	24
30	29	28	29	26	74	24	24
28	29	27	31	27	74	24	21
27	25	29	33	27	79	25	22
29	30	29	32	28	80	25	21
30	33	30	32	24	77	19	23
26	33	31	30	24	69	21	19
30	34	31	30	27	67	20	20
31	38	28	28	28	63	21	19
28	33	26	27	28	65	21	22
32	35	29	31	29	68	21	23
39	35	30	29	29	69	21	26
37	34	29	28	25	66	21	26
36	30	30	31	25	62	20	28
39	34	32	31	27	88	19	27
38	29	29	27	28	127	27	26
33	31	27	28	27	155	25	24
33	32	28	28	29	156	27	26
34	34	28	26	27	157	26	25
32	32	27	28	25	140	26	23
33	36	27	30	27	104	22	22
32	35	28	29	29	68	24	24
36	35	30	29	27	83	26	21
35	33	32	28	27	101	25	20
35	32	30	26	28	99	27	22
33	29	30	26	26	95	28	24
35	28	33	26	23	90	27	23
33	28	31	25	25	77	25	27
35	32	30	29	26	56	26	29
38	35	32	29	25	55	24	28
38	38	31	26	25	54	20	27
37	41	30	28	26	48	22	25
33	39	29	27	24	53	24	22
36	39	31	25	21	46	24	20
34	38	32	27	24	54	23	21
36	39	33	30	24	64	24	19
41	41	35	29	26	64	25	21
41	40	34	31	27	59	25	21
40	41	37	30	29	57	26	22
40	41	35	30	27	61	26	25
41	42	37	28	29	54	27	25
37	36	35	29	27	61	24	23
38	38	37	31	29	61	23	24
38	39	37	31	29	63	23	24
42	41	38	33	30	52	23	22
41	36	36	33	27	51	23	25
42	41	35	31	31	51	21	27
41	42	34	30	28	56	24	26
38	40	30	34	28	62	22	25
35	38	31	31	28	63	23	25
33	39	30	31	28	75	23	24
34	37	31	33	24	73	23	25
40	39	32	35	27	81	22	25
40	36	30	31	28	77	20	26
42	37	28	33	25	81	18	24
41	37	28	33	28	73	18	24
40	38	29	31	31	67	22	22
34	34	28	29	28	52	21	21
35	38	31	28	27	53	22	19
31	37	32	30	29	52	23	21
33	35	33	28	27	54	24	21
32	31	31	28	23	54	21	20
39	34	31	29	25	63	20	22
39	32	32	30	29	62	20	23
39	34	31	31	29	61	23	24
36	36	30	30	29	56	21	23
37	37	30	33	29	70	23	24
32	37	32	32	33	62	26	26
31	34	31	32	33	64	25	24
32	32	31	29	34	62	23	23
32	31	33	31	34	59	25	26
33	32	36	29	32	45	23	25
35	34	34	30	31	46	22	23
33	32	35	31	27	52	22	25
31	36	35	30	26	54	24	23
33	34	36	32	24	59	23	22
32	33	35	32	25	57	26	26
30	31	33	30	22	67	26	25
33	32	32	30	21	67	26	24
35	30	32	30	20	64	25	25
35	31	31	29	24	64	23	24
35	32	29	31	25	70	22	21
35	33	30	32	25	64	20	22
33	32	29	31	28	59	24	23
34	33	28	34	28	61	23	24
33	30	30	37	28	74	25	23
35	32	30	36	27	77	26	23
33	32	28	37	28	79	29	23
38	32	30	37	28	88	28	24
38	31	30	35	28	97	29	22
37	32	28	33	26	86	28	24
36	31	30	32	26	85	28	26
36	32	33	32	27	101	26	26
33	33	32	35	26	99	24	25
36	32	31	34	27	90	25	25
36	32	30	34	28	94	23	25
35	32	31	34	28	89	23	25
36	29	30	31	25	64	21	23
34	33	31	32	24	56	23	23
27	35	35	37	25	64	22	24
31	34	35	35	24	59	23	21
29	34	31	35	24	60	24	21
29	38	38	35	25	70	25	22
35	32	38	35	26	72	26	22
37	31	35	28	24	64	27	21
37	34	38	27	24	60	27	21
37	34	37	28	25	63	25	22
41	30	33	34	26	51	25	23
36	34	35	32	28	53	23	21
37	35	35	34	26	51	24	21
34	34	33	33	25	52	21	22
37	36	35	33	24	48	23	20
33	35	31	26	26	54	24	19
38	33	27	25	24	47	25	22
38	38	30	23	27	47	23	24
36	37	28	28	27	44	24	25
37	34	29	30	31	47	24	26
36	36	31	31	30	42	23	26
35	37	32	31	29	40	23	25
35	31	31	31	30	41	25	25
37	34	36	31	29	41	25	25
34	33	34	28	25	37	24	23
36	31	33	30	23	42	26	25
31	31	33	36	23	41	26	25
27	29	33	38	24	49	22	23
30	28	29	36	24	60	23	24
32	34	34	39	30	63	24	25
32	35	33	39	30	63	22	23
35	35	33	34	30	62	21	23
35	35	32	35	27	60	24	24
32	37	31	35	28	49	23	23
32	35	26	32	25	50	24	23
31	35	27	30	26	47	24	24
32	34	28	35	26	49	24	25
34	35	31	32	30	44	21	24
33	30	31	31	31	49	22	26
33	31	31	30	28	45	22	24
34	29	31	33	26	52	21	24
38	36	34	30	29	54	23	23
37	36	33	34	26	59	22	23
39	38	33	35	24	58	22	19
39	35	34	36	24	57	22	22
40	36	33	32	27	51	22	20
32	29	28	39	25	53	22	22
34	32	32	36	25	63	24	23
35	30	31	36	25	65	24	23
34	34	31	37	25	74	23	22
30	41	35	37	25	78	25	26
30	41	34	28	25	80	23	25
32	40	32	26	27	76	22	23
31	42	33	27	28	79	21	26
33	39	35	29	28	82	25	26
