0	1	2	3	4	5	6	7
108	256	167	54	33	22	24	26
111	265	182	59	33	23	29	29
143	314	181	55	33	25	28	39
147	314	169	54	33	27	30	46
150	261	191	58	38	27	30	49
144	236	170	57	38	27	31	50
156	239	153	50	37	47	30	51
138	243	162	52	40	47	29	52
104	226	167	53	40	58	29	49
103	225	134	46	34	61	29	50
123	324	158	63	43	63	31	58
115	328	163	64	45	65	29	57
106	291	177	63	44	67	29	52
119	311	176	66	46	60	31	53
123	324	175	87	51	57	68	59
107	220	151	81	45	63	74	53
110	192	152	81	42	57	74	56
147	234	153	85	41	58	75	58
191	240	174	88	43	60	75	64
196	239	190	75	41	60	45	59
208	249	193	71	38	53	33	61
214	259	208	77	41	43	33	58
196	240	219	83	45	36	33	56
151	243	210	77	42	29	28	46
138	231	191	71	38	28	26	44
121	258	204	79	39	26	25	43
124	307	190	74	40	26	27	46
129	316	138	58	35	26	26	45
139	311	132	58	34	28	27	50
141	310	134	56	34	27	26	49
142	291	115	41	32	28	25	45
128	315	114	38	30	50	24	47
116	301	122	37	27	52	25	45
90	287	109	32	30	53	31	39
85	290	117	35	33	54	32	38
81	282	116	35	36	56	34	38
108	191	115	33	33	38	36	38
112	188	101	34	35	37	36	39
112	174	97	33	31	53	31	36
113	183	90	29	27	54	33	34
114	174	82	28	29	52	30	34
90	166	112	51	35	54	27	26
82	117	126	51	37	54	27	23
84	122	141	57	38	35	27	26
93	81	137	58	39	34	26	25
85	85	140	58	39	31	26	25
68	123	123	40	34	27	27	22
67	128	166	56	38	26	28	21
80	124	171	55	38	26	27	23
64	130	179	55	38	25	26	25
65	132	176	58	35	24	26	26
65	99	172	60	34	25	26	27
87	109	147	66	42	25	25	29
81	150	183	69	45	28	24	29
87	172	184	68	45	27	25	30
89	170	183	67	46	29	25	29
89	176	184	67	46	27	25	31
66	179	201	59	34	27	24	29
70	154	171	55	31	25	23	27
75	131	176	57	29	25	24	26
89	144	178	62	33	23	25	32
88	134	170	60	32	24	26	30
89	120	141	50	36	24	27	31
83	110	136	55	35	23	27	30
88	101	121	56	33	23	26	32
71	96	130	52	31	26	24	25
71	129	138	50	35	27	23	27
74	132	129	53	30	24	26	27
77	139	116	50	28	25	25	29
54	143	115	49	29	26	27	30
54	155	109	47	28	23	28	30
73	137	109	52	23	22	26	30
82	133	119	48	26	23	22	32
77	122	121	47	31	23	24	30
78	120	123	45	33	22	22	25
76	110	120	43	33	23	23	27
66	111	152	44	32	23	24	28
64	119	155	48	31	25	24	27
69	119	153	47	29	26	23	31
72	118	170	57	34	28	22	32
79	101	180	61	37	29	23	31
77	102	183	69	44	30	23	27
67	85	174	67	43	29	22	27
64	87	172	65	44	26	24	25
61	82	155	56	39	23	26	25
53	78	144	55	36	22	24	25
44	53	107	36	27	20	27	26
52	50	97	35	29	19	28	27
47	49	120	51	32	21	29	26
46	51	127	62	39	23	27	25
52	53	145	69	41	24	28	27
53	61	151	74	41	23	25	28
44	72	165	76	41	24	26	28
47	94	170	78	37	24	24	29
52	95	176	71	30	23	24	32
55	97	159	63	27	21	23	32
56	99	162	61	34	20	24	31
55	100	153	58	32	20	22	30
57	98	136	41	33	19	22	28
52	97	124	42	32	17	24	25
51	102	146	46	34	22	21	23
83	100	125	44	27	23	22	27
82	94	129	46	34	24	23	26
80	71	116	45	31	23	25	27
81	94	138	49	34	27	24	27
77	93	120	46	35	25	25	27
41	92	125	45	40	25	24	23
50	92	136	50	36	24	22	23
59	100	139	52	35	26	22	25
60	88	112	45	32	23	24	24
60	97	124	47	33	24	23	25
60	95	125	47	28	24	24	28
53	131	223	70	33	25	25	29
62	147	230	68	37	22	24	27
60	145	230	69	36	23	23	27
61	136	221	67	34	21	24	27
59	141	219	71	37	21	23	25
59	113	100	47	32	22	22	24
38	97	96	53	32	23	21	22
38	95	96	52	32	24	21	24
36	92	113	55	35	26	19	24
35	89	163	52	36	27	19	23
33	84	174	53	39	27	23	25
34	74	182	48	37	26	24	25
34	72	182	50	38	25	24	25
32	72	171	52	36	25	25	25
36	65	130	51	34	25	25	24
39	56	125	48	32	24	23	23
39	49	117	49	32	25	23	27
38	54	135	51	33	25	24	24
40	72	140	46	33	24	23	27
37	72	136	44	32	20	22	30
36	72	120	40	31	19	22	29
38	82	109	51	35	21	22	27
37	84	87	51	34	22	23	28
33	75	118	59	36	24	24	24
35	86	126	68	40	26	25	20
31	104	151	73	39	27	26	21
35	103	170	68	37	27	26	23
57	100	173	66	36	28	24	23
61	98	160	61	36	27	25	25
61	87	153	49	32	25	25	26
63	125	149	52	31	26	22	28
60	130	122	45	29	24	24	25
45	132	116	41	28	23	24	26
56	134	123	42	26	25	22	26
61	144	159	58	30	26	22	26
61	129	172	61	33	26	23	24
62	127	180	63	37	27	23	25
58	125	179	64	37	28	22	24
43	121	177	64	39	26	22	23
43	111	148	52	35	25	23	22
42	72	117	42	35	24	22	24
39	52	108	43	32	23	23	23
41	84	125	44	33	23	25	24
43	90	112	42	30	24	25	25
38	87	109	48	30	23	25	27
43	97	165	69	30	24	25	24
77	100	198	74	30	24	24	26
78	102	223	80	33	24	25	27
87	115	234	83	37	25	26	28
97	122	248	86	40	27	25	29
110	138	304	84	37	26	24	37
97	151	346	120	50	30	26	39
123	182	341	134	57	31	27	44
136	213	360	140	57	34	30	50
134	264	439	169	66	37	31	52
125	263	427	183	76	43	33	50
125	263	383	163	71	44	33	48
112	244	379	152	64	42	31	46
90	212	379	159	65	39	29	38
101	155	322	138	63	40	30	34
103	142	269	113	51	35	29	33
102	144	341	116	50	34	28	32
136	216	338	116	51	35	30	36
144	295	319	99	47	35	28	39
136	305	273	84	36	31	26	37
133	313	278	78	35	30	24	33
129	319	207	67	32	24	23	33
84	274	215	63	31	22	22	25
72	192	224	62	32	24	19	23
66	168	220	57	36	22	20	24
68	155	199	60	35	27	19	27
67	131	167	56	39	30	23	31
58	116	148	51	38	31	23	32
51	108	128	60	40	31	28	33
57	103	129	57	38	33	31	36
66	100	135	56	38	29	30	36
66	120	132	54	34	27	28	33
66	160	129	52	34	25	29	31
67	173	129	48	40	25	26	28
59	174	123	50	36	24	24	24
45	171	110	51	38	23	23	21
77	155	133	63	41	24	26	29
79	119	155	72	43	25	25	29
80	95	156	71	37	25	24	29
80	89	172	71	38	23	24	30
84	99	176	73	39	24	24	33
53	105	165	71	37	22	22	27
51	100	155	73	36	26	23	30
49	88	151	70	38	26	26	31
53	100	144	70	38	26	27	30
64	99	152	68	35	24	27	28
91	96	170	68	36	30	27	32
92	95	155	58	33	26	24	31
92	129	154	56	31	26	22	29
92	120	155	67	34	28	21	28
81	115	148	67	35	29	25	27
52	107	119	59	34	23	23	23
70	113	118	62	34	25	25	25
70	74	106	60	34	25	24	26
69	74	107	55	34	23	25	29
69	67	106	63	39	26	24	30
67	65	102	63	37	26	25	29
47	89	125	61	38	27	24	29
44	87	128	63	40	28	24	28
41	100	113	57	38	27	22	27
41	104	124	50	36	26	23	27
41	106	130	56	36	26	21	25
39	82	121	58	35	25	23	25
49	88	132	57	34	23	24	28
64	91	130	57	34	26	26	28
72	125	121	66	34	26	28	29
73	139	127	62	37	25	27	30
76	146	114	65	38	25	27	27
80	149	102	65	40	27	27	25
72	144	118	65	39	23	27	24
62	121	109	52	35	21	23	23
64	103	107	52	33	21	24	24
58	93	118	46	31	26	24	26
41	85	121	49	31	24	23	25
39	74	113	49	32	25	22	27
41	67	120	47	34	24	21	25
40	97	115	49	38	25	20	24
39	97	99	45	38	19	21	26
43	99	95	45	37	20	21	28
39	123	99	45	39	20	20	27
41	122	96	46	37	21	22	27
38	99	96	42	31	20	22	26
42	98	121	43	32	25	24	25
42	113	139	49	33	25	26	24
44	85	142	52	30	28	26	23
40	86	139	52	30	29	25	23
40	92	140	59	34	29	27	22
34	88	126	60	34	27	24	22
30	68	128	52	33	27	22	22
29	66	111	51	34	24	24	23
39	62	112	52	35	23	25	24
38	67	108	45	32	24	22	24
39	67	98	42	31	23	22	22
38	85	69	41	32	24	24	21
36	103	69	40	28	24	24	22
31	105	66	38	28	27	22	21
32	95	64	36	26	26	23	21
39	103	66	38	24	26	24	23
40	104	66	38	24	25	23	25
41	101	68	36	25	27	21	23
37	100	67	34	25	24	22	23
38	105	99	40	29	25	24	24
32	106	102	43	33	25	22	23
31	93	105	43	31	25	24	21
31	78	105	43	32	24	24	22
45	89	118	53	31	24	25	22
46	94	104	54	32	23	27	21
50	87	103	56	33	25	27	20
52	102	102	61	34	26	26	21
53	106	110	62	32	27	26	22
43	96	95	56	33	27	27	22
41	97	83	55	33	27	24	22
36	93	92	49	31	25	25	23
41	78	99	46	29	25	23	23
38	73	92	44	30	23	22	22
39	72	98	41	29	23	20	22
40	68	108	40	29	23	21	23
45	76	99	41	28	24	20	23
37	71	96	37	28	23	21	23
37	70	100	37	32	22	23	23
43	75	100	45	34	23	23	24
42	83	106	51	32	23	22	23
38	79	126	52	33	23	23	22
40	78	114	52	34	23	26	23
41	96	121	54	30	22	23	22
36	101	117	50	30	22	25	23
37	89	108	51	29	22	24	24
37	89	90	53	34	20	25	23
37	87	92	53	32	22	22	23
43	92	90	51	31	23	23	25
44	88	103	57	33	22	23	25
43	86	110	57	32	22	23	23
43	84	114	58	25	23	22	24
43	91	115	57	27	23	22	23
39	88	106	58	31	24	21	24
42	86	107	52	28	24	21	23
40	99	118	47	30	23	21	23
38	110	119	45	30	23	21	24
40	104	129	47	30	23	24	24
40	88	139	53	28	22	25	21
37	86	148	55	28	23	23	23
44	94	135	56	28	24	24	24
46	85	132	56	28	25	23	24
44	84	126	56	28	24	21	24
44	108	137	59	27	25	22	26
44	114	118	54	26	26	24	25
42	95	112	51	28	26	25	25
40	98	117	47	28	25	24	23
40	115	129	45	29	26	25	24
42	93	116	37	28	24	26	24
42	83	117	38	28	22	24	22
40	111	124	37	26	20	23	24
40	107	119	37	26	23	28	25
41	90	102	36	24	21	26	24
45	97	88	33	24	23	26	24
45	99	95	38	25	23	26	25
44	70	113	50	31	25	27	23
45	74	110	53	31	23	22	23
46	98	121	61	33	24	23	26
38	95	128	63	33	25	21	24
36	94	122	61	34	25	24	25
36	103	95	54	26	24	22	26
35	101	93	52	26	24	24	25
42	91	80	39	26	25	25	24
44	98	96	40	26	26	27	24
43	116	99	43	24	25	26	24
46	105	117	42	24	26	26	25
44	104	125	46	24	27	26	26
35	96	131	50	24	25	25	25
35	105	131	48	25	23	22	25
36	89	131	47	25	23	23	25
33	90	118	45	27	25	25	24
38	92	115	40	28	24	22	25
39	103	111	40	30	25	26	25
35	82	92	41	30	26	27	25
34	86	89	39	30	26	26	26
31	99	94	39	29	25	24	26
31	100	94	41	30	26	26	28
31	96	96	40	26	25	22	26
33	112	97	39	25	24	20	26
35	107	96	39	25	26	23	27
37	98	106	44	26	27	23	26
40	111	162	54	25	26	21	23
40	104	167	54	26	25	23	23
40	102	166	57	30	25	25	25
40	101	165	59	30	23	24	23
38	98	162	57	29	21	25	22
35	84	102	48	30	19	26	23
34	94	93	47	30	23	24	24
39	81	89	42	25	21	23	22
38	82	93	40	26	20	24	21
41	98	108	47	27	22	22	22
40	93	114	49	26	24	24	23
39	81	111	51	29	23	25	23
34	72	122	51	29	25	26	23
35	93	127	51	29	26	24	24
35	82	111	44	27	26	26	24
32	83	105	44	31	25	23	24
32	103	104	38	29	24	22	25
33	107	90	41	28	24	23	25
33	91	93	45	29	24	23	25
36	93	106	47	31	23	23	24
36	91	105	45	28	24	24	20
39	73	120	51	28	24	25	19
38	66	130	52	28	22	23	22
39	64	123	47	24	25	25	24
34	53	116	46	25	25	27	23
32	55	125	49	26	25	28	25
34	58	118	51	28	25	28	24
40	78	120	50	28	27	27	24
37	73	112	49	28	24	27	22
40	75	106	49	28	23	24	23
39	81	95	46	30	24	23	23
36	85	89	39	27	23	22	24
34	79	75	37	28	23	22	23
32	87	76	41	30	24	22	24
32	93	83	42	30	23	23	24
36	93	90	44	29	21	23	24
40	117	93	42	31	25	24	24
37	111	99	41	31	23	27	23
39	106	115	44	32	22	26	23
38	107	116	48	34	23	24	23
37	124	111	46	33	25	26	24
36	95	112	49	31	23	25	23
36	99	120	55	31	24	22	24
33	106	116	54	31	24	24	23
33	105	106	50	27	26	26	22
32	86	106	50	26	25	23	22
32	89	98	51	28	24	23	23
38	90	102	50	30	24	26	22
40	79	111	59	30	23	25	21
42	84	132	65	35	21	25	20
40	83	131	64	36	21	25	19
37	82	135	65	37	21	26	18
31	85	144	64	36	22	22	18
31	91	137	55	38	23	24	22
32	83	129	50	34	23	21	24
33	76	129	49	32	21	22	25
34	82	132	47	31	22	21	24
35	79	111	50	30	22	21	24
39	74	100	44	27	22	22	23
41	73	86	41	26	21	22	20
42	84	95	45	32	22	23	19
42	80	107	48	33	22	26	21
41	82	104	43	35	22	25	23
37	98	106	43	33	23	23	21
31	100	110	44	35	24	25	23
26	92	97	39	31	24	23	25
25	87	73	37	29	26	23	25
26	92	74	38	28	24	24	23
24	80	69	37	29	25	23	25
30	98	73	40	29	24	22	24
36	102	96	44	29	26	25	22
43	105	102	48	29	24	23	23
42	95	107	46	28	24	24	24
43	88	108	45	26	22	24	23
40	96	119	47	26	22	25	24
36	92	109	51	29	21	22	23
29	101	121	50	29	21	23	24
30	102	113	50	29	22	22	23
32	109	112	50	31	23	23	23
32	84	95	47	29	23	24	23
39	85	168	67	30	22	23	24
39	84	171	66	36	24	23	24
39	82	174	68	38	26	23	25
36	98	173	68	37	28	23	24
34	94	172	67	38	28	24	22
25	91	96	38	33	27	26	21
23	83	67	31	26	26	25	22
21	81	55	25	27	24	27	24
22	74	56	22	26	21	25	25
22	76	60	27	26	23	21	25
30	77	54	28	27	24	20	24
33	72	49	30	28	23	21	23
36	85	82	41	28	21	19	22
37	76	88	44	30	22	22	20
38	76	95	48	30	21	22	20
36	95	115	50	30	21	21	22
33	99	125	50	30	23	21	19
27	92	108	41	26	22	21	21
28	88	104	43	28	22	20	24
28	101	108	38	29	22	20	24
29	82	90	35	30	22	23	23
31	76	78	33	29	22	22	27
34	80	75	32	30	22	21	24
32	78	72	26	28	23	22	22
39	74	70	32	27	24	21	22
40	76	100	35	27	24	19	23
38	79	108	39	28	25	22	21
38	92	117	43	29	25	22	21
39	100	125	44	28	25	24	21
32	91	118	39	27	23	24	22
29	91	96	39	26	23	24	22
30	106	99	40	27	21	24	21
31	121	119	40	27	22	26	24
34	113	113	39	28	21	25	25
34	128	112	41	28	23	24	24
36	129	110	43	31	25	25	25
36	119	104	43	31	24	23	26
34	91	71	42	30	24	21	24
29	94	82	46	32	27	20	24
33	75	80	45	31	25	22	24
31	84	83	42	30	25	23	24
28	77	75	38	30	25	24	25
30	73	74	38	30	24	26	25
32	67	70	36	30	22	25	26
27	79	74	34	31	22	25	25
27	75	81	37	30	21	25	25
27	75	96	40	28	23	22	22
25	77	109	46	28	23	20	23
25	77	104	44	27	21	21	23
28	82	100	48	27	21	21	24
26	74	91	46	26	21	21	23
29	74	78	46	27	19	24	23
32	89	64	40	25	19	23	21
34	93	78	42	23	22	23	21
35	74	80	38	21	22	24	20
41	74	82	37	22	22	23	21
39	103	102	36	24	23	20	21
40	90	108	39	25	25	23	22
40	87	100	37	25	25	25	21
39	94	101	37	26	24	26	22
32	102	106	39	28	24	25	20
33	77	85	38	28	24	24	20
33	81	74	37	29	22	24	20
33	89	81	36	29	21	22	20
34	86	92	38	33	21	20	20
36	91	103	37	32	21	21	22
37	92	105	38	30	22	21	22
40	93	103	34	31	23	21	28
36	82	103	36	31	23	22	26
35	84	100	35	28	25	23	26
39	75	88	43	29	24	24	25
37	71	87	45	31	22	25	26
33	62	87	45	29	23	22	20
33	69	84	43	28	22	22	23
32	65	75	40	30	21	20	22
24	54	77	33	30	22	22	24
28	54	79	30	29	25	23	26
26	75	86	30	32	25	24	25
32	68	82	33	32	26	23	24
34	66	94	36	31	26	26	24
34	75	90	35	30	25	24	21
30	92	93	35	28	21	22	18
31	87	87	38	28	20	21	21
26	91	94	39	29	19	24	22
27	106	93	43	26	20	23	24
30	114	89	46	25	21	24	24
30	105	84	45	24	21	24	25
31	106	95	44	23	22	24	23
29	104	94	41	22	22	22	21
32	94	101	56	30	24	21	22
29	77	108	57	33	23	20	21
29	83	119	57	35	22	21	21
28	88	128	62	38	26	22	21
27	87	125	62	39	26	22	22
21	83	123	48	33	23	24	22
23	88	123	44	33	25	23	23
25	80	111	44	33	26	22	22
26	61	92	40	27	23	23	22
28	63	107	41	28	23	27	22
28	83	101	36	29	22	25	20
27	84	94	37	27	20	26	20
25	86	108	37	27	22	26	22
27	89	111	37	30	24	26	21
29	102	95	36	28	24	22	20
29	85	85	40	28	25	25	19
37	79	84	40	29	25	23	19
38	75	64	43	35	23	24	19
41	96	67	39	35	23	23	20
41	86	64	37	33	23	23	21
44	88	65	40	33	25	20	20
38	91	68	45	34	26	21	22
38	98	67	44	30	26	23	21
33	80	57	47	28	24	25	21
33	75	87	57	34	26	24	22
32	70	88	56	34	24	24	25
32	88	95	53	32	23	25	25
30	80	96	51	32	23	25	25
34	79	97	52	35	25	23	24
31	81	79	42	30	24	25	23
31	82	79	37	30	23	24	20
32	88	108	42	34	24	25	22
34	86	111	43	32	24	24	22
33	85	110	38	30	22	24	26
33	82	106	39	31	23	23	28
32	100	115	39	31	23	23	29
30	84	78	32	28	24	22	28
30	87	76	31	30	25	22	27
28	82	77	31	27	27	20	25
29	89	77	34	27	25	21	22
30	82	88	34	26	24	21	23
32	74	88	31	24	24	20	24
31	77	87	30	22	25	21	24
27	85	87	30	23	23	22	22
26	93	100	30	26	24	21	21
27	84	83	32	29	26	24	21
27	85	93	37	32	25	22	19
27	179	134	43	40	25	25	24
32	186	145	44	39	24	23	24
31	181	138	44	38	26	24	26
30	180	149	50	40	25	21	26
32	182	156	59	40	26	23	26
33	98	125	56	34	24	22	22
31	89	115	56	34	25	25	23
32	88	114	59	35	24	25	21
31	90	100	53	29	24	25	21
32	83	74	39	25	23	25	22
32	113	83	45	31	21	24	22
32	104	82	48	30	25	25	21
30	102	84	44	27	22	25	21
32	109	86	44	27	24	26	21
29	113	97	47	28	23	26	20
28	68	85	40	21	24	25	20
29	83	97	37	20	22	23	22
30	96	100	38	25	22	23	23
28	89	100	39	26	20	24	25
31	98	100	40	28	20	22	23
30	106	108	43	31	22	22	24
29	143	127	48	33	19	23	21
31	155	144	51	34	20	23	22
29	170	162	55	38	24	23	18
26	170	159	54	37	41	24	20
25	168	155	63	40	51	26	19
30	144	143	63	42	55	30	21
30	138	129	62	42	56	30	21
31	122	113	59	41	56	28	21
31	124	152	61	40	45	29	22
30	135	153	51	37	34	29	23
33	172	149	59	42	27	23	23
30	164	162	57	42	27	25	23
33	163	165	61	41	26	27	24
41	155	136	59	43	26	27	22
49	175	143	63	42	25	25	24
46	127	139	52	35	23	26	23
67	143	121	54	32	22	23	23
89	164	107	48	31	22	24	29
88	188	122	49	32	22	23	30
87	160	120	45	31	21	23	30
95	166	119	45	31	23	26	32
86	151	112	40	29	24	27	33
61	126	108	40	32	25	32	29
63	90	85	45	28	26	34	31
61	102	105	46	27	27	34	28
51	96	100	43	28	26	29	27
48	95	110	46	30	26	30	28
58	122	134	51	34	27	23	27
60	125	133	45	33	25	20	26
59	116	108	43	32	26	21	27
55	112	112	43	34	26	24	27
64	140	147	52	35	26	24	29
63	132	139	51	29	25	24	28
57	125	138	50	30	25	24	27
76	207	152	52	33	24	25	29
78	215	149	51	29	24	22	28
69	202	109	41	27	23	23	28
64	193	100	42	28	24	27	28
65	207	118	43	29	24	26	28
50	137	100	41	27	23	26	24
45	127	102	41	27	25	27	25
53	120	107	38	27	24	27	24
76	140	98	28	26	46	23	25
77	128	75	26	26	81	24	29
74	114	73	24	27	89	23	29
79	115	67	23	28	91	24	32
94	129	65	23	31	94	24	36
77	111	79	22	29	86	23	35
74	115	75	25	29	57	24	32
74	126	76	24	30	44	25	33
71	134	85	32	30	38	24	32
43	128	107	45	31	31	21	25
40	118	96	46	31	28	23	25
44	116	104	51	31	25	27	25
43	109	123	56	29	23	26	24
38	95	134	56	30	22	26	22
38	111	123	50	24	24	28	22
40	121	129	51	28	21	28	22
34	117	125	49	27	22	24	24
32	115	112	47	25	22	23	24
34	120	106	44	26	22	26	22
30	105	99	43	28	21	24	24
30	100	103	41	24	22	24	25
34	98	113	38	27	21	29	26
35	96	124	36	30	22	34	28
34	84	112	32	29	24	48	28
32	89	114	32	29	24	55	26
30	107	106	31	30	25	56	26
32	140	102	34	27	24	56	24
37	144	129	40	28	23	55	22
38	150	142	44	30	24	50	23
40	144	141	42	29	24	43	24
40	135	162	46	30	23	41	24
40	94	160	49	36	25	40	25
34	89	137	48	38	24	39	25
33	78	121	45	36	23	26	25
32	67	114	45	36	25	30	23
32	57	95	48	38	28	66	24
30	98	121	55	42	28	69	24
30	100	113	57	39	28	70	22
32	107	126	58	40	29	73	25
30	111	137	59	41	28	72	26
32	117	141	54	39	25	43	25
35	92	120	43	31	22	36	25
35	90	132	41	30	23	34	26
37	85	122	41	29	23	29	23
41	88	142	49	32	22	29	22
45	75	137	48	31	24	27	22
41	78	138	44	29	26	26	20
42	97	133	43	32	25	27	20
41	93	146	45	31	23	28	20
40	87	121	40	29	26	24	22
32	88	114	40	29	25	24	22
37	109	134	47	32	24	26	25
44	93	126	43	29	25	24	25
66	100	132	46	28	25	25	27
147	144	139	51	36	26	26	39
171	147	163	59	37	26	24	41
232	190	180	90	53	32	35	72
251	195	195	121	67	37	36	77
265	204	195	122	70	37	37	87
240	189	199	127	69	35	36	84
268	208	234	137	74	36	38	94
253	213	242	132	68	33	30	82
244	223	232	107	54	28	29	81
225	224	221	104	52	29	26	69
219	255	231	97	48	28	29	68
251	310	215	87	40	25	28	69
230	296	179	67	33	22	28	60
222	288	182	65	34	21	27	57
232	292	193	75	36	22	29	60
234	300	192	76	41	23	29	62
182	333	162	71	42	24	30	59
177	336	167	71	44	31	36	59
191	365	168	74	47	33	38	63
199	433	201	78	54	38	42	77
198	430	216	107	68	42	42	101
191	455	218	144	90	52	50	134
238	523	255	148	92	53	59	218
274	524	258	147	91	51	60	280
292	524	229	143	85	46	60	301
316	530	222	129	78	50	158	330
333	468	225	89	57	44	186	322
306	373	194	112	63	50	230	273
308	455	191	117	69	52	237	237
298	430	191	113	70	53	248	222
303	449	167	105	67	50	242	311
332	442	155	102	66	50	241	381
351	448	142	69	56	43	291	433
314	342	180	60	50	44	332	431
298	317	246	62	57	46	331	432
272	246	247	60	52	64	309	354
186	217	254	69	49	65	397	282
122	208	295	84	57	71	372	197
122	217	278	82	54	69	338	168
138	176	233	81	49	70	337	143
147	185	273	90	53	53	346	114
172	189	273	80	48	50	291	114
185	189	219	60	36	43	359	114
186	170	209	61	40	54	440	126
175	168	196	64	37	54	449	128
170	171	127	50	31	51	447	127
144	320	244	52	41	54	414	108
152	333	258	52	44	51	339	122
161	330	257	48	42	40	225	120
158	330	259	44	41	35	199	117
148	327	273	59	48	39	175	115
147	184	160	59	49	50	174	127
118	147	150	65	48	52	141	103
95	138	157	66	49	51	121	91
85	125	149	65	50	52	121	87
64	104	122	48	43	50	121	74
47	87	125	46	35	30	84	37
31	76	119	41	33	28	50	35
31	88	124	45	33	33	51	26
38	80	133	44	30	31	46	26
39	61	126	42	30	28	37	27
52	102	120	39	34	28	30	29
73	120	110	37	33	28	29	33
79	118	96	32	29	23	24	33
80	121	96	37	30	23	25	32
80	121	105	41	32	23	44	31
76	90	102	40	24	24	45	28
64	69	105	40	27	23	46	23
75	63	93	38	28	25	46	23
74	57	81	39	31	27	47	22
74	55	88	41	28	30	31	22
70	53	104	44	30	33	34	23
64	47	101	44	30	38	38	27
39	42	102	43	29	38	40	27
36	49	128	40	29	37	38	28
42	55	129	39	30	35	36	27
65	58	113	36	29	32	35	32
68	59	116	35	27	25	31	30
68	60	116	37	32	27	28	29
68	53	88	34	30	27	28	30
64	48	78	34	32	31	34	29
41	45	89	45	35	32	33	24
37	51	85	47	34	30	31	23
36	59	83	44	33	31	31	23
37	62	80	45	31	30	32	23
44	63	58	40	30	25	28	25
44	62	40	27	26	25	25	25
43	57	38	23	28	26	26	25
46	48	34	24	24	23	23	27
44	50	31	23	24	24	22	25
35	56	43	25	26	25	19	24
37	60	43	24	26	33	24	24
39	60	66	28	25	33	24	26
35	58	83	33	26	34	25	24
41	54	86	34	27	33	25	26
42	45	81	33	26	33	27	25
40	43	80	33	26	22	24	25
38	45	70	31	25	22	24	23
43	49	109	40	26	22	25	23
41	74	123	48	28	23	24	23
39	75	124	48	30	24	22	22
37	73	125	49	30	24	22	21
41	73	121	49	29	24	20	21
37	72	73	38	32	24	20	21
39	47	43	26	29	23	21	20
40	45	50	28	26	21	21	21
45	54	64	29	30	21	21	22
41	51	70	34	29	21	23	28
40	48	71	36	27	20	22	28
35	43	71	35	27	21	20	28
35	47	63	36	30	23	21	28
27	37	45	35	27	23	22	31
26	37	36	30	28	24	21	25
31	41	32	27	25	24	25	25
33	41	23	27	25	24	25	27
33	39	78	27	25	22	26	27
42	49	87	30	28	22	26	24
96	66	114	40	30	20	26	33
97	67	119	41	30	20	24	35
97	73	121	42	33	21	24	34
101	79	98	40	30	23	25	34
98	73	91	39	26	23	23	34
49	61	72	33	30	24	23	27
44	57	72	36	31	24	25	25
57	56	83	34	29	24	24	26
49	45	82	34	31	24	25	24
47	45	81	34	33	24	25	23
50	43	68	29	28	23	24	24
61	47	73	29	28	27	20	22
47	38	55	30	29	26	21	23
49	37	56	30	29	25	18	25
49	37	55	30	27	27	22	24
48	42	62	33	27	27	26	24
69	77	74	39	29	26	29	26
84	83	83	42	30	27	30	31
87	86	85	49	28	27	31	31
87	87	86	51	29	25	33	32
86	83	82	50	28	26	29	30
63	50	57	45	27	24	28	29
41	39	43	41	26	23	28	23
48	50	42	31	28	24	26	25
49	49	39	28	28	24	21	23
53	56	41	27	27	23	25	26
58	61	38	24	29	25	23	27
58	63	37	24	30	25	23	25
52	53	34	25	28	23	22	23
52	57	52	31	29	26	26	24
46	49	53	30	33	26	23	22
40	42	65	31	33	24	26	25
39	40	70	32	32	22	25	25
38	40	69	31	32	22	26	27
42	33	57	24	30	20	22	27
44	32	55	25	29	23	22	28
46	40	44	25	26	24	23	25
47	40	34	24	25	26	24	26
56	45	36	24	25	26	24	22
57	43	35	28	26	25	24	22
60	48	37	27	23	22	25	23
60	42	31	25	24	20	21	23
59	48	32	24	25	20	24	23
51	43	29	23	25	21	23	24
46	44	28	19	25	21	25	24
42	56	46	24	31	22	24	22
43	59	47	27	29	22	27	24
51	55	47	28	30	21	24	25
46	55	49	28	30	21	23	23
52	57	51	30	33	20	22	23
55	43	52	26	27	23	24	23
55	39	54	26	27	25	23	20
56	40	55	24	25	25	25	19
56	40	55	24	26	24	25	19
54	36	53	24	26	25	25	22
51	34	35	24	28	22	22	23
52	39	37	26	30	22	21	24
44	36	35	27	29	22	20	24
49	38	37	30	28	21	22	24
53	41	40	30	28	24	22	21
49	43	84	31	28	26	23	22
54	41	84	31	27	25	28	22
64	49	87	31	29	25	33	22
64	47	87	30	30	28	32	26
63	57	92	31	28	25	33	30
63	59	64	33	27	23	34	31
57	59	67	35	28	25	29	30
44	53	66	36	25	25	27	30
37	52	63	34	25	24	25	28
36	39	53	31	26	22	24	25
48	39	44	29	26	24	24	21
54	37	52	29	27	24	26	22
59	43	65	32	28	25	22	23
64	49	65	33	28	24	24	26
62	50	72	37	28	27	24	25
55	61	77	37	29	25	22	28
59	68	66	35	27	24	23	28
58	63	58	33	28	21	22	27
64	62	59	30	26	21	23	26
66	62	52	27	24	21	24	26
78	59	60	28	21	22	26	24
102	52	61	29	22	23	25	25
103	60	54	30	23	23	26	26
105	59	54	34	25	23	23	25
112	66	62	34	25	22	25	29
105	57	44	36	29	22	24	30
83	59	50	37	27	22	24	30
83	52	50	34	26	23	26	33
72	53	49	33	27	24	26	34
62	43	36	31	27	25	25	33
67	45	39	27	22	26	25	33
60	48	40	28	25	25	24	33
64	51	42	29	27	25	22	29
68	59	43	30	27	23	23	27
66	68	56	36	35	22	21	25
67	71	62	41	38	22	21	32
84	87	61	41	39	24	21	35
80	89	102	42	39	23	23	36
76	83	105	44	40	24	23	36
78	84	100	41	33	23	24	36
78	84	98	36	30	22	23	29
64	68	98	35	30	20	24	26
67	64	55	34	29	23	22	27
69	62	52	30	26	22	24	29
80	82	63	30	29	21	23	29
82	80	61	29	29	21	23	29
79	76	60	27	27	24	24	32
74	74	59	24	28	21	24	29
75	76	77	29	25	22	23	29
57	45	69	29	22	23	24	28
45	67	73	32	27	23	23	29
44	66	70	31	25	22	22	24
48	73	77	34	26	22	23	28
50	72	79	32	31	21	23	26
52	73	107	38	31	21	20	27
51	55	136	42	33	24	21	28
52	58	149	46	33	22	22	27
66	54	147	46	32	22	20	27
75	67	137	44	29	21	19	34
76	64	115	39	30	23	20	34
79	60	72	32	25	21	19	33
77	72	45	31	26	21	21	33
64	70	42	30	28	21	20	31
54	59	62	34	29	21	19	27
56	68	73	34	29	21	19	25
83	88	75	37	29	21	22	27
84	76	73	34	28	22	20	26
87	81	74	34	30	21	24	26
87	81	57	32	29	23	24	24
85	81	48	31	30	22	24	27
69	69	54	30	28	23	24	28
98	93	54	29	29	24	25	30
95	97	58	30	27	25	22	32
95	95	60	30	27	23	25	32
97	89	59	30	28	23	25	29
88	83	54	28	30	23	22	28
62	63	53	29	29	22	22	27
64	51	51	28	30	22	23	26
67	58	49	28	30	21	22	25
69	67	47	30	32	21	23	27
76	72	47	31	31	22	24	25
71	67	59	31	32	22	24	25
69	70	60	31	30	24	24	25
87	94	63	30	32	26	26	26
89	90	72	27	28	26	25	27
83	88	73	27	32	24	25	28
84	92	69	29	31	24	24	28
83	92	68	33	33	22	24	26
68	67	75	35	33	22	21	28
61	66	74	37	33	24	23	26
64	76	74	37	30	24	24	26
62	69	77	34	29	23	23	26
63	70	84	32	29	24	23	26
50	66	81	31	27	23	22	24
51	67	73	28	29	24	21	26
80	61	71	26	29	23	20	28
87	95	75	29	30	24	20	28
91	96	66	29	28	22	21	29
92	96	68	29	29	23	23	30
91	93	69	29	29	22	23	29
65	90	69	31	28	25	24	27
69	87	66	30	32	25	24	29
59	90	67	30	31	25	25	28
63	91	56	28	31	24	24	28
73	93	60	26	29	25	24	28
74	132	67	26	30	23	25	27
76	136	67	24	24	25	25	28
79	139	65	24	26	26	24	28
76	140	64	25	25	24	24	26
82	142	59	24	27	24	28	28
83	108	53	23	26	23	28	32
73	84	42	26	29	20	29	28
75	84	46	24	27	20	28	28
83	91	49	24	30	20	29	28
69	99	51	24	32	20	24	28
74	103	52	28	33	21	22	28
76	106	50	28	30	23	24	29
80	114	79	29	30	22	24	31
72	111	79	31	29	23	23	31
75	104	80	32	24	24	26	31
65	100	81	29	26	22	27	27
67	93	79	27	27	21	27	27
71	73	64	29	29	22	26	26
70	67	70	29	28	23	25	25
74	94	71	30	29	20	24	25
75	100	72	30	28	23	24	24
104	115	80	33	30	22	23	33
98	120	64	31	31	24	24	33
101	122	57	29	32	22	25	33
99	119	60	30	33	25	24	35
100	114	61	29	31	22	24	35
76	96	52	26	29	22	23	29
82	92	53	25	25	20	22	29
79	93	50	28	24	21	23	30
78	75	46	27	26	19	22	27
81	72	38	28	25	20	22	28
77	83	49	29	28	21	23	27
67	88	54	29	29	21	23	26
68	86	55	26	30	23	22	27
74	88	53	27	27	23	23	27
68	89	54	29	33	23	24	26
83	83	52	31	31	22	24	27
84	78	46	31	33	24	23	26
99	74	49	31	32	23	24	28
97	84	59	30	32	23	22	28
96	84	57	27	27	24	20	29
76	79	49	24	27	23	22	25
80	74	50	22	23	23	22	26
62	78	48	22	23	23	22	23
56	58	37	23	24	25	24	24
70	54	38	22	25	25	23	26
75	57	41	27	25	26	21	29
69	56	40	27	24	24	22	27
65	48	38	29	25	23	22	27
74	72	36	27	24	23	20	27
63	84	47	27	23	22	22	24
59	81	44	24	26	22	22	22
66	85	45	25	30	23	21	24
65	88	51	25	30	24	20	24
54	77	51	26	30	23	22	25
51	73	46	24	30	24	21	26
49	77	51	24	28	23	25	26
39	73	51	26	25	22	23	26
44	72	46	26	25	21	26	26
41	64	58	30	25	22	25	25
44	57	57	31	23	23	25	25
44	53	54	33	24	23	22	28
56	76	55	31	27	22	27	27
62	75	54	32	27	23	23	30
66	73	40	26	28	25	23	31
65	85	39	27	28	22	25	30
67	85	43	25	26	23	27	29
62	70	42	25	21	24	23	29
56	68	44	24	19	23	25	24
62	69	44	25	20	21	25	26
63	59	43	25	26	24	22	28
64	58	37	25	27	23	22	27
63	54	34	26	26	23	22	28
60	58	39	27	27	23	21	28
56	54	42	27	25	24	22	28
57	43	42	25	25	23	23	26
54	38	43	27	25	23	26	29
51	37	44	25	27	23	26	27
52	39	38	27	28	23	26	28
51	51	35	26	28	20	25	27
50	53	43	28	25	20	26	26
70	55	40	27	25	22	23	25
70	55	41	27	26	22	23	25
69	51	42	26	25	23	23	26
66	41	40	29	27	23	22	25
71	41	35	28	27	23	22	29
62	44	37	27	27	22	21	29
65	43	36	29	28	21	22	31
67	47	36	29	27	21	21	31
66	46	43	28	27	24	21	32
61	45	40	29	28	24	22	29
63	46	48	31	27	24	25	29
76	47	57	29	24	22	26	30
77	55	94	33	30	23	29	30
76	56	100	32	31	22	30	29
85	64	117	36	30	24	29	31
77	62	121	36	30	23	27	30
63	66	118	35	31	25	25	28
60	54	93	31	27	26	22	24
76	53	84	31	27	25	25	26
65	47	60	26	30	26	23	24
66	52	46	25	29	26	25	22
63	47	49	28	27	25	24	23
72	50	58	28	26	23	24	25
59	62	73	30	24	22	21	25
57	61	79	30	20	21	23	24
53	56	82	30	22	21	23	25
51	55	82	29	22	22	25	25
35	53	74	29	27	23	25	24
36	44	62	28	27	23	24	23
44	41	54	27	28	23	26	23
46	48	70	29	26	25	26	25
87	60	93	33	28	24	27	29
91	73	96	34	27	26	29	31
92	74	99	34	29	27	30	32
94	75	101	35	27	24	27	33
99	90	125	39	28	23	26	33
83	88	117	42	29	26	25	29
100	94	152	48	30	23	24	34
101	92	153	51	32	23	21	32
102	94	154	50	36	25	30	36
99	79	140	48	38	25	32	35
89	84	144	47	39	24	32	37
67	67	104	39	35	26	31	32
80	72	112	37	34	26	31	32
97	73	112	37	32	25	24	33
104	82	101	41	31	27	23	34
105	78	83	35	28	26	23	32
114	84	88	40	31	24	23	36
112	87	72	39	33	24	25	37
98	84	66	39	31	24	24	33
97	89	56	34	31	23	23	32
94	86	61	35	33	22	24	34
82	84	54	31	35	23	27	31
101	85	51	30	31	23	25	35
100	87	55	30	32	22	28	34
94	81	54	30	33	20	27	36
94	81	50	28	33	20	24	33
105	81	53	28	28	22	24	34
105	81	52	27	29	22	26	35
130	81	47	26	28	22	25	34
139	73	47	24	26	23	26	34
140	72	48	24	23	24	27	35
136	80	43	23	23	22	25	33
116	77	45	27	23	24	22	27
87	76	48	27	26	23	22	28
96	75	46	26	27	21	23	26
94	70	41	27	29	22	22	25
92	64	48	29	32	21	22	24
93	56	52	27	32	20	23	24
91	85	118	44	33	23	22	26
92	98	159	57	39	26	21	27
95	100	165	58	38	27	20	28
94	103	191	64	38	27	24	30
90	104	193	65	38	29	23	29
88	85	163	56	37	27	23	27
65	76	146	47	30	24	24	25
66	78	160	49	32	21	28	24
79	71	133	45	29	20	30	24
82	75	130	43	33	24	34	26
80	80	149	43	33	28	38	26
72	72	132	38	33	29	37	24
70	70	118	35	32	29	35	24
61	66	112	31	32	31	32	28
60	60	115	33	31	29	27	26
68	56	106	34	31	25	23	27
123	57	101	34	32	24	24	29
124	52	91	34	33	25	23	30
125	54	89	32	34	25	22	26
129	61	111	38	35	26	23	27
151	53	95	35	33	27	22	30
114	54	94	35	35	26	20	29
129	64	94	33	32	28	21	30
141	69	102	34	31	26	22	30
138	62	70	25	28	21	20	31
115	63	69	30	32	22	21	28
113	70	93	30	30	24	22	29
91	62	93	32	31	23	22	28
66	55	82	30	32	23	21	26
72	53	83	31	31	24	21	25
63	59	97	30	26	24	22	25
73	71	97	34	24	24	22	25
76	72	95	34	30	25	26	28
90	74	103	38	28	26	27	29
83	79	111	37	31	25	26	29
85	73	104	34	32	26	24	28
96	67	87	30	33	25	25	29
96	72	89	34	30	25	19	26
80	71	87	32	32	24	19	28
79	65	84	32	28	24	18	26
86	68	93	34	30	27	23	32
62	59	106	35	30	28	20	30
57	54	105	33	29	28	23	30
57	54	100	32	28	28	23	29
99	64	106	34	31	29	24	31
92	71	112	38	31	29	23	25
93	68	97	36	31	28	26	24
93	69	108	36	30	27	27	23
97	74	107	35	30	27	27	23
107	76	99	36	28	26	26	26
109	77	87	29	29	19	25	26
114	84	100	31	28	23	25	29
130	84	92	31	30	24	23	32
129	79	89	31	30	24	24	31
98	73	84	29	30	25	24	28
105	67	83	30	26	26	22	28
100	62	80	27	26	22	21	28
80	56	76	25	28	22	21	28
85	55	78	26	26	21	20	30
91	54	80	25	27	22	21	28
80	48	67	25	29	22	23	28
88	45	53	26	30	22	23	27
88	43	47	26	27	23	23	22
106	56	60	28	30	24	26	23
94	63	67	29	30	21	25	24
92	63	67	27	27	22	24	24
84	60	62	25	27	22	26	23
85	66	61	26	27	21	25	26
75	57	51	24	27	21	22	26
80	46	38	22	25	23	21	26
83	43	36	23	25	25	23	26
99	46	35	24	28	23	20	28
99	40	36	23	29	25	23	28
100	39	37	22	27	25	25	27
123	38	35	24	26	24	25	31
121	40	35	24	26	22	26	30
109	40	39	24	23	23	26	29
106	40	45	27	23	25	25	28
106	57	41	26	23	24	24	29
75	55	41	26	24	23	24	24
76	53	41	28	24	22	23	25
75	51	37	27	24	23	24	25
73	49	31	25	24	19	23	26
51	28	35	25	23	18	22	25
57	34	38	25	24	20	23	26
53	38	40	22	23	22	25	25
53	39	41	22	24	21	24	24
53	38	38	20	21	23	23	25
48	38	35	23	24	23	24	26
33	32	37	23	22	22	24	25
48	31	35	24	22	22	22	25
55	35	37	26	25	23	26	25
60	42	42	26	26	23	26	24
70	42	41	25	23	23	26	25
71	53	37	24	25	22	26	24
68	51	35	24	25	22	25	25
62	47	34	23	19	22	24	24
59	42	28	24	22	21	23	26
56	41	28	22	23	23	23	25
60	31	29	21	24	25	20	25
55	30	28	22	25	22	20	27
54	31	26	23	27	21	19	27
53	33	26	22	26	23	21	27
53	39	31	25	29	23	22	28
50	35	29	25	27	22	23	27
55	38	30	25	26	23	23	24
63	38	29	23	26	24	24	29
72	46	27	23	25	24	21	28
66	45	22	22	22	22	21	25
65	46	24	24	23	20	22	26
64	45	24	24	26	21	24	27
71	44	27	25	26	20	23	24
62	42	27	24	26	21	25	25
62	36	26	25	26	22	23	26
63	34	23	23	25	23	22	27
61	33	22	22	24	25	21	25
47	36	22	24	25	23	19	23
50	28	23	24	25	23	17	23
50	35	23	21	26	23	21	23
52	35	25	22	27	21	21	21
68	37	26	22	25	20	23	24
70	35	24	23	24	22	24	23
70	35	24	23	22	21	23	23
71	31	25	23	23	21	24	25
78	32	25	23	22	24	23	28
65	31	25	24	27	25	24	27
70	37	25	23	26	23	24	27
70	46	27	24	28	26	24	27
68	44	27	26	26	26	22	26
65	46	26	25	27	24	25	26
80	48	24	25	22	23	22	26
77	45	24	26	22	23	22	27
78	36	22	25	25	21	23	27
86	44	21	23	24	22	24	31
86	40	22	25	26	22	23	28
75	47	23	23	27	24	23	30
68	45	23	21	28	24	23	29
68	50	23	23	26	24	23	28
62	46	23	24	30	23	23	25
54	48	24	23	29	24	22	25
49	42	25	25	29	24	23	21
49	42	23	25	29	23	24	21
47	37	23	24	32	23	25	22
51	37	26	24	29	23	26	24
58	44	25	24	28	22	27	24
63	43	24	22	29	22	27	27
66	48	25	24	28	23	25	29
65	48	24	24	25	23	26	31
71	47	21	23	28	24	25	29
64	44	22	22	26	23	25	30
60	51	20	24	25	22	24	27
55	44	21	23	28	23	25	25
56	44	23	22	26	20	23	24
42	48	23	21	21	21	22	23
56	50	23	21	23	23	21	24
56	43	26	19	24	24	23	26
57	48	25	20	22	22	24	26
71	49	23	22	26	22	25	25
80	44	23	23	29	22	25	27
72	46	25	25	27	19	24	26
77	45	22	26	27	18	25	26
84	43	22	25	27	20	24	25
73	42	23	24	26	23	21	25
60	47	34	24	24	21	21	24
60	48	48	31	27	22	24	25
53	54	64	33	27	25	23	26
60	61	67	33	28	26	22	26
72	71	75	36	27	24	25	32
73	70	73	37	30	25	25	32
71	69	68	32	28	25	24	29
73	69	63	33	29	23	22	29
59	61	72	33	28	21	25	31
55	58	99	34	32	22	22	24
54	59	106	35	30	23	24	22
56	52	108	34	28	22	24	22
53	47	111	32	27	23	23	23
55	51	110	37	27	25	22	20
47	48	91	40	24	23	22	23
65	47	87	40	27	22	22	24
66	50	90	40	28	21	22	26
68	52	87	39	27	24	22	25
69	51	88	36	30	22	22	25
63	44	77	28	29	21	22	24
60	42	72	29	24	23	20	24
63	69	92	30	25	25	20	23
68	71	90	34	27	21	27	24
74	75	85	31	27	23	28	27
75	77	86	30	27	25	30	26
74	88	104	35	30	24	32	25
71	70	88	35	28	23	31	26
62	69	86	33	33	24	30	24
63	65	85	34	31	24	27	25
68	68	86	35	31	25	25	24
58	54	63	28	29	23	25	24
56	48	51	26	31	22	26	21
72	49	57	28	27	23	22	24
62	68	110	38	28	24	23	20
59	78	146	46	33	23	25	24
62	89	174	52	36	26	24	25
64	94	177	52	34	28	24	30
46	91	175	52	32	27	24	29
59	77	149	45	33	26	25	30
57	64	120	40	29	25	23	29
54	66	86	42	28	22	23	28
53	69	124	48	35	22	22	25
55	71	124	47	34	23	21	26
40	72	128	48	32	23	20	24
39	73	131	46	33	24	23	24
37	56	123	38	28	24	23	25
45	61	113	39	28	22	25	26
46	60	113	39	28	21	25	24
48	66	108	37	27	20	25	24
50	65	99	38	28	19	24	22
50	65	98	36	32	22	24	21
42	57	59	27	25	24	22	20
54	57	51	29	26	24	22	21
59	63	79	40	30	27	22	21
75	71	75	38	27	27	21	25
77	82	76	39	26	25	22	27
77	80	89	40	28	24	20	25
69	79	107	40	28	26	22	28
85	97	91	31	24	25	21	30
72	110	91	31	26	28	22	27
75	104	90	30	25	28	22	26
87	126	82	29	24	27	24	27
114	159	109	39	28	26	24	32
124	156	120	43	29	24	26	35
131	151	132	63	32	26	25	36
158	182	138	64	33	25	26	44
181	187	155	68	35	26	29	50
199	203	168	70	37	29	30	54
217	271	172	71	43	32	32	64
217	285	194	70	44	31	96	66
220	290	230	89	55	34	100	66
203	297	237	103	58	35	101	66
174	309	240	110	62	35	101	60
154	259	245	111	58	33	101	48
150	251	223	106	61	37	48	45
117	224	181	91	52	34	40	39
106	209	178	81	53	35	40	33
98	155	143	75	47	35	37	31
59	151	130	75	51	37	40	34
52	137	128	68	44	32	37	36
46	157	131	68	45	34	35	32
46	153	98	57	38	32	32	35
45	156	90	48	37	32	32	34
58	143	94	50	37	32	27	29
64	190	106	56	38	33	25	28
60	179	106	57	37	32	24	28
58	180	111	57	37	30	23	25
60	203	112	52	38	28	24	25
48	219	104	42	33	24	21	24
38	215	125	42	32	22	20	22
37	211	123	39	32	22	21	24
56	267	168	47	32	23	23	28
83	262	171	55	29	23	23	26
95	259	169	60	33	28	29	33
99	232	148	58	32	28	28	33
118	255	152	60	32	26	28	38
182	205	100	54	33	28	27	48
178	213	98	47	32	28	25	49
177	227	140	48	32	26	23	45
184	241	159	48	36	25	26	45
189	232	160	57	47	29	29	44
125	225	156	60	51	29	28	31
130	211	150	58	50	29	29	28
144	216	122	57	48	29	28	30
151	344	153	66	50	32	30	36
139	378	157	61	42	30	28	33
137	380	186	74	42	30	30	33
123	378	203	79	44	33	34	34
144	400	208	80	43	30	32	36
160	341	202	76	40	30	30	37
157	297	201	85	42	30	30	37
158	291	182	72	37	27	28	36
161	295	183	70	38	26	23	35
126	250	172	67	38	27	24	31
129	268	187	69	38	24	22	37
170	284	222	72	36	23	23	46
169	284	218	76	40	28	28	49
170	275	205	75	40	29	28	50
169	273	201	78	43	31	28	51
159	213	154	72	45	30	29	45
124	192	112	59	43	30	29	38
126	196	114	54	43	27	25	36
119	189	109	55	41	27	24	35
116	167	124	57	41	27	24	34
78	113	131	58	35	26	22	30
59	113	119	58	37	28	21	29
50	103	117	60	33	27	21	26
51	102	116	59	34	26	22	25
68	106	107	55	31	25	23	24
70	95	89	52	35	27	23	23
63	72	87	53	35	27	23	20
63	97	105	66	35	26	24	21
63	101	112	75	40	26	24	24
47	106	110	73	39	26	24	24
68	141	118	78	37	24	25	27
72	145	115	78	37	25	26	27
75	132	124	69	36	25	25	28
78	128	128	65	38	28	26	29
76	134	127	65	38	28	25	28
77	108	121	59	38	28	24	28
78	119	117	55	37	26	22	28
78	124	94	49	38	25	23	27
77	134	110	48	30	23	22	26
77	137	115	48	33	22	23	27
68	169	127	50	33	23	23	25
71	235	153	60	43	28	23	28
69	239	150	64	44	29	22	30
74	246	129	63	45	29	25	29
84	247	125	65	43	30	24	28
85	262	131	70	42	30	24	27
81	215	118	66	30	24	25	27
79	206	114	62	27	25	25	26
74	198	119	61	23	24	22	25
62	193	115	59	28	26	23	27
43	133	103	58	33	26	98	26
37	99	96	55	34	37	273	38
37	94	96	54	36	42	323	42
33	84	85	48	36	42	344	43
26	64	88	48	32	41	350	42
46	95	73	36	28	42	341	42
79	154	96	42	30	34	237	39
96	216	107	52	28	26	168	35
113	270	179	61	35	29	123	40
125	292	229	77	38	29	106	44
126	296	234	84	39	30	92	44
114	313	229	81	39	31	61	38
104	278	230	77	37	33	42	36
90	232	190	75	34	29	37	29
78	211	142	62	36	27	33	25
69	212	136	56	38	24	30	26
68	149	135	59	40	23	26	22
69	155	154	64	42	21	22	22
77	163	176	74	47	25	26	27
78	157	178	77	43	26	25	27
80	159	179	79	40	26	26	26
92	207	186	82	40	28	27	34
90	199	176	77	41	29	27	34
90	191	146	65	37	29	26	31
87	206	136	59	38	30	24	32
85	192	133	55	39	29	24	32
73	153	118	44	36	27	23	25
75	164	128	44	36	25	22	28
79	191	141	46	34	29	24	26
81	207	157	44	35	88	93	26
86	216	162	44	34	147	213	26
81	207	155	42	35	178	260	29
84	203	140	43	35	202	292	29
76	173	124	37	35	205	296	31
80	137	102	45	38	200	299	31
74	123	109	53	38	171	245	31
81	122	114	58	37	143	202	29
86	117	110	55	34	107	153	32
85	115	119	68	34	101	145	30
86	127	120	75	38	73	109	32
100	143	109	71	37	48	69	31
93	168	123	68	36	34	43	29
80	170	118	67	37	33	38	25
75	169	107	57	35	29	34	25
68	169	97	53	30	29	30	24
46	148	100	56	32	27	26	23
45	119	79	54	34	26	24	24
44	112	79	55	35	23	25	24
44	107	72	53	37	25	26	24
40	97	67	39	34	25	24	22
58	101	74	36	31	25	23	25
56	109	66	40	29	25	25	24
59	109	73	40	29	25	24	26
60	113	72	40	27	25	23	25
60	111	78	41	26	23	25	25
61	116	64	43	26	24	25	24
63	102	66	46	31	26	24	26
69	104	62	47	32	28	27	25
82	107	79	48	31	26	27	27
83	105	83	48	30	27	25	27
71	104	88	45	31	25	25	25
73	128	90	40	27	24	23	28
66	130	88	42	28	23	19	27
47	124	82	40	29	25	19	26
54	119	74	37	29	24	23	27
55	146	71	37	31	24	26	28
53	135	65	36	34	27	25	23
54	129	69	33	35	30	25	24
57	141	75	33	35	26	26	22
46	157	78	37	37	28	23	25
71	126	83	37	37	30	23	26
72	127	90	37	36	26	24	24
72	132	100	48	35	23	25	24
72	120	93	51	38	25	24	23
78	98	90	53	40	26	24	20
56	105	87	53	39	26	22	19
52	102	98	56	40	26	21	20
56	98	89	57	40	26	19	20
55	108	95	59	37	29	21	20
46	112	98	55	35	25	21	22
45	105	97	56	35	27	22	22
66	95	80	53	34	26	22	24
68	93	78	41	30	26	21	25
67	86	80	39	31	22	21	25
65	90	91	50	31	22	20	26
79	96	92	54	31	19	20	25
61	95	95	55	32	21	20	22
61	124	104	56	33	25	22	25
60	121	97	53	30	24	21	26
61	126	89	42	29	27	23	25
41	123	87	41	27	27	24	25
64	134	84	42	27	28	23	27
62	112	78	42	25	25	21	24
65	121	77	42	28	26	23	25
64	105	68	43	29	24	23	23
64	110	68	38	31	25	21	23
49	103	71	39	28	23	24	21
43	110	62	39	29	23	24	22
68	101	60	40	29	24	25	21
71	107	68	44	31	24	24	22
73	108	76	47	31	22	24	21
71	110	72	44	35	25	23	23
71	110	77	45	36	23	23	24
49	106	82	44	35	21	22	23
62	102	74	45	33	26	22	25
61	101	59	44	33	28	23	25
60	91	58	43	29	26	21	25
62	87	51	40	32	26	24	23
60	118	58	40	31	26	25	25
56	119	58	35	30	21	24	21
55	117	58	29	29	21	25	22
73	117	74	30	28	22	27	27
77	110	77	32	22	24	27	27
81	103	68	30	23	25	36	28
78	139	71	30	24	25	40	31
86	139	73	33	25	26	39	35
74	157	75	35	25	28	38	30
67	156	70	40	26	28	38	32
62	141	91	57	35	29	28	30
52	105	112	79	41	31	25	28
38	106	153	85	48	32	27	25
36	80	153	86	50	31	26	25
37	90	155	84	51	30	25	24
40	99	161	78	47	27	25	25
62	101	147	60	43	25	24	27
67	101	108	51	36	21	22	29
67	100	97	48	33	20	22	29
67	89	94	45	35	21	24	29
66	82	59	37	32	22	23	29
48	97	74	36	30	23	24	25
55	109	75	30	29	23	25	25
56	121	80	36	29	24	25	27
57	132	88	40	28	25	25	25
54	133	88	41	32	25	24	26
56	119	84	38	31	25	21	26
47	101	81	39	29	23	19	22
49	87	75	36	29	25	20	21
61	75	64	32	27	24	18	21
64	84	71	34	25	24	20	23
63	87	58	35	29	25	21	24
59	94	62	37	28	25	23	24
55	92	62	36	29	23	23	23
44	99	68	36	30	26	24	23
39	88	59	33	28	25	23	19
36	90	61	34	30	25	22	17
35	93	62	30	32	25	22	21
33	90	82	35	37	26	23	22
38	83	78	36	36	23	24	23
55	89	81	36	35	24	23	24
57	89	87	41	33	38	26	25
60	89	89	47	36	41	25	24
59	88	80	47	31	41	24	25
57	96	101	60	34	41	24	25
45	92	107	67	37	41	25	23
42	94	102	64	35	29	21	25
46	114	98	60	32	25	23	24
49	114	91	61	33	25	24	22
46	108	73	53	31	25	22	24
45	109	64	48	25	25	20	24
48	108	63	47	26	26	21	22
67	85	60	46	26	26	24	25
68	102	63	44	24	26	24	26
66	97	67	42	24	27	25	24
66	96	69	42	29	26	27	26
66	97	68	41	27	24	27	27
53	92	64	42	26	24	24	24
57	82	93	51	30	23	22	25
58	101	97	51	30	22	21	25
63	102	93	50	27	25	21	26
64	95	92	50	28	25	21	25
53	95	96	49	32	23	19	25
50	95	75	43	29	23	22	25
69	81	65	42	34	25	22	23
66	109	80	46	34	22	21	21
68	113	83	47	38	26	21	23
70	118	90	52	37	26	22	23
66	112	90	59	42	28	20	22
44	111	93	64	39	27	19	23
39	97	88	65	40	29	22	23
55	91	93	65	36	25	21	23
55	91	85	61	34	26	21	23
55	96	87	53	29	27	23	24
57	100	81	49	29	26	23	25
60	90	73	45	27	24	20	26
56	97	70	43	29	24	23	24
58	133	86	49	33	24	23	26
61	143	94	47	32	25	23	26
60	145	100	42	30	26	22	25
58	151	112	42	32	27	23	24
41	162	122	45	29	28	21	24
46	140	116	54	30	29	23	24
45	137	119	55	33	27	22	23
47	132	115	64	40	31	25	26
46	121	117	70	44	39	221	38
47	103	105	67	44	51	336	43
37	86	98	57	44	103	496	53
37	61	75	55	42	108	523	57
34	54	74	51	38	110	535	56
36	71	61	44	36	109	498	49
53	172	123	59	42	105	434	50
84	322	220	95	59	68	246	52
93	421	255	104	68	71	186	50
95	450	261	105	70	65	153	51
96	453	263	105	69	87	120	51
103	444	255	105	85	130	129	54
104	399	187	76	78	141	122	47
99	309	146	63	72	137	117	44
101	289	172	59	70	138	115	45
102	313	294	91	77	127	114	46
108	347	329	100	69	127	81	42
103	311	414	101	70	152	64	68
185	334	425	102	70	154	57	82
187	319	426	104	72	156	55	83
188	291	356	76	64	156	52	83
182	226	316	61	64	128	48	82
173	213	199	58	58	75	42	60
97	171	221	67	58	68	39	43
96	184	276	73	58	61	36	40
101	308	353	81	59	64	47	45
107	341	360	75	44	112	51	56
116	344	370	75	42	128	58	58
150	381	360	74	49	140	60	66
175	419	316	82	54	144	62	78
204	468	276	98	64	145	57	87
202	451	283	98	64	107	53	93
207	518	273	103	66	86	47	96
183	543	262	100	67	67	48	94
201	548	264	93	61	59	48	91
169	457	266	84	51	46	49	81
209	571	268	92	51	40	61	83
237	590	268	90	57	54	75	94
257	657	260	93	51	51	77	103
254	656	259	96	53	54	78	117
331	678	220	88	54	55	81	191
406	582	227	84	55	58	73	235
423	527	271	95	51	45	58	251
431	404	283	128	68	48	57	262
427	371	270	123	65	48	55	258
376	348	290	132	67	47	47	217
291	386	281	136	68	45	45	173
236	411	229	129	66	42	45	141
191	384	210	97	48	35	37	109
166	381	214	93	46	29	35	102
152	365	157	76	45	34	35	85
104	328	122	60	43	34	31	51
101	237	112	62	55	36	31	47
96	221	107	54	53	36	31	46
99	222	91	60	54	38	32	41
94	202	90	64	49	32	24	30
75	187	116	73	48	28	24	26
68	200	124	68	35	24	23	27
68	206	131	84	43	28	24	27
71	247	185	122	60	30	25	29
73	251	193	131	65	30	26	28
77	245	185	130	64	30	25	28
79	267	210	143	72	29	24	26
103	307	253	158	75	34	29	30
96	328	279	140	62	32	27	30
96	331	283	136	58	32	27	31
93	333	344	158	67	35	28	32
95	356	361	157	63	41	33	34
75	343	388	141	56	33	29	35
65	278	365	149	58	35	33	35
62	269	363	157	64	36	34	36
66	288	315	143	62	36	33	36
89	295	295	135	59	32	29	39
90	299	235	136	67	37	32	38
90	299	216	128	72	38	28	36
106	310	212	113	67	37	26	37
162	357	266	106	66	36	29	40
163	318	293	102	67	37	31	39
170	389	332	88	61	34	30	41
176	404	342	71	52	30	30	43
301	468	362	80	57	31	37	83
308	506	430	114	62	38	39	92
332	535	453	127	67	42	42	104
378	482	420	131	69	44	44	126
384	477	422	133	69	45	45	128
299	437	423	126	65	45	42	108
268	347	366	97	58	41	40	99
256	303	308	84	50	36	40	87
174	320	303	86	50	33	35	48
178	394	304	92	52	35	36	50
185	397	295	106	62	37	36	53
206	442	237	106	60	38	36	62
264	495	275	110	63	39	38	82
288	486	267	104	60	38	42	84
285	427	268	100	60	37	41	80
313	443	270	90	66	42	46	94
304	408	251	81	65	40	45	90
249	334	188	68	63	40	40	70
248	325	190	67	63	39	38	79
291	476	177	61	61	39	41	84
274	453	164	79	63	42	46	99
266	433	172	84	63	41	45	99
254	436	179	86	63	40	43	101
231	435	202	138	79	45	44	95
178	273	237	149	86	46	42	94
153	255	273	151	74	36	28	61
168	252	270	149	75	38	29	63
165	237	277	150	75	41	31	60
172	214	271	120	66	36	30	63
148	200	224	109	66	37	30	57
127	195	165	93	63	36	31	50
115	223	184	97	60	35	27	45
108	226	177	102	64	35	28	45
79	228	235	102	57	34	29	35
76	196	256	110	53	33	30	31
79	175	266	125	58	33	28	30
62	155	282	136	64	33	29	30
61	158	283	131	59	30	28	28
58	155	225	117	56	29	26	28
56	153	200	111	57	29	26	28
65	141	186	88	49	27	26	28
88	122	163	63	42	24	27	44
90	112	159	56	38	23	26	45
91	104	164	60	39	23	25	45
119	115	165	54	28	21	25	55
128	117	161	62	35	28	30	59
125	155	139	60	37	30	28	49
127	185	171	76	43	29	30	50
136	196	175	73	45	31	32	51
114	192	174	71	47	32	31	42
148	193	169	67	41	27	26	47
144	179	176	109	58	31	30	50
158	189	164	108	61	35	32	55
156	191	153	108	60	35	33	56
163	194	156	107	58	35	34	56
140	208	151	114	60	35	34	53
163	224	149	82	48	32	34	55
145	186	122	70	39	28	30	47
147	190	135	78	41	26	28	45
167	237	159	87	47	29	28	49
157	235	181	79	47	28	28	43
132	247	189	76	43	27	24	39
135	267	192	82	46	28	26	41
132	272	199	97	49	30	27	44
165	249	174	92	50	36	33	49
160	242	153	91	49	36	34	49
171	219	123	87	49	36	34	52
174	201	116	82	48	35	36	53
168	181	84	50	42	34	34	49
101	171	93	43	34	25	28	40
118	179	95	39	31	25	25	46
96	162	110	41	31	25	26	39
89	151	119	44	31	26	21	40
98	159	175	69	33	26	23	43
115	165	172	70	33	28	23	42
96	146	176	70	34	28	24	36
97	141	167	67	32	25	23	35
90	144	161	64	28	24	22	29
80	127	119	48	26	22	19	25
65	91	138	50	29	21	19	25
70	109	135	53	27	19	18	26
69	117	137	53	28	21	19	26
80	120	137	53	28	22	21	32
89	122	141	47	28	24	22	32
95	121	124	44	26	24	25	36
90	132	112	41	28	26	26	35
89	125	113	46	29	27	28	36
83	119	124	48	34	26	27	31
98	130	98	45	34	25	28	31
90	134	96	48	33	23	27	28
89	109	105	52	32	23	26	27
93	103	108	50	31	20	28	27
92	103	89	46	27	20	28	29
91	120	127	49	33	22	28	30
97	114	127	45	34	24	26	28
95	119	128	41	34	22	26	29
95	129	127	43	35	23	22	29
95	137	131	42	36	23	26	28
73	110	106	39	30	23	25	26
56	115	110	38	29	22	26	24
72	118	104	36	31	23	26	26
68	107	99	33	27	23	26	27
73	100	105	34	26	23	23	28
71	92	99	35	31	22	22	28
71	106	108	34	29	24	22	30
55	108	125	41	33	23	21	28
56	112	131	52	35	23	21	27
66	111	121	53	34	24	23	28
66	114	134	54	30	24	22	27
64	90	143	59	33	20	20	26
62	80	139	58	27	21	21	26
62	143	143	50	31	23	23	26
71	149	143	47	30	22	19	26
71	146	133	44	31	24	19	26
82	154	127	41	31	25	21	28
81	158	118	38	31	25	21	28
80	103	104	36	29	22	19	27
60	114	161	48	31	25	22	26
70	117	162	51	35	23	23	27
62	110	149	51	31	25	23	29
61	98	143	49	31	25	23	27
75	100	144	48	29	25	22	31
71	78	106	45	32	25	23	30
62	73	99	46	30	25	25	30
72	94	115	48	35	26	24	29
94	105	125	52	38	28	25	32
86	101	126	52	38	30	27	30
87	95	112	61	38	28	25	29
86	111	124	61	38	30	23	29
84	105	123	59	36	27	24	28
74	129	122	56	34	25	22	29
72	131	121	56	37	23	22	27
71	133	119	41	33	22	23	27
71	124	118	45	30	21	25	25
62	145	107	46	28	19	25	27
51	119	102	46	26	21	26	23
57	117	100	46	26	22	25	25
59	118	96	45	28	26	23	27
58	125	89	45	29	26	23	27
53	84	86	46	33	27	23	26
45	95	77	45	33	27	22	26
42	128	96	46	31	26	23	26
71	141	91	46	33	24	24	27
87	138	86	38	31	23	22	29
88	139	82	41	28	24	22	28
89	136	93	51	30	23	25	29
88	117	93	57	30	26	25	32
70	103	111	59	30	25	22	30
51	96	130	63	31	27	22	28
52	113	137	64	37	26	23	29
62	178	151	69	39	27	21	30
98	222	166	77	43	26	26	41
215	271	173	79	46	28	33	77
236	288	195	80	46	26	32	83
240	289	195	77	42	26	33	84
247	255	182	66	38	25	31	87
247	231	186	55	35	25	29	84
161	198	176	57	30	24	23	54
133	178	135	55	30	25	28	46
128	174	133	51	29	24	26	45
109	174	141	55	30	24	26	38
80	149	101	53	28	22	26	30
67	115	85	43	29	21	26	30
81	116	79	38	28	20	22	30
81	113	74	39	29	20	24	29
85	110	55	36	27	20	26	28
83	120	58	33	28	22	24	28
83	123	67	38	24	23	23	26
61	118	94	39	26	22	24	24
73	119	98	39	24	22	25	30
67	149	102	35	27	21	26	28
68	144	108	35	25	23	25	28
75	142	115	32	28	21	26	31
84	136	96	32	26	21	27	29
84	153	95	30	27	23	26	24
81	116	93	35	26	25	23	27
82	111	86	35	27	23	24	26
85	131	75	36	29	24	24	27
78	134	79	37	29	26	22	29
66	107	116	41	32	25	21	30
69	116	118	40	33	24	24	30
73	121	121	41	33	27	24	30
72	101	133	38	33	26	24	30
86	116	143	38	33	26	26	29
90	120	125	44	33	28	27	28
95	124	147	50	33	27	26	27
92	136	177	56	34	27	25	28
86	136	181	60	32	26	24	26
66	120	185	65	37	27	23	25
61	145	223	84	41	26	23	24
48	137	217	85	42	27	23	26
49	125	206	85	42	25	24	29
46	122	213	88	42	26	25	31
57	125	209	85	38	22	25	35
64	123	163	66	30	23	25	37
125	138	155	65	34	23	26	40
126	140	149	60	34	23	24	35
129	149	136	54	33	26	22	34
128	155	129	51	34	28	23	30
143	146	121	42	33	27	22	31
104	175	130	44	28	26	24	28
110	178	129	50	26	24	25	30
110	187	133	51	29	22	26	31
114	182	137	53	30	22	26	31
101	176	138	54	30	22	26	30
96	139	135	49	33	23	25	28
103	136	120	48	36	26	26	29
101	118	139	52	35	25	27	29
90	125	135	50	35	24	24	30
79	115	135	55	36	23	25	27
74	104	135	64	38	25	23	29
46	137	140	67	39	26	22	26
36	140	118	66	36	27	19	26
39	141	135	71	38	27	21	27
69	149	146	75	39	29	20	31
73	149	147	69	37	28	23	30
86	119	156	73	38	27	22	32
107	143	158	69	38	26	24	32
118	138	161	71	37	28	25	32
106	140	172	79	40	28	25	28
118	172	174	78	39	26	24	30
118	175	163	68	34	25	26	28
99	151	162	74	34	24	25	29
86	163	147	71	32	23	23	28
83	169	135	52	28	22	24	30
61	139	144	52	26	22	21	29
46	139	155	56	27	26	21	31
54	147	144	45	30	27	21	33
56	134	139	41	30	26	21	33
57	126	131	39	29	26	21	31
56	122	119	35	29	26	22	30
56	107	100	29	27	22	23	30
46	94	93	28	24	20	23	25
56	99	122	33	26	25	23	25
74	96	131	42	25	24	21	27
81	98	125	46	28	23	24	27
82	109	127	47	29	22	22	26
85	101	128	52	31	25	21	28
77	99	125	56	34	20	21	28
56	86	108	50	35	22	22	26
64	95	117	52	34	23	21	28
60	82	114	51	34	24	21	28
58	115	137	50	32	24	21	26
58	125	119	43	28	24	23	25
57	127	117	43	27	23	26	26
47	116	101	36	24	24	23	23
66	122	135	57	27	24	25	27
67	98	117	57	29	22	26	28
66	68	112	56	28	22	26	29
69	68	121	59	30	23	23	29
61	104	123	67	32	22	25	28
39	100	85	51	31	24	22	25
41	98	74	47	33	25	23	23
41	106	83	47	33	27	22	23
42	135	109	51	31	26	23	25
51	124	109	41	30	25	24	24
55	125	113	45	31	23	26	28
56	139	128	48	28	22	26	28
56	141	128	48	28	20	25	28
50	114	104	41	25	22	26	26
45	108	116	41	27	25	25	30
53	109	140	43	25	23	26	26
49	96	129	42	27	25	27	26
53	90	126	45	27	25	26	26
56	105	120	43	31	24	24	26
54	96	117	44	29	23	23	21
48	97	104	44	31	26	22	22
54	126	103	42	31	24	20	23
51	125	104	40	30	24	20	22
51	113	122	46	33	27	21	23
56	124	111	46	33	26	23	25
51	122	98	42	34	26	22	24
50	99	100	42	32	27	22	24
48	97	95	46	32	28	22	25
60	101	81	42	26	27	24	26
63	104	107	41	31	27	22	25
66	105	109	41	26	24	24	26
66	92	106	41	27	26	25	27
69	90	107	36	28	25	24	29
64	104	145	44	31	24	23	28
57	85	145	49	31	27	24	27
55	83	140	53	33	27	23	29
63	104	141	55	35	24	22	29
68	109	143	54	35	26	24	26
66	96	113	49	33	25	23	27
66	97	94	46	29	22	22	27
76	111	101	40	28	20	23	25
70	128	125	48	27	22	24	24
71	128	144	53	30	20	24	25
69	138	137	56	31	22	24	24
79	141	133	53	32	21	24	23
82	132	134	54	33	22	24	23
88	100	137	51	33	22	23	25
85	95	115	50	31	22	21	24
95	82	114	49	36	23	22	26
86	88	113	46	36	23	21	29
86	93	113	45	36	25	21	30
82	90	91	40	36	26	21	29
82	94	92	34	34	26	21	30
70	94	91	31	27	26	21	28
73	86	98	33	27	27	22	29
64	90	96	35	25	26	22	27
63	98	104	34	29	24	26	28
60	94	111	33	28	24	24	28
73	110	114	41	31	23	24	30
70	111	113	48	34	21	24	29
65	98	122	65	40	25	24	29
62	106	132	79	47	28	22	29
72	106	127	80	49	29	25	30
70	93	126	76	49	29	26	28
72	107	139	78	48	29	26	29
75	107	144	69	45	26	26	30
75	91	121	53	34	24	24	28
84	124	130	55	32	24	22	31
72	140	155	57	33	23	18	31
70	132	140	49	31	24	18	29
65	137	128	39	28	23	20	27
70	142	130	41	27	25	21	28
62	115	126	37	25	23	22	23
69	99	104	33	27	25	23	25
75	99	104	34	25	25	23	27
75	94	96	34	24	26	22	28
74	87	90	30	25	23	23	31
64	82	83	32	26	23	23	30
60	69	62	32	22	21	22	29
55	89	75	38	26	23	23	27
57	95	99	42	28	20	24	28
73	92	104	45	27	22	22	24
77	109	102	44	27	21	23	26
78	113	105	43	31	24	24	25
77	94	98	37	28	21	25	28
79	91	94	35	28	24	25	28
61	99	95	32	30	23	25	29
89	84	97	30	32	24	25	29
88	86	106	30	28	22	25	29
92	101	112	30	29	22	23	26
89	100	96	27	29	23	22	26
88	103	91	27	28	24	22	26
55	104	90	27	26	25	22	23
64	98	84	31	28	27	22	28
61	83	101	35	28	27	24	28
62	89	99	35	26	26	23	27
62	82	112	36	24	26	23	27
60	77	123	50	30	26	24	28
53	79	136	60	30	24	23	23
46	85	120	58	32	25	22	23
50	75	121	58	33	25	22	26
52	82	124	61	33	23	23	26
50	82	118	50	28	24	20	26
50	86	99	35	29	24	23	25
63	73	93	36	27	24	22	27
66	125	105	40	25	25	22	24
65	130	93	40	27	26	22	26
70	143	115	42	26	24	23	27
71	140	115	42	27	23	21	28
60	142	118	42	28	23	22	27
57	111	132	46	30	24	21	29
56	98	129	44	32	23	24	27
59	83	107	43	31	25	23	26
64	89	107	45	28	25	22	27
69	89	118	50	31	26	23	28
71	79	93	49	29	23	24	26
69	82	106	48	29	23	21	26
63	76	102	47	30	20	24	23
60	77	102	48	33	21	26	21
57	74	100	46	31	20	26	23
54	82	97	38	29	23	24	24
57	86	83	42	28	22	25	25
57	87	84	41	31	24	23	26
57	81	84	40	28	24	20	27
60	85	85	38	28	26	21	26
58	79	89	40	28	24	20	24
61	73	93	37	28	24	22	23
68	87	102	37	26	24	21	24
68	83	102	36	28	24	23	24
63	82	95	35	29	22	22	24
63	82	101	41	30	25	22	25
61	82	102	46	31	26	21	24
54	68	96	45	30	25	21	25
49	71	95	45	31	25	20	24
63	104	88	44	29	25	22	27
68	105	94	46	30	25	23	27
66	107	85	42	30	27	23	28
68	110	84	43	32	26	24	27
70	127	84	45	28	25	24	31
66	108	85	44	29	25	21	27
66	104	62	34	28	23	23	29
71	124	80	36	28	22	22	28
69	138	92	35	29	24	21	29
63	121	93	34	30	22	22	27
59	129	99	35	30	23	23	27
58	142	113	37	30	23	24	25
55	122	109	33	26	23	24	26
55	104	101	37	24	23	24	24
56	112	109	37	24	23	23	23
52	122	118	39	24	23	23	25
63	109	107	37	23	22	24	27
65	114	109	38	24	23	23	29
65	111	106	34	22	23	24	30
69	116	107	38	21	24	24	28
69	86	89	40	25	25	25	28
65	101	93	44	27	26	21	27
60	92	78	46	32	24	21	25
65	110	80	48	31	26	20	26
60	95	88	62	41	27	22	28
66	109	101	62	42	30	22	30
58	98	105	61	43	29	22	28
64	99	114	60	40	30	23	29
57	84	110	60	41	29	26	27
57	96	96	42	33	29	25	26
49	85	95	41	30	27	23	24
56	82	95	43	28	27	25	27
51	93	97	40	29	26	23	26
58	94	101	43	27	27	23	27
58	85	99	44	27	25	23	27
58	83	86	41	30	24	23	26
50	103	80	44	30	23	22	25
46	91	65	43	29	24	25	27
41	111	86	48	32	22	26	29
42	109	86	47	32	21	27	28
50	117	94	54	31	22	27	30
49	100	91	52	31	24	26	29
50	106	92	53	33	24	24	27
46	90	78	50	33	26	23	25
53	91	83	58	33	27	23	27
51	80	73	54	32	26	22	27
55	80	95	59	35	25	22	26
57	87	103	63	37	26	22	26
61	80	96	63	36	25	22	26
53	80	103	57	33	23	20	25
54	86	125	59	33	22	23	28
54	86	116	51	31	23	25	27
52	81	111	48	28	21	24	29
48	80	119	47	26	22	24	29
55	88	128	46	26	23	25	31
51	100	113	43	26	25	23	27
49	103	109	43	22	27	23	29
48	96	105	39	20	27	24	29
51	105	98	35	21	26	23	28
47	98	90	35	21	25	23	28
44	77	84	32	23	26	21	27
49	75	89	33	27	22	21	26
58	83	94	38	33	25	19	25
59	78	107	38	35	24	18	24
57	76	93	38	36	25	19	22
58	77	99	40	33	23	22	22
55	79	90	39	31	23	21	21
50	85	95	38	27	22	21	21
48	80	83	42	29	25	23	23
48	83	95	48	32	25	24	24
48	84	102	54	33	25	22	23
42	96	109	56	33	25	24	23
41	85	110	56	35	26	25	22
39	82	116	57	32	26	24	21
36	92	106	55	30	26	25	23
39	92	103	50	28	26	24	23
63	73	96	49	31	25	24	26
65	81	83	48	28	25	22	27
67	95	84	47	30	26	22	27
68	89	99	48	29	25	21	26
72	99	100	46	31	25	22	26
58	108	103	45	31	26	21	24
55	114	125	48	32	24	24	23
60	107	123	44	31	21	23	25
69	114	117	38	29	21	24	28
62	102	110	37	29	21	23	28
58	92	111	37	27	22	22	27
63	88	100	33	24	22	25	28
58	95	101	36	24	23	26	27
55	89	96	38	26	23	24	25
62	91	98	41	28	23	24	26
62	95	100	39	27	23	24	27
55	85	90	37	30	21	22	26
54	80	83	35	30	22	20	28
49	77	107	40	28	22	22	27
46	85	125	46	30	22	22	26
53	83	124	47	32	22	22	26
54	82	129	51	34	23	22	24
54	78	137	54	36	25	23	20
64	80	120	53	36	24	22	24
64	75	103	51	35	25	23	23
59	80	98	51	34	25	23	26
61	80	92	50	30	26	22	26
63	96	79	50	28	25	21	28
57	90	83	46	29	24	21	27
59	101	95	47	29	22	20	28
63	106	97	48	30	22	20	25
63	110	105	48	29	21	22	26
61	102	106	47	34	21	20	26
63	111	119	49	33	21	22	25
59	104	111	45	32	23	23	24
53	96	109	44	28	25	22	25
60	91	98	45	31	25	21	25
74	96	118	49	26	25	22	25
69	87	102	48	26	27	21	27
72	79	99	49	28	25	20	28
72	103	105	51	29	22	24	27
74	130	111	46	27	22	23	27
61	122	88	41	25	24	23	26
59	120	90	40	28	22	27	29
59	135	89	39	27	21	26	28
62	122	95	40	28	21	24	28
48	98	98	43	28	21	25	29
47	96	99	47	29	20	24	30
50	104	93	46	25	23	22	28
47	85	93	44	24	24	23	28
43	81	86	40	25	24	23	30
53	90	77	38	30	22	25	29
51	112	85	34	30	22	26	28
48	113	83	32	30	21	24	26
59	117	101	37	31	21	24	30
59	116	94	40	32	22	22	30
54	106	97	38	30	25	21	28
60	81	95	37	30	26	25	29
61	67	99	40	30	26	27	30
49	55	74	36	31	26	26	27
52	75	76	32	29	27	28	27
54	85	75	34	27	27	26	30
50	85	81	36	28	26	22	29
48	89	81	32	27	26	23	28
47	97	90	36	25	26	23	26
60	83	89	37	24	23	20	25
60	69	86	35	25	23	23	23
58	75	81	33	23	20	24	23
57	74	82	36	25	20	21	22
59	70	76	34	26	20	24	26
51	89	84	34	27	19	25	26
49	95	89	35	26	23	23	24
48	90	87	45	26	23	22	24
56	87	86	47	27	22	22	25
54	85	89	45	27	21	19	23
53	66	95	48	30	23	20	25
64	56	104	48	30	20	20	27
66	59	98	39	33	19	23	29
64	98	114	37	29	22	24	30
65	96	113	39	30	21	24	29
61	92	102	34	25	20	23	26
51	97	91	33	24	22	27	26
57	110	93	36	22	22	25	25
52	82	95	50	26	22	25	25
55	82	92	51	29	23	24	27
60	87	99	51	31	21	25	28
60	94	115	52	31	20	21	27
68	87	112	48	31	23	21	26
77	84	93	34	28	21	23	28
76	95	91	32	24	20	23	28
73	97	94	38	25	23	24	27
75	88	79	41	26	25	23	29
64	93	88	44	29	24	23	28
56	98	94	42	29	26	22	26
58	90	97	43	31	27	21	27
63	82	121	45	29	25	22	28
56	85	118	41	31	24	22	27
58	79	114	41	28	24	22	27
61	77	108	42	27	23	21	26
64	91	135	40	26	22	24	24
62	93	106	39	29	23	23	25
68	91	103	39	26	21	22	25
67	98	103	39	27	23	23	30
62	107	124	40	27	24	23	29
57	95	92	40	26	24	22	28
52	100	93	35	23	22	23	27
51	109	100	42	30	24	24	26
58	95	100	41	31	23	24	23
59	83	77	41	30	21	25	23
57	86	82	40	29	21	25	25
63	88	81	38	32	23	26	26
56	75	73	32	26	21	24	26
48	94	87	36	27	22	24	26
46	97	88	35	28	21	25	25
49	97	100	36	30	22	24	26
54	106	108	38	28	19	21	25
56	105	109	35	29	22	25	27
58	89	111	31	27	21	24	26
59	98	110	38	28	21	21	27
54	99	102	40	30	21	23	25
44	90	96	41	32	24	24	25
52	97	98	44	31	21	22	21
52	118	105	45	30	23	21	22
52	109	107	43	29	22	23	25
53	115	105	41	27	23	23	25
55	118	104	40	28	23	23	26
56	119	105	41	27	23	23	27
52	104	85	40	28	22	24	27
56	112	92	36	33	22	24	24
54	102	91	37	32	21	23	23
56	104	96	35	29	20	22	23
46	96	89	32	30	23	23	22
51	112	110	29	29	23	22	23
53	103	107	34	24	25	24	25
57	102	113	36	25	24	22	26
58	90	110	40	27	26	27	26
62	96	125	40	27	22	26	27
62	84	125	43	26	23	25	26
63	84	154	42	25	23	24	26
62	85	153	39	21	23	25	26
61	83	152	37	24	22	20	24
58	87	150	37	24	24	20	25
58	90	132	37	23	25	20	26
51	91	88	36	25	26	20	24
51	106	80	35	27	25	20	26
49	118	79	35	24	25	20	27
52	110	60	33	28	24	20	26
54	93	71	31	28	22	21	28
58	96	89	33	29	25	21	31
57	80	86	32	30	25	21	29
57	74	83	31	30	24	23	30
58	120	91	31	29	26	24	30
59	121	85	33	30	26	24	28
58	118	67	30	29	25	24	25
70	116	77	33	30	24	24	26
70	115	87	38	30	24	24	26
67	74	84	39	30	24	22	25
61	99	109	41	31	24	21	23
56	131	132	45	31	23	21	23
37	141	148	46	30	22	20	23
36	140	143	44	28	25	22	22
29	150	161	48	26	22	23	21
48	139	155	48	24	23	23	27
63	111	137	45	24	22	23	27
64	98	115	41	24	22	24	28
70	105	119	40	24	21	21	31
75	89	102	37	24	23	20	33
66	88	98	34	27	22	23	31
53	104	94	32	25	22	24	31
52	110	94	34	27	23	24	31
48	111	89	34	27	23	25	30
50	108	72	31	27	21	25	31
51	114	78	28	26	22	25	29
51	99	82	28	26	22	24	29
51	90	84	30	25	22	24	28
45	74	79	28	26	23	22	26
36	77	81	32	28	23	25	23
30	75	66	38	31	22	21	22
26	102	79	50	32	22	23	21
25	103	85	51	33	23	21	21
32	124	134	58	38	25	23	21
35	126	144	62	36	26	22	20
42	118	164	60	34	25	21	20
52	95	163	50	32	25	21	24
54	96	164	48	30	25	23	24
53	112	145	46	26	23	21	27
67	114	149	39	26	24	20	27
66	116	136	38	25	26	22	28
61	127	127	40	32	26	21	28
59	130	126	41	33	27	21	28
58	100	109	36	33	26	22	26
45	94	93	39	32	27	23	25
52	90	76	41	32	26	22	26
53	73	83	39	26	27	22	26
54	67	73	37	25	27	22	26
66	75	123	64	31	26	20	28
68	73	130	64	34	28	19	30
60	75	130	64	32	26	21	30
65	75	127	65	36	26	22	29
67	102	141	69	36	27	22	31
58	92	101	50	32	26	23	29
64	98	103	51	30	23	23	31
65	127	104	52	32	24	23	29
57	126	102	52	29	24	23	28
56	112	94	49	31	23	25	25
56	109	89	45	30	23	25	26
47	115	72	41	30	24	24	23
45	99	87	39	29	24	23	24
46	103	101	41	29	24	22	25
57	128	123	40	29	23	22	29
55	134	132	39	27	24	22	27
52	129	132	39	32	23	25	26
59	125	125	40	31	23	24	26
62	124	125	41	31	23	26	26
50	91	93	40	31	24	23	23
56	87	89	40	33	21	24	26
70	84	99	41	28	23	21	28
66	72	97	40	27	23	22	28
63	75	86	35	29	24	20	28
75	82	96	36	28	24	21	30
76	77	93	39	26	24	20	29
62	73	77	37	26	25	20	27
63	90	83	40	29	26	20	28
63	105	93	40	27	26	21	28
50	102	96	41	27	25	19	27
56	129	105	40	27	23	22	26
55	133	107	41	28	24	22	30
54	127	99	41	27	23	22	27
57	110	88	44	26	20	21	27
57	136	105	44	26	21	25	26
47	112	99	42	26	22	23	27
55	112	108	48	30	20	23	25
56	118	127	47	27	20	23	25
54	124	139	45	27	24	26	24
56	95	118	42	27	23	25	24
55	93	113	40	26	22	25	24
52	103	114	36	19	23	25	22
56	98	97	35	22	22	27	24
54	92	81	39	22	20	24	25
52	92	80	39	23	21	24	25
49	98	79	39	24	23	24	25
45	87	97	36	24	23	23	25
39	75	98	37	23	25	21	24
49	117	100	37	24	25	20	21
48	122	99	40	25	24	21	21
60	122	119	43	24	23	20	22
59	127	103	42	24	22	20	22
62	137	103	42	28	24	23	24
54	105	100	38	28	23	24	25
55	97	109	40	30	25	21	27
51	94	91	39	30	24	25	27
57	90	98	43	32	26	23	27
58	71	94	41	29	24	22	25
62	83	109	46	30	24	23	26
61	82	106	43	33	25	25	26
57	87	107	42	33	27	23	24
51	84	97	37	34	27	24	23
47	93	95	38	32	27	25	24
45	80	89	31	30	27	23	26
50	88	90	34	29	25	26	25
50	76	101	38	29	24	26	27
49	73	102	39	29	23	25	26
51	73	121	41	32	21	24	27
48	93	117	41	33	21	25	24
44	88	113	36	29	24	22	25
38	86	100	34	32	25	23	22
43	105	120	37	33	26	24	24
55	102	104	35	31	28	22	23
59	85	98	37	32	29	23	25
58	83	96	37	30	26	21	23
61	91	98	36	30	26	23	26
59	85	64	33	30	25	23	25
47	84	64	39	31	23	22	28
43	86	62	35	30	23	24	28
47	91	69	37	31	24	24	29
53	98	79	39	29	22	22	28
50	82	74	40	27	23	20	28
54	83	74	36	26	24	21	25
54	84	84	42	30	25	18	27
50	109	92	39	31	25	16	26
43	104	84	38	32	25	18	26
46	104	89	36	31	26	19	25
60	107	96	34	30	26	20	26
62	119	93	30	29	25	20	24
60	95	92	35	29	24	23	23
60	89	90	34	29	23	22	24
59	100	93	34	30	22	23	26
42	110	113	47	31	23	23	26
48	96	117	46	29	22	23	28
61	98	126	45	27	23	22	27
65	102	133	46	26	23	21	28
67	94	132	47	25	22	24	27
73	76	111	38	24	21	23	29
66	78	110	39	25	20	25	26
58	73	101	41	26	21	25	27
57	77	113	45	26	23	25	28
61	78	125	46	27	23	23	28
54	76	123	42	25	25	25	25
57	74	117	38	25	26	22	30
54	105	119	36	23	25	22	29
61	97	94	29	24	23	21	30
58	97	95	31	26	24	24	29
63	102	100	34	29	22	22	32
64	113	135	37	27	23	23	29
67	86	128	35	29	22	25	31
61	89	129	35	27	23	27	29
57	84	117	32	26	23	25	29
51	79	113	37	25	23	26	27
55	76	96	40	26	23	28	28
62	75	102	44	27	21	26	28
60	69	105	43	30	24	27	29
63	110	118	44	28	24	26	29
62	110	118	39	33	24	27	28
58	97	100	36	32	25	23	29
47	98	94	34	32	25	24	27
51	100	94	35	28	24	23	26
47	74	89	36	31	24	23	26
53	72	84	37	25	24	20	25
58	93	90	37	23	25	22	27
61	109	97	34	23	28	21	26
58	109	97	34	25	27	20	30
61	98	99	35	24	27	21	29
56	99	105	34	25	27	22	31
48	86	104	35	28	26	23	31
50	84	98	37	27	23	22	31
54	80	95	39	26	23	24	29
50	94	78	36	24	22	23	29
51	94	85	40	25	23	24	26
50	97	95	41	27	22	23	23
43	84	95	39	28	23	24	22
31	86	102	37	27	21	24	19
36	68	102	35	27	22	23	20
37	86	94	32	23	24	23	21
43	77	77	30	24	26	24	21
52	81	94	31	23	26	23	23
61	88	92	33	26	26	23	28
59	95	103	36	28	27	24	27
61	88	112	37	29	24	23	27
61	89	111	37	28	22	25	30
60	103	114	47	28	23	24	30
54	102	114	46	28	24	26	28
55	96	105	45	28	23	26	29
54	92	108	46	29	27	24	29
55	100	107	46	29	29	22	26
51	81	87	37	30	29	23	26
54	74	82	38	27	28	22	24
58	79	86	36	27	29	22	24
55	88	76	30	25	24	23	25
51	83	83	30	25	24	22	26
51	82	86	31	25	24	24	25
52	102	105	33	25	25	23	25
58	102	115	36	24	24	22	23
59	92	112	42	26	27	23	22
66	87	117	46	25	27	22	23
65	108	158	49	28	25	23	22
61	100	156	58	32	28	23	21
58	105	166	66	34	29	23	23
69	121	171	65	35	25	21	23
67	120	168	65	36	26	23	24
69	140	165	67	37	28	21	25
68	134	167	59	35	25	24	25
65	134	149	50	34	24	24	25
59	140	145	48	33	25	25	25
57	144	161	50	32	23	25	23
55	133	166	61	35	23	34	25
54	135	159	61	36	22	58	26
50	133	171	60	35	22	61	25
46	116	195	63	35	22	62	27
49	115	181	59	35	20	63	27
56	107	143	44	30	21	59	26
64	166	165	46	30	22	37	31
64	170	163	49	28	21	33	32
64	176	162	53	31	26	32	32
61	181	168	63	33	27	30	34
67	172	180	61	33	26	32	65
72	121	158	60	35	27	29	67
76	113	159	57	36	27	27	68
76	102	133	51	33	25	27	68
75	96	133	48	37	26	28	68
63	97	138	52	38	26	22	38
52	89	185	58	36	26	48	32
51	95	176	58	36	25	49	29
48	101	185	68	38	26	49	27
49	100	188	64	34	28	49	25
48	99	185	60	33	28	51	27
53	116	161	62	35	28	33	25
69	127	172	63	37	28	29	25
71	127	163	53	33	26	30	25
72	135	158	52	33	25	29	26
73	131	158	52	31	23	25	24
69	115	130	41	28	23	24	23
46	106	115	39	27	23	27	22
44	98	118	41	28	22	26	22
45	100	152	47	31	21	26	21
44	102	144	47	32	21	27	22
41	118	144	58	36	21	24	26
53	112	160	70	42	28	25	32
54	112	153	67	41	27	27	34
52	96	115	65	39	29	26	34
53	92	112	72	43	31	27	38
51	90	133	66	40	30	27	34
42	89	113	55	32	26	24	31
39	90	123	58	36	26	22	29
37	93	120	56	36	25	25	29
41	100	133	45	31	22	22	27
42	95	117	44	31	23	23	27
40	109	113	42	32	21	23	25
42	117	120	39	30	24	22	26
41	115	126	39	31	23	18	25
34	105	113	42	30	22	21	21
35	91	112	39	31	22	19	21
37	80	115	37	29	23	24	22
38	82	97	36	28	21	25	22
41	95	99	35	25	20	25	24
40	101	97	31	28	23	26	24
38	112	137	35	28	23	27	23
46	113	138	45	30	21	24	25
44	105	138	44	28	22	25	24
48	100	133	43	28	24	27	24
50	100	131	44	25	22	24	26
51	92	93	44	27	23	25	29
49	83	112	40	25	23	24	27
51	83	121	43	25	25	23	28
50	90	125	47	27	24	22	29
49	98	170	51	28	26	23	27
47	97	171	48	26	24	22	25
45	96	166	45	28	25	21	27
47	90	178	46	30	25	21	24
51	80	183	47	32	24	23	26
52	94	149	48	35	24	23	28
52	92	161	49	35	26	23	32
49	93	155	52	35	26	22	30
51	98	146	51	34	24	23	33
49	99	174	58	33	27	23	31
50	73	183	57	32	26	26	30
49	76	179	60	33	26	25	27
52	77	187	62	32	27	26	29
52	77	200	66	36	26	25	27
51	73	183	64	38	26	23	30
55	83	190	67	39	26	23	30
56	94	207	66	38	25	24	29
54	99	202	62	37	24	25	27
45	96	183	58	33	28	25	25
41	94	165	48	28	25	27	22
35	85	139	41	28	25	24	19
43	73	105	42	26	26	23	22
42	81	134	54	30	25	23	24
42	79	142	53	34	22	22	24
41	80	149	56	34	22	21	24
51	87	153	57	32	22	23	26
47	101	151	57	33	21	23	25
53	103	122	46	32	23	22	26
55	109	119	46	30	22	21	25
57	114	115	42	28	23	20	26
48	108	115	47	28	21	19	26
43	103	110	47	30	20	21	25
46	108	139	53	32	21	22	23
46	104	150	53	30	20	23	24
56	103	155	58	34	20	24	24
64	106	152	52	39	22	25	24
67	95	165	50	37	22	23	24
61	70	149	44	33	20	25	23
62	67	137	46	33	22	25	24
64	71	131	41	30	22	24	25
58	83	140	45	29	21	24	23
59	123	133	43	33	24	46	24
68	142	125	42	34	23	47	27
67	148	132	45	37	22	53	27
59	146	133	58	41	25	56	27
58	140	132	60	40	28	57	27
60	117	128	61	37	25	43	28
49	96	124	62	38	24	40	25
53	101	119	57	36	27	32	26
51	127	157	60	41	25	28	26
56	137	204	75	48	26	26	28
56	129	216	82	50	27	23	30
60	128	228	81	50	28	24	31
57	119	221	81	49	26	22	33
59	99	197	72	42	26	24	32
59	93	173	64	37	22	22	31
56	106	236	92	50	25	25	29
53	105	227	95	54	25	24	28
58	109	231	97	54	25	25	26
56	99	232	94	53	24	26	26
51	96	224	93	52	25	26	26
51	86	153	57	41	23	21	26
54	92	152	52	34	23	24	30
52	85	145	48	32	23	24	29
56	113	156	49	30	22	24	29
57	136	138	34	31	26	27	31
58	140	143	79	34	27	30	30
65	139	142	87	37	30	31	30
61	158	154	90	38	30	30	29
65	140	135	90	41	30	30	30
62	117	164	103	37	28	28	28
58	107	172	84	33	27	29	28
59	106	199	78	34	24	26	29
58	95	231	85	37	25	26	28
48	99	240	85	34	24	25	30
50	99	225	71	37	25	27	30
54	99	207	59	37	24	25	32
41	97	200	54	33	25	24	28
47	89	154	43	31	25	25	29
50	84	142	42	31	25	26	26
52	85	148	41	29	25	24	27
49	95	154	46	28	26	24	23
54	97	130	47	28	23	24	24
52	85	133	43	29	24	24	24
48	86	132	45	32	24	23	23
50	93	126	46	30	24	25	26
48	90	144	50	32	23	23	26
48	89	144	51	33	24	24	26
43	91	145	50	30	24	22	24
51	95	143	49	29	24	20	24
46	84	139	47	30	21	18	21
45	78	114	38	28	24	18	22
43	91	131	38	27	24	20	19
46	87	140	41	27	24	21	21
51	98	140	40	30	25	21	27
50	95	132	42	30	26	22	27
53	95	146	46	29	23	23	27
51	80	144	50	30	23	23	28
50	101	142	51	33	23	23	28
38	83	145	54	29	22	23	23
42	85	156	52	28	21	23	24
39	84	153	56	31	23	22	25
41	84	144	57	34	21	20	25
42	85	153	60	31	23	23	26
50	85	162	63	31	21	23	28
50	86	180	67	36	24	22	29
50	85	173	62	35	24	25	29
50	84	175	56	30	24	27	29
50	63	163	50	34	23	26	28
48	66	148	45	36	26	26	29
50	91	122	39	30	26	29	27
53	95	109	36	29	25	29	24
56	98	98	35	31	26	27	26
53	112	92	47	28	26	26	25
46	118	112	59	33	24	26	24
42	101	115	65	34	22	26	26
38	100	135	66	36	25	26	30
34	104	136	67	33	25	26	29
41	99	153	62	36	27	26	30
43	89	155	63	36	28	27	31
50	83	154	64	39	32	24	29
49	82	147	64	39	31	23	25
51	74	145	63	39	31	23	24
47	65	143	60	38	30	23	25
47	87	133	52	33	30	22	22
43	93	133	46	29	26	23	23
44	92	131	49	32	26	22	21
44	94	130	47	33	25	23	24
42	88	155	50	29	24	23	23
45	66	156	47	30	24	24	23
49	72	155	46	32	24	23	25
49	68	161	45	29	23	22	26
48	75	170	51	29	24	21	25
49	73	145	49	30	24	24	25
58	74	153	51	32	22	20	26
55	59	145	48	32	21	21	25
54	61	129	47	35	20	21	26
55	52	132	47	35	20	21	25
54	52	131	50	39	20	19	26
48	56	126	48	37	21	19	26
48	72	148	49	35	22	22	25
50	98	158	50	34	21	22	25
50	97	153	47	35	20	22	27
64	98	173	51	33	22	22	29
75	108	195	58	36	22	24	27
78	107	213	78	39	23	22	31
81	106	237	86	40	26	23	32
80	116	243	93	39	27	25	31
83	162	267	127	41	29	26	28
93	197	273	136	44	31	26	32
140	230	274	139	46	31	30	43
143	230	280	139	46	30	31	44
148	234	275	137	46	31	31	46
156	234	237	105	43	27	31	48
164	209	212	109	41	26	30	50
158	202	219	104	41	25	27	50
162	217	187	101	42	25	27	51
159	213	183	100	43	26	26	48
145	191	186	98	42	27	28	49
122	187	176	78	40	34	33	47
80	208	142	64	39	34	31	38
78	205	133	58	37	35	32	44
88	205	131	51	39	33	34	45
87	198	141	52	40	33	30	44
90	203	140	51	38	29	25	44
86	146	133	48	37	26	28	42
73	127	155	48	35	28	26	32
56	123	152	48	33	28	23	32
57	134	133	50	29	28	25	27
73	143	146	49	30	25	28	26
72	147	157	49	26	26	26	22
73	134	132	48	25	24	27	23
87	159	136	47	27	26	28	28
128	242	156	46	27	26	27	36
122	262	159	49	27	27	23	36
122	272	137	48	26	26	25	39
126	273	136	50	29	25	24	40
121	261	163	57	33	26	25	38
80	202	160	55	36	25	25	34
74	164	149	52	37	24	25	36
78	163	148	50	40	24	23	34
83	190	165	49	38	25	23	35
88	224	137	40	32	21	23	36
90	210	118	38	32	23	21	35
91	207	109	37	29	23	23	32
97	219	110	37	25	23	24	32
90	204	111	42	30	22	23	30
97	172	110	42	31	23	21	29
98	162	100	41	29	23	23	29
96	164	99	40	30	23	21	27
87	142	94	39	31	22	21	26
87	127	103	45	26	22	22	30
80	134	134	48	34	24	20	28
74	133	164	51	39	21	18	28
77	154	179	69	48	26	20	32
77	138	181	72	49	27	23	33
71	140	204	67	49	27	22	32
63	131	187	71	50	27	23	35
68	146	168	67	45	27	24	35
66	123	168	53	39	22	25	35
69	138	215	68	38	23	22	35
68	135	179	67	37	23	24	33
62	123	179	61	32	21	23	30
56	102	180	65	33	23	23	29
60	91	180	68	34	23	21	26
56	67	141	58	34	23	21	25
56	84	144	59	34	24	20	24
56	93	147	64	31	25	23	25
50	95	142	62	33	24	21	25
37	94	130	59	27	24	22	25
36	89	124	55	28	23	21	24
39	72	117	53	30	22	21	25
45	79	109	51	32	23	21	24
43	76	110	49	31	23	23	23
52	105	134	52	34	22	20	26
52	107	114	54	38	22	22	27
56	106	114	53	36	23	20	27
51	91	115	49	37	20	18	26
55	124	117	49	36	19	21	31
48	110	99	46	35	21	23	28
62	129	110	39	27	21	21	27
59	130	107	38	29	21	22	27
62	133	105	39	28	22	22	29
62	110	111	47	31	24	21	27
65	124	115	44	31	24	20	29
54	107	110	44	34	23	22	29
50	112	112	46	33	27	22	28
51	112	117	42	31	25	25	27
53	122	139	41	30	25	24	28
50	107	130	40	29	24	24	27
48	102	128	41	29	25	22	28
52	110	130	42	30	21	24	26
46	111	146	50	34	24	22	25
50	101	131	48	30	24	28	28
50	95	147	53	32	26	28	29
51	94	152	56	30	27	27	29
47	99	174	58	29	27	26	31
48	95	169	60	30	25	27	32
42	89	159	57	31	25	21	30
45	87	144	53	30	24	23	33
60	92	148	52	29	23	24	34
60	74	133	53	33	25	23	33
61	74	140	54	32	27	24	33
59	73	145	56	35	28	23	31
56	74	144	58	35	27	20	27
40	73	143	57	35	26	22	27
38	67	131	59	33	25	23	27
37	89	118	53	32	25	21	25
38	89	118	50	30	24	22	25
41	92	118	48	31	23	24	26
46	90	104	46	34	24	23	26
48	87	104	41	37	24	25	26
47	59	95	41	35	21	25	26
48	66	102	45	35	21	26	27
46	63	100	43	33	23	27	24
42	71	114	47	33	22	29	22
44	73	114	45	27	21	27	24
45	77	114	41	27	22	29	23
43	65	96	38	28	21	30	23
42	67	93	39	29	20	28	26
39	54	94	39	27	19	26	25
38	53	114	44	28	21	26	23
41	47	118	44	29	20	25	22
42	52	122	44	27	19	24	23
42	52	129	44	26	21	24	22
44	60	128	49	28	23	24	22
40	66	107	47	26	22	23	23
31	73	117	49	27	24	24	25
34	92	142	51	29	25	25	24
34	95	139	53	33	24	24	25
33	91	163	54	32	23	25	25
34	90	172	54	32	23	26	28
49	95	176	59	36	23	26	26
48	75	160	61	37	23	26	26
51	66	159	57	34	24	26	27
59	63	129	50	34	25	24	30
60	91	160	47	35	28	23	29
54	87	151	35	30	26	24	30
53	93	150	31	29	27	25	29
53	112	153	33	31	26	24	30
46	115	158	31	32	25	25	29
44	99	114	34	33	21	25	26
39	94	107	37	31	24	23	27
50	94	103	36	29	24	21	28
51	72	121	40	32	23	22	27
50	81	124	39	29	23	23	25
52	77	121	37	25	23	22	25
54	78	120	37	29	22	23	26
44	77	126	37	30	24	21	24
45	124	110	37	28	22	21	26
44	117	97	37	31	25	20	27
43	119	128	43	35	25	21	27
41	119	127	44	33	25	21	27
47	126	121	47	32	24	22	29
43	82	116	44	29	26	22	24
43	85	117	45	26	24	26	24
55	79	82	41	23	25	24	27
57	89	134	45	24	25	26	25
56	92	144	40	30	24	25	26
54	89	146	41	28	23	25	26
56	84	146	44	31	23	23	25
46	87	149	43	30	22	23	22
43	79	142	44	30	22	20	22
39	54	129	43	27	21	22	24
43	72	141	44	30	24	23	25
41	76	136	39	29	24	20	25
38	77	134	38	31	23	21	25
36	87	110	33	35	26	25	26
35	99	120	32	34	26	25	23
31	102	149	41	32	23	25	26
41	107	167	49	34	24	26	28
46	105	172	51	32	23	27	27
46	92	164	50	28	20	24	26
45	95	159	52	31	20	24	28
46	89	117	42	30	23	23	24
40	80	101	34	30	22	22	22
33	96	91	33	32	24	21	25
33	97	91	33	32	22	20	24
35	91	101	37	29	25	21	24
32	80	97	37	29	21	20	24
39	82	85	36	30	24	21	25
38	64	82	34	27	24	20	24
38	72	97	41	31	24	21	25
37	61	108	41	36	25	22	25
47	60	108	40	37	24	21	26
40	68	141	57	37	25	22	25
42	79	147	57	36	24	23	25
41	92	137	52	33	25	23	26
49	94	121	50	29	25	25	27
44	95	120	51	28	26	27	27
46	103	99	38	25	22	24	28
49	119	116	41	30	25	26	27
49	103	127	44	29	24	25	26
50	102	134	43	31	23	22	25
57	110	144	50	33	24	20	27
60	96	130	46	33	26	22	27
58	72	118	45	30	26	23	27
58	84	109	42	30	27	21	26
51	87	101	46	29	26	26	26
52	90	94	37	29	25	26	23
47	94	100	39	28	24	26	25
50	116	101	38	28	22	23	27
51	113	110	44	33	26	25	30
50	110	109	41	32	25	20	30
37	99	109	41	28	24	22	28
42	99	118	40	31	24	24	27
39	75	112	39	31	25	25	27
44	81	104	52	33	23	25	26
45	107	132	53	36	26	26	26
45	107	140	53	38	30	25	28
39	103	129	55	36	29	22	27
40	104	173	64	39	29	22	26
35	105	193	65	36	28	21	29
36	81	180	69	35	25	22	29
38	82	180	70	35	21	23	26
38	82	186	70	37	23	22	26
36	76	169	74	39	22	22	26
33	57	144	64	36	21	21	23
31	74	154	58	34	24	23	23
31	99	161	58	36	24	21	23
33	100	158	55	36	21	26	25
31	95	131	41	29	22	25	25
36	101	136	35	29	22	26	24
45	99	115	35	28	21	24	24
45	76	93	34	26	21	25	25
46	77	90	41	27	22	22	25
49	95	112	44	30	22	22	25
44	102	118	45	31	23	23	25
37	96	120	45	33	23	25	26
46	93	127	43	31	21	26	29
46	97	138	41	32	22	24	29
44	91	147	40	31	26	25	30
49	96	150	42	32	25	25	29
50	94	162	45	29	26	23	30
41	96	160	46	32	28	22	26
40	99	155	41	31	27	22	26
41	93	131	37	29	23	19	26
36	74	120	38	29	23	23	25
33	73	103	36	29	21	23	23
37	70	102	36	30	19	23	24
45	75	112	41	28	20	23	24
46	77	178	56	31	23	26	23
48	76	181	53	32	23	23	25
53	73	180	54	32	24	22	25
53	74	177	52	30	24	22	24
52	62	182	50	29	23	23	25
50	54	118	32	27	21	21	24
49	58	117	34	25	23	23	23
42	59	114	31	26	22	22	22
43	83	126	35	28	21	26	22
37	81	104	33	30	22	24	21
35	83	101	36	30	22	24	21
36	82	108	35	30	21	24	24
39	84	122	41	31	22	25	23
43	69	106	39	28	22	21	25
43	67	138	51	27	21	24	25
49	67	153	52	31	22	24	28
49	66	145	51	30	22	23	26
51	84	135	48	29	21	22	28
49	83	160	53	30	23	24	27
49	91	135	42	29	24	23	27
49	101	119	39	21	25	23	26
50	106	127	38	23	23	23	23
45	90	126	37	26	25	24	23
40	92	97	28	25	23	25	24
39	97	119	39	25	22	23	23
31	88	123	42	30	21	23	22
33	85	142	52	31	21	24	24
31	83	141	51	27	19	23	24
32	77	142	55	30	21	21	25
33	64	123	48	30	21	22	25
34	78	122	45	28	21	23	25
31	78	108	39	33	21	22	24
32	80	123	41	33	23	24	24
32	110	126	39	31	22	23	24
34	116	130	39	31	21	24	25
33	106	137	39	30	22	23	23
36	106	127	33	25	20	25	21
43	108	125	33	26	20	24	22
48	75	125	34	29	21	24	23
45	82	118	32	27	20	23	22
48	87	124	34	28	21	26	26
49	89	129	39	28	22	22	28
47	91	123	40	32	21	24	28
44	95	116	44	31	19	24	29
45	91	153	49	32	20	24	29
43	101	170	50	32	20	22	26
45	104	160	47	29	19	23	25
43	101	180	47	27	20	21	25
44	98	183	48	29	22	20	24
44	102	170	46	30	22	20	23
46	106	157	49	33	25	20	24
43	100	165	50	35	25	20	24
44	98	150	49	33	24	21	23
40	98	147	42	32	24	21	24
47	85	126	40	33	24	23	26
44	64	107	34	29	22	21	25
44	104	150	46	30	25	20	24
42	103	141	48	30	25	19	25
48	108	143	49	30	25	20	23
40	107	160	58	28	24	18	21
41	107	159	58	28	27	19	24
40	70	113	50	27	26	21	25
43	87	106	47	26	26	23	24
36	85	112	54	31	26	22	27
37	84	94	44	31	26	24	29
33	81	100	42	30	25	24	27
36	81	114	43	34	24	24	27
32	59	116	45	34	24	24	28
36	99	144	39	32	26	24	26
39	108	152	43	33	26	23	28
40	112	150	50	33	23	22	26
40	123	148	48	29	22	21	26
44	135	160	48	31	23	20	27
40	106	127	46	28	19	22	25
41	98	115	41	26	19	21	23
42	110	142	51	32	20	21	25
42	97	140	51	31	19	23	25
42	89	136	56	37	22	25	22
46	94	140	56	36	22	22	24
43	94	141	57	37	23	22	24
53	74	114	44	35	24	21	24
52	80	110	54	36	25	20	27
55	75	125	57	31	24	21	29
53	71	129	59	30	24	21	27
59	69	128	59	29	25	23	26
50	68	125	60	29	24	23	26
54	88	131	52	29	26	25	23
59	86	124	43	26	23	24	22
64	86	116	40	27	24	25	23
58	102	120	40	27	22	25	23
63	109	144	50	30	24	24	24
62	88	129	46	30	23	23	27
52	95	113	47	32	22	21	26
45	112	119	50	31	21	23	28
46	104	124	56	30	22	21	28
47	119	106	46	26	21	23	29
48	120	119	45	25	22	23	25
48	123	160	52	26	24	22	26
49	109	160	56	28	23	22	26
50	109	155	52	33	24	23	27
48	110	154	53	34	23	24	26
42	114	149	54	34	21	24	26
43	109	111	47	32	20	26	26
41	121	136	41	32	22	24	26
43	119	135	37	31	22	23	25
35	98	131	36	29	24	21	23
36	97	126	36	30	24	22	22
34	118	175	58	29	22	20	23
35	117	159	62	29	22	20	23
27	118	165	64	26	24	20	22
29	131	163	64	26	22	21	26
33	135	170	67	30	24	22	28
31	118	143	53	33	25	23	26
33	112	136	51	32	27	24	24
33	116	181	62	35	23	24	25
31	104	190	63	37	23	25	23
32	100	193	62	33	23	25	25
33	93	184	64	32	26	24	26
36	96	191	63	33	24	24	26
36	97	152	55	31	25	23	26
38	97	143	55	32	25	23	26
35	116	175	64	35	26	23	24
34	116	172	58	34	22	24	23
32	110	185	62	35	23	24	25
39	99	186	70	38	23	27	26
38	103	197	77	38	25	27	26
38	72	158	68	36	24	25	25
40	74	167	71	35	23	26	25
40	71	145	69	32	23	25	23
33	72	144	62	29	21	23	24
33	89	133	53	30	23	23	23
32	97	139	50	27	23	23	23
29	97	123	49	29	26	23	23
27	99	129	45	31	26	23	23
27	96	127	40	29	26	22	22
25	89	146	40	28	23	22	22
24	95	154	41	29	24	24	21
23	94	159	43	30	21	23	21
24	103	166	44	30	21	24	19
25	104	156	42	29	23	25	19
26	117	175	47	28	21	24	18
27	104	190	59	32	20	22	21
27	104	187	59	31	23	22	22
28	92	176	58	31	22	22	21
26	94	178	58	34	23	21	21
26	88	136	53	32	25	23	21
26	109	170	43	30	24	25	18
27	114	180	40	31	22	25	17
27	113	177	38	29	24	23	18
30	111	175	35	26	23	24	19
30	100	174	36	26	22	23	18
28	90	147	35	23	24	22	18
28	81	133	36	24	26	21	21
28	101	148	39	27	25	21	24
37	125	168	45	27	24	21	26
44	124	168	49	28	23	20	26
45	117	139	59	29	23	22	28
45	119	150	60	29	21	22	26
46	121	146	59	25	21	22	22
38	102	122	58	29	23	20	22
31	92	125	55	29	23	24	24
53	97	122	43	31	22	21	26
57	111	114	40	29	23	23	26
58	94	104	38	31	24	24	27
58	90	113	33	27	23	24	26
58	90	126	37	30	23	20	24
41	93	122	38	30	22	25	23
37	82	122	37	31	21	24	24
37	81	118	38	30	22	25	25
37	114	127	42	31	23	26	27
35	119	110	38	29	26	27	26
32	113	107	34	29	29	24	26
30	108	108	38	27	30	24	26
46	119	113	38	30	28	23	27
47	88	96	35	29	27	24	26
51	81	118	42	29	26	24	27
52	82	133	46	24	22	24	27
50	107	125	44	26	23	23	27
36	108	126	45	23	23	25	28
37	105	128	46	25	24	22	29
34	108	107	39	24	24	20	28
55	120	89	36	27	25	22	28
58	96	103	39	28	22	22	27
59	81	105	42	30	23	23	25
57	99	107	44	29	20	23	28
58	95	131	45	28	22	25	28
48	84	134	44	30	22	24	29
53	99	129	40	28	23	23	29
56	106	125	35	24	22	21	27
56	93	120	33	26	23	21	28
58	91	94	31	26	22	18	28
53	106	97	30	23	22	19	25
46	94	100	30	24	24	19	29
44	85	111	33	24	24	20	31
53	100	111	28	24	24	20	28
60	101	110	27	24	25	21	29
59	82	104	28	25	27	21	30
61	91	94	29	25	26	20	27
58	111	104	30	27	25	23	29
56	98	120	36	28	25	23	29
61	103	127	40	30	24	23	29
60	118	125	40	31	20	24	28
61	118	123	39	32	20	27	30
61	102	111	38	29	21	24	26
56	103	96	40	29	23	24	26
39	113	101	40	29	23	24	25
34	94	101	40	28	22	22	25
42	94	105	39	25	23	22	21
44	95	95	42	27	23	23	22
44	102	100	39	26	21	23	22
44	93	112	41	27	21	22	22
47	96	131	44	27	24	23	21
39	91	134	43	28	24	21	20
51	101	140	43	26	22	21	21
49	99	150	43	27	21	23	22
49	93	133	39	27	24	25	23
46	93	122	35	26	22	24	26
46	105	120	39	28	21	25	28
28	95	111	35	28	22	24	27
39	84	85	33	27	23	23	26
42	110	111	40	30	21	20	26
46	117	130	46	30	21	20	26
46	104	130	44	30	23	19	25
47	108	132	46	31	23	20	26
38	110	134	46	29	23	19	26
48	106	123	42	25	25	25	25
47	107	115	40	24	24	23	24
51	116	130	43	25	24	28	25
50	115	134	42	25	25	27	22
52	117	132	42	24	26	28	28
52	100	129	41	27	24	24	29
51	88	117	38	25	25	24	28
51	77	95	35	24	24	21	28
50	74	86	32	25	23	22	29
49	67	118	39	26	18	23	28
42	94	145	45	30	21	26	31
49	94	140	43	31	21	26	29
46	102	146	43	31	22	27	28
48	110	166	45	30	22	26	29
48	113	146	37	30	23	26	24
44	89	111	27	26	23	22	20
37	93	113	28	26	23	23	23
36	92	111	27	26	22	19	24
37	88	101	30	28	22	19	24
47	87	106	33	27	24	19	25
47	91	110	35	25	22	21	24
43	85	135	39	26	22	20	24
46	84	130	39	25	21	24	25
43	92	124	38	24	24	25	25
34	95	125	39	25	22	23	25
32	94	124	38	26	24	23	26
47	105	105	38	28	25	23	26
49	104	116	40	27	25	21	28
49	88	112	39	26	24	18	26
49	88	109	36	25	24	20	26
52	94	121	39	30	21	20	30
38	83	121	36	26	21	19	29
32	74	127	42	29	23	19	28
43	77	124	43	29	21	19	28
44	83	121	44	29	22	20	29
43	75	110	42	26	22	20	24
44	76	102	41	30	21	22	26
44	75	79	34	31	20	21	25
33	87	79	32	32	21	22	26
47	75	83	30	31	20	22	25
48	74	79	36	32	19	22	25
46	89	74	39	29	20	23	24
45	102	83	39	29	20	22	25
45	97	102	43	30	21	24	24
39	98	108	46	31	20	24	24
42	101	106	43	29	22	23	25
43	82	104	40	28	22	22	24
44	63	96	38	26	22	22	23
43	55	70	33	25	22	22	23
35	63	55	27	25	24	22	24
31	65	60	27	25	22	22	24
45	76	95	32	26	23	22	23
46	96	102	36	26	22	21	24
47	94	104	39	27	23	19	25
46	87	102	40	27	20	17	24
53	84	104	42	28	22	17	25
45	102	97	38	29	22	16	24
49	92	102	37	26	22	17	25
53	96	105	37	28	19	18	23
55	99	111	41	29	23	23	25
48	98	125	42	28	23	22	25
56	78	113	44	29	25	24	26
54	75	104	43	30	26	24	24
51	76	109	43	29	26	27	24
52	81	112	40	27	23	23	24
51	81	97	44	28	22	23	22
40	77	97	43	27	19	22	26
46	73	94	44	28	18	22	26
47	70	88	43	30	23	19	28
46	79	85	47	31	24	21	27
46	79	83	45	33	25	20	27
44	77	75	44	31	25	21	27
49	79	92	43	33	26	21	27
49	87	96	45	32	22	21	26
47	70	97	39	32	21	21	26
48	92	107	38	30	24	21	28
51	95	128	38	30	24	20	24
64	103	145	40	31	23	22	27
70	100	142	36	27	23	22	27
73	129	139	35	27	24	22	28
72	114	131	32	31	20	23	27
72	112	111	30	30	19	23	29
51	103	71	27	26	18	22	27
54	97	66	25	27	19	23	28
52	71	85	29	29	21	24	27
51	73	87	28	23	21	23	27
50	72	86	30	26	22	22	24
50	77	107	32	27	23	22	24
33	82	114	36	26	24	20	22
30	85	118	37	24	22	20	23
41	83	116	41	25	25	22	24
42	103	130	42	21	25	24	25
43	107	119	42	22	26	23	23
46	102	112	39	24	23	23	24
47	85	89	37	26	23	23	24
37	86	95	35	28	22	22	25
45	70	77	34	31	24	20	25
48	66	88	31	30	23	22	26
49	68	87	36	30	23	22	26
49	73	84	35	28	25	22	25
50	73	87	38	29	23	24	24
54	74	98	39	28	21	24	25
52	91	81	39	27	20	22	25
51	90	84	36	26	21	23	24
52	90	81	35	23	20	21	27
62	91	68	30	23	21	20	28
60	82	53	28	24	21	19	26
62	52	50	26	25	21	20	27
61	50	41	24	25	21	19	30
69	43	42	23	27	24	20	30
62	36	40	26	27	22	20	29
55	36	46	24	27	23	20	29
52	37	60	28	30	36	26	29
57	35	69	30	33	39	26	29
44	124	100	32	36	41	28	27
47	177	131	36	36	43	30	29
51	178	131	38	36	41	29	29
52	190	158	37	34	31	23	29
48	232	182	46	37	29	28	27
49	241	183	50	35	27	28	27
