0	1	2	3	4	5	6	7
133	158	375	217	81	41	29	38
120	170	396	200	76	38	26	37
102	191	478	222	77	37	26	37
93	189	597	249	75	34	28	31
97	199	609	277	77	35	55	32
99	188	627	336	90	40	56	31
101	191	647	342	93	43	58	32
120	194	610	344	106	50	60	44
134	177	526	334	112	53	81	45
129	163	467	327	116	52	73	44
132	214	438	257	103	50	74	46
161	242	441	256	105	49	74	54
146	223	437	250	96	47	73	44
155	227	443	278	96	46	48	43
160	254	527	324	110	49	39	46
152	214	563	377	114	48	36	46
131	175	541	386	116	49	37	39
132	179	560	386	120	46	37	42
139	185	580	371	122	50	37	46
139	173	596	342	116	49	36	46
132	168	548	296	122	53	59	47
120	175	542	280	118	49	58	44
131	199	571	289	115	48	57	42
130	206	593	330	116	46	59	42
130	184	504	315	109	42	58	46
128	187	522	305	94	34	35	40
140	220	539	320	101	38	34	44
134	206	491	293	97	41	35	47
107	196	403	234	86	39	29	43
98	194	430	230	90	40	28	38
120	212	450	234	94	41	35	59
121	176	452	200	95	43	35	60
118	156	422	195	89	39	36	62
113	148	419	202	91	38	37	62
122	156	386	212	81	35	36	62
119	147	350	207	74	34	29	45
107	137	292	216	65	30	28	41
103	132	303	231	70	32	25	35
110	136	291	229	68	33	28	40
103	138	278	215	73	38	31	39
90	126	286	240	83	37	31	44
91	125	314	232	78	36	32	45
88	132	285	225	75	33	32	47
88	123	286	215	74	33	30	41
86	118	295	205	67	31	26	43
74	107	269	159	55	32	29	38
71	108	249	192	72	36	27	38
99	151	330	191	74	37	29	35
98	159	337	185	73	37	29	33
101	157	334	180	74	36	29	29
105	160	360	197	78	37	24	30
102	158	364	178	70	33	27	26
80	112	281	165	71	34	26	30
76	104	306	185	76	33	28	35
97	122	298	200	77	32	27	38
95	113	270	181	72	33	31	37
95	118	294	190	68	31	57	38
95	136	339	199	70	33	57	36
90	135	327	203	72	37	59	32
60	113	337	193	74	40	61	30
58	123	356	205	77	39	60	29
61	123	338	193	77	42	52	32
59	101	301	185	82	44	57	32
58	103	372	197	77	40	56	32
58	99	403	230	79	44	58	33
61	136	422	244	88	47	60	36
82	134	490	261	92	47	49	36
84	138	499	262	88	43	65	35
85	153	466	248	95	47	71	37
86	161	462	213	94	44	68	35
83	119	446	221	92	43	68	32
66	141	479	252	99	44	65	29
78	153	518	294	105	49	50	30
75	142	572	311	101	48	49	27
77	135	561	334	104	47	50	28
80	145	625	387	123	49	53	28
87	137	546	377	120	48	56	34
75	123	519	362	120	47	71	35
76	122	474	385	133	48	67	36
77	129	466	379	137	51	68	37
101	145	383	334	116	46	66	40
93	137	388	311	111	46	74	33
98	136	361	294	104	42	56	31
99	132	393	317	99	40	55	35
99	124	418	317	88	38	54	35
70	90	438	298	86	44	53	33
72	140	452	310	97	50	40	33
66	166	487	318	103	51	38	38
66	166	432	247	89	49	57	35
63	165	433	245	90	47	57	34
67	173	408	270	96	44	57	36
66	143	376	282	92	39	57	35
80	123	485	308	97	42	58	34
80	129	528	320	100	43	53	32
88	142	595	339	104	48	58	36
95	148	600	318	101	48	58	37
97	145	630	304	96	46	56	44
86	135	527	259	84	41	54	42
108	139	473	239	78	43	42	45
107	141	354	201	73	38	35	43
100	131	371	207	74	40	37	39
108	131	354	186	66	39	35	34
120	130	340	188	64	38	37	37
101	117	346	181	68	38	47	33
94	111	355	179	69	36	46	33
91	136	316	152	64	32	43	34
84	127	267	150	64	32	45	35
70	128	281	163	69	34	43	34
108	142	302	162	65	31	32	38
111	139	296	168	64	33	33	40
116	115	287	175	66	31	34	42
110	117	283	175	68	31	34	42
110	115	271	161	64	31	65	42
75	108	258	153	60	29	67	37
85	101	243	138	54	28	66	36
82	93	282	142	49	29	69	34
82	95	339	149	48	30	68	31
82	105	362	163	50	30	44	32
80	105	354	178	57	32	64	38
66	115	392	180	55	31	66	37
69	119	386	223	69	34	65	37
72	111	374	223	72	34	66	38
73	149	391	226	72	33	72	39
74	159	430	248	75	32	55	35
75	153	429	253	78	32	55	37
82	156	404	211	67	28	51	35
83	163	435	234	73	29	53	33
84	141	496	265	95	38	65	32
89	141	491	287	103	40	61	35
88	143	556	379	128	45	64	35
86	192	572	442	150	57	66	45
87	235	544	468	164	64	67	48
84	234	544	508	158	61	54	48
76	234	564	491	154	61	59	47
77	245	531	437	138	58	56	49
66	227	532	408	124	50	57	41
54	181	542	370	105	44	57	38
62	179	473	302	109	48	65	39
71	193	412	292	109	51	62	41
79	184	387	280	112	53	62	40
78	156	411	253	104	54	60	39
84	149	391	259	100	52	61	42
86	144	407	253	87	49	63	41
80	138	428	245	83	43	63	38
69	142	482	254	79	40	62	39
83	145	451	220	74	35	67	41
77	149	443	226	85	31	75	39
70	157	522	245	90	30	61	35
76	163	527	248	89	32	62	37
77	154	448	222	88	31	64	35
70	157	460	228	93	38	63	35
101	162	494	238	94	43	52	45
109	173	413	223	89	46	66	48
112	147	461	257	96	52	68	47
111	145	455	263	95	51	65	47
113	153	440	263	90	47	62	45
99	182	417	239	84	43	62	35
103	164	411	228	84	40	41	35
102	166	319	181	74	32	35	34
124	172	351	191	75	33	37	38
128	172	357	199	81	37	34	38
144	146	363	235	89	39	33	43
137	173	342	230	101	42	33	42
160	210	349	236	103	44	36	46
155	215	364	226	98	43	36	44
157	216	391	223	95	44	37	45
144	240	395	195	83	42	35	42
148	254	408	207	71	40	37	44
117	224	410	213	75	38	33	41
110	220	396	224	82	42	33	40
104	212	369	221	79	39	32	41
94	182	390	223	88	43	52	40
81	134	384	198	79	40	50	36
81	132	461	255	86	41	51	34
69	145	430	249	87	41	50	32
59	145	540	310	96	43	53	31
57	148	545	310	91	39	34	33
72	150	555	336	99	42	37	40
87	175	615	324	93	43	57	46
90	161	625	342	93	39	58	47
99	167	534	308	101	41	58	46
119	166	532	327	109	43	59	53
121	169	545	324	114	45	59	51
112	153	415	297	115	47	44	45
129	166	454	286	117	51	40	50
140	210	442	276	111	54	39	52
128	214	443	239	100	51	36	47
119	207	448	234	95	53	35	44
130	235	505	260	105	54	33	48
120	252	499	266	109	57	37	42
124	226	497	276	104	55	39	49
121	220	502	346	121	60	40	47
127	239	513	340	117	58	45	47
118	216	445	313	104	54	42	43
118	203	401	313	97	50	40	44
97	197	445	345	111	50	39	40
97	194	446	300	107	51	40	42
123	187	611	336	111	50	34	46
119	208	637	361	120	51	35	48
115	198	678	355	118	49	36	47
116	195	655	312	104	48	33	45
114	201	653	323	96	42	30	42
77	200	496	315	109	45	33	35
79	161	460	302	101	44	33	35
79	154	410	303	107	46	32	39
72	141	400	293	104	43	33	37
93	153	357	259	99	42	39	46
97	139	304	210	79	38	38	47
99	137	297	191	77	39	39	51
113	133	270	163	64	34	36	49
116	144	278	177	66	33	35	49
105	132	283	186	70	34	30	42
104	129	384	237	82	38	28	41
114	133	394	248	86	39	28	39
108	142	413	244	85	40	34	43
102	138	424	236	81	39	34	45
97	125	407	225	76	40	34	45
94	123	285	162	61	38	33	46
77	127	283	139	60	38	31	41
61	112	287	155	64	40	25	37
68	106	296	171	72	45	27	37
62	105	340	174	69	41	26	31
60	105	367	188	72	42	29	30
58	93	355	191	71	40	28	30
56	116	344	199	79	42	30	26
46	115	311	191	78	42	32	37
48	121	268	185	77	43	33	38
57	125	364	187	83	39	29	40
59	144	429	207	88	44	34	43
58	122	489	217	85	44	32	44
60	118	547	237	86	41	56	34
59	122	552	246	98	49	65	34
48	112	517	269	117	58	67	34
50	84	507	255	114	57	67	32
54	93	464	247	112	55	84	32
58	117	412	231	112	55	73	34
62	119	446	238	105	48	65	35
77	123	417	253	86	40	66	41
76	122	370	259	85	37	67	43
83	142	423	311	109	45	55	44
94	154	420	354	130	52	57	46
119	173	393	411	148	64	61	52
116	175	385	389	145	64	59	49
118	186	432	383	145	66	59	49
117	168	374	367	140	66	57	52
112	146	490	376	122	61	51	50
94	127	514	330	103	52	46	46
102	154	522	336	103	50	46	45
101	144	542	339	101	48	42	46
97	145	567	327	84	39	33	40
97	156	499	262	76	40	29	39
86	153	480	262	77	37	29	38
69	116	485	239	68	37	29	35
62	138	445	241	73	38	27	30
59	152	389	206	68	41	28	33
45	138	363	210	68	40	27	32
77	140	365	171	61	39	24	31
80	144	356	189	70	39	24	32
83	117	326	189	66	36	25	34
83	103	335	198	66	31	23	32
84	105	299	195	69	34	25	32
72	105	282	187	67	33	26	36
75	105	276	175	62	37	31	40
73	122	268	205	68	37	32	40
76	132	288	221	78	40	33	43
73	127	307	224	78	38	32	43
57	125	287	223	78	40	32	39
47	127	268	233	83	38	28	33
44	118	301	197	80	39	27	33
51	104	269	166	67	37	28	29
72	112	295	167	66	38	29	30
81	101	299	181	68	37	29	32
88	97	311	163	65	36	31	35
89	102	347	192	61	34	29	33
88	129	366	196	62	33	30	32
77	134	340	189	57	30	28	34
68	147	341	179	58	31	28	32
57	148	358	200	59	31	27	29
56	146	311	190	65	35	26	29
45	132	311	205	69	38	24	34
49	126	322	212	74	41	49	32
51	122	382	265	93	44	52	37
54	137	364	262	98	49	57	43
60	172	468	290	100	47	58	44
66	185	511	304	114	53	61	42
72	240	530	329	124	56	60	45
71	243	493	300	114	54	56	40
73	237	504	304	112	51	54	35
66	217	504	308	118	51	57	36
76	227	510	298	108	44	56	38
70	169	530	270	97	38	45	37
83	164	552	270	98	41	57	37
82	163	574	262	91	38	56	34
89	160	522	253	85	37	54	37
78	120	467	238	79	37	54	34
84	130	411	255	87	43	51	35
68	123	377	240	84	41	41	35
90	154	361	242	86	40	65	38
89	156	305	211	84	41	69	36
98	168	335	213	89	41	71	37
90	153	335	191	80	38	72	33
93	157	356	184	74	36	72	37
70	122	318	178	76	38	55	38
69	107	340	162	67	36	65	46
58	80	307	185	80	39	62	44
54	82	306	184	82	37	63	44
56	87	343	223	92	40	61	40
69	89	340	226	91	38	56	42
69	118	311	223	93	38	35	31
73	127	336	213	79	36	35	32
76	136	353	209	79	34	29	31
74	128	276	169	68	34	31	31
73	131	252	151	64	33	30	29
72	117	244	163	69	33	29	30
68	113	208	146	63	30	28	31
65	98	189	137	59	30	28	30
62	98	281	173	63	26	23	30
70	109	316	177	64	28	25	29
77	99	372	222	65	28	26	26
78	91	377	235	70	28	25	26
98	125	373	249	75	31	26	31
102	126	305	228	71	32	27	32
88	125	281	243	77	33	25	31
90	128	241	212	78	34	22	36
87	144	231	198	76	34	23	35
72	126	228	182	70	30	22	33
68	121	269	215	81	30	20	33
69	110	320	230	85	31	25	34
53	106	334	227	81	30	25	28
61	94	329	221	78	31	27	32
51	87	351	238	78	31	27	31
56	94	403	265	76	34	29	36
74	145	432	261	82	39	26	37
76	148	447	260	82	39	29	41
73	150	479	303	90	41	31	39
73	159	511	307	96	45	32	39
76	168	480	310	109	52	33	37
57	140	423	288	97	47	34	37
59	141	440	287	101	48	36	37
54	148	500	283	105	49	35	35
69	165	461	281	106	47	35	38
66	167	435	229	86	37	33	37
74	176	447	241	94	41	33	40
71	175	406	258	99	41	29	38
77	174	370	226	91	40	29	40
92	149	562	317	107	46	35	41
92	145	604	342	113	49	67	40
90	134	634	349	110	45	67	35
91	132	641	352	107	44	67	33
96	138	609	380	121	45	68	35
73	151	455	338	110	41	66	32
68	143	418	336	113	43	36	30
65	129	383	331	114	44	50	30
71	131	398	328	110	47	62	32
61	126	387	314	105	47	60	28
77	117	350	267	96	46	61	28
80	113	361	291	96	46	62	32
78	117	350	324	109	50	51	32
74	117	301	305	106	47	37	31
71	110	314	285	94	45	67	33
50	97	340	297	91	43	68	33
43	103	321	247	79	38	67	28
44	99	303	181	52	32	66	30
40	93	353	208	60	33	67	30
69	102	341	204	63	33	39	30
70	106	313	179	65	34	34	28
73	101	319	181	64	32	35	32
72	103	345	209	67	33	56	31
73	110	330	217	67	33	58	29
47	90	321	214	66	28	58	28
49	110	331	233	74	32	58	29
58	120	296	225	76	32	57	26
63	145	251	241	83	32	37	25
105	234	195	207	81	33	39	32
164	283	179	209	85	39	40	48
165	284	181	187	78	36	39	49
163	280	223	220	79	38	50	52
166	267	261	187	74	42	63	57
145	200	270	220	80	42	62	54
76	147	285	221	76	37	62	38
76	129	290	228	79	39	63	38
77	131	269	223	83	41	56	33
70	135	240	213	80	36	60	32
66	130	255	172	73	36	59	32
63	99	252	176	77	36	57	33
58	108	331	203	83	38	58	37
50	108	332	179	77	36	56	37
49	107	347	200	79	36	50	33
48	93	331	205	78	37	49	33
46	92	351	200	75	39	49	33
43	85	307	193	70	37	49	26
41	119	315	254	89	41	54	26
45	124	307	243	88	42	42	27
45	127	308	256	101	42	58	28
58	147	274	255	103	43	57	36
73	187	228	257	108	44	57	39
78	232	207	212	103	42	53	41
131	245	264	246	108	42	51	44
133	248	254	233	97	41	37	44
131	242	264	240	96	38	56	39
123	225	341	217	86	34	56	37
129	162	343	213	80	34	57	37
69	136	314	176	72	31	57	34
78	139	324	173	66	29	53	35
74	136	321	163	69	35	40	35
74	110	225	165	71	38	64	36
62	114	306	202	84	43	67	37
64	117	271	209	93	50	69	36
