0	1	2	3	4	5	6	7
68	104	327	102	69	51	57	69
72	106	334	101	68	52	61	71
72	98	292	102	74	55	63	74
88	108	289	104	67	57	67	72
88	111	273	106	60	56	70	64
93	106	278	113	65	57	71	65
91	102	277	123	75	58	69	68
92	114	315	135	75	56	71	65
84	113	389	154	82	56	56	61
88	110	461	171	91	68	50	67
79	108	443	171	98	72	50	68
87	115	484	165	98	77	65	65
86	110	496	153	94	74	60	67
86	101	433	131	89	70	58	71
81	108	380	116	83	64	59	63
83	106	374	124	77	60	55	58
78	101	374	145	73	53	34	58
86	110	343	159	73	55	36	57
91	127	360	162	75	55	35	54
92	119	317	167	76	50	49	64
94	114	415	173	74	48	65	76
97	118	407	165	74	51	66	73
91	103	402	158	74	51	65	72
81	85	397	157	71	52	65	66
85	84	405	143	74	57	52	69
90	83	342	145	76	57	31	73
107	102	376	182	88	57	34	93
107	117	386	197	97	56	36	97
111	113	374	196	100	57	39	99
110	124	379	201	100	53	39	94
103	124	385	192	95	54	38	83
78	107	307	156	89	63	37	61
72	88	316	144	87	68	34	59
79	97	403	146	87	72	33	60
72	80	407	141	90	72	33	53
78	78	368	141	94	77	40	62
83	90	377	161	86	69	35	57
80	94	337	145	76	61	36	54
77	85	274	147	75	57	36	58
83	109	294	189	66	55	35	61
84	134	328	198	73	51	27	52
81	124	329	190	74	56	30	55
84	129	334	193	80	59	32	51
78	138	304	200	78	62	30	48
79	133	264	169	81	65	32	60
74	119	313	161	76	69	39	64
75	118	316	152	86	73	41	66
77	112	328	155	86	78	39	71
81	112	339	142	86	75	43	74
81	109	385	150	86	69	41	64
76	102	332	137	80	58	36	60
73	101	322	131	69	51	35	55
76	101	341	123	65	45	35	65
69	101	383	145	66	44	29	64
67	87	334	135	65	47	33	70
66	92	328	142	79	62	34	77
63	93	370	159	93	64	33	77
58	93	389	203	105	74	36	70
61	84	359	198	108	80	36	62
67	89	360	209	114	82	32	60
71	91	395	228	105	78	36	57
72	91	368	222	97	76	35	69
73	101	356	199	87	67	35	70
77	100	337	193	84	62	37	73
79	100	345	179	80	62	39	72
80	91	293	150	82	64	38	69
84	100	274	136	79	64	41	59
81	100	230	144	85	70	43	56
80	105	232	145	84	69	41	55
73	109	281	139	78	68	41	52
74	122	300	152	83	65	40	56
78	119	288	153	90	66	36	54
89	117	286	142	92	59	34	51
89	112	280	147	99	62	33	52
86	110	230	156	102	65	39	55
84	96	215	144	96	70	45	60
77	100	332	173	92	70	46	63
68	93	342	166	83	68	45	66
65	92	350	162	82	68	46	64
65	84	349	159	78	61	42	73
72	88	363	159	82	53	37	75
76	83	276	137	83	58	37	71
71	91	288	132	96	75	44	69
88	90	271	129	89	73	44	73
86	93	284	139	95	76	43	64
79	100	267	159	92	74	40	51
76	92	262	144	86	81	46	62
81	90	246	147	69	65	39	65
67	98	277	145	73	64	40	62
68	97	256	143	77	69	39	58
70	84	243	118	74	69	38	60
79	91	234	127	82	62	35	74
84	92	220	131	85	72	38	73
80	106	192	174	106	79	37	70
83	135	228	184	105	81	44	74
81	139	218	197	111	83	44	75
74	140	259	201	106	78	41	61
65	135	263	204	105	69	37	61
66	130	325	180	89	63	38	64
