0	1	2	3	4	5	6	7
92	114	337	133	58	60	34	62
101	111	325	116	56	57	37	73
100	133	310	131	56	51	37	80
101	130	348	141	56	50	35	76
100	141	335	142	59	52	35	64
103	140	344	142	61	46	35	69
97	146	397	144	60	61	32	68
89	129	358	121	57	59	30	59
85	159	385	136	67	61	32	66
78	150	382	149	68	60	32	71
77	146	353	142	66	58	32	89
76	136	284	147	71	41	39	92
105	135	317	150	67	42	38	97
103	119	246	125	58	52	39	96
102	135	302	118	55	49	38	90
96	136	349	128	62	58	42	76
101	134	368	118	55	57	35	64
69	141	351	106	57	55	41	63
65	121	339	115	54	44	39	58
62	94	307	108	53	49	42	71
74	93	256	106	46	36	36	67
70	97	272	115	49	36	35	76
68	76	276	117	44	42	30	74
68	82	300	113	56	56	36	87
83	83	283	108	54	53	34	84
79	91	291	100	56	58	36	85
81	99	268	99	57	60	41	80
83	104	270	107	59	57	41	79
87	97	234	102	56	50	41	70
81	115	261	118	58	56	40	67
73	119	283	123	54	54	41	62
69	112	275	120	53	54	39	74
74	114	281	122	52	56	45	71
72	114	288	131	46	54	41	70
63	93	274	122	44	58	41	67
61	76	270	137	49	57	40	73
58	85	270	142	49	56	38	61
47	82	258	131	50	53	32	56
48	82	251	122	51	51	34	57
55	89	231	117	51	38	33	59
59	88	200	93	54	53	35	67
63	74	190	80	53	54	39	71
66	81	174	99	60	56	39	71
68	85	203	109	60	57	39	68
68	94	213	131	69	57	38	67
69	93	225	147	68	45	40	56
68	99	255	156	68	51	36	49
72	105	318	145	61	48	35	51
71	117	304	153	60	49	37	63
70	106	304	150	57	52	40	64
68	117	316	140	56	51	38	62
69	117	387	148	56	44	46	76
65	106	346	157	61	49	45	79
68	96	363	155	62	58	44	74
75	118	375	151	59	54	46	75
81	110	386	162	68	56	45	77
80	109	307	162	71	56	38	73
78	113	306	162	72	56	38	75
73	114	286	151	71	45	39	75
65	93	299	153	72	46	36	75
60	92	278	139	65	46	39	78
61	114	257	124	58	42	35	68
65	112	278	123	49	38	41	79
63	108	314	138	54	50	39	77
69	111	328	128	53	49	40	79
66	120	343	124	52	48	38	75
68	101	390	128	53	51	40	85
65	131	389	128	56	49	33	74
66	133	358	110	56	39	34	83
62	128	348	110	51	37	34	78
63	123	393	124	51	52	35	76
54	125	378	137	54	52	36	70
58	97	436	155	57	55	62	64
59	115	439	159	56	55	63	53
58	123	425	183	72	59	64	52
59	121	379	174	70	45	65	64
59	120	388	170	69	44	64	65
56	112	302	156	67	41	41	65
57	102	310	158	69	43	39	73
53	111	338	133	55	41	38	76
68	112	326	133	57	43	40	69
