0	1	2	3	4	5	6	7
78	117	262	93	51	42	29	65
74	109	258	94	54	46	34	64
72	128	265	110	56	48	33	59
62	124	268	115	54	50	36	43
60	135	260	127	53	52	38	54
65	121	242	131	52	55	42	64
67	123	293	148	50	56	40	63
69	109	318	157	46	55	40	67
71	116	292	153	50	52	38	69
66	105	305	160	56	51	36	66
64	109	314	158	58	46	32	59
64	113	266	145	57	46	31	59
76	118	254	143	57	50	29	78
72	107	264	138	51	52	32	79
72	119	334	147	53	52	30	73
71	119	337	149	51	50	27	73
72	118	369	155	50	47	27	77
66	111	357	152	57	42	33	67
66	118	348	158	57	38	29	65
71	110	271	139	62	44	31	70
74	103	231	132	62	46	33	76
76	106	214	163	66	48	33	83
74	108	299	170	63	47	33	85
69	101	317	169	64	51	35	84
71	100	316	169	60	50	36	82
73	108	345	177	65	59	39	89
80	111	345	148	64	59	42	109
80	119	301	139	64	57	38	109
83	122	304	158	68	58	39	112
79	123	371	156	62	54	37	112
76	126	348	151	61	44	36	104
72	128	344	171	70	47	39	88
71	116	347	173	73	58	46	78
74	113	334	149	68	56	45	76
72	110	256	144	69	56	46	78
69	99	271	162	67	55	43	79
61	90	269	143	56	52	38	59
67	102	272	129	48	40	30	54
66	100	261	127	48	40	31	57
66	94	260	131	46	42	34	62
73	105	258	118	50	48	35	60
70	99	229	114	50	46	33	60
66	103	204	124	49	47	34	68
65	114	220	125	48	49	38	75
67	118	309	132	54	53	39	71
62	110	304	135	51	46	38	69
68	118	322	143	53	47	39	81
60	101	329	143	55	46	41	77
56	90	335	147	55	43	35	65
63	92	301	148	50	47	31	65
63	96	303	136	55	55	38	68
70	97	313	130	53	55	39	56
75	100	410	166	57	57	38	53
80	98	404	164	59	61	46	59
77	100	384	164	59	52	47	70
79	98	431	180	56	49	45	76
73	88	439	177	55	49	46	74
70	88	352	143	49	52	46	77
66	88	346	152	49	49	39	83
78	89	366	155	49	49	37	85
77	90	331	134	45	46	36	76
75	89	321	140	45	46	34	77
77	88	325	154	47	42	33	78
79	87	321	145	44	41	37	73
62	85	312	135	44	42	37	59
66	89	287	139	43	42	37	62
69	90	257	134	43	42	39	63
70	88	230	109	38	41	39	58
70	87	254	111	41	40	36	55
69	92	236	113	39	38	36	64
64	100	238	116	41	43	38	61
62	102	245	113	42	44	36	60
69	118	236	104	42	43	36	72
70	131	324	122	48	49	36	74
71	134	359	120	56	54	38	65
69	123	354	122	57	52	38	67
73	146	381	145	66	53	38	66
61	141	391	157	70	57	39	56
58	141	315	152	68	50	39	53
62	143	291	160	65	46	36	56
65	145	297	152	65	44	35	57
60	119	256	134	55	40	34	56
58	114	253	126	54	38	32	58
57	100	241	108	48	38	30	58
54	95	265	96	52	39	33	55
49	92	247	97	50	36	30	53
63	90	269	98	51	37	32	53
64	85	294	101	52	34	29	46
