0	1	2	3	4	5	6	7
252	226	569	219	76	55	134	182
178	226	523	203	84	58	117	142
155	225	533	215	83	63	113	102
143	226	585	235	91	60	101	86
141	223	552	238	87	59	88	99
154	208	518	215	91	68	107	116
162	184	505	223	84	68	108	124
212	198	489	204	84	72	111	133
209	192	502	214	81	73	114	131
232	213	469	217	104	86	126	158
226	219	580	241	99	81	110	142
220	235	594	243	108	88	114	137
171	225	601	251	110	84	108	129
169	232	621	286	111	81	101	137
131	203	631	284	94	69	78	93
136	197	537	264	92	66	74	109
124	184	522	253	81	53	70	106
128	203	557	265	84	60	73	100
120	182	484	216	86	66	88	88
119	208	460	200	92	63	78	102
103	216	489	213	96	66	81	91
133	201	524	218	98	68	82	98
147	203	503	273	100	60	101	117
162	217	525	263	95	57	91	120
167	220	572	279	92	58	92	111
164	215	576	294	92	59	89	107
156	219	541	297	96	57	87	99
164	247	536	240	87	57	78	96
153	240	474	247	89	53	74	93
147	212	429	231	84	49	73	100
158	206	408	198	78	45	76	105
151	213	451	195	79	51	100	139
152	196	451	190	86	57	91	140
157	192	520	192	82	57	92	143
168	186	494	168	79	56	94	169
158	212	479	169	81	61	98	178
156	210	516	205	85	58	80	159
134	177	484	204	74	51	73	153
132	183	412	192	74	50	75	189
117	182	462	210	78	53	72	161
125	173	521	211	76	48	60	163
119	164	576	184	66	47	55	156
124	160	580	173	68	50	76	169
150	162	596	171	62	50	79	140
158	164	607	182	65	50	80	141
151	182	565	188	64	50	80	124
159	198	462	197	64	50	77	128
156	208	445	204	63	49	82	102
145	208	468	221	70	51	77	88
136	206	532	262	73	54	77	94
156	189	535	263	79	58	81	107
146	176	570	256	76	60	85	108
140	150	566	253	76	60	74	108
142	175	622	340	96	69	88	151
147	199	641	360	98	71	88	154
129	183	663	362	94	67	87	145
197	185	608	361	97	64	80	155
222	206	618	371	103	64	87	158
217	195	515	289	84	52	71	122
219	179	346	206	79	48	76	119
225	173	333	195	81	53	93	133
185	181	402	206	84	53	99	122
155	176	405	196	83	62	89	124
159	191	457	220	84	63	89	120
157	188	495	223	82	63	83	118
156	199	587	256	81	60	62	121
157	222	626	271	91	68	57	125
158	226	641	309	95	63	68	116
140	198	635	295	93	66	77	125
135	194	655	308	89	62	80	120
134	205	586	292	86	61	81	107
121	192	544	272	69	53	77	101
122	174	511	218	53	50	80	108
124	180	517	208	53	49	77	100
122	181	480	188	54	54	74	104
121	159	433	174	61	54	71	100
111	133	517	189	69	54	73	99
143	178	551	201	69	54	78	124
150	174	527	203	75	52	81	125
152	167	511	193	73	51	80	119
150	172	601	240	71	52	83	116
165	182	509	236	65	50	83	122
145	143	476	226	63	46	60	90
143	151	536	238	62	51	75	82
139	164	566	241	66	52	78	80
137	168	503	203	65	50	83	82
131	164	500	206	70	51	81	97
118	183	501	207	71	51	86	110
109	184	444	179	64	46	86	115
140	180	420	172	61	48	92	129
137	173	386	154	59	47	87	133
126	203	363	120	55	49	89	116
127	196	376	134	63	62	90	104
135	190	356	139	72	67	91	111
112	187	321	138	74	67	84	103
109	187	318	151	84	72	85	103
106	151	322	155	80	69	83	97
105	145	307	159	84	66	75	96
98	157	301	160	81	60	49	78
93	173	340	168	82	62	49	77
100	182	354	150	67	57	53	69
105	218	374	137	69	63	76	69
104	211	375	134	56	53	77	66
106	205	367	132	56	52	80	66
125	197	335	144	58	52	81	80
126	197	395	180	66	57	77	82
121	178	407	190	64	55	57	83
123	185	425	182	63	56	53	85
126	176	462	196	60	53	48	85
103	182	470	185	52	47	46	73
102	172	425	162	51	43	70	75
97	160	424	161	52	39	68	73
102	166	390	164	56	43	68	69
93	177	352	138	56	43	72	83
99	174	397	149	63	45	70	80
101	169	364	153	68	49	59	73
102	156	362	150	69	49	58	75
96	163	391	143	66	46	59	77
94	154	402	155	70	49	54	72
93	148	389	173	77	56	57	84
98	147	397	181	77	49	41	89
109	156	411	179	76	49	42	88
118	144	402	176	79	52	44	87
124	150	410	190	88	54	63	92
128	147	395	172	78	45	67	80
119	147	409	173	75	46	72	74
110	159	363	172	75	47	72	81
99	155	359	176	75	43	71	89
120	154	330	158	60	40	63	103
142	159	340	155	62	55	99	114
139	168	321	141	55	56	101	116
139	157	351	175	58	56	100	113
145	158	377	188	56	60	100	118
143	163	396	193	62	61	97	105
112	153	401	206	61	51	77	95
111	144	405	211	68	48	74	99
116	126	399	185	68	50	74	98
133	122	476	194	76	50	75	94
133	154	484	200	85	53	73	92
139	170	508	210	95	61	55	90
142	181	537	216	91	60	50	81
140	182	531	213	89	60	49	82
116	179	482	208	89	63	48	76
113	138	495	200	88	71	66	91
101	123	431	171	76	64	61	89
100	135	396	152	75	66	62	91
92	131	420	162	71	64	62	89
95	128	393	161	68	64	62	86
84	126	370	162	61	54	53	83
96	136	375	166	63	57	52	79
95	104	365	168	67	58	54	77
97	125	318	188	77	63	55	81
103	129	340	206	78	61	54	89
94	136	349	204	70	55	65	68
90	136	385	216	74	53	67	72
89	152	387	211	70	52	66	80
115	146	419	213	67	49	69	78
118	165	413	204	67	45	68	67
121	170	392	203	71	49	49	74
143	179	474	218	76	59	56	82
150	183	463	217	79	62	55	84
130	176	459	195	78	60	52	90
127	169	452	194	81	63	53	89
133	161	452	191	78	59	51	92
106	133	351	166	71	50	45	90
105	111	383	169	68	44	45	84
104	117	363	165	70	48	44	79
95	104	335	165	71	49	42	80
96	127	331	164	74	55	44	69
93	135	317	148	75	54	38	78
88	148	282	146	76	55	38	74
92	155	289	162	76	55	67	73
100	172	319	142	67	50	77	80
112	155	315	142	66	45	77	99
118	153	361	144	63	48	83	87
115	159	365	138	62	50	87	91
116	154	423	162	66	48	70	94
114	133	457	168	72	56	59	88
114	140	467	170	71	57	67	80
114	162	420	177	74	56	68	80
110	152	466	196	77	51	64	73
111	165	449	158	72	58	67	75
134	163	406	152	70	53	67	88
119	154	429	161	72	57	57	78
119	140	476	150	73	58	49	77
120	133	444	130	74	60	50	78
122	111	393	129	69	53	46	86
