0	1	2	3	4	5	6	7
288	360	400	264	83	46	79	210
293	365	432	274	88	49	64	215
287	326	405	244	81	43	61	215
261	301	413	256	83	46	56	162
227	282	409	223	81	49	38	125
225	275	429	238	83	54	43	121
227	271	391	214	81	55	43	110
242	287	372	210	81	59	54	164
249	289	361	181	71	60	72	183
260	296	310	171	61	62	74	206
222	337	263	179	68	59	73	204
213	332	265	176	64	57	75	203
198	317	288	192	65	55	69	168
198	313	344	211	69	63	50	158
198	297	363	195	62	55	47	123
178	220	507	202	58	59	69	116
172	183	532	201	57	58	69	123
158	192	563	205	62	59	65	115
142	193	560	193	65	48	71	127
106	194	550	203	68	50	74	132
105	187	434	169	71	55	54	130
116	190	423	173	75	57	58	128
112	181	368	169	74	57	70	133
109	184	384	179	77	56	64	107
116	196	381	175	78	55	59	108
107	227	394	172	72	43	56	107
102	198	387	176	68	44	50	115
116	197	407	180	67	56	64	118
118	213	348	152	60	63	67	141
143	206	375	167	76	72	70	147
153	174	372	169	77	73	72	166
147	194	362	173	82	73	72	162
143	214	380	154	80	63	47	158
140	190	410	161	78	55	42	146
125	186	427	141	60	46	62	150
125	208	495	155	60	44	66	147
131	191	556	160	55	44	69	143
131	185	530	168	59	49	71	146
134	199	522	175	62	52	70	153
127	198	495	203	65	50	54	139
124	174	408	211	76	53	46	122
120	180	344	204	81	56	39	123
121	173	360	194	77	49	36	126
120	156	336	201	82	46	36	116
122	158	340	171	80	48	39	128
133	197	466	191	70	47	45	141
129	198	468	188	66	42	46	137
128	211	455	195	73	47	49	136
135	216	472	187	71	48	53	164
127	221	486	185	71	51	69	154
126	198	403	194	77	51	70	140
130	199	380	196	74	50	70	159
127	183	383	203	71	48	70	161
121	217	381	202	64	47	69	135
123	214	355	208	64	44	69	139
105	211	307	166	61	42	69	145
101	216	390	199	86	59	69	132
107	212	409	199	92	64	69	132
101	173	389	196	96	67	70	133
123	154	383	197	97	65	71	145
121	143	374	184	94	65	69	152
132	134	375	167	76	51	71	150
129	133	370	165	67	43	68	141
140	136	391	160	59	38	67	146
118	136	379	165	57	40	46	130
116	140	387	165	58	41	66	113
102	140	285	141	57	44	68	107
96	139	254	127	57	44	68	104
77	157	231	129	60	45	67	74
74	162	268	119	60	42	66	91
70	160	275	139	59	41	48	88
73	151	286	131	55	37	41	87
70	140	278	132	57	39	45	90
80	111	251	131	54	43	70	105
85	105	272	138	58	44	71	99
84	103	287	124	58	43	69	105
81	115	279	144	62	46	69	111
83	135	277	141	63	46	68	109
80	135	312	149	62	39	41	100
75	126	253	142	68	44	63	92
75	131	246	135	70	44	63	87
79	119	254	119	67	45	64	77
