0	1	2	3	4	5	6	7
133	192	413	175	77	160	46	103
127	272	427	199	75	158	46	96
106	275	413	198	72	153	41	94
123	314	421	223	75	170	41	84
140	330	441	236	75	174	37	83
156	353	368	218	71	154	39	126
162	297	287	183	70	155	37	141
168	332	289	187	76	159	43	160
156	307	283	155	71	110	41	159
152	295	262	143	63	91	47	173
140	321	234	141	63	85	43	151
137	311	249	140	61	77	46	149
148	268	238	136	52	70	41	125
145	262	253	149	60	54	42	129
145	269	277	154	64	59	38	118
136	186	299	173	69	65	48	110
139	186	323	194	74	70	49	101
124	191	371	261	86	67	48	94
147	210	361	259	87	70	50	109
155	201	327	250	87	73	53	106
181	206	346	255	87	74	47	114
190	225	320	244	89	75	44	127
204	289	265	158	78	76	49	129
190	269	265	146	70	83	54	129
192	274	287	156	68	82	66	139
175	283	261	133	62	76	65	136
161	324	363	148	54	69	67	126
148	278	423	178	64	68	64	131
151	317	426	191	72	60	59	125
143	325	413	178	72	57	39	121
149	319	491	216	79	66	40	138
149	292	424	201	80	66	34	142
140	341	377	215	84	66	33	133
147	315	366	208	79	66	39	127
153	303	366	222	85	61	50	146
148	299	279	200	84	56	49	131
147	292	247	215	92	62	50	122
142	203	226	181	86	65	51	133
123	185	222	185	88	73	45	129
98	178	249	184	86	76	53	103
136	208	275	160	78	72	59	108
130	188	301	158	68	68	63	107
145	202	320	162	64	71	65	109
161	231	332	168	57	57	65	107
169	252	317	175	57	53	53	113
148	229	266	175	55	81	48	113
148	252	247	157	51	81	44	134
139	249	226	154	49	83	60	131
131	230	253	148	52	85	61	135
127	203	252	130	59	101	61	128
111	205	247	130	58	106	68	140
108	184	257	134	60	116	68	122
101	178	258	132	60	113	53	120
87	195	245	127	57	114	52	115
88	215	275	121	48	107	55	135
87	206	266	129	58	89	45	114
87	192	296	148	67	75	47	113
85	197	313	155	70	74	45	106
101	242	296	157	71	72	46	107
115	261	279	184	75	64	43	107
141	276	283	188	73	76	45	119
150	275	321	186	71	83	44	128
160	274	317	184	71	81	47	132
154	231	378	183	69	79	43	131
150	196	422	155	69	89	50	113
134	180	435	152	72	70	54	113
151	174	383	131	67	62	69	119
148	211	393	132	68	67	68	119
161	214	388	155	81	74	71	128
155	208	333	156	79	63	68	126
170	210	319	166	82	74	71	156
151	219	311	175	81	81	56	158
148	168	319	189	81	75	55	159
139	149	338	178	70	69	53	159
140	155	339	181	65	76	50	157
147	153	343	162	61	67	43	144
143	167	341	161	67	69	43	133
146	177	345	145	68	71	44	139
148	191	304	127	66	69	44	143
158	190	309	124	67	65	44	168
155	188	353	148	62	78	41	154
157	239	374	157	58	69	39	149
164	242	347	150	56	82	48	166
169	234	318	155	59	84	51	171
159	255	329	159	59	79	51	149
134	278	310	195	65	66	48	138
137	225	289	189	69	69	51	143
170	267	312	196	67	53	43	144
183	296	357	243	79	49	38	143
186	298	369	240	80	49	40	152
186	283	355	194	72	49	38	157
220	280	348	183	66	58	38	189
192	231	334	199	70	58	46	181
169	200	355	170	56	63	46	171
158	178	331	180	56	66	42	161
222	169	318	185	56	69	43	162
187	178	311	185	55	63	41	155
191	223	316	158	48	64	36	153
221	246	272	135	49	60	34	150
229	273	298	133	48	55	35	153
177	342	311	144	49	63	36	148
178	337	335	153	49	55	37	126
172	326	326	174	57	61	35	107
153	327	288	181	63	62	42	144
150	310	252	176	66	67	44	149
158	230	224	183	71	68	49	165
160	258	231	181	74	69	51	170
168	247	213	168	74	62	52	171
174	205	245	164	68	74	50	157
192	197	313	165	73	75	50	151
185	197	336	145	71	68	44	136
186	157	337	153	73	68	48	120
175	176	360	156	69	69	47	117
151	215	347	148	72	65	43	120
173	218	281	141	64	62	44	125
253	235	257	136	58	58	44	133
255	257	290	135	52	64	37	123
273	329	266	123	55	63	37	125
273	325	252	126	56	52	40	128
254	319	268	132	58	53	44	137
199	343	406	151	63	65	45	132
190	364	369	148	68	58	44	132
166	295	374	144	67	58	45	140
196	277	384	140	62	71	57	133
221	287	387	159	65	68	52	121
225	288	246	145	66	67	51	131
230	293	250	134	63	67	54	150
237	282	241	134	60	71	57	168
214	292	253	129	68	63	62	160
190	343	298	128	68	75	86	166
158	335	318	128	67	68	90	160
177	293	304	133	76	75	93	156
232	293	309	163	87	74	91	138
290	326	366	176	89	75	79	155
316	296	320	181	93	68	53	145
360	338	287	185	94	68	50	150
360	350	297	191	89	64	50	152
323	368	311	171	86	65	52	147
282	346	239	176	77	57	54	139
313	357	260	156	69	56	55	149
270	328	321	186	69	53	52	141
263	381	321	180	65	49	44	144
274	377	325	185	61	44	41	141
268	381	308	185	64	51	66	138
199	416	288	198	77	56	66	146
253	451	247	173	75	58	69	171
331	407	288	175	79	59	72	168
481	409	259	169	79	67	75	192
582	410	280	168	97	69	62	224
608	371	313	159	93	73	63	216
595	303	303	155	93	76	63	214
578	315	262	156	92	80	67	220
467	303	266	153	89	75	73	205
335	315	250	138	71	75	73	160
291	329	228	121	64	68	85	163
270	369	225	113	68	67	86	137
277	358	208	121	72	59	79	137
262	364	192	116	73	61	74	234
269	347	182	125	71	50	85	243
248	387	180	135	77	51	69	243
332	342	155	134	72	50	68	258
294	333	162	127	68	52	73	291
303	326	171	132	70	53	69	217
288	332	210	130	70	58	47	208
294	227	189	117	63	60	50	205
295	211	187	115	65	240	59	200
282	221	202	146	82	268	71	122
267	244	236	166	95	308	81	115
269	217	209	161	93	332	81	112
263	216	213	165	92	393	80	104
134	235	218	186	95	347	74	78
138	222	209	165	90	330	58	90
154	190	176	145	80	341	47	113
153	174	191	141	95	337	51	111
155	163	208	140	101	267	56	119
154	181	216	115	102	239	55	114
131	170	217	111	96	251	59	107
132	170	218	124	102	254	69	122
169	178	207	127	94	235	66	125
172	194	209	162	114	287	59	125
188	248	240	182	115	284	63	123
191	260	256	191	115	322	59	137
177	269	248	182	108	313	42	104
146	301	251	194	116	312	45	101
144	304	251	193	103	266	45	94
118	247	256	203	108	286	39	97
145	246	263	196	135	235	40	99
151	266	275	199	144	186	41	98
148	264	288	197	135	182	38	98
145	265	306	170	129	218	39	98
142	254	289	130	126	241	39	97
111	248	277	128	117	280	37	85
91	250	301	146	105	276	37	82
89	232	275	135	104	307	37	87
97	215	246	158	116	296	47	100
127	229	249	171	118	254	51	108
124	223	254	172	103	225	59	104
133	191	244	166	109	276	98	112
134	205	251	163	110	299	132	106
154	220	263	145	97	363	139	94
134	268	338	173	103	382	139	80
146	277	362	192	110	383	138	76
142	278	354	181	106	348	125	74
147	262	371	203	120	322	100	96
128	260	417	228	139	255	92	97
135	199	363	210	131	255	95	130
138	205	331	192	124	284	100	135
146	194	321	194	120	281	87	145
151	244	414	210	124	271	80	139
158	251	361	182	108	249	73	143
148	246	350	173	125	233	67	131
145	234	360	165	124	247	65	141
149	277	392	175	126	256	63	142
146	255	283	144	118	249	59	144
153	241	270	139	111	253	62	140
168	238	260	138	87	248	66	138
157	235	277	144	84	169	72	121
143	183	248	124	81	154	73	118
133	129	286	140	71	137	74	122
108	113	363	174	72	133	85	124
104	113	411	199	73	121	87	123
110	117	410	206	70	119	77	126
111	110	403	215	73	123	87	124
122	122	396	207	71	127	90	111
124	143	378	195	64	119	78	108
122	162	371	197	88	117	71	118
137	165	361	199	100	123	69	138
152	192	408	251	106	130	76	129
155	196	423	276	118	127	78	133
155	192	405	269	122	133	78	146
151	174	467	265	116	135	94	144
142	168	520	275	118	155	159	126
140	141	547	238	125	177	262	147
142	137	554	221	121	180	279	147
152	152	550	238	126	179	288	150
190	172	487	226	120	179	288	164
196	168	453	231	115	161	302	175
206	173	399	220	103	136	229	158
220	169	412	210	91	128	218	186
224	179	430	197	85	131	221	187
222	189	419	196	79	117	218	164
216	199	409	201	74	109	159	148
218	237	478	209	82	102	163	160
198	240	491	207	87	111	149	139
197	242	506	232	99	105	131	118
163	246	525	255	110	124	142	117
170	258	538	231	110	127	149	128
177	250	509	245	122	130	134	141
181	243	472	245	132	131	138	133
169	229	445	219	128	135	135	135
167	215	526	212	121	123	113	147
174	216	533	233	129	125	94	147
156	189	497	218	126	126	73	123
148	206	465	205	116	141	54	114
157	206	498	210	112	138	62	115
178	195	490	207	116	142	94	155
175	167	509	189	112	149	93	170
164	168	506	200	100	168	124	171
170	154	544	209	96	152	128	175
172	133	564	229	97	151	125	194
173	130	488	219	100	154	102	157
172	132	425	211	95	146	125	134
188	112	457	196	93	116	100	143
182	115	430	195	110	117	103	145
189	137	357	164	108	118	103	129
174	131	325	146	96	126	113	137
161	139	347	145	90	134	87	151
142	171	329	166	110	132	99	141
161	171	315	179	107	136	95	138
147	158	287	174	103	131	95	144
160	166	295	192	109	128	82	134
171	168	301	201	123	117	83	121
194	151	293	191	123	120	60	138
179	141	286	169	118	118	55	144
184	131	300	175	139	168	61	128
162	122	299	182	142	175	62	124
165	113	375	199	139	188	83	119
129	94	359	214	128	186	85	89
139	95	367	227	131	191	88	81
139	106	368	239	114	161	82	94
144	111	362	223	105	148	83	98
161	143	369	218	100	134	61	114
162	145	448	198	103	132	54	113
150	139	457	189	91	120	43	105
137	139	460	158	90	106	39	92
146	138	482	168	103	102	42	103
139	112	412	152	100	109	66	90
149	162	389	153	103	114	63	92
153	180	395	170	110	126	65	93
180	184	392	181	107	134	69	103
196	186	381	184	103	184	69	99
184	183	455	200	108	186	51	92
180	146	411	200	96	182	53	91
178	125	403	193	94	174	52	93
179	128	398	183	91	166	48	98
181	154	513	184	92	114	47	97
174	158	473	191	97	100	40	99
175	147	451	195	98	97	40	97
177	154	479	195	97	122	47	100
160	155	493	208	100	128	47	80
128	124	404	202	94	123	44	73
137	115	393	208	94	135	53	92
155	148	411	236	112	160	66	102
159	144	372	245	117	146	61	100
159	149	404	271	133	144	65	117
162	162	413	273	134	145	68	126
171	165	420	271	130	142	63	116
189	165	411	246	128	139	56	132
189	176	421	229	119	132	58	133
189	165	414	202	97	130	54	121
190	164	361	196	94	126	53	117
189	170	413	219	106	114	51	114
148	164	430	243	91	87	43	85
161	194	455	255	94	92	43	82
150	214	422	249	100	95	46	84
163	209	446	254	107	95	45	94
160	211	397	215	93	103	47	96
178	217	463	224	122	112	50	97
169	183	429	220	133	108	47	95
168	163	491	226	135	112	47	92
153	178	540	255	140	115	46	67
142	171	519	251	140	109	45	69
144	154	467	218	115	91	43	86
152	151	490	212	116	118	45	103
172	157	484	232	118	123	46	103
214	158	444	221	118	123	51	113
217	154	471	239	125	129	52	108
213	140	443	237	126	136	53	101
202	167	474	279	139	130	57	93
190	173	463	270	135	119	55	98
139	157	423	247	124	119	50	89
140	160	409	248	122	121	46	90
134	173	450	255	122	115	47	86
153	172	438	227	104	100	42	78
154	160	383	207	116	105	41	80
174	172	414	213	123	115	40	84
199	174	438	203	119	108	44	106
196	164	405	198	121	120	50	112
182	135	354	177	112	116	52	113
186	150	371	185	102	141	52	106
187	144	343	205	97	131	53	103
154	144	280	197	96	131	52	81
156	142	250	178	85	124	46	75
167	150	248	175	89	132	47	87
175	146	349	186	90	105	49	102
157	136	370	162	92	98	46	104
166	132	393	174	92	94	46	100
165	134	415	188	106	131	44	98
172	129	429	196	106	150	46	100
162	108	352	198	116	152	43	94
175	114	347	202	124	162	45	87
180	129	338	198	120	163	47	89
180	129	312	185	112	138	47	88
172	126	287	175	110	112	41	99
172	149	284	154	99	110	44	93
157	170	308	141	88	97	41	98
148	159	285	123	92	96	38	100
150	168	312	163	100	128	43	110
139	180	339	166	98	141	44	83
132	167	351	168	94	143	42	79
138	150	310	168	85	141	43	73
123	154	320	168	82	142	41	75
149	152	296	136	75	130	38	69
147	151	290	170	92	116	36	66
152	176	328	208	92	109	39	68
166	187	329	208	103	109	37	71
170	181	315	208	105	124	39	76
148	185	308	206	103	100	37	75
151	176	291	173	91	91	37	80
139	145	237	150	92	94	35	79
107	155	226	141	81	93	37	76
101	154	227	151	92	73	37	68
91	152	234	152	89	70	40	66
105	159	249	175	89	69	39	60
112	203	237	157	96	74	38	63
109	184	235	159	101	80	38	69
115	187	231	146	93	75	38	69
113	179	231	152	94	74	33	64
99	175	248	130	93	73	32	70
88	117	239	124	85	59	32	70
90	103	242	126	77	50	28	62
115	138	285	131	73	52	28	59
121	150	291	131	73	49	31	65
124	151	239	135	70	47	32	62
136	154	238	147	67	45	33	62
143	157	238	150	67	39	34	69
117	124	213	154	78	47	33	66
111	121	256	157	77	48	29	55
123	110	255	148	75	49	27	54
113	128	247	132	78	52	31	56
108	122	271	145	80	55	32	48
140	142	279	148	73	48	34	59
160	162	291	147	72	47	36	78
153	172	292	149	73	50	39	95
150	155	299	149	72	52	37	94
156	157	284	133	78	58	39	94
142	154	279	145	75	57	38	99
126	141	234	144	73	56	37	88
140	135	244	156	78	62	43	77
152	157	295	200	86	73	50	114
159	183	318	199	84	68	49	126
152	193	322	182	83	70	50	120
152	182	310	176	86	75	52	122
133	206	350	207	98	71	45	117
150	199	329	190	95	58	39	88
134	190	320	195	91	61	40	76
138	198	340	203	97	61	39	75
134	203	351	204	93	53	36	72
130	178	319	163	75	56	39	73
117	170	300	142	70	60	42	81
121	155	346	142	73	59	39	79
114	118	310	123	64	61	40	81
114	109	294	125	65	60	40	90
131	119	290	134	82	65	37	88
120	134	292	146	90	63	32	73
114	134	215	147	93	65	32	68
137	146	203	153	93	75	39	140
139	152	258	151	93	77	38	139
125	142	260	155	84	71	37	139
123	131	285	144	80	74	37	139
130	157	314	157	77	78	39	145
106	147	325	154	83	67	32	85
100	149	304	151	86	66	34	93
107	154	378	154	78	66	37	95
120	207	402	154	74	67	41	103
123	194	381	134	72	67	44	101
121	193	377	142	70	63	47	119
121	223	404	185	81	66	48	107
127	285	340	186	86	74	48	107
121	286	283	188	95	74	50	113
135	284	276	190	94	74	53	130
146	295	277	190	93	81	55	126
147	324	286	187	100	88	57	130
151	345	325	193	102	82	58	134
148	368	351	215	111	82	55	129
137	369	358	215	116	79	59	142
152	362	388	267	135	97	57	129
179	325	373	266	126	92	55	131
176	275	356	255	123	93	55	133
179	254	331	241	110	93	57	139
180	262	347	253	115	107	59	108
168	270	342	267	121	101	58	123
148	295	342	267	122	100	59	118
147	271	326	264	125	98	59	114
167	233	343	262	127	101	63	112
161	223	347	262	124	88	55	106
157	245	344	250	103	72	55	83
153	222	338	237	106	74	53	91
158	232	344	260	113	86	61	107
138	223	316	255	109	89	56	100
158	245	312	261	107	88	54	103
158	215	311	218	103	92	55	100
154	195	285	206	98	89	54	92
141	175	300	199	91	78	51	94
140	169	323	205	97	74	46	86
126	144	323	182	90	71	46	86
123	155	307	180	97	78	42	84
124	160	304	193	101	85	41	85
118	155	260	180	96	83	33	65
102	154	244	192	92	73	34	62
99	153	288	283	151	87	58	60
94	133	275	315	175	94	58	68
91	122	271	324	185	92	61	68
106	121	294	323	186	91	61	64
114	164	459	339	189	96	61	66
118	181	432	290	154	90	44	68
114	180	443	255	122	83	47	68
115	175	461	238	113	83	45	74
117	184	474	241	111	83	42	70
119	163	372	217	107	78	42	70
110	132	350	189	104	74	38	72
116	144	346	178	97	59	36	77
133	157	356	174	88	65	39	71
137	164	408	224	113	73	48	73
132	151	357	220	115	82	50	74
133	145	363	224	112	103	53	81
144	146	380	230	117	113	54	85
130	135	365	224	116	109	50	88
169	166	332	178	91	102	49	98
179	173	341	169	90	101	46	98
184	182	388	194	93	81	42	91
173	178	374	182	97	71	40	84
199	191	393	209	98	68	42	96
159	151	369	207	105	73	32	83
148	148	387	198	99	68	32	83
140	142	331	175	99	62	34	79
142	136	326	178	93	69	34	73
126	120	301	185	98	70	36	65
130	134	306	175	101	74	38	67
127	129	293	177	108	75	38	71
134	124	314	165	103	73	36	73
130	121	300	156	101	67	39	76
114	137	367	151	105	70	35	67
103	137	372	142	100	65	33	65
109	136	356	151	90	63	33	62
115	146	346	152	93	68	36	75
121	148	359	163	98	93	32	73
114	127	296	136	86	93	36	71
120	105	261	133	81	91	36	70
129	103	253	164	102	108	41	74
115	85	249	174	100	112	38	63
123	85	322	177	97	93	40	65
127	97	363	189	98	89	41	62
123	108	355	193	98	90	41	69
112	115	348	168	78	69	38	69
116	120	415	211	89	79	40	66
101	118	365	222	96	90	45	74
91	111	309	211	91	90	41	74
94	104	312	220	103	90	41	83
104	92	309	208	103	90	40	80
100	106	225	158	94	79	39	79
94	108	223	133	91	62	29	68
95	100	221	126	104	90	31	67
101	109	199	102	92	90	30	69
87	107	199	105	89	90	29	73
93	96	209	111	87	82	28	74
110	112	259	110	90	93	28	80
115	121	251	126	78	75	27	84
106	108	250	124	76	84	30	80
104	114	266	123	71	83	33	75
107	127	258	114	72	85	33	73
103	118	197	114	67	86	35	84
99	108	204	104	83	81	38	83
121	117	210	111	88	80	35	83
129	124	219	138	99	84	35	82
129	135	233	152	111	86	35	82
128	139	246	155	110	89	37	74
131	138	230	147	101	97	36	80
117	140	230	149	97	99	38	69
108	128	217	142	99	97	36	67
120	102	195	133	83	96	38	71
122	94	169	127	82	84	32	76
119	94	174	136	76	78	29	68
127	84	170	146	87	72	30	73
136	100	164	138	84	71	30	75
119	93	144	133	89	70	27	72
110	84	124	131	87	69	30	63
142	117	157	137	87	61	29	66
136	121	208	130	82	56	31	72
133	117	212	123	80	55	31	71
139	140	212	149	87	83	35	82
159	140	236	172	100	84	38	89
129	139	227	175	109	87	41	90
134	135	217	194	115	86	41	86
128	127	203	198	112	97	42	100
141	119	219	189	112	76	40	98
126	124	332	213	116	77	37	91
132	97	327	224	126	88	39	102
140	99	311	233	132	94	38	106
154	113	406	247	136	88	42	97
144	123	436	250	127	85	40	95
145	139	366	218	115	81	39	97
156	142	370	212	118	69	36	95
147	140	369	185	106	59	36	97
130	137	329	179	100	50	28	94
127	123	376	229	126	58	33	94
124	101	365	242	133	64	38	101
109	103	367	234	117	60	37	90
100	104	382	234	115	62	38	81
108	129	366	233	112	63	41	84
119	149	438	217	87	61	39	110
130	164	446	212	75	57	34	102
130	161	445	209	71	58	37	111
130	167	435	205	66	54	34	109
146	180	414	197	73	53	31	109
136	162	219	147	74	48	30	95
123	144	214	156	87	61	63	100
135	166	305	187	103	68	63	91
137	197	334	191	109	71	63	91
124	222	330	191	108	71	66	92
133	223	339	189	103	70	73	138
138	252	379	188	91	56	48	138
127	251	378	159	73	47	48	137
131	236	374	167	70	43	49	148
148	198	387	174	88	53	50	184
142	203	388	175	95	63	43	145
145	187	362	173	92	63	44	149
150	187	439	199	92	62	44	154
148	220	436	198	87	61	42	147
170	223	431	189	70	54	42	113
165	229	448	197	69	43	39	113
155	227	443	195	72	46	39	101
152	235	300	181	82	50	41	101
160	222	302	172	86	52	43	144
114	215	320	175	85	50	39	130
116	213	323	175	81	51	38	130
118	232	303	160	90	54	37	133
149	252	337	171	90	55	35	136
149	271	332	182	89	54	36	106
148	289	311	181	93	57	34	119
151	281	300	170	88	54	36	127
149	266	311	183	80	48	39	126
116	239	303	154	69	45	37	123
120	233	290	148	72	46	36	111
122	222	290	151	73	43	34	102
126	224	263	153	82	45	34	90
125	234	267	140	81	45	30	90
131	233	308	146	81	44	33	99
119	190	306	155	80	47	32	105
118	167	345	176	78	48	36	105
115	174	375	184	72	48	36	112
112	186	446	201	71	47	35	109
113	171	405	205	75	48	36	108
127	164	450	206	80	47	36	115
131	169	425	197	75	45	34	113
137	179	436	202	78	44	37	118
144	145	379	185	78	44	38	123
145	141	368	180	75	46	44	121
122	140	338	173	63	42	43	108
123	169	347	172	69	42	42	126
119	147	349	209	77	47	43	124
121	151	399	216	76	50	45	131
127	156	409	215	78	48	37	139
132	157	383	210	87	55	41	147
126	133	361	212	95	56	41	132
120	130	343	190	89	59	42	126
120	113	267	187	92	58	38	120
97	113	244	186	96	58	39	104
94	113	273	191	93	56	42	107
94	93	305	192	85	56	65	126
102	98	284	163	86	49	63	131
107	101	275	158	88	48	65	143
113	102	283	156	88	53	67	147
120	113	264	155	84	53	64	142
115	116	332	137	95	72	43	132
105	109	340	142	95	75	42	126
95	125	345	152	96	74	38	104
101	158	350	174	99	73	40	96
110	166	338	196	113	78	46	119
122	169	277	202	114	78	49	123
134	185	269	195	111	76	65	124
138	195	350	221	120	78	65	128
128	173	361	208	129	79	63	144
120	157	408	193	134	83	59	120
146	159	391	190	130	71	63	124
144	141	461	192	135	81	43	123
135	109	406	145	128	85	45	122
139	98	391	147	125	85	46	111
160	99	360	141	113	78	49	133
136	89	434	134	106	80	39	120
128	107	423	156	103	81	42	119
135	113	435	197	140	79	39	116
132	115	439	198	139	106	39	115
97	118	468	203	142	108	40	93
91	118	416	211	145	109	47	94
90	95	422	213	144	101	46	91
95	117	402	200	121	99	48	95
105	116	416	207	117	79	50	108
124	119	411	204	110	95	52	128
120	119	440	195	110	93	48	127
126	144	400	185	107	92	47	130
116	119	418	164	98	104	48	142
111	135	424	157	94	115	50	128
109	133	405	158	108	112	47	134
113	134	374	167	122	115	47	136
107	117	351	160	128	122	51	143
109	117	370	167	126	120	51	134
106	96	363	180	132	105	47	137
102	101	347	191	129	99	44	107
102	110	328	205	135	129	51	110
103	103	318	209	146	140	51	108
148	156	473	254	181	145	56	125
158	166	507	244	177	143	53	125
155	162	503	227	176	146	59	120
156	159	494	203	168	139	55	116
163	187	585	224	159	123	53	108
123	143	427	167	124	152	45	77
129	134	371	158	127	154	46	71
126	131	457	207	127	157	39	89
141	137	486	239	135	144	37	92
154	114	369	210	134	152	41	105
156	113	384	207	125	113	43	118
141	112	380	212	131	108	41	130
141	119	321	197	134	94	42	124
121	114	281	194	124	84	42	126
100	92	282	206	132	81	47	129
98	91	254	204	128	78	46	117
95	93	266	204	120	76	46	102
87	85	229	183	148	90	46	110
97	86	226	168	158	112	51	105
92	89	276	165	149	105	47	86
89	120	349	215	154	104	46	87
88	122	363	232	171	112	46	88
103	120	356	227	147	99	46	81
89	121	357	223	141	83	41	77
91	128	313	238	157	87	45	88
85	97	236	212	164	96	47	86
102	101	209	196	143	87	47	83
94	102	214	216	146	90	43	72
104	89	264	214	137	82	43	78
100	78	265	192	117	70	32	61
105	83	275	189	104	57	30	64
91	68	301	183	109	52	27	62
96	87	287	161	93	49	32	87
106	90	254	145	88	43	32	87
105	96	317	154	88	45	33	89
103	94	314	161	96	46	34	87
109	102	277	171	90	51	37	113
131	99	268	160	91	48	36	102
122	97	248	185	104	60	36	103
125	90	257	190	105	66	36	105
139	150	335	184	102	66	37	111
136	154	357	184	105	62	34	93
121	157	410	191	101	63	32	84
126	172	448	222	111	65	37	82
135	189	414	224	128	77	41	85
173	168	357	216	134	85	44	82
184	167	407	233	134	84	44	85
179	173	385	256	140	86	43	94
184	189	394	227	120	75	38	101
187	174	379	219	103	59	32	106
145	163	381	236	95	53	33	111
169	177	329	243	105	58	36	110
187	173	304	223	105	57	42	115
207	152	235	211	108	65	44	122
197	166	300	247	113	70	47	114
204	158	312	234	111	68	42	106
186	163	328	218	103	66	41	105
202	178	348	221	98	68	37	94
174	179	406	246	103	67	41	82
178	185	424	245	116	74	47	87
212	191	411	237	114	75	51	115
242	179	377	218	110	74	51	135
214	171	357	246	115	82	54	135
217	202	310	235	115	80	51	131
216	198	228	208	90	69	45	135
177	201	220	209	91	69	47	138
200	201	267	221	94	72	53	115
207	206	294	178	84	63	53	118
215	216	350	225	102	73	55	134
235	230	345	224	112	78	79	143
380	226	353	224	113	78	100	177
403	220	360	249	116	77	100	206
409	230	335	259	123	74	100	213
411	206	257	211	104	63	99	212
405	182	267	197	104	64	95	210
299	181	265	201	97	65	120	207
290	193	248	164	94	64	122	201
279	181	250	143	84	62	121	193
272	177	354	171	93	64	125	194
272	180	341	177	79	59	116	186
244	191	351	182	84	51	64	140
170	203	430	199	88	54	58	146
170	205	442	220	91	63	67	150
158	199	365	194	74	58	59	142
155	207	390	209	81	64	87	141
232	238	419	207	80	66	90	142
230	229	325	189	74	61	87	118
230	217	312	214	85	57	81	131
232	214	314	210	83	62	90	124
253	207	295	190	78	54	65	128
198	183	242	193	77	52	62	134
188	190	223	190	72	54	62	121
180	196	218	139	55	69	65	100
180	198	240	143	59	66	53	101
147	210	236	144	57	65	45	92
130	226	223	132	67	73	48	77
118	210	225	123	69	76	57	91
128	214	242	127	70	70	66	102
119	226	253	155	75	71	65	100
100	220	251	175	89	77	68	101
98	201	257	191	92	72	66	111
87	216	367	211	91	72	60	96
90	215	368	222	98	66	49	86
112	232	347	201	95	64	51	86
115	233	340	180	82	65	48	114
121	233	365	161	74	63	47	106
125	230	272	138	74	58	45	106
117	246	267	124	69	59	40	113
108	206	262	122	69	65	41	114
110	196	266	132	72	60	41	85
106	182	234	135	69	59	42	83
118	203	272	144	67	57	43	86
123	185	261	149	68	56	42	76
120	191	259	147	66	69	49	99
132	185	250	135	60	67	47	102
137	233	317	154	59	68	45	98
129	212	286	143	63	72	47	92
125	217	293	140	57	86	46	94
123	213	299	142	58	87	62	90
125	241	357	160	61	85	63	92
125	223	392	192	76	89	64	120
125	224	378	195	74	87	64	120
119	216	385	219	77	71	66	120
128	238	413	228	84	55	43	115
113	238	404	247	94	64	44	115
120	224	351	223	92	62	45	99
123	218	347	224	93	64	43	111
131	237	360	224	94	65	40	111
123	218	345	221	87	63	41	105
127	200	326	195	79	56	38	102
108	189	278	192	76	58	37	90
106	187	316	191	73	59	44	113
96	149	298	177	80	58	42	108
136	255	333	209	93	62	45	107
141	263	314	213	103	68	46	112
156	270	351	207	99	67	50	119
153	268	346	217	100	64	47	98
166	292	359	228	97	63	49	108
150	232	324	195	87	61	52	116
152	214	344	201	84	60	54	121
140	197	323	205	87	63	52	121
143	208	322	202	87	64	49	110
139	186	302	183	84	69	48	97
122	163	328	187	82	75	54	120
106	168	323	176	69	69	52	114
102	177	360	181	67	68	48	107
116	179	337	182	72	71	50	108
109	177	323	162	68	65	54	116
105	167	275	159	73	61	44	80
111	170	281	157	79	69	46	79
117	185	244	151	81	66	46	83
97	171	282	150	84	73	48	82
97	170	327	178	96	92	46	74
91	169	359	185	104	101	42	76
90	174	360	178	101	98	37	70
91	154	350	166	101	101	40	90
103	163	358	168	96	96	40	92
103	172	340	191	93	103	41	90
113	174	343	191	87	98	45	87
108	160	330	192	84	99	50	87
105	164	319	194	83	101	58	57
103	173	382	283	101	108	79	55
113	159	394	269	96	88	78	70
111	155	374	258	91	84	78	92
112	182	374	283	98	80	78	99
145	179	383	292	97	75	82	118
151	185	343	210	78	74	64	121
167	213	471	236	94	79	68	118
166	215	484	255	102	84	66	103
187	204	506	235	100	92	67	103
168	221	556	252	102	91	52	85
168	234	669	276	104	82	47	84
146	224	586	248	89	78	40	91
146	218	595	230	85	95	40	95
120	210	619	223	83	87	35	92
123	205	594	240	81	87	41	110
118	192	471	205	82	89	43	109
131	175	472	194	81	88	45	103
148	184	446	196	75	70	44	111
159	223	526	223	84	77	47	124
157	232	576	214	99	87	44	112
155	219	576	237	110	92	45	133
148	213	573	234	111	95	51	131
141	211	585	233	115	88	68	126
134	173	501	226	108	82	67	113
138	132	412	193	101	75	69	115
148	128	393	163	83	70	67	100
140	153	416	185	90	74	61	97
133	207	437	213	90	83	40	89
127	207	413	190	97	88	40	87
112	208	428	189	95	85	35	80
110	204	414	191	98	105	38	78
122	188	404	188	91	104	39	82
120	121	348	165	89	109	40	80
117	105	303	166	87	112	41	82
117	105	271	150	80	137	49	89
131	118	258	143	86	152	60	88
134	134	236	153	103	159	71	92
139	132	262	156	107	156	71	100
145	144	314	172	102	155	71	102
151	150	354	195	116	145	68	115
129	146	368	198	112	113	54	111
115	136	344	175	95	102	44	111
114	135	326	169	93	96	47	111
151	142	325	194	103	100	51	121
153	153	297	174	90	101	48	101
149	147	271	183	101	107	49	98
152	142	266	200	107	144	57	96
173	158	281	203	108	144	58	112
137	139	243	169	107	136	54	99
129	149	229	165	103	129	55	99
164	150	206	151	93	130	56	109
173	158	257	138	88	90	49	108
146	151	243	131	79	93	46	83
155	181	243	132	80	95	44	83
170	166	241	141	84	98	43	87
162	168	238	140	93	135	50	90
162	160	208	150	97	139	46	94
159	147	247	162	101	140	45	95
154	136	326	178	95	146	45	92
140	135	353	185	105	163	46	89
120	132	364	190	97	128	36	108
109	152	387	180	100	118	36	98
113	168	445	168	100	114	37	101
124	160	404	152	107	110	39	105
140	151	388	142	99	67	38	106
131	149	381	141	95	64	37	75
123	127	369	143	94	67	37	77
119	117	282	152	98	79	43	77
121	115	259	156	89	70	45	78
106	126	253	156	93	77	42	74
113	133	360	223	97	78	42	68
114	168	335	238	100	85	45	73
118	171	316	233	96	76	38	79
111	186	316	230	96	76	36	89
110	180	321	251	102	71	36	97
98	182	268	216	102	80	34	96
125	154	264	199	96	70	32	99
139	152	280	215	103	66	36	112
131	156	275	219	116	69	33	99
129	169	269	199	107	67	32	88
143	175	286	177	106	52	35	93
125	202	322	170	104	49	34	92
109	201	316	176	113	51	32	68
107	202	316	178	105	51	30	69
114	252	392	184	115	60	34	76
97	254	353	195	117	62	34	80
98	232	325	193	119	71	39	80
100	250	323	192	107	69	38	89
113	268	378	226	116	64	40	91
129	273	385	255	108	123	108	97
167	529	400	250	108	186	187	128
167	584	435	262	111	194	194	140
165	601	480	246	108	194	200	137
161	626	441	211	93	196	200	137
150	627	372	178	91	168	181	172
112	497	338	177	87	98	101	150
121	449	357	174	76	74	86	137
120	429	297	182	79	73	74	133
114	376	366	253	104	77	73	131
112	348	375	250	103	67	51	115
112	260	378	242	102	64	42	114
115	258	327	247	116	69	41	112
114	233	380	251	115	71	41	128
117	269	354	175	93	62	40	133
110	267	348	167	96	60	42	103
102	247	353	181	95	56	40	99
85	225	384	155	78	46	37	107
106	231	360	137	82	49	43	102
112	203	331	148	79	49	44	103
107	179	344	142	72	47	39	100
114	266	397	135	73	48	39	99
119	294	479	140	78	50	41	102
106	318	496	174	85	46	33	94
107	304	490	175	98	56	33	98
127	339	479	177	101	57	41	110
119	289	443	175	97	56	41	121
119	272	417	195	98	55	41	112
116	251	387	173	94	53	43	110
127	303	403	170	89	54	48	117
125	296	399	174	83	48	42	110
160	282	427	180	86	48	43	99
155	331	331	165	88	47	41	101
160	323	303	156	76	48	43	135
151	275	283	150	67	38	41	129
145	296	343	159	68	46	41	126
118	315	375	163	77	46	41	135
136	295	361	155	71	46	44	139
131	316	358	153	72	43	40	111
138	331	351	153	77	47	39	110
144	321	300	164	89	48	43	110
258	401	193	156	89	50	48	110
310	385	325	183	92	56	50	128
362	392	429	213	93	61	67	148
390	392	456	219	90	85	84	159
408	383	478	229	96	97	89	173
376	298	482	227	90	99	87	179
411	340	443	237	94	98	85	180
394	354	403	222	92	95	74	176
387	388	368	220	95	70	54	170
390	372	356	195	81	61	45	170
391	375	345	209	86	65	77	172
362	331	324	178	80	68	82	165
345	327	277	190	83	68	82	152
322	277	285	200	93	77	82	158
299	282	264	204	104	82	84	144
319	295	267	184	100	82	57	137
270	282	285	189	96	77	52	119
280	261	290	172	95	78	50	150
279	287	287	159	84	73	51	146
269	293	292	146	62	83	47	157
198	259	346	189	68	84	51	175
184	310	360	186	70	89	51	196
203	295	343	181	69	91	50	184
226	261	350	180	68	90	55	205
232	265	350	193	86	77	55	196
239	289	295	159	83	74	47	173
234	238	315	167	80	70	46	151
217	232	305	167	77	69	49	149
238	226	303	159	78	94	51	126
243	205	338	176	76	89	51	135
243	179	363	177	75	89	71	129
253	211	426	173	81	91	76	161
233	228	463	204	95	94	78	151
183	235	471	208	94	90	78	161
169	235	465	178	81	95	81	154
152	227	458	169	80	94	69	169
131	194	363	176	85	93	72	153
118	175	341	150	74	96	68	149
109	170	328	154	76	80	65	130
120	234	297	176	81	65	64	165
124	258	278	195	83	69	61	161
120	252	242	177	74	65	69	159
116	252	244	165	69	65	72	167
119	267	251	164	65	61	71	167
108	226	258	164	70	68	77	147
102	225	275	146	78	70	81	138
96	253	319	147	93	70	67	136
97	261	295	148	94	63	83	141
94	251	283	140	95	65	84	147
114	245	286	125	87	61	76	137
109	228	289	130	79	64	70	136
105	198	258	151	61	85	71	130
108	185	329	174	68	153	61	113
109	178	351	180	97	167	59	96
93	209	342	185	102	171	60	101
103	207	373	186	103	178	60	104
137	208	369	167	104	178	60	106
135	204	329	174	106	134	47	115
135	199	335	169	82	122	48	128
138	180	354	163	87	122	45	114
149	192	312	176	92	107	46	120
135	192	325	196	89	92	46	117
134	195	323	199	87	84	45	123
138	198	294	208	96	108	46	112
140	216	300	221	90	106	53	117
136	213	317	210	89	104	53	112
123	222	299	207	94	107	51	113
128	211	336	199	89	104	54	134
118	205	384	199	81	69	52	129
123	209	381	185	82	62	48	128
114	207	396	189	85	59	49	130
117	200	445	223	98	55	48	136
132	239	414	217	105	69	45	125
133	247	401	213	107	86	50	128
128	228	420	232	133	103	52	149
143	216	390	256	161	112	52	163
140	212	343	215	158	114	61	153
126	169	344	215	158	127	96	143
131	182	339	220	163	120	95	144
132	202	340	214	141	110	95	123
123	216	364	193	116	124	96	118
128	215	368	226	118	131	95	137
132	228	454	255	126	112	62	138
137	209	497	264	134	115	61	138
141	218	483	280	143	111	61	180
134	202	488	285	136	87	58	170
129	203	485	252	139	84	59	158
133	213	480	267	150	81	56	153
121	212	434	256	142	99	53	157
108	154	412	222	131	112	53	114
122	239	387	204	134	116	53	115
127	247	451	211	125	110	43	110
112	239	392	176	120	113	47	114
116	248	465	194	123	103	52	108
119	255	492	211	129	98	51	105
115	195	528	254	147	109	51	99
119	210	537	291	172	128	59	103
127	228	520	271	162	133	60	113
129	215	458	263	163	133	53	112
147	223	456	264	159	130	54	113
141	222	429	234	141	119	52	112
133	197	501	222	117	107	44	122
123	178	534	223	113	102	44	102
126	211	531	228	104	86	44	114
100	211	598	238	112	82	41	113
95	253	645	237	117	87	42	124
112	250	625	205	104	87	42	133
141	238	641	208	99	79	39	158
154	211	651	189	92	88	39	147
153	201	616	177	107	103	41	146
164	162	570	181	133	126	50	137
159	191	540	202	136	124	53	123
142	205	498	220	149	133	54	104
131	218	465	236	154	132	54	115
146	217	463	229	156	133	57	129
136	199	451	226	147	122	53	138
131	172	371	213	154	118	51	132
128	189	383	241	157	108	50	120
121	195	421	243	165	109	51	106
117	192	393	240	151	110	49	102
110	200	494	259	137	100	46	93
104	206	491	264	143	101	44	90
101	173	472	220	128	109	41	89
99	142	483	208	125	115	42	97
87	137	470	241	147	116	43	84
94	103	380	227	146	116	46	92
91	81	379	229	139	116	46	103
108	113	378	229	139	115	49	122
119	121	313	218	130	107	46	115
122	117	312	231	127	102	44	115
122	121	294	220	126	99	43	113
119	124	276	203	117	94	43	105
102	97	312	229	127	90	44	82
108	116	332	264	149	96	48	105
99	148	342	232	138	86	46	99
96	150	324	228	140	85	46	104
101	150	337	229	138	84	46	107
105	160	378	209	131	84	45	116
101	157	375	176	115	78	38	96
100	138	376	172	120	75	37	102
98	142	420	179	121	71	32	91
94	137	413	189	139	77	35	85
112	163	360	190	147	86	43	78
105	158	381	219	157	91	47	79
105	157	415	215	144	89	47	78
113	150	379	202	136	87	48	73
115	171	379	191	121	80	46	74
101	162	372	191	109	63	39	76
94	163	345	139	80	51	37	100
99	165	253	115	75	47	36	95
96	169	280	118	72	46	36	107
92	155	282	126	70	52	33	109
81	155	328	151	64	63	30	108
83	154	384	158	61	61	29	84
80	169	426	169	65	60	32	88
70	165	404	172	68	62	31	71
86	167	406	178	87	64	47	110
85	145	351	168	96	58	48	109
90	155	293	169	105	66	51	117
96	138	227	159	101	64	49	119
102	141	289	163	120	74	51	128
90	132	302	176	121	78	42	105
90	135	322	170	116	77	42	101
88	129	322	168	109	70	38	92
72	125	348	177	113	74	39	85
76	123	346	187	95	64	41	95
75	124	341	175	82	52	38	95
83	164	351	161	80	48	37	103
78	161	381	166	92	50	38	105
89	165	462	187	96	52	37	102
95	170	435	171	95	51	31	85
96	171	424	158	86	49	33	76
93	149	443	170	84	48	31	67
95	150	426	169	79	47	32	62
84	138	311	138	72	43	31	67
85	129	324	132	69	52	35	67
89	133	406	161	100	64	35	76
86	142	367	167	115	71	36	86
85	157	366	170	114	70	35	93
100	160	373	171	114	69	38	98
89	166	371	170	113	63	34	99
87	165	321	175	95	52	35	91
93	151	337	159	77	41	35	85
114	136	318	145	72	41	40	96
107	137	332	141	70	41	38	101
111	131	343	171	100	46	41	105
114	139	337	218	128	51	39	102
116	123	318	224	130	52	41	108
105	107	319	224	128	54	39	101
103	114	317	242	131	55	41	93
97	121	307	251	115	50	36	81
161	129	277	212	90	47	37	108
179	143	263	201	84	44	35	106
175	143	267	202	83	54	47	107
183	140	289	186	84	52	47	105
186	147	257	166	91	56	51	105
131	126	249	132	73	55	52	86
108	111	261	147	78	63	56	90
112	115	258	189	92	55	48	86
99	126	204	201	99	58	48	88
98	122	199	193	92	60	48	114
103	128	194	197	94	59	46	110
98	135	195	191	92	50	44	106
88	133	197	145	77	46	39	103
86	129	220	123	58	43	38	101
73	116	215	124	57	33	33	70
63	109	215	128	52	33	33	81
53	111	207	138	55	31	30	79
54	138	203	150	55	30	30	77
50	150	181	176	64	31	31	76
57	153	296	175	66	32	32	75
58	153	308	172	70	39	33	55
56	141	308	164	68	39	29	91
56	144	299	151	70	46	34	96
64	150	298	113	60	47	32	99
75	171	193	112	58	56	34	100
75	180	161	119	61	53	35	107
82	186	166	136	76	97	51	105
92	165	181	140	76	102	54	105
87	141	179	153	87	108	56	111
76	129	174	156	86	105	56	115
76	114	182	155	87	105	55	112
75	116	176	144	83	90	43	92
65	120	175	173	88	90	37	93
67	120	165	166	78	82	34	84
65	114	176	168	81	82	33	81
63	116	168	162	80	83	34	87
59	117	163	167	74	69	33	78
