0	1	2	3	4	5	6	7
22	19	23	24	19	22	19	24
18	20	24	26	20	23	19	25
18	20	24	25	19	21	22	23
17	21	25	26	19	21	22	24
19	23	23	26	20	21	22	22
21	22	24	25	21	19	23	22
21	21	25	24	21	20	22	21
22	22	24	25	22	20	22	23
23	23	23	23	21	22	22	23
22	19	23	23	22	22	23	23
21	21	21	23	21	22	24	23
21	22	20	22	21	20	24	23
21	22	21	21	21	22	22	22
19	23	22	22	21	19	22	22
18	25	20	23	19	19	23	22
19	25	22	22	21	21	23	21
20	24	22	22	22	21	24	23
20	24	22	25	22	22	24	22
22	21	23	24	23	22	24	19
21	19	23	23	23	22	24	20
20	19	23	24	23	21	22	22
19	20	23	24	20	23	24	21
21	21	24	22	20	21	23	23
20	20	25	23	21	22	24	24
22	20	26	22	21	23	23	26
22	19	27	21	21	23	22	25
22	19	26	20	21	21	21	25
20	20	24	19	21	21	22	25
21	20	25	19	20	22	20	24
22	20	23	19	19	23	20	22
22	20	22	18	20	22	22	23
21	20	23	19	21	23	21	22
22	19	24	20	21	23	19	20
23	23	22	21	21	21	20	21
21	24	23	21	22	19	21	21
21	24	22	23	22	21	18	20
22	25	23	22	23	21	22	20
20	25	20	22	22	21	22	22
20	22	19	22	22	24	23	22
21	22	20	22	23	23	23	23
21	24	20	20	20	23	25	24
20	21	19	23	21	24	22	24
24	21	22	22	22	24	23	24
24	21	22	21	22	22	23	24
25	21	21	21	21	23	24	24
25	21	21	21	21	24	25	22
26	21	24	20	19	24	25	21
23	21	23	20	19	24	23	20
21	23	23	19	20	22	24	20
20	22	23	19	19	22	23	20
20	23	23	20	21	21	23	22
21	24	22	18	22	22	22	22
21	24	20	19	21	22	23	22
22	23	21	22	21	24	22	21
22	24	23	22	21	23	22	23
22	23	21	23	20	22	20	20
20	22	21	23	22	22	19	21
21	20	24	24	23	23	21	22
20	21	23	23	23	23	19	23
21	21	23	23	23	23	19	20
21	21	24	22	22	23	21	23
22	22	22	22	20	22	20	24
22	24	21	22	20	21	19	24
23	22	23	19	20	21	20	23
21	22	24	23	20	21	19	24
21	23	24	22	22	22	19	23
21	23	24	20	21	23	19	20
22	23	24	21	21	23	20	22
20	24	24	23	22	22	20	23
21	23	22	21	22	21	22	22
22	23	21	21	20	20	22	22
21	23	24	21	19	20	22	26
19	24	24	20	20	19	22	24
19	22	24	19	20	19	23	21
20	23	25	21	20	22	20	22
21	21	25	21	21	22	19	23
21	21	22	21	23	23	20	20
22	19	21	20	22	25	19	22
23	20	20	20	23	26	19	23
22	19	21	19	25	24	21	23
24	21	22	20	25	24	22	22
25	20	22	20	25	26	22	22
24	22	23	20	26	24	23	20
24	21	23	20	26	22	23	19
23	22	24	21	24	22	21	20
22	21	23	21	24	22	22	21
22	23	23	21	22	20	23	22
22	22	24	21	23	20	22	24
23	26	24	21	21	22	21	24
23	25	23	21	21	22	23	23
23	26	22	23	21	22	24	23
23	25	25	22	22	23	21	22
21	25	25	22	21	23	20	20
21	23	24	23	22	21	22	19
22	24	25	23	21	22	23	20
20	22	25	23	22	22	21	19
22	22	25	23	20	21	22	18
22	22	23	24	21	24	23	20
21	21	23	23	21	24	23	20
20	20	21	22	20	23	22	21
20	20	21	22	21	23	22	20
17	20	24	22	21	24	22	22
16	20	24	20	22	23	22	21
16	22	25	20	20	24	22	23
16	21	24	21	21	23	21	22
18	22	25	22	21	24	21	23
20	22	21	22	21	23	20	22
21	23	21	21	21	22	20	22
21	23	20	22	23	22	19	21
22	24	21	20	23	23	19	20
23	24	23	21	21	20	19	21
21	23	24	20	22	21	19	20
22	24	24	20	20	20	19	20
23	22	25	21	20	21	18	21
23	22	24	20	22	21	17	20
23	22	22	19	26	23	18	19
23	22	22	19	27	24	18	21
24	22	22	20	28	23	19	23
24	25	21	21	28	22	19	22
23	24	23	22	27	21	21	23
22	23	21	21	24	20	21	23
21	23	22	20	22	21	21	21
19	22	22	22	21	21	20	20
19	21	22	19	21	21	19	22
19	22	21	19	19	22	18	22
22	22	22	21	20	23	17	23
22	21	20	21	21	21	19	24
22	23	21	20	22	21	22	24
23	22	20	21	22	22	23	22
23	22	21	20	23	22	22	21
23	23	21	19	23	21	23	22
25	23	22	20	22	24	23	20
25	22	21	19	21	23	20	19
23	23	22	20	18	22	19	19
22	23	22	21	21	22	20	21
22	23	22	21	22	23	21	20
21	22	22	20	23	21	20	23
19	22	23	21	24	22	21	24
22	21	23	20	24	23	21	25
23	21	23	20	21	22	21	24
21	22	24	20	21	22	20	23
20	22	25	20	23	20	20	21
21	21	26	22	21	19	20	21
19	21	26	21	23	18	20	20
20	20	24	21	25	17	20	21
21	19	23	21	26	18	20	20
22	20	23	21	24	20	22	21
23	21	21	19	24	20	21	20
23	21	22	20	24	21	22	21
23	21	23	20	22	22	21	20
25	21	22	20	20	21	22	21
24	22	22	20	22	20	20	22
23	23	24	22	25	19	20	23
24	24	22	21	23	17	21	22
24	24	24	23	25	19	20	22
25	24	22	22	26	18	21	24
25	23	21	22	26	20	20	22
26	22	21	20	24	21	21	22
26	21	22	21	25	22	21	22
24	22	23	21	24	22	23	23
21	21	25	23	22	23	22	23
22	20	24	22	21	24	22	23
21	21	24	22	20	25	21	23
18	20	23	23	20	24	21	23
20	20	21	21	20	23	19	22
20	21	22	21	19	23	20	21
20	21	25	21	19	21	20	21
21	22	24	20	20	19	21	23
23	22	24	20	22	19	20	22
22	23	23	21	21	19	20	22
22	22	23	19	23	19	20	24
23	23	23	21	23	21	20	25
22	22	24	22	23	21	19	26
24	23	25	22	23	21	19	25
25	21	25	22	24	22	21	24
25	22	27	23	23	22	19	23
24	21	24	23	23	22	20	26
25	21	24	22	22	22	21	23
22	21	23	21	21	22	21	24
21	22	22	21	19	21	21	25
22	22	20	22	19	21	23	26
23	24	21	22	19	23	22	22
21	24	25	21	19	22	24	23
22	23	24	22	19	22	24	24
23	23	25	23	19	22	24	23
22	23	25	24	19	25	24	21
21	22	24	24	18	23	26	22
22	23	22	26	19	24	22	19
21	24	23	25	20	24	22	20
23	24	26	26	22	25	22	20
23	24	24	25	20	22	21	22
22	25	25	24	23	24	19	22
24	25	26	25	24	25	20	22
24	24	25	24	24	26	22	24
22	24	23	24	24	25	22	24
24	24	24	24	26	26	21	23
23	23	23	23	25	25	23	23
22	22	21	22	24	23	23	23
20	22	23	22	23	21	25	20
22	21	21	22	22	20	25	20
20	21	23	20	21	17	25	21
20	20	24	21	21	18	24	20
18	20	23	21	22	19	24	22
20	19	21	20	22	21	19	22
19	20	23	18	23	23	21	21
22	20	22	21	24	25	21	22
23	21	22	20	22	25	21	23
24	22	22	19	23	25	21	22
22	22	23	21	21	23	21	22
23	23	22	22	21	23	20	23
20	25	21	22	20	22	21	21
20	24	22	21	21	20	23	22
19	24	22	21	23	21	23	24
19	24	22	22	24	20	23	22
17	23	22	22	24	18	23	23
17	24	21	23	24	18	22	24
19	24	21	24	23	20	19	24
20	24	21	24	22	20	19	22
22	24	20	22	21	21	20	23
23	25	21	22	20	22	20	22
25	23	21	21	19	23	21	21
24	23	20	20	21	22	21	20
24	23	21	21	20	21	21	20
26	24	21	20	22	20	21	20
24	22	23	22	22	21	20	21
24	22	24	20	24	20	21	22
26	22	25	20	21	22	20	23
27	22	24	19	21	22	20	23
23	19	26	20	19	22	22	21
24	20	23	19	21	23	23	21
24	20	24	21	20	23	22	20
22	19	23	22	22	22	24	19
20	20	23	22	21	23	25	17
20	20	21	23	22	24	23	17
20	21	21	25	20	24	22	18
19	22	19	24	22	24	23	16
20	23	21	23	20	25	21	17
22	23	21	23	21	26	22	18
23	25	22	24	20	26	21	18
21	25	24	21	20	25	22	18
20	23	23	22	20	24	20	21
20	22	23	22	22	22	22	19
20	22	23	25	23	20	21	20
20	21	23	24	23	23	23	20
21	21	24	23	25	23	25	20
23	22	24	23	24	23	25	19
22	23	24	22	24	24	25	21
22	24	23	22	21	26	25	22
22	24	23	21	23	23	24	22
23	22	21	22	21	23	21	24
23	23	20	23	22	23	22	25
23	22	19	22	22	22	22	24
22	21	22	21	23	20	22	23
22	20	21	22	21	22	22	22
23	22	23	21	21	23	23	21
23	23	22	20	21	23	22	22
23	23	24	21	20	25	21	22
24	24	22	21	21	25	21	25
23	23	23	20	22	25	21	24
22	22	21	21	23	24	19	23
24	21	21	20	23	24	20	22
23	22	23	20	24	22	20	22
23	21	24	20	22	22	19	18
23	21	23	21	24	22	19	20
22	21	23	21	23	21	20	20
21	20	23	22	22	22	20	20
22	21	20	22	23	22	21	21
21	22	21	23	23	22	20	21
22	25	20	22	23	20	20	22
25	25	20	22	22	21	19	23
23	25	21	23	23	21	17	23
24	25	23	23	23	20	17	22
24	25	22	23	23	20	18	22
23	21	23	23	23	22	20	21
20	22	25	22	22	22	22	19
19	21	26	21	22	21	23	19
20	22	25	22	22	24	24	19
20	22	26	20	21	24	24	20
20	22	25	20	19	23	24	20
21	20	22	22	21	24	24	23
23	21	21	21	21	24	23	24
21	20	23	22	22	22	23	24
22	19	24	21	24	23	20	24
23	20	24	23	24	23	20	27
23	21	26	22	24	22	18	25
23	22	26	22	23	22	19	25
25	24	25	20	25	23	20	23
23	23	24	22	24	23	23	25
24	23	23	22	23	24	22	24
23	23	22	22	22	24	22	24
23	24	21	24	26	24	22	25
21	23	21	26	24	22	21	25
22	23	20	26	25	23	22	23
22	25	22	25	26	22	21	21
23	24	22	25	27	22	22	22
23	22	25	24	24	22	22	20
23	21	25	22	22	23	23	21
22	22	24	23	21	21	22	23
22	20	23	22	19	23	23	24
23	20	21	21	19	22	24	23
22	21	19	23	20	21	24	24
24	22	19	22	20	22	23	22
24	23	20	21	20	21	22	22
24	23	21	22	20	20	23	22
23	24	23	23	21	22	23	22
25	24	24	21	19	23	21	20
23	22	25	21	20	22	21	22
21	22	23	21	21	22	21	20
21	23	24	20	21	24	20	20
20	22	24	20	20	24	17	21
19	22	23	20	22	23	18	21
20	25	23	20	21	24	19	20
22	25	23	19	21	24	17	22
23	24	23	20	22	22	19	21
23	24	25	19	21	21	21	20
26	24	25	18	22	20	21	22
24	23	24	19	22	18	20	22
22	23	25	21	22	19	24	22
22	24	23	19	21	18	24	23
22	25	22	23	21	19	24	24
18	24	22	25	20	22	23	23
19	25	21	24	19	22	23	23
21	23	22	23	19	22	21	23
19	24	22	25	20	25	23	35
21	24	23	20	22	25	23	39
22	23	22	20	23	23	22	40
22	23	23	23	22	25	23	40
20	23	23	23	22	25	22	40
22	20	23	22	21	24	20	30
23	22	23	23	21	24	19	23
21	21	24	21	20	23	21	21
23	21	25	19	22	22	20	23
23	21	26	22	23	25	21	22
22	22	24	22	23	25	19	22
21	20	24	23	22	24	21	22
21	22	23	24	22	25	19	22
22	21	22	25	23	26	19	21
23	21	22	23	23	23	19	22
23	19	23	23	24	20	20	23
22	20	22	23	23	21	20	23
23	20	23	21	23	19	20	22
21	21	22	21	21	18	20	21
22	23	21	21	21	19	21	22
23	24	22	22	22	21	20	19
23	24	23	23	21	21	20	21
25	23	23	24	23	22	20	22
24	23	21	24	23	24	22	22
24	21	21	24	24	26	21	23
24	20	22	23	22	25	23	23
24	20	21	22	22	24	24	23
23	22	22	20	23	24	23	22
24	23	23	23	22	23	22	21
21	24	25	23	21	21	21	21
23	25	23	23	21	21	21	21
23	25	24	24	22	23	20	20
23	24	22	24	23	22	21	21
24	22	24	23	24	22	21	21
26	22	23	24	23	21	22	20
25	22	24	23	23	22	20	20
24	23	24	21	23	22	20	21
24	23	26	20	22	22	21	24
25	24	23	20	22	21	21	24
24	25	25	19	21	23	20	24
24	24	27	20	22	21	20	25
25	22	26	21	22	19	20	25
24	22	25	23	20	20	20	21
23	21	26	21	19	23	20	22
22	22	23	21	21	21	22	22
22	23	21	21	22	21	22	21
21	24	21	22	23	22	23	23
23	23	24	22	23	22	23	23
24	24	25	22	24	21	23	20
26	23	25	22	22	21	22	20
26	23	24	22	22	23	24	19
25	23	25	21	21	23	23	17
23	23	22	22	22	23	22	19
22	22	22	21	21	24	22	20
18	22	23	22	21	24	21	19
19	22	23	23	21	22	19	20
22	21	22	23	21	26	19	24
22	20	24	23	21	25	20	24
23	21	23	24	22	24	20	23
23	22	25	23	24	25	21	23
22	21	24	21	24	26	21	23
22	20	23	21	23	23	22	23
23	22	22	19	24	22	21	22
20	22	22	17	23	23	21	23
22	21	23	18	23	23	21	23
22	21	23	20	22	22	22	22
21	22	26	21	22	22	22	19
21	22	26	22	21	22	23	19
23	23	25	23	23	22	22	19
22	24	24	23	23	22	23	18
21	24	23	22	27	23	20	19
22	26	21	22	27	22	22	21
22	26	21	24	26	22	20	20
20	23	22	23	25	22	21	20
20	22	22	24	27	24	20	22
20	25	23	24	25	24	20	25
20	22	22	24	25	23	21	25
20	21	22	21	27	23	21	25
22	21	21	21	26	24	20	26
23	22	21	22	24	21	20	25
23	20	23	21	24	24	22	22
22	20	23	21	24	24	21	23
23	22	24	20	21	24	20	23
23	22	26	21	22	23	21	23
23	22	25	20	22	25	22	24
23	22	25	21	22	22	20	24
23	22	25	21	21	23	21	22
23	23	24	22	21	23	24	23
22	23	24	22	21	24	24	22
21	25	25	22	21	24	22	21
21	24	24	21	21	24	23	23
20	24	24	20	21	28	23	22
19	22	23	21	22	32	22	23
21	22	22	21	24	35	22	23
23	20	22	22	24	35	23	23
24	20	23	22	24	34	23	22
24	22	24	23	25	32	24	21
25	21	25	21	24	28	22	21
24	21	26	22	25	24	21	21
24	22	26	20	24	24	21	21
23	24	25	20	24	24	22	20
23	23	23	20	24	23	22	21
23	24	24	23	25	22	22	21
24	24	23	22	24	22	22	21
24	25	22	22	26	21	22	19
24	25	22	22	24	20	21	18
24	25	22	22	25	21	20	19
23	24	21	20	25	21	19	18
20	24	20	20	25	22	18	21
18	23	24	21	22	23	20	22
19	22	23	21	22	23	18	24
18	20	24	20	20	23	20	23
19	20	24	20	20	25	21	24
21	21	25	20	22	23	21	22
23	22	24	19	23	25	22	23
22	22	24	20	23	26	22	23
25	23	25	21	23	27	21	22
24	23	24	22	23	27	23	21
23	22	25	22	20	27	23	22
22	21	24	21	20	25	21	21
22	23	23	21	20	25	22	22
21	24	22	21	21	26	22	22
21	25	24	20	20	26	19	22
20	25	25	21	21	25	20	23
21	26	23	23	21	26	21	22
21	24	24	24	21	25	19	19
20	25	24	23	21	22	20	19
18	24	21	23	20	22	22	18
18	25	19	22	20	23	21	18
17	23	21	22	19	23	20	19
19	25	22	23	20	22	23	22
19	25	22	22	19	22	23	23
20	24	23	23	20	21	20	23
21	23	23	23	20	20	21	23
21	24	23	24	24	20	22	23
21	22	23	23	23	21	21	21
20	21	23	24	23	23	23	20
21	23	22	22	24	22	24	22
22	22	21	22	24	21	23	21
23	21	21	22	24	23	22	20
23	24	21	21	24	23	23	22
23	22	24	21	23	22	21	23
23	21	24	22	24	22	22	23
23	21	25	23	23	23	21	23
22	22	25	21	23	23	22	23
21	23	24	22	23	22	20	23
21	23	22	21	24	22	22	22
20	26	25	22	25	24	22	21
19	26	23	20	24	26	22	21
19	26	25	22	24	25	21	22
21	23	24	23	24	25	21	21
22	25	23	23	25	25	20	21
23	23	22	21	25	24	20	21
23	23	23	23	26	22	20	22
24	22	23	22	25	21	23	22
23	22	22	21	26	20	21	21
22	21	22	21	24	21	23	21
21	20	23	22	22	24	22	20
25	21	23	22	21	23	23	21
22	22	24	21	22	23	21	21
21	22	25	23	21	23	21	21
23	21	24	25	19	26	20	21
23	22	24	24	21	23	21	22
18	21	26	24	22	24	20	20
20	20	23	24	21	25	20	22
21	19	24	22	22	26	23	22
20	20	24	21	24	24	22	22
22	19	27	21	23	25	22	22
23	19	24	21	24	25	22	22
24	20	25	21	26	25	25	22
24	21	25	20	25	25	23	22
24	20	25	22	25	25	22	22
22	22	23	21	26	23	22	23
21	22	23	22	24	23	22	23
20	21	22	22	24	22	20	22
21	20	21	24	25	23	21	22
20	20	21	22	24	22	23	22
19	18	22	23	22	22	22	21
19	18	22	23	22	23	22	21
21	20	22	22	20	22	21	20
23	20	22	22	19	21	20	21
24	21	22	22	20	22	19	19
25	19	19	22	19	23	20	20
24	21	18	23	19	22	21	21
23	19	20	21	20	22	22	20
21	21	21	23	21	22	24	22
21	22	21	22	22	24	24	23
23	23	22	22	22	23	24	23
24	23	24	19	23	24	24	23
24	23	23	20	22	24	23	23
24	23	23	18	21	25	22	22
23	25	23	19	22	22	22	23
22	25	24	21	22	24	21	24
21	25	23	21	20	25	21	21
22	26	23	23	20	23	20	22
22	24	22	23	22	23	20	22
23	24	22	22	22	26	21	22
22	23	22	20	22	25	21	22
23	20	22	22	25	24	21	24
22	22	23	21	25	25	22	23
22	24	24	22	22	26	21	22
22	22	24	23	21	23	19	21
23	22	24	23	22	23	18	19
23	23	24	21	23	24	18	18
24	21	22	21	25	23	17	19
25	20	23	21	24	21	20	19
25	22	23	20	24	21	21	19
25	23	24	22	25	20	22	21
25	23	23	22	22	21	22	21
24	23	24	23	22	22	23	20
23	21	23	22	22	22	22	21
23	20	24	22	24	23	23	20
22	20	23	18	20	24	22	20
24	20	23	21	21	22	22	20
22	21	22	21	21	23	22	20
22	22	23	21	20	23	22	20
20	23	22	22	18	23	21	22
19	23	23	24	20	20	22	19
18	22	22	22	19	20	21	21
18	21	22	21	19	18	22	20
22	21	22	20	22	19	20	21
21	22	21	20	22	20	20	21
23	22	21	19	22	20	19	21
25	22	22	19	23	21	22	19
25	22	22	21	23	22	22	23
25	22	24	21	22	21	22	22
26	21	25	20	22	21	22	23
23	21	25	19	22	23	23	24
23	21	26	20	23	23	21	25
23	23	25	18	25	22	20	24
22	25	24	20	24	24	22	23
22	25	24	20	27	23	22	23
21	26	21	21	27	21	21	24
20	26	20	19	26	21	20	24
19	24	19	21	25	22	20	23
20	23	19	23	26	20	20	23
21	24	19	23	21	19	21	22
23	22	22	22	22	19	21	21
22	21	23	23	22	20	22	21
24	22	23	24	23	20	23	21
23	22	23	21	22	20	21	24
24	20	25	24	22	23	19	23
23	21	25	23	23	25	21	24
24	22	25	22	22	24	22	28
23	21	27	22	22	25	21	26
21	22	28	22	22	26	21	24
22	22	26	19	24	25	21	25
22	22	26	19	23	23	20	24
22	22	27	21	24	23	18	23
22	22	26	21	24	23	19	23
22	22	24	21	23	23	19	23
21	22	25	22	23	21	20	23
21	22	25	23	22	22	19	20
20	22	22	23	23	22	19	18
22	23	23	22	23	23	19	18
21	23	24	22	24	21	19	19
21	24	22	22	22	22	20	21
24	26	22	23	23	20	20	21
25	27	22	23	23	20	20	20
23	27	21	23	21	21	22	21
25	24	21	23	22	21	21	22
24	26	23	22	22	24	22	21
24	23	23	20	22	24	22	23
24	24	25	20	22	27	22	24
24	23	24	21	21	27	22	23
23	26	23	20	23	27	22	22
24	24	23	21	22	25	21	22
22	25	23	21	23	25	21	20
21	24	23	20	23	24	22	20
21	22	23	20	23	21	22	22
22	21	24	21	22	22	22	23
23	21	22	21	22	23	24	23
23	21	22	21	23	22	24	24
22	23	20	21	23	21	24	25
22	27	21	20	24	21	23	23
22	26	23	21	23	19	21	22
23	26	24	21	23	20	21	22
23	26	26	21	21	20	21	23
23	28	26	22	19	20	21	23
24	25	26	26	20	21	20	24
23	27	24	26	20	22	20	24
22	28	23	25	22	20	19	23
24	27	23	26	23	21	18	22
23	24	23	27	24	21	20	20
24	23	24	22	24	22	21	20
24	21	23	23	25	22	22	20
24	20	22	24	23	21	23	33
24	19	20	24	23	23	26	39
24	19	20	22	21	26	24	40
23	21	22	24	20	26	23	41
23	21	22	24	20	26	23	40
23	22	22	23	19	26	21	32
21	24	22	23	21	24	20	25
21	24	21	24	21	22	22	22
22	24	19	22	23	20	22	20
23	24	22	21	23	20	25	38
21	24	21	20	23	20	24	37
22	23	22	18	23	20	23	38
21	23	24	18	23	22	22	41
20	21	24	21	22	22	21	41
19	21	24	22	23	21	20	27
21	21	25	22	23	20	21	27
21	20	24	24	22	20	22	26
22	22	24	24	22	19	22	23
23	21	22	22	20	20	23	23
23	22	22	23	18	20	21	23
22	21	22	22	20	22	22	23
23	24	21	23	20	24	21	24
23	24	21	21	21	23	24	39
23	25	23	21	23	23	24	40
24	25	22	20	25	23	23	40
24	25	23	19	23	23	23	40
23	23	24	17	23	22	23	39
23	22	25	19	23	21	21	26
22	23	24	19	21	22	20	25
20	22	22	17	21	21	21	25
19	21	23	19	22	20	21	25
21	20	23	19	22	22	22	25
19	22	22	20	22	21	19	24
20	20	24	21	22	22	21	24
21	21	27	22	22	22	22	23
22	22	25	21	25	23	23	22
21	23	25	22	24	24	21	22
23	23	24	21	22	26	22	34
23	23	23	20	22	24	22	34
22	23	21	21	22	26	21	37
22	23	20	21	19	27	20	38
21	23	21	23	21	26	21	38
23	23	22	23	23	24	20	29
22	24	22	24	23	25	21	41
23	24	23	23	22	23	21	40
23	24	25	22	21	23	22	40
22	22	26	22	18	22	22	41
21	22	25	22	15	23	22	40
21	21	26	20	18	24	20	28
21	22	25	22	21	24	20	27
21	22	24	23	21	23	20	28
21	21	23	22	23	23	23	39
22	22	27	23	25	22	22	39
22	22	24	23	23	23	23	39
22	21	25	21	22	24	22	39
22	22	26	23	23	25	22	37
22	22	24	23	23	25	19	24
21	22	21	23	21	25	20	23
21	21	21	21	22	23	20	23
21	24	24	22	22	23	21	23
22	23	23	19	22	23	21	23
24	25	23	22	23	23	23	38
23	24	23	22	24	22	23	39
22	25	23	23	22	23	23	39
23	22	20	23	20	22	22	40
21	22	23	23	22	22	24	39
18	20	23	21	22	21	22	27
17	20	21	23	24	23	22	24
20	20	23	23	25	25	22	24
20	20	22	24	25	24	22	25
21	22	21	23	24	25	21	41
23	23	20	22	23	24	22	40
23	25	22	22	21	24	22	41
22	25	22	21	22	22	22	42
23	25	24	20	22	24	21	42
22	23	23	22	22	23	21	25
21	23	24	24	22	25	21	26
20	22	24	22	21	24	21	27
20	23	26	23	22	23	22	23
19	24	26	24	22	23	23	24
20	24	25	22	22	23	23	33
18	24	25	20	21	22	23	34
18	24	24	21	21	23	22	33
17	24	24	18	18	23	22	35
18	22	24	20	18	22	20	34
19	23	25	21	19	24	22	40
20	24	25	24	20	22	22	40
22	24	25	22	21	25	22	41
23	23	22	25	22	24	23	41
22	22	22	24	21	24	25	40
23	22	22	23	21	23	23	25
24	21	22	20	21	24	25	25
22	23	21	25	21	21	26	30
25	22	23	23	21	22	27	42
23	23	24	22	21	22	26	43
24	23	24	22	23	21	25	44
23	31	24	24	24	22	23	45
24	31	24	20	23	21	23	40
25	32	24	21	22	21	19	28
27	33	22	23	22	21	21	36
25	34	23	22	22	21	20	35
24	28	22	21	21	23	19	35
25	28	21	21	20	23	18	36
22	27	22	21	21	22	19	36
21	25	22	20	24	25	20	34
23	24	20	22	24	25	20	35
26	22	20	23	25	23	21	36
25	19	21	23	25	24	23	36
25	21	19	24	26	24	25	35
26	20	24	24	24	25	23	29
25	21	23	22	26	25	24	38
23	22	24	23	25	24	23	38
22	24	26	21	26	23	23	38
23	24	27	21	26	25	23	38
22	25	22	18	27	23	23	37
24	24	23	18	27	22	24	28
24	24	22	17	27	24	24	27
24	22	22	18	26	24	24	36
26	25	22	20	25	25	23	37
30	32	21	22	23	23	25	36
29	34	23	20	21	24	24	36
29	34	25	22	21	23	25	34
30	34	25	21	22	23	26	39
27	33	23	21	21	23	25	38
23	27	24	21	22	23	24	39
21	25	24	22	22	23	27	40
23	25	23	21	25	24	26	41
21	25	23	21	25	25	24	26
22	21	24	20	25	23	28	36
23	20	25	20	25	23	26	35
23	21	24	21	25	23	24	35
22	20	23	20	24	23	24	38
26	20	23	22	22	21	24	39
25	23	21	23	22	22	21	43
26	23	21	23	24	23	22	44
28	23	22	23	23	23	22	43
27	23	22	24	22	23	23	42
23	23	22	22	24	25	25	42
25	20	23	22	24	26	26	39
23	23	22	24	22	27	25	39
22	23	24	24	23	26	26	38
23	24	25	27	23	26	25	38
24	23	26	26	23	25	24	46
23	25	27	25	24	23	21	36
24	25	26	24	25	21	21	36
25	26	25	22	25	22	21	37
25	25	28	19	25	22	20	37
25	26	26	21	24	24	20	26
26	25	24	21	24	23	21	40
26	23	24	21	22	24	21	40
25	21	25	21	22	24	22	41
24	22	22	21	23	25	22	40
24	23	20	20	23	23	22	42
22	23	22	20	21	23	22	42
21	24	23	20	23	23	22	41
21	26	20	19	24	24	21	41
23	26	22	19	23	22	21	41
22	24	23	19	23	22	21	40
23	23	22	22	25	21	23	38
24	23	21	20	24	22	24	37
23	22	23	21	23	20	25	38
23	20	21	22	22	21	24	37
24	21	22	23	23	21	24	37
23	22	23	20	22	23	21	25
25	22	22	22	22	23	21	25
25	23	23	23	23	24	21	23
24	23	21	22	23	23	22	37
21	23	22	23	22	24	22	41
22	22	22	23	24	21	23	43
21	21	21	23	25	22	22	43
21	21	19	23	23	20	23	43
21	23	20	24	23	23	24	32
21	21	19	21	23	22	22	27
21	24	18	23	22	24	22	36
20	26	20	23	21	22	22	36
23	28	22	23	23	23	20	37
23	26	23	22	21	21	20	39
24	28	23	23	22	21	21	39
24	27	24	23	22	21	20	28
24	25	22	22	21	22	21	27
22	22	22	21	21	23	22	40
24	24	22	21	23	24	22	40
23	22	20	20	23	25	22	43
23	22	20	19	23	26	23	42
23	21	22	18	22	27	23	42
23	22	20	19	24	25	23	31
20	22	19	20	23	23	21	28
20	21	20	21	22	23	21	24
20	22	20	21	22	24	22	35
19	24	20	23	23	22	22	36
18	23	22	22	22	22	22	36
20	25	23	21	21	24	23	36
20	25	25	23	21	25	22	37
19	26	25	23	21	24	19	28
19	24	24	23	20	24	21	38
19	26	23	24	21	24	21	38
21	23	26	26	22	23	21	39
22	24	25	24	21	24	21	39
24	23	25	24	23	25	23	38
24	23	23	22	22	25	24	39
25	21	25	22	20	26	25	39
22	22	23	22	22	28	24	39
19	21	23	22	23	26	25	39
18	22	24	23	22	25	25	40
19	23	26	24	24	24	24	38
18	23	26	23	23	23	25	42
18	23	25	22	23	23	24	39
20	23	24	22	23	22	25	39
23	22	24	22	22	22	25	39
22	20	22	21	23	24	24	31
24	21	21	22	25	25	24	24
24	21	23	23	23	24	25	36
23	22	23	24	25	24	23	35
22	21	23	22	25	24	24	36
22	23	24	22	24	24	25	37
19	23	24	22	23	25	23	37
20	24	21	20	22	23	22	25
21	24	22	19	21	24	22	25
19	24	21	20	22	24	21	23
20	23	20	21	20	23	23	39
21	22	23	21	22	22	24	39
21	20	24	22	24	24	24	40
21	20	24	21	24	24	24	41
23	22	25	20	25	22	25	40
24	19	27	21	26	22	24	26
22	20	24	20	25	22	22	26
21	21	26	20	26	22	26	39
22	21	26	21	27	22	26	40
21	21	27	22	25	23	26	40
20	22	27	21	25	21	25	39
22	22	26	21	26	22	27	39
21	23	23	23	24	20	24	26
21	22	24	24	25	21	24	37
20	21	22	24	24	20	23	39
19	20	21	23	22	24	23	39
18	22	22	22	23	24	21	39
20	20	24	21	23	24	20	39
22	20	22	20	22	24	22	28
22	21	21	19	22	25	22	26
24	22	23	21	22	24	21	24
25	21	23	22	19	23	22	26
24	20	25	21	19	24	23	23
24	20	25	22	18	21	21	22
22	22	25	23	18	23	22	20
21	23	25	22	19	23	22	23
22	24	25	23	20	23	22	19
22	25	22	22	20	23	22	21
23	25	21	22	22	23	21	33
24	25	23	21	22	23	22	33
23	24	22	21	23	23	23	33
22	23	21	19	24	24	22	34
21	22	23	19	24	25	23	34
19	22	24	20	23	26	24	24
21	23	25	20	22	23	23	24
22	23	24	20	22	26	22	22
20	23	22	20	21	24	23	38
23	22	21	21	22	23	21	39
23	23	20	22	23	24	22	41
22	21	17	23	24	23	23	42
22	23	18	23	23	21	24	42
24	23	20	24	22	22	24	28
23	23	20	23	23	21	24	25
22	21	21	23	23	19	23	21
24	22	21	21	23	21	20	21
23	20	22	23	24	20	21	20
23	21	23	20	23	19	19	21
22	21	23	20	23	22	20	21
23	22	23	20	20	22	21	22
20	21	23	20	21	22	23	20
20	22	23	20	20	22	22	21
20	22	22	21	20	24	25	23
20	22	22	21	19	23	24	24
21	21	22	23	20	24	23	23
24	21	23	24	20	23	21	23
25	24	23	23	20	25	23	26
23	21	23	23	22	24	23	35
25	23	22	23	22	24	23	35
23	24	23	21	22	25	24	37
23	24	24	20	23	25	26	38
22	22	22	20	22	22	24	37
24	23	22	22	22	22	22	27
22	22	23	21	21	21	22	27
23	22	21	21	22	22	22	25
20	22	23	21	22	21	21	24
22	22	23	20	24	23	21	22
22	23	22	19	24	25	22	23
22	24	25	24	24	25	22	32
21	25	25	23	25	24	23	39
22	24	22	23	24	25	23	42
21	26	22	24	23	24	24	42
20	24	25	24	22	24	24	41
22	24	22	20	22	22	23	34
22	23	22	21	21	23	21	27
23	25	22	20	21	25	21	23
23	23	23	19	20	26	21	23
23	25	20	21	21	26	23	38
23	24	22	19	20	27	22	38
24	23	21	21	20	24	22	38
23	21	23	21	21	22	21	40
23	22	24	21	21	22	20	39
24	21	24	20	21	21	15	30
25	22	23	20	22	19	19	40
23	21	24	19	23	20	20	40
23	22	23	19	23	21	21	40
24	24	22	22	23	22	22	41
23	23	23	22	24	22	22	39
21	26	24	23	23	24	22	28
21	27	25	23	22	24	21	25
21	26	27	23	24	24	21	24
21	25	26	23	23	23	21	36
22	26	25	22	22	23	20	38
22	24	24	23	22	20	20	38
25	24	23	23	23	19	21	39
25	25	21	24	19	20	20	40
25	25	22	22	20	22	18	29
24	24	22	22	21	22	18	26
26	24	22	21	21	24	18	23
23	24	20	20	21	24	19	23
23	23	20	20	21	25	18	23
25	24	19	20	22	23	19	21
24	24	21	21	21	23	19	22
21	24	20	20	22	23	20	22
22	22	21	20	21	23	19	22
20	24	24	19	22	20	21	19
19	24	24	21	21	19	20	21
19	24	23	20	20	20	22	34
22	22	24	20	22	18	20	36
20	23	24	21	20	18	22	36
21	23	21	22	21	20	21	37
20	23	23	23	21	20	24	37
21	23	21	23	22	20	22	24
20	24	21	24	19	22	23	23
21	24	21	24	22	21	22	22
23	26	21	24	23	21	22	20
24	25	20	23	24	22	20	20
24	25	22	22	25	23	23	31
24	25	24	22	25	22	22	32
24	23	24	21	23	23	21	33
23	23	23	19	21	23	22	35
23	23	23	21	21	21	22	36
22	23	23	21	20	21	19	25
24	23	20	23	20	20	23	39
23	24	21	25	22	20	23	40
24	23	22	25	22	20	21	41
23	23	22	24	21	21	21	40
23	24	22	25	23	21	23	42
20	23	22	23	24	22	19	28
21	24	21	22	24	22	19	28
22	25	21	23	24	23	22	37
20	24	20	23	24	23	24	36
20	23	22	23	25	23	22	36
23	26	24	23	25	23	23	38
22	24	23	23	25	21	24	37
20	24	22	23	25	21	22	25
22	24	24	20	25	22	24	38
23	24	21	19	23	22	24	38
21	21	19	19	24	23	25	41
22	22	22	20	22	22	28	52
23	23	22	20	23	24	27	53
23	25	23	21	23	21	24	45
21	26	24	21	22	22	27	45
23	25	24	19	20	19	25	41
22	26	21	20	20	22	19	26
21	26	20	19	21	20	23	35
20	26	21	20	20	22	23	34
20	24	21	20	21	22	21	34
20	25	25	24	22	22	23	35
18	25	26	23	22	20	25	36
20	25	27	24	21	19	22	25
20	22	25	23	22	19	24	33
21	26	25	23	23	20	24	39
20	27	23	22	23	21	22	40
23	27	23	21	22	22	23	41
23	27	24	22	21	22	23	42
24	27	23	24	23	24	21	36
26	25	22	23	23	23	22	27
26	23	21	22	23	23	24	37
25	23	22	24	24	23	22	36
24	22	22	22	25	24	23	36
24	22	22	22	22	23	23	37
22	22	28	22	21	23	21	38
23	22	28	22	21	22	18	27
22	21	29	22	23	22	21	27
22	23	29	23	21	22	19	25
22	22	28	22	23	24	20	38
24	23	23	25	24	23	20	39
23	22	23	24	23	24	20	41
23	24	22	25	24	23	21	40
22	26	21	25	25	24	22	41
23	26	23	27	25	20	21	28
22	26	23	24	23	22	25	39
21	26	22	25	25	23	25	37
22	26	22	25	22	24	23	39
22	23	22	23	21	23	23	38
21	25	23	20	23	24	23	38
21	22	22	21	23	23	18	24
20	23	24	20	23	21	18	23
19	23	25	21	23	21	17	22
20	23	25	22	24	24	17	21
20	24	24	21	22	23	16	30
20	25	23	22	22	25	20	36
23	25	23	23	23	25	19	36
24	26	21	21	24	25	21	36
23	24	21	20	26	23	22	36
23	25	21	23	25	23	23	32
23	24	23	25	26	20	22	38
24	25	22	23	25	20	23	36
22	24	21	23	25	20	21	38
24	25	22	25	23	20	21	38
25	23	24	23	24	20	23	47
24	24	22	21	23	22	31	40
22	23	22	22	23	23	31	43
23	23	24	21	23	28	35	53
22	25	22	19	24	41	42	55
22	25	20	18	24	42	42	46
23	25	22	18	24	43	39	45
24	25	21	19	23	43	39	44
23	25	23	21	24	41	36	43
25	23	25	21	22	28	29	42
24	25	25	21	22	28	27	42
23	25	25	21	22	27	23	41
24	25	25	20	21	26	21	41
24	25	24	17	19	26	21	40
22	24	23	17	19	25	19	39
23	23	23	19	19	24	19	40
22	22	22	18	19	24	20	42
19	23	24	17	21	25	22	42
22	23	24	19	22	22	23	42
21	22	24	20	23	23	23	42
21	23	24	19	24	22	26	42
23	21	23	20	23	21	25	40
24	22	22	20	23	21	23	39
23	23	22	19	21	22	25	36
23	24	21	19	19	22	26	35
23	24	23	18	19	22	24	35
23	25	22	17	20	24	25	35
23	24	23	19	20	24	25	35
24	22	24	19	22	23	23	24
25	23	25	20	21	24	23	36
25	21	24	22	23	25	22	36
27	21	25	23	23	23	20	40
26	21	24	22	22	23	22	39
25	24	23	23	23	24	23	44
24	25	23	21	23	21	24	41
23	24	22	18	21	21	25	41
21	24	22	18	24	23	27	38
22	26	22	19	24	25	27	39
22	25	23	19	23	24	26	34
21	25	21	21	25	26	26	37
22	26	23	21	26	26	24	37
20	27	22	22	24	25	24	38
20	25	22	22	25	24	22	37
21	24	22	21	28	24	22	36
20	22	24	21	27	24	22	24
21	19	23	21	26	23	24	36
22	19	24	21	25	23	23	37
21	21	24	23	25	24	23	36
22	24	24	24	21	24	24	37
29	24	22	24	21	26	23	39
29	25	22	23	22	27	20	28
31	24	22	24	22	28	22	27
32	23	23	24	21	26	23	36
31	19	22	23	22	27	23	45
26	20	22	22	21	24	23	44
26	21	23	22	20	24	24	44
24	20	23	21	21	23	23	44
24	19	24	18	22	23	23	45
23	20	22	19	21	22	23	36
23	20	23	18	21	22	22	36
23	21	21	21	19	21	25	37
23	21	23	22	18	22	25	36
23	23	21	21	18	23	25	27
22	24	22	23	20	26	26	24
23	24	22	25	19	25	27	35
22	23	22	24	20	25	24	34
24	24	20	23	21	23	26	36
24	24	22	23	21	24	24	36
24	24	22	23	21	23	23	36
21	23	21	23	21	24	22	23
22	23	23	23	23	24	22	25
20	22	22	23	23	25	20	20
21	23	21	25	23	24	22	20
22	22	24	24	23	23	25	36
22	21	29	22	23	22	25	37
23	23	28	22	23	22	27	38
25	23	28	21	23	22	26	39
24	21	29	21	23	22	25	39
25	20	28	20	21	20	22	26
26	22	23	22	22	19	25	37
25	22	24	21	19	19	24	36
22	22	24	22	20	17	24	38
22	22	24	20	19	18	25	39
21	24	22	20	20	19	25	39
20	23	23	19	19	21	22	28
21	21	21	20	20	22	22	27
21	22	23	19	18	23	22	25
21	22	23	21	19	24	20	36
22	20	23	21	21	25	20	37
22	22	24	22	23	24	21	38
20	21	25	22	23	24	20	38
20	22	24	22	24	23	22	37
19	26	23	22	24	22	22	27
19	26	22	21	22	23	23	25
20	24	23	22	22	26	21	23
20	26	22	22	23	26	22	24
22	25	21	22	21	26	22	40
24	21	23	22	21	26	22	38
23	20	22	24	23	25	21	39
24	22	22	23	23	22	22	40
25	21	23	21	22	24	22	40
24	22	23	22	22	23	20	26
24	23	21	22	22	23	20	26
23	24	21	19	21	22	21	25
22	25	20	19	20	22	22	38
21	24	21	20	20	21	21	38
20	23	21	19	23	21	21	38
20	24	22	18	21	21	21	40
23	23	22	20	21	22	20	39
21	22	23	22	21	23	19	24
23	22	24	21	21	21	22	37
23	23	26	23	18	22	24	37
23	20	26	23	19	21	24	36
21	21	26	22	20	23	25	36
21	19	27	21	22	22	24	36
23	19	25	22	22	23	23	23
22	19	22	22	22	24	22	38
22	21	22	23	22	22	22	37
21	21	21	22	22	19	22	38
22	22	19	24	22	20	23	38
22	24	20	24	22	22	22	38
22	24	21	23	22	22	22	38
24	25	20	21	23	24	22	38
23	25	22	21	21	25	21	38
22	25	21	19	21	24	22	38
22	25	22	18	22	23	24	50
21	23	22	18	22	24	24	41
21	23	22	20	21	23	23	42
22	23	21	19	20	25	24	43
26	21	22	20	21	25	23	42
25	20	21	22	19	23	21	28
25	22	21	22	20	23	23	38
25	20	21	23	20	27	24	35
25	20	21	23	21	28	25	35
22	23	20	23	22	27	26	36
25	61	24	24	24	28	26	35
25	64	23	23	23	28	24	36
25	65	24	21	23	25	24	36
23	66	24	21	25	21	23	37
26	66	26	23	24	24	23	37
23	37	24	20	24	24	24	46
25	30	25	20	25	24	23	39
24	29	24	21	26	24	22	38
25	27	26	23	24	24	23	40
21	25	24	21	25	24	22	48
24	21	20	23	24	24	21	40
23	22	20	23	24	23	22	40
22	23	21	23	23	24	21	45
23	22	19	22	24	25	25	44
25	21	23	21	23	23	26	35
23	20	25	19	23	22	26	34
23	21	26	22	23	21	26	38
24	21	24	22	22	23	27	37
23	20	25	23	21	22	25	36
22	22	23	25	22	23	24	36
20	25	22	25	23	25	26	41
20	24	21	21	22	26	25	39
21	23	24	22	21	24	25	37
20	25	23	22	21	26	24	41
20	24	22	20	21	25	26	52
21	22	22	21	19	24	24	48
23	22	24	22	20	23	24	46
21	24	22	21	20	22	23	44
22	23	22	18	21	21	25	49
21	25	23	20	21	19	23	38
22	24	24	20	21	23	24	38
20	24	22	20	20	23	25	39
21	23	24	21	21	26	26	45
23	23	24	22	21	25	22	38
24	23	23	22	22	28	24	39
25	22	21	19	22	25	22	37
26	24	22	21	24	27	22	50
25	24	21	20	22	26	21	44
23	23	20	22	23	27	21	43
24	22	20	21	21	26	19	42
22	22	22	24	22	28	21	44
22	21	22	23	20	26	23	37
23	23	23	22	21	26	23	37
23	23	24	23	22	25	24	37
21	22	23	23	22	23	25	45
21	22	23	22	22	22	24	45
22	23	24	22	22	25	23	38
22	22	24	23	23	25	22	39
23	23	24	19	21	24	23	46
23	25	24	21	24	26	22	37
23	24	24	22	24	29	21	38
22	25	24	23	25	28	21	38
23	24	24	24	24	28	22	37
23	25	24	23	26	28	20	39
22	23	25	22	23	30	22	40
24	25	25	21	22	27	23	40
24	23	24	20	22	25	23	39
21	24	24	20	21	25	22	41
22	25	25	24	21	26	24	39
24	26	24	24	21	23	24	40
23	24	23	26	23	23	24	39
22	26	23	25	24	23	25	39
23	24	22	24	25	24	24	40
22	23	20	22	24	24	25	38
22	23	21	23	25	23	24	36
22	23	21	21	23	22	24	37
23	21	22	20	22	23	24	37
22	24	22	22	22	22	25	37
22	24	23	23	23	22	22	35
22	23	23	23	21	23	23	37
22	25	23	23	23	23	21	38
22	25	25	22	24	24	21	39
24	23	27	22	25	25	22	36
23	22	26	19	24	24	21	30
23	24	26	20	26	24	21	31
23	23	24	21	25	24	22	37
25	23	22	22	23	23	21	37
23	24	22	20	20	21	20	37
24	26	22	22	20	23	22	37
