0	1	2	3	4	5	6	7
317	260	634	182	73	94	351	159
328	273	636	182	76	108	390	172
366	290	645	175	75	91	290	148
378	307	654	205	70	88	275	144
390	330	629	193	60	92	317	144
446	372	586	179	60	88	300	139
439	369	598	190	61	81	278	128
420	359	638	190	62	83	265	133
443	341	552	143	62	86	272	147
399	306	560	143	69	83	324	136
322	271	610	146	81	77	327	128
335	268	599	132	80	67	301	127
366	279	594	141	81	107	485	136
345	300	650	154	84	105	510	122
338	279	603	160	81	101	467	123
468	299	602	168	70	104	489	148
475	307	593	169	69	109	534	147
542	290	531	172	69	97	468	200
574	364	618	172	79	158	574	214
591	369	598	177	73	166	598	231
549	385	600	173	76	171	605	221
625	397	608	170	76	176	599	239
562	412	660	171	75	162	534	207
533	350	568	162	62	110	403	192
537	350	601	139	60	100	367	186
524	358	593	128	58	107	364	201
467	369	617	170	66	99	354	204
453	373	625	178	68	94	356	201
454	360	639	173	71	104	432	219
431	355	602	174	76	134	493	237
440	308	607	203	78	131	488	226
465	271	617	175	67	135	511	247
507	276	568	153	71	146	547	263
555	267	511	157	67	139	499	280
566	280	538	162	73	148	513	274
663	276	500	128	71	160	519	375
671	305	540	139	71	162	487	395
682	288	536	147	64	154	456	408
774	336	529	152	68	158	464	425
772	372	506	169	71	142	440	439
681	366	486	169	74	140	452	370
624	363	381	166	77	148	503	344
591	367	362	161	78	152	513	304
418	336	364	172	77	146	496	269
462	300	447	153	70	133	545	266
473	297	464	143	64	126	629	302
473	346	557	139	70	104	586	279
457	410	578	155	75	118	611	282
441	400	599	129	71	116	607	287
429	442	645	125	68	139	590	286
366	453	675	132	70	173	544	229
427	422	637	168	67	174	546	242
466	355	641	172	65	167	515	248
519	372	627	176	69	181	612	261
556	320	513	197	72	168	579	292
559	352	454	201	82	129	520	303
535	350	434	168	79	128	506	293
492	342	415	151	78	122	483	287
531	347	480	147	79	107	387	290
462	330	539	138	73	95	329	232
515	325	592	137	59	81	324	260
504	320	558	132	58	76	338	265
554	358	596	130	52	76	388	287
522	348	544	134	54	68	365	282
539	347	489	134	61	68	391	305
539	330	477	147	63	67	363	272
526	325	554	147	64	75	426	293
509	322	545	152	71	81	434	297
522	380	628	175	73	88	436	286
498	404	714	172	69	85	402	253
466	379	679	156	68	88	439	242
482	385	624	154	70	104	401	237
485	371	600	150	66	100	353	224
431	360	554	118	57	95	361	232
411	343	472	128	63	92	352	225
421	356	461	126	59	102	401	256
477	342	468	132	60	87	434	274
501	361	442	152	68	93	451	284
504	353	428	162	68	91	438	260
557	358	431	150	63	92	441	266
565	366	444	148	63	75	364	294
525	357	438	146	62	79	314	280
495	365	479	129	58	70	294	287
521	339	487	123	60	68	284	333
492	314	432	111	60	73	325	359
522	299	419	104	59	75	331	359
533	294	460	113	60	70	327	337
592	271	542	127	57	65	316	318
569	256	494	122	64	71	329	304
619	253	498	124	64	84	339	352
576	241	507	125	68	104	381	374
551	271	486	122	69	102	372	382
477	260	388	100	64	106	385	383
494	275	443	102	56	110	401	371
469	294	440	97	52	104	368	306
475	315	474	107	51	107	442	224
473	309	479	111	45	105	436	214
494	344	520	116	47	104	430	209
485	338	463	115	49	101	493	227
445	392	525	125	49	103	499	250
416	384	591	128	53	76	380	252
482	430	606	120	59	73	392	269
496	431	600	136	60	72	414	282
473	417	610	134	57	69	325	275
556	374	565	131	60	55	339	257
567	409	521	137	57	53	334	249
514	357	507	136	53	69	353	233
576	305	467	110	49	73	391	241
594	309	499	122	53	81	391	258
510	305	531	130	53	84	369	269
521	264	478	115	51	83	375	271
518	260	476	113	50	85	384	266
498	270	462	114	50	99	392	257
485	262	525	115	46	93	389	208
470	270	511	125	51	93	402	174
512	294	558	127	49	95	413	183
555	295	535	124	49	91	387	222
521	336	520	126	56	109	386	237
535	414	432	140	64	122	424	239
541	401	443	118	60	121	407	243
494	381	395	114	72	131	419	249
486	402	423	133	76	137	514	226
476	381	435	157	78	120	477	195
435	326	463	142	72	105	439	192
487	353	449	144	72	107	448	217
536	363	443	147	66	94	462	264
542	344	412	149	68	92	379	265
532	339	421	124	57	78	355	255
577	308	377	115	60	81	373	253
527	308	393	121	62	86	370	226
481	289	426	116	58	92	351	166
460	297	480	108	51	80	322	151
399	286	468	103	54	84	320	146
441	316	468	128	57	90	307	217
512	290	490	143	55	86	307	220
495	291	468	146	55	87	305	211
514	293	434	138	54	85	290	229
575	333	421	144	62	101	323	294
526	352	474	131	57	93	313	247
460	346	416	114	55	100	344	242
479	344	435	124	55	110	405	248
477	327	434	126	61	114	464	250
428	313	458	127	51	94	446	170
403	301	427	152	69	97	449	179
408	312	429	151	69	93	434	171
448	305	466	150	70	78	386	211
456	291	453	147	66	91	377	192
451	257	471	145	65	93	368	198
435	202	504	115	47	89	355	189
461	195	508	138	51	80	343	204
404	227	451	144	53	85	330	174
355	245	479	154	53	64	243	170
374	254	470	157	59	69	268	204
402	279	399	181	59	68	258	210
424	331	496	167	53	74	252	205
416	316	482	154	52	65	249	221
404	336	466	148	49	72	256	215
383	359	462	153	47	70	221	193
388	348	469	115	44	70	245	206
322	406	476	163	57	72	264	217
358	447	513	176	58	72	250	183
393	433	507	183	64	81	325	195
412	405	490	186	67	92	377	194
409	421	578	192	72	93	377	181
396	330	484	170	66	92	373	176
356	282	463	156	66	92	364	180
318	288	459	155	67	99	370	183
331	292	532	160	68	88	332	200
324	273	447	160	67	85	317	205
347	241	430	139	65	89	331	199
383	240	408	144	63	84	375	201
379	255	406	140	58	65	303	198
435	256	297	120	51	65	295	182
424	232	274	114	48	67	294	176
437	275	292	114	55	100	405	208
433	281	346	136	60	104	383	196
515	266	408	139	64	102	381	201
511	274	398	136	66	103	391	210
536	278	390	134	65	131	556	210
542	248	500	147	64	106	478	182
588	264	473	133	61	106	469	205
548	255	405	121	56	107	490	197
513	253	484	124	56	125	559	172
504	320	580	136	64	95	391	161
525	320	506	125	59	92	371	164
466	293	527	110	61	99	387	153
473	301	552	130	65	99	355	154
485	300	508	136	66	77	218	158
450	237	427	130	57	79	243	168
395	288	462	141	60	77	239	153
406	296	510	145	60	66	197	137
400	293	500	138	62	63	191	137
388	292	499	139	60	55	161	141
401	279	528	187	65	59	191	166
391	320	531	188	62	67	206	169
398	445	597	211	64	63	195	172
343	490	615	215	63	65	193	179
302	485	647	221	62	68	204	202
305	494	637	196	69	66	139	181
337	460	663	191	72	58	105	188
323	416	577	176	73	58	99	188
354	367	545	167	71	60	116	194
341	443	577	174	74	59	94	177
340	472	575	183	71	53	94	170
417	538	530	213	82	58	130	307
440	507	510	215	82	59	145	350
444	550	670	270	90	59	133	344
432	509	666	288	94	60	136	334
447	492	712	281	94	63	144	348
406	393	681	260	86	106	248	252
370	419	868	277	88	117	269	198
361	572	996	322	100	118	273	192
398	631	985	323	110	130	320	198
366	642	944	321	109	139	357	193
299	648	950	352	112	109	298	180
287	637	792	389	134	101	276	168
322	487	473	346	124	97	279	191
310	410	416	328	110	79	259	197
384	420	477	333	111	70	230	216
386	467	598	301	106	67	219	203
390	528	586	254	91	68	216	205
348	499	580	209	88	93	305	197
324	496	692	196	91	92	280	188
332	530	786	227	95	82	259	157
348	551	724	251	103	86	252	154
341	463	727	225	89	84	261	166
332	458	792	249	89	57	139	152
344	474	736	272	86	62	150	151
299	482	695	260	99	70	146	152
304	426	682	235	92	68	150	171
294	428	725	235	92	62	145	165
297	451	682	232	102	72	140	167
279	428	710	221	109	72	117	161
228	392	734	262	123	75	114	144
225	378	715	275	124	77	146	144
238	384	762	295	123	84	157	152
241	392	887	291	116	78	159	162
256	440	828	290	115	74	159	169
251	456	800	236	87	72	171	169
238	460	827	253	90	69	137	154
219	478	757	247	92	64	135	162
206	465	657	233	88	61	148	158
215	472	666	229	79	61	162	163
256	413	556	237	77	55	157	169
257	402	580	205	71	53	156	189
264	361	551	194	67	58	155	170
263	387	459	215	71	68	173	158
246	342	615	232	82	85	202	160
202	357	617	234	87	87	203	159
209	364	574	226	87	88	215	129
232	383	605	235	88	84	200	127
233	384	616	210	83	76	175	139
276	363	477	199	81	57	124	123
297	323	472	188	71	51	111	139
288	326	483	193	73	57	121	175
272	298	464	173	75	61	141	196
273	278	451	235	88	60	136	192
216	296	442	233	88	59	138	213
200	334	454	250	91	61	138	207
213	386	494	262	91	56	133	185
218	410	481	262	88	51	125	168
216	438	501	226	78	53	124	168
243	442	549	303	92	68	188	162
248	424	571	327	109	70	195	157
255	373	550	336	108	70	177	158
246	396	571	336	108	71	171	155
253	383	597	334	113	79	212	178
239	378	643	284	108	70	158	157
255	477	667	258	93	71	155	162
221	474	655	243	96	77	207	194
286	460	641	239	97	82	216	253
298	516	619	337	118	78	183	246
307	572	556	341	111	75	180	246
304	543	509	340	124	82	187	254
335	551	551	376	136	87	138	230
308	568	575	412	149	89	127	161
278	496	564	343	132	86	127	149
274	444	625	393	139	86	159	169
257	435	621	396	130	81	169	153
219	428	631	372	119	74	173	142
189	443	627	346	107	77	181	163
198	457	632	339	106	78	172	164
194	425	507	260	103	82	155	158
189	369	490	281	111	84	183	156
189	372	460	281	115	80	184	155
182	297	429	282	114	69	184	129
183	263	457	311	117	70	196	142
184	258	484	303	113	66	189	132
189	288	481	257	99	67	159	136
186	285	443	293	113	71	157	147
186	293	473	295	115	73	144	147
181	271	438	260	107	71	134	130
166	306	453	270	109	71	143	123
158	290	512	291	109	65	177	120
156	288	503	231	83	61	169	108
150	287	514	218	86	60	166	120
139	304	475	205	85	64	166	115
132	261	442	176	83	61	161	113
138	236	376	169	83	66	114	122
141	217	432	241	85	67	116	119
147	234	375	263	74	65	115	104
166	223	370	267	72	68	122	113
172	221	418	283	73	82	129	146
168	227	471	290	74	77	113	142
162	251	411	253	82	80	110	146
162	251	411	253	82	80	110	146
