0	1	2	3	4	5	6	7
480	295	501	212	83	90	209	275
485	252	513	234	83	88	217	283
462	238	573	262	84	86	226	287
446	242	638	285	95	69	144	260
366	271	671	278	86	60	125	213
345	274	685	307	93	66	128	219
345	268	687	303	91	74	124	229
338	249	686	277	89	86	172	216
308	242	629	266	85	84	172	225
317	221	663	303	103	90	173	243
355	232	590	279	103	91	176	252
397	220	604	289	109	90	195	240
430	218	594	302	117	94	153	271
424	217	567	300	118	98	157	283
407	191	517	265	107	94	157	291
418	183	597	271	102	93	155	304
375	182	592	274	105	100	138	290
327	191	620	256	95	80	123	260
300	203	691	246	92	75	106	229
291	211	657	235	89	76	108	201
258	183	576	222	85	76	150	174
258	188	580	214	77	71	155	196
246	207	576	226	90	67	153	186
261	207	502	232	87	66	154	181
258	194	587	237	89	69	157	201
235	196	579	233	88	67	112	190
213	203	598	240	95	68	99	164
222	176	533	215	85	73	91	166
221	174	518	206	82	72	89	163
200	164	442	223	90	67	76	140
174	163	469	234	101	70	90	152
164	139	447	203	90	54	78	142
156	164	435	218	100	53	75	149
125	149	457	227	102	53	77	148
132	157	510	208	95	57	90	136
131	165	485	188	83	58	89	116
124	169	467	196	93	62	86	121
129	149	499	199	82	63	92	137
176	148	471	197	88	75	138	163
168	139	361	202	92	72	130	163
179	185	356	223	98	72	121	175
183	201	342	220	88	70	120	177
170	198	402	216	86	66	123	158
129	204	400	210	77	52	73	126
153	206	410	213	81	56	75	120
155	161	436	190	72	50	84	115
160	161	573	210	76	52	89	121
177	175	551	194	73	53	82	162
189	176	576	198	76	64	109	183
174	173	646	194	71	65	105	186
169	192	641	191	75	67	99	189
168	180	523	159	73	73	104	193
178	166	543	224	77	77	119	163
190	158	628	238	84	76	105	139
182	195	575	256	78	72	106	135
181	227	562	263	79	70	104	133
185	230	569	266	79	63	97	118
170	234	528	246	89	61	75	113
138	252	377	243	86	53	53	107
138	232	355	233	89	53	47	100
132	187	360	232	91	57	48	82
122	209	410	248	105	68	80	82
111	219	386	220	98	65	79	75
123	223	402	198	94	67	80	105
126	214	393	198	93	67	81	106
130	239	416	207	89	62	80	109
152	243	394	193	72	49	48	120
166	253	414	200	72	54	47	125
156	228	402	236	76	54	50	158
157	229	424	232	85	65	73	179
167	223	397	224	79	68	77	184
163	210	366	227	91	73	76	182
161	185	363	224	93	76	80	188
165	189	385	196	93	76	79	149
171	196	446	231	90	66	65	126
158	171	472	228	93	66	84	119
162	166	526	245	84	62	85	104
149	198	550	276	78	51	81	103
142	197	528	274	72	47	79	103
162	205	453	234	73	52	78	101
168	203	446	250	82	53	52	103
165	187	496	259	93	65	57	121
159	140	505	243	100	70	55	105
159	157	518	233	99	77	58	108
128	146	526	236	94	75	51	104
145	151	528	221	85	76	57	112
121	159	450	194	71	65	53	89
125	170	396	202	68	64	76	93
126	181	416	212	70	55	77	82
123	196	419	211	69	52	76	80
98	196	423	248	87	55	80	72
99	205	419	247	97	64	80	77
109	201	428	233	95	68	61	74
106	175	412	231	99	69	58	83
108	143	423	230	97	67	60	95
97	137	403	193	79	61	47	95
109	127	384	173	65	55	45	95
98	156	358	162	64	43	39	98
95	176	378	155	56	44	38	88
104	183	377	168	66	50	38	100
108	195	453	188	67	50	40	98
111	188	440	189	72	50	47	105
117	180	500	216	81	51	48	105
127	174	514	238	96	59	49	111
122	179	535	234	101	69	50	94
121	186	514	221	101	69	53	90
107	181	509	218	99	71	59	80
112	171	480	188	93	70	59	81
105	157	436	157	75	62	61	81
98	154	388	147	66	52	57	79
98	134	306	126	64	51	54	81
104	140	305	128	60	44	37	79
84	130	285	125	57	46	38	77
81	130	302	127	61	49	33	72
94	138	379	153	66	48	35	70
93	138	428	163	69	50	34	62
84	139	436	171	73	48	32	72
87	142	413	165	71	48	35	82
87	142	413	165	71	48	35	82
