0	1	2	3	4	5	6	7
99	146	264	180	96	59	135	122
92	157	287	187	96	61	141	129
98	147	306	198	93	55	131	124
94	153	304	196	93	67	146	131
94	151	307	180	87	71	147	116
89	159	321	209	89	69	113	103
98	185	319	219	95	69	109	101
99	182	306	217	92	69	104	103
105	155	305	220	89	57	84	105
124	193	285	220	85	54	107	103
136	211	329	229	87	55	104	92
136	184	333	235	91	57	105	97
131	188	326	217	81	51	124	98
127	191	305	211	84	50	118	88
127	152	285	213	86	51	98	102
117	116	262	186	92	54	104	110
126	116	247	160	82	50	108	116
131	121	277	190	83	51	104	111
141	129	300	192	86	60	105	118
126	137	306	192	91	65	111	105
122	138	294	182	78	61	103	114
120	143	319	200	92	68	98	98
145	132	310	172	89	67	99	121
136	142	304	162	83	58	104	111
154	144	293	155	78	63	131	123
152	160	308	149	77	66	140	111
145	168	310	143	62	61	138	127
128	173	312	168	72	62	126	135
133	154	333	180	73	63	134	145
125	151	322	176	69	52	113	144
134	148	272	155	65	49	108	144
134	128	228	135	63	47	114	132
126	136	218	113	57	45	112	105
117	149	163	98	53	44	98	89
131	166	188	111	56	42	101	92
120	151	187	115	60	43	108	90
118	154	194	126	59	51	140	95
113	142	198	138	71	58	142	92
113	143	233	149	78	62	155	94
74	112	237	153	80	59	145	88
75	114	233	169	86	59	136	86
80	122	251	174	101	61	94	76
96	142	239	165	97	57	102	80
91	148	209	158	92	52	80	92
96	147	180	147	93	56	80	82
102	158	225	131	85	58	90	90
96	163	204	126	74	50	105	88
80	151	203	125	70	50	96	85
81	131	255	127	74	55	107	69
86	143	264	134	71	55	115	86
100	161	258	150	74	49	105	85
106	156	270	142	68	53	92	86
106	177	273	142	66	51	88	88
102	175	221	137	63	48	96	93
96	179	226	160	67	48	85	78
75	155	209	150	61	52	83	74
68	150	206	147	65	54	93	77
70	125	192	146	67	57	110	82
74	125	200	147	64	57	105	82
74	110	213	123	60	54	105	85
73	156	223	122	66	51	111	79
75	161	221	130	60	44	107	72
76	164	221	130	61	45	97	90
69	190	230	125	64	54	107	87
77	190	211	117	61	55	108	82
89	153	193	110	59	62	112	83
100	161	190	115	61	63	113	107
101	155	226	116	57	58	107	85
137	145	238	131	75	77	154	89
135	143	238	137	78	77	158	89
126	142	254	149	86	74	149	93
123	149	257	142	90	76	165	71
122	148	246	143	91	78	167	68
82	144	233	136	77	51	104	58
93	164	224	132	79	58	107	71
102	162	207	129	66	55	111	70
97	163	205	134	63	57	79	69
95	175	201	133	60	56	76	70
97	175	204	136	59	55	102	68
81	153	218	147	61	50	103	62
76	155	204	129	59	47	100	78
73	158	215	133	63	46	113	74
86	147	193	126	65	47	119	77
83	156	193	140	81	56	105	78
86	161	220	151	82	58	92	92
91	171	292	173	94	65	106	92
95	159	279	169	103	72	112	96
85	165	328	185	103	72	110	95
109	194	342	185	99	76	137	115
113	199	337	172	96	72	142	102
110	194	294	151	86	68	133	90
109	189	324	149	69	56	116	91
113	196	299	132	70	56	138	99
94	158	268	100	63	47	108	93
85	152	245	100	63	48	105	102
87	158	253	132	67	47	109	104
81	178	217	133	70	50	114	103
77	164	186	137	72	52	81	100
70	162	207	149	67	44	79	88
82	177	220	155	70	49	94	84
76	167	200	139	83	54	84	88
97	175	191	136	85	55	77	100
95	175	204	145	83	54	78	100
108	165	189	135	85	58	90	101
108	145	227	129	84	52	68	95
106	168	226	122	66	45	69	98
108	135	237	117	59	46	103	86
119	137	243	101	57	44	109	84
108	138	257	137	64	47	105	101
107	154	224	134	58	49	114	112
110	131	237	138	67	52	151	108
108	138	251	142	72	51	130	105
97	140	235	148	75	56	129	109
97	137	231	130	76	54	142	90
100	122	238	131	85	58	139	80
104	112	238	137	78	56	99	88
97	113	220	137	75	60	131	100
101	110	233	140	73	59	133	96
109	121	227	141	69	59	115	106
100	120	243	170	70	58	112	103
91	136	238	182	85	60	130	94
76	144	260	195	84	52	111	89
93	147	246	191	86	52	112	104
83	140	249	191	88	51	127	98
85	144	253	160	77	47	132	110
85	146	240	142	67	50	114	106
97	134	219	128	67	53	100	104
85	160	221	126	65	51	110	102
92	163	226	121	68	50	92	97
93	163	189	137	78	53	85	84
95	154	199	141	73	47	103	83
86	158	187	137	72	44	107	82
84	164	215	139	74	44	87	69
82	169	224	155	70	41	89	79
77	173	233	148	62	46	126	77
74	180	218	148	67	51	110	79
80	172	277	167	70	53	129	88
76	144	271	173	69	53	131	79
70	132	259	164	68	55	129	73
78	129	268	157	68	48	100	81
82	120	296	161	69	48	114	82
78	130	246	137	64	44	94	76
78	123	229	119	63	46	92	80
81	131	241	118	63	48	89	92
75	133	227	121	63	56	110	87
77	132	224	106	58	54	97	92
71	128	235	119	58	55	93	84
76	122	237	123	59	54	96	97
80	116	210	116	60	57	125	90
85	113	210	116	59	48	103	89
88	118	224	132	68	48	102	92
88	123	238	129	72	49	112	94
87	135	269	139	76	52	113	81
82	158	305	146	78	53	85	73
72	154	312	151	79	52	88	73
59	146	292	136	72	50	87	58
60	137	270	143	77	54	95	72
54	127	262	145	70	51	97	71
56	101	253	147	64	46	91	71
57	109	239	147	66	48	112	73
64	120	235	150	72	52	117	82
68	138	251	141	67	51	105	65
76	132	233	135	72	54	104	71
73	141	207	130	74	55	128	68
79	136	242	152	78	55	104	83
82	151	243	159	76	55	103	75
83	145	243	163	77	60	102	82
80	165	253	161	79	70	111	75
88	156	252	158	83	76	88	79
88	167	257	145	81	75	91	66
95	144	242	130	77	74	103	69
96	141	285	166	79	68	96	58
96	155	275	170	80	56	80	59
88	162	295	181	72	42	72	52
84	154	275	173	67	49	91	49
70	162	295	177	65	45	77	44
74	165	266	154	60	47	87	53
66	141	257	147	56	45	96	55
64	129	253	163	69	50	96	57
64	125	254	162	72	44	77	58
68	116	290	188	82	52	78	59
70	106	264	176	83	56	88	56
76	114	297	179	80	57	81	65
75	125	282	145	68	54	81	66
78	117	272	143	65	53	79	65
80	131	236	126	57	48	116	70
70	131	265	132	69	44	104	73
74	118	235	143	77	46	101	72
80	113	250	155	80	50	102	69
74	116	278	175	83	56	116	69
73	113	263	161	89	63	76	62
69	107	240	156	75	60	74	66
66	109	248	140	71	61	77	77
63	119	244	146	81	60	84	78
69	134	228	131	78	53	91	78
77	146	277	144	80	49	90	86
79	145	281	151	79	49	91	81
80	157	305	168	79	52	103	71
80	154	303	160	69	52	99	80
75	145	295	151	65	52	76	81
75	135	261	144	53	48	77	75
75	146	288	128	54	46	74	76
72	132	257	112	61	46	53	69
72	138	263	109	66	53	89	61
74	158	265	125	70	57	93	55
75	148	251	126	73	55	93	71
79	147	202	131	74	56	94	69
82	153	189	128	69	56	100	75
96	158	234	147	63	46	70	77
100	131	218	133	66	45	83	78
99	139	226	139	72	49	86	84
95	148	235	136	71	53	89	81
92	135	244	138	68	48	89	76
80	121	182	134	73	54	103	77
73	122	192	138	70	53	90	76
74	119	194	125	58	49	88	56
72	103	191	134	63	47	100	70
72	121	235	142	67	46	102	72
74	119	226	134	71	46	92	67
73	120	234	139	73	47	89	67
61	124	229	146	79	54	100	70
66	137	242	159	81	55	105	70
62	127	190	155	84	63	101	70
66	137	191	147	80	61	98	72
80	140	196	149	79	61	102	74
78	171	186	140	74	57	94	75
94	176	156	118	70	58	81	102
96	173	167	111	62	49	101	101
97	161	178	120	63	49	105	109
113	177	177	112	62	53	103	111
121	147	185	128	62	51	100	121
116	126	213	138	59	46	94	96
117	127	207	145	60	49	72	100
111	172	245	159	55	53	70	91
96	170	228	162	65	52	68	105
96	163	232	161	69	55	68	96
87	180	217	153	68	54	62	95
95	190	222	153	68	55	58	98
95	154	186	143	71	56	76	101
86	132	187	143	60	51	75	92
77	136	184	138	56	48	76	86
105	110	187	134	58	49	77	83
108	110	195	128	57	47	78	76
114	121	181	111	54	45	97	85
115	126	177	101	51	44	102	89
119	126	184	94	50	45	103	93
101	127	186	105	50	47	104	93
92	118	218	116	53	48	124	103
88	116	243	128	51	46	110	100
87	129	255	134	63	46	107	88
92	129	244	135	65	45	106	79
85	140	238	129	66	44	115	77
93	134	194	117	65	42	90	99
101	131	183	104	64	45	77	95
98	118	178	98	59	45	76	97
92	118	215	109	65	52	78	98
90	122	231	112	62	54	110	101
84	122	234	121	70	58	115	77
75	116	222	135	75	55	113	78
