0	1	2	3	4	5	6	7
160	291	432	287	83	56	189	191
157	258	414	265	83	54	190	184
150	268	406	259	78	63	220	200
151	275	404	272	76	62	189	214
164	317	499	281	74	61	163	217
166	296	428	280	86	68	167	218
188	281	426	275	82	67	171	212
184	277	504	311	89	62	152	186
174	287	581	338	99	64	132	167
185	269	508	299	93	66	145	167
219	238	496	270	77	69	191	179
224	237	494	264	75	75	212	179
242	213	444	233	71	70	193	178
247	220	422	199	58	64	194	158
218	187	412	203	67	74	201	168
241	188	406	186	63	71	183	185
236	212	450	260	86	63	171	185
218	266	441	253	88	66	172	183
218	280	342	230	88	67	175	187
241	282	293	218	82	76	172	188
230	292	290	230	88	86	158	203
216	293	238	194	81	90	135	199
218	246	249	196	79	90	129	201
209	217	296	196	76	89	137	214
224	248	312	198	75	75	132	201
180	252	332	189	68	61	126	158
185	373	314	129	51	63	132	156
190	394	288	118	49	71	134	145
207	416	291	151	52	72	130	135
196	408	278	145	56	72	165	166
194	421	250	141	55	67	159	170
202	335	242	141	59	72	178	172
191	322	240	157	60	73	179	169
175	302	186	124	57	74	174	153
137	300	181	120	54	72	124	111
146	288	181	118	54	75	117	85
122	295	180	113	46	62	72	78
123	276	151	80	39	47	63	75
112	257	95	52	36	42	56	64
110	258	100	53	42	40	49	48
72	244	93	53	44	35	31	43
61	179	73	47	45	63	29	32
49	172	72	46	45	66	29	30
41	164	74	44	42	65	28	30
34	144	48	35	33	64	24	28
44	184	64	40	30	64	25	27
44	195	69	43	28	37	24	25
50	207	76	46	28	31	24	27
50	210	76	47	31	43	23	25
102	268	85	46	35	41	25	34
101	238	78	45	40	43	22	34
106	319	112	49	38	53	23	36
119	340	138	57	42	57	29	40
141	362	150	69	46	50	32	43
115	318	145	73	49	52	31	39
130	344	190	87	50	57	31	41
185	339	279	121	69	54	42	64
189	331	291	123	68	50	40	65
176	310	286	117	63	49	37	64
191	322	293	128	68	49	41	69
196	337	285	133	74	44	43	74
165	458	231	122	68	38	36	60
161	457	202	116	68	37	34	56
163	464	205	117	68	38	35	58
155	479	229	114	66	40	35	58
144	453	210	99	57	35	32	50
176	538	293	120	62	44	46	72
179	569	310	125	63	44	48	75
177	576	311	125	64	43	48	74
170	558	290	119	61	40	48	70
284	585	338	143	75	49	56	94
272	365	245	119	67	42	46	80
272	374	258	125	71	44	47	80
276	369	273	133	74	48	47	82
281	417	290	139	79	50	48	83
161	379	228	112	66	42	39	54
124	364	212	99	62	42	35	46
120	288	175	83	58	41	33	44
150	295	213	120	72	45	34	55
142	243	189	108	61	39	34	57
195	296	224	126	72	45	37	61
209	300	235	131	71	43	36	63
209	296	228	137	72	44	37	64
199	280	231	174	71	38	37	69
244	269	258	177	75	40	35	70
284	255	234	166	66	38	43	122
285	276	256	166	71	42	47	130
300	274	276	181	78	49	51	144
510	272	233	132	83	63	101	273
514	257	223	146	82	66	125	302
479	204	243	165	86	82	182	293
488	155	221	180	85	85	196	311
484	152	194	165	79	90	267	328
287	125	187	153	66	103	380	240
245	143	224	156	74	113	402	208
234	130	220	144	73	106	420	199
204	117	207	122	67	102	421	170
186	114	207	115	64	94	381	121
95	98	204	108	55	68	253	94
77	58	127	75	42	46	209	75
70	54	71	52	29	30	100	65
64	57	104	69	32	29	67	52
59	54	109	70	32	28	80	43
58	53	107	70	32	28	84	39
59	51	101	67	31	24	89	36
56	48	102	67	32	24	90	33
39	42	61	42	31	25	93	40
41	45	46	35	28	23	100	42
41	44	44	36	28	22	99	40
52	37	39	33	27	24	94	41
60	54	55	34	30	25	97	45
59	53	52	34	27	24	92	35
57	50	52	34	27	24	70	32
57	52	51	31	27	25	72	38
53	55	52	33	30	27	93	45
42	38	28	26	26	29	103	42
46	39	31	27	28	29	105	42
46	40	30	25	28	29	108	44
48	36	31	26	28	29	103	40
44	34	30	25	25	25	88	36
45	34	35	26	27	22	77	36
48	32	35	29	27	25	84	40
49	33	35	28	27	24	79	40
52	43	34	27	27	26	82	40
47	41	34	26	27	25	68	36
51	45	34	27	27	26	70	36
48	50	31	25	26	23	64	32
48	50	31	26	24	25	62	28
59	46	33	27	25	23	58	31
59	62	55	101	47	24	57	32
