0	1	2	3	4	5	6	7
70	124	226	135	70	48	39	78
72	126	237	134	68	48	38	76
74	127	228	155	68	45	39	78
70	108	238	136	58	40	40	77
66	96	209	127	51	38	37	76
72	118	203	128	54	40	37	88
68	125	200	141	56	51	43	77
63	132	209	126	57	52	37	70
69	154	220	133	55	50	35	77
69	165	224	135	59	53	45	77
64	165	234	126	54	54	47	61
64	174	305	125	51	44	43	67
67	171	293	117	53	44	46	70
62	157	277	109	47	46	51	75
69	163	280	123	47	42	45	74
78	168	277	130	51	39	46	75
81	162	198	128	53	44	50	78
79	153	192	127	51	45	53	77
79	159	228	128	57	46	48	71
73	158	228	130	59	48	46	76
63	186	230	134	59	54	49	74
64	194	232	130	62	51	44	70
61	200	251	133	66	54	44	70
62	195	230	133	63	48	43	74
57	181	222	118	57	47	44	71
67	146	219	121	54	38	37	74
68	129	232	131	58	38	47	74
73	136	237	133	55	34	44	75
72	130	216	132	57	38	45	74
74	138	227	135	65	42	45	72
73	132	248	133	65	47	51	78
67	133	267	137	62	42	40	74
66	134	245	136	60	43	41	69
67	140	238	129	55	43	42	60
66	136	237	136	50	39	41	63
59	143	228	135	56	38	36	55
57	146	204	117	52	39	37	54
62	141	219	120	55	39	37	58
57	144	220	135	66	39	33	58
58	141	217	122	65	40	34	56
59	150	206	116	60	42	35	60
61	143	213	117	58	41	35	66
56	133	201	118	70	44	35	66
64	130	208	109	61	41	33	70
64	136	203	131	68	45	36	74
60	111	194	133	71	40	31	69
60	121	218	175	88	49	41	70
67	145	250	170	78	45	41	72
62	158	255	170	77	48	44	68
67	159	253	160	77	45	45	65
70	160	259	168	82	50	46	64
69	160	217	145	71	47	37	68
61	143	183	145	71	48	47	67
57	123	187	154	77	52	48	69
58	110	187	148	70	53	46	73
55	102	186	141	64	49	46	77
65	103	229	120	59	47	45	77
77	153	240	125	69	53	40	75
77	170	249	124	65	50	41	77
75	180	286	136	69	51	41	68
84	194	281	141	69	52	43	91
78	191	239	138	67	52	45	85
66	168	239	129	59	44	40	83
69	160	219	127	60	45	39	85
71	152	165	118	55	40	37	87
60	136	145	113	52	39	38	79
59	135	149	117	50	36	36	78
63	131	132	117	44	35	36	76
59	115	143	106	47	37	34	88
57	124	161	105	47	39	36	95
64	139	187	97	49	37	32	88
71	156	204	110	55	39	35	93
69	152	202	130	62	40	36	99
77	168	189	130	57	35	36	87
80	166	199	132	61	39	42	82
75	153	208	134	57	38	44	72
66	158	197	113	51	37	43	64
66	156	217	101	46	35	41	64
59	140	235	103	43	37	41	65
56	132	223	102	40	31	33	61
55	133	199	95	42	34	36	65
60	145	222	115	49	39	35	65
56	149	228	107	46	40	34	59
60	161	245	107	51	42	35	55
57	160	248	120	58	47	40	56
56	175	248	119	57	47	38	57
57	158	218	97	53	42	39	58
56	150	198	97	56	43	42	58
58	170	199	98	52	42	41	65
60	173	205	78	42	40	38	65
60	156	230	82	42	40	35	61
57	150	245	84	38	39	38	69
60	163	245	86	37	40	38	75
56	138	209	81	38	38	37	69
53	151	194	95	44	40	38	73
55	155	164	93	47	39	40	80
52	152	172	110	51	40	38	74
51	144	180	120	51	38	45	67
