0	1	2	3	4	5	6	7
32	53	30	23	23	24	23	22
31	50	30	23	25	25	22	23
34	50	28	24	24	25	22	22
31	47	31	23	24	24	22	23
31	44	28	21	24	23	22	23
30	46	28	21	24	23	21	23
28	42	31	22	22	22	21	23
27	41	31	21	23	22	25	25
30	41	29	21	23	23	25	24
28	37	29	23	21	23	24	23
29	36	32	24	22	23	25	24
28	37	30	23	25	24	25	23
26	31	29	25	25	24	24	22
29	44	28	25	25	24	24	24
31	47	28	26	25	24	23	24
31	48	28	24	26	25	22	23
34	50	29	24	25	26	22	24
38	66	31	23	23	25	21	24
37	62	34	25	24	25	20	25
34	61	34	24	23	27	21	26
36	64	34	24	23	25	21	26
36	66	32	24	23	24	21	25
29	50	30	24	23	23	23	25
32	55	32	22	25	22	22	24
34	57	32	23	27	21	21	24
32	53	32	23	26	22	21	24
30	49	30	24	26	20	22	25
31	53	32	25	26	21	20	24
27	45	28	25	24	23	20	23
28	46	28	25	24	22	19	25
28	43	28	25	23	21	21	25
30	44	31	25	23	21	21	23
32	46	29	23	23	20	22	22
31	44	28	23	22	19	22	21
29	43	29	22	20	21	24	18
30	47	28	23	23	21	23	19
31	46	27	23	22	22	23	19
30	44	27	24	21	22	22	21
33	47	29	23	23	21	23	22
32	44	29	24	23	22	21	25
31	40	28	25	23	23	23	24
32	41	31	27	22	23	22	25
31	41	28	27	24	24	22	26
28	39	27	28	25	25	22	25
30	40	26	27	25	25	21	23
30	41	26	26	24	24	20	23
29	42	26	22	24	24	20	23
28	44	27	22	23	23	19	21
28	44	28	21	22	24	20	23
32	48	28	22	22	23	21	23
61	46	29	24	22	25	22	25
63	45	29	26	23	26	22	26
71	47	30	26	23	26	23	26
74	49	30	26	23	24	22	26
73	49	30	25	25	24	20	27
54	51	31	24	24	24	19	25
50	50	29	23	25	22	19	25
39	50	30	24	24	23	21	25
36	49	30	23	24	24	21	24
34	50	30	25	22	24	21	22
32	51	29	24	23	22	21	23
34	52	28	23	22	23	21	22
32	47	28	23	23	22	19	21
34	53	28	24	22	23	18	20
34	52	27	22	23	22	19	20
34	51	26	22	23	21	19	21
33	52	31	23	22	21	19	20
34	53	30	22	23	21	18	22
31	44	28	22	24	21	20	21
29	43	30	22	24	22	20	22
29	43	31	21	24	24	22	21
33	49	31	22	24	23	22	21
33	48	30	24	23	24	23	21
34	58	31	24	23	23	21	23
34	57	29	25	22	22	21	24
43	76	35	24	23	20	21	26
41	72	33	25	24	21	21	26
44	79	35	24	24	19	22	25
44	74	33	23	24	18	22	25
47	80	37	23	23	19	23	24
38	63	31	22	22	20	21	22
40	65	30	21	21	19	21	21
38	62	29	24	20	21	21	22
37	58	29	24	21	22	21	22
33	47	25	24	22	21	20	21
37	51	28	25	23	22	21	21
33	48	28	26	23	21	24	22
32	46	28	24	25	21	23	21
33	49	29	24	24	20	22	21
32	48	28	23	24	21	23	20
28	43	27	23	24	21	24	20
33	41	27	22	25	22	21	21
31	34	25	25	24	21	19	22
31	36	26	24	23	22	22	21
32	38	25	24	23	20	23	23
33	40	27	24	23	21	21	21
28	41	28	26	23	21	23	21
29	43	29	24	24	23	25	22
28	42	29	24	24	23	25	22
27	41	30	24	25	24	23	21
26	44	31	25	24	22	25	24
29	49	30	23	23	24	24	24
32	53	30	22	24	24	23	22
33	52	30	24	24	24	22	22
33	54	32	23	24	24	23	25
33	49	30	23	24	25	23	25
30	48	30	24	24	25	21	24
27	45	31	24	23	23	20	25
29	46	31	24	25	22	21	24
30	48	29	24	26	20	20	21
28	49	29	25	27	22	20	20
30	46	29	24	28	23	20	19
28	45	31	24	27	24	22	19
26	44	30	25	26	24	22	19
28	43	31	25	25	27	21	20
30	47	31	25	24	24	21	20
30	46	32	25	22	23	22	21
30	44	28	25	22	22	20	21
30	45	28	23	22	23	21	23
30	48	26	23	22	21	21	24
34	49	28	22	22	22	19	23
33	50	28	23	23	22	22	24
38	66	31	24	23	22	22	25
40	67	33	25	25	22	20	27
40	66	35	25	25	22	21	27
36	65	32	24	24	21	22	27
36	62	32	24	23	22	20	27
32	50	29	23	22	21	19	25
28	47	28	24	20	22	20	22
28	45	27	23	19	22	19	21
32	48	30	22	20	23	21	21
33	50	28	23	20	23	21	22
31	46	27	23	23	22	22	21
32	48	28	21	23	22	23	22
30	46	27	22	25	22	22	21
30	42	26	23	24	22	21	21
29	43	27	22	25	23	21	22
30	42	26	23	23	23	20	24
32	43	24	22	24	23	23	22
33	45	28	22	24	23	23	23
31	43	27	22	26	22	24	23
31	40	27	22	25	21	23	22
36	54	30	24	29	23	25	20
36	55	33	25	28	24	21	21
37	58	35	26	27	23	22	23
37	57	34	26	26	24	24	22
37	58	35	25	25	23	25	22
32	46	33	22	22	23	23	22
30	42	30	24	22	24	23	21
29	39	24	23	23	24	22	20
28	42	26	22	21	25	19	21
27	44	26	23	21	27	18	21
29	45	26	23	20	25	18	22
32	50	30	22	21	24	17	23
32	50	31	24	20	24	18	21
32	47	31	26	21	23	18	20
32	47	30	26	23	20	20	19
33	48	30	28	23	21	20	19
30	43	26	27	22	21	21	19
30	42	25	26	24	21	20	21
30	43	27	23	24	23	19	22
29	41	25	24	24	24	17	23
26	39	26	21	26	23	19	24
30	47	27	23	26	23	18	25
28	46	27	21	26	23	20	24
30	48	27	22	25	21	20	24
33	49	30	23	26	20	20	25
33	48	31	25	25	23	21	26
29	40	29	23	25	21	21	24
29	40	28	24	25	22	20	24
28	39	28	23	26	22	21	25
35	49	30	23	24	23	22	25
36	49	28	22	25	20	22	24
37	49	29	23	28	22	21	24
38	49	29	24	26	20	21	25
39	49	28	24	25	21	24	23
31	38	25	23	26	20	25	24
31	41	29	22	25	21	25	24
32	40	28	24	22	19	26	24
30	40	29	22	24	19	28	24
28	37	28	24	27	19	24	24
29	37	28	24	24	20	24	23
31	40	29	26	24	22	23	24
30	43	29	24	23	23	25	23
29	42	27	23	21	24	22	23
30	43	28	22	19	22	23	22
30	44	28	23	19	23	22	21
28	42	26	20	21	23	21	21
27	39	25	22	19	22	19	22
28	39	28	22	21	21	19	23
30	42	27	23	20	23	19	23
29	40	26	21	21	22	18	23
28	40	24	20	21	23	19	22
28	39	26	20	24	24	19	20
32	44	25	20	24	25	20	18
31	41	24	18	23	24	20	20
34	47	24	21	24	25	21	19
33	46	26	20	23	22	22	19
33	44	25	21	24	22	23	20
31	46	28	22	24	21	22	22
30	46	30	23	25	21	22	21
27	42	31	21	25	20	22	21
28	47	30	22	25	23	22	22
29	51	31	21	24	23	20	20
28	48	28	21	23	23	21	19
28	50	27	21	23	23	21	20
28	49	26	21	24	24	22	21
28	44	27	21	25	20	22	21
33	43	27	21	24	23	23	22
34	42	27	20	25	23	23	23
34	44	31	21	25	22	23	22
38	50	32	22	23	22	22	23
37	48	31	21	23	22	21	22
34	52	31	23	23	19	21	21
32	50	31	24	23	19	21	20
31	48	27	24	25	20	20	20
26	42	24	26	24	22	21	19
31	48	27	27	23	23	22	22
29	42	25	25	23	24	21	24
32	47	27	24	21	25	21	24
34	48	28	24	21	23	23	27
35	47	27	22	23	22	21	25
32	42	25	22	22	22	20	25
32	42	25	23	22	20	22	23
36	48	24	25	24	20	22	25
37	51	25	26	23	22	20	21
38	61	29	27	24	22	21	23
40	60	28	26	26	21	22	24
39	60	27	25	24	22	21	24
33	52	26	25	22	23	22	21
34	56	27	24	24	22	22	23
32	45	25	23	23	21	24	21
32	52	28	25	21	22	24	19
32	52	28	25	22	22	23	20
33	52	29	24	23	20	22	21
30	44	28	24	22	21	21	21
29	46	30	24	24	23	19	22
28	42	27	24	24	24	19	22
29	40	28	25	26	24	20	23
27	42	27	27	26	25	18	24
27	39	28	27	26	24	18	24
33	47	29	26	25	25	20	24
32	45	31	26	25	26	22	23
31	45	30	25	24	25	23	22
33	47	32	22	25	25	24	22
32	48	31	21	27	26	25	24
28	39	29	21	26	23	26	24
29	37	26	20	26	22	22	24
32	43	27	20	25	22	20	23
29	38	24	21	26	21	20	23
31	37	24	22	26	21	20	19
34	40	25	22	26	20	18	20
35	48	28	23	25	21	21	21
32	43	27	23	25	20	22	21
34	52	28	22	25	21	24	21
33	53	28	24	22	20	24	21
29	52	28	24	22	22	23	20
28	46	26	24	22	21	23	20
31	49	29	25	22	23	24	21
32	44	28	28	22	23	21	22
34	45	30	27	23	24	20	25
35	49	31	28	22	22	21	25
36	50	32	27	23	24	20	24
38	54	33	27	24	21	20	25
35	52	32	26	23	21	21	25
34	51	31	25	25	21	21	22
35	50	31	27	26	20	22	22
34	48	31	27	25	19	23	23
30	45	27	25	25	21	23	24
32	45	28	23	25	21	22	24
32	44	27	24	23	20	22	23
32	44	25	21	23	21	20	23
31	45	27	22	24	21	19	22
31	43	29	23	23	19	19	22
35	50	30	24	23	19	21	22
34	51	29	23	23	20	21	23
32	52	30	23	22	22	21	24
35	53	28	25	22	21	21	23
34	52	27	25	23	22	22	23
30	46	24	25	22	23	19	22
31	45	25	25	22	23	19	23
32	43	27	26	22	22	20	21
28	40	27	25	22	23	22	23
29	40	28	24	23	21	22	23
29	44	29	25	24	21	24	23
29	44	30	24	23	20	25	23
32	45	30	24	24	21	24	25
32	47	31	27	23	21	25	26
34	50	30	25	22	21	23	26
33	48	29	25	22	21	22	26
34	50	29	25	22	23	20	24
34	55	29	27	23	21	22	25
33	54	28	26	22	26	20	22
32	52	26	27	23	26	20	22
33	55	28	27	24	26	21	23
34	55	26	29	24	25	21	23
32	51	28	28	23	26	23	23
34	55	27	26	24	21	23	24
34	53	31	26	23	22	24	24
32	50	31	25	23	22	24	23
32	49	34	22	22	22	25	24
34	48	30	21	21	20	21	24
35	51	32	21	24	20	21	24
35	52	30	19	24	20	21	26
35	51	29	21	27	19	22	26
36	52	29	24	27	21	21	25
33	49	29	23	29	23	21	26
30	42	30	23	26	22	22	25
30	41	29	25	27	23	21	22
34	43	31	24	24	24	21	27
32	40	30	23	24	23	22	27
33	41	31	23	24	23	22	26
36	48	32	23	24	24	21	25
35	47	32	22	24	22	21	27
33	48	32	24	26	22	22	24
35	52	33	24	26	21	20	24
33	52	32	25	25	20	21	23
31	49	31	25	25	21	22	23
31	49	32	26	25	21	22	23
32	48	30	25	24	22	22	24
29	43	30	25	25	23	23	23
30	42	29	24	26	24	24	24
30	41	26	24	27	25	23	23
30	41	26	24	26	25	24	23
29	41	25	22	27	25	22	25
54	43	26	24	28	26	22	30
55	48	30	25	29	27	20	30
56	49	31	26	30	25	20	31
59	50	32	25	29	23	19	32
59	54	32	26	29	23	20	30
39	54	31	26	26	22	21	25
38	50	29	25	26	19	24	25
39	48	30	25	26	20	24	25
36	52	33	25	25	22	24	23
36	47	33	25	23	23	24	23
35	48	33	24	25	22	23	24
33	47	32	23	23	23	21	24
33	48	31	21	22	22	22	25
31	40	25	22	22	21	22	24
34	43	24	23	22	21	21	24
34	41	25	23	21	21	22	22
35	44	26	24	22	21	23	23
35	47	27	26	22	22	22	21
34	47	28	25	24	22	25	21
32	47	29	23	25	21	24	21
33	47	27	23	25	21	24	23
30	44	24	24	24	23	24	24
28	41	25	23	25	21	23	25
31	46	24	23	24	21	21	23
33	47	26	25	24	21	22	25
52	52	31	26	25	22	21	24
53	54	30	24	26	20	21	23
54	52	28	25	26	23	23	22
57	50	30	26	28	25	22	25
56	47	31	24	25	24	22	24
42	52	28	24	25	24	24	23
44	55	29	25	24	24	23	23
43	59	30	25	23	22	21	26
38	58	30	23	23	21	21	25
40	62	30	25	23	23	20	24
38	58	30	26	23	24	19	24
34	53	31	25	24	23	19	24
33	55	32	24	26	23	18	21
35	55	31	24	24	23	18	23
34	54	32	25	25	20	20	23
35	50	33	24	25	20	19	23
36	55	33	26	24	20	19	22
36	52	32	27	22	20	20	23
38	55	34	26	23	19	19	23
36	52	30	23	22	21	18	22
35	50	29	23	21	20	19	23
36	51	29	24	21	21	21	24
35	49	28	23	20	22	20	24
32	50	28	22	20	23	22	23
33	49	28	22	21	23	23	23
33	53	31	23	23	24	22	24
31	52	30	24	23	24	21	24
32	53	32	26	24	23	22	23
35	55	32	28	25	22	21	24
34	55	33	30	24	24	21	23
37	56	42	33	24	21	22	21
37	52	43	33	24	23	22	22
36	50	42	32	23	22	19	22
35	54	42	33	24	22	19	21
38	54	43	32	24	21	19	22
35	49	33	30	22	22	19	23
39	56	35	29	23	22	20	22
39	55	34	28	23	22	22	23
39	47	31	26	23	23	22	23
38	52	31	25	25	25	23	24
40	52	32	25	26	25	21	23
32	44	30	23	25	24	20	22
35	50	31	25	25	25	19	22
34	53	35	27	24	24	21	24
32	48	33	26	23	20	19	23
29	49	32	27	23	23	21	24
31	50	31	27	24	23	22	25
32	60	33	28	24	23	24	25
31	55	30	27	24	24	23	26
31	55	29	27	24	25	23	26
31	54	28	26	24	22	24	24
30	53	31	27	23	21	24	25
34	49	29	27	25	23	22	23
36	47	29	26	25	22	22	22
36	47	28	25	25	22	22	23
38	53	31	26	25	23	21	24
39	55	29	25	26	24	22	24
35	48	28	22	25	24	22	25
35	57	32	22	25	23	22	24
35	57	33	23	26	24	23	23
36	60	33	24	25	24	23	24
34	59	32	23	23	25	24	23
33	61	34	23	23	24	25	22
31	62	32	24	21	25	25	23
31	64	32	26	22	24	25	24
30	58	30	25	24	25	24	23
29	58	31	24	25	24	22	23
30	58	28	25	23	23	19	23
29	48	25	26	24	22	20	23
51	56	33	24	23	22	21	27
50	58	35	26	22	20	20	26
53	69	38	28	22	23	22	26
54	68	38	27	23	23	22	26
53	70	38	28	25	23	22	26
34	66	32	27	25	21	20	22
39	66	32	26	27	23	21	24
42	55	29	28	28	22	19	23
75	55	30	27	27	22	20	26
78	52	30	27	25	23	21	25
79	53	32	27	25	26	21	26
78	49	32	26	22	24	20	25
76	49	32	25	20	23	21	27
45	49	33	26	20	23	21	25
41	53	34	25	23	24	20	26
41	52	33	25	24	20	20	26
39	51	33	25	24	23	21	25
35	53	33	24	25	25	22	24
35	59	32	23	25	24	21	25
33	59	32	24	25	23	21	24
30	53	30	24	25	25	21	24
32	60	28	23	25	23	23	26
47	61	29	26	25	22	24	27
57	54	30	25	26	23	23	29
59	58	28	26	24	25	23	29
61	62	27	28	24	24	23	29
61	57	29	28	24	24	20	28
55	63	29	29	23	24	21	27
43	67	29	29	22	24	22	25
47	68	31	28	23	23	25	25
46	69	34	29	24	23	25	24
45	69	32	28	23	23	26	23
40	62	32	25	23	23	25	23
36	55	30	24	24	23	24	22
44	76	36	26	25	22	21	23
42	73	34	23	24	20	20	24
43	73	35	23	23	18	22	25
44	73	35	25	23	18	21	25
46	75	35	27	22	18	22	23
32	49	28	23	20	18	23	22
32	54	30	26	19	20	23	22
29	51	29	26	22	21	23	22
27	47	28	24	24	21	23	22
28	51	31	24	24	22	23	23
28	49	32	26	24	22	22	22
28	42	30	26	27	22	21	21
32	48	30	27	27	22	20	22
33	50	30	28	24	23	20	21
30	44	29	27	24	23	21	21
30	47	26	24	25	22	20	23
31	49	27	24	23	21	22	23
27	46	25	24	20	21	22	23
25	43	25	24	22	21	21	23
26	44	24	24	22	22	20	24
25	38	25	25	22	24	20	23
24	35	23	24	23	25	19	23
24	31	24	23	23	25	20	21
27	41	26	23	24	25	20	23
31	46	29	25	24	23	20	23
33	50	31	25	24	20	22	26
35	55	32	25	25	19	24	25
37	57	34	25	25	19	23	25
37	56	35	28	24	18	23	24
34	55	34	25	23	20	23	24
37	55	33	25	22	20	22	22
35	51	35	24	20	22	21	23
37	54	34	24	21	22	21	24
37	50	30	21	24	24	21	24
37	48	31	23	24	22	20	23
33	46	31	23	24	22	22	22
34	45	28	25	24	21	23	22
31	43	27	24	24	20	23	20
30	41	27	24	22	19	22	21
30	39	25	24	21	20	23	19
32	43	25	25	24	20	23	22
32	44	25	25	24	20	23	21
31	40	23	27	23	22	23	23
30	39	22	25	23	22	23	22
31	42	24	24	23	22	24	24
31	45	26	24	23	23	24	21
29	45	28	23	23	23	22	22
36	66	33	25	22	21	23	22
36	67	34	25	21	20	24	22
35	69	34	25	21	22	23	21
34	65	33	25	20	20	22	20
35	66	32	24	21	20	23	20
31	52	29	22	21	20	22	21
31	49	29	21	21	23	22	21
33	49	30	23	21	22	22	22
33	47	29	23	21	22	21	22
33	48	29	22	21	22	21	21
32	47	30	21	20	21	20	21
36	57	31	24	20	21	21	22
33	59	33	24	21	21	20	25
36	63	33	25	23	21	20	25
37	64	35	27	23	22	21	26
38	62	34	26	25	22	21	25
35	55	33	26	27	21	20	26
37	52	31	25	26	22	21	22
36	49	30	23	24	22	23	22
35	45	29	23	24	22	24	23
36	45	30	23	24	22	24	25
34	47	29	23	21	22	24	24
39	59	34	25	22	23	25	26
37	59	36	25	24	25	23	23
38	62	37	24	24	25	22	23
42	70	38	26	22	25	23	21
41	71	38	25	22	24	22	20
43	74	36	24	22	24	22	20
44	74	35	25	22	21	22	21
43	77	37	24	23	23	23	21
36	66	34	23	23	23	23	21
38	68	35	24	24	23	24	23
30	49	31	22	22	21	22	23
31	54	33	21	23	20	23	25
34	58	32	24	22	20	22	25
35	58	31	26	21	21	23	25
36	55	31	25	24	21	21	23
40	74	38	27	24	22	21	23
39	71	37	27	22	22	21	22
37	69	37	24	23	21	21	23
38	75	40	23	23	20	20	25
36	75	38	24	24	20	22	24
32	61	31	21	26	20	22	24
35	66	35	23	28	20	21	22
31	58	32	25	28	22	22	20
33	55	29	24	29	23	22	18
36	69	34	24	25	23	23	20
37	72	36	26	24	23	22	21
39	75	32	24	23	23	24	21
40	77	35	25	23	22	23	20
39	79	37	25	22	22	23	21
36	65	33	25	23	24	21	20
33	60	32	24	21	22	22	19
31	62	37	25	23	23	21	20
31	61	34	25	22	24	22	21
34	56	33	27	23	24	22	21
34	57	34	26	25	23	22	21
36	56	35	25	25	23	22	23
36	48	29	24	24	23	21	23
37	52	30	24	25	23	20	24
32	48	27	20	23	23	22	25
31	49	27	21	21	21	21	24
34	57	29	21	20	22	21	23
30	53	29	23	20	23	22	22
29	50	29	22	20	20	21	23
29	49	29	23	22	21	19	21
32	50	28	24	22	23	21	22
27	40	26	25	23	24	20	23
28	38	27	24	23	25	22	22
30	43	27	25	24	24	23	21
30	48	29	24	24	25	24	21
27	46	28	24	25	23	24	21
29	45	26	24	25	23	24	21
30	54	28	24	25	22	22	23
30	56	31	25	25	24	23	22
31	52	29	23	25	23	20	23
31	52	31	22	26	25	23	22
32	52	31	23	26	23	21	22
30	43	28	23	26	23	22	19
26	38	26	21	24	21	21	21
26	38	27	23	25	22	21	22
30	49	30	26	24	22	19	23
29	50	29	26	24	24	22	22
30	51	32	25	23	25	21	23
31	51	31	26	22	26	21	21
30	56	32	26	23	25	22	21
35	63	32	26	24	25	23	23
35	63	33	27	24	24	21	23
35	65	32	27	24	24	23	23
37	67	33	27	25	24	23	24
39	67	33	26	26	24	23	24
34	57	29	24	23	23	24	22
37	61	30	24	23	23	23	23
37	63	33	24	23	22	23	23
36	58	32	25	22	23	23	24
35	59	32	24	21	24	22	21
35	59	36	25	22	23	21	22
32	53	37	24	23	23	22	21
33	50	34	23	23	24	22	21
33	54	35	22	25	23	23	21
32	51	34	23	24	24	24	23
34	55	31	23	25	25	25	23
36	58	34	25	25	25	23	22
35	57	34	24	24	23	22	21
35	55	35	24	24	22	21	21
36	53	35	25	26	20	20	22
33	44	34	25	25	19	20	22
32	42	30	24	26	20	22	23
35	47	34	25	26	21	23	23
37	47	33	26	25	22	23	23
34	47	32	24	25	21	22	22
34	48	33	24	26	22	22	22
36	52	36	27	25	21	22	22
33	46	34	27	24	21	22	22
32	49	33	26	25	20	23	23
32	50	34	27	25	21	23	23
33	50	33	25	24	23	23	22
34	47	32	22	24	21	22	22
32	46	31	22	25	22	21	22
36	56	35	22	24	23	21	22
36	58	34	23	22	22	21	21
37	60	34	24	23	21	22	22
43	75	38	27	25	22	21	23
45	79	40	30	27	22	22	23
42	72	37	30	29	24	22	22
43	73	40	30	29	25	23	23
43	71	39	30	27	25	23	23
34	53	33	29	25	26	23	21
36	56	31	25	21	25	24	22
36	60	34	25	19	23	22	22
37	58	31	25	21	24	23	21
36	57	34	24	22	22	21	20
44	71	38	25	23	25	24	22
41	71	42	25	24	27	22	22
40	66	41	24	26	27	23	22
41	66	40	24	25	25	22	24
40	65	39	23	25	26	23	24
32	53	34	22	25	23	21	24
32	47	31	22	24	22	22	26
38	59	29	25	23	21	23	27
39	59	30	25	23	22	23	23
41	66	31	25	24	23	21	25
38	65	32	25	23	23	21	23
39	67	32	25	23	23	20	22
39	73	33	25	23	23	19	22
39	76	36	25	25	24	20	25
38	70	35	26	23	22	22	24
41	69	34	27	24	22	21	23
43	72	35	28	25	21	23	24
41	60	34	26	24	21	22	24
40	56	33	27	23	18	23	21
42	60	34	27	23	19	22	22
40	60	33	25	24	22	23	23
38	58	32	24	22	22	22	22
37	58	33	24	24	23	22	20
37	57	32	23	24	24	22	20
34	53	31	22	23	23	24	20
36	60	34	23	22	22	23	22
34	55	32	23	23	22	25	21
32	50	31	23	24	23	25	23
33	51	29	22	23	23	26	25
34	53	31	22	24	25	24	25
32	46	26	20	24	23	23	25
34	47	27	20	23	25	23	28
33	51	29	20	22	23	21	26
31	48	29	20	22	23	20	25
32	50	28	19	20	21	22	24
32	49	28	23	24	21	22	23
32	53	31	25	24	20	21	21
33	50	35	25	24	21	22	23
34	53	34	26	25	21	22	23
32	52	35	28	26	22	21	21
33	56	36	25	21	23	22	21
35	56	34	24	23	22	23	23
32	54	30	23	22	23	22	21
32	55	30	21	24	25	21	22
32	52	29	20	23	25	24	23
31	49	26	21	24	25	24	24
30	44	28	20	21	24	22	22
31	44	27	23	24	23	23	22
30	43	29	23	22	22	24	22
32	44	30	23	23	22	21	23
30	41	33	22	25	21	20	23
29	40	32	24	26	21	20	22
28	42	33	24	24	22	20	24
28	45	33	23	23	22	20	25
29	46	33	27	27	23	20	23
29	47	32	27	24	24	21	21
30	46	32	27	26	27	20	23
30	48	31	26	27	24	21	23
29	43	30	26	27	24	21	21
29	45	27	23	25	22	21	23
32	49	36	26	26	23	21	24
29	49	35	27	23	22	22	23
30	50	39	28	23	23	20	22
30	49	42	29	24	24	21	22
29	47	45	29	24	28	38	21
29	51	43	30	24	27	39	21
35	56	44	30	25	28	39	21
34	55	39	32	25	30	42	20
35	59	40	31	25	29	42	21
36	57	38	32	25	26	28	22
34	51	34	30	24	25	25	25
32	51	34	30	24	24	24	25
32	51	34	26	24	21	21	26
31	49	29	25	21	20	21	28
30	50	29	25	20	21	20	26
30	50	32	24	20	22	20	23
28	46	29	23	19	22	21	26
28	47	32	24	18	23	23	25
31	47	33	24	20	24	22	24
30	49	34	25	19	25	22	26
31	53	34	24	20	25	22	26
32	53	36	25	20	25	20	25
33	55	34	24	21	25	18	24
31	53	34	24	23	24	19	24
31	48	32	22	24	21	19	22
28	43	27	23	24	19	20	21
31	46	27	24	25	19	21	21
31	41	30	24	25	19	20	21
34	47	29	26	23	22	20	19
34	52	30	28	22	23	19	19
37	53	32	28	24	24	19	20
33	50	31	25	23	23	20	21
34	52	30	26	26	23	22	22
33	48	30	24	25	22	23	23
33	43	29	24	26	22	24	25
30	41	28	23	23	22	25	24
35	47	28	22	24	24	24	24
33	45	23	24	20	24	22	26
33	45	22	24	20	23	21	27
33	46	24	23	22	21	21	26
35	48	25	23	22	22	20	26
35	44	26	28	22	21	21	26
34	46	28	26	22	20	20	24
34	44	30	27	23	21	20	22
35	47	33	26	20	23	22	21
37	49	33	28	20	22	23	22
35	52	33	24	20	22	23	22
35	51	33	23	20	23	23	21
34	55	34	24	23	20	24	22
35	56	30	24	24	20	21	24
30	52	29	22	24	21	21	22
31	49	30	22	26	20	21	22
32	50	28	24	26	21	20	21
33	47	26	23	24	22	20	20
35	53	27	26	23	22	20	20
36	54	27	26	23	20	18	21
35	55	26	27	23	22	18	22
33	55	26	24	22	20	19	21
32	58	31	25	22	20	19	24
29	52	31	23	21	20	19	25
31	54	33	23	22	22	21	27
29	52	34	24	20	20	20	26
30	49	34	24	20	21	19	27
29	46	29	24	21	21	18	25
29	46	30	23	22	21	19	23
29	42	28	24	21	20	19	22
30	41	26	24	21	21	20	22
32	46	31	26	23	20	21	21
33	44	31	26	23	20	23	22
32	43	31	26	22	23	24	23
32	45	29	26	23	24	22	23
30	48	30	26	21	23	23	23
30	47	29	27	21	25	23	24
29	48	30	27	20	25	24	25
28	46	31	27	20	23	23	23
28	46	31	24	23	22	24	22
35	53	31	28	24	22	23	23
34	52	30	26	23	20	24	21
37	56	28	26	25	19	24	21
39	58	29	28	25	20	23	23
38	59	30	28	24	20	23	23
35	51	30	27	24	18	24	22
34	48	28	27	25	20	23	23
31	44	28	25	25	20	22	21
31	43	29	23	26	20	22	18
31	40	27	24	24	20	23	17
28	39	27	21	23	21	21	20
28	38	27	22	23	21	21	20
27	37	27	23	22	21	20	21
29	37	25	23	22	22	22	21
30	40	28	22	22	21	21	23
28	45	30	24	23	23	22	22
29	47	30	23	21	22	23	21
32	55	33	22	24	23	23	22
29	53	32	23	22	23	20	21
27	51	30	23	21	24	21	22
30	51	28	22	21	23	22	23
30	56	28	24	22	23	23	23
32	53	24	24	20	22	22	22
37	60	29	26	23	23	24	26
38	60	29	25	24	22	23	25
35	55	27	26	24	22	22	23
35	51	28	24	24	22	21	24
32	47	28	24	24	22	21	24
29	39	25	23	23	22	22	22
28	41	26	27	23	22	22	23
29	42	27	24	23	23	23	25
30	43	27	26	22	22	23	25
27	41	27	25	23	22	23	24
27	45	28	23	22	21	21	23
31	47	31	20	23	22	21	22
32	50	33	22	24	20	21	19
35	50	33	21	25	22	20	18
35	49	33	22	25	23	20	21
36	50	32	22	25	23	21	20
30	44	29	22	25	24	22	20
34	53	31	23	26	23	21	22
30	50	28	23	27	21	22	22
33	57	28	23	27	22	22	23
34	56	29	24	27	23	23	23
35	55	27	24	26	23	22	23
32	43	25	24	23	23	23	23
35	50	27	24	25	26	23	23
31	43	27	23	24	25	22	22
32	41	27	24	24	25	22	22
34	46	29	22	26	25	22	22
33	46	28	21	26	24	22	22
32	40	27	21	23	22	21	22
34	41	28	22	22	24	20	21
30	42	27	21	21	23	20	20
28	39	28	24	23	22	21	21
33	42	33	25	23	23	23	21
30	42	33	26	23	22	23	23
30	44	33	25	24	21	25	25
31	43	34	26	26	20	26	25
32	49	34	26	24	21	25	23
29	49	32	25	25	21	24	24
30	54	36	24	26	24	25	23
32	52	37	25	26	24	25	21
31	51	37	26	26	27	24	21
32	50	36	23	24	26	24	21
29	48	34	24	24	24	22	20
30	43	32	24	23	23	21	22
28	46	29	23	22	25	21	21
29	48	31	22	20	23	21	24
27	45	29	23	21	23	21	23
28	48	30	23	20	24	23	22
27	46	29	21	20	24	24	20
26	45	32	23	19	20	23	21
26	44	30	22	20	21	25	20
25	42	29	23	22	22	25	22
28	48	31	24	24	24	25	22
27	48	30	24	24	23	24	22
27	47	27	23	24	26	25	21
27	50	30	23	24	25	23	20
35	54	34	26	24	25	24	20
33	46	30	25	23	24	23	19
36	56	32	26	22	25	24	21
35	55	32	26	24	23	22	22
35	52	31	27	22	22	22	22
29	49	28	24	20	22	20	20
32	53	30	25	21	23	21	21
28	42	28	24	22	22	20	20
31	47	28	24	21	23	21	20
31	46	27	22	23	24	23	21
34	48	28	24	24	24	23	22
32	46	27	23	23	23	22	23
33	45	27	24	23	24	21	26
31	41	27	26	23	22	21	25
29	46	29	25	22	21	20	25
24	43	30	25	24	21	19	26
28	41	29	23	25	21	20	25
28	43	29	23	23	20	22	22
29	47	29	21	23	19	23	22
29	41	28	21	24	21	23	21
36	53	29	21	23	20	26	22
33	52	31	23	22	21	25	22
33	57	32	23	23	22	24	22
34	56	32	25	22	25	23	24
35	56	33	25	22	25	22	24
29	49	33	24	19	25	21	25
32	54	32	24	19	25	22	24
33	51	31	25	20	24	22	26
33	50	31	23	20	22	24	25
34	51	31	23	19	22	23	24
33	52	29	23	22	24	23	24
32	45	27	21	23	23	22	24
31	47	28	21	22	23	23	23
27	48	29	22	22	23	21	23
29	49	27	23	23	23	21	22
29	47	28	23	22	19	21	19
31	46	30	23	20	20	20	21
30	40	28	24	23	19	21	21
32	37	28	23	23	18	23	22
32	37	29	24	23	18	23	22
32	37	30	24	24	18	23	24
31	39	32	25	26	17	23	22
31	38	32	23	24	18	26	23
30	41	32	25	24	19	24	22
30	42	33	24	24	21	24	22
27	38	31	24	23	21	25	22
28	38	29	22	22	21	26	23
28	40	30	22	23	24	24	23
29	38	30	21	24	24	25	23
29	39	28	22	24	25	26	23
30	44	29	22	24	26	24	21
29	44	29	23	25	26	23	23
32	49	29	23	25	25	22	22
31	50	28	22	25	24	22	22
34	50	28	21	25	23	24	22
33	46	25	20	25	23	24	22
33	47	24	23	22	22	24	22
31	47	25	22	23	21	23	23
31	46	26	24	22	21	23	23
27	43	25	24	22	23	20	24
31	50	29	24	22	24	20	25
33	50	32	22	22	23	21	25
32	46	33	25	21	23	23	24
32	45	32	23	20	24	22	22
34	47	33	24	20	22	23	22
31	42	31	24	19	21	24	21
32	46	33	24	21	23	26	22
32	45	33	21	22	23	24	22
33	53	34	22	23	23	23	23
31	48	33	24	23	23	25	22
36	56	34	25	24	24	23	24
33	51	31	26	22	22	22	22
36	53	31	28	20	23	24	23
34	51	30	27	20	23	26	23
34	54	30	25	21	23	23	25
28	49	31	25	20	21	24	23
30	55	30	26	22	22	24	24
27	52	29	25	24	23	22	23
32	55	32	25	25	23	22	24
35	57	32	28	24	23	23	23
38	70	32	28	25	24	22	25
40	76	38	29	24	24	21	25
41	76	37	28	24	22	21	25
38	76	37	29	23	23	22	25
35	74	35	27	22	23	22	26
33	63	36	25	22	21	23	23
31	52	31	22	24	22	21	23
34	58	35	23	23	21	20	22
34	56	36	22	23	21	19	19
34	55	36	23	23	22	20	22
34	54	36	22	22	22	21	24
33	53	36	22	21	22	21	22
30	46	35	21	21	22	22	23
30	45	33	22	20	22	22	25
34	46	33	19	21	19	22	25
33	41	32	23	21	22	21	23
34	47	32	22	22	23	22	25
34	48	33	24	23	23	22	24
32	48	31	24	24	25	23	21
29	46	31	24	26	25	22	20
29	47	31	22	25	22	23	20
28	42	30	21	26	20	24	19
32	45	28	21	25	20	26	19
33	43	28	20	24	20	26	20
31	42	28	22	22	21	26	21
31	42	28	23	23	24	25	20
36	50	31	26	21	25	24	25
32	48	31	25	22	25	21	25
31	47	30	24	22	24	21	26
34	48	31	25	23	25	21	25
37	55	34	26	26	25	23	28
33	50	34	26	27	24	22	25
34	51	34	27	27	26	22	25
34	55	34	27	26	26	23	26
33	54	34	26	24	25	24	25
34	56	32	26	23	23	23	24
35	58	30	24	24	24	25	23
37	60	32	23	24	21	25	24
36	56	33	24	24	21	25	22
37	56	34	25	25	21	23	23
34	47	33	26	22	19	23	22
32	47	34	27	20	20	20	21
33	57	32	26	24	21	22	21
34	59	31	26	24	21	22	21
33	60	30	25	25	21	23	21
35	66	32	23	28	21	23	23
32	66	31	21	26	20	23	22
29	55	28	22	24	20	21	20
29	57	29	22	25	20	20	22
28	54	27	25	25	22	20	21
27	45	25	24	24	21	18	19
28	42	26	25	24	21	19	19
28	40	29	26	24	21	21	21
31	38	30	27	23	23	21	21
32	48	31	26	23	21	23	21
32	49	33	27	24	22	23	21
31	49	31	25	24	21	25	22
32	52	29	26	26	19	24	21
31	56	28	25	24	20	24	22
31	54	28	23	23	22	23	23
32	54	26	23	21	22	23	23
37	57	28	24	25	24	22	23
38	55	33	23	25	24	21	21
86	51	33	26	27	23	21	23
88	47	34	27	27	20	22	24
96	56	35	28	29	21	22	26
111	53	35	29	26	21	21	33
124	72	36	37	37	27	22	44
107	73	37	37	37	29	23	45
105	76	38	38	37	30	22	44
100	71	37	37	38	30	23	42
84	71	36	38	38	31	24	39
62	51	29	29	27	26	23	29
42	50	29	27	25	24	23	26
41	47	28	25	25	23	24	25
36	45	28	25	21	22	23	24
49	49	26	23	21	21	23	25
54	51	29	25	21	22	22	25
54	47	29	24	21	23	23	24
55	47	28	25	20	23	22	25
74	52	32	25	22	23	21	29
78	47	32	24	22	24	22	27
78	51	33	23	23	22	24	27
81	52	31	23	23	22	21	27
81	51	30	22	23	23	23	28
66	51	28	23	23	23	23	25
48	52	30	23	22	22	21	27
42	44	26	24	22	24	20	25
37	48	26	25	21	21	21	26
38	49	27	25	22	21	21	26
57	44	27	23	21	20	21	28
59	46	28	24	21	20	22	24
60	46	28	23	22	19	20	24
62	43	28	23	24	18	22	25
59	42	29	25	23	21	22	22
42	54	32	26	23	22	26	20
38	51	31	28	24	22	25	21
65	58	33	28	24	22	26	24
67	59	33	28	25	23	25	24
70	58	32	27	26	22	25	26
71	45	27	27	27	23	21	27
71	43	25	24	26	24	21	27
48	38	27	23	25	23	22	26
46	40	29	25	24	25	24	28
60	44	30	23	25	24	23	27
58	54	31	23	24	22	23	28
59	57	32	23	24	22	23	28
58	57	31	25	22	23	23	27
55	52	29	22	23	21	20	24
37	52	29	23	23	23	21	25
35	44	27	23	24	23	22	22
31	43	26	24	23	21	22	22
31	48	24	21	24	22	22	23
29	51	24	23	24	23	23	25
27	52	25	23	24	21	23	24
32	58	28	23	22	22	21	24
33	57	30	22	25	24	20	25
32	55	29	24	23	23	20	24
33	56	31	24	23	23	19	23
36	57	30	25	21	23	21	22
29	49	27	26	23	24	20	23
29	50	24	24	23	23	21	22
30	53	29	24	25	24	21	22
29	49	28	23	26	24	22	20
29	47	29	23	26	23	20	22
30	50	31	23	24	22	22	22
30	52	34	25	23	23	21	20
31	50	32	26	25	21	21	21
32	49	31	27	24	22	19	23
29	47	30	26	24	23	21	21
27	43	29	25	25	23	20	20
28	40	25	24	25	22	19	21
26	33	25	23	23	24	22	22
25	31	24	23	22	23	23	21
26	37	28	23	25	24	24	22
27	37	31	22	26	25	23	22
26	34	31	22	27	26	24	22
27	41	32	21	27	24	23	20
30	44	30	21	26	23	23	25
30	38	27	22	23	23	23	25
33	46	28	24	23	20	23	25
31	49	28	24	21	20	21	26
30	43	26	25	22	21	19	27
29	44	27	26	24	21	21	22
28	45	28	26	24	21	19	23
28	40	26	25	24	22	20	22
33	42	27	26	25	23	21	20
34	44	27	25	27	23	20	21
33	41	27	25	26	22	20	20
34	43	26	26	29	23	21	20
35	49	28	26	28	24	21	23
30	45	29	25	29	23	21	24
31	46	29	24	28	23	23	25
32	50	30	22	28	23	22	27
32	50	29	22	25	22	22	27
32	44	28	21	25	22	21	26
32	46	28	21	24	21	21	25
32	45	29	23	23	21	20	24
31	44	29	24	23	22	21	23
33	51	31	23	24	21	21	22
30	49	32	24	23	22	22	21
29	46	33	23	24	22	23	24
28	48	31	22	23	21	23	24
28	50	33	21	24	22	22	23
27	44	34	21	23	22	23	23
28	46	32	21	24	22	22	23
30	49	30	22	22	22	22	21
29	48	30	23	23	23	23	20
31	44	30	22	22	21	23	22
28	40	27	20	23	22	22	22
30	42	28	19	24	20	21	20
30	40	29	19	23	22	22	22
30	36	30	18	23	22	21	22
