0	1	2	3	4	5	6	7
514	575	439	260	136	127	227	460
675	479	422	249	131	126	238	528
659	484	457	297	141	123	235	509
663	526	528	322	148	120	251	509
689	530	529	352	167	132	264	538
619	437	464	303	139	103	202	442
455	452	459	316	148	108	207	350
428	477	432	264	131	107	203	331
412	501	394	249	130	103	184	320
372	472	388	213	117	117	190	228
282	509	383	214	114	108	181	128
344	522	375	207	107	107	163	142
353	481	333	186	100	106	165	173
356	469	322	179	92	106	176	198
349	474	345	199	92	87	135	202
347	453	314	196	100	88	126	203
246	390	297	194	98	83	132	188
315	380	300	205	103	83	159	193
313	343	301	194	101	78	147	176
314	421	284	183	94	64	139	157
308	422	299	182	92	66	136	160
303	426	347	179	90	68	126	161
216	437	413	199	94	67	102	133
212	433	390	212	95	65	98	148
199	370	371	196	92	64	101	156
225	352	369	188	85	56	107	161
231	355	366	199	90	52	135	185
297	376	327	198	99	59	124	183
300	315	410	199	103	61	117	172
303	316	419	208	98	59	115	165
291	306	417	214	99	62	131	164
284	305	403	216	98	62	104	147
276	278	436	197	82	53	98	166
306	368	374	179	77	53	101	175
295	333	365	161	76	53	123	182
294	328	369	171	93	67	104	191
337	364	369	159	95	72	125	204
304	391	324	149	96	74	125	188
378	289	296	158	94	77	129	191
385	302	314	175	95	84	141	197
385	328	316	179	88	76	144	185
348	325	365	196	96	73	144	192
334	276	338	196	99	77	149	206
198	273	339	190	100	87	154	188
200	317	348	213	115	84	126	201
187	298	350	199	107	81	120	204
204	250	298	180	98	80	98	178
222	256	347	195	99	77	113	162
226	292	355	208	97	58	107	180
207	237	340	173	80	53	100	146
212	247	320	173	82	49	98	125
196	256	293	170	79	49	113	136
223	279	311	220	81	48	97	137
232	271	339	213	79	48	128	134
256	267	337	216	82	66	143	135
261	269	392	217	82	67	163	140
273	270	439	212	80	71	154	190
234	239	417	193	76	68	152	192
260	247	475	215	77	69	136	216
236	300	475	220	80	66	175	222
233	302	457	233	78	71	181	225
228	296	469	247	77	74	187	186
227	302	449	224	75	74	192	188
178	269	354	195	75	78	189	145
184	199	390	184	68	71	145	152
172	196	395	189	75	68	132	155
165	193	342	183	82	72	129	150
143	188	384	171	83	76	130	139
138	194	424	177	82	73	125	154
160	213	407	182	86	73	126	141
166	201	395	180	87	71	106	139
164	236	419	203	91	72	129	158
162	237	381	201	91	67	121	155
158	230	325	201	93	75	115	140
141	250	327	205	97	75	112	148
138	255	377	222	106	77	110	152
143	227	359	212	103	77	104	138
146	235	367	228	109	85	103	143
149	294	389	248	122	86	112	140
136	292	368	239	116	88	112	131
150	297	294	206	105	99	117	141
145	299	323	205	105	94	111	178
148	301	336	194	100	93	118	173
156	266	399	200	97	91	111	208
157	247	389	201	95	92	111	213
150	294	395	198	95	80	112	215
155	365	408	204	97	76	93	176
151	368	421	214	97	70	82	187
139	361	336	174	78	71	74	159
137	388	358	210	86	74	86	152
150	447	415	260	96	72	86	130
151	412	373	238	88	83	105	148
153	399	325	225	88	102	121	145
187	413	355	262	107	103	128	139
200	426	356	236	99	95	121	144
186	324	292	187	90	145	138	153
169	304	292	210	94	155	158	155
187	316	341	243	97	148	146	152
161	304	385	266	103	150	147	147
163	291	397	266	108	155	155	135
168	311	416	276	115	121	138	129
177	314	450	308	117	101	93	110
160	328	463	306	119	94	91	97
207	320	421	267	108	89	107	125
202	284	394	264	106	111	96	140
196	305	471	283	106	104	100	135
206	351	444	240	100	103	99	148
218	372	412	223	95	104	121	154
217	394	460	235	86	106	124	156
212	398	458	255	101	89	126	158
231	392	384	240	103	87	124	187
223	404	374	237	105	94	132	212
214	372	355	238	108	108	132	213
183	359	292	228	108	106	130	203
198	393	371	250	105	96	129	215
171	386	348	250	102	95	138	205
186	319	374	252	113	99	180	195
185	319	378	240	109	96	174	193
204	356	377	230	113	98	160	197
188	324	316	188	106	99	168	175
212	351	347	230	112	106	165	160
207	390	320	234	103	97	113	130
210	383	355	269	114	84	118	150
201	342	344	276	119	85	120	155
201	342	347	281	126	98	125	164
194	279	291	228	118	106	129	193
190	239	323	222	116	103	133	194
202	239	339	217	108	102	120	209
176	310	372	213	104	104	136	202
170	326	372	199	91	93	129	194
150	328	370	198	81	81	116	169
137	333	394	200	87	85	135	179
117	369	354	180	101	92	148	144
138	331	320	170	94	89	141	139
155	309	326	186	100	101	153	151
171	306	333	181	101	97	174	181
176	315	269	198	103	95	154	168
183	271	413	221	86	92	150	162
169	229	406	219	85	93	152	161
227	237	388	218	86	90	151	160
236	252	388	222	85	87	176	132
236	223	405	240	83	85	177	140
243	226	241	208	91	88	200	170
249	233	252	203	88	79	201	186
220	237	251	186	79	63	205	207
207	234	252	184	80	60	173	213
222	350	292	143	89	66	177	230
199	350	312	152	80	63	155	207
203	356	314	190	115	93	197	207
178	373	327	205	116	94	179	186
191	380	364	219	125	98	175	171
180	372	346	219	119	94	179	159
193	376	334	210	119	98	174	160
182	370	339	185	92	72	117	156
170	374	369	182	90	77	146	143
147	380	372	167	82	77	158	147
147	282	341	157	72	82	146	126
147	306	348	157	74	84	148	140
146	307	349	148	67	84	142	128
151	285	385	162	71	81	114	160
141	260	345	163	72	80	92	152
156	316	345	169	81	80	108	172
145	294	333	156	78	69	91	165
148	302	318	157	76	73	104	162
162	279	251	152	88	80	102	135
172	358	267	158	95	83	112	139
137	315	266	148	85	77	100	120
142	312	269	153	84	79	102	111
140	319	314	188	93	78	112	103
123	315	287	175	87	69	111	113
110	245	265	170	83	67	105	105
113	233	254	166	87	74	135	94
127	240	267	168	95	85	142	110
121	212	235	153	92	87	126	110
112	247	247	161	95	87	127	94
110	228	275	168	90	83	127	92
124	269	282	177	95	86	122	117
100	265	282	180	88	73	115	99
113	303	270	164	85	74	165	98
110	310	261	161	76	71	169	102
111	316	229	160	81	75	166	102
93	288	236	147	73	63	146	67
95	279	223	135	74	60	155	79
81	295	213	127	72	56	107	87
89	277	215	114	69	57	99	84
99	279	238	110	76	68	108	82
100	270	232	134	80	78	128	92
92	323	244	143	86	84	122	88
91	267	248	151	84	86	115	89
95	252	242	153	90	91	133	90
85	247	249	158	84	82	124	101
94	272	297	162	93	80	98	94
96	244	282	164	89	74	96	102
115	250	315	170	92	77	123	104
118	250	312	166	95	84	120	104
117	246	290	156	90	82	122	95
116	247	282	149	80	78	123	118
115	212	287	143	76	76	128	109
97	212	243	134	76	67	104	105
84	238	242	137	65	54	80	102
87	283	278	151	74	60	85	105
82	267	241	144	72	59	96	73
94	305	248	148	83	64	93	77
89	317	251	154	83	60	90	72
97	294	250	155	89	69	106	85
95	264	232	144	86	65	106	89
102	270	256	156	91	70	111	102
88	230	270	159	83	72	106	98
92	267	275	150	81	76	134	105
81	299	267	147	70	62	121	93
87	290	247	132	64	62	118	110
70	292	203	112	56	55	107	115
86	292	183	109	62	56	107	122
86	236	214	160	83	58	88	117
