0	1	2	3	4	5	6	7
85	171	241	131	57	39	84	108
86	172	269	132	58	44	86	106
93	154	247	130	57	43	86	112
92	149	248	129	61	46	106	120
104	157	330	128	59	48	93	109
104	128	308	114	57	50	102	125
108	123	293	115	59	51	105	131
116	134	308	160	73	52	109	122
122	142	307	171	79	53	89	142
139	158	211	166	79	51	91	153
144	163	228	170	85	52	115	150
133	159	217	174	85	48	109	141
126	162	260	189	86	51	113	143
119	155	256	180	80	52	145	113
88	140	259	186	80	50	142	102
80	133	273	185	76	48	119	93
90	161	288	208	84	50	137	90
79	153	233	161	72	50	143	93
88	162	232	164	71	47	110	96
85	165	245	172	74	49	111	101
91	163	247	194	87	53	105	96
89	163	277	170	79	54	97	100
88	152	286	166	81	51	81	99
84	138	287	166	77	49	84	101
93	134	341	152	74	60	85	93
84	152	343	119	54	56	94	101
82	130	323	142	56	55	80	94
95	133	320	172	60	57	75	83
105	136	392	182	63	60	82	116
96	164	353	181	61	47	107	120
98	155	356	184	62	47	109	115
100	157	346	163	57	43	107	115
94	157	362	147	65	46	112	119
123	158	282	154	71	50	116	129
127	127	315	154	71	50	97	129
125	117	290	157	74	52	88	130
119	103	278	157	76	52	86	131
116	133	259	167	71	54	95	153
86	145	272	152	79	53	88	118
84	146	287	166	82	53	84	120
83	175	317	165	79	51	86	126
86	183	322	168	76	52	112	126
89	166	324	158	78	46	107	95
77	163	321	153	58	38	110	100
72	188	256	142	63	39	113	101
72	162	207	140	68	38	110	91
74	154	209	139	68	64	90	99
67	149	250	139	67	70	81	103
67	180	250	144	71	74	92	98
74	164	235	138	66	75	97	94
74	167	233	129	61	77	100	91
75	172	271	160	74	60	95	99
93	192	228	153	71	54	102	108
107	156	237	165	76	52	100	115
106	165	239	170	79	57	100	118
115	174	261	184	79	54	130	136
117	194	238	181	81	54	138	122
104	189	238	189	87	56	140	115
98	187	207	173	85	54	132	112
98	166	207	165	81	49	144	106
93	154	195	168	88	53	136	87
103	135	183	145	79	52	151	104
104	155	172	131	72	52	154	103
98	165	170	129	66	49	152	93
97	180	167	158	83	52	134	89
91	181	143	152	82	54	132	87
86	186	117	154	81	58	112	87
96	174	132	156	81	56	101	80
92	183	133	156	81	55	99	79
107	188	139	144	62	58	133	90
146	185	136	133	60	57	115	104
146	199	173	121	56	52	107	88
147	187	171	139	53	49	105	100
169	216	177	141	53	54	116	115
164	206	167	117	50	54	119	107
134	232	164	111	44	50	119	92
126	214	124	106	41	50	120	92
127	212	106	74	38	49	120	76
97	179	88	62	35	45	107	62
85	178	82	61	35	33	52	66
79	145	77	54	29	42	45	64
76	150	66	53	31	41	40	60
51	180	65	45	29	42	34	61
51	178	74	49	31	43	28	46
54	172	79	55	35	45	29	35
52	172	75	54	35	35	26	37
51	163	74	55	35	35	26	37
50	141	72	55	40	35	28	37
47	152	70	51	37	30	28	36
36	149	63	43	33	26	24	30
35	147	65	43	31	24	24	27
35	166	69	41	29	23	25	28
33	147	60	36	22	18	21	22
23	119	47	34	24	43	19	19
24	130	50	37	26	51	21	21
36	157	72	44	28	58	26	22
36	136	68	42	28	61	25	20
55	207	88	44	32	64	27	28
64	239	132	69	49	56	31	30
65	242	135	69	47	59	29	30
77	226	134	69	48	52	25	32
89	250	139	71	49	51	27	34
96	266	162	80	52	49	31	35
96	275	154	62	36	55	29	34
97	270	152	61	41	48	31	37
88	312	152	59	38	49	31	35
119	306	181	88	51	48	34	49
115	303	159	87	49	48	30	47
166	303	158	93	53	49	32	51
194	351	178	98	54	49	32	59
192	322	174	98	56	49	34	58
199	348	150	87	54	51	38	57
215	344	178	86	55	49	37	59
187	361	182	85	54	35	38	58
197	370	256	172	98	54	49	67
251	505	404	231	124	66	59	93
258	529	439	246	130	66	58	94
262	524	440	248	130	69	59	95
291	550	458	285	149	78	70	110
303	542	446	247	126	66	65	109
298	435	347	197	103	56	62	100
286	399	310	184	95	56	58	96
280	385	349	203	102	62	64	101
250	338	355	164	77	53	52	85
215	337	342	181	88	53	52	80
171	332	340	188	95	54	46	64
154	302	335	183	93	54	44	60
137	292	297	168	87	46	38	53
123	258	278	154	85	43	38	51
107	273	280	126	69	39	30	39
87	251	253	109	55	33	28	36
93	273	254	103	57	32	29	46
82	285	242	108	70	39	33	50
91	309	281	128	82	45	37	54
87	246	266	127	83	45	38	55
107	235	261	129	83	47	53	79
97	207	250	126	82	49	75	76
93	171	242	107	69	44	78	72
90	105	162	83	58	39	75	70
103	87	113	77	58	40	77	91
80	82	110	73	58	40	69	85
80	85	113	75	62	41	47	87
84	90	113	70	61	43	77	94
93	88	106	71	51	39	85	98
93	93	113	84	51	41	108	93
92	93	115	89	49	39	151	83
111	89	114	95	58	112	424	184
151	101	120	119	67	116	460	196
153	90	112	113	68	119	462	201
145	85	105	106	69	120	471	195
151	87	105	105	70	121	460	202
151	88	125	106	62	66	253	118
112	73	144	87	51	61	184	101
100	71	189	115	52	58	191	97
103	73	194	115	50	53	175	97
96	71	206	119	49	70	331	102
87	73	194	111	42	63	340	119
88	67	185	106	41	59	336	111
81	67	139	82	38	58	332	104
86	68	144	82	36	58	326	108
98	66	126	77	42	40	182	91
85	56	121	80	45	41	142	63
80	54	90	75	44	41	131	61
81	59	79	63	42	40	124	56
71	58	51	55	41	42	128	46
52	59	49	50	36	37	101	42
47	59	42	36	27	29	93	38
67	64	45	31	28	35	122	60
65	55	41	32	26	38	139	63
64	50	36	30	29	35	126	62
63	50	38	32	29	35	127	60
65	52	39	29	29	33	122	60
47	45	35	27	26	29	103	39
45	47	33	26	30	29	75	32
51	62	44	34	29	29	72	33
50	66	44	36	29	31	99	31
48	64	41	37	28	31	100	32
44	61	41	37	27	31	95	31
48	72	43	36	24	28	123	34
42	59	34	29	24	28	125	35
42	58	33	25	23	25	106	42
51	67	37	30	26	26	111	46
51	67	36	31	26	26	129	49
48	57	34	31	25	27	110	48
47	58	36	31	25	29	114	46
48	56	35	32	27	38	138	45
40	44	30	28	24	38	134	39
40	51	34	27	26	38	112	33
38	46	34	26	27	39	105	35
42	50	33	25	25	38	107	37
41	50	32	22	25	41	148	35
43	53	35	24	26	42	150	34
44	47	30	23	25	42	154	38
47	53	29	24	24	39	154	36
43	49	28	25	27	42	186	42
45	53	29	24	26	32	139	45
43	49	27	22	27	32	137	51
43	51	29	25	27	30	133	49
49	56	34	26	28	32	146	51
49	54	33	26	26	25	94	48
45	48	31	27	25	26	101	45
51	48	32	26	24	30	103	44
52	47	33	24	24	29	108	45
