0	1	2	3	4	5	6	7
131	169	234	116	55	88	45	68
124	180	242	124	42	41	33	66
115	187	234	105	46	50	32	66
120	248	213	109	47	50	32	67
122	253	170	104	42	51	31	76
114	253	162	101	41	58	35	85
102	253	152	89	42	57	33	77
85	250	142	77	41	58	33	75
80	202	85	55	38	63	31	75
67	197	67	48	37	60	31	64
71	212	62	46	36	54	25	44
68	240	73	46	34	53	25	39
66	231	66	41	30	48	25	41
50	219	62	42	31	44	24	35
49	216	61	41	31	95	23	35
38	213	65	44	30	104	27	30
38	175	49	41	30	106	29	29
40	169	60	41	28	110	27	25
76	271	137	68	37	117	37	42
85	277	153	76	42	95	43	52
85	277	158	80	46	92	43	60
102	292	172	90	52	92	43	62
115	392	273	115	62	83	47	68
107	333	285	128	70	75	42	62
105	329	282	130	71	65	39	59
138	346	283	129	71	61	41	57
132	384	280	125	67	66	41	56
153	366	213	125	63	66	42	60
181	375	164	100	48	64	41	66
203	399	161	93	45	55	42	73
188	390	164	93	47	54	43	73
188	380	171	92	44	45	42	75
174	315	208	87	50	44	38	70
169	302	214	85	52	43	38	68
149	272	216	93	59	45	37	60
156	274	239	103	61	39	33	60
155	231	238	105	67	51	36	59
150	268	203	91	61	53	38	61
127	297	224	101	62	54	38	61
119	311	223	96	57	52	35	56
111	329	193	82	55	59	34	48
126	355	267	112	60	54	34	53
138	359	291	138	74	61	34	47
135	393	289	145	77	61	35	46
160	406	311	161	78	60	38	53
174	434	373	199	97	58	41	61
171	491	354	201	104	75	43	62
160	474	326	182	96	71	40	61
191	436	309	173	92	72	44	72
168	416	302	160	92	74	45	70
175	384	246	111	69	68	43	66
168	285	240	93	58	45	45	64
166	243	234	92	57	41	45	62
159	311	262	103	63	53	43	52
180	319	257	111	68	53	39	51
155	325	272	122	73	55	38	47
151	318	245	109	63	54	30	42
148	325	247	106	61	55	29	43
112	269	222	94	54	41	25	34
79	311	220	93	50	38	29	37
82	276	190	87	44	33	28	40
89	274	173	89	48	31	31	50
99	282	176	97	53	31	35	58
121	288	179	98	54	32	36	61
168	404	264	132	69	36	41	76
172	411	268	136	75	39	43	76
170	410	265	134	75	40	46	73
171	400	260	133	78	51	76	77
153	381	251	132	79	54	84	77
94	182	176	94	63	51	81	61
118	150	159	90	63	52	82	88
121	129	246	149	69	52	81	95
119	150	282	160	64	42	54	97
120	151	285	161	62	39	54	96
127	142	267	158	64	41	66	118
98	137	263	156	59	39	67	104
88	132	229	137	55	39	67	96
80	95	181	125	54	53	150	92
80	65	179	127	53	53	154	97
99	70	178	127	52	52	154	71
103	65	192	147	64	53	154	71
109	62	170	127	57	52	159	72
107	60	164	120	53	34	86	68
101	58	154	115	53	32	72	58
76	54	143	111	50	32	94	56
77	51	114	74	33	31	93	46
80	50	50	43	31	29	86	66
78	48	41	42	35	32	86	64
82	54	46	42	35	35	85	65
76	47	44	37	34	33	47	60
62	53	42	35	32	29	43	58
50	49	80	60	35	31	39	39
52	50	96	70	33	29	63	44
56	50	101	76	34	26	60	45
58	49	103	78	33	25	61	46
58	43	103	77	33	25	62	46
59	55	78	59	31	25	71	50
58	56	68	62	28	23	53	45
55	55	60	58	30	23	53	44
53	57	70	64	31	22	51	42
56	60	76	66	31	24	51	42
53	53	77	66	29	22	37	33
52	53	66	52	29	25	31	29
43	50	64	46	28	24	29	26
44	52	50	37	27	26	28	28
47	50	38	32	27	26	25	30
45	44	34	30	27	24	24	28
43	44	35	30	25	25	22	29
45	45	37	33	23	24	25	33
51	48	36	33	24	23	28	40
52	46	58	35	23	23	56	42
52	47	59	35	24	25	59	41
59	50	61	36	24	25	60	42
64	47	60	32	23	24	59	41
62	47	65	32	24	28	59	33
60	47	50	30	24	28	35	28
60	46	58	41	22	27	31	31
54	44	58	45	24	24	28	33
47	50	58	46	26	24	26	30
48	49	52	44	24	21	23	33
42	47	52	44	27	19	22	33
42	47	43	35	27	21	24	35
47	48	45	54	29	23	23	34
52	43	47	58	29	25	23	33
56	47	49	60	30	24	23	32
57	51	49	62	28	24	21	33
58	54	50	63	28	23	19	32
58	52	50	45	26	23	21	30
62	54	47	40	25	22	22	32
60	56	56	41	25	24	24	31
61	52	70	39	26	25	26	32
62	51	68	39	26	25	26	32
58	50	71	38	24	25	26	32
59	53	76	43	25	26	27	33
57	47	69	39	25	23	24	32
59	49	56	40	25	24	23	31
60	51	63	43	25	24	23	32
63	53	56	45	27	23	23	35
65	51	51	40	27	24	23	33
64	51	52	43	27	24	24	37
64	56	55	41	27	23	26	38
60	54	50	38	28	22	26	37
57	51	54	43	26	22	26	35
58	51	52	43	27	25	24	37
58	52	50	42	27	25	25	33
53	51	45	42	27	25	21	29
55	51	45	41	26	28	22	32
55	52	42	34	26	28	20	32
51	52	41	31	24	25	21	32
54	48	40	30	24	26	20	33
55	44	40	30	24	26	22	34
53	50	34	29	24	24	23	33
57	48	33	28	24	24	24	32
