0	1	2	3	4	5	6	7
61	87	253	113	45	30	27	29
61	95	239	119	49	33	27	29
61	87	193	117	50	33	28	32
65	88	187	139	52	34	28	33
62	86	191	136	51	35	27	33
59	98	216	144	50	37	26	32
54	89	214	140	50	36	24	30
57	110	193	133	47	37	26	28
56	111	195	112	49	42	28	26
49	127	199	109	58	44	29	25
59	125	176	112	70	49	31	27
62	138	165	129	70	48	31	28
61	125	173	144	74	48	29	30
61	140	168	162	75	46	28	29
61	137	157	164	69	43	26	30
60	130	132	153	55	36	25	29
58	121	165	133	51	38	26	29
53	121	166	123	53	40	29	26
51	101	171	104	51	40	32	29
60	75	184	107	57	42	34	35
56	92	208	110	59	42	32	36
59	92	233	122	65	43	33	35
59	111	237	124	65	44	34	35
71	111	243	122	65	43	31	33
68	115	245	118	65	43	27	28
67	101	254	122	63	43	28	28
68	102	221	138	59	41	28	33
72	83	214	133	58	35	26	34
58	82	208	133	54	33	26	34
53	83	209	132	54	30	28	34
57	83	189	158	63	32	29	33
51	78	190	147	66	34	29	27
51	75	199	151	66	35	28	27
59	102	215	152	68	35	30	30
61	96	202	151	61	35	28	30
57	103	203	118	52	36	26	30
58	99	189	112	52	35	26	34
53	95	180	104	53	35	28	33
55	78	172	119	63	39	31	33
54	80	161	122	73	43	35	33
57	78	138	116	73	42	34	32
60	106	153	120	70	46	34	30
75	113	163	129	75	52	33	38
71	110	144	109	67	51	28	37
68	108	150	104	61	54	28	37
68	110	155	122	65	54	29	37
69	86	142	117	65	50	32	37
48	83	158	109	56	44	30	29
49	84	161	119	59	50	32	29
52	88	196	145	58	42	29	30
54	83	197	139	59	44	31	33
49	85	217	134	60	48	30	33
57	81	203	149	63	48	31	36
73	77	220	157	66	46	33	42
81	74	182	140	67	50	35	41
81	93	188	141	68	48	34	38
82	90	194	152	76	50	33	40
82	97	197	147	82	52	34	41
67	93	173	139	79	48	31	38
55	93	182	142	79	46	28	36
50	83	191	134	77	48	29	37
51	89	205	133	75	45	30	37
45	80	197	124	66	44	29	31
46	86	214	116	66	44	30	29
53	84	214	110	64	45	31	30
57	86	203	118	66	43	31	35
60	88	170	134	73	52	34	32
61	118	215	155	77	54	35	34
60	121	206	161	80	55	34	33
55	122	203	163	77	51	34	37
55	113	201	162	75	53	33	33
46	106	190	146	62	42	28	33
45	78	161	126	70	41	30	34
47	66	156	123	64	38	29	35
44	66	155	123	67	38	29	30
38	62	161	127	66	37	26	30
40	62	159	119	61	36	27	30
42	75	130	113	52	39	25	31
39	83	135	123	54	39	24	28
44	85	148	117	59	45	26	29
47	96	140	105	63	46	29	29
51	98	149	117	71	48	29	29
48	93	170	135	76	45	29	27
50	102	185	134	82	51	30	31
50	109	171	130	76	46	28	30
59	111	181	141	76	43	26	34
55	106	193	156	75	41	26	34
55	107	212	138	70	40	26	34
51	91	193	124	64	35	26	32
57	92	204	136	67	38	28	34
47	80	201	134	70	42	26	31
62	87	188	116	76	48	27	34
63	80	151	116	73	44	26	35
68	118	164	127	76	45	26	34
62	115	184	135	83	44	27	33
66	115	186	153	80	39	28	31
63	113	219	162	77	35	26	31
62	116	232	188	83	37	27	31
56	80	223	192	80	36	28	31
63	88	202	182	72	35	26	32
58	87	190	159	68	34	26	33
49	87	237	165	61	34	29	30
50	80	235	145	55	34	27	30
55	79	235	132	52	33	26	31
50	61	239	134	58	38	30	29
52	67	257	141	59	39	31	30
53	69	208	134	56	38	28	30
51	76	209	131	56	36	29	29
48	79	204	128	57	42	31	30
48	96	201	122	56	39	30	32
49	92	178	121	58	39	30	32
52	100	156	95	56	38	31	34
53	107	156	112	53	39	29	34
51	105	159	116	53	35	27	31
47	89	155	119	48	35	24	30
44	85	159	112	52	37	22	28
39	75	149	113	52	40	21	28
43	66	152	116	57	40	22	27
43	63	168	125	59	38	23	31
43	64	174	125	61	36	23	31
43	69	185	138	57	32	24	33
43	70	203	144	58	30	23	31
37	68	188	130	58	36	24	30
42	72	220	135	60	38	25	30
41	85	235	150	69	42	27	27
43	92	229	143	70	42	27	27
43	92	212	143	73	43	27	28
41	91	219	136	71	40	26	28
41	98	185	127	71	42	26	30
43	90	160	115	67	41	26	30
39	82	179	116	65	45	29	31
39	87	187	140	68	43	28	31
38	96	175	142	68	42	29	32
34	87	169	142	66	40	30	28
32	86	221	154	59	38	28	27
35	87	206	153	59	34	25	25
36	84	223	135	56	37	31	28
37	70	229	132	56	37	30	28
42	76	241	129	53	40	30	28
44	82	214	108	54	40	32	29
43	80	229	120	55	39	34	31
53	75	214	144	53	37	31	36
57	75	207	145	55	37	31	34
55	77	190	144	57	33	30	34
55	67	159	145	58	33	28	33
55	69	134	141	57	34	28	33
43	69	194	117	54	33	26	25
47	69	241	135	56	31	27	27
49	84	245	149	59	32	27	28
49	91	283	173	58	31	28	29
