0	1	2	3	4	5	6	7
30	41	32	26	22	24	22	25
33	44	36	28	23	26	23	26
35	49	34	27	23	27	24	27
33	47	32	27	23	24	22	26
35	50	32	27	22	23	25	25
32	48	33	27	23	23	22	24
31	46	32	27	23	22	22	23
29	43	30	28	23	21	22	23
35	50	35	30	23	21	23	22
33	46	36	29	24	23	21	22
39	52	36	28	24	23	22	23
38	51	37	27	25	22	24	24
39	53	39	27	23	23	25	24
35	46	37	23	22	22	24	23
37	49	37	24	22	23	25	22
31	41	35	24	21	22	25	22
31	40	32	23	21	23	24	21
28	31	30	22	22	26	24	21
27	33	31	24	23	26	25	23
25	30	30	25	23	25	24	23
24	28	29	25	23	26	22	23
22	30	31	26	24	26	23	22
27	46	37	27	24	22	22	22
26	44	35	27	25	23	22	20
28	47	36	27	26	22	22	20
29	50	36	27	25	21	25	21
30	52	37	29	25	21	24	22
29	41	31	28	23	22	25	22
31	41	29	28	25	21	24	24
29	40	30	27	25	22	24	24
32	39	31	27	25	21	23	24
31	36	30	23	23	23	24	23
31	37	33	27	25	23	22	22
29	36	36	26	23	23	22	24
30	33	35	27	24	25	22	22
27	34	36	28	24	27	20	24
27	34	35	29	25	25	20	24
28	34	32	27	27	26	22	23
29	33	29	27	25	25	22	20
31	37	31	28	25	23	24	22
32	41	33	27	24	22	25	20
35	45	34	27	25	24	25	21
33	43	34	26	22	22	26	21
32	44	34	26	23	22	24	22
30	42	33	24	23	22	23	23
28	37	29	25	24	21	22	22
32	34	29	25	22	21	21	22
32	36	29	26	21	20	20	25
35	39	30	25	23	23	20	24
33	42	31	26	23	25	20	23
34	40	29	25	24	24	20	24
29	37	29	23	23	24	21	24
30	37	28	22	24	26	20	23
26	36	29	22	22	23	23	23
28	35	29	22	24	21	23	23
29	41	32	25	23	24	22	22
34	43	31	26	23	24	22	22
33	43	31	26	23	23	23	21
34	45	34	30	24	23	20	22
33	43	33	29	23	26	19	22
33	38	29	26	22	24	20	21
28	37	32	27	22	25	22	21
28	37	35	30	23	25	22	20
29	36	32	28	22	27	23	20
29	38	31	28	22	24	25	19
31	40	32	29	23	23	24	20
30	38	30	27	22	21	21	22
33	37	29	25	22	21	21	24
31	35	29	25	24	20	22	23
31	35	30	26	24	22	20	25
30	36	32	25	24	22	19	25
30	36	34	28	26	23	19	23
26	38	35	28	26	23	22	23
27	41	35	28	25	23	21	22
25	42	36	28	24	24	23	19
26	45	37	29	26	23	24	20
25	44	33	27	25	24	25	21
30	47	34	26	24	23	23	20
32	45	33	25	22	22	23	19
33	48	34	26	23	21	19	21
31	44	33	26	23	22	20	21
32	46	35	27	23	22	19	20
29	46	35	29	23	22	18	19
28	46	35	29	26	22	20	19
29	42	35	28	27	20	21	22
28	41	34	27	24	21	21	23
29	42	34	26	25	21	22	22
32	41	32	24	25	23	23	23
33	41	34	25	23	23	22	24
34	45	34	27	21	24	22	23
33	43	33	25	22	22	22	22
33	47	34	28	22	24	22	22
34	46	35	27	22	24	23	24
32	45	32	26	24	22	24	23
32	42	32	26	24	23	26	21
35	45	33	27	24	25	26	22
33	39	32	24	23	23	25	22
33	41	30	26	24	22	25	22
33	43	32	25	23	26	25	21
33	42	30	24	25	24	21	21
31	43	31	24	26	23	21	21
32	48	32	26	26	24	20	20
28	43	34	27	25	23	21	20
30	44	35	31	27	25	22	22
28	44	36	30	25	25	23	22
31	42	35	31	26	24	23	23
31	39	34	29	26	23	24	23
30	37	32	27	26	24	24	22
29	38	30	24	24	20	23	23
31	39	31	24	24	20	24	23
28	40	29	26	22	21	24	20
28	40	30	26	22	22	23	22
31	43	28	24	23	23	25	23
30	43	27	25	23	24	23	23
30	43	28	26	23	24	22	23
30	45	30	25	22	24	22	24
32	49	32	27	23	25	23	23
31	49	33	28	21	23	20	23
36	49	33	29	22	22	21	22
35	49	34	28	24	24	25	22
34	46	34	28	24	23	23	22
35	43	32	26	25	23	25	23
34	41	32	26	27	25	25	24
29	40	33	25	26	25	26	22
32	41	33	26	26	24	24	22
32	39	32	25	27	25	25	22
31	39	31	26	25	23	22	22
34	44	35	25	27	23	22	23
36	50	38	28	27	23	22	24
34	49	39	28	27	24	23	23
34	51	40	28	28	25	23	24
31	51	42	27	28	25	24	22
28	47	37	27	25	23	26	21
28	42	33	24	25	23	24	22
27	41	31	23	24	23	23	22
28	42	29	23	22	22	21	22
31	43	31	25	22	22	21	20
30	45	32	26	25	22	20	21
28	43	34	25	26	23	20	20
29	41	32	26	25	21	21	19
30	38	32	24	27	22	22	19
29	37	31	26	26	24	21	21
29	33	30	26	23	24	22	20
29	35	28	24	21	22	21	20
29	35	32	25	23	24	20	21
27	35	32	25	22	24	19	21
28	35	31	22	24	24	21	22
31	35	35	23	25	23	20	21
31	38	40	26	26	25	22	22
34	39	38	25	27	23	23	21
34	40	38	25	26	24	23	22
33	36	37	24	25	21	23	21
33	42	36	26	24	24	23	23
33	39	31	26	24	25	22	21
34	42	34	29	22	24	22	23
35	43	34	32	23	23	23	24
36	48	37	34	23	24	21	23
33	44	35	32	22	22	20	22
33	45	36	31	26	20	20	23
28	40	34	29	26	22	20	21
28	40	36	29	28	24	18	22
25	37	34	26	29	22	18	23
30	35	36	26	30	23	18	25
31	34	37	27	27	24	20	24
34	38	36	26	26	23	19	24
35	42	37	24	25	24	19	23
35	41	36	25	25	24	21	21
30	41	36	25	24	23	22	21
31	42	37	25	24	23	22	21
29	40	38	24	25	24	23	21
31	37	35	26	25	23	24	21
34	41	35	26	25	22	23	23
36	44	35	27	26	22	21	23
36	43	33	26	24	22	19	22
34	43	31	27	24	20	18	21
32	40	34	26	24	21	17	22
31	38	34	26	24	22	17	21
28	35	32	24	22	23	20	20
30	36	34	25	23	25	22	21
30	38	35	24	24	25	22	20
29	38	31	23	22	24	21	22
31	40	33	24	23	23	21	22
33	43	36	25	23	22	21	21
31	40	34	22	24	21	19	21
31	41	38	24	24	23	22	23
33	43	38	24	26	21	23	19
33	46	36	23	24	23	25	21
33	46	38	25	23	23	26	22
31	46	37	28	23	22	28	22
34	46	33	27	20	23	25	23
32	47	33	29	19	24	25	23
31	43	33	29	19	23	22	22
30	40	30	28	19	22	22	22
40	44	30	28	19	24	23	24
42	50	32	28	22	22	24	21
43	49	32	26	22	22	23	21
42	45	29	26	25	23	24	21
46	51	32	28	27	24	25	23
39	51	32	26	25	21	23	21
35	43	33	25	25	21	22	23
33	42	33	26	26	21	25	23
34	42	34	27	23	21	24	23
29	38	35	25	24	19	22	20
31	36	37	26	25	20	23	20
31	37	36	27	24	23	23	19
33	39	37	28	23	23	23	21
35	43	39	30	26	24	24	20
35	44	36	29	24	27	22	20
33	44	36	30	25	27	21	23
34	43	35	29	26	25	22	23
31	44	34	28	25	26	21	23
28	42	33	27	25	26	20	23
31	44	35	29	27	23	21	23
30	44	31	27	25	23	22	21
29	44	33	29	24	22	21	22
30	44	33	30	26	20	20	22
31	42	30	29	24	21	21	22
28	39	32	28	21	22	23	22
33	40	32	29	22	22	24	22
35	40	33	29	23	25	26	21
36	44	39	31	21	25	26	22
33	45	41	31	23	26	26	23
34	42	39	29	24	25	24	23
32	44	41	29	24	24	23	22
30	44	39	28	23	23	21	24
29	39	34	25	27	22	20	23
31	41	34	25	27	20	22	23
31	48	33	27	27	22	22	23
28	48	35	26	27	24	21	23
27	48	35	25	27	22	21	22
26	50	36	26	23	23	24	22
25	49	38	27	23	22	20	21
26	44	36	26	22	22	21	21
28	41	38	27	22	21	22	21
28	43	37	28	21	21	21	22
28	39	35	27	22	22	20	22
29	37	33	24	21	24	22	22
27	37	35	23	22	22	20	23
26	37	31	23	23	21	20	24
27	34	34	26	24	22	20	23
28	38	36	28	23	20	22	23
26	35	35	27	24	20	22	22
28	37	34	28	24	20	24	20
28	36	34	28	23	22	24	20
27	36	32	24	24	24	25	20
27	35	30	22	25	25	23	21
25	35	30	24	25	27	22	22
29	34	32	23	23	27	20	24
30	33	33	23	23	27	21	23
31	33	33	24	24	26	19	23
34	36	31	23	21	25	19	22
35	40	36	24	23	23	21	22
33	41	35	24	22	24	22	21
35	44	32	24	23	24	22	21
34	44	36	27	26	23	24	24
31	41	36	28	27	25	23	24
32	40	32	28	27	25	24	25
32	39	32	28	29	26	25	24
31	38	33	28	30	25	24	25
31	38	29	25	27	23	22	22
30	38	30	27	28	22	24	21
29	38	32	26	26	21	22	22
29	42	35	25	25	20	22	21
26	41	43	26	24	19	23	21
24	41	44	26	23	23	25	23
29	45	44	24	23	23	24	23
29	43	43	25	22	23	24	23
27	39	39	25	21	25	23	25
29	41	33	26	21	26	24	24
30	40	32	28	22	24	22	21
27	37	31	27	23	24	22	23
28	39	31	26	24	25	24	24
27	36	29	27	24	24	23	23
27	35	28	24	25	22	23	24
27	35	28	24	25	22	23	24
