0	1	2	3	4	5	6	7
54	68	142	146	81	44	25	31
49	81	144	154	86	42	25	32
49	88	147	151	86	40	24	32
49	90	133	149	86	43	26	30
48	92	138	127	68	39	24	30
42	83	169	175	84	41	25	30
48	67	199	176	97	45	27	32
46	82	232	216	117	48	28	31
55	84	241	231	118	49	30	32
61	92	233	233	125	54	33	29
62	95	233	211	119	54	35	33
61	95	214	205	106	52	36	32
62	81	202	169	84	50	35	34
53	82	245	161	80	49	33	29
54	71	269	175	68	42	33	32
59	73	252	153	56	39	28	31
56	75	264	148	56	38	26	28
60	77	258	148	60	39	27	29
65	75	221	138	63	38	29	33
57	74	193	118	68	43	27	32
61	67	203	133	67	42	29	31
62	84	194	136	70	42	30	32
61	97	194	133	68	42	30	32
50	94	203	138	69	41	27	33
54	98	197	135	63	36	30	37
41	101	179	120	68	39	30	35
47	81	163	132	69	41	27	38
54	81	175	131	71	48	27	40
60	82	153	126	67	48	27	39
60	85	152	131	69	48	24	35
62	97	186	136	64	45	23	35
58	102	197	113	57	44	24	33
53	84	170	102	53	36	25	30
51	99	180	111	55	34	24	28
54	97	213	125	59	36	24	29
55	87	195	116	59	37	26	31
54	82	182	119	61	37	28	30
53	84	187	118	66	39	27	29
50	89	177	120	67	43	31	29
46	90	196	114	65	40	30	29
46	89	196	134	67	38	29	27
46	89	199	135	67	39	28	30
45	89	201	146	61	38	29	29
40	81	255	151	58	35	26	28
40	75	225	159	57	36	26	28
36	73	220	143	56	39	26	30
37	74	230	145	51	37	27	27
38	79	253	137	55	38	28	27
39	66	212	135	62	41	28	27
39	62	196	113	67	42	29	30
41	74	208	125	70	40	28	28
46	75	210	131	75	43	27	28
51	73	205	129	78	44	27	32
57	69	188	124	77	43	28	32
57	78	205	128	73	45	30	30
65	71	205	125	72	48	35	36
62	88	219	129	72	51	35	36
61	83	192	139	66	47	35	39
67	87	198	138	62	46	35	41
67	81	190	134	60	45	35	41
62	91	184	149	68	46	32	36
63	79	141	142	65	41	31	39
58	83	137	138	69	40	29	32
46	95	125	132	69	43	30	31
55	96	120	134	65	40	28	33
52	82	134	118	59	40	28	32
50	85	154	122	59	36	27	28
55	83	156	122	57	38	28	30
58	68	162	121	58	32	26	30
55	66	168	124	62	33	26	26
53	71	176	131	61	33	25	25
54	68	169	129	62	40	27	27
47	70	169	121	67	42	28	26
45	77	178	136	72	46	31	28
41	84	169	134	72	47	32	29
46	88	138	131	75	48	33	32
50	88	123	128	73	46	33	32
52	92	174	153	68	42	31	34
51	93	169	139	68	42	30	31
50	85	163	140	77	44	29	33
51	83	156	129	72	41	28	32
51	78	160	127	72	40	28	30
55	72	106	138	80	42	27	29
54	68	111	150	83	39	27	29
54	69	120	154	80	39	27	26
54	60	134	185	102	46	32	30
53	70	157	192	103	48	31	30
50	77	204	176	104	53	34	28
57	80	204	163	97	52	33	29
57	87	203	161	93	50	32	29
56	118	202	121	69	42	27	26
56	120	192	108	72	42	28	25
56	116	141	114	62	38	25	31
51	118	177	130	69	40	28	33
51	118	203	152	73	42	31	35
50	89	199	171	77	43	30	33
59	83	190	172	72	41	29	37
57	83	192	159	71	40	28	33
61	74	175	144	63	39	26	29
66	67	149	129	65	38	23	28
71	74	159	120	67	42	28	36
65	67	165	124	67	41	26	33
69	65	164	125	64	41	26	33
67	65	131	132	70	42	28	33
67	64	134	113	58	42	28	34
64	53	135	106	56	39	23	28
65	69	152	110	60	43	27	28
66	75	146	107	58	43	28	28
67	73	150	96	52	41	28	32
60	76	144	107	54	39	27	29
59	89	139	111	56	37	28	29
53	79	112	119	62	35	28	29
48	73	134	123	73	37	28	27
47	72	134	130	78	37	28	24
49	79	136	140	78	37	31	25
46	64	123	133	76	38	29	25
49	69	138	141	75	40	27	26
52	72	134	147	74	44	27	32
50	80	160	161	79	47	27	33
47	77	160	150	83	48	26	33
46	82	164	145	82	48	29	33
48	78	162	138	76	45	31	33
44	80	151	140	71	41	31	28
46	77	136	132	64	36	33	28
47	83	128	129	56	34	32	29
47	78	178	184	68	32	30	31
48	83	194	189	72	37	30	30
41	76	193	187	74	36	29	30
44	76	204	199	81	41	30	29
48	70	203	202	83	42	30	28
50	78	162	154	77	51	35	27
50	72	137	142	77	49	34	26
53	90	167	142	78	51	35	26
49	86	148	115	69	47	32	24
48	87	174	135	71	48	33	24
55	80	176	151	72	41	25	26
57	85	202	166	75	45	29	25
56	67	174	164	73	43	25	28
55	71	172	161	71	45	26	30
56	61	145	138	66	44	27	31
46	62	139	127	67	46	27	28
42	70	95	111	73	45	27	30
40	78	107	114	69	44	28	30
48	76	106	123	73	45	27	34
47	82	120	147	81	46	24	33
48	81	130	151	75	40	26	34
48	70	122	139	61	36	23	35
48	61	115	138	59	34	24	34
54	74	126	151	56	32	25	29
55	75	176	151	55	35	27	29
55	74	176	145	52	35	26	29
56	82	180	151	57	37	28	27
57	84	195	141	66	40	27	26
50	78	186	117	68	42	28	27
47	78	141	95	62	38	26	25
49	89	155	105	69	42	31	27
44	90	160	96	68	41	29	26
45	90	143	100	61	39	32	27
40	91	145	105	57	36	30	26
41	88	136	95	54	37	31	27
37	79	120	94	50	34	26	24
47	73	136	108	51	35	27	27
48	71	143	114	52	35	25	28
51	66	155	131	62	37	26	28
50	73	167	140	66	37	26	28
50	76	175	148	76	43	29	28
44	106	154	142	76	44	29	28
44	113	152	154	79	44	29	27
45	110	134	136	73	42	31	31
45	105	127	142	75	44	30	30
51	112	126	130	60	35	27	31
49	87	131	129	59	33	26	30
51	78	157	118	52	35	27	30
47	89	165	122	50	36	25	30
47	91	156	106	42	35	25	31
42	79	164	113	50	39	26	31
43	71	159	126	52	43	28	32
44	78	124	126	66	45	28	32
44	73	119	137	76	48	31	29
43	68	140	140	84	53	32	30
44	69	120	144	82	51	30	32
42	68	121	130	80	47	31	31
37	68	131	126	71	45	29	30
40	67	129	125	61	42	27	31
45	68	108	122	50	34	27	30
42	71	119	112	61	39	31	27
44	96	129	125	63	37	28	29
45	143	139	124	69	44	30	31
47	170	161	111	71	47	32	30
46	182	162	107	74	48	33	30
48	189	148	99	71	47	32	31
49	182	185	101	68	51	32	30
49	148	183	119	72	46	31	28
42	119	167	122	70	42	26	26
44	107	175	134	75	42	22	27
44	99	193	151	78	43	20	28
48	101	223	162	83	44	23	29
48	102	253	182	79	46	24	31
53	95	253	184	76	45	27	34
55	84	260	191	73	44	28	35
57	81	259	187	66	40	28	34
