0	1	2	3	4	5	6	7
53	157	161	135	61	38	25	32
55	164	158	149	64	37	24	31
57	159	155	146	69	39	23	34
53	134	146	143	63	39	27	36
73	134	170	142	64	42	28	46
73	128	166	130	64	45	30	46
69	133	164	113	59	43	31	47
72	141	176	136	63	42	31	46
76	133	183	133	64	39	26	44
62	137	177	148	69	43	27	33
58	123	174	137	71	40	28	30
64	114	160	135	68	42	26	31
61	101	152	118	63	42	26	31
55	117	160	121	60	41	27	33
48	118	179	108	51	33	29	31
59	117	180	105	47	35	26	36
61	127	184	102	49	34	26	38
63	128	179	103	46	35	29	38
61	119	175	108	48	35	27	35
75	113	134	96	53	34	23	40
69	106	128	98	50	32	25	35
71	102	152	117	51	31	26	33
70	98	158	116	51	27	23	34
80	105	158	113	53	30	27	35
72	138	162	129	54	30	26	31
71	142	173	133	60	30	26	35
66	135	147	128	64	31	26	37
67	149	160	143	65	33	26	37
64	146	155	146	68	33	24	37
59	116	165	136	68	38	25	37
55	114	144	128	70	38	25	33
53	124	152	154	72	44	27	31
52	117	131	150	83	47	28	30
46	151	131	147	82	49	29	31
45	154	122	150	81	48	29	31
47	153	133	156	79	48	30	32
49	180	151	126	71	43	29	36
46	172	168	134	62	43	29	35
41	151	184	138	57	40	29	33
60	160	188	143	57	38	30	34
64	163	206	140	55	39	30	35
66	120	197	138	56	39	29	31
69	145	184	129	65	42	30	32
69	150	174	125	71	43	31	31
58	163	184	131	81	47	29	32
54	180	167	133	88	49	27	29
51	180	160	139	93	50	28	30
55	166	168	153	99	47	26	30
63	164	192	168	104	51	26	35
63	156	176	159	101	49	28	36
67	138	173	157	97	46	28	36
67	141	176	158	103	50	31	36
62	138	184	148	99	51	32	34
55	137	191	142	91	47	31	30
50	136	200	136	85	46	31	28
44	144	195	136	83	45	33	36
44	140	199	134	74	43	28	38
51	152	211	141	59	40	27	38
55	147	185	142	61	42	31	40
63	136	177	156	62	40	32	45
61	126	198	165	63	41	31	39
64	147	188	164	61	39	33	38
61	158	168	175	67	40	35	38
67	151	184	165	65	38	32	38
65	145	183	158	61	37	29	32
71	138	185	163	61	35	30	34
69	142	217	160	62	34	28	33
69	115	205	130	58	32	23	35
59	119	191	132	55	31	22	31
64	136	203	141	65	37	28	38
58	147	187	128	65	40	31	37
57	134	149	118	59	38	31	38
52	130	157	115	62	44	32	36
49	122	142	107	60	42	33	36
53	167	149	98	57	41	30	33
75	179	159	98	67	45	29	38
87	177	176	136	71	43	27	38
88	193	207	161	75	43	31	41
92	199	220	168	78	45	32	46
86	164	218	181	76	40	29	41
70	148	215	181	71	36	28	38
60	148	209	168	75	39	29	36
64	132	182	167	71	36	25	35
69	130	180	167	73	36	25	33
70	121	164	149	70	37	25	34
72	117	180	173	78	40	26	32
70	114	171	175	80	44	27	35
78	122	175	156	81	46	26	38
70	132	166	153	76	45	27	36
75	137	194	175	84	48	30	38
73	135	188	154	75	46	29	38
81	143	203	159	68	43	31	35
71	151	203	172	69	42	31	32
71	140	207	177	69	43	30	30
70	138	213	160	58	41	27	32
74	142	206	170	61	40	26	37
64	124	203	165	57	37	25	39
70	116	191	150	53	37	28	40
74	116	191	148	58	41	27	41
67	103	157	147	62	43	28	38
62	117	211	136	57	43	31	33
71	130	198	129	63	44	29	32
65	123	209	132	65	42	26	30
64	138	217	148	77	46	30	28
70	144	211	141	76	44	29	29
78	148	152	142	78	41	26	32
73	160	173	140	79	44	27	38
78	158	182	141	86	46	32	38
81	164	184	125	72	38	28	41
79	169	206	136	76	39	31	41
72	156	236	150	74	41	32	41
66	151	227	145	71	39	31	34
62	159	213	141	61	35	26	35
62	141	211	145	66	37	27	34
66	148	211	148	64	36	25	35
75	145	207	147	65	37	25	34
76	133	203	161	64	36	26	36
75	138	210	166	58	36	26	35
68	132	206	165	56	35	27	36
61	115	194	154	55	36	28	38
55	124	160	139	56	37	27	39
60	139	161	130	55	36	26	38
59	141	150	127	56	35	25	37
66	166	156	125	57	34	24	35
69	172	159	136	60	33	22	30
69	189	171	147	59	36	26	30
67	182	186	147	64	44	28	31
66	171	202	153	74	47	30	31
63	158	197	150	71	48	29	35
58	161	204	147	66	47	30	35
63	158	218	131	65	44	27	33
61	152	212	147	86	39	26	33
66	158	210	141	83	35	26	34
69	162	200	136	84	32	28	31
73	165	205	150	85	32	28	33
67	148	230	162	87	32	29	31
66	163	240	148	62	31	29	32
67	158	239	141	56	32	29	34
62	141	240	153	61	35	26	32
58	140	242	134	60	36	27	31
54	136	194	125	59	39	27	31
51	114	176	127	65	40	27	32
46	117	175	136	66	40	26	27
55	130	187	132	61	40	26	30
58	127	198	132	61	40	27	33
58	126	227	133	68	44	30	34
59	125	237	131	71	49	36	36
64	125	232	127	68	49	37	39
58	113	233	133	73	51	39	41
56	97	204	134	72	52	38	39
55	132	188	133	67	46	35	39
70	146	180	137	64	45	28	36
70	161	180	139	66	44	27	34
69	177	175	133	63	42	26	32
71	178	177	126	62	41	26	30
76	159	167	134	68	45	29	32
65	157	163	129	64	40	31	34
61	158	177	128	62	39	31	32
58	148	171	115	64	40	30	30
57	143	188	131	71	43	31	33
54	149	201	130	62	39	29	32
52	153	204	129	63	38	26	28
56	143	187	129	62	37	29	31
58	147	205	159	60	36	29	37
56	164	197	150	63	42	30	37
52	156	181	149	68	41	29	34
50	152	176	150	68	45	33	36
52	144	176	150	71	48	33	35
50	139	171	130	72	47	36	30
51	125	179	127	62	39	33	30
59	125	182	122	60	39	33	31
59	132	211	115	66	36	32	27
52	154	216	111	70	36	31	27
50	152	201	115	68	38	27	27
48	175	194	138	76	41	27	23
43	176	190	132	73	40	26	25
57	177	172	138	69	41	24	29
61	183	173	149	68	40	24	31
64	179	172	142	67	39	25	29
69	154	154	126	62	38	23	31
75	166	156	132	64	38	24	32
76	166	149	145	67	36	26	31
75	140	142	135	65	36	26	32
75	146	143	136	63	34	24	32
78	146	142	128	59	31	26	34
79	133	126	118	60	33	25	32
68	112	122	94	57	33	25	30
65	114	146	101	59	31	24	28
65	114	158	102	70	43	26	28
56	143	175	119	72	44	26	25
45	144	194	122	73	44	26	24
51	151	197	124	73	45	29	27
52	149	179	122	81	52	30	31
51	150	176	123	73	47	29	30
49	127	181	113	70	45	30	30
52	133	184	114	72	50	31	31
47	147	243	120	69	49	28	32
50	147	247	118	54	43	27	29
63	186	273	122	61	45	28	31
67	202	263	119	65	47	29	34
66	198	275	147	61	43	28	32
68	188	255	156	59	40	27	29
69	194	262	156	63	43	30	34
56	153	241	175	63	40	30	31
55	127	247	183	63	41	28	30
62	129	219	162	66	41	28	34
68	114	186	151	69	46	30	36
66	112	176	158	65	43	26	33
64	119	161	127	59	42	28	35
70	142	167	119	61	39	27	34
64	149	189	135	61	40	29	28
62	152	186	150	58	35	28	28
66	158	241	144	60	36	31	33
71	150	242	147	57	35	28	32
72	127	234	147	53	35	27	35
69	121	233	124	47	36	26	36
66	127	225	101	50	36	27	36
62	104	162	101	50	37	26	30
65	110	154	108	57	39	26	31
58	143	180	120	68	45	30	27
62	150	166	135	68	41	28	28
64	163	166	142	67	42	27	29
64	166	172	140	70	43	29	29
58	162	177	138	67	42	30	32
55	158	151	128	58	34	26	31
61	153	158	142	61	36	27	33
62	133	152	137	63	36	27	31
61	161	156	131	60	34	25	32
70	173	162	160	56	34	27	33
79	158	159	157	57	36	27	34
72	161	151	132	54	36	25	34
70	165	148	131	51	36	25	34
71	147	172	145	53	37	25	35
73	135	187	116	61	41	25	32
64	136	198	130	67	44	26	31
75	123	197	136	65	44	27	31
80	127	217	138	63	43	29	30
84	122	203	150	70	44	29	32
79	163	205	148	83	44	29	33
81	165	203	147	100	48	31	33
73	160	212	148	103	51	29	31
65	177	223	161	110	51	29	32
59	175	212	143	106	49	27	32
51	139	192	140	93	47	28	29
58	169	185	127	65	39	25	34
60	177	179	122	65	39	26	32
66	161	168	109	53	39	27	32
67	163	163	105	48	38	27	31
70	167	155	97	50	39	27	31
62	140	150	104	55	37	27	26
63	136	151	144	78	39	26	26
60	130	119	142	94	45	28	28
66	137	120	145	102	49	30	31
66	155	133	151	103	49	31	32
64	152	139	159	106	49	32	33
72	160	136	139	91	49	33	34
91	164	156	151	86	49	33	37
92	163	172	156	84	48	32	36
91	152	166	154	84	45	29	35
91	146	167	143	88	56	28	35
89	135	168	135	92	55	28	35
82	149	154	122	87	53	27	34
79	140	135	112	83	51	26	32
77	129	158	110	85	52	27	34
78	137	159	120	74	40	26	33
71	155	145	111	64	39	24	33
52	138	172	110	60	37	23	30
46	152	178	106	57	35	24	30
49	155	206	126	64	42	28	28
50	156	203	119	70	45	29	31
45	147	218	118	74	44	30	30
49	156	195	121	76	41	30	30
53	170	208	120	75	46	29	29
58	178	178	108	73	42	26	30
62	166	199	112	67	39	24	26
75	160	183	114	62	41	27	29
74	147	186	123	61	42	29	29
74	113	178	142	61	38	28	30
74	143	187	136	50	35	29	29
71	156	167	127	52	37	31	30
62	162	189	133	56	35	27	29
68	174	282	144	58	36	25	30
71	183	285	129	60	36	25	29
66	152	272	139	66	39	28	32
68	140	267	150	68	37	27	33
69	140	259	144	72	41	28	33
62	129	182	117	65	37	28	33
59	171	217	117	65	40	28	36
59	169	243	127	64	38	25	33
54	172	242	113	61	38	23	31
50	177	252	110	56	35	23	32
53	178	245	137	58	36	25	33
55	136	204	143	60	35	26	32
60	153	170	134	53	33	25	31
61	154	180	151	69	36	28	33
63	155	167	153	67	34	28	31
61	155	146	128	70	37	26	29
61	154	153	128	81	42	26	28
57	146	179	143	91	45	30	31
61	145	214	128	81	42	29	31
60	146	225	130	90	45	29	30
60	146	226	135	93	44	30	33
58	151	228	127	81	39	30	33
58	171	230	125	79	39	26	33
58	167	193	127	81	43	27	33
61	150	190	124	68	41	26	31
63	169	182	118	61	38	25	29
67	156	174	139	68	36	24	28
77	136	146	120	57	36	24	30
74	134	141	118	60	36	22	29
72	157	138	121	73	37	25	30
78	157	161	137	76	40	28	33
75	159	169	123	77	40	27	35
62	143	195	132	78	39	29	32
69	150	202	132	74	35	28	31
69	138	184	133	65	35	27	34
61	107	170	129	68	36	28	33
56	129	162	138	63	36	32	33
61	140	130	128	63	35	30	31
54	134	155	137	61	36	30	35
66	126	155	137	64	38	33	37
65	147	161	125	57	35	31	35
66	136	162	112	56	35	27	35
63	151	166	110	61	37	30	36
62	162	146	108	67	35	28	33
47	158	149	114	67	35	25	27
44	153	175	140	76	38	24	28
41	148	171	153	84	40	24	28
44	124	188	154	88	38	21	29
48	112	181	152	85	41	23	32
50	119	184	142	83	40	25	32
50	106	162	121	73	38	26	31
49	102	164	99	61	37	26	30
51	120	174	116	53	35	27	34
47	126	172	105	51	32	26	35
48	127	183	116	49	30	25	34
51	133	185	129	55	31	23	35
53	137	182	147	59	28	23	35
52	119	163	133	57	29	24	37
52	116	165	133	55	29	25	33
50	113	193	136	63	31	25	34
53	114	202	133	62	30	25	35
50	119	207	122	67	33	23	34
50	125	200	117	66	33	20	27
48	127	209	131	66	33	18	27
63	125	184	132	57	33	20	33
60	120	191	133	63	39	21	31
61	112	190	126	61	39	24	30
61	106	204	144	69	42	25	32
65	97	204	141	69	43	27	32
48	105	196	128	74	44	29	25
44	119	183	118	71	45	31	24
47	156	199	122	64	42	28	26
55	165	199	112	57	39	27	29
49	165	232	105	63	41	27	29
52	159	235	124	60	37	23	32
63	151	224	138	61	31	20	35
63	122	215	135	67	36	26	36
55	120	214	136	71	37	29	33
57	129	186	146	76	36	29	35
58	138	175	135	75	36	31	31
51	156	205	143	72	37	31	29
55	148	210	161	77	37	29	29
57	144	189	152	71	36	29	32
55	137	168	145	66	38	29	29
70	157	173	142	67	41	29	36
66	140	141	123	68	40	29	34
65	137	132	99	58	38	29	36
65	137	146	113	58	38	27	34
69	148	147	113	48	34	27	36
51	118	150	118	51	34	27	30
59	133	168	126	48	33	26	33
61	164	156	123	51	32	24	30
59	165	145	119	52	32	25	30
53	159	164	121	56	34	26	28
59	164	182	113	49	31	28	31
52	147	166	112	50	30	29	30
