0	1	2	3	4	5	6	7
60	145	131	110	44	31	28	31
130	144	154	115	44	32	31	44
135	142	166	118	46	35	30	45
137	148	171	125	44	32	28	46
140	113	148	113	47	32	29	46
141	108	139	87	46	34	30	45
78	85	109	79	46	34	24	32
60	83	92	82	45	34	30	28
69	73	76	66	42	39	41	36
71	76	77	89	43	43	43	37
82	84	137	96	51	43	58	49
93	152	143	107	59	46	63	53
107	185	161	106	59	44	62	55
121	258	218	135	70	93	70	57
152	280	253	180	82	98	73	67
148	298	272	188	85	99	64	59
147	284	284	205	86	112	67	56
153	319	292	222	89	140	96	65
154	285	347	359	102	116	88	70
181	322	375	357	103	112	89	133
188	321	346	355	101	113	89	146
185	334	343	347	97	113	84	146
187	326	348	347	98	82	49	144
182	314	269	205	92	77	49	154
153	324	218	182	85	77	40	123
154	325	240	201	96	77	44	117
159	316	228	199	98	58	46	118
151	280	204	200	97	69	44	120
156	278	196	193	94	73	60	110
146	206	176	176	94	72	65	87
140	235	177	180	89	77	64	77
138	236	199	188	87	78	66	77
143	242	205	180	85	63	67	74
128	242	204	170	78	74	49	59
106	274	221	218	91	73	44	51
97	232	230	202	90	69	40	47
139	243	224	194	93	70	41	65
138	243	215	190	97	78	44	65
135	241	275	203	96	63	45	63
143	224	266	175	89	66	44	67
164	236	237	166	85	63	43	71
131	223	231	172	83	61	38	55
142	207	249	175	82	52	34	56
145	200	187	172	92	55	36	58
146	195	187	166	83	51	34	60
162	180	184	171	80	51	35	64
161	162	191	175	80	48	36	63
141	182	181	176	75	43	33	58
162	194	231	193	72	37	31	59
155	172	231	181	71	38	32	54
113	165	235	180	79	43	33	42
112	187	240	190	81	44	33	45
113	190	281	183	84	44	34	42
100	202	256	170	84	44	36	47
103	200	282	185	85	43	34	48
108	202	283	178	78	39	32	51
105	177	294	176	76	38	30	49
104	180	249	214	97	47	33	52
89	157	260	223	93	48	32	53
82	146	235	219	93	54	36	53
81	147	240	225	92	52	36	53
76	136	247	216	95	57	39	52
73	102	248	190	79	52	35	52
69	86	216	162	74	49	34	50
90	90	213	145	68	41	30	57
87	91	217	136	72	48	32	54
91	92	192	143	66	43	28	57
88	83	203	141	53	41	32	56
95	94	201	142	59	46	35	55
75	98	189	142	61	48	35	44
73	137	214	143	53	41	33	43
78	141	255	129	52	43	34	43
96	143	239	111	56	45	35	47
83	139	236	109	45	49	34	42
82	138	229	110	42	50	32	44
83	118	198	131	58	51	34	45
85	107	157	129	59	51	33	45
70	119	178	142	62	55	35	41
72	118	176	141	62	48	32	41
76	144	186	145	65	45	35	41
77	154	188	141	57	44	33	43
66	163	199	149	55	40	32	39
72	157	187	146	56	35	27	39
69	159	188	147	58	35	27	37
64	132	207	156	59	33	23	36
62	123	207	157	61	32	22	36
62	116	189	173	71	38	28	35
59	110	185	168	72	39	32	40
58	118	214	166	72	39	32	41
64	132	205	154	69	41	34	41
62	126	205	142	66	42	36	39
64	124	199	109	58	41	34	42
61	122	201	109	53	38	31	35
61	124	194	125	52	39	33	34
56	107	193	126	54	39	33	34
62	119	199	124	51	38	30	33
74	117	187	128	47	37	30	32
71	118	197	128	47	34	27	31
71	103	180	127	47	34	26	31
80	123	194	131	42	34	23	29
80	102	190	144	42	35	28	29
68	122	187	139	39	32	27	27
70	133	199	142	41	32	26	28
77	135	194	136	39	31	38	31
66	134	170	136	46	31	67	30
62	148	169	129	50	29	80	34
66	135	162	128	54	33	85	38
62	126	126	118	49	33	87	37
52	133	131	115	54	34	84	36
67	134	151	132	53	33	66	39
74	113	139	133	60	36	49	38
68	119	240	158	59	34	39	34
81	120	244	161	62	38	37	35
81	111	243	158	62	36	34	34
84	101	271	145	62	36	28	36
76	101	269	134	59	37	30	32
82	99	189	104	57	37	30	34
74	122	205	105	55	32	27	34
78	126	232	109	55	32	25	33
65	124	201	127	56	34	25	29
67	122	204	130	53	32	22	32
59	116	223	159	65	37	25	32
54	91	223	180	66	39	27	31
52	96	201	204	70	43	29	32
53	108	199	200	71	40	28	31
47	116	208	196	73	41	28	31
48	119	189	180	72	37	27	30
58	118	173	162	70	35	27	39
66	115	165	128	67	32	28	39
61	98	148	124	68	37	29	40
64	89	133	132	71	39	30	40
64	102	141	140	68	40	32	40
52	133	143	141	72	43	31	33
42	128	155	141	70	43	28	29
45	125	142	122	65	39	28	28
43	128	143	117	56	35	26	28
43	117	130	99	48	34	25	27
55	83	119	91	48	33	27	32
61	102	117	95	52	32	27	36
61	106	124	101	53	32	27	36
64	98	145	107	56	33	28	36
64	114	163	110	55	30	26	36
57	111	170	113	54	29	27	32
49	112	158	133	58	36	32	29
52	159	154	133	57	37	32	31
54	163	166	145	64	35	31	31
55	152	159	143	65	37	34	31
53	160	178	169	71	40	32	27
58	149	185	155	64	35	28	30
55	107	189	160	69	37	28	29
55	130	174	142	65	40	29	27
57	134	183	152	80	52	33	31
59	127	166	125	78	53	36	35
62	127	177	120	78	53	34	37
62	126	194	119	74	53	34	35
64	98	187	121	71	51	33	38
64	98	182	109	54	38	29	34
61	99	185	108	48	35	26	31
56	102	202	135	52	36	26	24
52	85	190	128	53	33	27	25
50	86	188	126	56	35	26	23
46	79	179	125	56	37	23	26
49	88	175	123	58	36	23	27
47	89	174	119	58	33	24	30
52	93	181	137	68	40	24	31
54	106	181	163	73	45	26	33
59	111	181	167	74	42	27	34
59	106	206	177	74	43	26	35
59	117	181	163	71	43	26	35
