0	1	2	3	4	5	6	7
89	197	116	107	74	40	27	37
93	163	121	103	61	34	27	41
80	210	125	108	54	30	29	42
82	212	129	115	53	31	31	43
79	211	137	132	52	31	29	42
68	186	128	150	62	32	28	37
72	184	119	146	62	36	28	35
77	147	124	144	64	37	26	35
79	159	127	151	66	36	26	38
77	178	117	142	63	35	26	37
83	183	115	115	54	35	26	41
77	183	117	120	53	36	27	37
76	165	120	135	67	39	29	39
80	154	108	132	72	42	28	38
75	169	102	117	73	42	30	35
68	178	103	130	79	44	37	36
67	182	109	124	76	44	44	36
67	202	105	102	65	50	44	35
88	221	118	111	61	49	45	37
93	198	131	112	61	49	46	38
94	177	129	98	57	47	39	34
107	229	146	116	76	48	33	38
110	225	151	150	87	46	35	37
94	224	146	145	92	45	32	33
98	216	135	148	94	46	28	36
109	220	129	149	91	44	30	38
103	162	104	139	82	43	31	39
98	169	114	112	68	36	27	39
94	153	117	101	63	38	29	37
93	144	112	100	61	35	29	34
89	135	124	111	68	40	29	36
80	144	129	109	63	40	25	31
83	145	110	118	63	41	27	33
82	154	114	124	65	39	24	34
81	161	126	136	65	44	27	38
78	165	129	141	70	44	31	35
78	180	149	163	84	47	33	36
76	163	176	186	87	48	32	37
82	172	172	184	83	46	35	42
78	165	170	175	83	44	33	39
69	167	180	188	75	40	30	37
73	155	165	174	64	36	30	41
82	155	143	129	55	35	32	45
79	120	135	121	53	35	29	40
80	164	128	119	53	36	31	39
85	170	103	105	50	39	31	40
92	192	96	105	46	37	29	38
89	187	85	107	48	36	27	31
85	191	84	111	49	37	29	31
85	162	102	123	51	36	28	32
77	171	124	107	54	36	28	31
87	156	158	138	68	39	30	32
90	166	153	140	71	43	29	31
97	162	154	142	77	48	31	36
100	162	145	136	76	47	31	39
116	143	123	152	78	45	30	40
100	131	86	120	65	42	33	38
92	123	91	127	69	44	49	37
85	124	88	123	66	39	69	35
83	116	104	131	64	40	83	36
63	146	111	102	58	42	85	36
74	144	108	105	60	41	84	36
82	157	111	97	53	38	77	47
90	155	126	110	59	37	59	47
88	152	136	119	68	38	38	42
87	121	168	157	69	35	41	43
77	135	184	170	78	35	43	42
73	138	185	170	82	36	42	34
82	141	175	162	75	36	41	36
81	167	162	155	69	38	42	37
85	212	128	143	77	42	37	39
93	198	109	122	69	43	32	39
89	210	107	121	68	46	33	36
71	212	116	128	72	47	32	33
75	194	110	121	72	46	30	33
70	147	119	94	62	42	32	31
69	148	112	98	59	42	34	32
69	106	115	104	54	36	32	33
75	152	122	104	50	35	32	34
73	164	124	103	55	37	31	33
71	170	114	114	58	37	26	32
64	191	135	149	63	36	25	35
76	197	135	145	69	39	26	35
73	167	127	147	72	39	27	35
70	159	124	148	65	34	29	36
73	156	128	142	67	36	29	37
75	177	127	110	66	36	28	33
70	168	128	122	60	35	28	35
79	169	125	117	56	35	26	36
83	172	126	110	60	39	24	33
86	169	127	109	58	36	25	35
89	146	126	120	58	36	24	37
82	147	130	106	55	35	22	36
73	144	130	103	59	35	21	35
67	162	132	114	61	35	23	37
63	178	141	120	62	39	23	33
62	160	129	155	62	38	27	31
67	172	136	155	66	41	30	28
80	170	137	157	63	41	32	36
81	149	139	156	65	39	33	36
91	150	136	149	68	40	33	39
85	147	141	96	69	41	30	38
84	149	124	104	73	42	29	38
74	144	124	103	76	44	27	32
75	142	131	97	71	44	26	31
70	137	127	110	69	42	29	31
76	183	116	110	65	44	29	32
72	174	113	109	57	43	28	31
82	181	138	126	54	41	30	31
84	211	129	123	62	49	31	33
78	204	118	111	58	46	27	30
72	158	134	108	59	44	27	31
89	170	158	124	60	41	30	36
74	176	138	109	60	41	29	34
70	196	136	110	52	36	29	34
73	192	132	108	51	38	29	34
100	200	125	111	47	37	29	35
85	203	136	108	54	40	28	28
85	192	135	110	60	41	30	30
87	137	135	115	61	39	30	31
86	132	134	114	65	42	31	33
54	144	149	143	71	42	33	32
54	121	134	134	71	46	32	33
56	121	132	130	67	46	31	33
54	115	131	125	64	45	30	31
55	127	133	124	62	43	29	29
50	119	118	92	58	43	29	27
53	126	101	81	50	36	27	26
55	126	100	81	49	36	27	27
59	129	98	83	55	37	28	31
53	122	112	92	54	36	29	29
54	109	116	89	50	34	25	30
52	109	131	108	54	35	26	31
63	112	138	117	58	35	27	31
64	117	139	119	55	32	26	27
65	115	132	112	53	31	25	28
65	110	116	118	54	31	28	28
67	106	141	116	52	33	28	26
79	103	152	142	58	31	26	29
76	115	158	141	55	31	26	32
85	131	169	142	57	31	26	35
96	130	171	145	58	30	26	36
98	126	140	138	57	32	26	40
79	140	132	105	55	33	25	36
79	148	126	107	59	34	26	37
72	132	106	106	59	36	27	34
70	132	96	92	58	36	25	33
73	152	95	82	55	32	24	33
79	161	106	117	58	32	23	33
85	142	111	114	55	31	22	34
85	142	126	113	54	29	24	34
75	146	132	116	55	31	25	37
75	126	129	120	54	30	25	36
67	98	113	101	46	30	28	37
66	98	108	102	47	31	28	35
63	131	91	101	49	32	27	36
65	128	82	103	50	32	27	32
56	124	75	96	51	33	26	30
56	123	94	117	53	32	22	29
62	145	99	121	51	31	23	30
61	118	105	123	51	31	23	27
63	114	106	117	49	32	22	28
65	125	115	127	52	33	24	29
80	129	101	132	50	32	25	35
75	119	104	133	56	34	27	36
90	119	98	134	54	35	26	37
89	117	99	136	56	32	27	37
94	110	93	136	58	31	28	43
82	131	113	114	61	31	27	38
78	122	107	102	56	28	26	36
60	130	108	101	56	26	27	37
71	137	131	101	55	27	26	40
75	132	130	96	51	27	26	33
75	110	106	87	48	27	26	34
75	104	105	94	48	29	24	33
75	93	112	96	51	33	25	35
67	91	99	105	52	32	25	30
62	96	99	104	55	32	27	30
62	95	103	103	60	38	32	30
62	95	103	106	61	37	32	30
64	97	98	111	59	34	31	27
60	90	84	107	56	34	33	27
47	87	82	104	55	37	32	26
71	97	84	107	52	31	31	32
94	107	93	102	54	37	32	35
95	104	104	106	58	39	33	36
101	114	125	115	63	38	31	38
104	117	128	111	61	37	30	37
96	120	134	121	55	41	27	34
98	120	134	126	59	41	32	36
97	117	128	128	56	39	32	34
97	146	114	116	55	39	32	36
95	143	131	160	61	38	32	39
88	142	124	150	68	36	32	38
64	133	125	147	61	27	23	33
60	136	121	138	63	36	26	34
58	105	123	173	81	38	25	33
57	104	110	154	88	43	24	31
62	97	107	152	85	43	25	32
59	121	100	158	90	46	29	31
63	119	99	159	89	43	27	32
54	117	99	122	71	43	30	27
51	121	93	98	60	40	30	27
54	119	121	110	58	37	28	25
50	115	133	96	52	37	26	27
50	112	138	112	51	36	26	26
55	107	130	115	61	36	26	27
62	112	136	116	61	34	26	26
55	107	138	112	60	34	25	26
72	82	127	124	69	34	26	24
74	83	121	112	67	33	27	25
72	80	122	114	60	32	26	25
68	80	110	122	70	37	29	27
74	82	79	115	71	37	30	31
57	94	91	121	65	38	30	29
55	100	94	118	66	38	28	30
58	102	106	119	65	37	28	30
63	89	108	109	55	34	26	29
56	113	122	107	54	35	26	27
58	104	126	98	56	31	22	29
57	106	126	105	61	34	24	28
58	115	132	101	63	37	26	30
56	126	173	116	60	37	27	30
65	116	172	125	62	38	30	28
64	120	167	118	58	40	30	28
63	114	177	117	55	37	31	29
64	101	171	128	55	32	30	27
61	99	148	125	55	32	29	28
52	87	142	123	52	31	28	28
51	86	139	126	53	31	29	27
56	111	129	126	55	32	28	28
57	119	154	130	53	34	28	28
57	111	140	120	54	33	28	31
59	114	134	116	53	33	26	32
62	113	136	112	51	31	25	32
67	88	134	109	48	33	25	29
67	94	102	91	46	32	23	34
67	92	92	86	43	33	23	29
65	89	96	93	49	34	23	29
66	85	96	92	53	39	27	29
55	90	117	114	56	36	36	30
52	90	138	122	60	37	58	29
52	92	150	127	58	36	103	35
65	87	149	119	53	33	104	35
66	98	149	123	52	29	106	35
65	94	154	104	52	30	104	33
62	91	137	93	55	31	95	31
65	90	127	99	60	31	50	25
63	96	125	101	60	32	48	29
60	84	122	94	58	33	41	28
61	98	102	108	55	33	40	31
62	92	116	130	54	33	37	30
59	92	118	122	51	34	29	29
49	87	113	120	49	33	29	26
62	100	114	124	53	37	27	31
66	89	104	117	55	35	27	28
70	83	81	87	49	34	26	29
67	80	94	107	56	33	24	29
67	106	112	120	69	37	24	33
65	105	156	139	69	33	26	32
