0	1	2	3	4	5	6	7
66	101	132	101	45	33	25	120
64	109	138	105	42	38	53	121
56	99	166	116	51	40	59	71
51	113	170	114	52	40	60	55
51	109	173	106	51	40	61	45
48	122	170	105	61	43	63	43
54	108	158	100	64	41	45	40
59	113	123	87	60	46	38	34
62	102	117	94	69	49	39	27
69	105	124	107	76	52	37	29
68	90	109	97	68	47	34	31
68	108	101	95	70	46	32	32
66	107	106	93	67	42	31	104
64	110	124	93	61	39	30	138
62	121	130	100	60	41	39	187
62	122	133	103	63	44	41	193
65	106	133	113	71	51	41	199
65	93	147	116	71	51	39	174
62	90	141	119	73	50	40	148
56	84	136	115	73	48	33	81
64	129	163	119	76	55	31	66
81	164	176	121	68	49	33	121
79	171	174	127	69	48	33	123
80	192	189	132	67	47	36	125
84	193	182	117	62	56	137	127
79	183	155	111	56	67	242	127
63	154	148	106	58	66	255	62
63	152	189	161	70	68	256	120
59	146	178	166	70	67	258	122
60	139	177	175	68	61	224	122
62	118	194	181	85	52	108	122
62	120	204	184	92	57	74	121
61	121	156	136	85	55	73	58
62	90	160	127	82	57	66	47
55	98	164	124	82	55	60	37
55	124	159	143	68	45	46	36
51	129	154	142	54	39	43	38
53	129	150	143	56	41	42	38
55	132	131	138	60	42	44	40
55	128	153	141	64	43	44	39
56	112	147	116	61	42	43	35
70	120	130	103	60	45	42	32
70	116	135	98	53	41	40	35
67	119	173	118	54	39	41	34
70	130	162	116	53	39	40	36
70	126	163	117	54	40	39	38
57	115	181	118	60	43	40	37
58	133	187	132	68	45	42	35
60	133	155	126	77	47	37	39
59	119	145	121	76	44	30	37
55	127	140	124	79	44	35	34
51	163	123	130	76	40	33	33
67	149	109	119	70	39	30	39
69	147	106	102	60	41	27	34
75	152	121	111	72	48	29	38
74	146	111	103	72	49	24	37
76	119	108	106	76	57	28	37
58	118	109	103	79	59	30	28
52	116	111	102	77	57	33	30
45	116	92	89	72	56	32	27
45	128	93	94	69	52	32	28
40	125	80	93	65	47	30	28
47	123	89	106	75	48	30	32
50	143	126	117	79	48	27	31
54	142	129	130	81	48	31	37
51	124	133	128	80	51	31	39
54	113	134	117	78	48	30	39
49	116	144	112	73	48	33	38
50	91	109	102	69	45	33	39
44	97	113	89	59	45	30	33
45	106	118	97	62	45	32	31
47	97	123	114	65	46	33	30
48	92	121	127	64	46	31	29
44	91	128	134	66	49	32	29
44	79	132	154	74	48	33	28
44	69	123	148	78	51	31	28
37	77	121	141	78	52	32	29
39	82	105	123	74	50	30	32
53	77	98	125	73	48	30	31
51	92	91	109	65	47	28	32
54	94	127	113	64	44	28	34
57	93	128	114	62	44	26	33
55	86	125	114	62	42	27	30
43	92	126	114	61	39	28	29
46	82	123	104	60	38	29	32
47	98	94	99	55	36	29	33
47	115	94	104	60	39	30	34
52	122	103	114	65	42	32	38
53	123	98	101	69	46	31	37
49	125	99	111	76	50	31	33
48	107	92	115	81	51	30	32
44	91	94	116	81	49	31	31
43	108	160	117	76	46	27	105
44	112	171	133	80	48	28	110
47	110	177	126	78	47	30	114
51	111	176	124	69	45	32	116
54	123	179	123	65	43	30	118
50	105	132	120	68	43	30	61
55	115	124	106	56	38	28	53
53	118	120	108	48	33	25	46
47	123	147	115	48	35	23	40
45	108	148	110	47	35	25	36
48	111	140	103	41	35	26	34
42	92	144	122	44	36	28	31
48	103	150	122	54	39	29	31
61	141	125	113	53	35	27	37
62	144	119	109	55	38	26	34
66	157	137	111	61	43	30	36
67	164	147	112	67	47	30	35
64	156	166	116	67	48	32	35
54	123	165	115	68	48	32	30
52	125	172	112	65	46	32	31
49	106	165	125	68	45	29	29
48	98	163	116	67	41	28	29
54	93	143	116	64	42	29	29
52	96	155	118	67	44	27	28
54	99	143	119	71	42	26	31
51	94	139	103	66	40	30	30
59	94	123	98	60	39	30	30
54	97	107	85	56	38	27	30
55	102	89	86	53	35	28	30
56	93	90	87	51	36	29	29
61	101	90	86	52	36	27	29
59	96	110	99	52	35	26	33
58	101	119	111	53	34	28	33
56	84	127	112	59	35	26	32
65	102	129	121	60	33	26	37
60	101	120	121	58	31	25	38
60	117	148	125	66	37	25	37
62	110	155	122	73	37	24	37
72	121	157	119	68	42	32	106
64	109	156	111	67	43	32	109
67	107	159	112	69	44	33	113
65	99	116	90	60	41	35	116
71	116	124	78	51	42	36	117
66	103	117	77	58	42	31	64
62	111	119	73	63	44	32	55
59	111	121	78	63	41	31	44
66	114	144	82	66	42	33	38
59	121	139	92	67	43	31	35
59	135	135	93	62	38	29	33
59	130	145	119	63	41	33	34
59	127	165	131	64	42	32	34
47	119	143	126	57	40	28	28
43	110	129	119	58	38	30	28
36	116	135	126	64	39	30	27
38	114	124	106	60	36	26	28
38	113	93	85	61	39	29	25
46	113	93	85	65	41	29	29
50	123	98	87	63	38	28	33
51	105	104	75	57	37	30	34
56	103	144	110	54	40	33	35
54	114	147	112	52	35	31	36
55	116	147	113	50	35	30	39
52	94	158	119	50	37	30	37
54	107	163	123	53	38	27	35
50	114	137	98	59	40	25	33
49	119	133	100	60	42	25	33
43	136	140	101	62	42	26	28
41	136	135	113	66	47	26	28
38	127	120	114	68	47	27	26
36	119	108	109	64	42	25	28
51	116	103	108	67	44	27	34
52	115	118	134	70	45	27	33
53	115	133	128	69	39	25	32
56	127	149	135	65	40	24	36
54	128	153	142	63	40	23	35
47	129	169	144	60	38	20	29
46	111	158	127	59	36	22	31
44	107	135	122	57	37	23	31
52	125	131	123	56	34	24	28
53	127	139	133	65	36	25	28
54	117	120	126	63	36	28	30
54	112	112	117	57	36	27	29
57	112	126	115	57	36	26	28
49	73	127	100	62	40	29	28
50	71	119	81	53	42	31	30
47	72	129	82	55	42	29	28
47	110	159	111	69	46	32	27
46	116	145	106	67	46	32	28
45	117	133	105	64	44	29	30
46	124	127	104	64	43	29	27
44	118	122	104	64	45	28	28
43	88	81	83	49	38	24	29
47	86	97	87	52	39	26	29
55	91	110	95	53	38	25	27
59	91	117	97	56	35	24	29
66	94	115	100	58	36	26	31
65	93	135	124	61	37	27	30
65	84	133	124	61	37	26	31
67	77	133	122	64	44	29	35
70	70	130	119	67	50	32	34
63	76	144	119	66	48	31	32
64	80	144	107	64	48	31	34
62	105	168	122	66	48	33	33
67	112	172	128	68	43	33	109
58	122	179	139	63	35	29	114
60	131	166	137	60	32	30	116
60	132	161	127	57	32	29	118
59	116	127	112	50	34	31	119
43	120	119	119	50	32	29	58
45	107	102	107	52	34	30	49
44	96	118	110	53	37	30	43
41	98	127	105	55	38	31	35
44	102	130	102	55	36	27	33
57	105	132	85	56	43	29	30
61	107	143	88	61	45	30	30
62	119	150	84	63	43	30	31
63	113	133	87	65	44	29	31
62	120	133	101	66	47	32	34
49	106	124	99	60	41	31	33
44	126	117	94	53	42	31	31
48	118	100	105	55	41	33	107
49	139	129	118	57	40	32	112
49	130	130	106	55	38	29	114
51	133	143	117	65	38	27	117
51	117	140	123	81	43	28	118
43	112	137	123	80	45	26	62
42	102	165	136	83	45	27	56
44	102	170	144	90	47	27	51
42	101	167	151	89	48	28	72
47	107	179	145	74	43	31	118
52	120	191	140	72	41	30	119
52	109	151	113	66	40	31	120
49	110	143	107	53	40	33	121
56	111	175	94	52	39	35	109
52	108	173	117	61	38	32	55
49	109	161	122	64	40	30	50
53	112	161	127	63	39	29	43
58	111	160	125	64	37	27	43
52	106	111	115	59	36	27	91
62	102	106	91	51	35	26	111
63	88	102	88	53	33	28	116
68	80	97	93	56	37	31	120
66	106	111	108	64	38	31	121
69	117	122	123	62	36	27	88
62	121	126	135	73	44	31	60
59	126	131	132	72	45	30	49
53	131	142	128	72	42	25	39
68	113	132	121	68	42	30	112
63	121	126	110	69	42	30	114
61	114	133	103	57	34	27	116
64	105	128	106	56	31	28	118
60	97	117	102	53	33	30	119
47	99	122	96	55	35	25	54
47	81	129	95	56	37	27	50
54	77	127	93	58	42	26	115
54	84	128	93	62	44	28	119
54	105	123	92	61	43	30	122
48	108	129	103	63	41	31	124
51	107	117	104	64	41	32	125
43	109	104	115	64	38	32	69
43	112	110	110	65	40	31	123
42	94	110	118	69	45	32	122
42	80	117	129	66	46	33	122
37	97	151	138	70	46	32	121
40	101	154	136	76	46	33	120
37	91	150	141	78	45	32	57
40	106	157	136	74	41	31	49
50	117	149	121	71	38	31	42
51	104	128	121	68	37	29	40
56	112	136	113	59	36	29	60
64	121	158	105	50	34	31	113
63	106	157	110	52	32	30	118
58	96	155	112	53	34	30	122
58	95	148	100	49	35	29	123
49	96	132	95	50	38	31	114
45	88	126	112	68	46	33	57
50	97	123	106	72	51	33	48
46	106	122	106	79	51	33	37
53	121	118	106	78	49	33	35
54	114	139	116	79	48	34	36
51	118	121	102	63	39	30	37
49	119	118	99	58	38	31	33
57	113	130	121	51	36	30	32
56	98	137	126	58	40	32	64
64	94	120	121	57	35	29	123
65	90	120	124	64	40	32	128
68	116	138	126	65	36	29	131
61	116	126	99	64	36	30	133
59	112	117	89	61	36	27	122
