0	1	2	3	4	5	6	7
213	217	288	149	75	83	39	75
247	206	274	153	75	83	36	75
462	200	276	144	83	84	52	140
499	164	230	138	86	60	65	188
526	208	229	143	91	52	82	202
502	213	247	158	89	50	85	198
506	235	234	144	88	49	85	202
352	260	223	145	84	60	81	176
315	274	232	168	81	62	69	133
280	265	232	148	68	61	47	111
310	251	215	131	66	63	48	132
310	227	210	137	61	71	51	143
301	207	228	196	67	65	47	133
290	207	269	201	70	64	48	127
303	181	242	216	73	68	57	134
292	193	233	217	71	73	59	118
267	243	283	235	86	69	60	97
252	255	306	207	83	64	58	95
252	235	265	186	80	66	61	90
262	222	256	171	72	58	52	92
251	233	259	168	72	49	44	96
232	196	210	141	57	57	59	93
216	189	147	106	53	64	66	103
215	215	164	98	48	70	79	114
159	226	161	85	55	83	79	102
113	255	152	71	53	84	81	91
101	251	145	58	51	73	67	83
114	248	164	62	51	83	63	77
157	254	147	60	62	77	46	61
166	297	161	57	56	64	49	62
170	256	153	56	55	63	47	60
179	262	146	59	56	61	45	61
178	267	136	62	61	34	41	50
142	260	147	60	52	40	39	49
140	270	184	73	55	37	34	52
135	279	194	73	54	36	30	51
118	273	195	72	52	96	28	48
108	271	201	71	43	102	29	46
92	278	190	71	36	99	25	42
73	229	184	64	37	100	27	37
80	257	179	70	42	104	32	39
81	279	190	72	48	80	42	44
77	285	191	66	47	85	42	42
68	264	200	92	60	91	44	41
69	306	188	110	71	95	43	40
60	283	186	111	71	92	41	37
55	250	182	107	67	84	37	30
50	221	171	108	73	77	35	29
69	278	190	127	84	93	35	28
70	227	186	127	85	96	36	29
67	237	231	127	93	185	43	29
71	261	265	129	105	310	45	28
125	334	278	134	103	328	48	50
120	302	290	98	89	329	49	51
121	299	307	112	91	334	48	51
121	295	295	137	85	298	42	51
122	313	285	143	80	165	39	52
89	245	341	141	81	124	39	40
111	347	393	157	95	112	42	51
125	366	380	145	88	92	48	58
130	363	386	129	89	85	53	62
136	341	390	124	83	98	55	66
152	348	357	137	87	134	56	67
172	240	283	124	74	138	53	69
166	232	276	129	79	146	49	66
166	270	264	130	76	147	45	63
172	319	257	129	75	131	42	60
149	404	261	111	67	93	38	57
103	461	267	111	65	92	35	46
96	469	304	99	68	83	37	44
90	459	322	98	73	74	35	43
62	431	357	100	76	71	34	38
55	340	348	102	81	65	30	34
61	282	351	99	80	50	32	29
74	338	422	108	71	34	34	30
75	330	403	100	65	35	33	30
79	338	417	102	68	43	37	38
79	340	406	99	63	48	52	38
70	315	399	100	61	48	53	41
62	254	342	99	72	53	54	41
63	259	366	105	76	55	57	45
57	233	308	104	76	50	54	39
67	235	316	113	79	53	44	43
68	239	306	117	80	54	41	44
67	187	245	111	75	53	39	47
62	173	254	121	84	51	37	45
62	158	248	128	86	51	37	45
60	141	232	128	86	44	35	41
62	125	227	153	88	41	35	38
78	193	294	163	92	41	31	37
88	181	265	155	78	40	30	38
89	184	255	149	71	35	27	39
88	184	252	144	71	35	31	38
93	191	262	127	75	35	31	40
77	111	183	124	68	31	29	35
69	112	150	119	68	34	30	31
67	110	146	119	74	35	32	33
76	109	139	117	75	38	35	40
77	90	124	106	68	38	35	41
79	86	97	96	61	35	34	40
84	82	110	152	87	38	37	42
86	80	109	153	86	38	37	44
112	76	111	160	83	37	34	45
117	73	104	159	82	36	33	47
156	74	104	156	80	38	35	78
181	57	89	112	52	32	34	100
199	54	95	117	46	31	39	112
182	51	94	105	44	30	38	110
179	54	85	103	46	33	38	110
150	52	83	98	51	32	36	94
127	47	78	84	48	32	34	72
108	49	58	76	47	32	26	50
104	48	82	81	45	31	24	48
98	42	85	74	42	30	24	45
88	39	84	66	35	30	24	38
67	38	82	62	37	30	24	35
44	32	80	52	36	31	25	32
47	32	47	38	35	29	25	34
45	32	43	38	33	27	26	33
45	32	36	37	35	26	26	31
45	28	30	36	32	26	23	31
46	29	30	36	31	26	25	31
44	29	27	35	32	27	24	27
44	32	26	33	30	26	23	26
43	32	26	30	28	24	22	27
42	32	26	25	26	27	23	28
37	32	24	26	25	25	20	26
34	31	26	28	24	24	21	26
38	37	31	30	30	27	22	29
36	36	31	28	29	27	23	27
34	38	33	30	29	23	23	26
38	38	32	31	28	23	23	28
39	39	34	30	27	24	24	29
38	30	30	28	23	25	22	27
37	31	28	29	24	28	23	26
38	29	27	27	23	28	24	26
45	33	30	27	25	29	24	27
45	30	28	26	25	28	23	26
46	34	27	25	23	25	23	25
52	34	28	25	22	24	20	27
51	32	28	24	22	22	20	26
46	30	27	23	22	21	19	26
47	30	28	26	24	22	23	28
44	28	30	28	25	23	22	28
38	27	29	28	23	22	23	26
39	31	29	28	24	23	22	27
32	30	27	27	23	23	23	25
35	32	26	26	23	24	18	25
36	33	23	25	24	24	19	26
32	31	24	26	26	25	20	26
32	28	24	25	24	25	24	29
34	26	25	26	24	25	26	27
27	25	25	27	22	23	27	27
