0	1	2	3	4	5	6	7
101	126	232	163	87	64	47	45
117	150	271	169	87	72	49	52
120	157	262	158	79	96	44	50
124	154	255	165	77	100	42	47
128	164	250	174	81	102	44	54
118	173	282	168	68	105	38	52
129	173	247	158	69	116	40	62
127	195	262	134	64	95	40	61
130	198	263	152	70	91	45	62
138	193	287	138	72	95	49	64
159	203	255	140	72	95	53	77
260	211	261	156	78	78	49	80
281	245	273	175	86	75	52	85
296	243	293	157	82	73	48	91
305	252	260	152	77	75	43	93
352	242	246	167	91	90	49	108
301	285	316	171	89	90	51	109
289	260	340	157	83	86	49	108
272	271	333	145	80	87	49	103
264	263	339	147	77	97	47	100
204	293	382	205	103	85	45	77
172	302	391	225	131	94	49	73
307	304	405	241	135	97	49	91
314	315	404	245	138	106	51	97
323	379	407	254	141	110	54	97
312	356	432	200	115	110	45	89
313	324	383	162	78	106	41	79
189	313	303	133	70	142	41	55
187	294	305	133	70	148	44	62
162	215	312	168	76	135	41	59
153	236	246	177	85	135	45	63
151	226	221	174	84	145	45	68
133	214	217	176	82	115	43	71
119	220	193	171	79	99	36	57
135	235	178	115	65	95	47	70
147	243	149	79	49	114	46	70
133	244	149	75	46	101	50	72
133	260	195	84	57	96	50	70
127	245	190	93	65	93	50	69
112	223	180	92	66	95	45	57
100	184	162	85	60	62	41	54
99	208	162	87	61	54	35	44
88	190	104	69	50	51	35	40
88	198	110	51	36	51	34	40
85	205	121	48	32	52	29	37
69	216	140	53	42	54	28	33
67	176	140	52	44	53	28	32
59	205	141	51	42	53	27	28
62	218	184	55	43	62	32	29
45	223	198	58	45	65	32	24
57	245	259	64	40	64	36	29
58	252	264	63	38	62	36	27
61	254	275	70	40	56	36	26
57	239	257	68	42	50	34	29
57	224	242	65	48	45	36	30
56	222	195	67	49	67	37	32
65	251	239	84	53	72	40	37
68	236	284	91	58	75	40	40
83	298	369	107	63	76	45	44
89	312	408	118	65	80	44	47
89	301	424	135	76	65	42	49
86	281	408	146	91	65	45	52
83	304	374	139	86	62	44	50
74	252	297	127	82	57	38	46
69	249	300	117	80	49	37	43
78	259	390	137	95	51	40	46
95	280	413	120	80	48	36	44
108	274	433	125	84	48	39	50
107	312	448	128	85	46	38	46
105	340	461	147	102	47	40	45
93	355	381	120	88	44	34	38
100	406	451	117	86	38	36	42
88	408	440	114	83	37	34	36
96	422	457	130	91	41	40	43
103	421	426	115	69	37	38	46
108	420	456	119	61	32	37	48
93	353	359	121	63	35	35	44
95	325	347	125	67	36	38	45
103	325	321	123	67	38	37	48
142	300	323	135	69	38	42	59
150	285	361	157	96	46	46	62
145	278	428	169	102	45	44	60
150	275	433	166	102	45	42	62
152	196	414	156	97	43	43	60
125	200	425	152	107	46	41	54
112	172	362	156	113	48	38	49
115	170	356	146	115	55	38	50
115	172	353	149	119	57	42	53
101	163	356	158	120	55	37	49
85	122	318	180	126	53	32	42
98	144	300	183	109	48	32	44
120	137	190	180	105	43	37	52
145	137	178	224	111	41	36	64
141	133	164	274	127	43	35	63
144	123	163	265	113	41	36	66
142	79	126	241	102	38	34	66
123	69	114	244	99	36	50	62
80	55	112	208	88	34	50	44
81	49	139	127	62	35	52	44
72	47	136	112	63	37	53	40
62	38	136	115	66	38	54	40
56	37	134	107	64	36	35	34
53	36	134	93	60	35	33	33
53	43	101	83	50	30	30	32
72	40	82	71	46	28	55	35
82	44	65	53	42	31	57	42
83	44	63	49	41	31	58	41
85	44	60	47	41	31	58	40
90	40	36	42	38	33	60	42
84	46	48	38	37	31	37	40
69	41	62	60	39	29	35	32
80	45	64	67	44	37	42	52
86	44	68	71	50	46	50	67
79	42	69	72	51	47	50	67
71	36	62	70	49	48	51	68
69	35	46	51	44	47	50	66
54	29	42	39	37	40	43	54
41	30	36	38	28	31	32	35
40	29	42	40	28	28	28	33
42	30	41	41	29	25	26	31
39	34	40	41	29	26	24	30
39	34	41	53	29	26	23	27
42	33	41	52	32	27	20	25
46	34	38	52	31	28	21	28
44	36	41	57	36	30	22	27
41	37	45	73	38	28	22	29
42	38	48	75	43	29	22	31
41	50	52	75	42	25	23	30
46	50	51	78	44	23	24	34
46	49	48	74	40	22	22	35
48	48	49	62	39	23	22	35
47	51	49	52	35	22	24	32
46	39	44	49	35	24	26	36
39	37	45	43	31	24	25	32
37	37	44	42	29	24	26	33
37	38	41	37	27	23	26	31
35	32	36	33	24	23	26	31
35	32	33	30	22	21	24	26
