0	1	2	3	4	5	6	7
75	119	215	133	59	47	33	38
62	113	185	158	76	50	34	34
44	110	176	168	79	54	34	36
37	122	181	169	80	53	34	34
42	114	158	166	77	55	34	36
65	123	170	157	76	56	36	38
70	122	171	133	62	56	33	37
76	123	191	157	63	48	34	42
83	106	217	159	67	53	37	48
86	109	242	160	77	57	37	50
77	104	279	184	92	61	37	51
70	97	273	184	92	57	37	49
66	96	278	192	99	54	35	47
70	103	251	193	98	51	32	42
74	105	213	188	93	48	33	39
69	102	166	173	83	42	28	32
70	106	175	194	88	42	27	33
71	109	154	190	84	43	28	31
60	113	172	183	81	43	27	33
60	111	186	187	82	38	25	33
76	110	167	178	79	37	26	35
80	119	173	158	79	41	27	34
77	114	171	128	74	41	26	31
80	112	166	135	75	40	26	30
78	109	173	138	73	44	28	28
62	121	197	139	69	44	29	27
56	118	210	130	60	44	30	30
64	118	216	126	61	46	31	33
64	115	207	117	58	47	33	33
69	128	188	119	68	47	33	39
76	119	172	116	70	46	32	40
83	126	136	123	74	47	33	40
77	121	128	135	71	44	32	38
80	125	126	141	69	43	31	38
71	112	145	129	57	36	28	36
66	114	143	134	56	37	28	34
60	96	142	137	54	35	24	33
75	103	170	129	48	33	24	36
73	123	187	147	49	35	24	36
71	125	237	159	57	37	24	33
78	125	242	158	67	41	26	36
81	125	244	143	61	41	26	38
68	139	238	149	64	43	26	39
64	136	249	139	65	40	26	37
67	148	214	140	60	40	27	39
55	154	220	142	60	44	31	41
58	164	223	169	65	44	32	41
69	160	205	158	68	47	34	41
70	152	237	161	78	48	33	41
68	151	262	192	89	52	36	41
71	146	264	198	87	48	33	37
66	139	274	182	86	45	32	34
61	120	287	206	93	49	30	33
61	112	256	195	85	49	30	35
63	118	210	162	80	43	27	34
64	116	230	162	82	41	24	34
73	115	229	169	86	47	25	35
75	144	219	146	81	42	26	37
84	150	207	146	79	40	26	35
85	137	208	132	72	40	26	37
88	138	165	115	66	43	27	39
91	137	204	112	72	42	29	39
90	124	204	115	72	42	28	40
86	124	216	152	82	42	28	44
102	138	246	171	86	48	33	48
102	133	255	190	88	47	35	47
102	143	222	202	91	50	34	47
99	130	225	207	93	52	35	43
96	143	214	196	90	54	36	40
77	126	172	188	92	50	29	30
70	124	167	194	94	49	26	30
55	119	211	176	84	42	28	28
57	129	226	172	89	43	26	30
63	104	220	169	81	39	23	29
71	125	254	168	74	38	25	33
75	126	257	143	73	41	27	32
74	135	254	197	73	38	25	31
74	146	259	209	61	34	26	31
70	157	268	202	62	34	29	35
65	139	255	209	67	35	27	32
73	146	272	217	68	33	26	35
75	162	242	182	70	38	26	36
78	149	216	201	84	42	28	35
73	160	228	214	87	44	30	35
98	162	235	209	84	44	32	46
91	159	202	197	77	42	31	43
88	133	195	189	80	39	31	42
94	130	196	141	62	33	31	43
94	122	199	119	64	35	28	41
63	123	188	126	72	36	29	28
71	121	213	147	75	39	32	32
72	114	209	149	65	38	32	32
57	109	210	156	73	41	31	29
59	122	229	178	72	38	32	27
65	125	222	172	65	39	30	28
66	124	198	157	70	40	27	29
64	127	198	155	75	41	27	29
74	129	221	201	77	41	28	32
76	105	169	190	81	47	31	33
76	96	195	198	82	49	33	35
72	89	203	204	78	47	32	35
79	85	207	206	77	46	33	37
71	102	190	165	65	43	32	40
75	100	219	155	53	41	31	40
75	117	185	135	50	38	30	41
73	129	175	141	52	38	32	38
69	130	182	132	47	40	31	35
76	116	186	121	49	42	33	34
76	126	171	130	49	36	29	31
77	123	186	138	55	37	34	31
76	114	195	121	53	35	31	30
84	114	203	137	61	39	35	34
81	124	186	145	67	41	34	30
81	112	164	137	69	42	35	33
77	114	146	136	64	41	31	33
81	128	173	144	64	42	32	35
69	130	203	133	65	39	29	33
70	123	203	116	62	38	29	35
71	120	206	108	64	36	29	37
75	104	214	96	64	35	26	38
73	95	205	94	67	36	28	36
76	97	166	87	61	39	28	37
79	108	185	123	66	37	28	39
71	109	187	137	74	43	29	35
69	108	202	145	73	44	32	33
101	102	207	148	71	43	31	39
104	95	196	148	70	38	31	38
98	91	183	131	66	39	32	35
101	85	216	146	61	37	31	39
106	86	205	144	61	36	32	43
88	86	181	139	60	35	31	43
84	91	213	165	68	41	32	46
91	85	225	163	68	42	32	49
93	89	233	166	73	40	31	48
92	91	224	174	79	40	30	48
83	85	226	172	80	41	29	44
84	93	201	156	83	38	28	41
77	107	191	161	85	36	27	40
83	112	169	140	81	38	29	40
82	124	178	151	79	38	28	40
83	136	186	182	83	38	27	40
84	133	180	176	71	36	29	38
86	137	199	171	63	34	28	36
76	146	225	183	71	41	31	34
78	139	234	174	74	42	30	31
69	133	257	170	79	45	32	29
66	142	260	176	81	44	30	31
72	134	260	183	85	45	32	33
68	151	219	181	85	42	27	30
59	149	201	177	83	41	31	28
73	148	165	158	75	37	29	31
74	146	178	163	75	36	29	29
71	145	160	159	83	37	29	31
72	124	170	152	73	34	28	31
74	130	185	154	76	35	23	33
79	126	186	149	78	37	24	36
84	125	195	144	78	37	24	41
83	127	211	144	72	38	23	40
94	127	215	139	71	37	24	44
93	127	246	158	75	40	25	43
87	132	248	169	74	41	25	39
85	124	230	161	70	41	26	34
83	125	210	159	65	39	26	34
70	116	205	156	65	38	24	29
72	153	214	145	55	32	23	29
66	158	222	134	52	27	25	32
67	159	231	146	60	29	23	33
76	170	238	140	63	33	25	33
75	168	242	140	64	35	26	33
88	153	197	124	65	41	30	37
87	147	201	140	68	41	28	33
82	150	222	152	73	40	29	32
72	141	236	157	75	41	27	33
73	135	235	160	78	43	28	33
64	128	235	163	75	42	51	33
66	140	233	169	86	46	60	34
72	131	199	162	80	48	62	40
79	111	189	159	77	46	62	37
79	135	195	167	77	43	62	39
71	137	224	185	78	41	44	35
69	129	251	181	83	43	36	36
72	144	262	184	85	44	33	32
75	157	255	189	86	45	33	34
79	138	259	200	88	45	33	38
79	133	229	191	87	46	32	39
80	138	194	184	75	43	28	37
72	125	186	169	71	40	27	36
70	119	177	161	68	38	28	38
67	128	144	135	63	35	25	32
67	128	144	127	74	36	25	35
70	136	168	119	71	37	28	36
72	163	180	130	78	39	30	36
73	162	196	136	84	46	30	34
73	154	195	128	81	45	30	35
79	149	266	135	72	45	28	34
73	133	261	169	70	43	27	34
72	97	274	203	68	42	24	36
62	99	282	209	64	36	25	34
66	102	292	225	72	42	26	33
60	105	231	220	74	47	26	32
57	102	221	198	75	47	27	31
65	121	201	163	70	46	27	29
66	127	197	153	67	42	25	29
73	134	195	138	62	40	27	36
70	126	210	135	61	34	27	34
82	141	200	122	58	31	27	33
77	128	229	154	65	34	27	35
79	118	211	154	64	34	30	38
68	128	219	156	65	31	29	31
69	128	240	186	70	34	31	34
76	121	240	199	74	36	32	39
74	122	205	167	68	36	31	37
76	127	241	168	78	45	32	35
74	125	244	172	76	45	31	36
82	129	210	138	70	43	31	37
70	118	200	120	64	42	27	34
70	125	203	138	67	42	30	35
71	139	219	146	60	33	30	38
73	128	195	143	64	35	32	38
78	121	200	176	67	34	31	40
73	129	205	176	67	36	34	40
74	132	205	163	63	36	32	38
74	131	172	157	57	35	30	35
71	131	179	159	54	33	28	33
75	130	169	116	49	32	26	28
73	120	167	114	49	30	26	29
75	126	179	120	52	29	27	31
72	105	149	138	59	31	27	31
118	103	151	126	68	34	28	41
123	126	193	184	80	33	29	41
146	146	211	208	88	40	32	48
147	138	222	215	86	38	32	46
150	163	258	222	88	39	33	49
121	172	260	230	81	38	33	41
112	159	258	208	77	39	33	45
84	167	254	193	69	34	28	39
79	171	246	183	67	37	27	40
75	167	233	164	69	37	25	38
87	173	268	166	73	41	25	44
87	175	262	154	68	41	28	42
109	157	259	170	74	42	32	45
108	141	242	178	84	42	34	44
111	125	253	174	78	39	35	44
118	123	211	181	84	41	36	42
118	146	210	191	89	46	34	43
104	148	229	190	88	47	32	39
123	148	234	189	81	46	32	44
130	154	198	186	80	49	32	47
161	145	195	167	69	44	30	52
182	129	192	162	65	37	33	57
186	134	164	141	63	40	32	61
186	137	166	140	68	41	32	65
197	126	153	147	74	41	33	64
166	128	180	166	85	52	39	60
137	139	157	147	84	52	36	54
132	137	163	167	88	48	37	49
118	154	213	186	92	47	35	40
103	156	234	179	88	44	35	40
101	152	213	164	80	32	28	35
101	131	236	197	86	35	29	35
104	126	238	180	80	35	30	34
136	113	198	153	72	38	33	42
172	116	192	159	71	38	33	56
191	125	210	170	71	40	37	57
217	127	203	135	59	38	35	61
227	134	202	139	60	40	35	63
209	133	194	135	65	39	35	59
172	127	264	229	86	41	34	42
159	121	296	237	89	44	32	45
152	119	294	249	99	47	34	48
143	127	294	250	100	47	34	46
148	138	312	269	103	46	30	47
152	137	256	214	93	47	28	47
161	143	210	199	89	41	29	49
134	148	248	225	90	39	28	44
124	130	238	229	90	40	26	42
113	114	222	211	82	39	27	42
109	116	211	192	75	36	29	50
85	105	207	204	77	39	28	47
84	96	157	165	67	37	30	43
82	97	162	149	60	32	28	42
85	101	165	161	66	35	28	44
83	97	186	159	65	37	27	37
81	98	210	140	64	33	27	36
85	101	207	130	55	32	24	40
80	100	212	138	60	34	26	41
82	103	208	133	63	35	27	39
87	122	198	136	64	36	29	38
87	112	178	141	62	37	28	35
87	131	211	173	73	39	30	31
91	134	205	172	74	37	31	34
91	125	222	159	65	32	30	36
83	115	213	156	66	30	31	36
78	121	226	160	65	33	30	39
69	131	235	127	58	31	28	40
95	149	246	130	56	33	29	40
101	159	228	149	61	37	29	38
105	155	239	140	60	38	27	37
107	181	241	156	66	39	29	37
109	171	208	165	65	39	29	39
84	154	196	167	67	38	25	35
82	155	223	174	68	39	28	39
89	172	222	181	68	39	30	43
89	139	202	159	61	35	28	41
89	128	187	149	72	40	33	38
107	147	211	149	73	41	34	41
116	135	203	132	68	38	32	42
123	116	218	126	66	39	32	38
127	136	218	126	75	42	32	40
126	136	217	141	68	38	27	41
115	116	210	154	70	41	30	37
111	119	208	161	73	42	28	34
93	124	201	164	75	39	25	32
88	100	204	171	70	39	27	30
93	123	210	157	65	37	27	30
86	118	191	139	63	36	25	30
105	139	176	136	67	35	28	33
111	131	195	156	80	40	28	38
111	135	215	146	83	39	28	38
112	119	263	176	94	43	28	39
152	158	337	229	106	46	31	46
134	142	335	229	103	45	30	42
127	152	325	218	90	40	29	37
129	156	309	217	89	46	35	38
125	159	281	192	81	46	35	35
73	159	202	131	62	41	32	28
70	161	207	119	61	43	34	30
76	161	192	112	62	46	35	34
68	163	197	132	60	39	26	32
75	164	199	146	60	40	31	36
80	125	196	158	66	41	30	36
105	127	206	168	68	40	27	43
105	121	219	181	72	39	27	41
111	123	228	188	74	39	30	43
116	126	260	185	68	34	24	40
121	140	255	171	65	33	27	45
100	133	241	162	62	35	28	41
100	172	248	149	60	35	29	42
101	168	293	144	56	32	27	40
89	162	253	160	73	38	30	40
84	160	258	158	67	35	30	36
91	159	258	198	78	36	31	37
89	115	258	203	79	37	30	36
81	133	208	188	79	42	31	41
89	138	227	171	68	38	29	40
88	156	258	178	72	41	29	39
92	158	253	145	63	43	26	35
92	153	238	145	60	40	27	38
110	142	221	154	65	39	26	36
106	141	194	155	67	40	26	36
110	119	132	157	64	37	24	37
102	133	137	145	62	39	28	38
102	148	129	150	69	40	27	35
81	141	213	150	63	42	28	32
74	154	220	147	62	42	28	34
70	150	224	148	66	45	32	33
83	146	234	146	66	41	29	33
82	130	248	133	63	43	30	34
83	129	185	117	61	38	30	34
83	102	205	152	67	39	30	32
87	105	216	149	65	38	28	30
81	94	217	148	65	38	28	31
82	94	202	151	62	35	28	29
86	88	211	157	65	41	29	33
87	86	196	122	64	40	28	32
74	81	187	129	73	40	28	31
67	113	195	128	77	41	30	28
72	126	188	125	78	41	30	33
68	136	172	121	76	38	27	34
74	140	190	129	69	39	29	36
78	152	213	122	57	36	27	37
68	154	211	143	57	35	26	36
69	143	209	141	63	40	31	38
93	144	214	138	65	39	31	36
100	145	185	137	76	45	31	34
106	146	159	142	80	46	31	38
109	119	176	135	75	46	32	39
103	139	182	143	71	45	28	34
81	158	178	152	75	46	29	34
75	157	179	148	71	43	30	38
63	168	190	141	71	45	31	35
74	174	179	134	71	44	29	34
86	161	186	129	72	41	28	37
90	142	184	122	70	40	29	39
99	151	187	122	59	37	29	38
101	122	187	121	55	34	27	37
99	118	177	128	65	34	28	42
88	139	188	154	70	33	28	42
88	143	197	159	68	32	27	41
76	148	201	158	79	39	25	38
94	164	183	153	83	42	28	39
95	169	167	154	81	43	26	34
96	152	140	135	82	48	30	33
94	140	157	131	85	52	32	33
97	131	186	133	78	45	32	32
88	116	188	139	76	47	30	30
90	108	184	132	73	47	31	30
93	104	193	127	66	43	29	33
99	107	187	143	70	39	26	30
92	123	227	139	71	39	29	30
81	124	241	150	72	36	29	32
69	119	248	166	78	39	31	30
76	136	244	171	78	37	30	30
74	150	263	165	73	39	31	32
77	124	206	160	73	40	31	33
82	130	202	144	70	39	30	32
86	130	214	139	60	34	29	33
74	127	246	182	66	35	28	32
70	116	231	188	68	34	29	31
71	121	225	188	66	34	27	31
70	126	213	197	65	33	27	31
67	135	212	192	66	35	27	35
71	129	173	142	56	33	27	34
75	128	171	127	58	33	27	37
70	127	188	133	66	35	26	37
63	126	195	119	71	38	29	38
75	120	180	103	69	37	29	39
77	118	175	100	72	44	30	42
74	115	188	109	74	51	30	39
71	120	173	122	70	50	30	37
76	106	171	149	72	51	31	38
72	111	185	153	72	51	29	36
70	123	205	158	71	47	31	34
71	123	170	154	67	40	31	34
76	169	162	143	67	38	30	38
79	193	162	130	72	46	31	38
77	192	160	138	76	48	32	38
74	190	159	136	76	48	31	38
80	189	177	165	75	49	28	39
80	153	186	168	79	52	30	34
78	118	197	166	70	41	27	30
74	130	210	175	69	41	26	26
87	158	208	185	72	41	26	31
89	158	201	157	70	37	27	32
92	153	207	163	68	37	30	37
102	157	206	164	71	41	28	42
101	145	187	147	68	39	30	45
89	100	184	146	69	40	33	41
85	109	188	158	76	44	33	44
82	103	177	152	73	41	31	43
70	92	162	139	70	40	32	39
74	116	168	147	70	41	31	38
77	120	178	166	92	45	30	40
72	116	172	154	92	43	33	37
76	125	186	180	94	43	31	35
74	134	180	188	98	42	30	36
77	110	169	191	102	42	31	35
73	108	207	167	80	36	29	33
72	116	217	175	77	37	29	32
66	106	207	143	72	37	29	32
70	106	208	133	65	39	30	33
74	121	236	128	58	39	30	32
76	125	207	129	56	40	30	31
84	117	207	125	49	36	26	31
78	118	218	123	45	37	26	29
78	118	218	123	45	37	26	29
