0	1	2	3	4	5	6	7
60	275	265	111	67	43	29	28
62	311	237	95	61	42	29	31
61	317	264	93	55	51	33	32
54	298	272	91	60	65	34	31
61	242	297	91	54	66	35	35
57	234	294	87	47	63	33	33
52	170	275	76	44	62	31	31
51	154	248	70	43	55	28	30
86	170	239	64	36	38	28	35
82	168	188	57	34	30	24	30
81	166	193	53	32	27	25	30
81	175	198	74	42	32	27	31
86	218	193	89	44	29	26	33
74	214	164	91	46	30	26	30
93	221	192	103	54	36	30	34
141	269	191	110	57	39	37	48
165	264	175	100	52	37	36	52
179	236	167	100	59	39	36	57
173	223	213	160	70	43	38	57
163	200	223	166	67	37	36	54
127	122	223	163	63	35	29	42
116	126	226	164	69	40	34	43
92	111	224	158	69	42	34	35
101	99	188	119	63	37	31	33
100	96	156	129	74	39	30	35
107	95	178	132	76	41	31	39
83	85	180	134	75	37	28	35
83	73	178	134	69	40	34	36
72	73	165	114	62	41	36	38
72	80	130	78	51	41	35	37
59	80	110	116	61	41	33	33
57	72	101	120	63	46	33	32
53	86	105	119	62	40	29	30
46	84	101	118	61	38	27	26
66	90	103	119	60	37	26	30
95	90	80	76	48	36	32	41
111	94	89	61	46	31	31	41
113	81	92	91	59	32	29	42
114	85	117	110	72	43	42	45
107	112	146	113	75	50	49	45
84	113	188	186	88	51	47	36
78	139	196	203	85	51	47	36
103	156	219	208	91	55	51	47
112	166	221	225	90	53	46	47
114	204	240	248	98	71	41	49
120	244	274	211	97	84	52	50
132	251	273	201	97	142	59	52
118	254	274	203	94	151	67	44
119	277	347	382	165	157	76	49
115	265	373	386	167	149	78	54
108	234	350	392	165	145	72	53
91	216	394	407	171	111	70	52
91	240	398	412	177	161	65	59
86	233	360	272	116	155	53	55
91	234	335	264	112	161	51	51
103	251	343	249	109	160	64	56
112	262	299	226	102	159	201	65
119	298	290	224	90	115	241	62
135	309	286	179	80	114	244	71
141	287	280	160	71	104	252	75
145	291	257	228	80	102	250	72
132	300	262	246	88	76	163	63
129	246	258	233	87	50	96	61
155	217	222	232	88	50	95	61
159	224	206	236	90	57	96	61
155	196	201	181	90	59	93	64
169	188	192	147	85	61	90	66
171	212	211	153	88	58	83	68
155	233	227	166	86	61	78	64
146	232	218	153	92	66	64	55
139	239	212	150	95	77	63	53
127	234	216	192	106	89	60	52
116	211	222	192	108	93	61	49
96	175	211	186	111	94	63	48
90	191	206	197	106	89	39	45
89	188	239	213	110	81	39	41
86	185	281	245	131	89	43	42
91	178	265	235	129	88	41	43
84	204	276	239	132	85	39	45
86	206	282	233	133	88	40	48
96	207	252	223	129	88	40	49
99	230	197	180	108	69	30	50
95	234	190	184	108	77	33	48
96	214	173	176	103	96	34	43
90	242	289	254	123	96	36	41
82	254	303	265	122	95	35	43
89	215	295	241	106	93	37	41
93	208	289	252	113	97	36	43
87	241	321	273	121	80	37	43
97	253	268	215	99	75	32	43
107	249	274	202	104	76	33	47
102	255	272	209	105	79	34	45
98	256	274	198	97	63	33	44
96	236	242	182	88	64	35	43
86	175	201	179	88	64	37	42
73	156	164	161	70	68	36	42
61	162	168	157	72	74	32	39
72	163	172	150	70	72	35	44
72	207	195	137	71	70	33	42
76	225	189	119	68	69	31	40
79	233	189	116	64	60	30	33
79	232	182	127	64	47	32	37
75	235	185	137	70	49	33	36
77	185	143	130	65	43	31	35
94	154	128	135	65	45	31	42
104	147	153	142	65	46	33	43
102	156	182	137	63	45	35	43
96	166	192	130	50	35	32	38
95	180	238	148	51	38	34	42
84	178	251	138	49	37	36	46
68	176	248	144	52	37	34	46
72	170	266	188	65	39	32	46
74	160	264	203	76	47	33	48
91	140	221	189	76	48	31	44
81	138	207	188	75	50	28	37
82	162	214	187	74	49	28	37
76	163	190	129	64	47	26	34
89	226	242	123	69	46	30	40
77	228	252	146	73	42	29	41
76	228	261	187	90	48	31	40
75	213	264	188	99	53	38	44
76	220	276	191	98	53	40	46
67	187	231	191	92	48	36	40
57	181	242	185	90	51	34	38
54	188	236	154	84	53	35	43
53	186	229	154	77	49	31	38
63	188	231	161	79	52	29	37
58	156	252	153	74	52	28	37
61	165	241	141	71	51	31	40
66	160	239	133	57	40	26	33
77	177	249	145	65	51	31	39
69	157	219	142	70	50	31	37
68	150	171	130	70	50	32	35
64	192	188	159	72	49	33	33
67	197	195	161	74	52	35	37
61	180	159	166	90	43	30	30
67	173	158	161	86	42	30	32
66	179	185	174	88	43	33	32
68	142	158	151	91	46	32	34
61	170	168	170	95	45	34	34
60	184	206	153	75	45	34	36
58	204	255	179	81	45	35	36
67	198	244	184	91	51	36	45
67	188	256	182	86	46	34	43
69	162	249	162	80	45	32	44
66	183	233	165	80	45	30	45
62	164	185	148	74	45	30	43
50	161	210	201	82	48	26	34
62	169	202	221	87	58	28	37
77	188	198	231	89	56	26	36
83	194	198	230	86	55	26	39
87	196	243	223	85	57	27	39
91	191	219	165	70	52	28	41
88	181	227	149	66	43	26	39
76	173	232	139	68	48	32	37
70	133	233	131	69	50	32	31
75	157	192	128	76	51	34	32
76	168	193	135	75	48	33	33
70	180	183	118	75	46	34	30
71	163	182	113	73	46	33	32
72	178	175	128	73	44	34	42
68	178	231	137	67	48	33	43
