0	1	2	3	4	5	6	7
72	337	284	96	71	46	31	42
81	324	283	95	71	42	31	46
74	353	290	101	72	46	36	43
73	349	268	126	75	44	35	43
113	349	384	181	92	45	38	53
113	317	419	205	99	44	37	51
121	351	437	220	105	49	45	65
153	327	510	228	116	54	57	84
158	330	526	217	115	56	59	85
135	369	530	183	102	56	59	81
138	413	577	180	96	56	59	83
137	382	573	164	90	55	54	70
103	401	520	147	69	43	37	46
111	432	500	162	75	45	38	49
113	393	444	200	88	43	36	48
111	340	361	195	89	44	37	47
103	344	340	201	87	41	33	46
102	299	323	212	107	49	34	41
155	237	334	210	114	51	66	56
179	213	283	245	116	51	72	59
185	195	265	258	122	48	70	63
195	158	262	262	124	48	71	65
218	123	242	257	108	40	70	68
185	82	236	269	107	44	51	55
173	76	211	212	102	68	113	60
165	62	175	186	90	73	173	60
150	57	164	174	91	79	209	64
110	62	146	190	116	81	241	69
103	72	104	174	112	78	289	72
84	68	99	154	100	63	343	85
81	69	84	144	98	57	318	82
91	75	82	138	95	49	298	81
90	71	89	101	57	47	274	77
77	59	69	64	41	41	224	72
74	58	79	69	36	28	77	46
71	54	78	68	35	28	73	43
56	46	102	105	40	23	82	34
52	49	109	127	53	27	77	27
51	47	118	128	53	26	65	25
47	46	110	124	52	28	87	24
46	50	111	121	50	27	88	25
42	45	91	87	43	29	72	25
35	34	69	51	26	25	72	26
54	36	52	48	28	24	73	28
58	38	56	47	31	23	67	30
59	34	56	49	31	24	67	29
60	37	49	47	28	23	69	31
61	36	48	42	29	23	70	29
51	36	83	100	46	26	75	28
48	36	110	109	49	26	77	31
45	34	113	116	51	25	77	31
43	33	113	119	53	25	78	29
41	32	114	121	52	24	77	29
34	30	91	78	37	21	70	28
38	35	48	66	32	21	38	24
41	36	46	60	29	22	30	22
41	35	46	56	25	21	26	30
41	37	44	52	26	22	25	31
42	39	67	55	28	23	26	30
35	35	68	62	32	23	26	31
30	34	73	57	33	22	25	31
33	37	75	67	38	23	51	23
36	35	75	69	40	24	52	25
33	34	60	66	40	24	53	26
37	35	57	58	36	24	53	27
39	41	44	55	37	24	54	28
36	40	40	56	31	24	35	29
36	41	42	55	31	25	34	30
38	44	46	76	37	26	33	30
35	41	53	85	43	27	31	30
34	37	60	86	42	28	31	29
36	36	61	77	42	27	27	28
39	34	64	75	41	30	26	27
38	31	58	56	33	28	23	26
36	33	51	39	27	27	23	24
38	31	61	37	25	27	22	25
35	30	60	37	26	28	21	26
29	31	58	40	25	25	21	24
29	30	60	55	29	27	24	23
31	28	62	62	32	28	24	24
29	30	58	68	32	28	24	21
28	31	59	71	34	26	22	21
29	31	58	71	35	26	23	20
31	34	57	57	31	25	22	22
30	36	57	50	29	24	21	20
32	35	65	52	32	22	22	23
35	40	66	49	33	24	22	25
33	40	64	46	32	23	21	26
30	36	62	47	31	24	21	26
28	37	62	48	30	22	20	26
27	37	44	44	31	23	20	25
30	37	57	45	30	22	20	26
32	36	58	44	30	23	21	26
39	41	59	43	31	21	19	27
38	38	58	42	31	23	22	30
