0	1	2	3	4	5	6	7
34	24	20	25	25	17	22	22
36	25	20	25	23	20	21	23
39	24	21	23	21	22	20	24
35	27	21	24	23	23	20	22
35	26	20	25	22	24	21	21
32	24	23	24	22	24	21	20
31	24	23	24	22	24	22	22
25	25	21	23	23	22	24	22
28	23	22	23	21	20	25	21
33	24	23	23	21	21	26	22
37	24	21	24	21	19	26	24
38	24	22	24	22	21	26	24
43	26	22	25	20	23	24	25
40	27	24	24	21	24	25	25
38	26	23	23	20	23	22	27
33	25	23	23	19	25	24	26
33	26	23	23	18	24	25	25
28	23	23	23	21	23	25	25
36	24	21	23	20	25	24	27
38	25	22	23	21	25	26	24
40	25	22	22	21	24	24	24
39	24	22	22	22	24	22	25
39	25	22	23	22	23	22	25
38	24	24	21	25	21	21	25
35	23	23	22	23	23	21	26
34	23	24	23	24	22	21	27
40	27	25	23	23	22	20	26
44	27	22	22	23	22	21	25
40	24	22	25	20	23	21	24
40	25	23	24	21	21	22	24
40	26	23	25	22	22	21	24
35	23	23	25	22	21	25	25
37	25	25	25	23	22	23	25
38	27	24	24	22	22	24	24
37	28	26	23	21	22	22	22
36	27	24	23	21	22	24	22
35	27	24	22	20	23	22	21
27	24	24	21	20	23	26	22
32	23	26	20	20	21	26	25
35	26	22	21	21	20	25	26
37	26	25	19	23	21	24	26
39	25	26	19	23	20	24	26
39	27	25	22	20	21	21	26
34	28	23	21	21	22	23	24
31	24	24	21	20	23	23	24
36	26	22	21	19	21	22	24
36	26	23	21	19	22	22	24
43	26	24	21	22	22	22	25
44	25	24	21	23	22	20	23
43	25	25	22	23	25	20	22
36	23	26	22	24	25	22	22
41	25	25	22	23	24	21	21
36	26	25	22	22	24	20	20
42	27	26	22	21	24	19	23
41	27	25	21	22	20	21	23
42	27	24	20	22	22	20	24
42	27	23	21	23	22	20	25
42	27	25	19	22	23	21	24
41	27	24	21	21	22	22	23
41	27	23	21	21	21	22	24
43	27	24	22	20	21	23	24
38	24	24	22	21	22	23	24
44	26	23	23	20	20	23	25
42	28	23	22	22	22	23	23
43	27	26	22	22	22	22	24
41	26	25	21	21	22	23	24
41	28	25	21	21	22	23	25
32	25	24	22	23	24	21	24
33	22	24	23	23	23	21	24
38	26	23	24	25	25	21	23
38	26	24	24	25	23	19	22
37	24	24	24	26	24	20	19
39	25	24	22	24	22	20	20
35	26	24	21	25	21	21	21
36	24	23	21	24	21	21	21
37	25	23	22	24	22	21	22
37	25	24	25	22	22	21	23
38	25	24	25	23	22	21	22
40	27	23	26	21	22	20	24
35	26	25	24	21	22	20	24
35	29	24	24	21	22	19	23
35	29	22	22	21	18	19	23
35	29	21	22	19	20	19	23
39	28	22	22	20	21	18	23
37	28	20	25	23	22	21	23
41	24	21	24	25	23	21	23
41	26	23	23	25	25	22	23
41	25	24	24	26	24	22	25
40	23	25	22	25	24	23	23
41	22	24	21	24	23	21	23
39	25	24	21	22	21	22	22
42	24	23	21	24	21	22	23
44	24	24	21	23	21	22	23
39	27	23	22	23	22	22	21
39	28	24	21	22	22	23	20
35	25	24	21	22	23	25	20
37	26	23	22	20	24	24	20
39	26	22	22	21	24	23	18
39	25	21	23	22	24	24	21
38	25	20	22	22	24	24	21
38	24	21	22	23	23	22	23
37	26	22	23	22	22	24	23
38	26	22	23	21	24	25	25
38	27	24	23	21	22	23	23
39	26	27	22	20	21	24	23
39	27	25	22	21	22	23	22
35	24	24	22	23	20	21	22
30	24	24	23	24	19	19	21
37	25	24	22	25	20	19	25
38	26	20	22	24	20	20	25
38	26	23	23	24	21	20	25
39	26	23	24	22	23	21	25
39	26	21	21	23	24	23	25
30	23	20	23	22	25	23	21
33	22	20	23	23	26	21	21
41	25	18	24	24	25	22	21
40	26	18	22	25	24	21	20
40	25	18	22	24	26	20	20
41	25	20	20	25	23	20	19
42	26	21	20	24	24	21	19
35	25	23	20	23	24	20	18
39	26	26	21	22	27	20	20
37	26	26	22	22	24	20	19
39	25	25	21	21	23	21	21
36	24	25	21	21	22	20	21
37	26	24	20	22	24	19	22
33	24	21	21	23	20	20	21
39	25	21	21	24	21	22	24
39	27	22	22	24	22	22	24
37	27	20	22	24	21	24	24
37	25	20	23	24	18	24	23
38	25	21	23	25	20	23	21
40	26	21	22	25	18	22	20
41	24	23	23	22	21	21	21
41	24	26	23	21	21	20	20
41	23	26	22	21	22	21	22
41	25	26	23	22	19	22	23
40	24	25	22	21	20	22	21
44	27	24	22	22	19	21	20
41	26	23	21	23	20	20	21
43	27	23	20	23	20	21	19
41	27	23	18	23	22	20	18
35	27	24	20	23	23	20	19
43	27	25	19	22	23	21	22
43	26	23	18	23	24	24	20
41	26	23	19	22	23	23	21
42	25	22	19	19	23	23	23
40	23	22	18	19	22	23	24
37	23	21	19	22	22	23	24
39	24	26	21	22	20	21	24
40	22	26	23	23	21	20	25
40	24	26	22	25	21	21	23
45	24	27	22	25	22	21	24
40	23	28	23	23	21	20	21
39	25	24	24	23	21	21	21
39	24	24	24	22	21	20	21
39	23	25	24	22	23	22	21
33	24	25	26	23	22	22	20
31	24	25	27	25	23	21	20
38	24	26	25	25	24	22	20
40	25	26	23	25	24	23	21
39	23	25	23	26	23	20	22
44	23	22	22	27	21	21	21
41	23	23	19	24	21	23	22
36	25	21	20	24	21	22	22
36	25	22	21	25	22	22	22
39	27	23	20	23	22	22	23
39	28	26	22	24	24	22	22
38	28	26	22	23	23	20	22
47	27	26	22	23	22	20	24
46	27	25	22	24	22	20	22
44	28	25	22	23	22	21	22
44	27	24	19	23	22	23	21
44	26	23	22	24	23	22	24
34	26	23	21	24	22	22	21
41	29	23	24	20	20	22	22
41	27	23	24	24	22	21	22
42	27	21	26	25	25	19	23
43	28	20	25	25	25	21	21
43	27	22	26	25	25	20	21
43	25	23	23	28	26	23	23
44	27	23	24	26	23	22	22
40	25	25	24	24	21	22	22
42	25	26	24	23	20	21	23
40	24	27	23	24	21	21	22
32	25	28	23	23	20	21	20
36	25	27	23	24	21	22	21
35	27	26	22	25	20	21	21
35	25	25	23	25	21	21	21
37	26	22	23	24	23	23	23
37	24	21	22	22	23	20	21
32	24	20	24	22	22	21	21
30	23	20	23	21	22	22	21
25	24	19	24	21	23	22	19
24	25	19	24	21	20	19	20
22	28	18	24	20	21	22	20
22	26	20	24	19	21	21	19
22	26	18	24	20	22	21	19
20	26	20	22	21	21	21	21
22	25	19	21	21	24	21	20
31	28	20	21	21	23	20	22
36	28	18	21	21	23	19	24
37	29	18	20	21	24	18	24
38	28	19	21	21	25	19	23
38	28	23	20	20	24	18	23
33	23	22	20	22	24	21	23
26	23	24	20	23	23	22	23
30	23	25	21	23	21	23	24
30	23	24	22	23	18	25	24
29	24	21	23	23	17	26	24
28	22	23	23	23	16	25	23
30	22	21	24	22	17	23	21
22	22	21	23	21	20	24	20
33	23	24	21	21	22	22	22
37	22	24	21	22	23	22	23
38	24	22	21	21	24	21	24
38	24	23	20	23	24	22	23
40	22	22	20	23	23	21	24
32	23	22	21	24	25	21	23
25	24	22	21	23	25	21	23
24	23	22	20	22	24	20	21
36	26	23	21	21	24	21	22
36	27	23	21	22	23	21	23
38	28	21	22	24	22	21	22
40	26	22	24	25	23	20	21
39	27	23	24	26	23	21	21
30	24	23	23	26	23	21	22
28	24	24	22	26	25	20	21
37	26	25	21	23	26	20	22
37	28	24	20	23	23	22	22
38	27	23	19	24	24	22	23
38	27	23	18	23	24	20	22
37	28	23	19	22	25	20	21
35	26	22	21	23	22	19	21
35	24	24	19	24	23	19	22
35	25	25	20	24	23	19	22
35	24	24	21	24	23	20	21
42	24	24	22	25	20	21	24
35	23	23	20	24	21	22	22
35	25	22	20	22	21	21	21
34	23	21	21	23	21	21	22
33	24	22	21	24	22	20	23
23	24	23	20	23	21	20	20
22	23	25	20	24	23	20	20
21	21	25	21	26	23	22	22
23	21	25	20	24	21	21	23
23	20	24	21	23	21	23	21
24	22	22	20	23	22	22	22
24	23	21	19	25	19	22	23
23	22	20	22	23	19	20	21
22	24	20	21	23	21	21	21
21	26	21	22	24	23	19	21
22	24	21	21	24	24	20	22
31	25	23	22	22	24	21	25
35	25	23	22	23	25	21	25
36	25	24	23	22	24	20	23
37	23	25	22	24	22	22	26
35	24	24	24	24	22	21	27
29	22	23	23	24	22	20	23
23	22	24	22	24	22	20	23
22	22	24	23	25	22	20	24
22	23	23	24	23	21	18	21
21	23	24	23	22	20	20	20
20	25	23	23	22	20	21	22
18	24	22	23	22	21	20	20
19	23	21	21	22	21	22	19
21	23	22	19	23	23	23	20
23	24	22	21	23	21	22	21
23	22	23	22	22	22	22	19
23	24	23	22	22	22	23	20
24	26	24	21	21	23	23	20
22	25	22	23	20	22	22	20
31	24	21	22	19	25	24	23
40	25	20	21	21	25	22	23
43	25	20	20	23	24	21	23
44	24	19	21	22	23	21	24
52	26	20	21	25	24	19	24
46	25	20	20	24	22	19	21
41	28	23	20	23	22	19	24
44	27	24	20	22	20	21	24
48	29	25	21	22	21	19	25
40	28	25	21	19	21	24	26
41	29	25	22	20	21	24	26
39	26	24	24	22	22	24	24
35	28	23	23	21	22	24	25
44	26	24	23	22	23	25	24
48	28	23	23	21	21	21	24
48	26	25	23	22	25	21	23
48	25	24	22	21	24	22	24
48	23	26	23	22	24	21	23
34	24	24	21	22	24	21	24
28	21	25	21	22	25	20	23
30	22	24	21	24	21	21	23
27	22	24	21	24	21	20	22
28	22	23	21	25	21	20	26
28	23	23	21	25	21	21	27
27	24	23	21	25	19	21	25
27	23	23	20	21	19	21	27
33	24	23	20	23	17	21	26
35	26	25	22	21	20	20	22
39	25	25	22	22	18	21	22
39	25	24	22	23	19	22	22
38	25	24	23	23	21	22	21
33	23	23	23	22	21	22	22
27	22	20	22	23	20	21	25
24	23	21	23	20	22	20	24
23	22	22	24	20	22	20	24
23	24	22	24	20	22	21	25
22	23	22	22	22	23	21	24
23	23	22	23	23	25	22	22
20	21	23	24	23	24	22	23
21	24	22	23	25	24	24	25
22	22	23	23	25	23	22	24
27	25	22	23	24	23	21	24
37	25	26	22	24	21	19	24
38	26	24	23	25	21	21	22
39	25	25	21	23	22	19	20
39	26	25	21	23	23	21	20
37	23	27	22	24	25	22	22
27	25	25	22	21	25	24	21
29	25	26	22	24	25	21	23
38	27	25	22	24	25	21	25
39	27	25	22	24	25	22	24
40	26	24	23	23	23	22	23
39	26	23	23	25	23	22	24
37	25	22	21	22	22	22	24
33	23	23	22	24	20	23	23
34	23	22	22	25	22	22	23
39	28	24	20	24	25	23	23
41	28	24	20	24	25	22	23
41	29	24	21	25	26	23	21
36	30	24	21	23	26	23	23
37	28	23	21	22	23	24	23
29	26	20	21	23	21	23	23
28	24	22	23	22	21	23	23
27	24	22	23	21	22	22	24
27	20	22	22	21	22	21	23
32	24	23	23	21	21	20	23
33	24	24	22	21	21	19	25
37	25	25	21	21	22	21	25
37	24	25	22	20	21	22	24
38	25	23	21	22	21	23	24
32	22	27	19	21	23	21	25
32	22	27	20	21	23	23	22
27	22	26	20	21	21	20	20
27	23	26	20	20	22	21	21
33	26	28	20	18	24	21	21
36	29	24	20	21	23	22	20
36	29	22	20	21	23	22	20
36	30	22	20	22	22	24	22
38	30	22	22	24	21	23	23
32	30	23	20	23	20	23	23
27	27	21	23	23	19	24	22
26	25	23	23	22	18	24	21
26	23	23	24	19	19	23	21
28	22	22	21	20	21	23	20
27	20	21	23	20	20	24	20
27	20	21	21	22	21	23	21
28	21	22	22	24	21	23	21
27	22	21	22	25	22	24	21
23	24	22	22	24	23	24	22
30	25	21	22	25	24	23	23
29	25	23	25	23	24	21	23
29	25	22	24	21	25	22	23
30	25	22	23	22	24	23	22
31	24	21	23	24	22	22	23
25	23	21	23	25	23	22	22
24	23	22	20	25	23	23	23
24	23	21	22	26	24	23	23
26	23	21	21	26	24	23	24
24	23	23	23	23	23	21	23
22	23	23	24	23	22	23	23
23	23	23	23	23	23	22	22
21	21	23	23	21	21	21	23
19	22	23	24	24	20	20	24
19	23	21	21	25	21	21	23
29	22	24	23	23	21	19	22
29	24	22	23	24	21	23	22
30	23	22	21	26	21	23	22
30	23	23	22	23	23	23	21
31	23	22	24	23	22	22	23
23	23	19	22	23	22	22	22
24	22	19	22	20	22	20	21
22	21	19	22	19	23	19	23
