0	1	2	3	4	5	6	7
105	95	130	140	77	375	53	43
78	96	131	152	75	365	47	38
88	102	153	233	100	202	39	36
87	103	229	270	107	152	38	37
85	104	227	266	106	204	45	36
81	100	290	288	111	216	49	34
81	104	297	286	113	214	48	34
70	112	301	241	92	201	48	34
71	101	256	203	88	197	49	34
81	103	264	202	85	135	41	42
82	112	212	175	85	96	36	42
72	105	225	177	85	90	34	41
68	96	217	184	90	94	35	41
67	109	215	185	88	107	38	43
60	107	211	189	92	108	41	35
61	106	215	199	87	99	43	35
66	99	211	199	87	90	44	36
66	108	204	181	78	85	41	33
70	103	202	167	77	86	41	35
69	104	194	157	69	86	36	35
70	114	219	132	67	89	34	34
68	112	209	126	62	87	34	30
69	103	213	121	90	86	36	31
65	102	205	113	112	117	44	30
64	102	197	123	137	157	49	27
83	84	121	119	148	179	49	29
82	91	118	117	157	190	58	39
83	107	103	108	146	189	56	41
84	107	136	116	131	166	47	39
92	111	179	136	119	127	48	46
87	111	190	149	109	93	50	48
85	105	186	159	98	82	42	48
87	120	258	173	94	82	43	46
101	123	270	211	94	79	43	49
95	122	269	214	98	84	37	43
83	126	295	219	94	91	38	41
83	123	302	210	91	81	35	36
77	93	289	204	95	76	32	34
55	110	283	163	94	78	32	36
76	124	275	153	84	72	35	42
75	117	242	135	82	61	31	39
77	118	242	142	81	59	29	40
77	122	191	144	85	64	33	42
78	107	170	142	85	59	32	38
59	84	152	124	79	55	33	42
59	93	150	138	77	52	33	44
78	94	176	131	81	51	35	46
81	84	213	142	79	48	34	46
84	105	280	148	83	49	35	46
84	124	338	205	94	48	34	36
85	124	344	199	98	42	32	39
71	125	325	197	102	46	30	36
67	140	299	201	99	42	30	34
76	133	287	211	91	40	31	38
76	113	210	155	76	38	29	39
73	112	201	150	72	42	30	36
69	146	208	152	61	45	30	35
72	138	236	144	58	43	28	38
60	127	176	119	56	47	26	39
54	133	185	122	55	67	28	36
63	141	181	121	54	78	33	41
63	113	207	139	67	78	36	44
64	111	262	134	69	80	38	43
59	111	254	132	71	83	39	44
60	109	252	123	72	70	40	45
54	115	261	122	71	57	35	45
57	118	272	125	69	59	32	43
53	116	212	115	64	56	34	44
58	117	224	123	71	53	32	41
67	117	227	124	68	50	32	44
70	109	244	136	65	52	34	40
68	100	211	120	55	45	33	37
70	108	186	126	57	48	30	36
67	111	210	122	46	45	30	37
59	132	221	135	49	55	30	31
62	129	202	129	57	55	27	31
63	136	207	123	61	56	28	34
67	136	221	136	66	56	31	33
73	138	213	128	66	58	31	31
72	117	223	126	66	50	28	29
63	117	211	127	64	46	30	28
62	114	219	134	60	44	30	27
53	113	226	136	58	40	36	31
55	124	228	201	68	39	36	34
57	130	200	203	70	48	35	35
69	146	210	204	71	51	38	36
76	153	248	206	73	56	41	39
77	163	306	222	73	56	33	38
72	148	290	171	67	59	38	37
90	148	296	178	70	60	43	38
85	142	313	204	72	61	40	39
83	161	287	213	72	58	41	37
88	156	244	183	70	59	41	36
90	158	257	204	80	59	40	36
79	171	259	198	78	54	36	36
76	180	234	180	75	56	36	37
75	159	214	173	73	57	32	35
71	153	168	177	72	53	30	34
66	152	139	155	60	48	28	36
58	143	167	163	64	48	32	34
64	120	179	162	67	46	33	33
67	124	208	158	76	48	35	37
68	137	228	162	83	55	39	39
69	160	239	175	87	60	39	40
81	153	214	174	83	59	40	40
78	148	217	166	86	62	41	40
73	161	189	160	81	61	42	40
70	147	179	159	82	61	41	37
69	127	166	154	76	65	38	32
53	136	157	162	75	63	32	30
56	139	151	164	70	57	30	32
55	122	151	176	76	58	27	28
54	132	172	197	77	56	26	27
57	143	183	206	80	55	30	31
63	141	184	190	80	57	34	34
58	138	206	208	78	58	33	30
62	122	251	203	77	56	32	33
63	134	237	218	81	56	32	32
58	125	237	204	78	45	30	30
59	113	237	202	77	48	33	32
72	119	235	189	79	52	38	42
70	125	199	193	75	52	40	40
72	106	226	177	70	53	42	46
85	107	216	172	70	53	42	48
87	119	228	179	74	58	42	48
80	113	221	194	81	61	39	42
78	115	209	188	78	69	39	44
78	138	179	154	81	74	39	39
64	131	175	148	81	76	39	36
63	122	178	157	79	75	38	36
67	124	201	131	69	71	36	37
69	115	210	127	69	63	36	36
69	83	217	128	60	65	39	35
74	87	227	140	66	75	41	35
74	104	226	137	74	71	39	32
71	101	185	145	74	69	38	32
72	103	176	148	74	72	37	32
77	99	186	182	78	63	37	37
80	105	206	252	90	58	42	42
79	107	213	287	89	57	40	42
97	124	212	288	96	62	45	47
102	135	235	299	106	60	48	46
97	134	230	280	103	60	43	42
113	131	256	240	93	51	38	45
111	113	278	207	91	50	39	45
96	95	276	197	87	44	34	39
93	99	308	177	74	47	36	41
112	102	314	188	80	46	36	44
90	94	274	180	88	52	37	36
88	110	243	164	84	50	35	35
85	107	259	169	79	57	37	35
91	98	232	178	81	52	31	35
67	101	201	171	77	54	32	33
71	104	222	151	55	47	27	35
78	87	217	146	58	51	27	39
96	93	221	148	68	47	27	40
94	83	183	135	65	60	28	39
95	86	190	126	65	69	34	40
98	87	181	126	78	70	37	42
101	103	197	138	85	70	37	43
87	100	199	134	79	69	37	39
79	101	205	130	76	64	38	38
81	110	220	136	75	54	32	37
84	110	237	165	79	58	31	34
72	97	234	150	74	55	32	33
70	102	230	155	79	55	32	34
73	103	228	169	81	50	31	36
65	82	214	164	80	52	32	32
50	77	180	129	65	46	33	30
50	79	196	133	61	47	35	28
49	79	180	130	63	46	34	27
48	82	180	112	60	46	37	26
53	103	238	141	62	48	38	27
55	109	254	194	67	44	35	27
55	108	234	202	69	47	34	29
50	106	253	200	61	46	34	28
50	124	266	204	64	46	32	31
49	115	244	204	59	42	28	30
52	116	224	161	56	49	28	32
59	119	250	160	50	49	26	30
62	122	232	170	50	48	29	33
66	125	241	175	54	51	29	34
66	126	224	163	64	48	29	34
69	127	245	160	59	42	31	36
62	125	266	170	74	45	31	35
58	121	290	166	81	48	28	33
53	91	270	159	78	49	29	30
61	105	272	172	75	49	27	35
61	95	275	212	81	50	29	31
63	101	251	200	75	58	34	34
66	105	236	194	69	74	36	34
71	115	289	227	76	77	35	36
62	101	299	222	75	78	36	31
57	116	279	186	72	82	35	31
63	109	258	176	65	78	29	31
61	104	244	182	70	68	29	31
58	99	232	185	72	62	29	29
58	105	223	197	72	77	32	30
55	92	237	197	74	73	31	32
61	111	288	233	77	72	32	32
69	119	293	230	74	68	30	33
66	119	258	200	68	76	32	34
67	116	242	172	64	61	34	34
79	123	245	193	64	58	33	40
74	130	193	203	71	55	35	40
71	144	212	200	71	54	34	41
69	147	204	198	70	44	33	40
71	170	320	227	86	68	31	40
61	168	319	217	90	74	39	32
66	157	333	171	81	78	42	34
61	146	344	171	76	82	42	32
64	153	361	187	76	82	45	32
61	133	273	161	66	68	43	31
57	130	274	148	51	64	36	30
49	127	259	154	53	54	32	31
56	125	227	160	62	54	36	34
58	110	217	164	69	53	31	34
55	95	212	156	63	50	33	36
62	94	218	155	64	54	34	38
56	100	216	149	65	58	35	37
50	95	223	200	73	54	31	35
49	97	227	185	67	62	33	36
69	107	256	191	67	69	34	36
64	126	250	192	70	66	32	34
70	132	241	211	74	70	32	32
76	136	247	161	66	74	33	34
78	132	223	150	67	67	34	34
65	124	212	163	82	58	31	34
71	113	204	179	93	58	33	36
71	106	225	162	90	56	35	38
66	98	198	161	91	49	33	37
66	104	193	160	89	59	32	36
66	105	172	142	81	61	32	36
73	116	162	147	73	61	30	34
73	114	185	151	73	59	27	32
80	116	224	152	73	62	27	31
82	116	236	179	80	56	29	31
85	121	233	175	73	65	28	30
78	106	242	161	73	86	29	31
86	121	228	152	72	102	29	34
81	121	211	173	77	98	28	33
83	124	223	159	75	98	32	38
81	118	218	162	83	98	38	38
82	125	223	167	79	82	37	39
72	115	245	207	83	58	38	41
102	120	249	190	82	62	43	44
100	115	265	198	80	58	38	38
98	111	301	227	81	64	34	38
98	124	293	226	90	68	36	36
99	114	255	192	91	72	37	31
64	105	246	197	88	72	34	27
61	122	219	194	88	75	39	31
66	126	179	153	80	60	38	30
65	138	249	200	76	59	38	30
70	150	264	201	71	56	37	33
94	154	287	193	72	54	38	41
94	149	284	181	70	49	33	38
104	146	283	189	74	50	35	40
106	122	250	133	75	57	35	44
101	124	233	135	79	63	40	42
81	137	221	134	76	61	37	35
91	136	219	161	83	63	38	36
85	138	223	163	105	66	38	36
78	127	212	184	112	57	34	29
87	140	208	185	114	57	29	34
95	132	179	199	115	59	30	40
107	121	209	191	112	60	30	47
105	123	209	189	88	56	26	45
107	133	211	159	72	58	27	47
100	111	220	154	61	49	25	46
101	103	227	136	59	47	26	45
73	107	202	133	57	45	24	38
70	115	222	125	59	44	28	39
70	107	201	130	62	38	49	38
70	118	220	131	61	40	63	36
55	121	233	125	61	42	65	31
69	119	237	104	61	41	66	33
62	109	206	106	62	44	67	30
72	109	236	111	72	50	53	38
70	98	252	118	81	50	38	36
69	99	244	123	81	57	36	35
63	112	234	122	77	58	34	36
64	109	245	118	76	56	31	37
56	116	233	136	63	55	31	32
59	119	209	133	62	56	30	34
80	178	203	146	59	49	30	38
101	184	249	149	62	49	34	43
103	233	251	159	70	62	42	42
103	236	247	140	76	60	42	42
108	241	250	131	71	60	42	46
95	202	245	117	74	62	42	43
74	215	214	129	73	60	39	38
78	189	207	132	69	47	33	39
81	186	196	148	65	49	36	38
73	175	213	171	66	46	35	34
71	173	210	178	72	53	33	33
67	144	213	191	74	58	34	32
58	106	211	220	83	58	33	34
47	102	242	214	82	60	29	31
52	109	207	213	83	61	30	30
52	118	236	210	77	53	32	31
49	143	252	194	74	50	32	28
60	139	246	151	61	48	30	32
68	137	223	139	62	49	33	34
66	155	257	129	63	53	32	35
73	161	241	142	75	60	34	36
73	137	223	147	82	59	33	37
69	166	223	141	84	66	33	35
66	167	223	176	87	65	31	33
74	151	203	170	81	62	33	35
70	139	185	153	70	55	30	33
73	143	168	143	68	57	31	35
83	151	168	150	68	53	32	33
81	144	155	138	68	49	34	35
72	136	148	137	72	50	33	32
75	158	166	139	71	48	36	41
73	161	178	160	74	48	34	39
57	133	189	158	72	50	33	38
71	140	190	147	66	54	31	39
72	142	174	152	61	62	34	40
65	112	166	168	67	64	30	31
68	103	146	154	60	66	29	30
67	96	133	159	59	63	30	31
58	85	145	151	59	59	28	35
57	77	154	144	63	48	25	36
58	76	171	129	57	48	27	36
57	80	191	124	55	45	30	41
64	81	213	127	56	46	29	41
61	79	204	137	60	48	30	36
63	81	210	133	57	47	28	35
63	78	197	142	57	47	28	36
69	81	199	138	57	49	32	36
67	74	198	161	70	51	32	35
67	70	191	156	70	51	34	36
66	78	187	156	70	52	36	38
69	80	188	156	70	51	34	39
61	74	175	174	68	45	31	35
62	146	151	148	69	45	33	35
63	166	155	144	86	44	31	36
66	163	166	155	87	51	33	36
63	168	169	148	100	56	34	34
66	169	165	126	104	59	35	34
72	119	169	133	116	63	34	37
76	101	171	129	106	67	41	38
85	118	157	117	106	63	39	38
87	135	159	114	97	62	39	40
88	134	150	115	97	64	40	40
80	139	151	97	71	62	40	36
81	152	164	95	74	61	33	33
71	148	166	113	77	57	32	32
70	126	155	112	77	64	34	33
68	130	174	111	74	62	36	35
68	127	166	114	76	57	34	37
69	104	190	153	87	63	35	36
73	150	185	150	84	67	36	37
75	157	180	150	81	57	36	35
75	158	163	149	79	55	34	33
77	161	162	165	88	55	35	34
71	169	135	144	88	49	34	35
68	145	122	136	85	48	35	38
69	165	145	144	96	52	32	38
64	160	189	173	107	58	33	36
65	169	209	180	103	56	33	35
90	175	200	173	87	52	33	33
98	178	207	179	88	52	33	29
99	154	205	169	74	49	34	26
102	163	192	161	61	41	32	31
101	186	172	142	71	54	35	30
78	179	197	153	79	59	38	31
75	158	196	150	92	60	36	36
73	161	196	159	93	62	36	37
77	157	185	139	97	67	36	37
73	118	196	134	85	60	36	37
76	122	232	112	82	55	31	37
72	119	245	104	75	57	33	36
79	115	254	108	78	57	33	39
81	108	255	109	76	55	35	37
81	107	245	118	75	52	32	37
79	95	204	121	72	50	32	40
71	104	183	131	70	46	30	36
61	108	169	148	73	42	31	33
57	129	159	150	68	39	27	33
59	123	157	146	69	39	26	32
60	123	124	145	69	42	27	30
64	119	170	135	75	44	27	31
65	183	190	132	82	53	31	32
56	204	188	133	86	51	32	29
62	212	197	136	93	52	35	36
71	227	207	148	96	49	35	37
68	244	177	151	92	49	34	36
66	216	183	142	80	40	27	37
73	184	230	152	82	45	27	40
72	207	236	150	71	42	26	37
63	207	258	150	71	44	26	34
65	194	286	148	65	39	25	36
71	177	293	166	77	42	28	36
69	196	266	159	71	41	30	34
63	168	267	166	77	44	31	34
65	150	251	170	72	42	30	32
66	191	233	184	77	49	33	31
65	199	191	162	67	52	32	33
65	180	174	157	70	57	29	35
64	188	215	190	65	56	27	32
61	188	213	177	65	56	29	36
58	143	197	166	58	62	29	36
52	129	198	156	56	63	29	34
48	129	217	169	54	57	30	35
51	118	213	127	59	59	31	36
56	233	228	138	64	63	35	34
50	236	232	131	62	57	32	32
50	235	244	153	72	52	32	30
56	237	237	142	77	54	33	33
55	232	199	131	80	55	33	33
56	124	181	122	78	72	31	35
63	115	187	128	80	70	32	34
62	118	178	121	72	69	33	34
63	122	170	121	76	80	35	32
65	120	169	131	71	82	40	32
61	106	165	143	73	69	40	28
58	99	153	147	75	68	39	30
58	109	157	140	80	88	40	32
59	97	154	133	69	85	37	31
58	121	146	135	67	81	31	30
53	120	142	120	61	78	28	30
49	117	131	110	58	78	29	31
60	98	112	102	50	51	27	31
53	97	125	109	56	34	29	30
65	64	172	142	59	34	29	33
68	60	173	158	67	41	30	33
69	60	171	158	72	51	31	32
62	70	174	160	77	58	36	30
62	102	176	158	76	60	36	30
49	113	169	126	75	62	36	29
50	112	187	113	66	56	36	29
55	111	192	118	62	46	36	30
56	106	189	113	57	40	32	31
54	82	200	126	63	39	30	29
55	81	227	137	60	37	32	30
62	88	211	133	66	42	32	30
65	91	211	129	69	43	31	30
61	88	230	144	72	43	29	30
66	91	230	147	65	40	29	33
63	88	179	138	72	40	27	32
57	105	174	132	68	40	27	32
46	104	184	145	68	40	27	31
45	112	206	140	65	39	29	31
36	103	190	125	62	38	27	27
39	93	180	114	53	38	26	32
43	66	199	128	52	34	26	33
47	81	190	121	53	32	26	35
