0	1	2	3	4	5	6	7
120	435	384	179	114	267	63	54
101	310	351	211	142	270	63	50
100	290	278	222	144	268	66	53
99	293	260	232	146	236	78	52
111	316	271	218	147	164	75	61
109	362	331	258	134	148	72	61
114	359	317	251	109	150	70	59
130	355	310	239	104	149	88	61
128	398	338	234	100	124	78	60
128	419	314	250	104	85	81	57
144	415	240	193	92	82	86	62
145	404	223	166	82	67	110	75
128	415	275	177	88	73	103	72
135	393	255	187	98	77	107	74
156	354	257	160	95	106	111	76
147	322	315	175	99	114	111	73
146	339	331	178	100	118	89	62
201	320	295	174	95	115	87	84
222	310	348	221	96	112	90	92
211	299	338	225	94	81	86	88
216	309	324	215	87	68	95	91
218	309	311	213	91	88	106	98
178	334	341	220	96	88	112	81
151	346	318	177	90	88	113	78
145	354	332	190	91	85	113	79
131	304	292	184	91	86	100	77
164	293	298	192	93	73	88	82
164	295	258	186	91	66	86	86
179	297	220	175	89	63	70	86
175	283	224	157	84	63	69	85
179	299	239	163	82	68	72	86
146	336	263	181	79	56	79	77
139	299	289	183	73	58	65	70
116	272	296	194	73	56	60	62
128	279	287	190	72	78	78	64
115	273	276	191	70	87	85	58
107	249	295	169	67	84	77	53
96	285	307	186	71	84	77	57
91	267	303	179	68	84	77	55
66	256	312	182	68	80	62	48
71	256	323	182	68	107	49	50
74	264	291	176	70	112	48	49
65	235	267	163	64	112	47	41
73	242	295	162	59	112	46	46
80	229	278	159	55	101	38	49
75	232	283	172	58	56	34	48
79	221	277	172	50	48	72	59
85	205	277	156	51	46	73	61
93	211	259	219	81	49	75	61
87	236	333	229	86	47	75	57
93	225	340	238	85	43	77	57
89	200	337	242	87	42	42	44
87	198	333	247	95	47	37	43
84	203	320	194	76	48	36	40
79	191	265	188	74	50	35	41
74	189	274	186	82	55	32	35
71	175	267	200	89	68	32	39
72	209	291	219	97	83	35	40
99	207	320	210	99	97	39	49
110	211	353	249	110	104	43	51
110	215	362	276	111	101	43	53
118	279	364	281	105	92	41	51
117	288	374	265	90	78	40	49
101	275	361	270	91	60	36	40
100	274	322	244	76	43	31	40
100	315	381	270	76	43	31	46
103	256	399	282	87	46	33	47
115	244	363	279	86	44	53	52
105	248	362	286	87	39	54	50
98	250	370	283	86	41	56	48
101	211	314	218	74	40	57	44
89	220	284	207	76	37	56	46
78	200	283	215	80	37	41	41
76	204	334	221	93	43	40	43
71	188	324	219	96	44	40	41
78	173	293	210	98	47	44	45
85	165	328	190	90	47	43	40
78	184	332	185	92	51	40	41
75	177	257	163	72	46	38	44
80	189	247	157	72	45	37	46
74	207	238	168	75	44	29	40
62	211	239	197	77	42	30	42
71	190	240	189	70	41	30	44
77	193	236	185	72	44	33	42
82	208	231	176	64	43	33	46
75	191	236	166	57	43	34	45
79	197	196	146	52	42	34	42
74	206	225	164	55	38	34	39
88	221	288	175	53	37	30	42
83	204	290	173	55	36	29	37
79	210	292	186	61	37	29	36
80	223	290	172	60	34	30	37
80	210	288	153	57	35	29	38
59	188	247	157	58	34	30	31
