0	1	2	3	4	5	6	7
73	179	154	124	72	44	33	33
66	144	139	129	66	45	33	29
64	154	150	142	63	52	37	28
69	159	157	144	64	64	41	31
65	152	229	154	65	66	39	33
61	230	253	162	74	67	37	34
69	234	255	170	75	66	36	37
73	231	280	180	73	68	34	39
73	294	300	203	71	61	32	39
70	288	266	204	72	64	31	36
83	239	264	201	61	72	35	40
76	242	267	195	65	83	39	37
73	239	242	174	67	75	38	35
64	216	252	160	67	75	37	35
75	211	234	160	68	73	38	37
58	225	217	145	70	65	41	37
68	231	212	137	63	52	44	38
80	236	218	143	62	62	43	44
95	213	246	140	64	65	43	43
88	238	340	145	63	65	43	45
95	225	363	140	60	68	40	48
87	209	360	143	61	72	36	47
89	195	356	157	69	75	40	49
81	173	338	153	64	71	39	53
80	155	278	152	67	71	38	52
75	146	249	169	73	68	34	50
78	183	256	171	72	67	36	50
63	187	247	154	67	60	34	43
58	194	232	195	74	62	35	44
70	187	235	196	80	85	40	44
91	182	232	220	82	92	45	44
99	157	227	219	81	89	41	46
97	158	236	235	83	84	41	44
94	156	213	192	80	84	41	40
94	150	188	187	72	62	37	42
75	151	226	150	66	54	29	38
61	152	236	157	71	54	29	32
74	189	240	131	63	52	29	34
75	172	229	134	61	49	29	37
68	168	229	134	60	51	31	37
65	178	233	136	62	47	34	40
68	173	240	153	62	44	34	43
57	142	257	160	66	47	37	47
63	155	258	159	69	55	36	44
58	162	259	172	69	56	37	41
65	171	229	166	72	60	35	42
67	175	221	141	67	65	34	42
75	172	210	140	76	69	35	39
95	178	214	144	75	67	37	43
98	168	197	139	74	69	35	42
106	156	178	130	74	80	40	41
107	182	192	134	77	79	41	39
100	187	169	126	66	78	41	36
81	173	181	126	63	74	39	33
77	185	199	107	62	72	39	34
68	182	251	133	63	59	34	37
74	151	239	139	69	82	38	41
79	173	245	154	79	93	41	42
75	177	242	153	80	96	40	41
81	179	243	154	89	93	41	41
87	177	225	139	84	92	41	36
78	175	228	132	78	78	43	34
74	168	222	117	72	60	35	37
75	163	220	120	73	58	37	37
90	187	206	121	66	59	38	38
83	222	191	116	68	58	39	39
79	218	175	112	69	46	31	36
78	202	199	142	73	50	34	36
84	232	210	139	75	52	34	37
66	216	202	136	71	50	31	34
65	181	185	158	72	47	30	37
66	234	282	167	72	48	32	40
71	229	281	151	69	45	29	39
68	193	266	148	65	42	29	36
64	179	261	152	70	43	28	35
62	203	277	124	63	44	30	35
71	173	186	150	71	50	33	37
72	171	194	155	68	52	34	38
71	183	199	167	70	50	33	38
74	177	197	163	65	48	34	40
75	146	169	166	68	46	33	38
69	139	182	140	58	42	31	36
62	171	188	167	62	40	32	34
61	176	193	166	64	45	33	34
65	182	209	177	66	45	32	33
62	191	208	187	71	48	30	33
59	179	222	189	67	51	33	31
61	174	245	165	72	51	33	31
64	175	247	155	70	51	33	34
57	175	236	155	73	52	33	32
66	184	273	165	73	57	36	33
69	198	255	160	77	51	31	32
71	187	217	164	71	52	28	31
72	193	227	169	70	53	29	30
88	192	227	160	67	53	30	33
87	187	188	152	67	50	31	38
91	169	185	144	65	53	35	41
89	155	156	119	62	51	39	43
86	135	155	133	65	59	42	43
72	147	184	154	79	63	42	43
67	142	214	156	75	61	41	38
62	134	209	162	75	58	38	44
68	154	221	161	74	57	34	45
71	155	259	155	74	45	31	45
72	168	249	148	61	44	36	46
73	176	232	140	59	45	37	47
71	212	265	141	66	49	36	40
66	201	272	145	66	50	37	36
65	201	232	132	62	57	36	35
58	183	235	121	67	67	35	34
55	177	220	114	71	68	34	32
64	160	179	114	67	68	36	37
77	165	190	118	74	76	37	42
74	168	224	122	74	74	39	41
80	171	213	110	67	64	39	45
82	180	251	123	67	61	40	46
72	167	256	124	70	62	38	42
60	171	252	121	61	50	36	40
62	178	218	115	65	57	35	43
78	176	243	121	61	57	33	43
79	152	211	107	64	60	31	42
85	179	212	100	63	60	30	43
81	170	217	112	64	60	31	43
86	182	252	168	70	49	25	41
73	182	258	172	78	51	24	35
76	201	256	182	79	51	27	35
81	171	253	191	81	48	30	35
84	175	227	196	86	49	30	31
80	172	186	168	87	58	33	30
72	180	171	160	85	62	35	30
68	166	189	150	85	62	35	31
58	173	224	161	86	62	35	33
54	169	226	150	83	62	35	33
63	149	231	135	72	51	34	36
66	153	226	137	73	40	32	36
65	152	222	136	73	44	35	36
68	152	188	113	61	44	32	30
72	190	229	116	61	45	33	31
63	191	223	113	66	50	31	27
63	182	205	127	71	53	34	28
60	179	186	130	65	48	29	27
57	173	185	130	67	49	30	28
56	139	157	130	70	46	30	30
63	134	175	139	71	48	30	32
63	125	190	126	61	44	28	35
62	136	194	118	60	50	28	35
60	137	210	111	62	50	27	36
61	125	213	117	61	53	27	35
55	140	216	111	54	50	27	35
62	189	214	113	70	54	29	34
63	182	215	118	69	49	29	34
78	189	213	137	70	53	35	35
76	191	192	128	65	54	35	34
75	186	208	158	70	52	38	33
67	140	211	158	55	46	34	29
74	135	216	160	57	45	35	28
54	114	210	150	55	40	32	28
52	116	220	145	57	40	34	34
49	117	186	110	56	38	30	33
65	125	188	137	63	40	34	41
63	137	212	145	64	40	34	41
65	140	200	144	65	50	36	40
67	139	187	145	62	53	38	36
69	126	180	143	63	57	38	39
67	120	160	117	59	57	37	36
73	139	153	122	67	58	38	37
72	138	189	116	69	56	34	37
69	141	200	131	76	57	31	35
71	141	204	129	75	55	32	38
63	135	207	136	70	53	31	35
51	109	187	139	71	56	32	36
72	124	163	149	72	56	32	36
77	125	157	151	69	51	31	39
75	130	167	173	77	57	33	38
76	152	166	173	83	58	34	38
77	155	163	169	81	58	31	35
64	138	149	163	79	53	31	33
69	137	177	149	75	50	30	32
70	156	172	128	66	44	29	27
72	184	192	128	62	45	30	28
83	185	213	116	58	38	29	32
81	189	227	112	56	44	29	31
77	189	210	121	57	43	31	29
77	168	204	129	60	43	30	35
73	167	193	146	71	44	28	35
66	178	167	146	72	44	28	34
62	192	159	155	74	38	28	33
65	194	152	155	80	46	27	39
71	218	182	155	78	47	29	36
73	190	175	133	65	44	27	35
72	183	171	131	62	45	29	39
71	164	186	141	68	46	27	38
69	157	186	162	72	41	29	36
68	136	168	154	71	47	29	36
67	128	166	154	71	46	31	37
67	179	215	242	95	49	32	32
72	188	199	239	90	46	32	35
69	193	205	232	85	48	30	34
68	205	198	232	84	42	31	36
68	199	198	233	91	47	32	38
65	208	150	166	71	44	29	37
64	228	177	156	71	47	32	37
69	233	190	140	72	46	33	40
64	240	224	147	75	44	30	37
75	244	222	142	75	48	33	33
79	188	247	115	70	52	34	34
76	171	245	139	74	50	34	34
70	199	270	143	70	47	32	28
70	171	246	139	68	51	33	29
62	173	249	141	65	46	30	33
64	181	224	142	62	49	28	32
63	181	217	131	58	50	26	29
65	149	190	158	70	51	26	27
66	155	234	162	76	47	24	29
61	158	245	163	71	45	23	27
57	180	259	173	73	38	27	29
61	180	276	186	77	42	27	29
56	182	261	164	72	47	28	29
63	179	233	180	73	50	30	27
65	185	220	182	75	51	30	28
59	165	199	166	74	51	27	25
65	154	172	145	69	50	29	26
77	144	207	163	82	48	32	27
73	143	228	144	74	44	31	29
72	133	241	157	73	45	34	29
74	136	242	169	77	46	35	30
67	150	262	170	79	46	35	31
55	147	233	152	64	47	33	32
57	161	210	155	68	50	35	32
52	154	194	133	68	48	31	30
60	142	189	121	64	56	39	31
62	133	157	110	62	56	38	27
65	147	160	131	65	57	40	25
60	130	166	134	61	58	40	24
65	133	156	131	59	60	42	31
57	141	176	152	63	50	34	29
61	135	172	156	59	47	34	30
55	126	191	155	48	45	32	32
60	131	174	144	50	43	28	32
57	143	194	161	53	38	25	26
56	158	183	142	47	37	25	28
50	166	187	145	50	52	30	30
52	165	162	126	53	49	31	28
55	160	172	145	58	49	33	28
58	171	180	141	62	52	33	27
59	158	187	143	65	57	36	27
61	166	202	140	63	52	30	29
64	172	213	142	65	51	31	29
57	187	200	121	61	54	30	31
59	177	186	107	51	52	30	35
60	172	200	112	55	51	30	37
68	188	183	105	54	44	30	34
65	190	182	102	52	45	30	39
66	180	184	103	50	45	29	38
70	184	182	105	57	46	30	34
71	197	167	120	54	43	29	32
61	160	154	118	55	42	28	35
61	169	159	123	52	42	27	29
65	162	157	123	54	48	30	30
54	147	182	159	55	49	28	29
59	154	198	151	61	50	28	31
63	179	225	171	72	53	31	30
67	165	211	166	81	53	32	34
62	171	222	173	84	49	32	33
80	169	196	136	82	49	33	36
80	170	190	134	78	48	32	36
79	150	178	123	70	45	31	33
84	150	190	129	66	46	30	32
86	149	192	119	63	52	34	36
75	166	195	122	63	52	33	36
72	169	187	125	60	53	32	34
76	190	179	112	61	53	32	37
71	199	168	110	59	54	32	37
70	193	148	112	58	47	27	33
65	183	153	118	53	49	28	31
67	165	153	127	59	56	31	33
64	165	188	126	58	55	30	31
61	171	187	127	59	54	32	32
64	188	200	131	68	64	32	35
78	191	194	134	73	68	35	38
73	199	191	123	67	62	32	37
71	185	193	139	69	63	34	40
70	181	278	158	67	64	32	35
71	179	283	159	62	50	30	36
56	174	285	149	62	44	25	34
54	163	278	138	62	47	26	32
54	173	251	129	68	50	27	27
54	177	156	130	82	50	28	28
53	177	133	128	89	50	28	25
56	185	160	128	88	47	29	30
56	186	166	140	88	46	27	33
57	165	161	134	84	39	23	38
61	142	207	141	79	43	25	39
56	174	219	149	73	44	26	38
54	166	211	152	71	45	26	35
62	170	215	156	77	44	25	33
60	175	220	160	75	43	26	26
60	187	199	138	69	38	26	30
67	152	187	149	67	34	24	30
67	167	178	145	65	33	24	33
74	174	230	145	61	36	27	41
79	178	227	151	60	36	28	42
77	201	231	170	59	36	27	41
72	218	240	157	64	39	28	41
74	203	241	157	67	42	29	39
62	190	187	151	66	37	26	30
56	190	187	157	75	38	29	32
55	147	173	152	76	38	28	27
61	130	167	158	80	36	29	31
58	135	169	175	86	34	31	32
63	137	163	170	85	41	32	33
66	149	166	152	79	42	30	32
66	165	197	151	81	43	31	33
69	181	208	151	72	44	30	32
71	181	213	135	64	48	29	32
71	186	214	135	62	49	33	33
70	188	208	149	68	49	34	35
69	174	168	141	62	52	34	36
63	157	154	142	62	53	35	33
68	176	242	147	61	51	34	37
64	171	248	155	60	48	32	35
67	150	261	153	53	46	30	36
76	182	292	172	54	48	29	34
77	194	295	161	57	47	28	33
78	181	232	165	64	46	28	29
80	225	238	164	67	48	29	30
77	232	230	165	70	47	31	29
71	217	193	135	74	43	33	33
65	194	191	134	70	41	30	33
55	186	180	128	67	38	31	31
47	151	180	128	76	35	28	32
58	148	177	122	80	44	30	36
58	141	186	114	75	41	29	36
57	173	182	120	75	42	32	36
55	179	183	124	73	44	31	36
76	184	178	122	62	44	32	39
73	191	183	128	64	44	29	35
74	196	186	150	78	45	28	32
76	172	178	163	82	45	29	34
85	186	179	160	83	46	30	35
74	185	216	173	94	48	32	36
77	249	241	182	94	43	34	39
75	258	226	169	82	42	33	40
81	255	229	152	80	43	34	39
85	256	234	145	81	48	32	41
84	260	224	168	74	43	31	39
81	201	206	157	64	41	28	35
96	184	233	163	69	46	34	39
91	181	229	165	67	53	35	43
85	177	215	171	68	51	36	40
92	176	210	146	63	52	36	44
88	167	211	136	64	50	37	42
