0	1	2	3	4	5	6	7
52	171	145	110	62	71	37	31
52	172	145	111	66	62	31	31
63	178	149	113	74	59	38	34
65	173	151	110	71	59	34	32
67	169	141	111	72	60	36	33
62	158	164	120	70	59	37	29
66	177	286	145	73	57	36	33
56	175	317	151	69	57	30	32
53	186	322	146	68	81	31	32
64	209	329	140	67	82	39	35
64	199	309	119	61	83	44	36
58	223	209	79	47	78	49	36
65	221	167	63	37	75	52	41
86	235	157	57	35	46	52	45
83	228	170	59	43	43	46	42
84	242	175	57	44	39	39	42
98	226	154	59	44	40	40	44
94	258	156	65	55	38	39	39
77	251	163	83	65	44	38	38
72	246	140	82	62	42	38	37
78	266	145	79	59	45	41	39
74	297	157	82	63	48	30	33
76	301	158	79	58	51	30	35
73	283	142	54	46	55	30	32
77	284	136	56	45	57	29	31
69	256	136	59	46	56	27	29
57	231	125	54	40	52	28	30
51	193	105	48	37	43	26	24
49	206	116	50	36	40	30	24
52	210	113	44	35	73	30	23
55	218	114	42	37	82	30	22
50	190	121	41	40	82	30	20
52	200	128	52	43	85	30	20
50	198	129	51	44	82	25	18
48	220	185	68	45	55	26	21
44	211	185	69	43	42	25	20
43	196	182	75	45	42	27	23
45	203	204	101	49	36	27	28
49	209	254	116	62	45	33	30
37	172	277	112	64	44	33	28
39	178	275	116	67	45	34	33
46	208	289	119	74	47	35	35
47	197	331	124	78	50	38	34
48	228	354	165	87	46	36	35
49	238	317	173	91	47	34	36
51	239	337	174	91	50	37	35
50	253	365	185	90	49	35	34
50	268	376	182	96	50	32	36
47	237	330	141	79	46	28	34
47	257	390	127	73	45	29	34
45	252	404	130	77	45	31	34
50	226	401	128	79	43	30	31
47	218	371	121	61	36	27	25
46	215	360	115	60	36	27	25
64	178	342	127	62	34	27	27
68	224	331	124	59	30	24	32
70	225	354	112	54	100	33	36
74	214	345	99	57	110	35	40
84	239	364	110	66	112	43	45
73	271	398	121	79	117	45	44
71	243	388	119	78	118	44	40
74	240	363	118	78	73	44	42
74	246	389	130	80	62	48	44
64	218	381	122	73	58	41	40
71	184	351	186	81	51	41	45
69	182	363	195	84	52	44	46
87	218	363	202	89	49	44	50
93	209	328	192	87	45	40	49
94	205	329	197	92	48	40	50
88	201	289	130	79	46	39	46
89	192	272	123	85	44	36	45
60	138	322	141	97	43	31	33
46	122	312	145	98	43	30	30
65	131	301	143	95	41	31	32
66	113	287	146	94	40	31	33
115	106	281	185	97	40	35	46
120	115	247	176	83	39	35	47
119	123	254	174	82	40	36	47
122	103	246	172	82	41	36	51
126	99	244	167	78	37	33	51
86	93	237	127	62	32	28	40
95	72	160	119	61	34	28	46
102	82	165	142	71	35	26	46
87	84	168	148	74	34	27	38
82	81	158	138	74	35	26	37
79	80	145	130	75	38	25	38
67	74	137	123	71	36	25	31
65	49	104	98	58	32	24	33
61	44	91	87	52	30	19	32
59	45	85	89	48	29	21	30
57	46	80	87	39	23	22	28
48	45	72	79	34	20	19	25
40	41	70	90	39	23	20	24
41	43	72	95	42	28	27	29
41	40	73	95	46	34	28	31
40	39	70	86	46	34	28	31
38	36	64	79	44	34	28	31
31	34	50	57	40	33	30	30
29	33	40	44	40	31	27	26
29	34	33	38	34	23	25	26
29	32	29	39	35	24	25	26
31	35	27	38	35	25	24	25
32	36	30	36	32	23	24	25
35	33	29	35	28	22	23	25
33	32	32	37	28	24	23	25
34	34	32	48	33	26	24	24
34	35	36	48	38	27	24	24
32	35	36	53	39	29	23	24
30	36	38	54	41	31	24	25
31	35	38	54	44	29	23	25
30	33	38	45	38	29	24	25
26	29	37	45	34	29	24	25
26	25	38	40	35	28	24	23
24	24	36	38	33	28	24	23
29	26	34	37	28	28	24	22
29	29	37	37	31	26	21	24
30	31	39	35	32	27	23	26
31	34	38	37	36	27	24	26
31	33	37	39	35	25	24	26
28	32	51	47	37	26	24	27
35	35	54	66	39	29	27	27
36	36	54	72	39	28	26	26
36	37	53	72	35	26	26	27
36	38	54	72	34	26	25	26
35	39	42	67	33	26	27	26
29	35	35	49	27	22	24	26
27	34	35	44	28	25	23	25
27	31	36	48	30	26	23	25
28	29	35	45	31	26	24	27
25	30	33	47	31	25	22	23
30	31	33	44	32	25	24	22
29	30	30	42	31	26	25	23
29	32	31	41	32	26	26	23
