0	1	2	3	4	5	6	7
88	244	347	153	71	45	30	31
82	224	284	159	73	46	35	34
79	194	255	148	61	37	33	32
76	197	250	142	57	37	38	34
73	194	238	129	52	36	37	34
71	188	226	107	46	32	37	38
62	141	174	80	37	30	34	32
65	130	158	75	37	31	34	34
64	124	146	68	37	32	31	35
71	125	131	61	40	39	36	41
73	124	118	58	45	39	35	38
74	111	75	54	47	44	39	41
74	146	121	69	51	46	40	43
73	152	175	95	53	42	38	40
72	151	188	120	54	40	38	39
70	179	245	124	52	39	38	38
75	222	301	150	67	43	38	42
72	230	304	185	84	46	37	38
80	283	385	251	103	56	41	43
76	291	421	273	106	398	48	43
86	317	406	311	130	433	52	43
87	313	471	452	188	441	54	44
104	341	486	446	191	449	61	56
106	302	421	414	183	454	72	56
127	339	427	398	182	231	67	61
127	305	436	406	177	166	70	65
144	278	341	255	119	144	70	70
166	267	317	264	109	122	132	84
168	275	320	365	128	98	138	82
157	244	261	365	128	89	139	77
159	261	236	338	119	73	139	78
153	282	222	344	125	64	140	72
120	257	209	340	130	61	82	50
111	252	181	231	122	69	67	51
123	246	204	247	129	79	70	61
118	230	191	290	155	83	66	58
104	236	262	271	154	89	60	59
108	273	297	266	149	97	61	58
117	289	323	285	138	96	73	58
117	294	342	291	135	92	68	51
114	308	360	257	112	92	72	49
112	320	382	266	101	86	72	49
108	323	367	299	113	71	70	50
94	309	369	292	122	64	43	49
75	315	344	271	119	57	43	45
75	311	368	308	121	53	59	47
71	275	336	339	125	57	59	46
78	239	344	300	108	56	58	48
105	251	350	317	103	53	58	51
106	218	340	335	106	51	57	51
108	195	333	337	102	52	37	52
109	203	330	316	95	53	40	53
120	260	319	321	99	54	39	57
103	339	300	300	100	57	42	55
104	385	316	292	102	66	47	57
104	398	301	255	102	66	45	54
114	400	277	261	110	59	41	60
97	358	322	280	116	60	41	54
93	286	329	282	116	58	40	52
85	232	319	284	121	52	38	52
89	220	306	262	111	47	38	53
77	203	295	236	99	47	39	42
70	200	242	208	86	45	39	35
70	163	231	200	77	44	36	37
83	160	275	219	71	39	35	36
71	144	258	212	67	42	35	32
68	145	246	195	63	43	37	34
76	150	265	193	74	50	37	35
76	179	292	176	77	50	38	33
63	174	261	122	64	48	39	33
66	172	342	198	86	47	37	35
69	170	352	207	91	45	35	34
63	151	329	206	85	42	33	32
59	127	297	227	93	47	33	31
57	130	295	233	94	48	30	30
55	145	215	169	79	52	30	35
46	145	204	166	77	54	31	35
43	209	246	188	75	51	30	36
44	207	259	172	69	52	33	38
53	211	262	180	75	52	32	37
64	205	267	201	73	45	31	37
70	215	291	223	88	46	31	35
68	177	265	216	92	46	30	36
69	179	289	229	95	49	29	35
69	166	281	231	96	57	30	34
60	162	269	237	100	57	30	29
54	164	253	210	86	55	27	28
58	139	253	213	87	57	29	26
59	125	207	194	79	50	30	32
55	120	201	174	70	40	30	35
59	121	189	159	69	43	35	34
64	107	169	163	70	45	35	37
64	134	228	148	65	43	33	35
69	153	262	153	63	41	30	37
71	201	261	155	62	38	29	35
66	203	258	150	61	41	25	37
62	205	275	161	60	39	26	34
61	201	229	185	66	49	28	37
52	194	184	175	69	56	29	32
50	152	204	177	72	56	31	30
55	147	253	191	68	52	30	28
54	139	240	176	69	53	30	30
52	124	227	148	65	43	30	26
53	119	227	155	65	34	28	25
54	141	232	162	60	34	26	28
58	147	192	138	62	36	30	36
57	144	182	144	63	38	31	34
59	151	210	152	63	41	33	39
63	148	209	144	62	42	35	43
57	118	195	141	64	44	35	45
58	105	188	137	63	44	35	41
63	108	196	143	60	42	34	43
64	99	196	136	60	40	32	40
63	121	214	131	61	43	31	40
64	122	216	116	58	42	30	35
61	127	210	122	57	42	30	34
57	131	229	127	57	42	30	31
54	131	206	130	59	41	29	29
