0	1	2	3	4	5	6	7
52	66	236	161	76	50	28	43
54	81	234	159	77	50	28	44
55	81	259	200	87	49	27	44
58	83	244	196	86	47	26	39
59	91	250	193	79	41	24	36
63	87	253	190	81	42	23	36
65	78	265	195	82	48	24	36
65	75	238	147	70	49	26	34
67	80	237	136	66	48	22	35
67	70	235	169	69	47	24	40
63	80	269	195	72	42	25	37
62	79	253	184	70	34	26	40
62	83	252	222	70	31	25	37
68	79	231	219	69	28	28	43
63	79	290	209	68	31	28	38
63	90	250	187	56	31	29	39
67	99	256	195	60	39	30	39
72	96	279	147	65	44	32	43
63	108	286	169	73	46	31	35
60	109	237	166	74	46	30	35
69	103	295	169	75	46	31	39
65	94	295	159	68	41	27	36
60	93	263	164	62	34	27	36
57	99	259	173	68	33	29	36
61	102	281	178	63	29	29	39
53	99	229	173	68	29	27	35
58	102	255	182	72	34	27	35
56	101	284	205	73	35	25	30
53	78	283	182	61	34	22	32
54	80	280	186	69	41	27	29
56	87	289	190	67	41	30	34
61	85	269	184	65	39	31	34
64	90	263	164	65	40	32	34
72	103	296	174	65	41	32	35
73	97	303	172	66	38	28	38
76	83	296	169	70	41	29	33
69	83	286	171	72	40	29	35
69	82	277	162	71	39	28	38
64	64	253	155	72	40	30	36
60	63	239	177	73	40	30	32
59	68	252	189	81	39	30	34
59	61	250	182	79	38	28	32
63	66	229	189	84	40	27	29
83	79	213	180	83	38	26	33
84	85	199	160	83	37	29	33
83	79	184	142	70	34	26	31
86	77	179	144	69	33	26	32
79	80	181	142	66	33	30	34
64	76	219	149	72	39	33	34
65	73	193	124	72	47	35	36
63	73	178	122	77	47	37	39
58	76	184	124	75	47	36	37
66	77	194	138	79	47	36	40
59	67	167	133	75	43	33	34
59	75	172	136	68	32	29	32
56	81	191	153	67	30	26	33
60	91	197	175	75	33	29	33
51	88	212	167	66	34	28	28
52	96	213	176	63	34	27	30
49	95	212	167	62	38	27	33
59	93	208	153	59	38	28	28
62	83	239	155	55	36	26	30
63	79	226	156	56	36	25	33
64	103	260	180	63	37	24	32
65	102	263	180	62	36	25	28
57	101	273	195	68	38	28	29
51	107	259	187	84	48	34	35
50	114	255	180	88	52	36	33
47	89	242	195	88	52	37	34
54	95	244	211	92	51	37	39
54	94	240	210	97	53	35	38
56	87	217	200	85	50	30	30
56	80	228	206	79	42	28	32
55	77	239	177	76	43	28	31
47	68	245	159	71	45	26	26
54	75	256	152	60	43	27	26
53	94	264	157	59	38	24	27
54	94	267	153	59	40	24	29
54	108	247	154	61	39	20	29
65	113	239	167	60	35	22	33
61	116	219	155	61	35	27	35
60	102	249	164	56	33	28	34
60	106	230	167	58	35	28	32
59	95	224	179	68	35	29	32
48	87	243	174	82	43	34	31
51	77	235	179	82	45	31	28
56	79	194	160	80	47	33	30
54	74	219	155	79	45	33	29
54	65	206	119	66	46	33	31
52	70	191	116	51	40	29	27
55	71	238	120	55	40	27	28
54	74	240	130	57	41	26	36
59	69	221	135	63	43	28	36
65	88	234	158	70	43	27	35
69	86	227	157	71	45	28	36
67	96	183	159	71	42	28	36
63	88	202	163	73	41	27	28
60	91	201	156	68	40	28	27
58	72	206	146	65	40	30	29
52	74	203	145	61	35	28	27
