0	1	2	3	4	5	6	7
26	23	24	19	22	21	21	21
27	22	26	20	22	20	21	22
25	24	25	20	20	21	22	21
25	25	23	20	21	20	23	21
22	24	22	20	23	22	21	23
22	23	24	22	21	23	23	22
22	25	22	22	22	23	23	21
26	25	23	23	23	22	22	24
25	24	22	24	22	23	25	23
25	23	22	24	22	23	27	24
26	25	21	24	25	23	25	23
24	24	23	24	25	23	25	24
23	24	24	23	24	24	25	23
25	23	25	20	24	22	22	23
25	25	27	21	24	20	22	22
24	26	27	21	22	22	23	22
27	25	26	20	22	20	22	21
28	25	24	20	22	19	22	21
26	25	23	22	20	19	22	20
26	24	20	23	20	18	21	20
27	22	21	22	19	17	21	23
25	23	21	24	18	17	21	23
20	22	22	23	19	20	22	23
22	23	23	21	19	22	22	23
21	22	22	20	20	23	22	24
20	22	21	19	21	25	23	22
21	21	19	18	21	27	22	23
24	21	20	20	23	25	21	24
23	20	20	22	23	25	21	24
25	21	22	22	23	26	23	22
25	22	23	22	22	27	22	21
26	23	24	22	23	25	21	21
25	23	24	20	22	27	24	19
25	24	25	20	22	26	27	19
26	22	26	19	23	26	26	20
29	21	25	20	22	24	27	21
27	23	26	21	24	24	28	20
25	22	25	22	23	22	26	21
25	22	25	21	24	22	23	20
24	25	23	22	24	22	22	21
21	25	24	21	23	23	21	20
22	23	22	20	21	23	20	19
24	23	23	19	21	21	22	20
24	23	21	20	19	23	20	20
24	21	21	20	19	24	20	20
28	22	20	20	20	22	20	22
27	22	19	21	21	24	21	22
26	23	18	24	22	23	20	22
24	24	19	22	23	24	23	21
25	22	20	23	25	21	23	21
22	21	21	25	26	22	24	21
22	21	21	23	25	22	24	22
24	20	22	22	24	24	24	21
25	20	22	22	23	23	21	22
24	22	22	22	23	24	21	21
24	21	22	20	21	24	20	22
24	24	25	22	22	21	18	22
23	24	24	21	23	19	19	20
22	24	25	21	24	20	20	21
23	24	23	21	22	20	22	22
23	25	24	20	22	19	21	22
23	23	23	21	22	21	24	22
22	25	22	21	21	22	24	22
22	23	21	20	21	22	23	23
23	22	23	22	22	21	21	22
24	23	22	22	22	20	23	21
24	22	22	21	23	21	20	22
24	23	22	22	25	19	23	23
22	23	25	23	24	22	23	23
22	24	23	21	24	22	23	24
20	23	24	21	24	24	22	24
22	26	22	21	24	23	22	25
22	24	23	20	21	24	19	24
24	24	20	20	21	22	23	25
24	24	20	19	21	23	24	25
24	23	20	19	20	23	23	24
22	22	20	20	20	23	23	23
25	21	22	20	19	23	23	23
24	22	23	22	19	24	20	21
23	22	21	22	19	25	19	22
22	21	21	22	22	23	20	22
23	20	22	21	22	25	23	21
23	22	20	23	24	24	23	19
22	22	21	21	24	23	23	20
21	23	22	23	24	21	23	20
22	22	23	23	23	20	22	20
23	25	22	23	23	20	19	20
22	24	24	21	21	22	23	22
22	24	23	23	23	23	22	22
23	25	23	24	22	24	20	22
24	24	23	23	24	25	22	22
23	22	23	24	23	24	22	23
24	22	21	24	23	23	19	22
23	24	21	23	22	24	20	21
24	23	22	21	23	26	21	20
23	23	23	22	21	24	20	20
21	23	23	22	22	24	20	20
20	24	26	23	25	24	21	22
22	23	26	24	24	24	21	23
22	24	26	26	22	21	23	23
22	25	24	26	24	22	24	24
24	26	25	26	23	23	23	24
25	26	25	25	21	23	25	22
22	25	25	24	21	22	24	20
22	23	25	23	23	23	24	22
23	24	25	23	21	23	23	21
24	22	26	21	21	24	25	19
24	22	25	21	20	24	22	21
25	20	25	23	21	23	23	21
25	24	25	22	20	25	24	21
24	22	24	23	21	23	22	21
23	22	23	23	24	22	24	22
23	23	22	23	22	22	25	21
22	25	23	21	22	24	24	20
23	23	24	23	22	22	21	21
22	25	25	21	21	24	23	21
21	25	24	21	19	24	21	21
21	24	25	21	21	23	23	22
21	22	24	19	23	22	24	23
22	21	24	18	25	22	24	23
23	21	23	21	26	22	24	22
24	19	24	21	26	22	23	22
23	20	25	24	25	25	22	23
26	21	25	25	24	25	22	22
24	21	28	25	21	24	21	22
24	19	28	23	21	22	22	23
26	19	27	22	21	24	21	22
25	20	25	21	20	22	22	21
21	19	25	20	20	22	23	21
24	19	20	19	22	22	24	21
23	21	22	21	21	23	23	22
23	22	22	21	20	20	21	22
24	21	21	21	21	21	22	22
25	20	24	22	20	21	22	21
21	22	25	22	22	21	23	21
22	24	23	22	22	22	24	20
21	22	24	22	21	22	26	19
21	24	24	23	22	22	24	19
22	23	21	23	22	22	24	21
25	22	20	23	22	21	23	22
24	21	23	23	22	21	24	22
23	22	24	23	23	22	23	23
24	20	24	23	23	22	24	24
23	22	24	23	24	22	24	24
21	23	24	25	21	21	25	23
22	23	23	25	23	23	24	24
21	23	22	24	22	20	25	24
20	24	24	23	22	21	24	22
21	23	24	22	21	20	24	22
22	22	23	21	24	22	22	23
23	23	22	20	23	20	20	21
24	22	24	21	24	20	19	21
26	22	23	20	23	22	20	22
25	22	24	21	24	24	20	21
26	22	25	20	23	22	19	21
26	21	26	21	22	23	22	22
28	23	24	21	23	24	22	22
26	24	26	21	23	23	23	22
26	25	26	20	23	22	22	21
23	27	28	21	22	23	22	21
24	27	27	20	23	23	21	21
23	26	26	20	21	25	21	23
27	25	25	21	20	24	21	23
27	24	25	23	21	24	22	24
29	24	23	23	23	24	22	26
29	22	22	23	22	24	21	24
28	24	23	24	23	21	19	25
26	23	22	23	24	21	18	23
26	23	23	23	24	20	19	24
24	25	22	21	21	21	18	21
23	24	23	21	22	20	18	21
22	24	22	18	22	21	19	20
24	24	21	20	21	22	19	21
22	23	21	18	22	23	18	20
23	21	22	20	23	23	19	20
23	23	22	22	23	22	19	18
23	22	23	23	23	22	19	17
24	24	22	22	23	23	17	16
25	25	24	22	22	23	20	18
25	25	23	20	21	22	21	19
26	23	22	19	21	23	21	20
26	24	23	18	22	23	23	19
25	23	24	19	23	20	24	21
25	25	21	20	24	22	22	19
25	23	23	21	24	21	22	19
25	25	24	22	23	24	22	19
25	24	24	24	23	26	21	20
25	23	25	22	23	27	21	19
25	22	25	24	22	27	24	22
25	22	23	23	21	29	23	22
25	22	23	23	21	26	24	21
25	22	23	21	22	25	24	22
23	21	22	22	20	25	22	22
24	21	22	21	22	24	20	19
23	22	21	22	23	22	20	18
22	22	21	21	24	21	21	20
23	22	22	22	25	23	20	18
23	22	23	23	24	22	21	20
24	23	23	22	24	23	23	21
22	22	23	21	25	23	23	22
23	22	23	21	23	24	22	21
25	23	23	22	20	22	21	23
25	24	22	21	22	21	20	21
24	22	24	21	20	23	18	20
25	21	23	22	20	23	18	23
25	25	23	23	22	23	18	23
23	23	22	20	24	22	18	21
22	22	23	22	23	22	19	21
22	23	23	22	24	22	19	22
22	26	25	22	24	22	18	21
23	23	23	22	23	21	18	20
26	24	24	24	22	22	21	20
27	24	23	22	23	23	21	21
29	23	22	23	23	21	23	20
28	23	21	22	22	19	23	19
27	22	21	22	24	20	23	21
25	21	19	22	24	21	22	23
25	21	19	21	24	22	23	23
23	23	20	18	23	22	22	22
23	22	22	20	24	23	23	22
22	22	21	18	22	24	25	22
22	23	22	18	21	23	24	20
21	24	22	19	20	22	23	19
20	23	21	20	23	23	23	20
20	24	21	20	23	24	22	19
21	24	22	22	24	23	22	18
21	23	23	22	24	21	21	17
20	23	23	22	24	22	22	18
23	23	23	23	23	23	20	19
22	26	26	22	22	22	20	19
21	26	26	21	25	22	19	20
22	27	24	21	24	24	19	19
22	29	25	23	26	25	18	21
20	27	24	23	25	22	19	20
21	25	23	22	26	23	19	20
20	24	25	22	24	23	21	20
19	25	26	22	26	23	21	22
20	22	25	23	24	21	22	22
19	26	26	21	27	22	20	23
21	24	25	22	26	24	20	22
24	26	25	23	24	23	20	22
26	26	25	21	23	22	19	21
25	25	27	20	23	23	18	20
25	23	26	20	21	22	20	20
26	24	27	20	22	21	20	20
23	22	25	19	22	22	18	21
23	19	31	22	23	22	19	22
39	52	44	23	24	23	20	23
41	60	47	23	24	24	20	23
42	62	47	23	22	23	21	23
42	63	48	22	24	25	21	22
43	64	44	22	23	25	22	21
32	44	32	24	21	25	23	22
29	33	29	24	22	27	23	21
28	29	27	25	23	27	22	22
26	27	26	26	23	26	25	23
25	26	26	25	22	27	25	23
25	25	24	21	23	24	23	22
25	22	26	22	22	23	23	24
25	22	26	21	22	25	23	23
25	23	38	21	20	22	19	23
23	22	86	24	22	23	19	26
22	21	92	24	23	25	19	25
23	23	92	26	23	23	19	24
22	23	93	26	24	23	19	24
23	23	90	27	26	23	19	26
23	22	48	24	22	24	20	22
21	24	38	26	22	25	21	22
21	23	34	24	23	24	20	22
21	24	31	23	22	22	19	22
20	25	26	22	20	24	20	19
21	25	23	22	22	20	21	21
20	23	22	21	21	21	19	22
20	25	21	20	20	21	21	21
21	22	20	19	21	23	25	21
20	21	21	20	23	22	24	22
20	21	21	21	21	23	22	19
21	22	23	21	22	22	24	19
20	22	24	23	21	23	23	20
21	23	24	25	24	23	18	20
22	23	25	26	23	25	21	18
23	22	24	26	25	25	21	21
21	21	22	27	26	24	20	20
22	21	22	25	27	24	21	21
23	23	22	24	25	24	21	21
22	24	21	22	25	20	19	21
22	25	22	19	26	22	20	21
26	27	24	17	26	23	21	20
25	26	22	19	25	21	21	18
25	23	22	18	24	21	22	19
27	25	22	19	25	22	23	20
28	23	22	20	23	21	23	20
27	22	23	20	26	22	22	21
27	22	23	22	24	22	22	22
27	24	24	24	27	21	22	22
51	26	24	23	29	22	21	22
52	28	24	24	29	23	21	21
53	27	23	24	26	22	22	23
55	26	24	23	27	22	21	22
55	25	24	21	25	23	21	23
35	23	23	22	24	23	21	25
31	23	22	22	25	20	20	24
27	24	22	23	26	20	21	22
22	24	21	21	26	21	22	21
21	25	22	24	26	21	23	18
19	25	21	22	25	22	23	16
21	24	23	22	23	22	23	16
22	25	22	19	21	22	23	18
21	25	23	20	21	21	22	19
23	28	24	20	22	20	22	21
23	32	24	21	20	21	23	22
27	56	30	24	22	22	25	25
27	60	31	25	24	23	26	24
29	61	31	25	22	23	27	25
29	60	30	24	23	23	24	25
27	58	30	24	25	20	22	25
24	35	22	23	25	20	22	24
26	28	22	24	23	18	20	23
24	25	21	23	23	18	20	23
26	23	21	24	23	19	22	21
26	23	23	23	20	22	23	24
25	22	21	21	20	22	22	21
25	21	21	21	22	23	21	23
26	21	21	21	21	23	21	23
24	21	22	21	21	23	19	24
24	22	20	21	21	21	21	22
24	22	23	22	23	23	21	22
22	22	22	22	20	23	21	21
21	22	24	21	21	22	25	24
20	31	23	21	23	23	25	22
23	37	23	21	24	23	24	23
23	44	22	20	22	21	26	24
24	46	23	22	24	22	28	25
23	46	21	23	23	23	25	23
27	41	22	23	22	22	26	24
24	37	23	22	20	24	26	23
23	28	22	22	20	23	23	22
23	26	24	19	20	21	21	23
23	27	25	19	20	21	22	22
20	25	23	19	20	21	23	23
21	23	25	21	22	19	21	22
23	23	24	21	22	21	23	23
22	22	21	21	22	21	23	21
22	21	22	22	23	20	22	20
23	19	23	24	23	22	20	19
24	21	22	23	24	21	21	21
23	22	26	24	24	21	19	19
24	22	26	25	25	21	21	20
26	23	27	24	25	22	19	21
26	25	25	22	24	19	20	22
25	25	25	22	24	22	20	21
26	24	22	21	25	22	21	24
26	23	23	21	24	24	21	23
24	24	21	21	23	23	22	23
23	23	22	20	25	25	21	23
24	23	25	21	24	23	23	23
23	23	25	22	23	23	22	20
24	24	25	22	23	20	20	24
25	23	26	22	23	22	21	22
25	23	26	23	23	25	21	25
24	24	24	23	24	24	21	23
27	23	24	23	24	23	21	24
25	23	24	22	25	25	22	22
24	22	22	23	24	25	21	21
24	22	21	21	24	23	20	20
26	22	21	21	23	23	19	21
23	22	20	22	25	23	24	22
23	21	18	22	23	21	24	21
25	23	20	22	23	21	25	22
24	24	22	22	21	22	25	21
21	23	22	22	20	23	27	23
21	24	22	21	18	24	22	22
24	25	24	20	18	24	21	22
23	25	23	20	19	26	21	22
20	24	21	21	19	25	22	22
22	24	21	21	20	24	20	20
22	26	23	22	19	25	21	21
20	25	22	23	20	26	23	23
21	24	22	23	18	21	22	24
23	24	23	22	18	21	22	25
21	25	26	22	22	22	21	25
20	23	25	21	22	21	22	24
20	23	26	21	23	20	20	23
19	24	29	21	23	21	21	22
17	23	27	21	24	20	20	23
18	22	25	21	22	21	23	24
20	23	25	22	22	20	22	24
21	24	25	22	21	20	22	24
24	25	22	23	23	21	22	23
24	27	24	24	24	22	22	23
25	26	23	24	23	22	21	21
25	27	23	21	23	24	20	20
22	27	22	22	24	23	21	22
21	25	23	19	22	23	20	23
23	25	22	19	21	22	22	21
24	24	21	19	23	20	21	22
25	23	22	21	23	21	21	22
28	23	22	22	24	23	20	21
26	23	22	24	24	21	20	20
26	22	24	24	23	21	19	21
25	23	24	26	21	22	20	21
24	24	23	25	21	22	22	21
21	23	24	26	20	22	22	20
22	25	23	25	21	23	22	21
20	25	24	26	22	23	25	21
21	24	24	26	22	24	24	24
22	23	23	26	23	23	23	24
26	25	23	25	23	23	25	25
26	23	24	26	21	22	26	25
25	22	22	24	22	23	23	25
24	22	21	22	21	22	23	23
25	22	22	21	20	23	22	24
20	21	21	20	19	25	22	23
21	23	21	18	20	25	22	21
21	25	21	20	20	24	22	21
21	25	22	21	20	25	22	21
21	26	23	23	19	24	22	21
21	24	24	22	21	21	23	19
22	23	23	23	21	21	21	21
23	21	22	25	22	22	21	19
24	22	22	26	23	21	21	21
23	22	22	24	23	22	22	21
24	23	23	27	24	21	22	22
23	24	24	26	26	22	21	21
23	24	23	24	26	22	22	22
23	25	25	23	26	22	22	22
23	26	24	23	25	24	21	19
27	26	21	24	26	22	20	20
26	26	22	24	24	22	22	19
25	24	24	23	23	24	23	19
24	23	22	23	23	24	23	19
24	22	25	23	25	22	22	19
21	25	25	20	24	23	25	20
20	23	23	22	23	24	24	20
20	24	24	23	24	23	23	21
22	23	24	23	25	23	24	22
23	24	22	24	24	23	25	25
23	22	23	25	24	23	24	25
24	22	24	24	25	24	23	25
28	22	24	22	23	25	24	26
27	24	23	22	22	23	21	25
24	23	24	19	25	23	23	22
23	22	24	20	25	23	23	23
24	22	25	20	23	22	23	22
22	22	22	21	24	21	22	21
22	21	23	22	24	22	24	21
23	22	22	24	21	21	23	20
23	19	22	23	21	20	22	19
22	22	21	22	23	21	23	22
23	22	23	22	23	22	24	22
24	22	24	23	23	22	23	22
23	23	24	23	26	23	22	23
23	25	22	22	25	23	22	23
26	22	22	24	24	25	22	23
22	23	22	25	27	23	21	23
23	23	23	23	28	24	20	22
24	23	22	24	25	26	23	22
24	25	23	24	24	26	22	22
23	26	25	22	26	24	21	20
25	26	24	22	22	25	20	19
26	27	22	21	21	24	25	21
26	27	23	20	22	22	23	21
26	24	23	20	22	24	24	22
26	24	21	20	21	23	24	21
24	23	22	20	20	23	24	21
22	22	23	21	21	21	20	21
23	22	23	23	20	20	21	20
23	22	22	23	20	17	20	18
20	21	22	23	21	19	20	19
21	22	21	22	21	21	19	20
24	22	21	22	23	23	19	18
22	22	22	20	24	23	21	19
22	21	23	22	25	23	21	19
24	23	21	22	23	21	22	19
24	22	21	23	25	19	24	19
24	21	24	23	24	19	26	20
24	20	21	25	24	18	24	20
25	21	22	24	22	19	23	21
24	19	22	23	23	21	23	21
24	21	23	22	20	22	23	20
22	21	19	22	23	24	21	21
23	24	21	22	22	25	21	21
22	24	22	22	22	27	22	21
22	25	22	21	22	26	23	22
21	25	23	21	25	26	22	22
23	24	24	23	22	22	23	21
24	22	23	22	24	24	22	21
23	22	22	21	24	20	22	22
23	20	22	23	24	20	21	21
24	18	23	22	23	21	21	23
23	20	20	22	24	21	21	24
23	19	22	21	22	20	22	23
22	21	22	22	21	23	21	21
23	21	22	22	23	22	20	23
22	22	22	22	22	21	20	20
22	22	25	22	23	20	19	20
20	23	25	21	22	21	19	20
23	21	25	21	23	20	20	21
21	22	24	22	22	20	21	19
23	22	24	22	21	22	21	19
24	22	23	24	21	21	24	20
25	22	22	24	20	22	23	20
24	21	23	26	20	23	23	19
26	20	22	24	22	24	21	20
26	20	20	23	21	23	21	21
26	19	20	19	23	26	19	21
26	19	22	22	25	24	20	21
27	20	21	19	26	22	21	22
25	20	22	21	24	23	20	21
23	19	22	21	25	22	20	21
22	19	23	23	25	20	20	21
21	19	21	21	25	22	20	19
20	20	22	21	24	22	20	20
20	21	21	21	24	23	20	20
20	22	22	24	23	23	24	19
20	24	22	24	22	24	23	21
24	25	25	25	24	24	23	21
24	24	25	24	22	24	24	20
25	25	26	24	23	23	25	21
24	24	27	20	24	24	22	23
27	23	26	20	23	22	22	20
24	22	26	18	22	22	22	23
24	23	25	18	21	22	21	21
24	23	24	20	21	22	19	20
24	23	24	21	21	22	20	22
22	24	24	21	20	24	19	24
22	24	22	22	20	23	19	21
21	24	23	23	22	24	20	26
22	23	23	22	21	23	20	26
22	23	22	21	21	25	20	25
22	22	20	21	21	23	21	23
23	23	23	20	22	24	22	26
23	22	22	19	21	23	20	22
23	21	24	19	21	24	22	23
23	24	25	20	23	22	20	22
25	24	26	20	23	24	20	23
24	23	25	20	24	23	19	21
23	24	24	21	22	24	21	22
24	24	22	21	23	23	21	23
23	23	25	20	21	21	22	24
21	23	24	21	22	22	22	23
22	22	24	20	21	23	21	24
23	23	25	20	23	21	20	23
23	24	25	21	22	22	19	22
23	24	23	22	23	24	21	22
23	24	23	21	23	22	20	23
24	26	25	22	22	21	22	21
23	24	25	21	22	21	23	22
23	24	23	19	22	22	22	21
24	24	22	19	22	23	23	20
26	24	23	19	22	24	24	21
24	22	22	20	23	24	23	21
23	24	23	23	23	25	23	20
23	24	25	24	23	24	24	21
24	23	27	24	25	22	20	20
22	23	25	24	24	20	20	18
26	23	25	24	24	21	21	19
26	24	27	23	24	20	20	18
26	24	25	22	23	19	20	19
26	24	23	22	21	20	21	20
27	24	24	22	20	21	21	21
24	24	22	22	19	20	21	21
26	22	19	22	21	21	21	21
28	21	21	21	22	23	22	23
27	19	23	21	23	22	22	22
27	18	23	22	23	23	24	21
24	18	24	22	23	24	24	22
23	17	24	21	22	22	24	22
22	21	22	22	21	23	23	21
23	19	21	22	19	24	23	21
23	21	21	20	19	24	22	21
25	23	23	19	21	22	21	21
26	24	22	20	24	25	21	23
24	24	24	19	23	22	23	21
25	24	24	19	26	22	22	22
24	40	88	20	25	22	22	22
32	83	167	29	29	24	24	24
32	87	181	29	27	21	25	23
51	98	184	30	28	21	24	25
53	99	186	30	27	20	24	26
57	96	169	30	29	20	23	26
54	68	141	24	25	20	24	25
54	69	131	25	25	22	23	23
37	54	130	24	23	21	23	21
34	51	128	23	26	22	23	20
28	50	127	24	24	23	23	20
25	43	71	20	21	21	20	20
23	34	57	20	24	22	20	22
24	30	50	22	26	23	20	23
23	30	46	22	23	23	22	22
25	26	36	22	23	23	22	21
25	24	30	22	26	23	22	23
26	25	29	23	24	23	21	21
24	24	28	23	24	22	23	18
26	21	27	22	26	22	22	20
24	22	24	22	26	23	22	22
23	21	25	22	24	22	22	21
23	23	24	22	26	19	22	23
24	22	24	21	25	20	19	23
24	25	23	21	22	21	19	22
23	23	23	19	23	18	19	22
23	25	21	21	24	21	20	23
23	23	20	20	23	20	21	23
22	23	19	22	22	22	22	24
22	20	20	26	23	20	21	23
23	22	20	26	22	21	22	23
23	22	20	26	24	20	21	22
22	22	20	26	23	22	21	22
23	24	22	25	26	21	21	21
25	24	21	22	26	21	22	21
26	22	25	23	25	21	22	21
27	23	25	22	24	21	22	20
27	23	27	22	25	19	22	19
25	22	25	22	25	19	20	19
23	23	26	22	25	19	21	19
21	24	23	22	26	20	20	17
23	22	23	22	26	20	21	18
22	23	23	21	25	23	19	17
24	23	24	22	25	24	20	18
23	21	24	22	24	24	20	18
24	22	24	21	23	24	20	19
23	22	25	22	22	24	21	19
23	21	22	23	23	22	22	21
24	23	23	21	21	21	22	19
24	24	24	22	22	22	20	20
22	23	24	22	24	22	20	19
22	24	23	24	23	23	21	21
24	26	26	23	22	23	23	22
22	26	25	24	23	24	23	23
23	25	25	24	23	24	25	23
25	25	24	22	22	22	25	24
25	23	24	20	23	24	25	23
24	23	23	21	22	23	22	21
23	23	24	20	23	26	20	20
21	22	23	21	24	25	22	22
21	21	23	22	25	26	23	20
20	22	23	24	24	24	23	20
20	20	23	24	25	23	23	19
21	21	21	25	24	21	27	21
24	21	21	24	22	24	26	18
23	23	21	25	21	23	25	20
25	23	23	24	23	24	24	20
25	23	21	23	24	24	24	22
25	21	24	22	25	23	23	21
24	22	23	22	25	24	20	21
23	21	24	21	27	24	20	20
24	21	23	20	27	24	21	21
22	21	25	21	25	23	22	21
23	22	25	24	25	23	19	23
22	22	27	24	24	20	21	21
24	24	26	23	22	22	23	22
24	25	27	23	21	21	23	22
25	25	28	23	22	24	23	22
23	26	26	19	23	23	25	21
26	26	23	19	22	22	25	21
24	24	24	22	23	22	23	21
24	23	22	24	23	23	22	19
23	21	21	23	24	20	23	20
24	20	22	24	23	21	21	19
22	21	23	24	23	21	21	19
23	21	23	21	22	21	22	20
23	21	22	22	23	24	22	21
22	23	23	22	23	23	22	19
22	24	23	23	24	21	21	19
21	23	22	22	25	22	21	19
22	23	23	23	24	22	23	17
21	23	22	21	24	20	23	20
21	23	22	20	24	21	22	21
19	23	21	17	24	23	21	21
20	23	24	19	24	24	25	22
19	24	24	18	24	25	22	23
20	24	24	18	24	24	23	21
20	26	26	18	24	23	25	20
21	26	26	21	22	23	27	19
21	26	25	21	25	20	23	21
24	23	23	20	25	23	24	20
24	24	26	22	24	23	23	21
24	20	24	23	24	24	21	22
25	20	25	23	24	24	18	23
25	22	25	23	21	26	20	21
23	22	27	25	22	23	21	21
22	22	26	24	23	23	20	21
21	22	26	23	21	23	22	20
19	22	26	23	23	24	22	19
19	23	24	23	23	24	20	19
24	25	25	22	23	22	21	19
25	26	24	21	23	23	24	17
26	28	24	21	25	23	22	20
27	27	23	21	23	21	23	20
29	27	25	21	21	22	25	21
24	26	23	19	22	23	23	21
23	23	24	19	22	23	21	23
21	22	23	21	20	22	21	24
21	23	24	24	21	23	21	22
20	22	22	23	22	21	22	22
21	23	23	25	22	22	22	23
21	25	23	25	22	23	22	22
22	25	26	25	23	22	22	20
22	24	27	23	24	24	21	21
23	25	28	24	23	24	20	23
23	23	26	23	23	21	21	22
23	21	26	23	24	21	20	22
