0	1	2	3	4	5	6	7
48	178	196	129	61	33	28	29
52	180	196	132	63	34	28	29
61	195	184	114	63	35	29	34
61	189	183	112	61	34	29	35
59	168	183	111	58	31	27	34
58	168	205	135	66	32	28	36
59	171	202	142	66	36	35	39
48	155	200	167	72	38	34	35
49	164	198	172	71	39	34	36
53	151	184	169	73	39	35	36
58	146	180	146	63	37	35	37
50	172	213	160	71	38	30	33
53	171	219	139	70	42	31	34
53	166	231	144	73	44	34	31
50	185	236	144	73	44	33	33
48	191	232	144	73	45	35	28
59	176	204	117	64	41	33	30
59	167	185	112	54	33	36	32
58	176	186	100	52	30	35	32
60	146	174	99	55	39	36	30
68	158	160	98	57	45	36	35
65	155	184	113	63	47	39	36
70	164	182	114	65	52	40	35
72	166	163	113	66	51	37	40
75	164	158	114	61	64	38	41
65	154	198	133	62	60	41	38
86	152	203	138	59	64	40	45
82	144	230	162	63	62	34	44
83	128	263	184	71	67	35	43
85	140	273	183	70	55	34	43
98	136	247	187	78	86	32	43
84	165	252	185	80	90	35	36
86	179	228	161	76	93	37	36
89	175	191	144	74	93	36	34
88	164	175	144	83	96	35	37
75	174	176	125	79	81	39	37
72	145	142	121	78	75	41	37
81	136	207	149	81	71	41	42
77	136	228	141	74	69	41	42
86	142	228	133	67	63	42	40
92	140	258	163	67	51	37	43
89	135	264	187	80	49	30	42
80	120	221	190	86	48	29	35
80	125	239	192	87	47	28	35
70	129	257	199	91	44	26	33
65	136	243	212	94	43	25	31
67	138	242	205	86	44	30	31
70	161	250	185	79	57	35	37
70	170	235	183	76	66	38	36
77	182	218	181	76	71	38	40
75	185	252	159	73	79	42	38
81	206	269	133	75	80	42	42
80	202	263	147	79	77	42	39
96	214	262	193	95	75	42	44
91	226	320	222	98	70	41	40
93	241	300	227	107	64	41	43
86	224	273	228	102	72	36	38
87	218	268	230	101	70	33	39
64	217	271	206	97	67	33	36
58	221	204	173	88	64	35	36
67	198	169	150	73	64	34	36
78	203	175	176	90	53	37	38
72	209	186	174	90	50	38	36
75	197	165	161	84	46	37	35
77	190	162	159	85	46	37	41
74	200	193	159	86	44	36	38
65	216	206	136	65	42	33	38
68	216	221	132	63	41	32	37
73	225	225	137	63	40	29	35
68	219	270	146	73	46	36	34
77	203	265	138	70	48	34	40
83	191	272	131	74	46	37	44
81	178	253	163	82	47	40	45
86	170	242	158	80	53	46	49
94	196	188	151	74	50	44	47
89	205	173	151	73	46	49	42
83	207	152	146	69	47	53	38
84	226	146	90	54	48	67	48
91	227	144	77	54	48	73	49
85	221	145	67	48	45	71	49
87	242	148	67	53	48	69	52
102	261	179	78	62	51	73	57
105	254	181	81	60	52	62	47
96	304	206	77	55	46	58	49
96	314	216	76	56	51	59	48
88	306	234	90	59	48	57	44
81	297	225	89	54	43	47	38
83	295	224	85	52	39	44	41
81	266	215	84	55	43	44	32
82	235	204	82	53	38	43	34
82	225	173	61	46	37	43	37
94	289	187	51	43	40	48	44
104	290	193	50	44	40	44	46
100	268	177	49	43	34	35	47
100	271	170	54	43	33	31	47
97	282	167	60	51	35	32	45
75	214	129	54	52	47	38	38
58	239	121	53	54	63	44	38
63	254	123	55	53	67	46	36
65	246	137	53	52	69	47	35
66	262	156	46	41	72	49	33
64	262	162	46	37	64	39	30
57	239	170	51	37	53	32	24
59	236	177	53	43	51	34	26
61	245	173	50	43	48	32	24
61	209	160	49	45	45	32	27
65	219	154	52	45	45	32	31
73	233	151	54	55	43	33	34
66	234	158	65	66	46	33	33
68	222	185	66	67	47	36	39
76	223	208	73	68	47	35	41
88	234	254	107	83	51	40	43
83	221	284	148	94	51	40	40
121	255	323	153	88	47	39	50
138	286	344	168	94	49	44	59
143	345	419	190	104	53	49	62
139	340	399	176	95	49	46	62
146	357	456	177	103	52	51	67
119	338	448	178	104	53	49	60
121	345	469	174	105	55	51	63
113	304	431	169	101	51	45	59
118	308	452	174	103	54	48	62
112	308	410	166	94	53	48	61
109	310	427	166	96	53	49	61
82	291	424	166	93	49	41	46
97	358	431	151	90	52	44	48
94	382	447	148	93	53	45	46
91	368	438	128	84	52	41	43
101	413	545	132	82	55	42	47
99	419	564	136	83	54	43	47
82	360	582	132	79	49	40	46
73	321	598	124	68	43	35	42
79	332	613	136	77	52	41	42
64	248	516	121	76	48	39	38
65	220	487	121	84	54	44	36
58	200	428	122	88	55	43	33
54	202	399	141	94	55	43	32
49	236	391	120	80	43	34	30
51	260	370	127	77	44	33	29
47	254	331	125	64	38	24	27
49	267	358	149	81	41	28	29
58	265	378	169	103	50	31	32
52	212	335	173	116	53	37	32
54	184	328	169	118	55	38	31
59	182	317	160	116	53	40	32
59	157	287	137	103	52	38	32
52	127	220	105	89	47	37	30
55	115	215	102	71	42	31	29
71	122	224	119	78	41	30	34
70	180	301	142	95	49	31	35
74	181	303	145	92	45	29	34
72	176	276	145	83	44	28	33
86	177	273	145	88	45	30	36
78	167	264	167	86	44	30	35
81	98	175	153	74	37	27	33
85	85	153	182	86	39	27	34
92	84	152	176	82	39	28	37
78	78	148	174	76	36	28	33
72	74	111	136	69	34	25	31
69	63	94	144	69	33	25	31
67	58	93	117	70	35	26	30
57	43	101	132	75	35	20	25
84	45	99	136	78	36	35	33
84	40	102	146	86	44	55	35
82	37	103	131	83	45	56	34
77	39	95	114	70	42	57	34
79	42	74	89	63	41	59	36
52	39	74	80	58	40	51	31
50	36	56	54	40	31	56	29
46	36	49	51	35	29	58	30
47	40	41	42	30	28	59	30
49	36	32	40	28	25	69	29
48	37	35	43	31	27	74	31
50	37	37	46	32	25	59	31
52	40	40	49	32	27	58	31
51	34	36	47	32	28	57	30
51	39	38	46	32	28	44	33
54	38	33	35	28	24	33	30
55	44	36	34	29	26	30	30
56	44	33	31	30	23	26	31
54	43	34	32	30	22	28	31
52	40	34	33	30	23	27	28
44	41	37	33	31	24	25	25
44	37	35	33	30	25	25	25
39	36	32	30	27	25	25	23
45	38	33	31	27	27	23	26
40	40	33	30	25	27	58	27
44	37	32	31	24	26	59	28
45	36	30	30	23	27	60	29
45	35	33	33	23	27	61	29
40	34	31	31	24	25	60	25
40	30	30	29	25	25	33	24
33	29	29	31	24	27	32	25
28	28	30	32	24	25	29	23
29	31	30	34	26	26	28	23
28	33	40	40	30	27	28	25
29	33	40	41	30	24	23	25
31	34	41	40	32	25	26	27
30	34	41	38	32	24	25	26
30	32	40	34	31	24	27	27
29	31	30	29	25	23	26	26
30	34	29	29	26	25	27	27
28	35	29	26	25	24	22	24
29	34	29	25	26	27	24	24
28	34	30	27	25	25	23	23
34	41	31	30	26	25	25	23
33	38	33	30	25	23	23	23
33	36	32	30	27	23	25	22
33	39	33	30	26	21	22	22
33	40	31	31	26	24	22	23
27	31	30	26	25	25	22	22
28	33	30	24	24	26	23	21
28	36	28	26	22	26	23	21
28	32	26	25	23	25	24	21
30	30	25	24	25	22	23	21
30	32	24	25	26	21	22	22
29	32	22	26	27	22	23	26
