0	1	2	3	4	5	6	7
112	340	527	135	88	129	41	50
119	367	515	158	107	139	52	58
122	363	497	156	107	140	54	58
147	392	510	231	144	150	66	75
150	389	509	238	144	112	65	76
152	378	396	243	144	104	65	83
183	434	400	232	130	90	58	89
248	466	485	243	136	100	76	113
248	474	490	195	103	99	82	110
250	465	488	194	108	94	86	114
249	452	510	202	119	91	85	108
226	371	511	196	119	90	85	101
149	319	433	181	112	76	68	73
115	253	448	171	123	55	45	57
98	239	420	167	117	46	34	46
78	213	391	151	107	40	29	39
77	209	371	156	114	40	33	38
85	178	364	156	114	38	31	35
90	180	273	146	112	43	35	35
131	180	249	144	114	43	35	48
185	162	243	198	138	50	39	56
187	154	245	216	135	49	35	56
191	152	232	225	135	49	40	58
196	98	184	219	123	48	43	59
190	87	193	263	145	59	96	57
169	85	172	265	132	64	106	60
191	90	162	249	130	67	208	76
185	139	158	240	128	69	293	85
179	140	147	233	122	67	316	87
170	142	112	178	94	66	312	83
156	138	100	136	80	58	318	78
123	135	110	137	78	54	269	65
123	88	103	131	75	51	174	51
119	84	102	133	75	47	124	45
109	77	98	119	62	32	106	43
81	78	76	67	40	26	72	40
75	67	40	56	38	25	45	34
57	55	37	51	39	26	37	29
49	33	31	41	36	23	36	29
36	25	28	36	38	25	35	28
35	23	27	30	35	27	30	27
36	23	26	30	35	26	29	29
35	21	28	27	31	25	28	27
37	23	27	28	30	26	26	29
35	22	24	26	25	23	24	24
38	24	22	26	26	21	23	28
35	22	24	25	24	24	24	26
36	25	24	29	25	23	25	27
32	25	27	27	25	23	26	28
29	25	27	25	24	24	25	27
25	26	29	27	22	25	25	25
25	25	27	28	23	23	24	26
24	23	26	26	23	23	25	26
24	23	23	27	22	21	23	25
23	25	24	27	24	21	24	26
23	23	22	24	26	19	25	26
24	25	21	22	25	19	25	26
24	25	21	22	25	19	23	26
28	26	23	28	29	20	23	23
28	26	24	33	31	21	20	24
29	27	24	33	30	22	21	21
33	26	25	35	31	21	20	23
37	28	25	35	32	22	21	22
41	33	23	30	30	24	22	27
48	33	22	28	40	23	23	27
47	33	22	29	45	25	23	29
48	34	23	31	57	25	24	27
46	33	23	34	58	24	25	29
39	27	23	34	59	22	24	25
39	42	24	33	51	23	24	26
44	42	24	33	47	21	25	24
42	43	25	29	34	23	25	23
42	42	25	26	30	23	24	26
43	42	27	24	28	25	25	25
38	29	27	21	27	23	25	25
33	29	28	21	27	25	25	27
