0	1	2	3	4	5	6	7
51	211	409	74	50	41	32	34
49	218	400	74	47	47	29	31
41	219	358	71	43	49	28	27
45	226	344	97	52	49	29	25
44	230	312	100	51	49	27	26
41	190	223	104	58	45	27	28
44	180	254	105	58	36	28	30
47	184	287	152	73	35	27	29
48	177	308	149	74	37	28	31
46	135	292	152	74	34	26	29
47	135	278	148	69	32	23	28
60	156	272	144	69	33	26	27
69	186	254	115	52	34	30	31
67	202	245	124	46	29	29	30
81	212	261	120	48	34	30	32
105	263	292	124	50	35	37	46
97	251	284	128	52	35	35	45
90	230	261	106	50	57	31	42
96	227	245	79	51	68	33	43
89	243	263	83	50	67	32	44
94	298	278	105	65	72	34	38
102	331	257	103	67	73	34	39
119	336	264	106	67	56	36	43
114	336	284	109	66	43	35	41
113	326	265	158	76	42	35	41
87	233	226	163	84	38	29	33
78	182	228	162	83	36	29	33
51	164	238	161	83	37	27	29
50	141	206	160	81	37	25	29
44	115	186	129	79	37	27	28
52	105	194	112	56	33	23	29
63	145	196	121	62	33	21	28
63	149	181	122	64	33	22	29
63	147	181	122	70	35	24	28
68	148	177	95	60	34	26	30
61	145	139	102	67	34	29	27
52	83	116	99	65	32	30	27
53	94	100	96	61	29	30	27
64	110	110	111	65	33	29	31
69	108	136	138	69	34	27	32
84	108	133	125	63	35	37	36
85	133	131	118	59	36	58	35
131	119	158	138	64	37	61	44
134	113	152	137	56	35	62	43
142	122	143	122	55	36	68	50
140	143	152	134	58	34	69	47
181	150	176	148	64	36	73	54
171	210	220	148	60	34	77	53
168	229	235	140	59	32	78	57
167	228	227	136	59	28	73	51
169	226	236	130	55	28	87	52
132	224	240	153	83	34	76	48
113	168	195	141	85	37	70	43
111	169	179	144	88	43	70	37
99	184	223	156	94	57	69	37
89	183	216	166	95	57	75	38
77	167	198	136	71	60	70	36
71	192	194	148	71	59	69	38
75	171	238	168	69	55	69	36
75	161	199	169	67	66	70	39
69	182	193	157	64	86	39	38
71	207	196	163	66	90	45	38
80	251	203	151	68	92	47	40
116	253	154	132	75	96	43	45
246	256	181	130	70	83	45	68
269	267	195	127	73	69	45	69
272	267	230	127	70	68	41	68
274	219	253	135	68	70	42	68
264	232	260	152	61	66	44	68
155	226	249	143	61	66	52	41
117	211	280	169	67	63	54	40
110	183	247	164	65	57	53	45
121	187	210	157	62	59	53	51
112	167	209	145	64	62	54	47
104	188	232	165	69	68	41	47
102	180	183	143	62	68	38	47
110	186	174	153	63	61	43	48
87	173	190	167	67	54	54	39
90	213	200	160	72	65	55	38
104	196	167	145	69	76	56	41
101	184	159	139	68	75	57	40
106	193	160	126	71	90	58	39
101	186	148	134	76	92	67	41
97	141	131	168	80	85	69	41
89	254	131	158	79	70	70	42
96	268	137	158	80	69	68	45
92	289	158	157	80	61	64	42
100	296	154	132	76	64	42	40
103	296	146	77	66	64	36	42
112	231	144	83	64	62	34	38
120	215	171	95	70	71	40	41
111	170	158	99	69	60	39	41
102	174	163	97	64	62	38	39
99	185	197	100	67	63	39	39
93	161	200	99	70	63	39	37
96	175	176	84	66	53	32	41
112	185	179	80	67	56	27	42
142	199	176	85	69	46	30	53
142	202	127	80	71	45	28	53
158	196	118	82	69	44	27	57
165	182	112	100	65	42	27	50
153	170	100	109	61	38	31	49
130	212	144	118	64	39	31	39
129	200	160	127	63	37	31	39
103	196	163	119	60	37	29	33
85	194	166	105	58	45	32	34
92	207	175	125	73	46	29	33
86	149	137	135	104	51	29	29
92	164	136	128	120	47	32	30
87	186	141	134	124	49	34	34
92	188	153	140	128	43	34	43
95	199	172	139	124	43	34	44
113	212	184	129	102	39	34	47
132	223	175	133	86	42	33	50
139	204	177	133	81	41	36	53
141	200	166	142	81	46	36	50
161	224	144	123	79	49	37	61
153	209	144	129	85	50	35	59
141	187	188	139	93	52	34	56
159	187	182	135	96	57	32	59
150	211	187	135	102	56	30	55
121	174	187	132	97	54	31	42
132	175	182	132	89	59	33	45
146	167	134	119	70	56	33	54
125	171	142	131	76	50	32	49
128	178	150	124	67	46	32	49
133	178	163	129	72	48	30	50
118	163	150	118	73	41	27	48
92	165	142	114	77	40	27	35
87	179	127	106	67	39	25	36
82	144	144	123	67	40	25	36
76	135	130	124	72	40	24	33
78	137	154	131	74	41	26	35
80	157	157	131	70	43	28	37
79	161	182	135	71	44	28	33
74	161	158	123	69	44	28	33
83	170	152	118	65	46	31	37
110	175	137	116	71	42	30	40
115	199	135	118	73	43	30	42
118	187	130	113	72	43	30	46
122	204	131	98	69	42	32	47
117	195	129	97	64	40	29	44
140	194	120	95	53	41	31	54
146	182	123	90	53	40	29	56
140	172	103	86	59	41	29	52
140	151	106	93	62	41	28	52
139	145	106	92	66	38	30	51
119	135	106	81	65	39	27	36
104	85	120	110	60	36	27	30
103	95	117	125	57	34	27	30
108	121	110	126	55	33	27	32
116	127	107	123	50	34	27	35
95	134	114	123	46	31	25	36
117	139	95	103	51	36	25	42
122	204	100	81	51	40	27	40
113	188	98	74	47	39	26	39
109	201	106	88	63	42	27	38
104	220	103	114	77	46	29	38
81	227	106	111	76	44	31	32
73	167	99	116	79	43	29	34
71	168	109	128	86	47	30	34
71	151	119	124	78	43	30	33
70	117	127	109	70	41	31	33
65	139	153	128	71	42	31	32
67	148	149	130	66	40	32	29
80	147	146	115	55	36	32	32
76	160	135	111	66	41	31	30
75	160	124	112	62	39	30	31
75	137	96	98	64	37	29	33
78	130	97	89	65	38	27	36
73	178	90	90	69	39	27	32
84	164	98	93	58	35	26	33
84	179	98	95	57	33	24	32
82	181	136	129	60	32	24	30
81	182	161	142	62	34	26	33
76	137	161	144	60	34	25	34
61	139	155	141	58	31	27	33
56	131	158	134	59	33	27	34
58	115	129	104	52	34	28	37
60	105	118	103	53	32	25	33
55	109	128	106	59	34	26	32
68	109	134	133	70	38	26	33
76	133	141	137	72	38	26	33
74	171	157	130	71	38	25	32
74	175	142	115	66	36	27	35
77	179	142	128	72	43	30	36
83	179	176	124	70	42	29	36
81	180	168	122	66	42	29	37
93	144	152	124	69	43	31	38
118	147	155	127	69	44	33	40
121	145	163	120	61	37	31	43
111	177	143	108	56	35	29	41
106	153	161	111	59	35	32	41
94	150	158	115	62	34	29	39
62	156	157	115	63	35	29	36
55	157	155	110	62	39	26	33
61	138	145	118	66	43	27	35
63	138	127	126	66	44	26	33
66	139	148	131	64	46	24	34
61	131	143	132	64	44	21	31
83	121	138	129	64	43	21	32
104	158	144	131	58	37	23	31
109	160	147	124	59	36	24	30
110	162	123	109	57	31	24	27
118	155	122	118	60	33	26	29
105	161	138	127	60	29	27	29
83	165	127	116	62	30	25	28
78	170	129	112	64	32	25	29
104	192	140	116	69	41	28	36
97	206	142	110	69	42	29	36
92	208	123	111	67	43	26	32
94	168	124	110	63	45	27	33
96	172	132	109	63	46	29	34
73	145	128	111	59	40	26	30
71	133	155	137	59	39	25	29
76	127	167	150	67	42	27	30
73	116	167	146	66	40	27	32
67	91	159	146	59	38	27	33
54	92	153	142	58	36	26	29
69	83	128	113	55	34	25	33
68	82	123	90	46	33	26	33
81	109	113	93	57	38	27	32
84	120	106	90	59	41	25	31
89	124	108	93	60	45	25	32
78	136	116	108	59	44	27	30
78	129	103	102	59	41	25	29
77	107	113	105	52	38	26	34
75	94	117	107	51	37	27	33
70	92	120	115	54	35	28	32
82	138	111	129	58	38	28	36
80	157	116	131	62	39	29	35
69	165	118	135	63	37	26	32
65	168	117	135	63	35	25	31
67	173	111	123	56	34	24	32
50	140	122	96	51	33	23	27
52	119	111	98	48	31	22	27
51	116	98	97	49	31	24	27
55	118	91	98	54	34	25	29
65	119	93	104	60	36	25	31
68	101	78	105	61	38	25	29
72	103	86	109	64	38	26	36
72	95	89	100	60	39	26	36
75	88	89	101	59	36	25	38
67	109	107	115	61	35	25	37
76	132	118	117	61	34	27	40
71	132	115	111	60	35	27	36
70	133	122	114	64	39	26	35
66	133	123	110	60	39	26	34
