0	1	2	3	4	5	6	7
57	82	148	107	67	39	26	34
58	88	174	129	69	41	27	32
64	80	163	112	66	39	24	32
68	104	164	114	60	35	24	34
73	104	136	121	66	38	27	35
63	95	124	116	64	34	26	29
64	109	94	92	54	34	26	30
63	119	91	92	58	36	24	31
70	98	134	93	63	37	26	32
82	103	147	127	61	36	28	38
87	112	158	159	68	40	29	38
92	103	160	162	72	39	30	38
88	93	164	167	72	39	31	36
84	96	136	165	71	39	30	35
65	90	114	133	65	38	26	28
63	79	106	97	71	41	27	27
61	87	98	100	68	40	26	27
62	91	126	104	72	43	26	28
58	100	145	110	74	47	30	27
59	101	152	116	75	47	30	27
59	117	151	113	81	45	28	29
54	114	178	144	93	46	26	27
78	115	182	143	93	44	33	34
76	120	186	145	88	36	26	34
75	122	184	147	98	37	28	34
73	110	181	144	88	36	28	34
74	100	179	125	76	39	29	35
54	95	162	126	73	38	25	29
51	79	136	132	74	37	25	27
62	98	139	131	66	37	25	33
61	122	141	130	58	35	23	32
75	126	153	159	65	30	25	36
76	128	163	159	67	32	24	36
80	127	170	146	65	34	26	39
75	122	170	143	58	31	26	34
82	104	169	158	64	33	29	38
68	101	152	139	65	36	29	36
69	99	136	138	67	35	28	36
65	98	139	145	72	40	28	36
68	95	137	142	75	42	27	36
73	89	136	144	71	46	26	32
74	88	116	129	63	47	24	29
72	103	114	126	61	48	28	32
75	114	103	150	81	46	30	32
68	111	122	167	89	49	31	32
60	111	154	157	92	45	32	30
56	112	154	149	95	42	34	31
57	109	149	147	95	42	33	29
62	107	147	118	77	41	30	28
63	118	136	97	74	42	30	28
61	114	114	95	68	41	29	30
62	124	119	99	66	42	28	32
57	130	136	102	64	41	27	30
49	120	133	94	60	38	28	30
49	104	127	92	66	35	29	32
60	110	132	97	66	37	29	31
60	102	138	99	68	41	32	28
60	81	130	97	68	41	31	29
62	86	149	126	74	43	30	31
63	87	151	124	62	41	27	30
58	99	144	118	63	40	27	29
68	94	134	119	68	37	26	32
73	99	124	117	68	37	30	38
72	94	100	100	62	34	30	35
75	110	119	102	61	39	33	37
71	93	113	101	63	37	31	37
64	98	121	108	66	38	29	38
60	92	126	113	68	36	25	33
59	96	130	106	68	41	27	33
54	78	121	117	68	40	25	32
54	85	132	124	72	44	27	32
59	83	122	112	65	42	30	30
58	84	127	112	58	43	32	31
68	83	123	121	76	46	33	32
68	83	113	118	79	44	33	30
68	82	118	119	78	42	33	31
63	99	123	123	77	44	31	28
60	130	166	117	78	44	30	29
58	146	173	107	64	36	27	32
61	144	174	94	57	37	27	32
66	144	162	92	49	36	24	36
61	134	161	93	49	32	22	36
65	108	130	105	54	33	23	34
56	87	128	104	59	33	23	31
65	87	136	114	59	35	25	35
57	90	132	116	62	35	26	29
74	107	144	135	69	40	26	30
80	109	121	124	88	43	25	33
78	105	127	131	87	44	27	34
74	127	126	123	92	42	26	34
73	126	124	116	97	44	24	34
63	120	143	88	95	44	29	35
68	117	155	100	98	43	29	38
70	129	157	98	100	47	28	38
67	122	167	116	101	49	29	38
68	118	173	125	102	52	32	38
68	108	149	145	102	48	28	38
53	104	142	136	80	45	29	32
60	108	157	132	74	39	29	33
57	100	173	143	75	40	27	32
63	103	178	158	80	37	25	35
57	104	201	147	77	38	25	31
65	106	206	153	86	45	26	37
62	92	190	158	89	45	24	34
67	88	163	149	87	43	28	36
59	93	160	131	79	42	28	34
63	103	160	133	77	43	27	37
55	100	151	127	68	40	27	33
58	100	148	122	63	41	27	33
53	113	150	106	60	38	24	31
56	118	171	115	55	37	24	29
54	112	152	110	56	38	26	29
52	120	162	126	60	35	24	27
49	114	173	132	64	37	25	28
46	103	175	141	64	38	30	25
48	103	144	128	64	38	147	40
45	116	134	123	65	37	159	39
42	108	120	104	60	37	159	40
40	112	99	96	55	34	163	41
44	107	91	106	57	33	164	42
50	103	103	106	55	34	81	32
60	85	133	118	53	33	58	30
71	82	130	119	52	33	57	34
72	81	130	117	55	35	48	33
79	88	145	107	57	39	41	32
73	78	135	107	65	40	32	30
73	71	108	103	63	39	28	33
64	73	111	117	67	40	27	27
60	74	121	120	63	37	25	26
59	76	114	113	62	36	28	27
65	105	136	124	57	34	30	31
56	109	133	118	58	33	29	29
60	112	126	102	55	32	29	29
62	116	124	102	60	33	27	29
55	116	114	103	66	32	27	29
49	128	108	113	64	30	25	26
52	135	121	120	61	31	25	26
48	136	136	129	65	34	26	25
48	138	140	134	63	35	25	32
61	140	142	156	73	36	23	32
65	109	131	135	72	36	23	32
63	106	121	131	77	41	26	32
64	100	112	124	77	37	24	32
63	92	136	137	85	38	24	25
50	98	148	108	70	39	25	26
45	101	159	112	73	40	25	27
44	92	159	109	80	39	23	26
43	94	154	110	80	42	28	29
42	112	148	90	69	40	29	29
43	99	149	97	69	41	29	29
41	103	131	93	69	41	29	29
46	116	128	98	66	44	32	29
54	125	139	116	71	45	29	28
55	108	144	140	83	46	28	29
56	140	151	135	86	45	29	30
57	144	155	138	86	48	29	29
58	143	168	139	80	41	26	31
53	150	167	125	83	41	27	29
53	172	151	95	72	41	27	30
49	151	131	103	67	39	25	28
56	147	133	105	70	42	24	31
52	139	127	106	73	42	25	33
49	124	119	101	63	41	27	34
45	103	118	114	64	41	27	31
49	109	114	111	64	40	26	34
44	107	123	123	60	33	27	31
47	104	119	132	64	35	27	29
53	104	123	138	65	33	24	33
57	88	120	135	66	35	25	32
65	74	126	137	64	36	26	31
64	64	123	123	65	39	24	30
68	87	136	108	59	39	24	33
66	88	140	105	57	38	24	26
75	97	134	94	57	37	22	31
66	103	136	95	58	37	24	29
67	112	153	101	76	35	24	32
65	94	139	107	83	37	25	32
72	97	137	109	86	38	24	34
68	101	136	108	84	38	24	33
66	97	143	99	83	37	24	35
69	98	128	99	79	38	24	35
