0	1	2	3	4	5	6	7
141	265	290	193	93	67	34	56
138	277	317	199	91	57	30	55
138	294	403	248	76	59	31	54
159	266	382	259	83	62	34	58
154	260	421	275	95	67	37	57
136	251	417	289	95	67	35	47
115	247	403	288	102	117	49	43
113	252	405	237	95	120	56	49
91	249	422	225	89	119	54	42
112	260	381	190	74	118	55	50
113	260	363	192	81	117	54	54
121	253	371	215	85	80	42	54
128	229	259	193	84	72	37	53
120	202	201	189	88	75	37	54
110	194	195	190	88	74	37	56
108	211	328	217	86	77	41	53
108	260	396	242	87	67	44	55
151	249	395	252	89	67	47	68
156	253	402	248	84	81	46	68
158	255	417	277	98	89	44	66
160	241	326	242	97	92	42	65
171	207	227	204	91	88	37	69
145	239	270	221	103	88	33	63
140	230	256	226	103	73	33	61
141	269	275	215	100	76	37	60
141	289	300	222	105	74	37	60
148	278	305	219	101	76	38	59
138	237	307	220	93	77	36	50
136	278	325	224	96	75	34	47
129	226	308	201	84	60	29	43
203	215	293	194	80	67	35	71
203	338	360	187	81	73	33	74
209	358	343	148	70	70	34	82
217	341	346	136	75	73	39	86
223	344	350	140	89	78	43	89
160	344	396	155	85	75	38	68
157	239	345	166	85	69	41	63
142	240	397	166	83	74	44	54
134	267	398	175	84	76	47	49
144	285	391	185	74	82	47	50
149	286	355	179	72	81	46	51
134	284	382	188	73	83	48	49
133	301	312	183	72	84	46	45
130	290	312	170	62	86	39	45
104	300	306	155	60	80	41	40
86	303	283	144	72	86	47	44
81	311	230	118	70	94	45	43
92	280	223	111	71	107	47	49
95	286	201	107	68	109	48	50
110	292	222	139	89	113	47	52
123	303	234	142	85	106	43	50
134	324	237	136	83	95	40	51
126	337	259	135	86	78	38	45
128	328	262	135	84	91	39	42
121	306	236	95	60	84	36	39
112	274	222	89	62	80	34	38
95	245	206	94	71	82	37	37
91	222	180	87	65	95	42	37
80	199	171	87	65	114	40	37
68	178	157	84	64	115	37	35
57	180	144	66	53	116	37	30
60	197	178	63	40	116	34	28
58	228	185	64	42	103	25	27
55	262	204	61	44	64	24	26
59	277	202	59	46	67	32	28
61	290	198	57	45	70	33	28
80	292	170	55	46	68	35	34
90	312	166	60	49	70	38	36
95	292	133	60	49	61	38	41
117	298	139	60	44	49	34	44
121	294	150	64	46	52	37	46
107	276	141	55	41	50	34	40
106	266	168	53	38	46	29	41
106	302	192	55	35	45	29	37
88	357	199	58	43	44	30	37
81	377	223	74	59	36	24	35
83	376	222	79	63	37	26	37
75	359	217	80	65	53	27	35
67	341	209	80	67	55	30	34
54	268	194	75	61	58	29	30
56	245	172	58	46	56	30	30
63	316	220	63	46	54	31	30
61	316	197	61	45	38	30	29
62	314	193	64	42	33	26	27
64	311	195	67	42	27	25	25
60	303	189	68	42	27	25	24
42	226	130	59	39	34	25	26
50	229	205	65	43	37	27	29
67	211	235	98	62	42	30	32
70	213	239	110	67	42	28	33
69	204	234	117	70	45	33	33
70	196	244	118	68	49	31	31
66	173	252	130	79	60	32	31
53	167	237	139	74	63	34	32
47	154	249	136	75	65	35	34
47	186	263	134	75	65	35	35
73	221	297	139	85	64	36	45
81	253	336	143	75	53	36	45
84	270	345	113	71	51	35	45
116	390	349	116	65	49	37	51
140	409	383	130	70	56	40	59
131	423	421	137	60	52	41	54
126	406	377	120	62	51	39	52
123	435	392	130	65	46	39	52
129	439	415	136	80	56	44	56
172	449	454	157	106	70	60	78
175	418	397	150	107	73	61	80
177	428	432	155	103	73	61	80
183	385	430	150	104	80	62	81
163	300	445	141	95	77	60	76
88	252	379	117	65	56	39	42
81	250	393	114	61	51	35	43
83	223	339	108	69	55	39	44
73	267	376	116	64	48	40	43
69	272	373	120	67	43	35	43
66	253	444	117	78	49	37	42
65	276	435	118	87	58	40	37
90	299	460	116	82	56	39	45
91	284	423	109	82	56	38	45
92	251	510	120	83	57	39	43
92	254	450	112	69	55	36	45
92	268	489	124	73	46	35	44
71	254	468	158	93	49	35	36
85	220	484	187	115	54	39	42
87	215	386	178	118	55	41	43
93	212	372	177	118	52	42	42
91	150	318	178	114	50	40	42
84	178	319	168	107	44	38	38
76	182	263	160	100	41	39	37
87	167	185	164	98	39	38	38
86	160	179	166	100	41	36	38
92	160	166	157	100	43	37	41
90	98	166	178	121	51	38	43
85	100	182	183	118	50	32	39
70	82	172	178	117	49	31	38
69	81	173	174	115	48	30	41
72	77	159	170	110	48	37	43
77	76	128	132	77	40	39	48
84	42	85	97	63	42	40	55
92	50	118	112	66	41	42	65
106	48	121	111	65	42	47	78
121	52	129	120	70	41	40	77
121	51	120	112	73	42	37	74
121	52	150	107	67	39	37	70
114	45	129	83	56	40	35	60
100	42	126	80	55	39	30	41
90	32	119	62	47	38	30	47
90	39	120	59	40	35	28	49
75	36	70	39	32	31	24	45
73	36	60	34	32	30	24	44
70	36	54	35	30	29	26	44
47	39	43	29	29	27	35	32
51	31	36	32	32	27	65	33
53	35	35	36	34	28	68	35
54	34	31	37	32	28	69	33
52	35	28	35	31	29	69	31
51	36	31	36	30	29	66	32
42	36	30	34	26	26	38	26
42	37	31	32	23	26	32	24
41	36	32	31	24	27	29	26
42	37	33	32	25	27	31	26
38	33	31	30	26	26	27	26
38	33	32	32	27	28	28	28
33	28	29	30	27	27	27	28
33	28	29	30	27	26	29	26
39	29	33	30	25	26	25	29
43	37	34	34	25	25	28	29
41	36	33	30	23	25	30	29
42	36	33	31	22	26	28	28
44	38	35	31	23	27	27	28
38	34	31	29	23	26	27	27
31	25	26	25	24	29	26	27
31	26	29	25	25	28	22	25
39	37	30	26	26	26	25	27
38	36	29	28	25	27	25	27
38	37	29	26	25	27	25	26
46	42	32	28	27	28	24	28
46	41	31	31	31	27	27	27
39	32	28	29	30	26	26	26
40	33	29	28	29	26	27	28
38	30	28	30	30	26	24	27
31	28	28	27	27	24	25	25
28	27	26	25	24	24	24	25
33	28	26	26	26	25	24	25
32	30	27	29	25	26	25	22
33	31	28	29	25	26	25	21
33	30	26	28	25	25	25	22
35	31	26	28	24	25	23	23
36	38	31	28	23	25	23	23
34	36	28	25	24	24	24	27
38	37	28	25	23	23	23	29
39	37	30	25	22	23	23	29
37	35	30	26	26	23	26	29
34	28	26	25	26	22	27	30
42	26	27	25	28	25	26	31
41	29	28	25	29	26	28	31
40	28	28	26	29	25	27	32
43	32	29	27	28	26	25	33
42	32	29	28	27	28	26	32
38	35	27	28	24	25	25	29
35	32	26	28	25	25	23	28
35	36	26	27	24	25	24	27
31	33	28	26	21	24	25	25
30	34	28	25	26	23	23	26
28	33	28	25	26	22	25	25
29	35	28	23	25	21	23	25
28	34	28	23	26	23	25	26
29	37	26	24	28	22	23	25
30	37	25	23	25	23	22	23
29	37	29	24	26	25	21	24
29	40	34	31	26	25	24	24
28	38	34	32	25	24	21	21
27	36	35	31	26	25	22	24
29	36	34	31	26	24	23	24
29	34	31	32	25	22	24	25
28	33	28	27	24	23	24	23
29	32	27	24	24	22	22	24
30	34	29	25	23	20	23	23
33	33	30	27	25	21	23	23
37	36	31	26	26	23	23	23
39	34	29	25	27	22	23	24
39	39	28	29	29	23	23	25
37	37	28	27	31	23	23	25
34	37	28	26	29	23	23	26
32	38	27	30	30	22	22	26
28	36	28	29	30	21	21	26
29	31	29	27	29	21	24	26
29	35	26	28	27	22	24	25
30	35	26	27	27	21	25	24
30	33	26	24	25	22	23	23
30	33	25	24	25	23	24	24
27	32	25	23	23	23	24	28
29	28	27	25	23	23	23	28
29	27	27	26	23	23	24	29
29	27	27	26	23	23	24	29
