0	1	2	3	4	5	6	7
56	187	318	133	61	29	26	26
66	187	322	135	58	29	28	33
71	207	318	150	62	28	29	32
73	172	322	156	68	32	28	33
75	187	235	151	69	32	28	32
79	194	244	152	70	33	27	33
77	195	230	148	75	34	26	27
84	175	209	147	81	37	28	37
77	185	216	130	74	36	28	34
90	246	227	122	76	39	28	37
87	261	234	119	75	38	27	35
91	275	242	113	68	37	31	39
79	270	240	92	51	34	29	30
89	269	212	89	48	35	32	33
74	185	207	86	45	32	30	31
71	157	185	87	54	36	30	31
70	133	170	88	57	36	28	27
75	132	165	82	60	40	28	28
71	124	170	100	64	42	27	30
76	237	205	111	69	46	33	32
77	249	211	110	63	43	32	31
79	267	238	121	66	50	41	38
102	281	234	121	62	45	40	41
127	314	225	109	57	43	41	44
126	239	166	95	46	39	38	45
134	233	161	114	59	43	40	48
129	228	133	100	58	39	31	44
120	249	133	99	60	42	34	46
117	212	130	105	60	41	31	43
117	227	160	133	64	38	30	43
110	260	174	135	61	38	29	42
134	262	162	142	62	38	32	46
140	248	166	148	66	41	61	47
136	262	252	168	76	46	76	54
134	253	291	248	94	50	78	53
139	247	398	276	110	51	80	53
115	237	402	316	118	53	81	52
159	226	430	339	119	66	60	62
173	203	413	335	117	82	58	62
180	197	432	306	108	84	59	67
179	188	374	312	106	87	60	72
187	198	390	316	111	85	60	71
155	199	379	292	109	86	67	64
128	201	359	325	113	73	79	65
123	212	304	311	112	71	81	65
124	193	292	310	99	67	78	60
135	184	267	270	81	66	87	65
118	168	266	303	89	79	84	64
115	193	272	271	86	79	59	60
117	235	281	278	83	76	78	58
114	230	269	242	79	78	80	57
96	223	268	242	82	79	69	50
92	223	249	203	70	52	81	50
95	211	261	233	70	45	83	48
98	213	280	213	73	52	62	52
105	206	258	232	78	46	61	53
96	204	270	252	85	48	59	52
99	216	275	247	86	45	39	47
101	214	256	238	94	44	33	47
97	137	214	233	91	39	32	42
91	132	202	214	86	40	32	43
102	146	188	206	81	34	31	48
144	143	168	206	81	35	31	50
186	126	212	190	73	39	34	57
189	127	223	192	71	40	31	57
239	134	220	194	72	40	34	66
243	146	226	167	68	46	36	71
222	156	241	188	69	44	35	70
185	153	198	181	66	42	61	66
183	163	183	171	64	39	61	65
106	186	198	190	73	39	59	54
125	183	217	206	73	33	58	47
128	167	214	232	85	35	59	45
132	162	200	224	81	37	32	43
126	171	208	242	82	40	31	41
129	141	286	275	81	40	31	42
99	178	272	262	80	41	32	39
91	184	316	238	77	46	35	39
89	192	323	251	79	46	34	37
90	182	323	234	75	44	33	38
89	222	260	178	70	44	33	37
97	191	258	183	73	44	35	37
102	186	196	172	62	37	32	40
143	185	246	185	63	33	31	53
156	177	259	184	64	31	31	55
157	130	270	190	61	34	32	55
155	114	264	186	59	35	30	55
155	113	271	227	73	32	29	55
133	125	251	234	77	33	27	43
120	129	236	252	77	32	28	39
120	127	215	247	82	35	31	37
111	145	224	247	83	38	32	38
103	142	223	216	73	40	32	37
88	133	203	188	65	40	35	40
89	152	222	183	69	44	37	45
85	146	218	177	62	40	33	45
90	139	214	182	57	38	31	47
108	150	217	164	55	36	30	55
102	163	219	166	58	36	27	55
105	154	200	159	56	32	29	55
118	158	213	170	57	32	27	59
125	144	207	198	78	34	27	56
122	144	189	212	81	38	30	49
126	136	174	208	82	39	31	49
124	136	184	225	85	41	27	45
133	136	165	218	89	44	30	47
124	154	196	199	85	50	35	48
117	164	224	247	92	49	34	46
116	156	218	250	92	48	37	45
114	152	202	224	87	49	41	50
108	159	229	232	84	52	42	52
120	142	222	230	74	45	40	50
117	120	208	160	57	42	38	50
111	129	209	144	54	42	34	49
105	137	237	159	55	40	29	41
83	125	253	153	56	31	25	32
82	135	265	162	51	30	24	35
100	140	301	172	51	37	27	33
120	127	306	170	50	34	26	36
125	123	300	172	59	39	27	38
124	124	270	175	62	41	28	39
114	114	246	154	62	39	28	35
111	111	198	150	64	36	26	41
95	111	200	164	68	38	28	40
91	114	173	148	60	35	25	40
107	134	178	146	59	33	24	47
112	147	204	154	66	36	24	50
108	144	195	154	69	34	24	46
107	142	194	140	71	35	27	46
106	127	206	138	70	38	31	48
95	124	240	131	71	38	31	43
87	117	232	172	68	39	32	40
73	108	231	173	66	38	33	41
69	110	241	176	62	37	32	39
76	123	246	178	63	33	33	41
69	104	208	189	57	33	32	37
76	115	195	149	54	32	33	43
86	140	202	143	53	33	33	47
92	143	198	147	61	37	32	51
85	135	182	170	73	37	30	53
86	134	181	152	74	38	30	54
78	119	203	157	72	36	28	49
69	96	191	159	70	35	28	42
58	103	181	165	67	33	27	36
66	126	190	176	59	35	25	30
71	129	180	186	60	33	23	29
89	133	167	194	61	33	23	31
96	130	198	200	72	37	28	41
97	118	193	189	69	39	29	41
105	92	206	154	62	36	31	43
101	104	222	202	72	39	32	45
88	104	216	200	78	42	33	44
76	100	208	197	69	38	28	36
86	107	206	212	73	38	29	38
65	108	194	215	71	37	26	33
67	104	189	169	61	34	30	34
69	104	183	155	60	32	29	33
77	114	153	146	59	33	29	38
74	123	218	150	61	30	28	37
93	161	199	145	67	34	30	38
96	160	233	173	64	32	25	37
94	158	246	200	72	35	26	38
98	154	255	204	75	35	29	35
94	165	259	219	75	35	29	33
77	124	271	231	76	36	27	33
75	118	263	215	79	38	31	32
76	133	278	212	70	35	29	32
64	133	292	222	67	35	26	37
61	103	262	201	65	35	28	38
64	117	255	192	64	33	29	38
70	126	225	181	61	35	27	40
67	111	203	174	59	35	27	39
73	134	207	171	66	35	27	34
71	134	198	161	59	33	24	34
70	130	202	151	52	32	26	32
65	122	205	148	51	30	23	29
71	123	229	144	51	30	24	32
65	92	212	139	40	32	23	30
71	90	230	147	43	33	26	29
70	79	249	217	58	34	25	31
70	98	270	229	66	35	27	31
66	93	238	230	67	35	25	29
63	107	245	238	71	36	28	30
62	115	231	236	73	35	26	33
60	142	212	184	65	34	27	33
56	162	184	177	62	32	27	33
58	165	195	176	67	32	30	33
59	156	173	162	63	28	26	32
56	156	169	157	61	28	28	29
59	140	170	150	64	30	28	27
66	114	174	140	59	32	29	27
73	113	157	119	53	31	27	32
