0	1	2	3	4	5	6	7
64	140	184	188	70	57	34	32
80	152	210	166	69	58	34	35
86	180	193	194	79	61	36	38
84	152	226	242	81	55	34	38
85	151	227	228	76	47	33	39
86	149	229	230	78	66	34	39
83	153	211	239	79	69	35	41
87	122	251	214	68	66	32	46
100	121	246	158	53	68	32	49
95	122	259	158	48	69	28	47
88	127	283	158	48	49	29	47
86	126	273	140	45	47	32	46
84	132	243	195	55	47	31	41
78	132	232	296	90	46	33	37
82	151	231	302	90	52	34	40
82	143	211	300	88	53	32	39
76	129	273	332	99	54	28	35
79	133	259	309	97	60	31	39
78	128	272	219	71	58	30	40
79	104	306	257	93	56	36	43
97	112	296	279	106	59	51	46
112	124	291	352	120	59	116	54
142	117	301	368	130	60	145	60
165	143	310	368	130	61	149	64
163	154	281	366	126	60	149	63
160	184	290	362	121	57	148	63
161	179	257	272	109	56	110	59
140	175	275	277	107	53	71	48
125	161	243	275	107	55	65	44
141	153	281	255	100	57	100	50
137	121	272	247	98	65	106	49
123	121	267	231	86	61	100	48
134	157	236	197	78	60	99	59
120	169	219	186	76	56	99	56
108	189	196	202	73	50	62	50
103	185	199	195	76	38	50	50
104	193	184	191	77	43	57	49
88	196	227	189	78	47	71	41
89	193	243	186	80	47	75	47
106	212	308	134	76	49	79	55
127	212	314	128	71	54	75	68
130	209	318	132	74	57	72	67
125	193	297	136	68	53	69	64
124	199	343	150	73	52	62	61
122	173	256	147	76	51	66	54
115	195	257	148	72	76	117	37
117	225	257	144	67	105	128	37
128	310	258	180	71	107	125	49
130	315	167	176	69	110	126	50
116	305	162	173	63	113	127	50
104	299	139	168	62	97	96	49
103	281	125	166	62	69	130	51
104	234	98	98	50	65	137	42
117	242	112	67	39	62	136	45
122	282	119	52	39	56	131	46
142	274	123	58	39	56	122	49
139	268	123	56	38	78	69	48
125	272	169	61	40	102	51	48
111	251	161	66	40	104	50	42
103	226	155	66	36	104	44	40
69	245	161	63	37	102	43	34
64	262	163	63	35	81	43	31
75	224	112	61	33	47	37	33
71	222	115	102	50	44	38	32
71	211	121	123	58	44	39	34
70	233	133	127	57	51	36	33
72	253	178	129	60	66	30	34
53	264	194	125	59	73	32	29
63	292	234	126	59	71	32	38
79	350	234	118	58	72	33	41
103	353	253	124	65	71	33	46
114	361	242	129	75	52	33	48
169	380	307	184	104	56	51	75
184	431	363	200	119	66	61	86
193	397	429	203	121	67	67	91
200	413	451	204	119	66	70	94
199	422	502	208	112	66	73	96
218	422	480	201	113	71	82	110
210	395	436	171	96	62	75	101
209	450	456	188	102	63	73	101
197	428	449	184	103	62	71	97
214	408	476	194	115	69	73	102
178	383	481	169	94	54	52	75
180	355	483	169	93	55	53	74
165	297	462	147	87	53	49	66
164	280	433	142	87	54	49	65
144	287	352	125	76	47	41	56
116	283	332	110	78	49	40	49
112	260	321	105	78	46	38	47
108	233	234	95	78	43	36	45
109	297	329	110	90	50	38	48
98	280	333	106	88	49	38	42
91	284	341	98	79	46	37	42
76	282	355	95	77	49	35	41
77	269	380	92	72	50	38	41
78	207	370	99	71	47	39	43
81	198	364	106	81	51	43	49
76	183	350	115	86	51	41	46
77	178	334	121	89	51	42	48
86	261	408	184	111	58	42	51
82	256	402	193	116	60	44	49
76	248	386	189	107	54	39	44
75	275	403	307	138	59	42	43
76	295	444	327	158	67	47	45
63	232	360	299	145	60	43	42
57	224	300	287	133	56	39	39
54	221	307	287	134	57	40	37
55	179	288	154	102	51	37	36
49	148	230	110	60	35	26	27
52	143	241	101	55	37	27	29
45	123	236	95	55	36	24	24
56	122	277	95	54	34	25	28
56	114	278	109	60	36	27	32
76	132	278	131	79	42	29	38
77	121	254	134	80	43	30	37
84	125	251	136	81	42	33	37
81	139	242	143	85	43	33	36
80	142	255	145	76	41	31	33
64	107	229	122	58	35	30	26
89	100	233	191	75	34	27	32
118	99	237	206	78	37	27	42
118	88	181	202	71	35	25	40
122	84	138	195	71	33	27	41
129	88	132	191	68	32	26	41
123	89	116	116	47	34	29	48
89	81	109	86	36	28	27	41
86	63	94	75	39	28	27	40
82	56	88	62	38	29	25	39
78	52	74	56	39	29	25	39
59	50	71	58	37	24	23	23
58	50	64	54	37	28	23	25
58	43	59	52	35	28	25	26
56	45	57	47	34	28	24	26
48	43	52	45	32	30	24	28
46	41	49	41	34	31	23	32
53	36	45	38	33	28	21	31
54	42	47	41	34	30	20	31
53	40	41	38	32	31	21	30
46	38	39	41	32	28	22	28
45	44	49	43	28	25	22	24
34	48	51	49	31	27	23	21
36	44	46	46	29	26	24	22
35	46	46	46	30	26	22	23
37	46	45	41	30	27	21	23
38	43	33	38	30	29	23	25
40	40	30	30	28	26	24	24
37	42	31	36	28	25	24	21
39	42	36	38	27	26	25	22
37	39	34	38	28	26	25	22
36	41	37	41	28	27	24	22
36	46	42	41	30	30	24	23
37	44	41	37	29	29	22	25
36	48	47	38	29	27	23	23
36	49	48	38	30	26	25	24
35	45	45	38	32	26	26	22
34	48	48	41	30	30	25	25
36	48	50	39	31	29	25	24
36	46	41	36	31	31	27	25
37	49	43	37	32	31	24	23
38	55	47	35	29	31	22	25
