0	1	2	3	4	5	6	7
74	171	150	125	56	38	24	29
68	166	138	116	58	40	26	31
65	160	145	117	59	41	25	29
62	174	140	100	53	38	25	26
59	162	122	71	49	35	25	26
61	126	104	84	66	40	27	27
77	210	159	95	78	45	31	34
79	210	153	88	78	46	33	34
78	202	151	89	77	45	34	36
90	191	141	85	76	45	35	35
89	201	140	64	58	42	34	37
78	107	70	65	51	38	31	29
82	114	69	65	51	39	33	32
83	121	89	92	54	41	33	29
86	169	102	93	57	45	37	36
96	176	99	93	58	43	37	37
92	183	106	82	49	41	37	38
100	187	108	87	52	39	36	42
108	213	113	69	52	45	39	44
116	211	108	76	56	55	50	48
183	219	153	100	61	59	58	63
198	275	166	106	61	60	60	66
195	286	182	111	59	60	59	64
193	267	175	108	61	56	58	65
184	287	238	165	73	50	49	59
115	269	239	179	82	48	41	45
103	227	238	184	91	56	42	39
98	209	248	192	92	55	42	37
99	242	303	233	109	59	41	43
115	193	300	227	106	54	58	52
124	266	326	220	105	59	67	56
123	280	323	223	101	75	72	60
125	285	342	227	107	92	81	63
145	284	351	240	103	96	82	66
144	316	408	243	97	97	69	66
135	280	407	239	96	99	59	66
124	301	417	241	94	97	54	63
135	310	405	249	96	114	66	67
112	318	377	226	94	119	67	60
124	371	318	230	107	119	69	61
176	362	295	237	104	118	70	87
185	324	278	234	103	112	69	89
179	331	256	229	97	85	46	87
186	315	268	214	86	72	43	93
194	232	235	194	78	73	43	92
149	242	224	180	77	69	42	63
139	251	280	198	81	62	40	61
146	232	334	208	81	53	39	59
164	217	304	194	83	58	42	59
135	198	289	176	77	55	40	50
138	213	290	188	78	57	43	57
143	216	268	189	89	59	44	58
136	210	205	161	94	66	46	56
103	209	212	179	94	68	48	46
102	266	244	187	95	68	49	48
89	237	245	185	92	64	44	40
86	234	236	181	89	60	46	43
79	267	243	185	87	54	42	42
70	271	235	188	90	48	36	40
73	223	221	192	91	49	34	38
84	234	243	189	98	61	39	40
82	225	217	170	93	65	38	46
85	187	210	156	87	64	38	50
86	193	211	136	77	62	38	51
88	178	192	115	74	63	38	52
85	172	138	115	67	55	36	54
84	179	164	116	64	54	33	46
91	198	171	130	75	63	41	47
101	186	174	131	79	66	39	48
95	189	191	127	79	66	41	47
94	184	194	122	81	72	38	44
94	175	192	158	83	72	39	45
97	137	228	154	75	62	30	42
83	131	220	152	73	55	29	40
83	134	225	154	72	53	26	40
83	124	226	173	70	44	26	39
87	117	219	146	72	52	29	40
75	126	167	138	78	57	28	38
74	131	192	150	90	61	31	40
74	128	173	155	90	62	33	41
85	131	176	138	89	61	33	45
75	133	170	128	83	52	31	40
75	131	174	143	83	53	32	37
73	121	148	132	65	50	31	35
74	117	140	127	65	47	34	38
68	101	153	129	60	47	35	32
79	104	166	135	55	47	33	40
82	123	180	128	53	46	37	43
91	203	196	144	74	50	39	45
89	208	198	145	73	49	35	43
83	207	178	128	71	47	35	43
85	208	161	123	72	45	35	41
80	217	159	128	69	41	30	41
72	160	156	126	51	32	26	39
76	146	160	126	54	31	25	36
73	156	185	132	61	35	26	39
57	153	195	141	68	41	31	36
56	149	179	136	73	44	32	33
54	136	162	116	68	46	33	32
55	185	173	114	67	46	34	37
51	182	156	127	72	51	36	33
61	201	153	117	65	47	30	33
60	190	171	113	57	43	29	33
62	185	173	115	63	47	36	39
60	143	171	143	73	50	39	39
63	139	173	134	71	48	38	41
62	124	176	149	80	54	41	42
63	134	160	151	85	57	44	42
59	145	159	148	81	55	39	36
59	136	151	119	71	53	35	36
62	138	148	113	68	51	35	36
55	131	136	115	72	53	35	35
63	116	130	117	71	53	34	38
67	105	149	124	76	53	34	39
67	127	169	134	80	52	33	35
63	127	164	135	78	49	33	37
61	125	179	123	66	42	30	35
55	137	206	131	66	43	29	33
54	139	190	121	60	42	30	35
52	125	173	114	57	42	30	33
59	122	170	106	56	41	29	31
61	125	161	101	55	39	30	33
59	109	124	88	58	40	29	31
56	101	126	95	63	44	29	30
53	95	113	93	61	46	30	31
47	100	133	97	62	49	30	31
46	107	132	102	67	52	30	30
52	126	133	93	59	47	31	33
62	127	129	89	54	43	30	34
64	128	138	88	57	41	28	33
67	128	132	106	59	39	28	32
66	127	119	96	58	38	28	33
60	98	127	115	71	45	27	31
51	100	134	117	79	45	27	29
60	113	143	139	79	44	29	35
58	112	138	127	84	44	29	35
55	110	148	143	84	44	27	33
60	111	147	133	74	39	28	36
58	109	177	158	73	41	30	35
50	99	177	150	73	41	31	31
52	119	198	164	68	46	33	32
53	107	192	151	67	46	33	37
50	107	185	150	67	45	30	34
52	110	165	136	64	45	30	35
51	113	178	128	62	48	29	34
47	103	152	124	60	45	28	35
50	105	171	139	62	42	27	30
46	128	195	144	65	41	28	31
42	129	204	131	59	38	26	30
43	125	176	125	62	36	25	31
44	120	181	117	66	41	26	28
35	118	163	100	64	40	27	25
40	100	148	93	64	40	27	27
46	107	141	92	64	41	28	27
44	107	142	95	64	42	29	29
50	109	142	98	58	36	28	32
50	119	138	92	54	36	29	32
50	119	138	92	54	36	29	32
