0	1	2	3	4	5	6	7
29	32	32	23	23	22	23	22
27	30	31	21	23	24	23	21
30	33	33	22	22	23	23	22
30	35	35	24	22	23	22	21
27	31	33	24	22	24	23	22
26	32	31	25	21	23	21	21
28	30	30	25	22	20	21	22
25	28	27	26	23	22	21	22
28	32	31	25	25	24	22	23
29	32	30	24	26	25	23	22
30	33	31	22	26	22	23	24
32	41	33	25	28	24	23	23
32	43	36	24	27	24	23	22
31	41	31	23	27	24	24	22
32	45	31	25	24	21	25	21
29	44	33	25	24	24	24	20
25	39	30	24	20	24	24	21
24	36	29	23	21	24	24	21
22	34	28	24	21	22	23	21
25	33	28	25	23	25	23	23
25	32	28	25	23	25	24	23
26	28	29	24	24	25	23	22
28	30	28	24	23	24	22	23
28	33	31	24	23	25	24	23
27	31	31	21	22	25	24	20
27	30	28	24	24	24	25	21
29	36	33	26	25	26	25	21
27	36	33	26	26	27	24	22
28	36	32	27	25	25	23	22
27	36	32	27	27	28	22	24
26	37	33	26	25	28	19	23
25	35	29	24	26	27	21	23
24	35	28	24	25	26	22	23
27	35	28	25	26	27	21	25
28	34	30	25	26	25	20	23
29	36	30	25	25	23	23	24
30	39	31	25	25	24	22	25
31	39	32	25	23	25	22	26
27	37	31	23	22	23	22	25
28	37	29	23	24	22	25	26
27	35	27	22	24	25	24	25
23	28	25	21	23	23	25	24
28	32	27	24	24	23	24	23
28	36	29	27	25	24	27	22
24	36	30	26	23	25	25	21
30	40	35	29	24	24	25	20
31	39	35	27	24	26	23	21
27	37	32	28	25	24	24	20
30	33	33	27	23	24	20	21
30	34	32	29	24	25	21	22
26	30	29	28	23	22	21	24
37	46	32	30	23	24	22	24
36	44	33	29	21	23	21	24
34	45	31	27	20	23	23	23
36	46	32	25	22	22	22	22
37	47	34	25	22	23	20	21
26	34	34	25	24	21	19	22
26	36	36	24	24	23	20	22
27	36	35	26	26	24	20	22
27	34	34	27	24	23	21	22
27	36	29	27	25	21	24	22
27	37	30	27	23	21	24	20
28	35	27	27	23	20	24	21
28	34	26	25	23	20	22	20
26	39	28	24	24	24	22	20
24	38	29	23	24	24	22	19
25	35	26	23	25	25	22	19
23	35	29	23	25	24	22	19
25	36	30	23	26	24	23	23
26	30	29	24	24	20	25	24
27	28	28	24	24	21	23	28
26	31	31	25	25	21	23	28
26	30	28	24	25	20	24	28
25	32	30	26	26	21	23	26
25	32	31	26	26	21	22	25
23	31	31	25	25	20	23	21
23	30	28	22	22	20	22	21
25	31	29	24	24	21	20	21
28	30	28	24	22	23	19	21
27	30	25	23	24	23	20	20
29	29	25	25	24	22	18	19
29	31	25	25	25	25	18	20
27	30	29	24	26	28	21	22
27	36	30	24	28	27	22	22
26	36	32	24	29	27	21	22
29	37	34	22	28	27	24	22
28	34	33	24	28	25	23	23
28	36	30	23	28	23	21	21
29	38	37	26	28	20	23	21
29	38	37	29	25	21	23	21
25	36	35	29	25	21	21	24
30	43	38	28	26	22	24	23
29	41	37	29	26	21	26	23
27	34	30	24	23	22	23	23
30	34	31	23	23	22	25	23
30	38	31	23	23	23	25	20
27	29	28	24	22	22	25	21
27	32	29	25	21	22	22	21
24	35	29	26	23	23	23	22
22	37	29	26	24	21	22	22
24	34	30	27	24	24	22	22
24	38	30	26	23	23	21	23
27	38	33	25	23	23	23	24
28	36	35	25	23	25	22	23
29	34	33	23	23	25	21	22
27	34	32	22	23	26	20	24
26	30	31	23	22	26	22	23
25	27	27	25	23	24	21	22
24	28	26	25	22	23	22	21
23	31	29	29	24	23	22	23
26	32	29	29	25	23	22	22
26	33	31	30	27	23	20	22
26	34	32	30	24	26	22	23
26	32	31	28	24	25	21	24
26	30	27	25	21	27	21	23
26	29	27	25	22	24	21	23
28	34	29	21	20	24	21	22
27	34	30	21	21	23	21	22
29	39	31	26	21	23	21	22
29	39	32	25	19	24	24	24
27	41	35	28	21	23	23	23
27	39	32	30	23	24	25	24
27	40	31	32	24	25	23	24
24	35	30	28	25	25	26	25
25	37	28	29	27	24	23	22
26	35	26	27	26	26	23	25
25	33	26	25	24	26	22	24
27	32	27	22	25	26	22	24
28	33	29	22	24	26	19	22
28	30	31	22	21	25	20	24
28	28	30	23	20	22	22	22
27	29	28	23	23	23	21	22
26	29	29	24	22	21	21	22
29	33	28	25	21	21	22	25
29	36	26	25	22	21	22	23
28	35	27	24	25	23	21	22
29	36	29	24	24	20	22	23
28	34	27	25	26	20	21	23
24	30	27	24	27	22	19	21
25	31	28	26	27	22	20	23
28	34	27	27	28	22	19	22
28	32	29	28	27	23	20	20
29	33	29	26	26	24	21	21
30	34	28	27	26	23	24	21
30	31	30	26	26	26	22	20
28	30	31	24	24	25	24	21
27	29	29	23	24	25	23	23
26	28	30	25	23	26	23	23
26	29	32	25	23	26	22	22
23	29	30	24	22	22	22	22
25	32	30	25	23	24	21	23
25	31	31	26	22	25	21	23
25	35	29	25	23	22	20	23
26	35	30	24	22	23	20	22
28	34	29	24	21	23	20	23
30	31	30	24	22	22	20	22
29	32	30	23	22	24	24	19
30	30	30	23	21	24	25	20
30	30	27	23	23	22	24	20
29	30	28	22	23	25	24	20
28	33	27	25	20	24	25	19
28	31	28	26	23	24	23	20
28	31	27	26	24	24	22	19
29	32	29	27	25	26	24	21
30	34	30	27	25	23	23	20
28	32	33	26	26	25	24	21
30	35	32	24	26	22	22	23
29	33	34	23	25	23	23	22
26	33	32	22	24	21	21	23
24	31	32	22	26	24	22	23
26	29	29	21	27	22	19	23
26	27	30	23	26	24	21	22
27	27	28	24	27	22	20	23
28	25	28	25	27	24	22	21
27	27	27	24	26	22	22	20
27	26	27	23	23	24	24	20
25	29	30	22	23	23	24	21
23	30	31	22	21	25	23	22
24	30	32	22	23	24	22	22
24	30	32	23	22	24	23	24
22	32	35	26	26	23	22	24
25	35	33	27	25	24	22	24
26	35	32	26	26	24	23	24
26	34	33	25	25	24	24	24
29	35	31	26	26	26	23	23
29	35	32	26	24	25	24	21
26	32	29	25	23	25	26	22
25	31	29	26	23	23	24	21
25	34	30	27	22	23	23	23
23	34	33	27	23	22	24	25
23	33	28	25	22	22	24	26
27	33	35	27	24	22	22	25
27	35	36	28	23	23	23	25
27	37	34	27	23	23	23	23
27	37	32	25	21	22	24	22
26	37	34	26	23	22	23	22
23	36	28	23	21	20	21	22
24	35	29	23	26	21	23	25
23	31	30	23	26	20	22	25
26	32	33	24	27	21	23	25
25	34	31	23	27	22	23	26
25	34	33	25	28	22	24	25
24	32	31	25	25	21	22	20
26	36	32	24	26	24	23	20
25	34	29	23	24	23	21	20
26	32	31	25	25	25	20	18
27	32	31	23	24	24	21	21
28	33	31	24	25	25	20	21
27	27	31	26	25	24	19	21
28	29	31	26	26	24	19	21
31	30	30	24	26	22	19	20
29	31	29	27	26	24	19	18
31	30	30	25	26	23	21	19
30	32	28	25	24	22	21	20
28	33	27	26	25	22	22	19
25	36	29	28	25	23	22	21
26	35	31	27	24	21	21	22
26	37	29	27	24	22	21	21
26	38	31	26	24	23	22	20
27	35	32	24	23	25	20	21
30	34	31	24	23	23	21	20
31	34	29	22	22	25	23	20
31	32	29	22	22	24	21	20
31	31	29	22	23	25	21	20
29	32	30	24	24	23	22	20
27	30	28	22	23	23	22	20
26	30	27	22	25	22	21	19
24	29	29	24	24	22	21	20
26	30	27	24	22	23	22	21
28	30	25	22	23	24	22	22
26	31	31	22	23	24	21	21
27	32	32	23	23	27	21	21
32	36	31	22	24	26	21	20
29	36	32	23	25	24	19	20
30	38	34	24	24	25	19	19
31	36	32	24	26	28	21	20
31	38	32	24	26	26	21	19
29	34	32	24	24	28	21	20
31	34	31	24	26	28	22	22
29	33	29	23	25	28	20	23
30	34	28	23	23	27	19	22
31	32	26	23	23	26	20	24
30	33	27	22	25	25	21	24
32	34	29	25	24	26	23	26
30	33	30	24	24	25	24	25
27	32	30	25	24	24	25	24
32	39	33	27	24	24	24	25
31	38	36	28	22	24	23	26
31	37	34	26	23	23	22	22
32	38	34	26	23	23	23	22
36	40	33	26	23	24	21	25
28	33	31	25	22	21	22	23
29	34	27	23	22	24	22	22
25	32	25	23	21	24	23	22
27	31	26	24	22	25	22	21
25	28	25	21	21	25	23	21
28	33	28	22	24	25	23	21
30	34	30	23	24	23	21	21
32	39	33	24	23	24	22	21
31	38	32	25	23	24	22	22
30	39	33	25	25	24	22	20
29	37	31	24	23	23	22	20
27	35	34	24	24	23	22	20
25	33	31	21	25	23	20	21
28	35	37	23	24	24	21	20
27	32	34	25	24	23	23	20
27	34	36	26	24	25	24	20
26	35	35	24	24	24	24	21
26	33	35	26	24	22	23	21
25	34	30	26	24	22	22	21
31	38	32	26	24	23	21	21
30	35	29	26	23	23	22	20
31	36	27	28	24	24	22	20
31	37	28	28	24	25	23	20
29	36	27	26	24	27	22	20
26	35	27	24	22	26	21	21
25	36	28	25	24	28	20	22
23	35	28	24	23	27	19	21
26	35	29	24	23	27	22	21
26	34	29	25	23	23	21	22
25	32	26	24	25	24	21	21
27	32	26	24	24	20	20	23
27	32	28	22	21	23	20	24
22	29	29	21	21	22	18	24
26	34	28	21	21	23	19	23
26	34	30	24	17	26	21	23
24	34	30	25	20	24	21	21
24	34	31	27	19	23	23	20
24	35	27	28	21	24	23	19
20	32	29	29	21	24	23	19
25	32	28	27	21	21	23	20
28	33	30	28	21	23	23	20
29	33	27	26	22	24	22	20
31	34	29	26	20	23	21	22
31	34	29	29	23	23	22	22
29	34	30	30	24	24	22	21
26	31	26	28	24	23	22	21
25	31	26	28	24	22	21	22
25	30	26	27	25	21	21	22
26	29	24	23	25	21	21	22
24	28	22	23	25	21	23	22
27	30	27	27	24	22	22	21
27	31	31	26	26	23	23	22
25	30	29	25	25	23	24	20
28	31	29	25	24	23	24	21
32	32	30	25	24	23	21	23
31	30	28	22	24	24	21	24
30	30	26	23	22	23	21	24
31	33	27	25	24	24	18	24
28	32	27	25	25	24	23	23
25	31	28	25	24	22	22	20
27	32	26	25	25	22	22	21
29	34	26	25	26	22	22	22
27	32	25	22	26	24	23	20
27	33	25	23	24	24	19	22
28	32	24	22	24	24	19	23
26	31	23	23	24	24	21	21
23	29	22	22	24	24	21	20
27	30	23	24	24	23	21	20
27	30	26	22	24	24	19	19
27	30	24	22	25	23	20	20
30	34	27	22	24	23	19	20
31	33	28	22	25	23	20	21
31	34	27	20	22	22	22	23
30	35	27	23	24	22	22	22
27	34	29	24	23	22	22	23
26	30	29	22	24	22	22	25
27	33	30	25	22	22	25	25
26	32	32	24	23	21	24	25
26	30	30	22	22	23	23	24
27	32	30	24	25	25	24	25
28	33	29	23	26	24	25	22
29	33	29	23	26	25	20	22
30	33	28	24	26	25	20	22
31	36	31	25	26	23	23	23
32	38	32	26	24	23	23	24
33	39	34	27	24	24	22	25
31	39	33	26	25	24	23	25
30	39	35	26	24	24	23	25
30	37	35	26	24	26	22	25
32	36	33	26	25	25	20	23
33	35	31	25	23	24	19	23
34	32	32	25	23	24	22	22
34	36	33	25	26	22	21	22
34	34	32	24	26	22	20	21
31	33	32	23	24	24	22	20
28	31	31	24	26	24	22	18
27	31	31	24	25	25	19	19
30	29	30	24	23	26	19	18
29	31	29	25	23	26	19	18
30	31	28	25	24	24	21	19
30	33	27	24	23	24	22	21
27	34	27	25	24	23	22	21
24	33	25	23	23	22	24	21
26	33	27	24	23	21	24	23
28	33	29	25	23	22	23	23
29	31	29	24	22	21	23	21
31	31	29	25	23	21	23	23
31	32	29	25	24	24	22	24
29	32	27	25	26	23	21	24
30	33	28	26	25	23	21	25
31	34	28	26	25	24	21	24
29	31	29	26	25	26	23	24
29	31	30	26	24	24	21	23
29	32	31	28	24	25	21	23
26	32	32	26	22	25	21	23
26	32	32	25	24	26	19	25
28	32	31	25	23	24	18	24
27	33	31	24	25	26	20	24
28	37	33	26	25	26	21	23
28	37	32	26	26	27	20	22
27	37	33	27	26	25	22	21
25	39	37	27	27	25	24	23
26	37	37	27	26	22	23	22
23	33	34	23	28	23	22	22
23	31	34	23	27	23	24	22
23	31	35	23	27	24	21	22
23	30	32	23	26	24	19	22
23	29	31	25	37	25	20	22
25	29	30	27	45	24	20	23
26	31	31	27	44	25	18	25
27	32	27	28	50	26	19	24
27	32	28	35	54	27	18	21
32	36	28	33	48	27	18	23
31	34	28	32	40	27	19	22
31	35	27	32	41	25	20	23
32	34	28	32	34	25	21	23
32	33	27	25	28	22	23	24
29	31	28	25	27	23	23	23
29	32	29	26	27	22	25	23
28	30	28	24	25	23	25	22
28	33	29	25	23	21	24	22
26	32	30	22	23	22	24	24
26	33	28	24	20	21	24	25
28	34	30	26	20	22	24	25
29	33	30	26	22	20	23	23
28	32	31	27	23	20	22	25
30	36	31	30	24	20	22	22
30	38	33	30	25	20	22	23
28	37	31	30	24	20	20	22
33	46	37	30	24	21	21	22
32	46	35	30	24	22	21	21
32	45	34	29	22	23	22	22
32	43	31	29	22	24	23	21
31	45	31	27	22	24	23	21
26	37	30	26	22	25	24	24
27	35	28	25	21	24	25	24
27	33	28	24	22	23	23	27
28	32	31	23	23	24	23	27
29	31	33	24	23	25	22	27
29	30	30	24	24	24	22	25
29	33	30	24	23	26	21	26
29	32	32	27	23	27	23	24
30	34	32	26	24	25	22	21
30	35	30	27	27	26	22	21
30	35	30	27	25	25	22	21
28	32	32	27	26	24	22	20
29	31	31	25	25	23	22	21
27	30	29	26	24	20	24	22
27	30	29	26	21	23	23	23
27	29	30	24	21	25	21	20
29	31	27	24	21	25	22	21
30	32	26	22	22	24	20	20
30	33	27	23	23	29	21	20
29	31	30	22	23	25	22	20
28	31	31	22	24	25	23	22
