0	1	2	3	4	5	6	7
115	218	292	157	77	44	27	42
113	187	340	186	81	44	30	43
124	172	333	177	78	44	31	47
126	178	348	198	75	40	33	51
96	168	337	204	75	38	33	49
104	155	380	230	74	35	32	53
99	153	315	250	75	33	30	51
101	175	315	251	80	42	31	53
116	172	303	236	81	49	37	52
107	183	354	256	93	49	37	52
96	166	312	232	90	49	37	46
106	198	275	179	89	55	40	46
114	181	283	189	89	50	39	48
102	180	290	196	88	46	32	43
111	170	217	167	75	45	34	46
110	167	209	170	74	48	35	45
103	154	204	160	65	42	34	50
76	169	195	145	63	41	34	43
70	180	192	131	62	40	33	42
51	186	198	126	62	42	30	36
64	192	198	126	59	37	29	37
62	184	203	117	59	36	31	35
76	171	235	198	70	38	32	39
79	162	241	213	74	42	35	40
84	157	248	216	74	39	36	40
74	146	234	225	77	39	36	38
81	152	254	232	84	45	33	37
73	155	224	171	72	44	33	34
71	152	222	230	84	47	31	33
70	143	216	231	94	50	31	36
74	166	221	227	92	50	30	37
63	142	182	223	87	45	28	31
59	134	186	227	88	43	23	34
60	125	174	166	74	37	21	33
57	117	188	170	61	32	16	30
61	117	193	167	62	36	18	30
61	122	199	175	65	36	20	29
66	127	183	165	66	36	21	29
71	126	211	154	66	35	21	34
69	130	218	150	64	35	23	32
76	98	206	183	80	36	27	38
77	87	216	190	83	37	29	40
75	82	249	194	81	36	30	37
68	87	231	191	81	39	33	35
69	80	214	181	82	39	32	37
56	83	209	144	68	41	30	31
61	83	195	119	58	37	28	31
57	82	161	119	55	37	25	30
61	80	136	110	58	38	24	31
64	89	168	119	62	38	26	30
66	83	168	115	59	33	28	28
62	88	184	122	66	36	28	30
67	103	178	129	72	38	32	31
66	123	230	134	71	36	32	30
64	125	209	140	67	35	30	31
60	132	215	151	69	36	29	32
67	135	201	143	66	38	29	31
67	134	217	140	65	37	26	29
67	116	174	167	62	38	29	27
86	122	180	175	79	44	32	43
97	124	176	168	79	43	36	43
89	129	199	192	79	40	36	46
88	133	198	189	77	40	38	49
86	146	196	168	76	38	37	50
65	138	181	163	63	31	33	35
58	131	175	177	67	31	30	33
