0	1	2	3	4	5	6	7
127	181	210	142	72	47	30	43
148	170	198	136	72	51	31	55
138	188	205	127	69	52	32	51
132	189	206	132	74	56	34	53
135	184	188	126	71	59	35	53
129	203	182	126	68	53	32	49
101	185	179	128	67	52	34	40
96	177	190	142	70	52	33	39
82	185	195	142	61	48	32	36
75	176	200	137	64	47	32	41
62	144	185	140	75	51	34	41
59	153	185	136	70	49	30	38
86	165	157	125	71	49	31	42
97	159	137	123	75	57	31	42
101	178	142	125	75	60	31	37
109	184	204	128	61	57	29	42
106	178	203	132	65	57	26	40
89	158	209	135	72	69	25	35
79	140	205	141	79	68	26	36
80	131	211	131	79	68	25	35
71	122	179	131	78	76	28	29
73	131	210	130	78	75	28	30
65	138	225	133	75	67	26	27
65	146	252	141	71	68	27	23
63	148	249	169	76	64	27	25
73	148	229	160	80	56	30	31
76	154	218	158	80	61	35	35
90	150	205	154	75	59	36	38
89	153	204	147	73	56	36	38
88	155	226	125	63	57	38	38
80	152	236	122	60	57	32	33
81	169	229	123	62	60	32	31
72	166	218	131	64	54	32	28
77	166	201	128	60	50	31	30
70	158	186	121	68	54	30	29
73	159	208	139	70	53	30	33
72	138	215	149	63	45	25	31
66	146	225	138	58	45	27	32
63	156	269	190	70	45	27	33
79	150	273	190	61	39	28	36
78	190	257	190	58	36	29	35
73	195	253	184	62	43	29	33
76	200	267	196	73	50	27	35
74	193	219	145	62	53	26	33
57	207	214	144	66	53	26	33
63	187	265	170	71	55	28	36
68	178	278	182	76	64	32	40
63	167	260	173	70	61	35	39
64	206	274	185	72	60	34	38
76	210	268	186	74	63	37	38
67	201	228	151	66	63	34	31
73	244	207	140	68	58	35	31
73	250	201	140	63	54	33	31
76	219	182	117	60	55	34	35
65	207	175	105	58	59	31	33
70	232	176	124	61	59	34	35
56	179	168	117	53	49	28	31
73	178	178	112	56	55	28	32
71	191	201	114	55	53	29	29
76	184	215	132	60	49	28	28
74	143	198	111	60	47	26	31
79	154	198	108	59	48	29	32
77	141	191	127	58	44	29	32
78	126	168	138	65	50	32	38
77	179	166	136	72	49	35	39
78	186	199	155	73	48	35	40
78	185	196	157	73	60	36	40
66	186	206	141	73	63	37	39
76	196	202	131	68	63	37	40
77	160	269	129	54	62	33	42
74	150	253	110	55	65	34	43
83	153	253	127	63	53	31	47
83	164	249	135	68	49	33	47
73	190	294	143	68	43	29	42
71	195	223	136	71	45	32	44
70	195	214	138	70	47	35	39
56	186	224	122	64	50	34	32
56	180	218	116	60	52	33	32
51	127	152	108	62	53	33	30
53	109	155	108	59	57	32	25
56	118	149	105	59	51	29	24
60	119	180	123	63	48	29	25
68	119	215	137	66	47	30	25
73	128	254	144	64	50	31	25
73	125	263	139	61	46	32	25
79	177	270	146	60	47	33	29
76	178	239	129	51	46	31	28
75	199	210	122	48	46	31	29
79	194	161	119	47	39	31	34
79	202	153	126	52	39	31	35
89	170	166	116	55	53	36	38
92	178	198	121	61	57	36	39
89	169	235	138	64	57	35	38
80	187	234	138	66	59	35	34
85	185	228	143	65	58	35	35
74	176	222	151	63	43	30	30
72	168	235	146	55	40	31	30
73	172	210	136	68	44	33	31
83	159	216	128	70	45	31	34
80	156	235	126	70	46	32	37
70	154	230	122	71	48	32	42
77	177	229	128	75	48	31	45
77	181	231	127	63	45	33	47
67	179	223	125	59	41	33	44
62	178	203	117	65	50	35	40
