0	1	2	3	4	5	6	7
93	123	182	97	47	30	24	38
95	133	171	114	43	29	23	40
72	147	191	117	44	32	23	30
70	156	193	115	42	31	21	31
87	164	195	117	40	32	23	35
85	176	219	129	43	31	21	34
84	162	233	98	44	32	22	34
88	152	223	95	43	30	21	34
82	142	230	118	54	32	22	35
73	127	224	118	57	31	22	32
72	97	188	106	60	34	24	32
76	94	157	123	60	35	24	32
71	105	185	132	62	37	25	31
67	116	169	119	56	36	25	29
54	113	171	126	58	36	23	26
49	109	165	133	56	35	25	26
43	105	150	112	52	30	24	23
45	118	113	103	55	33	28	25
47	116	115	106	59	31	31	26
50	129	126	103	56	32	31	28
64	130	127	95	52	29	28	29
63	130	132	94	55	33	29	29
60	102	134	99	60	30	26	27
62	110	170	99	60	33	26	28
61	104	182	98	60	33	28	27
53	107	182	95	60	33	29	25
60	111	180	94	59	32	30	29
60	126	174	87	46	30	29	29
57	126	182	83	37	28	28	27
65	119	164	76	36	32	26	28
66	114	163	76	37	31	26	30
65	110	159	74	40	41	29	30
72	88	146	65	39	59	32	31
70	65	92	136	55	63	33	30
68	76	144	167	59	64	34	31
81	85	148	172	59	65	33	32
83	85	148	174	56	60	30	30
80	81	155	175	58	47	31	30
84	82	171	153	62	41	33	34
79	75	144	135	62	40	44	34
71	88	153	136	68	44	103	33
70	146	153	133	67	45	113	38
77	198	159	133	69	44	113	43
79	211	155	105	56	44	117	42
81	233	175	117	52	42	116	42
76	244	197	127	54	39	117	50
112	265	241	164	67	46	110	59
142	245	242	167	68	43	109	73
144	272	248	196	75	45	106	75
146	277	239	183	77	55	105	75
153	281	244	186	89	57	51	72
133	262	243	179	87	57	44	65
101	267	246	207	89	60	45	54
122	251	297	320	128	68	44	57
142	284	368	357	140	67	79	69
143	276	384	358	132	86	80	74
140	257	376	384	147	120	82	73
151	260	376	386	151	119	84	75
132	284	391	290	122	116	82	71
112	266	326	246	116	117	47	59
104	307	348	277	119	106	47	51
114	323	355	237	95	63	85	54
97	314	354	243	91	64	94	44
106	405	373	261	97	64	123	52
107	480	497	316	102	55	126	53
108	457	458	292	106	66	138	55
103	451	471	283	107	78	125	58
99	473	484	265	105	85	121	56
89	393	437	257	103	86	92	48
103	276	287	193	87	86	89	51
141	265	299	193	86	81	88	60
142	261	252	199	88	66	93	51
146	231	230	216	85	56	88	54
158	192	203	201	78	54	90	59
148	195	197	185	78	55	98	55
120	190	176	171	78	55	88	49
150	188	204	191	87	58	73	55
151	217	221	177	96	62	75	54
138	227	215	190	96	61	76	49
141	208	203	220	105	65	80	52
135	265	240	229	101	62	89	52
93	267	212	211	92	61	87	53
88	231	184	192	95	70	84	52
89	220	181	170	103	217	83	52
91	224	183	131	96	259	82	50
86	161	152	127	97	262	97	47
84	168	158	120	102	268	99	44
105	157	161	123	95	270	99	53
114	155	162	124	92	178	101	54
106	156	174	130	91	106	90	54
109	215	167	110	92	98	54	51
107	208	174	150	93	81	46	50
86	216	182	166	91	69	46	39
79	211	195	170	80	76	33	35
87	209	213	180	84	78	31	41
83	138	200	185	85	73	29	37
85	140	214	160	79	67	29	33
93	143	203	149	79	68	28	38
82	239	218	158	79	56	30	38
73	240	236	147	75	51	29	34
83	245	277	152	69	52	28	39
88	247	270	184	79	59	31	39
84	239	282	219	91	61	32	36
88	139	282	221	90	54	30	36
87	142	248	219	88	57	30	34
83	134	209	216	91	59	33	35
74	128	202	184	82	53	31	33
75	133	193	143	61	45	30	34
75	131	155	122	64	49	30	34
77	117	177	158	78	47	32	37
74	115	203	168	75	49	30	33
84	102	193	163	70	48	28	36
79	115	195	157	70	55	29	38
76	118	209	174	67	50	28	38
75	134	216	152	55	49	26	35
73	142	216	137	55	45	27	37
75	154	231	147	58	47	31	38
69	152	228	144	58	38	32	34
79	160	230	133	57	41	32	36
80	146	208	123	55	46	35	37
78	142	177	127	55	44	33	38
69	125	152	171	72	42	32	36
71	106	147	175	75	45	32	35
69	100	143	168	77	48	36	37
67	104	139	168	75	43	32	35
70	111	133	164	72	43	32	35
67	113	159	119	61	45	31	36
63	118	179	109	57	42	31	37
52	115	188	106	58	38	26	33
67	139	184	102	60	41	27	34
63	129	192	115	67	40	27	32
65	133	185	115	68	42	28	34
70	130	228	135	75	40	26	33
72	162	234	139	76	47	31	35
62	137	237	140	74	46	30	34
59	136	229	132	70	47	32	37
69	139	226	122	69	47	31	36
65	138	192	129	63	49	33	35
67	103	177	129	64	45	29	34
64	100	176	129	65	44	29	34
65	103	187	126	61	44	26	30
54	89	189	135	56	41	28	27
53	93	166	112	61	45	27	27
51	81	157	107	58	42	26	28
49	87	172	133	60	50	29	29
49	90	188	132	58	48	29	28
