0	1	2	3	4	5	6	7
132	228	324	322	113	182	79	71
162	252	325	254	97	188	59	83
162	252	314	248	97	215	56	80
147	245	329	242	93	181	56	77
165	248	266	200	95	180	56	84
191	227	228	181	77	181	51	90
163	204	250	177	79	176	47	70
159	219	255	181	82	127	38	66
163	198	235	216	96	115	43	69
139	187	258	224	98	111	46	62
95	178	265	236	101	106	51	50
110	253	286	288	112	105	62	47
108	249	281	301	111	78	62	49
110	247	275	285	103	61	59	45
113	277	282	278	95	63	57	43
126	273	272	268	98	59	52	44
117	213	264	231	92	57	37	48
140	245	295	209	88	58	36	53
139	252	286	185	81	57	51	59
184	220	275	169	83	51	53	65
177	228	303	190	90	51	55	64
175	225	280	158	77	56	61	65
166	177	266	178	72	55	61	66
165	196	348	230	78	52	50	63
125	222	349	262	78	55	50	58
137	220	328	251	67	54	65	57
144	218	348	270	69	43	61	55
140	289	371	266	76	44	62	48
153	301	328	237	72	51	65	55
149	304	326	219	76	50	67	59
147	328	326	205	74	50	64	63
154	362	352	274	87	56	67	64
156	317	327	305	106	57	66	71
149	314	354	300	107	54	63	74
145	307	344	302	108	52	61	72
139	286	359	299	107	62	48	71
154	257	362	261	104	69	44	82
151	332	373	225	96	71	47	76
133	305	360	290	111	73	43	65
125	295	370	304	116	91	45	63
130	314	361	314	119	90	48	72
99	312	303	299	121	87	46	61
106	256	291	310	116	87	46	65
112	295	251	248	103	88	49	68
129	306	235	247	105	77	48	75
124	291	229	265	110	70	40	64
117	303	248	246	103	68	43	62
114	286	223	238	109	67	41	59
120	264	209	243	110	69	37	57
111	279	254	218	107	66	37	52
104	268	270	193	110	67	39	56
108	249	274	203	108	72	44	57
113	242	277	191	98	74	53	58
108	242	281	188	94	68	52	56
109	234	248	190	84	62	51	54
109	230	214	176	64	62	50	51
119	238	199	160	61	54	42	52
124	285	239	173	64	51	28	50
127	288	256	184	68	62	33	51
120	269	243	166	64	71	32	53
125	277	249	169	67	70	32	62
128	350	254	171	70	71	33	62
115	337	231	162	62	69	35	61
108	320	203	151	55	58	33	60
108	314	211	165	60	55	36	56
108	315	203	201	71	57	41	52
88	208	188	201	77	56	43	45
79	170	182	199	81	60	44	44
82	254	212	202	83	64	44	46
82	253	223	197	81	76	41	47
72	246	228	162	75	78	41	39
79	253	257	175	74	75	37	40
78	247	249	170	68	74	35	39
73	156	241	175	73	82	35	36
70	153	233	167	72	71	37	36
74	173	238	194	72	92	35	35
68	170	215	185	70	99	41	38
72	188	243	185	75	99	41	40
67	220	233	176	65	88	38	38
69	221	233	189	69	85	39	42
66	210	250	181	67	63	36	42
58	206	238	173	62	70	30	40
85	328	255	186	62	66	31	49
90	322	254	176	62	69	32	49
102	336	265	164	64	73	39	51
101	362	246	140	62	86	43	49
107	368	249	146	64	73	42	50
86	260	206	118	60	73	41	40
92	246	207	121	61	70	42	41
84	262	236	173	58	64	36	39
80	232	238	171	56	45	33	37
77	222	251	168	57	45	37	35
84	228	242	180	62	47	36	33
76	229	241	190	67	47	37	33
79	232	219	159	71	48	35	35
