0	1	2	3	4	5	6	7
110	251	220	243	89	57	46	41
111	234	215	254	93	61	45	47
110	211	229	266	90	51	34	50
89	220	239	246	78	54	34	48
82	236	251	242	78	55	34	51
105	231	244	223	77	70	40	55
132	207	230	229	85	75	40	55
166	236	250	225	92	76	40	59
166	243	257	251	99	78	41	58
170	236	294	282	101	81	45	56
159	252	289	285	103	69	41	58
134	257	323	281	100	62	41	55
100	233	297	267	98	60	38	46
96	205	260	216	91	60	38	49
86	181	205	164	90	55	32	48
82	159	209	177	89	55	29	41
80	150	195	168	84	49	29	39
63	161	192	164	78	58	35	38
60	172	202	157	71	57	36	39
70	189	214	170	70	59	35	40
96	185	225	156	72	60	37	41
106	170	215	174	75	63	38	45
104	138	218	175	79	53	34	42
108	148	220	197	84	52	34	37
105	128	204	176	81	56	34	35
91	128	193	177	83	59	32	33
84	152	171	170	88	57	32	30
94	177	167	180	86	56	28	30
89	173	182	169	79	53	29	29
89	186	175	176	79	50	31	33
90	195	184	167	74	48	35	38
86	173	171	147	66	46	32	38
77	153	183	124	57	44	34	41
77	142	199	122	63	42	32	42
77	125	223	122	61	38	29	42
80	137	253	144	69	43	33	41
82	155	276	158	71	46	34	39
81	156	273	163	73	50	35	38
83	161	274	170	70	50	37	39
86	177	262	178	69	50	38	39
83	160	243	194	79	46	33	40
83	151	241	208	79	46	32	41
79	156	229	212	80	42	29	39
76	155	197	216	84	43	28	41
66	138	190	211	87	47	31	36
60	140	191	188	71	45	32	33
56	154	197	177	69	42	33	31
65	152	225	182	70	46	34	32
79	146	230	177	68	51	38	36
81	157	236	175	64	51	36	37
88	153	227	171	65	53	37	39
108	127	200	151	62	54	38	51
131	175	211	164	69	52	38	59
123	182	219	163	65	47	32	54
128	187	211	165	67	42	32	56
122	183	214	171	64	36	29	54
108	185	210	174	65	40	28	43
81	156	227	162	57	38	26	33
97	158	204	155	59	40	28	39
88	139	219	145	59	43	25	36
88	153	201	189	73	45	28	40
101	161	209	193	75	42	25	46
101	140	195	184	77	46	30	45
89	146	207	182	77	45	29	42
86	148	194	189	75	41	30	41
93	147	217	180	84	54	38	43
74	136	234	190	84	53	38	38
76	138	210	187	82	52	40	37
80	119	198	181	79	52	42	39
82	121	193	178	82	53	43	39
73	104	197	163	68	39	62	33
77	134	208	157	65	40	64	33
64	136	205	157	64	38	61	30
72	133	272	181	66	39	60	31
75	130	296	190	62	39	60	34
77	132	301	179	55	41	34	34
74	127	280	165	57	39	30	32
75	133	294	169	57	38	29	36
72	133	242	164	64	37	27	34
78	136	217	154	66	33	27	33
78	138	190	142	65	31	27	37
75	124	187	166	78	36	28	37
81	113	155	163	83	40	28	34
88	137	239	211	81	40	30	37
83	129	240	211	82	40	29	36
85	129	240	217	81	42	31	36
87	144	253	207	73	41	36	39
80	152	293	236	72	39	37	40
64	149	238	191	70	42	37	36
63	161	263	202	66	43	38	35
58	170	272	197	66	41	37	36
56	155	263	197	59	38	32	33
53	158	214	161	58	41	34	32
52	144	205	146	57	41	34	30
46	152	219	213	70	43	36	33
52	136	208	211	71	45	35	30
94	132	202	209	69	42	33	35
111	117	201	215	73	42	33	39
129	116	205	228	84	50	35	41
130	110	160	165	76	47	32	41
130	134	164	171	72	46	32	40
106	151	158	166	76	46	35	37
91	159	167	171	77	42	31	35
68	159	188	167	65	31	27	37
65	156	212	167	73	40	31	39
63	135	222	167	78	44	34	42
64	112	231	168	82	46	34	43
61	104	229	163	73	47	36	43
57	103	220	172	75	48	35	44
70	103	214	159	66	44	36	41
70	101	223	154	60	41	33	36
64	115	269	160	51	40	31	34
67	112	268	150	54	40	28	30
66	123	261	145	56	43	31	29
55	109	246	151	64	42	28	30
