0	1	2	3	4	5	6	7
37	158	283	88	42	26	26	27
39	161	293	91	44	26	27	26
36	163	300	109	56	24	26	24
40	179	342	123	61	30	28	24
36	201	274	111	58	28	26	24
33	179	253	110	58	27	25	24
32	188	254	108	57	31	25	27
40	225	283	96	46	34	26	27
45	224	279	103	46	33	28	29
44	194	260	102	47	34	26	28
50	189	257	106	51	39	27	29
54	190	259	112	51	37	27	27
49	147	241	114	51	37	29	26
43	128	226	90	44	35	28	25
44	126	239	85	44	39	29	23
43	126	245	78	39	35	29	24
39	121	240	104	46	36	29	25
42	122	227	112	50	36	31	27
53	131	179	128	64	37	30	29
67	162	208	141	68	34	30	32
76	165	193	142	70	34	32	33
82	165	183	120	67	33	32	32
92	196	212	111	63	29	28	35
97	194	225	101	50	26	27	33
99	183	228	106	48	26	28	35
107	197	247	131	58	32	31	39
122	334	269	140	61	35	33	46
121	359	255	138	62	37	34	45
114	366	252	130	62	36	34	45
132	357	213	140	66	36	32	45
155	379	226	138	68	36	28	48
149	300	203	130	63	33	30	46
147	262	188	131	61	31	29	44
153	250	169	131	62	32	30	47
133	255	171	103	57	32	31	45
99	237	119	70	48	30	33	39
91	194	116	71	48	33	30	36
100	192	167	91	56	37	31	38
98	215	180	97	61	41	33	38
94	210	177	90	58	39	31	38
84	176	171	92	53	45	34	36
86	164	166	88	53	44	33	35
72	171	105	66	46	42	34	30
72	179	129	61	40	38	39	31
79	196	135	63	42	42	42	32
79	194	133	59	41	36	38	31
71	200	166	168	69	41	39	33
73	202	173	179	72	43	40	35
108	181	145	178	72	44	35	42
108	158	185	207	92	43	33	42
111	198	214	254	116	51	43	44
112	228	199	208	104	50	50	45
122	215	205	205	106	51	51	45
99	222	213	209	106	55	50	34
106	240	240	197	92	56	50	37
114	233	240	151	66	49	44	37
138	241	281	153	77	54	46	51
145	260	271	150	76	55	54	52
142	260	293	198	84	70	78	56
154	312	293	273	120	78	80	63
150	309	285	278	126	91	84	65
145	312	256	277	120	91	79	65
145	320	362	354	159	98	75	75
164	326	366	438	194	95	49	89
153	288	347	419	186	91	48	83
194	284	340	412	184	83	53	129
193	267	352	421	193	97	69	135
185	246	298	393	173	90	71	131
177	271	295	302	138	84	72	131
174	245	287	280	127	91	71	132
134	237	292	279	126	98	93	87
127	234	303	325	135	94	95	75
137	224	292	298	124	97	94	79
126	164	267	269	114	97	101	79
125	266	270	264	111	103	118	82
117	295	295	286	118	95	94	81
115	328	301	228	89	80	82	78
96	336	268	217	84	73	82	74
106	343	298	306	94	77	126	68
101	283	292	297	93	56	118	64
132	274	287	282	81	58	120	70
131	254	247	286	83	57	121	79
142	250	278	284	85	60	123	80
132	243	277	203	85	59	81	75
141	241	282	204	86	86	71	74
118	220	259	204	90	88	68	68
118	181	267	205	91	88	73	56
115	190	235	210	93	88	101	63
122	191	210	198	81	84	104	70
119	183	195	229	86	61	103	72
122	190	204	222	83	56	109	82
129	189	190	198	80	61	108	83
133	172	215	214	92	64	79	77
128	174	225	213	96	64	61	66
148	180	231	188	89	57	59	72
160	157	220	188	89	56	50	66
156	145	224	191	87	50	43	63
151	164	205	185	80	45	40	66
153	166	184	167	78	46	36	66
133	152	189	151	74	43	35	55
106	158	210	177	77	44	36	49
115	172	195	176	81	45	34	53
108	157	185	153	73	42	34	47
102	149	198	207	82	39	33	45
103	141	219	234	86	41	32	46
102	136	211	212	83	37	28	47
89	129	221	210	78	33	31	45
83	112	231	219	73	34	28	41
87	107	220	182	63	37	29	44
85	126	193	157	60	35	31	48
90	128	221	165	71	39	31	44
81	131	210	165	75	42	30	41
88	132	204	154	79	42	30	44
80	163	262	143	81	43	29	42
78	207	310	139	77	43	30	37
74	220	297	153	72	44	32	40
77	224	299	164	73	52	31	42
74	223	292	161	72	55	32	42
73	215	251	174	76	62	34	40
78	171	211	168	81	61	32	42
95	150	192	148	74	58	29	42
98	133	194	136	74	52	31	45
94	134	190	141	77	48	31	42
98	137	189	128	69	38	30	43
96	153	150	127	62	37	31	44
90	176	148	126	64	38	32	46
93	182	151	126	58	35	28	42
97	190	156	113	56	41	29	44
101	187	183	121	61	44	32	47
93	170	248	150	68	47	34	44
83	172	260	153	71	53	36	42
89	166	275	162	76	54	38	42
90	166	297	183	76	53	37	42
90	192	281	185	73	50	34	43
107	192	240	173	74	49	34	46
111	195	250	196	76	44	31	46
111	195	249	205	84	45	32	47
111	193	224	194	81	42	36	48
103	158	223	181	79	41	35	43
94	163	218	183	80	47	37	46
107	134	189	167	76	48	39	50
99	147	167	155	70	46	38	48
94	135	191	159	70	48	34	46
98	129	180	163	71	48	34	47
92	133	199	184	89	42	30	39
70	143	216	180	92	38	27	31
63	144	210	176	89	38	27	32
78	150	188	162	97	43	31	45
79	152	200	167	101	49	34	49
81	161	203	130	83	48	34	53
79	149	193	122	74	48	35	56
95	132	212	130	79	49	35	59
92	134	222	163	73	42	32	50
89	132	221	158	69	37	31	48
86	111	204	156	69	35	31	44
86	124	212	171	80	41	30	39
74	131	205	162	82	42	31	40
65	124	196	146	81	44	30	38
64	150	194	146	77	43	28	38
64	145	178	147	77	45	28	37
66	139	200	139	71	40	28	42
63	148	208	142	62	41	26	37
67	156	212	133	60	39	26	38
65	124	210	130	59	38	24	41
70	143	242	129	52	34	25	44
74	143	218	116	46	33	28	44
77	133	239	152	64	34	30	46
