0	1	2	3	4	5	6	7
55	74	213	110	41	36	22	28
53	80	211	111	41	35	25	33
54	96	212	112	44	36	25	34
49	145	241	117	48	36	26	32
51	147	206	134	60	34	27	31
54	142	171	130	67	39	30	33
60	138	168	124	64	37	28	35
57	126	194	173	79	40	29	35
58	68	188	184	83	39	31	35
59	68	207	172	75	39	31	35
72	77	207	177	81	35	32	40
81	89	209	182	85	39	33	38
86	93	203	149	70	35	32	41
93	95	193	159	71	35	31	44
94	108	199	166	75	35	30	43
82	101	204	167	73	38	27	40
72	87	222	170	77	38	28	38
77	91	251	180	90	43	30	36
69	96	261	169	87	46	30	34
63	81	242	162	85	46	30	33
71	94	247	148	77	43	29	32
71	94	242	166	75	42	28	36
62	94	231	163	67	39	29	36
63	85	230	186	74	42	29	39
76	86	230	218	85	46	35	43
72	76	244	217	86	47	33	41
80	73	237	198	80	44	32	37
83	75	208	192	78	45	34	37
86	81	178	169	67	42	35	40
86	78	184	128	57	37	31	40
89	90	199	139	65	41	31	44
86	96	236	145	70	43	32	44
86	91	236	164	79	40	27	42
81	88	254	163	87	39	26	37
75	84	268	167	83	42	26	36
74	65	234	185	79	35	25	34
83	89	205	188	81	37	24	37
91	93	219	169	75	38	25	38
92	93	215	174	79	40	26	39
96	110	186	170	84	40	27	45
104	111	207	150	83	41	31	45
96	88	190	151	88	45	32	42
89	89	170	141	89	47	33	43
89	89	161	126	80	44	31	42
83	87	155	159	80	44	28	33
67	114	137	151	80	45	28	31
68	126	157	146	76	44	29	33
63	123	168	160	71	41	29	30
60	123	164	172	67	41	29	30
60	116	179	169	70	39	29	33
77	96	179	178	67	41	28	34
69	93	183	197	70	38	26	33
72	95	215	221	74	41	24	34
74	92	227	214	75	42	26	34
83	86	234	205	72	42	25	32
65	78	261	204	75	39	25	30
64	64	279	189	66	36	27	32
64	79	277	156	63	34	27	33
67	83	291	157	67	37	27	37
54	99	312	153	72	42	32	42
66	131	307	156	69	45	31	43
69	132	315	165	68	44	31	43
73	126	285	156	65	44	31	43
72	128	294	153	60	42	29	40
69	119	289	150	52	38	26	33
59	87	307	165	55	38	28	35
70	107	275	157	55	39	28	37
66	102	280	159	55	39	28	36
61	109	271	152	54	36	28	33
61	109	243	159	60	40	27	33
66	110	194	139	61	38	25	31
47	106	186	131	65	39	25	23
42	129	242	136	66	37	26	22
47	119	235	147	74	42	28	24
57	126	237	133	70	39	30	27
52	129	242	143	66	39	30	28
54	118	258	145	61	39	30	28
66	105	209	145	61	40	33	37
68	112	182	158	79	48	34	43
64	99	177	168	89	51	35	44
71	95	169	157	92	50	35	47
74	99	196	156	92	51	35	51
66	88	232	156	95	54	35	46
63	100	231	136	80	48	31	41
63	103	222	127	69	45	30	39
58	99	273	141	82	53	35	34
56	97	255	147	87	55	35	31
57	112	243	145	83	50	33	31
70	100	259	144	78	51	33	34
68	118	335	185	87	52	33	34
66	120	291	172	72	45	26	38
63	116	295	177	72	42	26	37
63	108	290	184	78	47	26	40
46	101	290	194	78	45	24	35
49	83	210	154	69	43	25	36
53	94	211	148	70	42	26	33
64	100	185	133	68	42	27	37
73	100	194	126	66	40	28	39
80	105	174	106	63	36	29	40
77	99	182	93	55	32	26	39
74	81	192	110	53	31	26	40
72	81	194	124	61	34	27	37
60	99	168	123	58	33	24	30
54	98	191	132	62	37	24	29
58	113	245	139	69	43	25	30
63	124	234	129	69	43	28	32
55	144	237	111	59	39	26	32
72	125	237	115	60	41	27	38
71	122	222	119	64	43	26	38
69	114	140	120	57	41	27	39
62	106	148	121	61	46	27	35
61	99	149	126	63	48	26	34
48	107	149	115	64	47	26	30
48	115	162	115	70	50	26	30
44	120	173	116	73	49	25	27
49	124	184	129	71	46	25	29
53	121	186	143	70	44	29	28
46	120	181	158	69	42	28	28
50	115	171	152	58	35	28	29
52	117	173	158	64	35	27	28
54	113	153	152	65	32	26	28
63	114	168	139	64	32	26	32
69	113	175	125	67	35	25	34
76	122	174	127	69	40	27	36
75	118	162	112	68	45	30	36
77	123	186	107	66	46	30	37
68	126	199	103	69	45	27	32
63	129	190	113	71	46	31	30
53	119	188	122	74	42	29	26
54	112	188	127	71	36	29	26
45	104	159	122	70	35	28	24
61	80	146	180	76	40	30	29
58	71	188	175	72	38	27	29
64	72	184	171	66	36	27	32
61	67	185	164	62	37	26	33
63	73	217	181	65	38	26	33
52	71	220	125	51	36	25	32
56	74	233	125	53	39	27	32
58	77	234	122	52	38	28	31
64	92	240	130	55	37	29	32
69	98	242	124	52	37	30	35
66	123	251	127	64	39	30	32
67	123	229	129	63	42	29	31
61	121	234	134	70	43	28	32
61	117	235	131	70	44	27	30
55	112	234	113	70	43	27	27
61	86	232	112	68	42	31	27
57	89	229	124	69	35	32	26
53	103	244	120	64	33	32	26
48	106	282	124	63	33	31	26
46	106	269	142	67	37	31	29
40	111	247	136	59	34	24	28
49	116	257	130	60	37	25	31
48	104	248	150	79	44	23	29
53	109	211	161	87	49	28	29
54	113	240	148	84	47	27	28
55	113	250	155	91	49	27	32
48	107	244	158	91	48	24	30
48	108	234	143	75	44	26	31
42	111	231	142	72	42	23	29
48	114	189	145	74	44	23	30
57	121	185	153	69	45	25	31
57	119	160	142	67	46	24	30
58	120	160	138	61	43	22	31
62	115	142	126	63	41	23	34
64	108	153	134	68	40	25	41
60	92	141	116	64	36	24	38
69	124	200	121	64	33	25	40
66	129	229	166	80	37	26	39
71	123	236	167	82	44	27	39
66	132	236	155	75	42	26	29
64	142	236	170	81	45	28	30
58	122	190	166	83	44	29	28
58	123	173	115	72	42	29	28
52	122	182	106	69	35	26	26
48	131	234	122	72	37	25	26
46	126	235	104	69	36	24	27
43	123	234	113	68	38	22	28
53	125	220	118	69	40	24	28
49	123	212	128	65	38	25	27
50	109	143	134	67	39	28	29
51	105	149	136	66	40	29	27
53	98	150	127	64	41	30	27
51	85	161	136	66	41	30	28
55	84	159	145	75	44	32	30
59	77	158	130	72	43	29	31
59	83	171	126	70	38	28	30
60	90	169	133	74	39	30	30
51	97	155	123	70	36	29	29
51	107	167	104	59	37	29	30
46	105	163	108	58	40	28	28
52	108	141	126	62	41	28	29
53	106	152	125	57	39	28	31
58	104	154	122	59	39	28	31
64	99	174	125	58	36	29	30
63	96	183	143	66	35	30	30
59	92	175	143	76	39	31	30
54	107	169	147	78	39	29	27
52	105	174	163	83	42	31	27
44	109	158	175	85	42	29	25
44	120	170	159	81	41	28	27
41	134	198	144	66	36	27	25
50	117	211	144	63	34	27	29
50	119	231	148	54	31	24	30
53	116	236	134	52	33	24	32
63	114	230	155	53	32	25	30
70	108	214	158	55	33	27	32
64	111	207	163	62	36	26	31
72	109	221	160	70	40	31	32
74	107	205	160	72	42	32	32
