0	1	2	3	4	5	6	7
69	117	248	180	64	35	30	37
70	106	247	136	56	34	30	39
81	98	240	158	55	34	31	37
84	139	240	153	55	35	29	38
78	133	257	151	53	36	29	39
78	129	272	226	75	37	26	36
81	143	292	253	88	41	27	37
71	153	253	238	89	43	27	36
68	120	256	242	87	40	25	39
73	122	262	250	88	41	26	38
82	126	252	187	72	41	27	42
82	122	238	173	66	38	27	42
81	114	253	179	59	32	24	40
93	114	249	183	66	33	27	37
87	111	222	181	69	32	25	33
77	102	202	188	74	32	24	28
73	87	180	168	69	34	24	27
81	84	172	172	74	37	24	29
78	88	177	158	69	38	22	30
78	93	182	146	66	37	24	30
81	110	182	132	57	34	24	29
78	119	214	146	57	32	24	30
72	126	211	135	52	30	23	29
61	127	196	137	50	29	24	29
69	125	212	147	48	30	22	30
70	112	223	144	48	31	26	32
67	126	199	136	52	38	31	35
66	121	194	148	56	38	32	38
67	115	198	146	57	38	33	38
66	121	197	161	61	41	33	39
64	128	198	164	65	41	31	38
67	103	179	160	65	36	28	34
68	109	193	150	66	37	29	30
69	113	186	157	70	40	33	34
72	101	161	134	67	37	34	32
71	105	136	141	62	37	34	34
76	103	144	153	61	39	32	35
77	98	130	143	55	36	31	35
85	98	157	149	50	35	29	38
78	98	198	152	51	35	27	40
74	86	205	142	50	34	28	37
67	94	205	127	47	33	28	38
75	96	210	138	54	37	29	38
69	93	206	127	58	36	24	32
71	103	175	128	65	46	33	38
78	107	229	120	65	46	33	42
81	103	251	142	67	46	34	42
70	103	272	143	65	45	35	44
75	116	294	142	59	44	35	46
75	108	299	142	50	34	27	37
80	121	268	179	51	32	23	30
78	118	248	168	49	28	22	28
78	145	229	192	52	29	21	25
72	141	185	198	50	26	21	24
72	146	175	197	52	29	24	30
62	130	171	165	53	31	27	33
61	132	196	172	53	32	26	36
64	100	183	136	46	28	25	38
63	90	192	121	49	32	26	36
67	92	203	126	50	30	23	36
73	88	199	138	45	29	23	36
75	89	179	119	44	28	26	34
70	113	205	136	43	27	26	32
70	136	202	144	55	36	34	43
73	134	225	160	57	37	36	47
73	137	222	159	63	40	38	47
72	156	225	166	63	45	36	48
81	138	197	152	71	47	40	52
92	119	197	145	62	40	33	44
87	119	173	127	62	39	30	36
84	122	197	132	58	37	29	37
98	98	177	132	62	33	29	41
100	140	193	157	67	38	28	37
87	154	226	169	69	37	28	38
84	155	219	220	81	40	29	38
84	158	202	226	83	42	31	38
64	164	216	230	85	42	32	30
56	133	244	230	88	42	31	30
60	117	223	229	90	42	31	30
65	112	215	175	81	39	30	29
65	106	206	157	78	41	28	28
65	104	204	153	80	40	30	30
63	106	185	137	69	38	32	31
64	105	226	129	67	41	33	33
68	118	232	158	67	42	33	35
67	118	233	157	68	40	32	34
68	114	236	158	65	42	32	34
70	105	209	155	66	43	32	34
67	103	158	171	66	41	31	30
59	81	157	158	64	40	32	32
64	82	178	158	62	38	32	32
61	85	183	151	59	36	30	33
55	95	216	158	58	31	25	30
56	98	215	156	54	30	24	30
62	113	209	146	54	33	26	30
68	111	209	151	53	32	24	31
67	114	213	163	56	32	25	30
71	118	182	150	49	30	25	31
77	110	174	139	50	32	25	34
71	107	181	143	57	31	23	31
62	121	192	166	69	35	24	32
64	117	168	158	65	35	24	35
63	120	168	162	66	36	23	34
56	122	179	159	66	37	25	31
64	116	177	157	60	36	25	34
63	118	163	137	47	34	26	32
67	121	216	140	46	34	24	27
71	126	233	136	47	34	26	30
75	129	242	134	46	31	24	33
72	130	252	135	46	30	23	31
69	137	250	119	45	30	24	31
78	138	231	120	55	30	25	34
74	120	223	124	52	29	22	33
69	124	212	122	51	30	23	30
77	134	234	137	51	30	24	32
77	122	234	149	57	29	24	32
66	140	208	146	49	27	26	32
63	153	196	140	50	32	29	31
63	149	203	150	53	32	28	31
56	141	172	136	52	32	28	29
