0	1	2	3	4	5	6	7
39	133	194	164	86	50	32	29
35	138	201	159	91	51	32	27
35	146	188	149	89	48	33	27
41	131	170	152	80	44	29	29
38	123	171	153	81	44	29	25
35	114	190	145	79	47	30	27
38	118	191	139	74	46	31	31
41	102	180	148	83	52	31	29
40	118	189	144	85	53	31	30
41	117	194	138	82	49	31	32
46	122	167	170	84	48	32	35
47	113	173	173	84	48	34	33
44	128	175	168	69	42	31	33
47	114	180	178	69	41	32	38
49	113	182	180	67	41	33	37
50	112	216	150	57	34	27	33
49	133	223	157	61	34	25	33
53	110	229	178	74	35	26	38
50	117	223	166	75	35	25	34
50	118	220	166	77	37	25	32
55	118	202	169	79	40	26	35
59	95	198	162	73	39	27	39
57	105	269	151	67	40	27	36
63	115	269	149	66	41	28	37
64	121	268	142	67	45	33	40
57	117	281	133	64	41	32	40
54	134	295	116	63	42	32	36
52	130	253	91	55	40	31	35
46	115	251	89	52	39	31	33
45	118	265	94	48	32	25	37
47	120	250	97	46	33	25	34
45	106	273	104	52	35	25	38
46	109	254	119	59	38	25	37
43	110	255	122	64	42	26	38
50	140	261	137	73	46	26	34
48	144	262	157	81	46	26	36
47	143	202	161	81	44	26	31
46	139	193	151	74	39	26	35
46	136	200	153	73	36	25	33
36	98	203	196	71	32	24	32
36	91	214	190	67	31	23	30
39	87	231	189	71	33	25	32
37	82	238	229	91	41	27	29
50	107	242	236	89	42	31	37
50	103	223	193	86	44	32	36
57	111	209	190	88	49	36	40
54	104	218	190	83	46	33	40
55	109	218	157	73	42	32	43
47	91	214	147	74	43	30	35
51	93	214	144	72	43	29	37
48	92	208	134	69	39	25	34
47	94	199	142	71	41	25	32
48	98	198	123	73	49	29	29
49	96	184	119	76	49	28	30
51	105	177	145	77	47	27	29
47	92	186	151	80	45	28	29
48	95	165	145	78	44	29	28
51	91	161	157	74	40	29	27
47	88	173	153	72	36	28	28
47	81	165	145	75	38	30	25
49	82	176	149	72	38	27	26
48	81	176	153	78	39	30	29
50	77	192	157	76	37	29	31
50	89	200	164	73	39	30	30
46	101	202	152	69	38	29	33
43	102	179	141	67	40	34	32
42	96	169	136	60	38	30	28
36	95	163	128	57	35	29	27
40	91	172	140	57	39	30	28
40	73	179	153	62	43	34	29
42	83	210	179	68	40	30	28
43	85	238	195	75	41	32	28
43	96	239	194	74	43	33	30
38	90	215	182	74	41	30	27
37	91	214	179	71	35	26	25
34	76	193	156	68	38	28	25
34	73	210	135	57	37	28	25
33	81	198	128	52	34	27	22
36	83	240	137	53	30	28	24
36	82	243	130	58	37	28	22
40	84	239	131	58	44	32	31
45	93	193	132	63	46	34	33
48	94	188	158	75	50	36	35
50	96	162	148	76	51	36	36
52	93	163	143	75	49	39	38
55	98	159	173	76	43	34	34
50	108	184	171	77	44	32	33
52	118	225	167	73	42	30	33
52	121	244	174	72	40	28	30
51	135	255	184	68	37	26	31
44	133	296	194	71	39	27	28
53	122	293	201	75	40	27	29
51	98	283	195	77	41	29	27
46	102	260	195	79	43	32	28
42	83	252	192	80	42	28	26
51	91	223	172	76	40	30	28
49	88	229	187	74	39	28	29
46	93	209	178	71	37	25	28
49	90	235	192	72	37	24	29
51	106	229	191	75	44	30	34
47	99	224	174	75	49	31	37
44	101	211	155	76	48	31	37
43	106	248	190	83	50	33	39
44	98	221	194	83	52	33	41
51	84	235	192	79	46	29	39
46	81	226	216	91	45	27	37
42	77	226	210	89	47	28	37
43	68	193	194	83	43	27	36
40	65	209	174	77	44	26	32
30	63	186	175	76	45	27	29
33	67	200	155	64	42	27	26
32	80	197	166	63	37	24	22
29	81	213	163	69	40	26	22
29	80	189	161	70	37	25	24
35	88	233	174	75	38	26	27
32	88	238	165	70	36	27	26
37	78	242	163	76	39	28	28
39	77	215	155	69	35	25	28
41	91	227	161	69	39	27	30
37	84	198	147	69	38	26	28
39	84	184	179	78	39	24	29
39	91	177	181	72	37	25	30
37	90	204	176	71	43	27	31
35	75	202	189	75	40	26	31
37	72	186	192	77	41	26	32
36	75	192	159	72	41	29	31
33	69	239	147	74	43	26	31
40	62	229	147	75	40	26	29
40	76	221	117	70	42	26	28
36	78	231	120	67	39	27	27
38	77	218	124	62	35	26	27
39	89	162	123	62	34	27	25
34	94	176	161	62	30	27	27
43	82	188	170	62	28	26	29
45	89	181	158	59	28	24	30
43	89	186	169	64	31	25	29
47	89	213	181	60	34	25	29
47	103	214	142	54	34	24	29
40	106	220	153	56	35	25	28
39	103	214	158	53	37	25	26
40	99	204	152	53	39	25	27
37	87	201	144	56	37	23	25
44	78	212	176	64	41	27	30
46	77	208	163	65	43	27	30
46	71	219	164	67	41	28	31
45	79	253	171	63	41	30	31
44	80	242	165	60	40	31	34
34	70	219	134	55	37	27	29
34	75	205	136	54	35	27	29
36	82	193	145	59	38	28	29
38	87	160	138	61	41	27	32
39	88	167	138	63	44	27	31
