0	1	2	3	4	5	6	7
69	164	210	138	59	37	27	32
64	170	216	162	79	45	29	30
67	140	203	143	70	42	29	33
69	140	197	147	70	39	29	31
69	138	206	153	75	40	28	30
70	134	185	148	79	40	27	31
72	128	168	134	62	34	28	34
75	105	174	145	63	32	25	33
78	100	174	149	69	39	28	35
75	110	148	141	63	38	27	35
66	117	153	152	68	38	28	31
75	123	144	156	72	41	29	34
74	125	137	162	76	42	30	34
73	117	125	156	78	42	33	33
70	116	173	203	84	45	33	36
70	106	171	195	80	46	32	36
59	111	182	186	75	42	30	33
69	112	180	175	72	40	29	34
69	128	219	175	63	37	25	33
72	122	203	115	55	35	25	34
76	134	203	118	58	36	30	37
76	126	211	141	71	41	30	35
65	117	198	136	74	43	30	35
69	101	190	142	75	43	28	36
68	109	185	149	75	42	29	33
71	95	204	169	75	39	25	32
74	101	197	150	67	38	29	34
74	107	211	166	62	38	31	33
74	132	178	171	74	38	32	36
71	129	169	165	75	37	31	35
70	163	191	141	72	41	35	43
67	176	190	147	76	41	32	40
96	179	202	174	83	39	33	47
97	176	211	163	71	38	33	45
104	180	225	165	67	38	31	48
103	152	200	165	68	34	28	39
107	147	200	174	61	29	26	40
89	141	176	127	51	27	22	34
84	122	176	130	51	27	25	33
85	116	157	142	55	34	27	33
84	143	207	135	65	36	27	38
94	133	202	116	68	44	34	40
85	132	206	120	67	44	33	37
84	141	202	124	71	45	34	38
77	146	226	147	79	44	35	37
80	123	195	155	75	44	34	35
63	122	196	156	74	39	30	35
65	134	190	152	74	40	30	37
76	126	212	150	73	40	28	39
76	136	194	115	59	39	27	35
73	135	202	113	54	41	27	35
74	145	209	117	57	41	31	33
71	133	212	120	64	43	33	33
62	143	199	114	70	46	33	32
71	161	216	121	75	44	32	35
74	175	185	112	70	40	30	34
79	168	174	111	66	38	26	33
84	168	169	106	62	35	24	37
79	163	196	139	69	31	26	36
78	147	185	151	69	33	29	38
72	137	195	159	77	36	30	38
67	141	198	151	77	37	30	38
67	148	201	154	76	38	30	33
70	144	183	140	67	41	27	34
59	133	162	127	71	40	24	31
55	141	190	126	68	37	23	29
51	141	211	138	66	36	24	29
43	135	211	139	66	37	24	27
42	134	193	127	66	30	24	27
44	133	201	122	67	30	24	27
47	121	167	120	75	37	24	28
45	121	148	130	76	42	26	27
52	125	153	128	76	40	28	33
53	138	160	141	76	43	28	32
52	136	180	141	71	47	28	32
52	134	189	145	64	43	28	30
59	159	210	139	74	45	32	36
62	169	228	152	80	47	32	34
86	172	222	148	81	45	33	41
87	170	201	152	78	41	33	39
91	171	217	151	79	43	36	43
91	144	204	140	73	37	32	43
97	131	186	128	69	37	32	42
78	122	203	138	77	40	32	38
78	121	222	169	83	41	31	41
73	114	194	162	79	40	28	39
69	117	190	180	80	37	27	34
70	113	180	178	78	35	27	37
67	105	178	165	65	31	26	36
66	110	194	165	69	34	26	35
64	110	225	176	74	33	26	32
66	99	247	183	70	34	27	34
54	106	251	183	78	33	26	29
56	124	241	183	87	33	26	26
55	122	206	148	80	32	29	23
66	124	170	139	80	37	33	31
64	137	189	118	89	45	36	32
60	135	184	115	85	45	36	36
58	123	191	109	79	48	35	37
73	120	193	106	75	47	35	41
68	133	210	107	70	42	30	37
70	143	166	106	59	35	27	41
72	140	198	107	57	36	25	40
93	140	189	101	56	33	25	43
83	155	186	111	59	32	26	39
82	140	178	106	58	31	26	41
79	116	201	122	55	31	24	35
81	125	178	129	65	31	26	34
57	122	216	166	67	33	25	30
53	115	247	178	73	35	24	29
51	119	243	187	80	34	25	28
70	131	209	168	82	36	28	35
69	128	207	164	75	38	29	32
74	131	182	132	75	38	30	36
85	128	161	162	82	43	29	39
91	120	155	161	82	46	30	40
79	126	185	180	91	46	29	40
75	137	184	185	92	45	28	43
69	134	183	187	90	46	29	40
71	126	178	146	73	39	29	40
66	134	188	145	74	40	28	39
65	117	165	132	66	43	28	36
65	113	180	128	69	40	28	34
63	114	168	126	67	38	27	34
47	132	155	123	68	38	30	34
45	135	136	119	60	32	29	32
44	154	149	115	54	29	34	33
40	145	134	115	46	28	32	32
48	155	177	136	59	34	36	34
51	159	186	135	61	33	33	31
51	153	200	129	64	34	32	31
52	132	192	129	65	33	29	27
54	132	189	130	64	36	33	30
53	119	174	113	60	34	31	30
55	111	182	120	61	38	35	36
52	131	175	123	64	37	34	35
52	140	180	123	68	38	33	36
62	153	183	124	70	37	30	35
62	153	169	136	72	38	28	32
56	145	166	180	80	36	23	28
