0	1	2	3	4	5	6	7
137	179	347	253	98	106	52	43
142	193	333	252	101	107	55	51
143	197	344	256	104	79	48	51
152	193	353	331	122	84	47	55
147	205	290	328	127	87	48	54
129	202	295	303	123	88	49	54
133	203	315	306	123	93	49	51
141	212	313	312	119	82	47	49
135	225	310	222	96	77	44	49
124	221	303	234	98	74	42	46
124	232	255	212	78	64	40	46
110	230	255	230	78	57	39	44
101	224	263	230	80	60	43	45
118	218	276	245	89	68	44	46
113	199	356	244	79	68	41	47
118	187	354	242	75	68	42	52
117	209	384	231	83	65	41	48
116	202	403	342	110	61	39	48
95	190	386	338	111	47	40	46
141	170	304	338	109	71	46	48
153	174	334	393	123	78	49	49
152	198	314	398	116	82	49	50
156	216	274	312	93	79	48	53
167	219	282	308	86	78	45	54
160	223	308	297	85	56	41	53
144	266	303	223	70	46	39	48
151	284	333	210	70	40	39	49
148	278	338	193	66	61	40	44
164	280	339	185	64	89	46	53
142	286	338	249	89	92	45	53
138	283	410	257	92	92	42	50
138	302	446	257	92	92	43	50
136	305	451	277	92	86	42	50
112	305	453	285	97	69	39	44
110	336	496	237	88	73	44	55
125	308	483	282	105	76	46	63
125	229	403	268	105	84	49	63
168	222	399	248	104	83	48	74
163	228	408	292	118	77	44	71
156	195	326	284	114	70	39	64
183	207	234	221	96	69	43	69
185	222	229	217	93	71	37	71
152	258	241	228	96	79	41	60
149	266	239	205	87	79	43	59
166	261	302	188	80	81	50	62
156	262	293	199	80	83	47	65
175	270	299	219	91	73	50	67
178	237	288	215	99	67	54	69
189	276	391	201	86	83	63	74
186	272	366	200	88	87	61	73
201	280	376	215	92	84	62	73
191	272	378	218	103	93	71	70
195	288	369	208	94	95	111	71
191	227	236	173	91	102	165	75
214	277	208	173	88	121	215	94
192	322	186	132	79	124	223	88
179	332	175	89	50	120	221	87
170	316	176	83	48	116	204	87
188	344	154	73	49	107	165	82
164	314	139	70	46	85	91	56
160	283	137	70	47	87	70	51
164	264	157	74	48	85	68	54
164	265	160	96	58	79	61	53
136	245	162	103	60	72	62	47
118	235	157	102	61	93	70	48
108	234	200	104	62	95	71	45
101	241	181	101	59	94	70	38
100	277	183	78	48	96	70	36
95	262	172	69	45	95	60	34
103	280	195	68	43	67	48	36
92	280	176	68	42	50	43	33
106	285	183	58	39	47	46	47
103	271	199	55	39	53	47	45
103	272	199	55	40	49	46	46
100	266	197	58	40	46	46	48
98	234	192	62	44	47	42	48
80	215	188	70	49	73	46	36
80	216	158	68	46	110	58	36
78	234	164	64	42	115	57	33
65	282	183	68	44	116	55	27
61	284	166	65	45	118	55	27
61	304	176	72	49	105	50	31
73	328	190	76	53	65	37	32
71	342	209	81	60	53	36	37
72	306	228	79	60	51	56	37
75	325	240	105	67	48	59	37
98	386	256	112	65	48	60	36
93	427	427	170	85	46	60	37
91	419	442	177	90	49	62	33
87	406	423	179	89	50	45	33
90	426	464	177	86	52	42	36
69	364	471	177	89	53	40	33
61	291	333	187	90	55	37	33
66	351	335	209	100	53	33	31
79	416	356	219	107	55	35	36
74	383	307	213	107	54	35	32
71	390	299	207	106	50	34	32
89	435	389	160	94	49	39	40
87	423	375	119	77	47	39	42
82	368	355	139	76	44	37	40
90	356	360	143	78	48	37	43
93	365	354	141	77	48	38	44
96	299	315	142	78	46	36	44
97	231	346	142	77	43	36	45
99	222	348	99	68	42	37	46
92	224	349	80	60	43	36	45
100	262	374	74	58	42	37	49
96	293	459	78	51	42	35	45
92	293	434	74	49	41	34	43
105	309	441	76	52	46	36	48
113	323	429	95	65	44	38	48
110	297	498	101	70	45	40	50
100	274	388	91	67	44	39	48
109	269	391	97	72	46	40	52
119	292	401	107	75	43	38	49
132	314	407	93	63	39	34	51
126	289	295	92	59	38	31	45
124	271	265	100	66	36	29	43
117	268	246	116	70	37	29	39
87	211	207	115	72	37	28	33
62	160	185	116	72	37	27	30
61	136	170	120	73	38	27	27
82	129	197	211	79	39	25	35
92	159	187	204	79	42	25	37
107	150	181	204	79	39	26	40
106	147	176	213	83	42	27	38
105	155	151	218	86	44	25	39
91	155	146	169	85	45	26	32
83	116	143	174	95	49	28	35
67	116	141	171	90	48	28	37
78	96	158	173	91	46	29	47
80	73	161	172	97	48	29	47
87	72	150	162	88	43	28	50
91	73	173	160	72	35	25	46
90	72	171	156	73	37	27	43
83	63	161	141	68	35	25	36
96	62	164	138	64	33	29	44
116	55	152	122	87	39	31	51
116	61	133	123	93	46	36	57
118	63	131	122	93	46	34	58
115	65	147	166	100	47	34	58
121	65	158	178	102	48	49	62
93	56	152	182	94	49	63	60
90	46	155	177	88	42	61	54
86	45	153	178	88	42	62	53
88	44	166	180	97	44	62	55
62	45	146	166	90	41	52	44
67	48	146	171	81	35	55	48
73	47	159	191	98	41	62	49
77	45	161	195	102	41	68	48
75	44	119	162	87	39	70	47
74	39	115	156	86	39	69	45
66	39	114	124	82	41	86	34
55	37	74	87	56	33	83	36
46	40	67	73	47	33	79	34
38	38	62	55	38	32	77	29
35	35	60	50	34	29	77	29
32	32	38	38	29	28	37	30
34	34	34	37	33	33	35	27
33	30	33	35	31	30	33	25
33	31	33	34	31	30	32	26
34	33	33	35	31	30	29	24
36	33	31	36	29	28	29	23
30	30	30	29	24	22	22	19
34	34	29	30	26	23	23	24
37	34	29	32	27	24	25	26
37	33	25	30	28	24	24	26
36	32	26	28	28	25	24	27
40	33	29	28	27	24	23	29
37	30	30	26	28	24	23	26
36	30	30	25	27	23	20	23
36	32	31	25	27	23	21	25
36	31	32	28	27	22	21	25
29	30	28	29	30	25	22	25
28	28	28	28	27	24	23	25
27	28	28	28	30	25	24	25
25	25	27	28	29	26	23	25
26	29	26	27	30	26	23	23
30	29	28	25	27	25	23	23
36	34	27	26	28	26	23	24
34	34	28	27	25	24	23	25
35	36	28	28	24	24	21	25
35	34	28	27	23	23	23	28
35	38	28	29	24	21	25	27
34	35	29	30	24	18	25	28
35	35	30	29	24	21	26	28
34	33	30	29	25	21	27	28
33	34	30	32	25	23	26	29
33	34	28	28	23	26	24	30
30	35	27	28	25	28	24	28
29	36	27	30	23	28	22	28
28	36	29	28	24	28	22	28
30	34	29	26	23	28	22	26
26	28	30	28	25	27	23	24
28	31	32	25	23	25	22	24
31	28	30	23	24	26	22	26
32	30	28	26	23	27	21	25
32	34	28	26	24	26	22	25
36	36	27	26	24	26	24	25
35	32	25	26	26	27	24	26
31	38	27	27	26	26	28	24
30	36	27	24	27	25	28	27
33	40	27	27	27	25	26	27
28	37	28	27	26	23	24	26
31	38	26	27	27	23	27	25
30	34	25	27	28	24	24	24
31	37	26	28	26	25	25	21
29	32	27	26	27	23	25	21
33	34	28	26	28	24	27	23
30	33	26	26	25	23	24	24
34	32	30	26	25	21	23	23
32	31	28	26	26	21	25	22
33	29	28	24	25	23	25	24
30	30	27	24	24	23	23	25
30	30	28	25	26	23	24	24
27	31	27	25	24	25	25	26
31	38	29	27	24	25	22	29
31	38	28	28	26	25	22	27
29	39	29	26	25	24	21	28
32	38	29	26	24	26	22	28
35	38	27	26	25	24	21	26
32	32	27	23	23	24	22	24
32	31	28	24	21	23	21	26
34	28	27	26	22	23	21	25
32	31	26	25	20	22	23	26
31	30	27	26	21	23	24	26
31	30	26	27	20	25	25	25
30	31	25	26	20	23	28	22
30	34	25	24	20	22	28	21
34	36	26	25	22	22	26	21
31	35	26	23	21	21	27	21
37	36	26	24	21	24	25	23
40	36	27	23	22	24	24	26
41	33	29	27	20	25	25	27
