0	1	2	3	4	5	6	7
46	62	102	90	90	42	27	28
53	75	119	106	91	38	26	34
50	78	130	105	73	36	24	31
55	74	146	119	75	37	26	35
57	86	146	114	71	35	24	35
57	85	152	132	69	32	27	36
55	74	156	136	71	31	26	30
69	132	161	159	78	38	29	41
66	138	163	167	75	37	30	40
151	146	197	176	79	38	31	67
241	150	237	188	79	41	39	99
254	172	235	178	80	43	40	105
258	143	253	183	78	39	39	104
274	147	268	180	83	43	40	106
261	139	247	177	80	43	42	101
221	144	210	157	76	41	33	68
208	155	215	191	74	42	32	62
227	170	194	189	70	42	32	66
216	173	212	195	66	36	29	66
196	194	226	194	63	37	30	58
159	206	278	197	66	36	31	61
159	212	300	169	74	38	75	62
117	191	294	198	86	37	82	55
100	186	281	198	95	44	84	57
85	169	294	210	105	49	82	51
77	157	259	207	106	49	84	49
81	120	239	213	101	43	51	54
90	128	248	168	93	43	41	54
90	134	220	162	83	39	37	47
85	128	208	157	85	37	38	46
81	136	213	158	81	40	37	45
69	141	200	157	78	42	36	40
63	139	215	194	95	45	35	42
93	159	253	200	99	45	35	47
93	160	264	192	91	43	36	48
102	157	259	188	98	40	34	55
108	162	273	180	97	40	32	57
117	185	269	148	85	41	31	56
98	184	267	144	83	45	32	52
108	180	269	166	90	46	33	56
99	181	281	188	92	50	32	47
93	176	278	188	92	54	33	42
82	154	275	183	94	50	32	40
80	132	276	197	96	48	31	39
67	154	252	194	98	51	29	36
71	146	227	201	99	50	33	42
86	140	238	209	105	49	35	51
84	140	240	209	98	50	37	52
86	144	228	196	101	53	38	55
85	158	242	204	91	49	39	54
84	171	281	200	85	46	37	52
125	179	292	204	79	41	34	50
132	176	279	200	85	42	35	47
159	194	281	192	72	41	37	52
294	182	277	180	73	39	35	67
345	213	283	169	68	42	40	83
336	207	259	156	65	44	43	83
347	217	255	157	68	44	58	86
356	223	253	155	79	49	63	86
274	223	267	138	83	53	63	81
264	185	219	116	84	50	62	88
268	204	272	122	85	52	64	87
258	223	300	171	90	54	51	85
243	226	280	165	81	51	44	87
238	230	268	174	75	56	72	86
296	244	280	172	75	61	74	69
307	244	226	185	86	65	71	72
339	217	185	146	76	66	74	92
334	216	203	148	82	64	77	88
334	230	195	160	93	59	65	83
244	241	190	162	90	57	98	80
216	241	190	137	78	58	110	80
154	245	191	129	80	56	113	55
159	225	180	136	73	59	112	54
138	211	173	132	64	60	108	55
117	187	180	135	69	60	80	46
138	190	204	137	73	54	68	44
135	184	203	136	65	53	61	43
123	245	224	125	67	49	60	43
120	252	257	100	59	43	61	45
123	254	260	86	53	41	59	50
90	268	238	78	44	61	73	55
104	287	249	76	43	96	79	68
112	253	233	72	38	98	102	72
125	249	213	63	44	103	109	71
156	251	181	62	46	104	109	74
190	241	203	63	53	95	96	75
182	241	197	66	52	61	90	64
176	259	190	78	54	56	61	63
182	250	169	78	51	47	43	60
156	263	187	82	58	44	37	57
120	274	155	78	51	42	37	48
116	267	146	74	55	35	32	47
137	263	143	66	60	41	32	51
125	283	143	62	56	43	28	51
125	291	140	58	46	40	28	48
123	308	137	60	48	38	28	48
123	309	149	68	52	42	30	48
90	279	145	61	48	41	29	37
67	262	144	56	49	50	27	34
62	243	135	55	50	52	28	35
49	181	139	50	47	54	27	24
66	174	140	42	42	62	36	37
68	209	168	49	52	63	36	42
68	207	167	54	54	61	40	44
67	208	165	62	59	59	39	44
66	201	178	68	60	77	39	46
49	204	173	67	58	75	31	38
48	202	149	63	46	78	28	31
61	243	178	103	61	81	32	33
69	273	231	120	71	90	38	36
73	307	234	126	74	75	38	36
69	298	231	172	91	71	43	44
74	285	273	176	94	66	52	73
69	261	310	207	99	62	61	88
69	308	445	234	129	58	60	89
73	277	445	242	134	74	60	88
77	300	457	216	125	74	55	84
109	311	439	216	124	75	51	68
112	300	423	173	115	73	35	45
110	255	243	124	70	66	31	40
144	287	269	114	70	51	37	51
148	278	279	117	73	50	38	51
128	282	274	121	73	57	36	46
127	280	353	131	74	60	39	48
131	293	371	177	96	65	39	49
120	304	368	179	94	65	38	50
116	300	369	177	91	64	40	50
115	302	379	174	93	54	35	49
112	304	305	167	90	50	33	47
107	259	310	110	65	41	36	48
85	227	296	95	61	41	34	37
87	251	265	81	59	38	32	40
83	223	256	80	55	42	35	37
79	238	270	75	58	44	36	35
76	250	245	77	69	46	33	33
62	244	235	79	65	42	33	31
51	210	233	82	65	43	31	24
44	210	227	76	62	43	30	24
46	204	308	93	65	47	29	31
44	202	358	126	49	44	31	32
46	186	361	128	54	48	31	37
46	183	364	133	59	51	34	39
47	177	369	134	60	50	33	40
47	170	281	120	51	48	31	36
47	136	212	84	56	49	28	34
44	142	225	79	73	55	31	29
42	139	222	72	74	53	29	26
45	142	239	73	76	53	29	25
43	120	250	89	80	55	28	26
50	133	272	91	81	53	31	31
51	139	317	91	62	44	26	33
52	141	318	89	60	47	29	36
51	142	301	86	56	48	30	37
50	133	274	74	54	43	31	34
40	131	260	77	48	45	30	30
38	130	233	95	48	45	28	30
37	132	236	100	46	40	26	28
33	129	232	102	49	41	27	28
35	138	264	98	49	47	28	32
39	122	254	86	53	48	29	33
39	128	233	70	60	47	31	31
43	162	241	68	63	53	32	32
45	169	248	68	63	49	30	33
43	164	210	66	61	42	31	30
41	166	201	62	56	43	30	29
42	166	185	64	46	44	29	30
39	133	196	67	50	38	30	31
39	138	210	96	61	41	31	30
39	138	246	101	64	41	30	31
41	145	244	101	62	36	27	30
37	120	224	93	62	36	27	28
36	117	201	88	55	35	26	26
35	104	182	51	39	34	24	26
32	114	161	45	39	33	22	25
30	107	170	57	45	35	26	24
33	120	181	65	51	38	25	24
36	123	174	66	52	40	24	27
37	121	171	67	53	41	29	28
40	123	176	72	52	42	29	29
43	119	165	70	48	39	27	30
39	100	166	65	43	35	29	30
35	93	167	61	45	35	29	29
33	95	187	61	43	33	24	26
34	86	179	54	37	31	24	26
36	115	204	67	41	32	24	25
36	122	200	71	48	31	26	25
38	124	201	72	45	28	24	24
