0	1	2	3	4	5	6	7
71	50	37	27	24	79	35	27
65	45	32	28	26	87	32	27
66	45	32	27	27	94	35	29
65	45	29	27	27	80	35	29
65	41	31	26	27	93	30	28
52	38	25	26	26	94	29	29
55	38	26	23	23	93	37	31
55	38	27	25	24	87	35	29
59	37	28	24	27	97	33	28
59	44	24	23	29	85	37	29
58	40	25	23	28	78	39	29
63	42	26	23	30	72	32	29
68	44	27	22	31	78	34	29
68	48	28	25	28	66	34	29
69	47	29	24	25	68	35	30
69	46	28	26	27	93	41	28
70	45	28	28	23	102	43	29
66	45	28	27	25	98	41	28
64	46	29	28	27	98	42	27
63	41	30	28	28	98	38	26
75	43	30	26	29	75	34	29
65	41	32	26	30	60	33	27
64	40	30	24	28	58	33	28
66	41	28	22	27	67	39	31
83	42	31	23	27	71	41	31
80	43	30	25	26	79	41	30
76	44	29	25	27	97	42	28
75	43	29	26	27	108	43	30
78	38	31	28	28	108	36	32
75	47	33	28	27	100	35	32
67	44	33	28	28	96	31	30
68	44	34	27	27	80	34	31
71	44	34	27	24	66	34	29
69	45	32	26	23	60	33	27
59	36	27	24	23	83	37	26
58	36	28	24	22	90	42	28
67	39	25	25	21	96	44	30
79	45	26	22	23	103	44	32
80	48	25	24	24	108	59	34
83	47	24	26	25	108	57	33
82	48	25	26	29	106	55	32
75	52	25	27	30	101	52	31
62	47	24	27	31	94	57	30
70	47	25	24	30	91	42	26
60	47	26	23	30	75	42	25
62	51	27	22	26	95	47	27
63	46	27	21	27	94	44	26
64	44	27	23	25	93	38	26
62	41	27	24	26	95	38	28
62	39	25	25	28	101	42	29
66	40	23	25	27	79	35	29
64	41	24	27	26	81	35	28
70	40	24	27	27	90	38	27
58	40	23	26	28	84	39	27
60	45	25	26	27	84	34	26
56	37	25	27	30	82	32	28
75	37	25	26	32	89	37	28
66	38	25	24	32	90	34	28
66	36	24	25	30	95	34	26
65	35	23	24	29	97	35	27
68	39	23	25	26	108	36	26
68	37	24	26	25	101	34	29
68	38	25	26	25	91	34	29
68	44	28	26	26	85	36	29
73	44	28	27	28	81	35	30
77	44	26	25	29	76	41	28
60	45	26	24	29	80	44	25
61	46	24	25	28	80	41	25
82	45	23	26	28	87	40	27
85	41	24	25	28	103	41	25
80	38	23	24	26	103	44	29
81	36	22	25	27	101	40	27
81	38	23	25	27	105	41	27
67	35	21	24	29	110	44	26
56	38	21	26	26	93	41	25
64	39	22	27	28	85	32	27
63	47	24	25	26	90	31	30
62	45	25	25	25	84	31	30
55	44	25	25	24	69	27	30
56	46	24	23	26	60	32	30
53	47	24	25	26	67	31	28
52	39	21	26	28	65	36	25
55	42	19	25	28	69	36	26
66	43	19	25	27	72	40	28
63	39	21	24	28	80	36	28
56	35	22	21	28	75	36	25
58	36	23	22	26	81	30	26
58	42	25	22	27	81	29	25
50	46	27	24	27	81	33	23
56	46	26	25	27	75	38	24
58	46	27	26	27	72	37	25
61	49	26	27	28	57	38	24
63	42	25	27	28	80	38	25
59	36	24	25	29	86	34	25
52	35	25	25	29	88	30	24
63	38	23	27	29	86	32	23
61	35	23	26	29	86	32	25
66	35	25	26	30	59	32	23
74	34	24	27	30	48	34	26
75	36	26	26	29	40	31	25
64	31	27	25	26	45	30	27
70	34	28	25	27	66	38	26
67	37	28	24	25	82	42	29
58	43	30	22	25	85	40	25
58	43	28	24	24	87	43	27
60	43	27	23	27	87	42	26
56	39	26	23	25	81	37	27
55	39	26	26	27	69	33	27
54	33	24	27	27	73	39	29
54	32	24	26	26	87	39	28
53	40	24	27	26	91	40	27
60	43	25	25	24	87	38	28
54	41	23	26	22	84	38	27
63	43	24	25	21	86	34	25
61	43	24	24	22	80	40	25
62	45	25	23	21	81	42	26
76	46	25	25	24	83	42	26
76	46	28	23	25	88	44	24
84	44	26	25	25	83	45	25
85	44	25	25	26	78	37	25
87	43	25	27	26	77	35	25
75	39	25	26	25	71	36	25
74	38	23	26	24	64	33	26
60	40	23	24	24	66	32	25
67	40	24	24	25	63	36	27
70	36	25	25	26	53	37	29
76	35	22	25	25	59	36	27
77	35	22	25	26	64	37	29
74	33	22	26	26	56	36	27
67	33	22	25	25	51	32	25
73	34	22	22	24	54	29	27
56	38	24	22	23	57	30	27
63	38	25	23	22	60	33	27
64	40	26	22	22	67	34	27
65	44	24	23	25	73	33	27
58	44	26	24	24	84	35	25
60	40	26	24	25	80	37	27
55	40	26	23	26	74	34	25
56	37	25	24	26	77	36	25
56	36	26	24	24	92	37	28
57	35	25	25	25	87	38	26
54	37	24	24	25	86	34	24
52	36	24	24	24	95	38	27
50	41	24	24	24	92	32	27
55	39	22	26	25	72	32	26
49	37	21	26	26	68	32	27
63	38	22	25	25	69	32	29
61	37	20	26	27	62	33	27
61	34	21	26	27	65	33	28
64	35	22	26	27	66	38	27
65	37	23	26	28	68	37	25
54	35	23	25	28	72	37	24
55	35	24	25	25	87	37	24
59	36	25	25	25	92	42	25
55	40	26	23	26	91	37	26
55	40	25	22	26	90	35	30
54	40	27	25	28	94	37	28
53	40	26	24	30	96	35	28
57	45	24	24	30	93	31	29
64	41	25	25	31	99	29	29
62	38	25	27	30	98	30	26
67	38	24	24	30	102	31	29
69	39	25	23	32	83	33	30
61	30	25	23	31	78	31	27
50	34	22	22	29	80	37	26
48	34	25	23	29	79	38	24
38	32	24	23	27	65	35	23
36	32	23	24	25	68	32	22
48	34	23	25	24	73	36	24
61	33	28	27	25	63	30	26
69	35	25	27	28	65	28	27
70	37	26	27	29	64	31	28
72	37	26	27	27	63	33	26
67	36	27	27	28	75	33	26
63	44	24	25	29	90	44	27
54	43	24	25	27	90	44	28
55	43	24	27	28	91	46	28
49	42	25	27	29	90	45	28
48	43	24	27	29	76	42	27
40	35	24	26	28	76	32	25
57	37	26	26	27	83	40	30
55	38	28	25	28	85	35	28
56	38	26	25	28	84	35	31
57	38	28	23	28	86	35	30
75	37	27	24	29	76	36	35
65	36	27	25	29	82	33	30
68	35	24	24	27	88	35	32
70	37	25	24	26	87	34	33
77	46	23	27	27	92	37	34
81	44	24	29	26	86	38	29
82	43	24	28	26	78	33	29
81	43	26	29	26	74	40	29
81	43	24	29	28	81	40	26
81	36	25	28	26	78	37	27
65	37	27	25	27	78	35	27
64	37	28	26	25	69	37	27
64	39	28	25	27	62	27	28
63	45	38	25	25	54	32	28
55	45	38	24	26	51	31	27
53	47	39	26	25	56	31	30
52	47	40	27	25	78	35	30
84	58	40	28	24	81	39	29
82	53	31	27	24	81	35	28
81	52	30	28	22	82	36	28
79	51	28	28	25	78	38	23
79	50	26	28	28	63	35	23
44	35	25	27	27	57	32	21
43	40	26	27	27	54	32	22
47	40	26	28	27	49	31	22
45	38	26	26	25	58	31	24
45	38	25	24	24	62	30	23
68	41	26	24	26	67	32	26
71	41	25	25	26	69	31	26
70	40	26	24	26	77	36	28
73	38	26	26	28	86	35	26
72	38	25	26	25	81	33	26
62	40	26	26	23	77	33	25
77	38	27	24	23	76	34	25
80	39	27	25	25	75	35	23
79	41	25	22	24	63	34	25
80	42	26	23	25	65	38	25
77	38	23	22	26	66	37	23
67	37	23	23	25	75	40	24
59	37	22	24	25	67	34	26
71	38	22	25	24	62	35	25
69	37	21	25	26	55	30	26
62	35	22	26	24	54	29	25
52	37	25	25	24	36	24	27
58	38	24	25	22	32	23	29
40	38	24	23	24	62	24	29
41	38	27	26	22	68	30	30
57	40	29	25	23	90	32	31
58	37	27	26	28	96	34	30
70	44	29	28	28	98	34	27
73	42	29	29	28	82	35	28
73	42	26	27	28	81	33	28
62	42	23	28	28	73	33	28
60	38	23	28	26	69	29	26
40	32	21	26	26	77	32	26
41	37	22	26	27	79	32	26
47	39	23	24	26	80	33	26
47	38	24	26	27	89	32	24
51	41	24	24	26	97	36	26
56	42	24	24	26	92	40	25
54	39	25	24	26	114	41	24
49	38	24	25	26	114	38	23
50	38	27	22	24	97	38	25
56	39	28	24	25	88	36	25
59	39	28	25	25	97	31	26
63	38	28	24	25	79	29	28
63	37	29	24	24	79	32	28
64	37	28	25	26	80	31	27
56	35	26	22	23	84	35	25
46	32	26	24	25	69	38	26
66	33	27	25	25	63	37	27
67	38	28	26	27	68	34	26
65	39	28	26	27	75	39	26
64	38	29	26	29	71	37	27
62	39	28	24	27	74	38	26
46	40	27	22	26	81	38	26
49	38	27	22	28	83	38	26
57	38	27	22	27	82	40	27
59	37	25	21	27	89	39	27
60	41	28	24	28	88	36	26
55	40	28	26	28	82	35	26
61	37	27	26	24	71	39	27
57	38	27	27	26	69	33	27
65	39	28	29	26	59	32	26
64	32	26	27	23	60	30	27
66	40	25	26	23	59	35	23
59	41	23	26	24	71	31	24
58	41	24	25	24	70	31	27
50	41	22	25	26	74	30	26
51	42	25	24	28	79	33	26
56	38	24	22	26	81	28	25
74	36	24	24	29	73	31	25
73	35	23	25	28	77	32	22
73	35	24	23	26	84	37	24
71	30	22	23	26	86	32	24
64	31	23	25	28	86	34	24
36	35	24	22	23	80	34	24
34	34	26	22	22	77	36	25
69	34	26	24	23	70	32	26
73	36	26	24	24	62	32	26
74	33	28	24	25	60	30	26
76	35	30	25	26	61	32	27
77	37	31	25	30	58	30	27
54	38	32	24	29	51	28	25
63	39	32	25	27	47	28	27
60	40	30	25	27	39	30	27
58	37	27	23	26	44	32	26
58	36	26	23	24	51	31	25
52	35	25	27	25	56	33	26
51	37	24	28	27	59	35	23
60	42	25	29	27	68	35	24
70	44	25	30	27	66	30	23
71	45	25	31	26	60	32	26
73	45	24	30	26	60	30	24
67	43	24	30	25	66	33	25
67	40	23	28	25	57	33	27
58	37	26	29	25	64	34	27
57	33	25	27	24	68	34	25
57	33	25	24	25	66	37	27
69	36	24	23	25	56	31	29
73	45	25	24	24	61	33	27
73	45	24	24	24	53	32	25
74	47	27	25	24	55	34	26
73	47	27	26	23	71	34	26
59	45	26	25	25	72	37	23
51	39	27	25	24	71	37	24
59	43	25	23	23	83	41	25
61	44	24	24	25	83	38	25
61	44	24	22	24	70	36	23
61	44	26	23	24	68	32	25
57	37	23	22	24	65	30	23
50	32	25	24	24	48	31	25
59	34	24	24	24	40	30	24
58	37	26	25	26	38	30	26
59	37	27	28	25	36	30	24
57	37	27	28	27	33	29	25
55	35	25	25	29	37	25	26
40	32	24	23	28	58	26	24
41	34	24	24	27	65	30	23
61	36	27	24	27	66	32	27
70	39	28	23	25	72	34	29
71	39	29	26	25	70	32	27
71	37	29	26	24	56	33	31
70	37	30	26	26	51	29	30
66	44	26	22	27	52	31	27
55	43	26	25	28	51	32	23
56	42	26	26	25	57	32	24
66	45	24	27	25	56	31	21
70	42	23	28	24	53	31	23
57	37	23	28	23	58	28	24
61	36	22	26	23	59	30	27
64	38	21	22	23	52	31	28
54	35	22	22	24	49	30	28
48	33	21	21	23	50	34	27
48	30	22	23	22	42	33	27
45	35	23	23	23	40	31	26
42	36	24	24	24	45	31	24
60	37	27	25	26	48	31	26
66	37	26	25	26	69	28	27
65	37	28	24	28	74	28	27
66	32	29	24	28	72	24	26
63	38	31	26	29	68	24	28
47	37	29	24	27	78	35	27
56	38	32	26	28	61	35	25
68	39	31	25	25	54	36	27
68	38	30	26	26	53	37	26
68	31	29	24	24	73	39	25
72	31	29	25	22	79	38	26
61	36	28	25	21	83	39	26
47	35	29	27	21	85	37	23
61	37	29	25	21	91	42	24
62	40	29	27	23	89	41	24
59	41	30	25	25	72	32	21
58	39	29	24	25	68	32	22
58	40	29	23	26	67	36	23
41	37	29	25	27	59	30	21
43	35	27	24	26	41	29	22
56	34	26	23	26	42	30	23
54	30	25	26	25	40	29	23
55	28	24	24	26	42	32	24
56	33	21	24	27	41	32	23
58	34	21	24	25	58	32	24
44	32	22	25	26	59	36	25
46	35	24	23	26	63	35	24
48	38	23	27	28	65	33	24
47	35	24	26	25	66	33	23
56	35	25	26	26	55	33	22
62	44	26	27	27	57	29	22
63	42	24	27	25	53	31	23
59	40	28	24	24	48	27	22
66	38	27	25	24	46	28	24
53	38	28	25	26	37	27	24
44	28	27	25	24	33	25	21
42	28	28	23	27	30	23	21
42	28	24	23	26	27	23	22
32	36	27	21	29	26	21	23
55	41	27	21	27	26	22	24
60	43	27	20	28	22	22	25
60	43	29	20	27	25	22	26
64	45	29	20	27	28	22	27
64	43	28	24	26	28	22	26
67	44	28	26	28	37	31	27
84	45	28	28	27	48	31	28
84	44	27	28	28	56	36	27
83	42	26	30	27	62	39	27
88	45	28	30	28	63	39	27
84	43	27	29	25	62	33	28
70	44	26	30	24	58	32	27
74	46	26	29	22	59	26	26
73	47	26	28	23	54	27	27
66	40	24	27	23	54	25	28
57	40	24	26	23	50	25	29
52	38	23	24	22	47	27	28
42	35	25	25	25	35	27	30
53	39	26	27	25	36	27	31
58	39	27	26	24	43	32	30
57	43	26	25	26	47	37	27
55	42	29	26	28	50	36	29
56	43	27	25	25	71	41	26
54	45	27	23	24	79	38	25
48	45	27	22	26	76	37	25
49	40	27	24	25	79	32	26
50	43	24	24	26	80	32	26
50	45	23	24	27	66	29	26
43	39	23	25	28	59	29	25
55	39	23	25	28	61	28	25
56	37	25	27	26	55	28	22
63	38	25	28	25	53	30	22
65	36	25	28	27	49	27	24
64	37	24	27	27	41	29	25
67	38	24	26	26	42	33	25
63	40	23	24	28	39	33	26
59	37	25	22	27	37	31	27
60	38	24	22	25	47	31	27
64	38	25	22	27	56	33	27
53	37	24	23	27	52	30	26
71	41	25	23	26	59	30	28
68	40	24	26	26	61	29	28
67	41	25	25	25	53	31	29
67	42	27	26	25	50	31	28
66	41	29	27	25	62	28	28
44	34	27	25	27	63	31	25
75	48	27	22	28	69	35	25
78	48	28	25	29	70	33	23
76	49	27	23	29	74	29	25
75	49	26	23	27	73	30	24
76	48	28	25	27	71	28	26
54	41	28	26	25	69	33	25
53	40	26	25	26	69	34	27
54	38	25	25	24	59	34	26
62	41	25	26	28	57	34	27
63	42	25	26	28	53	34	27
56	33	24	26	27	55	26	26
53	36	25	25	26	54	25	26
50	36	25	27	26	58	29	28
39	36	25	24	25	49	28	26
