0	1	2	3	4	5	6	7
83	241	269	185	86	85	43	48
96	235	264	184	87	89	43	48
101	249	276	183	83	90	40	49
105	265	267	189	86	92	40	53
92	284	299	236	95	112	46	46
98	274	341	254	94	97	47	47
86	275	379	267	101	97	48	49
81	287	385	254	97	102	49	47
74	297	428	251	93	146	50	42
76	299	454	221	91	136	41	42
56	253	401	204	83	139	38	42
59	261	389	214	89	137	39	46
57	244	380	220	86	132	37	44
60	239	349	224	91	84	38	45
52	255	280	213	89	73	37	41
60	250	302	200	86	78	34	41
83	245	321	185	71	89	37	37
88	255	304	186	76	93	38	39
91	253	298	191	79	91	41	40
96	229	300	190	72	90	42	42
93	233	281	184	74	84	44	40
70	229	221	172	74	84	45	50
67	212	228	158	69	85	44	54
70	212	221	153	74	83	38	57
62	207	205	147	76	81	37	57
61	204	198	151	77	74	34	61
58	193	209	164	80	64	30	51
64	206	205	173	85	54	31	45
60	194	201	166	82	60	33	41
65	165	217	161	84	65	35	48
62	174	213	161	87	73	38	43
67	184	235	183	103	70	37	46
57	188	223	174	100	71	36	49
52	186	218	162	91	91	43	53
49	205	199	159	83	93	43	63
52	203	206	147	79	84	43	68
68	266	178	83	48	80	54	108
104	282	170	77	46	84	86	162
115	328	145	79	52	66	115	240
150	347	176	73	56	57	133	265
354	346	190	77	56	64	155	322
400	300	190	77	56	66	157	328
397	292	208	75	54	61	143	311
402	257	265	78	52	49	119	260
407	270	335	100	60	52	99	237
255	283	344	105	61	71	64	151
172	309	374	111	66	85	52	108
166	399	491	124	72	88	50	89
156	401	473	122	73	90	51	74
112	453	589	118	69	228	54	63
106	465	595	111	67	238	50	62
102	443	616	113	64	237	50	66
115	483	639	154	88	238	57	77
152	539	759	179	122	247	77	100
151	508	719	182	127	132	74	96
176	685	771	192	133	100	76	100
189	747	771	195	134	96	79	110
182	683	711	167	121	91	72	103
151	645	630	144	91	64	53	80
149	637	600	142	88	62	53	77
120	431	519	126	78	64	49	68
95	317	470	113	74	61	42	47
88	284	448	109	67	59	43	44
77	268	424	129	85	54	37	35
68	216	323	132	94	53	33	32
107	175	316	134	100	46	36	50
114	154	316	148	109	42	33	48
116	206	343	206	126	45	35	48
115	175	296	203	122	47	36	49
114	166	296	202	124	47	38	50
150	174	288	205	123	47	39	48
162	174	300	247	125	48	40	51
186	98	240	305	136	51	40	56
212	92	199	308	132	48	40	61
278	92	197	307	124	47	42	89
270	79	200	312	121	46	39	87
264	80	187	284	116	46	37	89
253	78	147	165	85	44	53	91
234	76	147	147	70	45	56	90
158	64	129	153	61	39	93	68
109	54	110	138	58	39	95	61
99	53	89	125	52	40	119	59
85	48	113	140	67	36	117	51
79	46	112	141	74	34	118	46
62	47	113	130	81	34	92	35
60	47	122	161	92	35	92	37
54	41	135	165	90	33	59	30
42	29	101	144	75	33	50	27
39	28	128	141	72	29	44	27
35	29	128	150	71	31	59	29
41	27	124	118	56	30	55	26
41	28	116	102	55	31	55	25
43	31	117	115	62	31	57	27
42	32	80	120	58	31	76	28
41	30	135	117	53	33	83	28
36	30	152	116	50	31	83	30
36	27	150	122	51	33	86	31
34	30	164	112	46	32	85	30
35	31	176	108	46	32	67	30
39	29	138	88	42	29	39	27
39	30	128	107	42	29	35	23
39	33	129	111	41	24	27	22
40	34	113	117	42	24	24	23
40	36	129	117	42	23	24	21
34	37	128	119	43	22	24	22
31	38	115	101	43	24	24	24
35	38	132	108	43	24	23	25
32	33	156	140	47	24	23	24
34	32	136	142	48	26	22	27
35	30	137	152	50	25	22	26
35	28	140	150	51	24	22	26
32	28	121	138	49	25	21	25
32	29	95	108	43	24	20	25
29	29	92	101	43	25	21	21
28	31	95	101	52	27	21	23
32	34	88	99	52	26	22	24
30	30	89	105	52	26	22	22
30	30	83	99	51	26	22	22
30	33	88	98	50	23	23	23
33	35	93	101	46	23	24	22
30	31	119	116	52	23	23	20
33	31	120	110	52	23	25	22
35	31	118	109	52	24	26	23
33	27	109	111	51	25	25	23
30	27	108	97	42	22	24	24
30	27	81	90	39	23	24	23
34	26	74	86	36	23	23	25
34	27	71	82	35	22	21	25
36	26	67	75	34	23	20	26
36	23	69	71	36	23	20	24
36	23	72	68	32	24	23	26
31	27	72	71	33	25	23	24
30	25	70	70	32	24	23	25
29	26	75	76	34	24	24	24
30	25	83	102	40	25	25	25
29	29	89	105	42	25	24	24
31	31	97	108	42	24	23	25
31	32	100	113	44	25	23	22
