0	1	2	3	4	5	6	7
43	50	169	129	60	36	28	31
44	47	157	121	62	37	27	29
37	39	179	155	64	36	26	29
34	41	189	163	64	35	25	32
32	48	164	146	65	37	25	31
33	54	168	156	68	39	27	33
34	59	169	162	73	41	28	33
39	80	145	135	66	42	31	34
41	80	163	137	68	44	30	31
42	79	199	146	68	44	30	31
42	75	200	137	64	42	29	31
45	74	198	131	55	44	26	31
57	58	219	130	65	43	25	31
61	55	202	124	70	43	25	31
63	53	170	116	71	43	25	31
64	55	209	150	74	45	26	32
68	51	207	155	74	41	27	36
56	54	192	152	66	41	25	33
50	62	212	163	63	44	28	32
53	64	239	165	60	44	28	35
51	74	230	137	57	44	28	32
47	74	227	135	61	44	29	29
50	68	230	140	66	45	31	30
52	62	220	128	64	40	29	30
48	65	209	146	74	40	32	26
50	59	186	138	71	39	31	29
45	60	193	148	67	39	29	28
42	61	185	145	62	40	27	29
41	65	176	144	62	39	28	32
40	65	204	134	52	35	25	33
37	62	199	160	55	33	25	34
36	73	232	164	58	32	26	34
39	71	247	173	62	32	26	34
39	69	255	179	62	35	26	31
40	73	242	172	65	38	26	33
39	76	246	150	66	39	26	30
39	63	228	135	65	40	26	28
38	66	218	132	63	38	27	29
43	66	225	132	64	41	28	28
43	59	208	152	67	38	26	25
46	63	234	160	64	36	25	27
45	62	240	166	65	38	26	26
47	62	244	173	66	38	24	23
49	71	229	170	60	34	23	24
56	69	239	150	50	34	24	26
52	61	206	143	58	37	27	23
54	64	179	138	57	38	28	24
56	63	171	134	55	38	30	26
56	58	167	134	58	38	29	25
48	61	212	156	69	40	29	24
50	59	221	156	65	39	27	23
49	57	220	160	62	34	24	24
46	61	228	159	69	36	25	23
45	55	233	162	68	35	24	23
44	54	190	150	60	31	28	23
44	60	185	148	62	31	31	28
50	66	184	148	61	33	32	31
49	59	177	136	52	33	31	32
43	65	211	131	52	34	32	32
46	65	191	115	51	35	30	34
49	61	184	116	51	36	28	32
49	64	183	112	60	40	30	32
54	66	187	117	60	36	28	31
57	61	144	113	66	39	28	34
54	59	158	118	64	39	27	33
50	60	160	126	74	42	27	33
48	51	158	123	68	40	22	29
43	48	159	119	67	41	23	30
38	49	159	125	64	39	25	24
38	55	168	131	69	41	26	24
41	59	181	127	53	41	27	24
42	60	189	121	50	40	29	26
39	57	165	125	55	38	28	25
41	58	182	127	56	41	32	28
43	55	167	134	60	42	32	33
41	49	149	136	65	42	34	33
42	49	147	140	68	47	36	33
49	62	156	137	71	48	36	37
48	61	131	139	71	44	31	37
47	59	175	136	66	41	29	34
49	63	180	128	64	39	25	33
46	67	171	125	63	35	24	34
36	61	178	119	56	34	23	29
42	63	192	111	53	35	26	28
47	76	160	98	50	40	29	26
47	74	170	109	53	42	30	26
49	73	193	131	56	41	29	23
48	71	178	130	56	43	30	24
54	79	178	132	56	42	29	28
58	74	180	141	74	45	26	31
58	73	168	142	73	48	28	31
54	67	193	135	74	48	27	31
58	76	196	133	80	52	31	36
51	69	210	135	84	53	30	33
44	63	204	121	70	49	32	33
43	75	219	123	77	46	31	32
44	81	200	118	79	48	33	34
43	77	213	139	78	46	30	29
44	73	201	148	76	45	29	28
47	90	203	149	72	43	29	29
53	81	196	149	62	41	29	31
57	76	170	145	60	41	31	33
55	79	163	130	56	38	30	33
54	86	154	113	50	38	31	34
48	70	159	112	51	44	29	31
39	68	151	98	54	46	27	29
40	75	186	103	47	41	23	28
50	71	180	106	45	41	24	29
48	64	176	106	53	43	26	27
48	60	178	128	61	45	27	28
54	67	183	154	72	45	29	31
52	66	176	158	80	49	33	34
45	69	174	156	80	50	32	35
46	69	171	158	79	54	33	36
51	71	154	154	79	52	32	37
51	71	157	158	80	51	32	37
49	72	136	149	71	47	27	33
53	69	165	161	69	47	27	31
54	70	166	168	72	40	25	33
46	66	166	159	69	37	25	30
43	67	171	139	71	43	25	28
44	65	210	163	70	42	24	31
35	64	199	154	70	43	26	31
40	65	207	144	64	44	25	30
54	68	219	143	59	42	25	31
55	67	227	142	40	37	23	29
58	64	234	119	41	38	26	27
63	61	226	108	43	36	24	25
63	57	216	109	46	35	23	24
58	56	205	117	62	37	25	26
57	57	189	125	66	35	26	28
53	56	143	124	65	34	23	27
48	58	145	126	64	36	23	28
46	59	145	125	65	38	25	29
51	57	141	118	56	37	22	28
50	48	139	113	52	43	24	29
50	50	141	118	53	43	23	30
51	48	147	130	56	42	23	30
53	52	158	140	54	42	25	28
43	51	174	137	50	40	27	28
43	50	230	131	53	36	26	25
44	48	223	133	55	37	27	26
45	52	224	168	60	40	30	27
40	47	242	164	59	38	27	25
39	58	238	165	59	41	28	26
37	69	194	171	55	39	27	26
34	71	218	169	54	38	27	24
37	74	217	128	45	38	24	24
44	87	197	125	47	44	25	27
42	85	190	126	47	42	24	28
46	79	174	117	51	44	26	32
47	76	147	111	51	45	25	32
45	75	156	122	49	41	25	31
45	58	162	122	53	36	24	28
50	60	246	138	58	33	23	30
50	72	245	143	57	35	23	29
50	73	241	153	59	39	24	31
47	73	239	142	64	41	26	32
42	73	231	149	63	42	27	34
38	69	188	145	62	46	27	34
37	54	191	143	62	41	26	34
43	55	181	136	68	38	26	37
45	53	173	135	68	38	25	37
46	56	211	132	70	39	27	38
52	54	184	129	69	38	27	35
49	55	201	132	68	41	27	33
53	55	212	135	78	54	35	31
55	51	209	140	83	59	37	32
60	65	184	140	82	58	35	30
55	66	167	122	78	56	35	30
60	66	155	117	83	59	39	32
53	74	172	133	78	47	32	31
60	93	178	141	74	40	28	29
54	84	164	140	74	41	29	29
56	85	159	140	75	41	29	28
56	90	169	168	77	35	25	28
56	87	286	158	67	34	24	27
48	69	295	142	63	35	27	30
48	71	298	143	59	34	26	31
49	68	298	149	61	33	26	32
46	60	303	127	53	34	26	33
48	66	183	130	60	34	27	34
50	73	166	136	65	32	26	32
49	72	161	150	74	34	27	30
50	71	185	157	76	35	29	30
51	95	166	149	75	36	29	29
47	90	167	138	67	36	29	26
43	91	162	137	65	35	28	28
45	89	178	131	55	35	28	27
46	94	157	119	49	33	25	29
46	82	177	156	64	35	28	32
47	85	169	189	73	37	27	33
47	81	171	191	73	38	27	32
47	85	162	184	73	39	27	33
43	84	185	187	72	40	27	30
39	71	173	160	60	37	24	26
41	66	186	128	56	34	25	28
40	63	199	128	57	38	27	25
38	62	230	122	59	41	29	25
36	60	220	136	65	40	31	25
41	66	210	148	70	40	32	28
38	64	196	138	69	42	32	24
38	71	194	143	75	40	30	27
41	70	159	160	76	37	30	27
53	82	142	141	72	37	28	31
50	77	146	138	67	39	27	28
49	83	184	142	65	37	25	31
51	79	179	146	56	33	25	31
49	74	166	134	53	31	23	32
38	63	169	137	54	32	23	29
37	65	175	156	58	30	24	29
42	57	159	162	60	33	29	31
42	59	144	156	60	34	30	30
41	71	144	154	62	37	33	30
49	67	155	162	61	37	32	29
51	63	185	156	57	38	31	29
54	62	181	148	55	35	29	28
51	60	199	146	59	35	27	28
51	57	210	155	56	35	23	26
44	62	200	145	57	36	27	28
49	66	170	116	53	35	27	31
42	82	153	110	47	34	27	27
46	83	150	118	43	36	27	29
45	82	168	134	43	34	26	29
45	84	199	143	48	36	26	29
40	85	196	141	50	36	27	27
40	76	230	166	56	36	24	26
37	76	261	181	73	38	27	25
46	71	248	167	83	46	32	28
52	65	236	176	83	44	29	30
53	87	244	186	84	45	28	32
57	86	233	166	81	47	29	34
55	85	196	149	65	44	28	33
51	91	198	155	56	36	23	31
46	94	189	157	56	35	22	33
46	69	182	146	57	36	26	32
43	68	154	151	59	35	25	31
44	67	172	153	69	37	25	33
44	54	170	157	77	42	24	31
48	52	178	132	72	41	25	30
42	52	172	138	71	38	23	28
54	76	206	143	69	37	25	33
55	78	202	127	60	36	24	31
60	86	197	109	52	30	25	34
58	84	200	127	57	29	24	31
61	83	197	121	59	30	24	33
59	62	179	114	57	30	22	31
59	57	151	121	63	32	25	30
52	54	153	119	62	32	25	30
52	55	137	108	61	36	26	35
51	54	151	109	55	36	26	34
45	58	150	123	59	36	26	31
46	66	165	120	55	34	25	31
46	58	164	117	48	34	25	31
48	61	165	121	47	32	23	26
46	62	149	129	54	38	24	24
42	58	145	135	50	40	27	28
48	63	141	146	51	40	27	31
46	64	138	148	57	38	27	29
46	63	131	153	63	40	29	30
48	69	146	150	61	37	28	33
48	68	155	130	64	38	28	30
40	58	149	121	61	37	26	27
45	56	145	127	58	38	27	31
41	56	141	112	63	42	27	30
48	48	132	120	79	41	28	29
47	48	116	131	84	42	27	30
48	51	118	142	93	43	27	28
50	59	125	134	96	46	29	29
51	60	136	131	89	40	28	28
43	58	132	118	76	39	27	27
44	58	155	124	78	43	29	30
44	54	149	110	73	43	31	30
37	46	146	115	71	46	30	25
36	42	148	122	71	49	30	27
42	52	175	143	71	50	30	29
47	50	164	128	59	45	27	27
49	51	183	129	59	47	27	32
56	57	191	131	55	41	29	36
58	61	193	126	56	39	27	36
62	60	174	106	55	41	28	34
64	67	209	109	61	41	28	34
65	69	197	101	64	37	28	34
61	67	187	96	64	34	25	29
63	71	180	106	82	35	25	29
57	68	180	110	86	36	25	29
51	59	110	105	84	36	25	30
54	62	97	110	80	42	24	28
56	60	116	120	82	45	27	30
53	51	144	120	77	46	29	31
53	58	148	130	79	47	27	31
52	60	154	128	77	47	28	29
50	57	183	125	73	39	27	27
45	61	175	116	69	38	27	28
47	64	153	104	54	33	24	28
43	67	164	89	44	31	26	26
46	64	161	91	49	34	28	30
38	60	142	108	51	36	28	29
39	57	173	129	60	37	27	28
33	53	191	163	64	41	28	27
42	47	208	163	61	38	28	35
41	63	204	160	61	41	26	30
41	65	197	157	62	40	26	32
42	65	197	164	62	41	27	31
42	68	178	139	60	38	25	31
34	67	143	137	61	39	25	23
36	58	191	167	65	35	25	29
44	58	200	169	61	35	25	29
44	71	194	156	56	35	25	29
45	70	211	152	54	31	25	30
44	68	220	160	59	34	24	32
41	75	212	141	56	33	23	29
43	78	221	143	63	36	24	29
45	72	202	136	63	34	23	29
47	72	198	139	63	38	22	29
49	84	204	128	59	39	24	29
52	74	174	124	61	39	25	28
48	71	171	116	57	37	26	27
51	71	184	122	60	41	28	28
49	70	193	134	62	43	29	26
50	59	171	132	61	43	28	28
47	60	178	128	58	41	30	27
47	62	174	127	62	43	32	27
44	61	206	153	67	41	29	30
44	63	190	135	65	39	30	32
44	60	195	145	72	37	31	31
48	59	194	154	70	38	29	31
48	56	206	153	68	35	26	33
48	53	169	125	65	38	28	31
51	53	165	132	68	36	29	30
49	52	181	117	61	36	28	28
49	60	169	103	64	36	29	31
