0	1	2	3	4	5	6	7
41	79	202	194	80	40	26	30
48	82	290	199	83	41	27	33
57	69	335	211	84	42	28	34
63	85	334	175	78	47	29	35
63	88	339	173	75	47	30	36
63	85	339	186	75	48	30	39
61	88	314	224	79	49	29	37
59	89	302	232	88	48	25	38
69	81	302	236	93	45	27	36
138	86	281	244	93	46	31	47
211	110	313	246	97	48	31	64
233	134	267	209	92	49	36	78
248	187	229	215	93	53	39	84
256	188	255	205	87	52	37	86
248	191	273	207	91	52	37	90
200	192	235	195	82	49	38	77
182	186	297	199	85	50	35	65
163	142	299	173	70	42	33	58
169	144	312	186	83	44	37	76
138	151	329	227	88	41	36	65
127	146	322	294	118	50	37	65
118	143	279	310	122	59	37	64
138	140	293	332	128	65	41	73
112	140	275	381	145	68	39	59
117	147	254	351	140	69	37	65
141	155	260	306	118	63	35	69
155	180	268	319	114	53	33	68
214	213	256	305	116	55	41	80
248	223	260	250	86	49	43	88
266	253	266	272	94	51	45	87
268	279	283	298	108	54	49	89
266	304	278	256	99	51	48	91
240	282	287	289	106	50	39	85
222	276	279	307	110	52	36	94
212	251	338	309	117	57	36	92
201	220	321	290	110	56	32	90
199	175	315	291	113	59	34	96
170	232	309	247	97	54	30	86
177	285	341	209	92	53	36	73
219	312	285	176	73	51	54	82
249	319	282	143	69	67	73	95
248	330	280	164	73	68	78	92
243	319	286	155	74	67	85	92
407	322	255	156	73	69	97	163
412	346	258	166	74	71	95	175
399	337	248	156	70	59	85	168
401	332	236	129	61	101	87	168
404	316	203	132	67	114	83	171
320	338	253	151	68	114	74	113
293	282	245	143	68	115	65	88
290	279	239	151	69	114	62	86
290	268	248	148	69	77	54	85
291	260	255	146	62	63	91	81
180	258	189	128	62	66	94	58
148	261	184	160	73	61	94	58
204	268	187	155	74	66	98	75
208	284	186	157	72	82	99	73
208	310	176	157	72	91	65	75
212	273	155	144	68	90	61	75
238	286	135	108	62	88	58	77
187	296	144	99	62	86	52	61
181	300	136	94	64	74	59	64
178	289	136	90	65	54	59	60
179	285	137	85	62	60	55	62
139	298	150	61	54	62	56	60
131	311	179	153	73	60	53	57
123	292	174	165	76	55	46	54
124	289	169	167	73	57	43	52
100	283	170	167	74	55	38	45
102	289	173	167	73	64	37	46
104	276	132	90	49	75	38	47
94	274	130	64	40	82	35	44
82	281	146	59	40	80	33	41
80	315	195	62	37	86	33	39
70	290	209	83	43	83	33	35
64	274	209	90	49	73	30	33
77	316	252	100	53	68	37	37
61	297	251	100	54	76	35	34
63	244	263	117	72	70	39	38
63	234	245	104	70	65	37	37
65	233	241	96	77	63	37	38
48	171	197	88	84	60	35	36
49	194	217	104	86	49	35	36
65	292	260	94	75	40	32	35
71	308	262	98	76	48	34	34
76	320	265	102	71	64	36	39
95	328	298	114	66	69	33	44
101	345	340	111	66	84	38	50
92	268	309	98	62	85	38	49
90	279	328	154	65	80	34	49
103	281	339	176	74	69	39	54
86	284	352	172	74	64	42	50
85	281	347	171	74	43	38	44
95	317	330	177	81	49	40	46
96	299	318	149	80	47	42	46
115	398	442	157	102	58	43	49
123	414	430	167	106	60	43	54
131	422	420	166	108	61	45	59
129	417	419	170	108	56	43	57
147	458	448	162	111	59	46	63
121	429	356	133	84	47	41	54
112	406	338	114	76	42	36	46
104	391	343	112	71	48	37	41
106	398	335	94	64	45	36	42
109	394	364	91	57	43	33	41
109	359	448	83	59	44	33	42
111	369	501	86	68	47	36	43
107	363	479	98	66	37	31	42
115	349	511	184	104	53	42	55
91	302	486	200	119	58	41	50
95	259	373	203	116	57	41	51
94	242	311	210	118	57	41	51
95	259	418	215	132	65	48	55
78	243	385	160	107	56	39	42
78	227	367	140	89	52	40	41
84	275	381	182	109	56	39	37
86	293	383	179	110	60	42	38
86	255	282	169	93	52	36	35
86	220	268	175	99	51	36	34
77	214	260	181	105	50	35	38
69	145	275	183	96	45	34	37
68	114	253	191	96	40	31	39
72	121	217	193	97	39	31	38
65	122	235	190	100	38	29	37
74	119	219	178	97	40	29	40
80	104	195	157	90	41	32	47
79	77	185	157	84	39	29	47
73	62	181	153	81	39	28	46
72	53	137	141	67	39	51	47
66	47	122	141	64	37	51	42
56	40	100	112	60	34	50	32
53	39	99	91	57	33	51	31
48	41	96	88	59	33	53	30
52	43	95	90	59	34	33	30
56	42	94	87	55	33	32	33
52	46	99	90	60	35	32	33
48	43	98	91	58	33	31	30
50	43	98	90	57	29	28	30
49	39	101	91	59	27	29	29
41	41	103	88	56	27	28	24
39	34	76	82	46	23	27	23
44	47	79	69	43	25	28	26
45	44	75	68	41	25	27	27
41	44	65	59	37	27	25	27
40	44	58	52	33	27	24	29
44	47	50	46	33	28	26	29
38	33	40	45	28	29	25	28
35	33	40	50	30	30	25	25
35	35	42	50	31	29	25	26
33	32	37	47	30	28	26	25
28	31	39	47	33	28	25	27
29	36	40	56	42	28	24	26
28	35	40	55	44	27	25	26
27	33	54	59	43	28	25	25
31	37	57	60	45	29	24	25
36	39	58	60	43	30	25	24
34	37	57	54	36	29	24	24
35	38	58	50	35	29	22	25
43	42	71	73	35	28	22	25
41	40	70	75	40	29	23	25
37	35	70	78	39	26	23	25
39	35	81	96	42	24	23	25
38	37	148	125	54	26	24	25
28	33	161	147	67	27	23	23
28	32	174	149	67	26	25	22
27	34	181	152	70	27	23	22
28	38	177	143	70	30	24	22
27	35	130	135	62	28	23	22
29	36	114	100	51	29	23	23
29	37	100	107	49	27	20	23
29	36	87	116	48	28	22	22
26	32	88	114	46	27	21	24
30	34	85	105	50	29	21	22
29	36	135	124	70	30	22	21
31	36	136	126	77	31	25	25
