0	1	2	3	4	5	6	7
513	210	194	310	262	791	324	308
462	240	208	297	259	789	343	315
508	252	191	311	265	818	373	345
510	252	185	295	254	736	383	337
488	229	179	365	232	649	367	301
447	212	155	372	198	541	420	273
508	182	124	375	191	608	424	259
486	127	114	367	186	682	416	266
583	131	123	386	176	875	433	313
644	151	138	421	150	913	406	301
673	164	139	423	148	915	419	310
667	169	148	421	152	884	469	305
669	176	154	459	193	912	480	310
545	162	171	475	196	751	483	260
469	149	165	374	186	653	475	250
500	134	160	337	187	692	453	333
586	121	160	339	181	725	395	365
582	111	157	294	141	754	385	332
590	111	141	273	144	678	346	325
684	109	122	287	155	690	351	368
645	117	119	279	172	746	310	300
521	109	114	324	183	715	332	257
487	120	124	335	177	529	315	255
491	131	128	299	165	531	320	276
399	129	131	271	157	606	345	225
410	138	126	260	131	483	320	227
459	143	128	188	112	443	271	234
457	145	116	181	109	431	277	232
605	135	104	187	116	467	291	266
602	156	118	187	130	474	236	292
575	157	119	197	111	501	210	278
543	158	115	193	109	504	240	282
608	150	111	152	111	517	281	305
572	156	104	220	109	495	251	288
558	145	94	242	87	388	256	259
577	129	94	247	93	368	294	258
569	130	90	243	93	353	297	246
576	127	102	261	91	367	270	269
497	125	119	245	86	395	314	241
478	117	116	229	85	361	306	236
475	114	122	226	82	318	305	228
553	109	121	239	83	407	394	297
467	113	128	248	75	423	390	250
453	108	130	216	72	376	360	255
469	101	134	201	74	378	388	267
500	104	122	190	92	386	388	300
418	113	153	224	92	312	274	243
411	111	145	267	99	256	309	242
407	112	138	265	98	222	348	232
380	115	136	272	102	217	335	215
337	121	143	274	90	307	308	180
433	127	119	237	96	291	308	241
447	131	117	148	88	282	379	250
437	122	110	138	91	291	352	251
424	120	103	129	88	319	339	242
414	117	102	133	82	215	345	227
369	129	109	132	78	198	371	166
379	129	113	146	90	189	258	156
371	134	126	184	92	174	237	157
390	141	126	186	98	104	234	187
390	135	132	200	105	139	363	212
314	121	131	207	111	202	358	195
283	123	129	197	106	212	355	206
331	125	154	154	103	211	358	248
394	114	161	175	95	221	411	291
434	119	155	171	96	303	386	316
443	117	145	175	112	283	365	318
477	123	146	245	140	280	430	349
490	123	107	257	165	450	543	397
527	135	97	240	170	489	541	385
490	135	123	243	177	438	492	355
596	176	171	285	177	426	500	412
613	174	169	284	165	431	485	407
598	184	175	292	153	302	603	351
542	185	182	303	159	232	634	322
571	184	163	304	178	224	651	336
460	139	125	276	181	271	735	261
388	130	121	271	178	312	770	210
361	109	122	286	211	295	628	208
347	96	114	324	249	381	671	268
302	88	115	356	336	564	776	272
303	93	105	408	474	627	770	271
310	110	123	415	531	617	731	283
559	121	118	419	538	611	841	489
599	132	124	437	548	658	823	479
608	150	180	441	529	621	761	482
606	151	184	393	415	543	739	480
607	148	179	386	391	565	806	476
544	139	181	409	424	612	818	415
501	136	188	383	412	551	768	403
483	132	141	351	370	435	714	386
499	126	148	424	404	456	737	400
495	116	139	408	353	464	774	400
352	115	135	401	289	415	673	242
422	105	117	425	270	363	665	265
501	88	123	519	387	420	862	290
568	86	102	457	342	476	884	280
572	86	105	446	372	443	771	280
532	87	121	430	392	434	775	251
483	93	154	421	462	445	780	229
475	101	149	334	416	402	612	211
380	104	172	424	444	382	495	212
395	128	182	456	455	374	524	208
425	131	180	493	443	425	495	225
404	125	153	498	391	510	514	222
334	117	147	483	359	504	460	205
351	133	153	489	382	463	434	215
388	119	147	508	369	468	429	213
400	118	141	526	370	504	377	257
439	128	140	492	339	447	366	260
439	128	146	522	415	436	339	259
421	114	120	457	368	428	414	249
430	106	114	411	379	421	398	250
428	102	110	327	401	307	422	204
372	103	121	327	434	272	408	171
346	110	116	272	363	271	436	200
342	102	103	256	370	477	394	184
269	100	106	280	348	493	380	195
