0	1	2	3	4	5	6	7
169	231	100	66	74	442	378	358
184	241	103	62	63	396	274	257
259	232	119	92	101	444	211	276
263	222	113	97	102	552	268	285
260	217	107	98	115	502	276	275
304	354	116	100	119	492	295	327
291	359	115	102	136	623	302	460
222	353	103	94	140	608	335	487
238	422	112	87	138	520	318	496
326	569	148	90	131	476	306	488
299	510	134	88	129	566	285	480
293	511	139	90	114	500	268	384
329	603	148	89	106	516	256	392
331	569	148	114	155	550	277	443
248	444	120	121	165	637	318	535
276	445	131	148	179	739	595	585
326	438	130	152	186	773	647	635
338	363	127	154	187	769	659	626
337	354	132	157	163	913	722	682
358	334	131	155	169	1017	808	668
354	349	143	174	212	956	756	644
387	346	148	200	241	965	745	633
363	301	149	206	271	1006	741	673
355	352	144	205	284	882	694	575
364	442	142	203	298	772	612	589
353	442	138	207	286	804	548	657
281	473	136	188	263	714	524	609
299	574	153	178	233	665	517	607
306	590	153	167	222	674	500	614
286	582	164	167	195	680	554	604
378	576	149	125	170	552	550	502
399	556	154	117	174	555	556	580
387	450	147	130	191	648	646	556
406	457	141	124	171	738	674	569
424	476	144	140	178	659	623	490
348	487	154	137	169	675	566	518
324	486	162	148	176	748	559	544
353	588	147	136	161	694	503	535
355	573	152	148	178	572	462	556
401	525	144	133	173	733	521	638
417	515	132	128	169	757	573	663
437	523	132	185	189	698	576	578
420	425	138	196	184	740	598	671
394	395	137	196	198	826	595	652
311	392	138	208	209	688	515	597
341	452	138	211	212	650	459	590
306	430	119	165	201	739	497	657
284	393	134	160	220	724	491	660
344	416	137	153	204	614	517	647
385	422	140	145	201	601	513	648
341	383	148	151	213	607	626	678
357	384	147	130	192	532	594	620
445	432	148	117	155	439	538	493
428	425	153	108	140	408	512	492
408	391	139	94	122	446	537	591
438	336	127	75	102	510	430	582
474	335	125	84	104	468	424	565
426	290	107	86	103	445	419	554
407	258	115	108	125	508	413	604
391	247	118	114	156	597	504	577
434	301	137	125	158	561	462	488
407	313	143	121	155	540	450	565
376	289	136	115	153	538	480	583
412	272	119	105	156	514	596	700
499	304	139	101	161	396	539	646
446	268	125	92	153	339	531	638
428	249	128	91	151	371	586	593
427	267	134	105	158	461	570	685
476	292	154	100	136	476	427	567
385	282	136	97	114	464	393	576
360	302	149	99	137	472	406	612
368	308	142	103	151	554	439	647
379	310	135	98	146	569	473	571
254	382	116	103	155	532	484	508
319	406	122	108	142	529	475	525
332	407	103	102	117	525	588	684
351	419	103	107	105	470	565	645
378	486	123	126	130	349	557	609
380	472	139	117	125	331	547	605
325	462	138	112	138	317	578	613
336	439	136	114	147	328	608	565
301	435	139	123	149	435	629	577
263	364	122	100	128	456	606	611
393	445	113	108	125	453	627	644
420	432	110	104	107	478	606	679
421	454	114	120	175	477	502	649
415	579	130	144	204	290	433	633
408	591	155	162	218	261	524	665
277	495	163	173	231	340	522	764
301	518	168	180	231	364	610	790
298	593	174	168	186	336	603	764
345	578	188	139	171	334	585	769
353	584	203	122	161	426	660	771
385	601	209	170	207	405	786	689
341	674	216	193	250	351	746	639
333	705	226	201	244	354	727	583
306	639	210	202	229	368	783	674
316	653	215	330	293	336	861	703
296	649	201	314	262	358	822	692
300	557	203	299	220	348	791	643
303	478	221	299	226	345	804	653
289	504	228	300	232	342	779	615
297	518	209	178	163	286	608	722
336	595	229	174	184	198	580	705
333	619	253	232	190	202	655	697
312	575	237	269	219	217	730	764
449	586	264	281	258	372	926	787
450	643	287	280	258	388	923	623
422	691	293	293	246	388	867	604
442	711	291	298	265	405	849	616
474	816	376	281	267	404	827	602
417	846	391	271	228	261	583	535
399	824	386	252	236	205	532	525
399	754	378	224	232	194	537	539
418	772	421	190	230	164	506	670
401	795	391	202	218	178	498	639
337	745	377	206	239	168	507	643
332	727	382	220	240	159	479	629
320	757	381	222	235	165	483	660
333	829	343	209	220	156	498	660
331	832	388	382	267	129	417	619
365	831	374	403	284	119	369	599
361	802	364	406	282	121	389	720
383	791	365	422	285	140	571	778
339	700	337	432	320	183	609	744
367	626	257	317	349	188	620	758
334	639	252	311	348	207	624	769
348	658	244	312	355	240	623	690
395	679	309	388	447	250	474	724
486	738	337	391	435	274	459	649
464	662	306	357	376	274	486	636
454	735	311	363	398	266	505	604
538	760	357	383	429	258	607	642
523	698	301	290	340	253	647	565
434	596	262	270	325	217	578	599
462	639	261	258	340	253	609	616
496	649	270	212	294	262	630	632
407	591	194	188	238	245	550	674
356	588	177	258	254	239	666	661
363	631	177	269	256	223	715	756
345	647	178	276	237	165	661	734
303	524	157	291	229	137	678	762
283	569	162	288	212	220	692	688
297	544	164	234	203	247	615	700
297	517	168	206	192	249	603	590
298	593	186	239	246	255	582	603
321	639	179	225	257	317	559	651
321	605	175	237	253	307	695	742
370	691	204	226	248	287	621	676
385	695	218	223	248	289	581	665
347	651	200	186	196	286	584	638
314	628	189	192	208	238	543	574
