0	1	2	3	4	5	6	7
168	125	105	155	115	468	487	515
176	125	107	159	124	355	466	420
184	117	104	160	122	336	510	490
179	103	94	177	150	380	546	520
153	95	75	134	154	362	523	511
144	100	71	134	139	300	441	489
117	96	65	138	150	288	440	503
121	93	64	139	155	344	428	550
130	108	65	105	131	326	399	561
145	119	71	109	156	321	350	540
174	110	72	113	159	316	354	590
173	112	78	100	147	337	375	580
163	118	77	91	148	275	317	485
153	106	81	99	161	244	342	544
153	98	81	101	144	274	406	669
135	103	91	99	149	327	423	657
160	95	83	113	171	304	403	665
156	90	86	118	173	313	391	638
158	87	81	110	156	341	345	665
145	76	76	106	158	358	399	537
138	69	64	102	157	321	404	494
111	66	64	79	131	333	399	521
110	65	61	89	131	328	410	553
123	63	58	100	142	288	415	459
147	63	56	99	152	231	339	507
167	55	53	99	153	217	291	499
172	66	49	100	151	197	294	547
178	64	47	86	143	198	307	558
176	69	59	94	141	201	304	522
161	70	57	95	118	201	274	524
141	72	59	95	106	203	325	521
126	70	64	98	102	188	362	470
127	77	67	97	92	222	361	454
117	69	62	76	81	218	407	487
