0	1	2	3	4	5	6	7
248	262	104	135	170	535	300	459
259	278	104	135	182	639	418	531
305	316	98	127	173	635	418	554
256	282	98	118	161	572	411	458
217	252	92	110	152	590	422	569
222	258	104	100	141	632	417	573
219	259	100	91	123	567	440	529
154	258	106	90	115	541	435	460
188	247	128	119	147	542	433	480
232	271	136	124	138	527	428	346
256	287	135	129	133	500	415	356
268	271	136	134	135	460	266	339
264	250	132	140	147	648	262	327
239	250	110	126	144	833	337	349
278	235	107	133	144	864	399	405
332	241	117	140	154	837	418	393
338	269	121	143	163	833	462	418
365	260	122	148	164	797	539	535
370	274	121	163	173	647	524	542
366	521	128	152	176	660	491	510
332	534	133	147	186	775	628	598
374	543	152	182	232	770	635	585
463	646	173	209	256	710	602	496
465	648	191	214	247	805	745	506
450	472	184	212	255	793	773	511
497	526	207	233	264	681	685	430
495	513	202	226	260	731	683	441
405	386	184	200	236	717	702	426
440	453	167	184	234	610	575	351
426	477	171	187	246	646	587	359
381	398	127	167	257	776	653	433
334	390	116	142	218	777	693	495
387	398	120	145	219	740	663	498
337	303	114	161	260	824	635	497
327	270	109	161	256	791	598	477
291	309	104	160	236	729	598	397
293	315	106	161	235	676	594	290
233	310	111	152	232	730	585	452
283	349	124	150	196	666	586	530
314	391	148	172	193	643	630	649
314	342	152	157	176	592	529	632
332	389	149	163	174	585	440	650
330	413	150	178	191	637	484	678
293	396	164	176	168	602	485	668
259	351	137	161	165	647	393	551
298	390	154	185	182	665	433	568
271	345	152	180	179	748	455	551
326	314	145	163	159	711	513	441
374	328	123	150	187	687	541	398
421	423	126	148	170	619	554	433
395	423	97	121	166	707	561	450
415	408	93	113	178	632	649	506
371	402	83	116	184	554	573	451
403	439	87	116	164	555	553	437
357	351	92	107	160	611	562	429
363	312	105	103	158	652	567	402
442	355	172	132	164	670	546	360
475	353	185	129	156	669	567	392
459	274	189	174	183	641	551	416
468	268	190	178	195	606	703	403
469	279	187	178	208	581	782	481
442	241	135	161	197	558	815	468
461	275	137	184	229	645	817	576
538	293	133	230	239	821	871	692
578	299	131	253	245	900	789	718
622	338	133	260	237	789	742	664
579	348	164	266	239	773	700	675
629	327	163	269	214	891	820	725
603	311	161	201	181	840	937	664
608	477	189	167	168	741	944	645
607	499	191	161	161	734	911	669
707	510	167	158	153	788	1001	696
668	513	157	228	205	724	1067	571
640	569	201	369	270	642	994	527
611	467	195	405	282	628	1002	551
588	410	201	419	308	669	1084	744
469	409	204	417	313	745	1036	821
393	403	204	379	278	622	876	826
334	363	155	263	216	578	793	803
343	337	130	212	202	627	836	824
452	330	122	201	175	759	758	805
462	310	109	205	163	665	663	712
535	300	111	190	160	638	607	690
532	266	136	160	150	656	634	760
504	243	135	169	244	753	547	763
423	245	141	206	266	621	636	649
448	351	142	208	274	560	620	632
386	379	146	207	281	567	659	687
375	380	136	205	278	578	708	720
373	420	146	196	197	394	694	688
347	420	134	137	150	305	599	632
325	321	134	128	137	333	639	772
285	297	152	149	130	342	678	747
328	293	154	154	157	420	765	665
340	274	149	150	153	454	839	643
311	324	167	174	167	474	856	640
301	318	164	234	182	515	1010	465
306	297	146	233	193	616	983	523
284	325	147	249	179	546	903	500
402	332	158	253	200	503	820	490
395	314	144	230	184	485	798	550
377	320	154	170	179	488	655	625
404	355	175	161	173	424	703	588
436	318	184	150	179	407	719	608
323	305	174	150	199	404	739	666
444	272	171	174	203	468	790	703
448	358	184	199	202	415	780	677
434	326	159	205	198	346	806	656
435	365	146	193	191	358	757	634
440	385	183	188	169	367	751	578
361	411	189	197	202	388	890	552
354	365	183	183	215	413	835	538
412	399	195	173	212	405	753	514
365	409	200	170	206	381	747	521
368	373	168	164	203	400	786	588
339	342	164	134	178	350	601	611
407	364	155	181	167	312	659	657
344	378	165	255	176	293	668	707
345	342	149	272	184	308	683	718
352	366	146	269	160	279	754	760
372	392	157	270	148	309	769	715
305	433	168	234	147	396	767	634
300	395	145	170	156	409	747	565
332	471	162	176	156	416	755	637
366	509	162	186	184	618	646	655
383	555	160	200	202	636	637	755
371	541	144	196	187	590	583	745
370	585	151	202	179	588	613	798
346	553	148	217	206	589	685	828
291	506	155	255	218	443	752	734
266	457	173	262	223	369	752	706
270	426	178	265	242	369	769	744
255	358	184	289	274	386	747	726
277	390	180	283	268	499	746	683
307	383	173	257	261	470	739	743
312	458	146	239	248	480	704	665
303	456	157	235	235	478	697	650
340	467	141	182	189	581	773	740
315	426	130	151	185	516	739	690
287	446	137	138	171	513	682	625
249	352	130	137	171	493	828	615
267	335	113	149	199	522	852	628
219	318	111	161	197	464	825	514
222	269	117	158	185	425	767	531
278	267	97	148	171	390	725	542
276	268	103	153	175	469	633	615
322	264	123	147	142	584	765	621
329	282	124	199	151	553	755	600
321	292	129	247	205	566	787	561
286	265	129	247	205	668	907	598
295	265	121	244	199	770	824	680
274	280	98	241	196	660	720	666
285	366	94	189	196	642	736	714
291	370	76	126	129	658	742	764
269	370	85	134	158	580	673	781
313	362	94	194	191	392	709	647
277	344	104	211	199	441	681	634
262	249	127	227	208	501	621	577
312	257	128	238	215	543	649	579
332	312	133	242	210	538	640	484
