0	1	2	3	4	5	6	7
237	279	456	500	154	108	394	176
247	308	483	524	158	115	374	183
241	318	482	512	155	119	366	180
232	280	448	453	137	117	336	181
233	254	424	374	106	115	337	206
225	221	364	276	86	126	306	165
216	178	372	255	85	128	277	157
219	156	389	250	81	126	277	148
227	171	372	222	72	133	388	160
236	223	365	230	74	129	388	128
232	209	369	245	69	104	373	119
215	206	349	217	64	104	459	117
239	217	335	235	75	117	471	138
254	213	275	235	73	119	424	135
244	157	294	235	74	123	423	155
237	162	278	231	77	123	443	151
285	214	284	253	79	109	375	160
271	204	283	270	82	111	377	155
264	200	282	281	88	125	392	154
273	231	274	280	93	128	393	135
279	273	269	281	99	130	373	149
292	243	236	267	99	139	392	174
352	296	227	305	112	149	368	215
338	300	233	300	110	131	308	218
334	279	222	297	105	123	306	223
346	241	258	281	98	130	314	228
314	231	258	299	117	136	268	212
278	175	278	218	96	125	242	172
294	161	284	206	97	130	236	168
280	152	261	195	107	136	255	163
321	161	217	206	109	143	381	153
320	164	249	200	91	178	424	139
299	213	224	223	90	167	428	125
310	217	220	216	94	161	426	142
313	215	222	213	85	165	407	140
331	281	255	248	89	152	284	131
339	294	245	249	86	128	360	131
338	266	347	262	89	144	430	138
411	310	399	292	97	160	472	210
431	420	446	294	97	151	503	231
384	395	488	276	91	149	498	230
467	413	531	278	93	122	460	296
522	420	519	306	104	136	402	324
484	413	501	296	95	151	405	304
511	321	471	306	94	158	387	296
587	307	461	342	124	164	454	304
577	280	404	343	129	207	422	273
594	288	356	297	123	208	435	274
660	363	416	336	135	191	393	264
668	445	468	341	151	206	408	279
619	493	427	327	133	206	370	296
599	488	454	341	137	161	343	297
546	470	467	399	149	159	322	281
466	390	416	427	140	152	308	291
590	341	404	459	135	126	321	325
582	260	430	463	141	128	310	312
569	263	426	462	135	129	341	302
595	288	474	529	150	103	340	322
579	306	504	496	172	159	511	328
390	265	497	477	169	163	494	275
382	260	558	582	181	170	538	267
400	267	683	646	183	191	572	263
425	326	712	567	162	189	602	268
427	368	728	579	145	153	518	236
517	347	735	609	145	149	565	301
523	371	740	531	118	142	544	314
523	412	738	529	126	123	523	336
534	399	767	552	168	185	620	324
541	367	853	609	199	199	630	313
455	369	867	588	196	204	574	261
518	352	849	650	210	205	562	286
569	346	853	623	216	238	565	274
524	303	872	688	200	199	468	266
563	343	919	774	196	190	408	276
579	352	1061	823	206	196	451	310
636	413	1115	782	213	214	473	299
617	407	1086	912	245	243	608	278
602	408	1089	898	249	250	604	255
639	422	1076	827	239	257	702	255
637	414	979	788	239	258	737	220
525	354	926	776	233	248	751	212
559	346	889	618	197	172	619	225
625	346	804	572	201	174	680	252
583	289	684	504	185	157	605	268
586	305	623	521	181	148	544	257
575	312	636	589	181	141	510	236
486	307	713	650	204	180	569	245
442	296	716	726	190	174	573	237
466	290	707	796	210	172	558	221
454	299	750	884	228	197	647	213
511	305	789	846	231	247	723	267
530	290	774	825	212	223	693	259
501	282	773	777	213	213	604	256
492	279	777	690	203	219	590	250
545	263	774	614	188	198	588	249
519	263	713	608	183	122	569	211
540	259	727	579	185	119	657	198
565	277	806	543	176	122	651	181
538	264	862	617	184	116	671	181
551	248	796	519	174	148	740	334
552	250	828	574	215	164	673	328
550	298	753	614	231	179	578	329
599	295	686	598	229	188	583	385
575	286	666	593	238	204	585	386
503	278	741	620	242	191	385	269
498	268	753	582	195	184	372	267
469	203	834	525	162	171	366	265
367	173	859	540	167	173	485	181
360	170	791	522	151	168	458	175
411	182	770	548	181	167	427	165
428	184	755	634	206	167	426	160
404	174	716	652	211	178	439	151
429	195	658	684	223	165	305	142
467	207	704	681	222	145	323	167
429	203	721	646	193	126	321	168
476	189	690	513	170	123	341	204
489	192	640	477	190	123	359	219
488	180	667	449	176	120	359	236
449	185	647	485	171	131	314	243
548	177	589	566	192	149	425	268
463	166	576	587	207	144	414	234
466	171	639	691	204	137	382	218
443	178	649	722	215	144	357	199
478	175	629	714	220	134	506	182
359	173	640	677	214	133	453	172
369	167	631	751	214	134	444	172
334	162	615	638	193	169	486	172
344	145	601	577	176	178	507	187
299	126	642	518	163	183	363	180
348	136	607	521	184	173	326	157
361	149	619	487	185	180	339	187
399	159	625	509	208	150	327	202
378	167	593	568	219	142	302	184
402	167	560	547	216	142	310	189
413	154	611	528	183	135	315	197
412	168	642	455	165	120	294	168
388	150	612	416	132	112	220	149
377	139	621	308	108	109	244	150
362	134	627	339	107	106	304	133
303	136	602	328	112	106	303	117
278	110	656	531	148	111	331	110
302	116	623	571	160	121	352	122
325	128	631	581	162	135	341	124
304	132	611	611	170	141	277	117
