0	1	2	3	4	5	6	7
272	233	101	63	35	133	112	117
233	276	158	60	43	144	116	116
254	304	164	61	46	145	118	118
262	276	157	61	45	148	134	116
234	261	157	64	43	136	158	103
208	267	172	105	53	80	157	88
254	197	112	106	53	82	154	102
242	155	136	115	51	84	151	102
249	149	162	148	58	81	125	98
261	172	172	160	63	78	84	102
274	152	163	138	56	75	70	104
261	174	181	136	51	46	72	95
258	168	162	136	51	37	95	113
267	159	166	129	47	36	96	131
283	149	159	112	43	32	80	122
286	155	166	113	42	30	82	132
260	145	178	110	42	36	82	142
290	147	179	102	40	37	51	132
289	153	158	66	34	35	48	116
279	144	155	73	36	35	239	130
268	134	146	73	43	58	432	137
279	145	124	77	44	59	462	130
307	208	163	105	43	60	465	154
288	212	180	108	50	61	472	148
298	228	206	114	53	63	416	183
315	237	247	192	56	42	220	196
321	237	269	211	68	92	148	199
265	220	254	204	70	122	139	178
271	223	244	220	73	134	139	182
369	249	235	230	72	136	129	198
364	254	203	182	71	138	113	173
362	242	160	160	61	113	115	172
363	225	170	159	61	177	123	173
349	218	164	132	56	205	128	168
212	176	152	112	59	209	118	92
220	167	142	105	53	210	119	117
215	198	140	102	52	217	116	114
269	191	163	126	57	152	119	119
280	205	213	144	61	118	197	119
285	205	232	144	63	263	220	121
270	224	236	137	64	290	221	110
255	191	238	137	63	294	239	107
203	221	208	131	60	295	304	127
200	213	172	111	55	293	255	133
229	206	142	106	50	201	255	138
222	184	126	98	47	209	256	139
285	264	161	109	51	199	366	139
299	250	235	122	52	197	358	136
294	243	231	128	56	257	392	133
281	278	235	129	54	288	561	146
318	286	264	138	56	285	610	144
275	221	254	152	60	294	553	142
305	227	196	146	72	314	533	147
314	227	196	150	78	291	507	148
317	183	211	151	84	261	314	132
278	169	186	147	85	241	221	126
274	209	181	140	83	237	226	140
234	192	166	124	73	253	218	121
241	200	162	128	73	328	253	114
265	235	140	126	68	327	266	124
278	272	143	122	66	323	308	124
312	249	135	103	67	323	392	127
313	250	134	97	66	379	409	145
330	266	134	89	64	302	400	161
305	257	138	93	64	288	396	146
290	222	121	97	63	280	356	148
266	230	117	93	59	346	291	143
280	261	116	87	63	366	415	141
318	383	109	71	55	391	476	139
449	491	161	118	112	397	475	162
494	519	196	143	149	429	584	178
510	520	201	147	155	399	690	173
562	576	241	174	171	322	643	178
540	515	250	176	173	282	600	166
478	462	263	180	181	322	710	184
479	486	263	173	172	460	673	188
539	513	284	186	180	494	673	222
572	540	405	188	197	483	664	250
592	569	426	236	265	504	669	269
600	554	403	223	248	476	590	257
608	607	403	248	250	359	699	288
623	613	410	267	273	493	786	308
574	654	292	272	280	669	996	291
591	675	319	263	236	721	1146	284
578	702	416	285	260	728	1143	296
610	658	414	281	283	728	1189	271
562	653	414	265	279	620	1086	223
553	566	428	266	273	445	947	205
565	557	548	318	310	391	842	218
574	555	503	322	298	420	870	221
542	541	506	313	285	457	709	210
544	559	499	315	279	458	699	212
573	543	522	369	316	464	615	213
512	511	372	323	281	486	551	194
478	494	335	290	266	563	579	163
429	512	315	276	248	519	608	160
372	470	306	270	234	516	578	144
262	440	206	157	147	506	566	128
329	438	150	137	179	528	501	123
336	380	163	142	184	618	390	134
363	338	203	148	195	634	262	125
356	360	192	133	190	624	270	126
373	398	200	133	190	623	273	133
346	390	206	104	138	602	272	143
404	441	206	133	155	427	232	137
392	450	208	175	145	384	217	134
400	423	212	176	137	386	197	131
389	402	200	173	131	408	197	125
368	405	187	174	122	353	222	111
362	368	199	158	95	314	259	94
345	346	152	99	77	480	323	95
420	440	162	120	104	541	380	141
450	500	251	157	118	516	399	152
474	484	256	155	119	504	404	152
535	498	247	145	115	538	491	161
627	555	271	158	141	426	711	195
659	605	270	208	222	361	735	206
654	556	215	195	231	355	729	206
636	544	219	192	227	377	774	206
644	642	217	203	253	323	752	213
571	615	200	223	283	291	541	189
495	544	193	188	242	516	640	164
558	634	199	195	234	582	716	172
666	736	264	200	252	561	671	186
607	677	278	202	257	558	648	182
591	687	325	203	247	624	808	199
598	680	363	199	243	548	776	218
531	585	350	184	238	484	724	206
403	459	298	180	225	498	710	193
337	409	289	192	215	551	686	188
352	365	229	173	193	487	465	176
304	321	165	182	169	375	292	138
276	310	173	193	185	433	241	146
247	317	184	196	185	625	234	157
337	317	173	184	172	620	237	162
445	288	186	189	171	620	223	141
471	284	173	157	175	703	220	160
507	320	177	148	160	680	206	149
533	390	175	145	155	497	197	149
506	409	172	143	154	438	193	133
409	432	159	127	137	479	190	132
373	423	161	130	124	396	189	106
398	427	136	119	117	401	224	113
385	428	135	120	118	405	326	107
355	390	133	99	92	417	465	117
365	385	141	93	75	343	491	144
388	421	140	92	81	354	543	148
319	435	145	95	83	361	546	154
306	438	154	133	116	386	675	151
341	453	156	137	119	378	645	144
398	564	165	154	157	398	646	129
457	590	174	160	163	328	632	124
466	591	199	178	170	341	785	248
512	622	226	165	158	374	806	277
569	715	241	164	161	378	847	285
596	748	304	226	234	372	852	298
583	759	354	236	254	439	875	306
633	763	350	228	254	417	752	220
692	737	345	231	260	376	591	186
680	740	389	261	314	396	502	256
700	712	403	207	274	406	607	269
685	707	370	231	302	487	731	282
719	698	374	237	310	499	819	310
650	663	384	263	348	494	825	313
616	561	332	237	308	483	818	286
566	590	306	242	292	487	773	263
624	604	385	222	269	421	685	273
552	667	403	220	262	377	564	255
539	679	405	182	211	368	560	271
528	700	443	196	217	350	574	248
488	668	416	181	208	310	543	261
410	639	352	161	169	248	442	231
363	573	337	226	252	429	476	268
324	566	341	243	259	463	436	256
322	567	285	225	239	486	381	249
292	449	260	219	236	607	413	280
253	398	225	218	238	623	446	295
255	381	198	136	136	521	391	250
311	366	123	106	120	511	394	264
319	382	142	111	124	536	387	272
321	377	147	114	119	409	295	221
351	383	157	113	111	340	204	196
415	366	149	114	112	394	258	203
378	347	144	85	80	404	271	178
397	258	119	76	72	355	273	189
393	261	119	70	66	346	250	183
366	282	137	77	80	345	234	183
313	271	149	96	92	263	168	178
327	262	153	101	95	260	185	177
302	268	156	104	100	293	345	170
441	400	174	118	121	293	426	222
459	482	215	142	166	290	431	240
454	502	213	150	178	343	663	254
498	558	229	153	179	440	772	262
617	620	240	167	200	412	789	262
620	599	305	210	262	429	775	224
637	585	323	221	280	474	800	215
638	645	460	297	390	607	703	188
622	654	466	322	427	570	719	219
517	633	486	346	452	600	718	216
479	582	449	340	439	603	714	272
518	574	453	342	429	566	766	296
526	513	338	275	330	463	735	327
525	497	328	253	294	404	637	320
515	483	424	247	265	356	558	320
441	510	434	231	243	409	568	278
385	448	418	205	216	415	470	244
465	484	412	201	213	376	502	266
435	432	408	192	201	401	623	299
415	390	270	141	171	578	818	330
428	360	247	111	145	633	920	342
451	385	210	101	134	633	940	348
337	305	186	91	120	630	903	305
319	309	191	98	124	697	799	264
341	338	207	101	112	571	589	245
367	339	202	101	105	467	369	227
296	338	198	99	105	485	289	226
330	442	223	97	101	496	314	258
341	467	239	89	83	423	280	243
355	439	231	82	75	413	264	217
358	444	231	85	77	393	240	209
358	468	228	89	73	393	244	201
340	386	216	87	71	423	148	160
350	391	189	77	69	369	152	158
332	390	180	77	67	364	162	150
296	365	165	81	71	355	180	148
311	290	156	94	105	351	210	146
295	263	114	104	121	307	329	134
284	199	106	115	134	327	381	130
264	220	124	129	134	320	383	103
249	246	160	160	162	323	398	103
230	250	213	249	326	343	513	142
303	406	240	283	373	313	486	141
347	430	262	304	403	298	510	147
376	416	263	315	440	383	619	179
438	428	265	343	466	467	749	188
480	520	295	419	432	468	687	164
501	464	318	446	425	618	959	175
500	497	310	443	407	672	1090	186
536	596	317	439	378	653	1068	179
504	586	318	420	361	611	998	174
465	543	297	311	339	644	1000	170
474	591	265	267	338	563	766	192
548	682	256	278	384	510	544	189
513	599	250	271	379	493	519	194
502	604	230	246	355	484	492	196
491	571	171	208	296	462	474	191
425	476	198	286	383	628	436	203
270	235	206	292	405	720	490	202
210	227	188	302	422	722	459	179
203	205	185	304	423	719	439	180
209	230	203	318	435	692	419	181
174	221	152	220	333	472	449	140
184	231	137	166	235	272	340	135
282	310	148	147	197	237	304	159
285	335	163	158	213	214	308	166
307	346	152	134	191	204	396	212
340	388	162	120	164	245	471	223
341	398	161	118	145	288	478	235
285	350	150	108	134	292	485	223
284	321	143	81	92	300	482	220
267	305	147	79	82	334	421	190
283	406	169	85	84	417	230	190
286	511	198	84	79	411	222	188
387	565	208	90	80	428	281	205
421	661	223	102	91	446	299	228
448	701	237	104	93	464	333	254
510	709	285	122	105	383	393	256
543	730	293	124	106	365	391	248
483	731	291	126	115	360	475	251
492	672	291	160	167	406	616	229
566	697	303	171	179	370	609	215
552	743	279	165	170	341	575	204
557	700	255	176	189	342	620	239
582	684	282	218	274	459	635	248
564	715	279	213	254	451	548	266
490	716	328	233	286	444	544	253
430	618	301	228	293	459	653	263
401	563	305	245	310	483	645	232
373	578	287	212	244	358	541	213
420	613	332	221	256	299	496	219
408	634	297	217	247	302	634	277
488	680	309	233	270	304	675	290
599	693	316	232	280	262	699	318
580	663	324	299	348	302	695	315
536	569	295	308	371	457	686	292
549	458	260	301	367	567	595	268
524	444	267	301	361	555	414	262
416	437	269	314	345	553	310	218
466	424	246	254	273	553	333	234
513	418	208	220	218	456	363	269
567	454	198	213	208	321	547	248
574	440	161	198	183	340	553	234
557	412	135	151	151	472	548	233
510	416	162	165	163	462	538	213
475	456	180	179	183	443	532	198
374	409	172	168	160	424	258	183
272	294	183	165	152	504	224	177
260	308	174	149	149	432	272	187
264	311	143	139	157	426	278	186
248	243	113	105	125	420	243	150
236	226	109	98	120	452	237	137
236	231	77	93	117	445	233	119
332	260	100	102	133	421	241	149
330	233	105	71	90	410	237	151
314	234	124	74	90	412	232	145
313	239	124	75	92	405	227	183
335	234	126	74	92	285	225	231
234	181	110	65	66	238	152	201
237	204	132	57	62	231	121	197
231	210	128	53	59	237	115	198
247	207	132	51	49	169	135	170
307	201	137	51	48	159	141	130
313	196	137	46	47	156	129	143
306	161	110	46	42	156	132	141
321	157	114	47	42	117	133	144
347	169	125	48	44	127	142	147
263	147	120	45	42	134	163	124
261	154	119	46	43	136	207	161
279	161	114	43	42	126	207	172
277	149	93	39	41	112	209	177
228	137	75	39	39	78	197	178
271	138	69	39	47	152	208	201
273	132	73	38	47	162	167	168
326	140	83	40	49	167	168	158
418	167	79	37	46	168	188	174
426	161	73	36	46	171	178	180
410	166	80	38	40	102	129	148
410	166	88	36	38	76	160	161
385	147	95	35	34	91	179	182
576	133	105	36	40	92	167	256
614	145	108	35	42	87	165	257
625	137	109	39	44	84	179	263
620	130	99	42	43	85	158	253
615	141	87	44	43	57	137	237
375	130	78	42	37	58	129	131
312	119	77	46	40	78	135	114
317	129	68	55	46	88	140	108
454	138	75	78	52	87	140	167
482	123	78	86	59	100	147	197
471	132	82	95	66	234	166	201
469	173	88	95	67	247	163	198
454	170	88	94	66	251	197	198
447	176	114	124	98	254	227	202
474	180	152	148	110	259	225	183
494	171	151	147	107	174	215	194
495	126	148	146	106	166	222	195
503	120	150	145	104	160	209	191
426	124	139	112	73	158	222	170
390	124	123	91	55	142	221	162
351	125	127	90	65	168	225	150
364	136	129	89	62	166	231	161
385	157	152	93	68	167	218	173
354	132	150	106	71	169	168	161
300	132	134	90	64	186	215	171
317	133	138	92	57	224	284	182
299	129	145	98	65	221	296	174
244	102	120	126	62	218	283	162
290	118	144	128	58	215	283	153
384	116	144	127	59	271	267	195
467	168	139	121	57	227	216	222
481	190	155	126	60	221	219	219
488	190	174	105	64	228	226	218
471	184	151	87	65	312	227	209
463	181	147	89	64	268	211	203
408	138	162	98	81	250	175	158
401	129	188	133	89	252	136	178
413	129	174	123	89	258	196	190
408	136	172	121	86	184	252	212
388	144	173	119	85	182	255	212
460	139	157	113	69	188	262	241
565	126	162	56	67	187	300	258
563	129	165	73	70	174	267	254
549	123	179	87	78	138	210	241
574	126	181	92	96	113	219	305
500	161	219	99	98	95	218	288
390	157	183	99	89	83	168	269
380	169	183	87	83	71	149	269
457	169	169	74	76	59	173	311
439	169	184	94	96	62	215	232
437	164	153	108	105	61	230	246
441	161	147	110	107	86	229	278
471	149	144	114	109	126	244	281
430	145	151	114	115	131	263	241
507	144	129	101	87	126	218	249
562	119	111	82	75	127	199	240
557	114	108	78	71	111	196	216
540	125	108	72	66	81	207	218
509	123	94	71	59	82	163	210
379	115	88	61	59	80	165	182
282	103	84	59	61	98	158	172
271	100	77	58	61	175	163	147
294	100	82	64	64	189	144	133
292	98	82	59	63	187	136	121
279	108	91	68	63	188	121	116
266	103	84	79	65	187	125	111
234	109	88	77	65	131	110	103
147	90	80	74	65	167	90	108
154	105	82	74	63	236	97	114
151	86	66	65	58	244	113	121
190	87	64	65	54	244	109	125
214	84	62	77	54	260	105	119
211	84	59	78	49	249	102	102
200	66	54	85	49	199	90	91
219	62	55	87	51	262	97	97
175	62	59	86	63	301	91	79
137	53	56	77	62	287	89	74
134	53	49	75	64	267	90	73
148	54	45	65	61	258	107	81
108	81	71	92	61	188	81	55
100	93	71	92	44	126	80	54
136	96	69	89	47	147	81	57
151	107	77	90	44	148	76	75
142	112	81	92	45	143	50	69
156	97	65	62	42	138	49	76
300	99	68	43	38	116	114	114
311	97	76	42	34	68	124	125
312	86	75	44	35	51	122	117
312	80	71	41	36	42	123	118
313	87	72	56	35	39	124	115
216	71	66	58	34	37	109	103
334	78	60	62	41	48	163	136
338	86	59	61	39	47	178	137
339	86	58	60	40	46	180	138
333	79	52	49	42	46	184	139
319	83	56	49	45	45	175	134
164	82	58	46	41	39	132	87
161	96	73	47	41	39	115	83
166	95	85	57	41	40	112	80
167	97	91	61	43	45	105	75
155	95	89	59	40	41	101	58
156	91	90	60	36	37	92	64
166	65	76	62	41	52	125	99
158	59	60	52	39	51	128	100
159	55	52	43	35	47	129	103
153	50	55	47	36	52	139	100
170	48	51	65	43	55	168	103
159	44	70	71	44	44	146	71
160	50	76	83	48	71	146	76
161	55	86	94	60	81	165	76
166	59	86	92	60	80	145	76
139	60	83	79	55	264	170	81
118	60	67	71	56	291	180	84
107	58	67	62	55	290	185	79
134	53	56	62	52	293	171	86
129	49	55	73	59	356	181	86
118	49	57	74	62	265	125	68
124	45	55	72	59	236	127	70
126	48	51	73	60	236	161	70
89	48	52	64	52	234	164	59
94	51	51	61	47	151	152	56
94	50	49	61	44	128	147	57
99	53	52	71	49	177	134	57
94	55	55	76	50	212	78	56
88	50	48	72	50	235	63	52
77	61	54	68	48	232	69	59
99	61	53	73	47	234	67	73
92	61	53	78	51	232	55	69
93	57	46	74	45	197	54	67
94	60	48	72	43	168	55	66
91	47	41	69	42	147	43	58
69	49	50	68	41	162	42	40
64	48	49	53	31	120	40	37
65	46	48	47	33	118	41	36
70	48	61	52	36	138	62	39
69	46	66	57	36	143	66	39
63	45	62	52	36	155	67	37
64	53	63	52	34	158	73	33
59	58	76	55	34	159	91	37
68	57	66	52	30	139	85	37
80	65	68	54	31	141	95	44
81	72	77	61	32	143	107	52
81	70	104	74	32	138	107	54
86	66	101	77	34	135	103	51
87	67	119	82	36	184	99	53
76	65	124	87	37	188	92	47
75	60	122	83	41	164	92	40
72	60	102	73	44	207	104	39
74	60	99	79	43	267	103	51
70	61	111	82	47	241	116	53
69	55	104	75	45	238	120	55
68	50	103	78	46	249	118	53
70	45	102	79	47	264	106	58
89	45	106	71	52	233	108	76
95	43	80	91	49	232	107	77
99	43	84	98	51	234	107	77
98	44	81	100	52	289	109	80
110	47	106	113	50	264	111	79
120	51	117	149	59	241	114	59
113	53	124	139	60	242	105	56
112	52	120	137	59	267	99	56
123	53	137	139	61	249	124	61
114	53	160	153	67	283	126	60
118	53	179	127	61	296	112	69
274	54	175	121	60	299	112	90
300	55	177	121	59	277	114	90
304	52	172	127	56	266	110	92
308	63	143	139	55	209	110	94
301	58	139	133	49	190	110	84
190	52	134	134	52	206	105	71
148	51	132	134	52	253	119	70
132	52	142	125	50	249	137	59
118	41	138	82	47	255	138	52
104	38	107	82	44	260	138	50
64	39	109	84	43	248	139	36
57	38	110	86	45	217	132	40
56	36	105	87	49	279	94	53
54	30	102	85	52	291	86	52
58	30	95	79	54	289	89	58
56	35	101	89	53	309	100	59
64	39	104	90	55	316	120	61
68	38	102	104	58	264	117	51
72	37	99	103	55	255	118	54
78	39	142	112	54	255	128	56
84	37	151	107	52	248	153	63
82	35	159	108	51	224	170	70
77	37	152	102	43	243	167	73
83	38	157	113	45	241	173	76
97	38	123	111	45	258	185	96
96	44	123	114	51	255	164	113
108	44	156	127	51	264	170	109
114	43	175	124	51	245	177	108
108	47	203	121	48	261	187	105
98	54	225	130	53	241	168	86
129	48	233	126	50	246	171	64
116	48	214	117	56	248	136	61
112	51	201	130	63	278	139	61
133	48	180	147	62	290	122	77
133	40	155	139	63	306	132	84
107	41	127	140	63	305	125	82
107	42	128	146	64	291	136	82
108	42	131	141	59	330	136	81
94	42	123	125	61	301	134	67
109	44	127	123	60	355	124	68
147	46	133	131	70	379	154	94
155	47	125	126	69	390	150	95
163	46	127	117	69	314	147	98
175	46	128	114	69	335	147	108
173	43	131	118	66	305	157	118
150	53	175	111	64	347	158	99
145	50	170	122	60	356	146	100
136	50	182	127	58	355	139	103
145	53	177	123	57	345	144	96
143	54	177	117	59	331	132	77
142	45	161	113	51	281	130	90
149	49	174	114	61	265	144	108
161	50	162	119	68	276	139	106
138	49	168	121	66	274	131	104
128	48	165	117	62	244	133	107
127	48	150	131	79	322	106	104
130	47	179	151	77	340	90	84
115	49	213	199	76	331	88	84
118	46	212	200	77	339	109	97
118	44	208	201	78	354	145	92
132	41	221	198	59	255	163	90
130	43	189	181	61	277	170	97
143	43	180	112	56	282	173	103
148	46	189	128	61	285	160	99
149	49	203	137	61	269	131	101
139	51	175	137	63	286	100	97
275	122	198	136	62	241	83	126
303	127	165	134	59	256	118	129
305	130	216	138	59	279	124	130
316	132	221	136	62	282	125	130
318	132	224	127	60	273	120	152
250	76	204	113	55	271	123	140
216	145	212	117	60	288	87	140
215	185	154	98	66	266	121	155
256	361	253	109	67	273	126	163
408	486	492	169	76	248	133	255
447	509	515	174	84	252	151	347
470	510	516	172	81	249	157	367
492	528	536	178	81	256	132	360
476	448	497	166	79	255	121	360
354	319	314	128	71	344	113	311
316	338	281	130	69	343	86	202
314	371	290	149	81	353	81	245
283	355	246	134	72	332	82	253
370	365	241	133	73	327	82	260
486	368	173	107	74	230	112	261
484	321	158	91	67	259	146	261
465	258	118	56	52	248	143	192
470	254	123	55	57	246	145	184
421	207	213	108	57	239	145	167
283	192	213	116	56	256	120	120
236	185	214	120	54	276	69	103
228	172	217	121	58	235	64	83
223	122	215	122	54	237	46	79
282	148	121	89	51	236	48	82
297	221	113	78	46	209	48	80
315	248	115	73	46	163	46	87
320	258	109	69	44	206	38	93
317	261	113	71	46	211	39	78
237	253	116	70	44	210	36	72
233	244	184	116	45	214	35	73
212	227	187	124	46	182	34	57
221	229	191	124	41	118	32	45
204	252	201	121	38	84	28	41
186	249	202	116	37	138	28	41
147	206	137	69	35	143	29	37
153	228	153	67	34	141	26	35
189	245	170	82	40	142	29	38
219	241	176	97	49	143	33	41
238	299	200	98	54	90	36	44
265	334	206	97	54	69	36	46
266	318	205	90	54	61	36	47
246	369	247	88	56	49	38	44
249	402	239	72	48	43	34	44
298	462	240	85	55	46	41	65
349	616	407	146	86	65	60	138
359	651	444	161	90	74	65	146
370	640	452	161	92	170	67	154
405	664	504	171	99	192	78	169
391	612	523	166	94	195	74	162
400	470	460	129	77	195	73	161
438	547	494	118	77	229	76	179
427	541	486	109	68	175	72	173
380	503	435	91	57	155	61	165
369	602	432	91	59	151	61	165
303	594	465	69	44	145	43	113
261	506	390	52	36	77	30	72
244	502	366	49	38	63	30	69
323	524	410	50	42	52	34	62
314	415	401	44	36	42	30	58
305	399	317	83	42	37	32	57
276	374	308	87	43	37	36	54
281	388	332	91	47	40	38	54
182	324	263	92	46	38	34	40
182	314	252	94	47	53	34	42
189	296	222	64	40	63	32	38
184	299	222	58	39	66	29	40
200	308	203	63	39	65	25	41
209	319	211	58	35	65	25	39
182	290	196	101	40	54	26	36
205	313	234	135	55	43	37	55
248	315	248	141	59	35	38	57
231	268	237	138	55	32	39	56
220	245	231	139	57	31	39	56
254	243	207	111	53	32	40	63
259	206	190	69	37	27	29	47
241	212	175	62	33	28	28	45
240	216	162	63	34	29	27	43
258	230	186	93	45	28	26	46
258	228	197	109	52	28	28	44
228	223	168	108	52	28	27	43
205	200	181	105	51	26	27	42
243	170	185	112	53	26	29	48
