0	1	2	3	4	5	6	7
310	282	215	195	215	705	1174	321
233	266	179	196	207	738	1116	221
162	253	174	198	209	856	978	195
151	246	159	173	180	874	952	179
190	202	124	116	136	837	867	228
211	135	106	107	124	818	717	218
203	123	92	98	125	763	610	213
203	123	78	88	122	604	561	192
231	121	78	95	110	517	573	199
197	117	95	116	85	376	502	134
186	143	96	117	85	410	488	111
194	134	93	118	83	412	441	127
196	153	90	118	76	422	385	123
165	189	103	110	79	392	329	110
162	200	88	83	74	396	275	108
213	187	85	79	79	348	380	157
202	250	92	95	81	317	380	149
207	250	115	106	93	297	402	158
206	229	105	99	81	282	443	171
248	375	121	98	76	284	583	203
223	404	130	96	67	265	716	173
229	384	128	83	66	273	783	264
233	395	112	70	54	281	830	329
238	414	113	69	53	288	814	325
243	313	110	70	56	277	734	315
219	276	110	79	63	269	553	316
216	276	116	89	80	266	457	245
214	344	119	88	77	188	337	137
208	365	128	85	77	183	310	127
184	369	122	81	74	185	285	117
215	365	139	82	70	215	286	107
219	375	156	80	54	223	257	102
210	300	165	78	52	232	259	104
207	274	169	80	54	232	257	106
185	288	172	80	60	265	289	97
168	304	165	73	61	375	388	93
174	284	142	67	58	390	669	126
198	303	136	75	68	402	722	149
257	316	132	81	68	437	855	233
256	347	138	80	63	508	987	246
290	361	118	78	62	435	971	268
320	406	131	74	60	400	833	265
308	403	135	70	60	434	807	253
263	403	160	79	70	424	674	200
269	398	150	84	75	316	433	191
353	395	183	94	81	301	431	193
347	390	190	104	94	350	404	197
341	394	191	102	88	314	400	194
367	515	284	101	79	293	522	204
405	559	304	114	89	386	794	265
385	627	299	115	90	595	963	364
406	651	300	117	100	651	1067	369
524	666	318	121	109	661	1273	445
551	623	231	113	119	743	1242	500
553	674	250	116	114	761	1168	484
530	684	338	138	120	728	1151	431
538	739	407	153	128	855	1338	477
594	898	463	186	149	842	1311	426
615	971	545	237	169	782	1392	352
653	988	573	252	186	756	1431	366
652	1018	541	268	211	694	1490	353
651	986	506	328	213	462	1389	289
547	885	532	332	203	479	1301	334
668	830	551	326	189	465	1253	376
656	822	532	332	201	525	1179	377
656	756	514	314	175	479	970	361
645	827	560	327	159	472	904	359
648	808	542	357	153	457	822	307
627	922	503	362	157	480	783	350
617	836	480	361	120	451	733	340
702	838	496	405	126	459	783	347
834	852	546	398	127	438	637	390
941	880	640	381	128	429	714	461
943	736	601	404	118	398	721	505
989	793	632	399	122	310	725	565
1011	788	679	370	112	317	704	568
1021	708	596	333	115	310	693	600
1027	678	562	363	129	337	710	613
1046	704	685	349	139	364	664	547
1039	693	765	361	133	333	692	493
1012	681	788	417	140	271	681	497
1002	618	798	438	140	269	674	491
897	567	725	429	133	226	623	410
795	510	682	495	149	139	609	397
769	470	608	517	147	133	615	389
710	490	591	521	172	161	621	384
584	529	727	513	193	165	587	279
644	542	816	521	190	166	504	289
634	510	769	453	178	173	571	304
645	522	798	457	182	186	500	273
758	503	908	514	194	176	524	281
778	503	915	595	201	175	744	290
710	512	958	607	214	182	748	298
778	669	1101	649	236	192	704	326
721	666	1105	699	244	181	702	326
712	676	1056	705	224	157	724	364
717	667	967	648	201	139	601	448
763	653	937	693	233	161	671	463
746	491	822	679	215	143	737	431
826	493	862	676	214	165	820	458
723	476	933	630	227	200	808	478
688	444	993	703	246	218	871	413
652	472	950	790	229	210	818	386
611	462	1038	922	235	215	758	407
530	444	1104	957	252	213	694	399
548	490	1064	1035	253	205	729	326
589	585	1031	1025	239	184	550	375
639	580	1040	966	215	182	596	437
593	588	1036	898	232	191	752	398
573	566	974	863	210	183	738	388
581	483	912	826	206	166	748	434
616	381	1052	923	216	220	837	450
625	452	1091	1061	288	245	858	465
625	445	1073	1058	276	236	721	473
668	442	1060	1033	286	235	746	504
685	473	1121	1037	302	251	701	486
622	545	1046	967	296	215	606	417
543	501	1026	769	227	173	548	317
682	512	1030	725	212	192	644	367
651	516	1085	809	236	206	709	310
594	528	1040	787	198	180	730	275
548	476	1029	815	238	178	734	274
550	520	1077	984	273	192	717	289
431	522	1072	999	286	182	631	262
381	553	990	1057	298	170	490	251
418	543	1009	1078	313	174	339	257
433	514	969	995	277	189	394	275
428	413	922	866	274	202	403	255
449	417	872	919	264	185	398	198
463	364	863	816	222	186	417	224
456	330	838	742	205	200	446	257
444	386	867	873	215	186	396	249
435	442	899	916	213	153	348	250
347	454	891	852	217	158	387	279
447	437	919	860	241	218	447	308
496	454	904	900	259	213	448	282
543	439	910	838	264	205	427	279
593	524	815	744	239	215	457	302
680	477	793	744	254	247	503	284
615	487	818	748	253	194	441	227
569	467	830	785	236	175	407	218
554	435	764	739	240	200	436	222
500	278	765	755	238	195	410	206
365	340	856	804	222	148	292	194
