0	1	2	3	4	5	6	7
320	316	624	291	92	73	428	133
353	328	649	298	98	84	440	135
328	341	566	321	98	107	458	140
280	303	539	322	93	109	425	122
289	302	490	350	98	105	428	101
288	382	471	378	96	102	406	91
274	409	384	430	111	106	443	100
286	405	389	387	109	98	403	88
294	412	416	392	113	97	412	81
315	397	405	373	106	94	337	86
325	338	389	356	101	99	338	94
323	275	447	253	82	97	282	87
313	255	488	268	80	87	354	87
301	246	452	265	73	82	325	94
238	239	442	256	72	83	325	90
266	241	417	239	70	80	313	81
249	271	358	238	67	75	333	84
250	253	266	207	61	68	382	85
291	248	242	188	63	70	380	84
287	245	285	153	61	71	391	82
242	271	267	129	56	74	470	89
233	248	278	207	62	74	492	88
228	247	268	209	66	74	418	93
181	247	271	229	63	69	419	91
183	265	294	261	80	85	416	91
180	206	323	259	81	85	356	94
177	197	300	191	70	87	337	87
178	201	346	210	82	88	334	76
154	201	370	207	86	91	321	71
164	181	322	188	73	75	325	73
156	186	311	185	81	86	326	63
150	179	300	193	82	82	307	63
142	176	254	171	69	77	288	64
132	220	212	163	64	76	321	72
124	250	228	143	65	86	340	76
131	247	242	168	61	70	326	75
129	247	261	187	65	87	318	71
123	240	265	200	67	87	347	70
127	181	275	190	65	90	386	64
135	112	266	197	67	105	378	73
109	82	269	206	63	107	400	69
110	76	253	180	57	91	401	70
126	65	235	163	57	116	402	73
126	63	221	155	62	135	353	79
113	67	197	140	64	132	368	71
111	65	120	88	63	134	347	69
131	69	107	78	65	149	356	75
121	73	107	79	68	205	354	83
115	69	94	80	66	224	357	89
117	67	92	83	57	217	320	89
125	69	91	77	52	215	311	93
110	60	88	81	53	214	336	89
110	60	86	77	48	165	376	85
111	60	86	71	46	176	377	74
105	58	67	61	51	180	372	72
101	55	61	65	55	186	381	73
95	56	58	59	55	182	352	71
105	57	55	62	61	211	322	86
105	57	53	71	60	168	313	84
110	59	69	71	55	161	328	80
134	59	69	68	54	169	313	78
131	58	68	67	59	219	348	82
122	56	69	69	57	194	362	63
132	59	81	76	60	192	355	59
150	60	79	81	63	197	375	63
129	61	80	80	71	245	404	61
137	64	82	79	65	229	374	66
142	69	83	77	62	216	325	63
146	70	74	63	61	221	343	66
125	67	65	54	58	222	314	69
127	70	64	56	52	177	317	76
115	67	60	56	52	138	321	66
103	60	58	52	49	136	314	66
85	57	56	53	49	132	327	65
80	62	57	49	49	128	321	64
70	60	54	48	43	98	309	56
72	60	56	51	44	114	368	58
85	60	56	53	49	109	375	58
79	57	51	49	49	106	367	62
83	53	45	51	51	100	379	61
85	53	50	49	50	97	405	60
88	56	52	46	47	70	367	60
96	60	54	49	45	77	378	58
101	62	59	55	50	76	361	48
103	57	60	51	46	88	395	55
106	53	59	49	47	91	386	62
110	50	55	46	48	93	380	66
99	50	56	44	48	105	377	69
100	49	52	43	41	113	417	78
93	52	56	48	44	107	381	72
96	63	57	47	41	100	357	69
92	60	54	48	42	99	322	65
107	60	56	47	38	96	335	67
124	63	58	48	43	110	333	63
135	62	55	48	41	108	329	67
133	55	56	57	46	104	313	65
133	59	58	57	46	106	524	83
133	54	56	58	49	98	543	89
112	54	57	54	48	90	536	89
98	52	59	55	50	112	540	86
96	50	57	50	48	115	577	88
93	52	65	53	53	115	420	70
76	51	75	65	56	127	414	60
77	49	78	72	53	116	385	58
81	49	82	88	56	114	469	60
88	52	84	91	63	116	419	56
88	47	79	90	61	132	439	65
80	49	71	80	60	128	421	66
94	65	68	77	66	144	422	69
91	64	60	56	66	138	363	71
88	68	61	51	58	140	372	80
99	72	61	59	59	159	437	84
115	75	60	58	59	165	444	83
123	66	57	61	58	159	505	93
125	69	59	68	60	154	527	92
128	66	57	69	63	161	521	84
127	62	53	63	64	135	439	72
119	64	55	65	59	122	436	79
103	59	55	62	51	108	366	62
99	58	59	55	51	119	314	57
90	54	56	50	46	109	315	69
80	55	59	56	43	127	352	77
82	49	58	54	45	182	370	70
73	46	56	53	46	187	371	68
75	55	59	56	42	186	350	70
76	58	58	55	42	232	351	58
80	57	58	50	40	218	318	46
71	55	55	51	38	180	291	50
76	56	55	52	41	178	416	67
96	49	44	51	44	176	421	66
94	46	51	53	47	107	434	67
97	44	45	51	47	112	432	71
97	44	45	51	47	112	432	71
