0	1	2	3	4	5	6	7
209	128	166	149	118	402	658	159
195	126	163	150	112	410	667	168
198	126	161	153	114	403	669	168
219	87	155	158	124	428	641	149
188	75	107	150	118	442	609	143
177	78	108	148	111	320	586	129
180	74	107	144	108	332	613	137
185	78	104	134	106	392	610	138
146	75	97	120	99	371	536	146
152	68	81	92	85	319	538	147
142	63	110	92	71	316	524	153
148	89	139	109	73	288	490	130
178	85	142	110	67	223	478	130
190	92	142	108	57	232	458	111
193	89	142	103	54	239	404	94
191	97	122	89	53	235	385	77
243	77	102	67	51	291	569	190
250	74	97	63	52	284	580	218
247	91	111	59	49	249	552	221
242	106	114	63	46	230	585	221
264	100	108	66	48	281	607	241
231	102	107	68	43	219	460	173
204	104	108	70	41	199	451	142
216	84	92	73	52	203	522	150
272	65	84	77	52	238	588	154
252	63	84	71	53	277	666	124
247	60	67	67	56	266	680	126
239	71	71	74	56	267	717	128
231	68	74	68	47	284	745	133
193	70	72	63	52	266	726	142
192	72	74	62	49	163	619	142
176	70	80	63	46	161	562	129
183	62	82	60	46	190	568	120
172	61	75	83	50	173	533	123
190	59	77	82	48	164	450	104
186	62	81	88	52	155	513	103
250	61	84	99	59	155	521	120
323	65	81	97	57	105	466	169
325	80	139	86	52	83	429	159
317	84	146	85	53	69	429	175
441	92	146	86	65	120	491	241
418	96	140	100	62	146	531	241
367	94	150	111	67	159	554	210
386	93	119	109	76	230	574	220
398	100	125	115	83	433	665	229
463	97	123	113	86	468	758	311
467	107	134	125	114	469	823	332
483	114	144	120	115	479	809	337
494	109	136	117	112	490	780	333
492	105	127	130	113	349	748	340
381	130	142	149	121	284	619	240
390	144	150	134	118	278	551	213
386	143	144	135	122	330	639	223
411	152	142	138	121	283	669	244
416	151	141	130	120	262	833	224
344	138	153	105	103	289	804	194
351	115	146	99	103	283	886	199
460	103	131	104	98	212	938	203
512	97	131	113	103	234	983	222
544	105	139	111	103	257	860	215
549	97	168	148	159	240	879	227
557	111	164	170	166	270	835	234
541	115	170	166	167	270	804	245
512	122	175	165	171	272	896	336
481	117	179	161	173	253	881	367
475	131	160	132	123	263	875	359
467	125	167	117	109	237	943	361
400	124	175	128	114	235	888	361
346	117	180	123	106	197	727	246
352	110	185	174	131	183	740	192
416	89	159	190	156	153	789	208
454	105	161	187	149	153	792	220
465	112	169	181	175	150	860	203
464	121	166	193	189	142	865	212
461	139	161	154	173	157	852	245
523	143	177	130	158	169	848	251
535	142	236	117	157	169	763	243
506	143	233	110	132	147	724	228
488	141	247	87	134	146	715	215
472	143	273	99	139	130	715	183
348	139	267	134	144	135	690	159
251	120	206	146	139	137	598	122
284	115	189	163	141	142	499	124
348	102	170	171	151	148	588	175
356	77	128	242	165	168	621	195
408	76	143	279	202	192	696	206
409	86	151	278	213	232	830	230
390	78	167	281	218	256	888	265
347	88	178	295	229	259	860	240
321	83	168	321	255	253	845	221
254	79	158	338	257	327	804	217
283	72	156	339	258	318	732	212
266	71	141	340	292	302	669	169
246	67	113	326	273	295	651	167
337	78	119	297	281	315	785	207
465	143	119	268	290	232	716	304
470	146	133	285	333	203	659	313
488	147	177	278	312	201	658	316
488	143	188	295	335	239	731	325
438	137	185	290	346	265	675	307
318	76	183	275	323	276	792	208
357	71	197	262	289	271	828	176
348	69	175	301	300	276	827	168
349	74	181	339	308	279	860	147
345	89	176	332	259	229	888	157
319	78	166	318	253	197	796	149
204	70	147	311	246	193	749	141
