0	1	2	3	4	5	6	7
99	41	52	46	29	245	216	76
106	45	56	51	37	233	203	84
123	46	52	48	39	217	177	87
139	39	40	45	38	199	163	104
166	37	42	49	37	204	170	130
169	40	46	50	39	208	177	126
174	40	50	50	34	221	204	130
189	44	49	51	33	205	252	132
219	48	61	61	38	207	310	146
251	54	77	88	53	227	371	135
267	65	87	93	55	238	375	144
267	66	84	93	56	278	407	139
256	67	84	94	60	263	388	134
230	76	81	88	57	259	353	121
193	78	74	90	53	245	330	120
211	76	68	97	56	262	317	115
258	76	67	95	55	198	368	134
304	79	72	96	51	176	348	149
297	77	84	99	50	172	340	137
290	77	108	116	47	164	317	138
268	71	126	124	45	113	399	153
216	70	131	136	43	100	303	133
137	63	129	135	41	83	304	111
144	68	123	133	42	80	301	114
158	67	147	125	47	69	301	111
172	65	138	114	43	60	195	95
171	73	146	105	46	102	191	98
166	72	146	118	49	208	245	105
166	60	144	120	49	216	262	104
146	58	92	96	40	217	263	96
146	68	81	92	46	219	261	105
165	63	63	93	44	204	264	102
209	68	64	84	44	155	227	137
263	69	63	84	47	200	287	150
268	71	64	83	50	222	264	147
259	66	59	81	54	226	267	148
254	65	51	73	53	222	263	151
239	63	51	70	52	226	299	121
173	60	48	71	50	187	245	123
173	62	52	67	48	167	261	128
159	57	53	63	37	188	282	110
149	53	51	67	39	190	291	117
156	52	45	59	39	191	248	121
158	56	43	53	38	193	264	101
153	45	40	62	35	190	258	96
173	54	53	76	36	164	217	96
184	60	55	82	39	208	212	88
165	60	55	87	40	175	215	71
168	97	62	92	44	175	190	69
180	130	62	85	44	174	174	78
173	135	53	75	44	177	178	73
171	138	55	68	39	144	196	66
164	170	59	68	41	143	184	68
157	153	52	64	36	135	165	68
137	133	58	71	38	138	226	83
138	128	58	71	37	137	232	85
126	124	55	67	37	151	208	85
122	77	50	59	34	142	207	88
125	79	58	59	35	151	243	86
127	68	50	53	33	198	197	67
103	63	48	45	33	193	202	61
98	61	53	44	32	164	237	62
100	61	55	55	33	189	235	58
88	48	47	56	35	212	195	59
73	46	50	56	40	185	244	54
92	45	49	63	37	191	255	60
101	46	44	72	40	222	228	66
97	45	43	68	39	239	290	73
98	47	45	70	37	230	314	79
133	44	41	76	34	217	275	82
132	45	43	78	40	231	273	79
128	47	43	76	36	267	303	83
148	42	39	81	54	251	263	81
152	47	39	83	56	255	242	80
131	50	42	90	63	265	270	90
139	51	44	85	63	254	277	92
147	51	46	83	64	188	243	85
127	52	49	80	49	198	227	79
141	51	48	81	49	190	215	86
145	59	50	65	45	178	208	68
151	63	47	70	43	172	205	64
141	62	46	72	48	204	202	65
143	65	46	65	45	193	216	76
127	65	51	63	48	174	233	68
119	55	46	66	43	171	202	68
107	50	48	61	42	168	194	72
121	48	46	56	36	121	206	74
114	45	52	74	45	132	191	66
128	51	52	94	48	131	190	67
132	52	53	106	50	130	194	67
150	53	55	112	50	169	207	76
146	53	57	114	54	177	220	75
148	55	51	109	51	139	239	72
134	46	48	98	46	134	237	70
141	47	50	84	46	133	242	78
111	46	45	73	46	79	250	71
115	49	47	77	45	139	292	87
168	47	47	79	45	160	309	102
237	47	43	66	40	159	315	109
242	48	45	65	41	161	309	113
251	50	46	66	40	162	288	113
253	48	45	69	43	186	250	107
238	53	50	66	41	208	245	93
173	60	53	73	47	211	228	82
164	60	49	80	51	212	231	86
172	60	48	85	53	211	257	91
164	58	47	83	52	143	248	83
146	54	43	81	53	75	249	89
155	54	42	78	50	66	257	93
146	53	42	69	44	51	261	76
110	50	44	70	41	51	297	71
108	52	47	62	37	41	289	73
98	50	48	56	33	43	276	71
79	40	51	96	55	51	293	69
76	39	53	111	61	52	295	69
76	40	49	106	61	120	239	65
85	50	49	106	64	165	247	69
79	50	47	116	67	167	241	63
78	49	42	84	51	166	217	63
80	49	42	80	46	167	200	61
84	49	48	89	57	245	202	71
71	43	46	94	57	226	207	70
71	45	48	85	53	228	220	74
74	49	49	96	54	230	228	74
75	49	53	92	65	241	240	74
85	50	49	112	75	190	248	67
99	51	52	118	76	182	231	60
108	52	51	116	74	181	214	59
111	49	50	105	73	181	200	55
133	52	46	113	66	165	193	61
133	50	46	89	46	135	173	58
128	44	40	77	43	168	212	58
125	42	46	95	52	173	227	58
130	45	49	104	53	173	272	61
125	44	52	89	49	189	265	61
125	44	52	87	46	166	276	57
135	48	52	93	51	141	261	61
142	49	56	85	48	137	240	61
132	49	53	96	53	174	208	63
124	48	50	97	56	163	225	61
122	48	49	95	57	150	229	70
114	45	49	88	50	143	214	68
103	46	48	92	53	147	220	65
100	44	47	70	49	104	203	62
100	44	46	70	44	94	208	71
134	43	48	72	44	96	196	63
132	43	47	75	45	92	203	63
133	46	43	70	39	120	214	66
136	46	42	73	38	121	223	73
133	45	43	72	39	159	199	65
99	45	44	71	42	162	184	75
102	46	48	67	44	162	187	75
99	39	43	81	43	135	173	72
93	41	47	81	46	130	165	65
96	41	46	78	48	88	223	79
84	39	44	85	44	74	232	67
78	39	41	88	45	117	219	64
77	39	40	66	45	172	210	64
79	38	44	74	43	199	212	62
57	37	47	79	46	203	163	38
61	37	47	84	47	210	152	42
52	37	48	88	50	224	173	42
51	33	77	117	50	192	169	42
47	32	80	119	51	182	159	42
56	31	83	121	45	188	198	46
83	31	96	132	49	185	198	56
90	29	111	147	45	164	179	58
181	41	108	134	50	187	198	84
