0	1	2	3	4	5	6	7
352	504	205	361	333	732	276	281
347	432	202	365	345	845	263	372
314	498	210	375	357	782	265	343
322	564	225	406	353	743	234	337
324	491	213	391	332	796	255	406
231	477	209	340	271	826	260	441
236	493	190	325	307	725	267	382
238	421	177	297	302	739	305	373
220	332	162	217	296	840	418	498
192	370	150	243	339	817	430	469
247	426	143	240	344	709	442	444
280	510	136	239	286	680	467	532
284	506	143	232	260	628	474	550
304	531	143	223	261	551	412	469
307	508	147	185	216	562	434	466
258	457	147	158	212	749	429	490
204	340	152	189	291	837	401	471
205	360	148	181	295	810	374	458
215	302	148	231	315	764	346	432
212	308	157	220	306	756	307	512
208	271	144	217	314	762	340	492
247	244	132	188	238	682	394	443
243	198	125	211	253	644	380	428
207	187	114	176	237	678	375	425
210	168	91	168	230	686	446	405
224	200	87	166	201	537	418	393
292	241	120	190	216	502	455	468
307	237	119	161	190	530	515	482
299	225	114	132	145	613	532	492
297	231	122	127	166	649	565	425
316	291	143	130	162	630	634	410
225	266	118	110	176	670	728	295
198	278	136	118	200	761	711	327
198	279	136	119	196	687	694	327
206	331	138	130	187	605	614	307
319	317	128	137	191	564	555	361
329	463	157	120	162	592	473	451
357	573	222	127	166	490	458	454
411	639	244	124	174	451	545	459
416	627	234	112	165	487	633	482
324	612	233	118	197	539	644	441
350	512	218	121	208	596	759	431
330	403	171	113	203	587	764	418
264	356	141	114	196	691	720	459
303	383	150	115	196	817	711	507
352	532	176	104	164	813	905	561
413	734	278	156	151	717	757	515
501	858	298	158	165	710	789	547
604	1034	379	183	172	725	870	536
706	1102	390	198	195	597	878	556
698	1069	400	204	200	564	660	525
670	994	339	172	200	613	688	560
666	931	332	175	174	751	763	527
643	882	320	166	191	656	703	619
545	834	337	165	178	619	620	562
619	936	349	174	175	624	632	553
669	989	356	187	180	700	616	571
659	1023	345	187	174	564	560	577
648	973	304	196	175	531	553	490
631	922	282	228	220	532	562	470
539	774	247	299	304	543	580	534
546	699	265	303	324	463	549	503
618	743	292	318	340	434	455	523
614	746	258	306	341	435	390	479
635	892	309	293	330	442	424	543
638	928	318	282	313	470	441	493
582	924	322	308	361	529	476	493
484	848	306	300	359	530	487	469
497	795	322	297	345	515	480	476
453	754	341	278	326	506	445	407
447	796	366	204	269	463	486	547
449	777	359	146	166	331	462	586
456	730	378	134	158	329	415	574
465	696	386	155	174	324	463	578
502	578	393	180	196	342	485	648
565	543	363	200	194	321	392	547
589	552	350	240	200	289	399	448
569	580	338	407	445	262	414	466
612	675	356	445	492	287	376	452
696	764	329	440	488	263	363	394
782	837	340	446	502	270	348	417
773	831	376	443	521	284	378	462
815	828	359	313	381	283	358	469
794	805	412	255	381	264	347	471
707	737	426	357	431	262	322	426
588	700	548	391	452	255	300	416
671	798	594	393	450	201	231	428
651	892	633	416	470	216	284	384
698	839	638	581	531	261	331	437
725	872	653	705	602	336	349	453
782	898	591	817	600	335	352	393
730	864	547	897	722	379	347	323
792	865	547	957	799	429	309	333
713	911	499	963	823	459	281	256
815	879	446	876	763	409	265	271
777	804	415	768	798	404	260	277
781	731	431	690	697	385	325	342
765	643	436	675	597	418	342	352
880	619	474	664	498	370	398	440
782	686	490	733	556	370	450	474
749	658	485	844	655	409	473	505
852	687	495	894	713	466	452	543
839	657	472	870	711	414	462	566
825	640	417	858	734	428	410	528
946	619	389	850	793	431	357	529
1025	642	368	771	689	397	353	619
973	669	290	717	622	305	517	652
935	649	235	687	653	265	526	664
871	697	243	626	624	236	516	717
851	722	301	620	594	322	529	708
806	720	309	620	592	322	530	611
731	672	313	647	607	339	402	588
774	731	333	663	596	345	385	604
777	674	380	725	624	336	410	526
674	676	352	700	636	267	445	529
647	669	373	666	622	269	448	620
725	692	367	648	612	258	383	569
739	683	345	629	568	232	350	569
