0	1	2	3	4	5	6	7
202	374	161	79	110	559	205	405
201	331	199	103	124	561	218	427
191	330	193	115	126	601	214	325
220	431	208	115	122	495	225	281
217	468	200	112	103	375	180	285
204	470	200	111	102	313	167	288
195	506	173	88	83	442	159	342
204	537	171	62	73	540	178	393
221	556	173	60	68	552	162	414
218	521	173	57	66	536	151	410
218	501	168	59	58	597	151	421
213	487	157	62	60	622	157	497
238	465	156	61	54	503	127	454
183	348	130	51	46	487	101	429
178	319	143	60	55	505	110	441
177	300	131	67	69	472	130	477
210	247	113	68	74	318	116	353
179	254	110	75	81	306	116	324
173	267	115	85	92	384	139	329
216	375	104	90	99	517	174	428
221	401	113	87	92	499	174	375
192	397	119	115	126	509	185	378
193	407	123	123	123	559	217	432
208	427	128	142	133	604	297	486
162	357	133	161	146	504	325	397
209	516	143	174	171	551	381	492
228	549	152	184	241	828	550	551
240	533	158	198	270	954	697	522
262	538	180	219	291	949	723	463
277	561	180	217	293	941	704	481
255	410	168	219	291	977	826	501
258	368	156	209	231	816	817	459
246	372	154	199	209	674	719	444
216	329	119	167	171	604	672	456
199	269	107	152	162	651	683	437
183	278	103	138	154	610	495	348
168	360	105	118	141	525	326	314
159	372	92	110	146	514	268	432
162	366	83	104	157	641	283	437
158	371	84	114	160	589	277	465
171	370	87	113	152	540	298	429
156	280	86	118	156	583	325	422
155	251	104	137	175	713	320	327
143	273	123	155	200	696	316	399
211	277	125	160	208	722	310	391
225	267	137	170	223	735	320	441
244	267	162	197	254	783	477	574
252	313	167	239	261	781	558	580
277	301	173	270	283	690	596	586
263	281	173	312	381	764	634	592
242	270	189	369	488	846	740	595
253	299	199	393	525	786	658	535
252	267	194	363	517	765	612	526
226	271	186	334	501	867	575	466
199	276	193	298	445	898	579	525
227	307	184	221	318	814	424	527
217	284	155	159	221	905	543	569
237	267	152	168	215	909	601	573
259	296	164	176	203	822	620	585
268	335	181	207	182	686	576	520
246	306	171	216	185	701	588	497
238	289	163	207	190	674	524	464
254	307	162	214	185	566	464	450
242	268	139	210	179	579	440	524
224	221	98	169	163	706	438	572
241	231	96	171	159	717	462	574
244	228	106	184	184	657	388	503
205	205	104	178	221	784	401	570
221	191	113	214	279	875	434	564
259	185	111	210	271	794	456	505
251	198	104	200	279	758	418	480
247	219	99	200	266	852	430	566
245	210	93	192	239	722	479	491
239	198	80	145	165	586	435	383
195	195	80	151	175	601	432	377
210	159	86	153	159	656	522	470
194	136	81	131	144	495	507	377
195	131	83	123	129	477	421	380
179	136	96	146	148	466	426	381
255	129	105	170	152	450	432	372
393	124	101	167	175	368	425	391
396	185	106	199	190	325	503	381
408	186	117	226	225	315	491	376
407	184	130	238	238	449	520	383
366	192	128	219	232	494	535	433
217	187	120	223	224	491	469	299
233	156	129	205	238	492	433	262
213	160	119	177	203	523	451	270
203	164	103	146	199	730	419	378
224	175	106	142	205	728	413	335
220	183	115	131	200	723	399	345
203	208	105	120	179	725	389	376
213	225	111	120	211	806	439	453
221	242	106	121	206	593	458	421
218	301	112	142	208	563	421	413
214	406	125	140	200	555	401	406
214	422	131	153	226	550	349	448
214	434	129	158	207	393	264	423
226	466	129	153	191	360	263	415
237	488	133	132	175	320	268	418
236	426	129	134	177	307	266	418
260	403	118	107	124	288	264	359
249	388	116	89	97	254	264	338
235	364	122	76	81	189	227	362
238	315	108	72	82	185	241	367
240	315	90	67	77	205	271	367
209	302	95	75	82	212	269	384
219	325	87	77	88	240	260	401
242	309	80	81	98	261	282	362
208	267	79	102	110	255	322	382
195	291	87	107	149	254	303	381
195	336	118	137	160	286	321	362
182	345	125	148	174	272	310	288
144	354	122	147	178	229	312	267
170	368	126	131	169	209	308	253
163	325	129	135	147	221	327	257
165	293	100	143	148	201	309	285
249	293	109	197	156	310	376	447
266	417	137	233	194	354	470	430
265	414	136	246	205	367	551	432
298	428	137	248	210	374	555	558
293	420	145	244	229	383	585	597
246	400	140	206	237	332	570	505
328	374	141	186	208	292	477	508
328	364	143	167	200	277	398	551
291	355	136	165	201	246	414	455
299	382	137	139	171	217	377	390
314	519	150	124	144	176	427	389
353	505	128	137	145	180	451	411
357	527	124	143	140	185	393	329
359	529	124	134	114	197	346	296
364	524	115	136	115	244	380	400
395	484	96	143	118	249	319	412
372	514	134	104	98	230	282	392
382	566	148	111	111	230	331	393
382	574	151	187	161	294	372	406
377	561	152	250	325	275	423	349
324	549	168	275	371	255	415	319
259	502	166	282	376	269	417	311
255	452	152	292	383	282	496	372
262	439	153	322	377	205	484	381
277	439	161	355	286	175	419	350
290	407	143	340	247	199	407	353
316	468	146	346	263	216	416	426
312	458	158	357	263	288	292	466
322	459	157	298	257	295	289	452
309	504	147	231	246	297	298	441
307	456	145	233	222	401	350	490
242	337	116	224	220	395	463	471
237	341	96	201	216	363	484	390
266	388	88	202	203	354	480	380
267	315	94	200	180	426	549	385
258	327	95	191	176	410	548	391
313	327	99	194	160	408	447	364
306	309	101	177	168	382	424	351
