0	1	2	3	4	5	6	7
110	30	39	43	30	216	155	112
117	32	40	43	34	235	163	113
114	29	36	48	38	253	146	80
98	35	39	56	47	229	180	95
113	36	40	61	52	219	215	89
117	37	40	60	53	224	211	80
114	42	48	62	56	259	206	80
129	42	52	62	55	252	208	91
123	39	48	49	47	239	196	77
113	39	48	42	42	255	144	72
121	59	51	46	45	291	135	78
134	73	43	43	39	305	138	82
126	73	37	36	36	295	154	73
134	71	37	38	36	308	174	76
148	72	38	38	37	309	175	85
131	58	42	37	34	280	171	82
114	37	41	36	33	243	167	76
108	40	41	36	33	233	156	76
110	45	44	36	33	230	163	73
93	43	42	35	37	255	205	68
109	45	33	34	37	243	208	65
134	56	35	33	35	223	233	71
146	83	36	37	35	241	262	111
258	100	33	36	36	231	246	110
291	126	39	44	32	170	210	110
296	132	46	46	33	187	226	121
332	133	55	47	34	189	211	136
408	126	81	46	44	168	319	153
364	124	94	45	48	194	421	182
352	142	126	43	47	188	444	189
356	156	133	42	47	171	434	183
353	159	137	50	51	209	469	193
262	158	132	60	43	207	390	159
265	154	125	63	39	201	276	122
269	117	95	63	40	216	312	119
261	92	89	65	39	209	321	122
210	78	82	67	36	163	262	81
208	68	67	57	34	166	260	82
181	62	70	54	33	145	265	105
186	99	69	51	33	166	171	105
187	101	66	49	33	177	163	100
199	103	60	48	31	220	174	107
197	102	60	51	32	244	303	103
217	129	65	52	35	244	311	92
230	114	61	59	35	217	316	92
234	117	73	59	35	229	318	113
227	118	81	57	33	209	321	115
230	120	90	56	41	172	208	118
212	90	88	63	42	173	194	113
178	76	92	60	44	183	249	108
162	65	82	58	44	174	255	86
181	69	84	55	50	320	259	77
205	143	91	54	49	344	262	87
209	149	90	45	46	344	251	93
199	154	87	41	44	340	187	89
222	161	90	42	46	356	201	121
216	159	97	43	44	233	221	126
211	127	87	44	43	207	245	133
268	154	95	44	43	206	249	129
286	171	106	63	53	204	257	127
273	174	110	69	61	173	233	107
264	175	100	66	59	196	223	103
257	236	102	66	59	189	261	110
202	223	101	66	62	186	264	111
172	211	99	49	54	184	263	115
172	208	88	42	45	219	291	118
185	208	86	50	45	225	288	126
168	116	85	59	43	221	221	105
151	125	86	58	37	223	204	98
162	131	77	60	37	231	198	107
162	128	82	59	39	266	224	134
141	126	92	51	38	226	226	127
135	120	100	38	36	223	261	128
151	96	89	42	36	221	273	132
166	73	89	39	35	235	277	157
163	73	93	41	32	148	227	134
166	66	83	40	32	174	260	139
200	65	72	48	31	182	250	148
182	62	71	41	31	186	267	145
157	62	67	42	34	198	267	104
147	58	60	39	32	201	266	93
144	60	63	41	31	174	224	85
128	59	56	40	31	163	199	69
122	60	55	47	32	157	160	90
126	66	60	46	29	101	149	92
132	64	60	47	32	154	175	98
140	69	67	47	35	157	189	101
120	65	69	41	35	157	193	105
135	73	88	33	32	157	214	93
146	75	91	39	32	163	228	93
154	75	90	45	35	139	205	93
166	69	86	47	37	154	193	98
195	71	85	54	41	172	193	90
187	60	63	61	48	177	190	87
191	57	54	67	58	221	209	104
181	56	54	71	56	256	220	101
164	58	62	74	57	284	212	88
161	62	69	74	56	280	233	87
163	65	71	70	52	282	255	86
143	58	73	63	40	252	244	74
143	61	75	56	37	211	254	66
143	58	68	52	35	161	257	74
100	61	63	47	31	148	231	79
96	65	70	44	30	143	193	77
113	71	74	45	37	185	198	68
115	69	68	46	38	170	181	72
150	78	67	48	40	164	187	84
155	66	64	49	41	177	179	85
167	64	60	51	44	178	171	91
180	59	55	50	39	119	143	99
176	61	67	50	38	109	125	97
220	80	91	65	36	99	151	100
220	88	293	284	77	79	168	96
259	89	315	308	91	62	192	98
265	98	319	314	93	64	218	100
277	111	320	316	93	53	225	103
242	101	322	316	92	51	223	105
287	125	180	156	63	43	225	108
285	128	159	119	48	40	207	116
273	121	150	102	46	36	184	110
279	121	148	100	47	40	228	118
273	119	140	88	47	43	227	107
255	91	126	97	54	40	218	105
240	82	112	84	49	40	267	104
238	78	120	91	54	44	279	103
223	65	118	89	53	40	249	97
226	60	110	96	55	38	230	92
241	71	103	87	52	61	239	100
227	79	86	80	51	95	181	89
238	85	96	78	49	102	182	93
288	92	98	84	51	102	217	100
291	96	128	94	54	105	214	107
270	85	134	98	56	96	227	104
261	81	137	101	54	70	239	105
261	76	124	94	52	64	224	102
230	67	118	94	55	69	235	102
225	55	119	90	55	65	247	104
207	66	117	90	54	64	227	110
214	64	117	86	53	56	230	114
200	69	120	86	52	49	287	113
171	65	123	98	49	48	252	107
185	69	83	96	46	59	255	104
190	58	77	90	41	58	260	91
182	59	69	91	44	63	261	83
208	55	70	91	47	64	218	98
204	56	69	77	53	73	238	95
179	53	70	68	53	75	249	90
195	52	66	62	50	75	257	92
192	52	67	70	50	70	238	89
151	51	70	80	49	68	215	68
161	49	80	95	40	64	199	70
180	45	77	95	42	79	283	68
156	48	78	98	44	95	278	60
188	48	77	91	45	96	302	81
195	43	74	94	45	97	304	83
189	41	55	77	46	92	297	79
198	41	56	85	40	72	189	84
190	45	74	97	46	49	200	84
