0	1	2	3	4	5	6	7
65	53	148	61	30	47	119	49
67	53	152	87	34	48	137	52
55	48	147	88	34	44	133	43
57	48	92	83	34	38	152	41
70	51	102	89	33	34	162	52
70	47	120	86	35	32	172	52
80	54	119	64	35	41	235	63
76	53	125	67	34	41	283	70
75	57	126	66	35	38	279	70
63	56	113	59	34	41	288	63
79	59	92	64	33	42	283	63
81	52	95	63	31	31	275	66
84	51	95	60	31	30	268	64
83	54	125	77	34	30	267	65
98	62	161	112	38	31	302	96
127	67	193	129	55	57	419	125
131	71	225	133	59	64	407	134
140	79	234	224	70	68	390	136
156	89	291	248	79	80	423	153
176	94	278	246	88	86	432	161
176	131	276	261	86	96	388	142
315	151	326	291	101	111	511	189
345	163	384	252	103	112	534	198
344	204	392	257	107	267	555	202
353	205	435	291	115	351	570	199
353	196	495	327	126	370	562	206
249	193	460	316	116	377	462	153
225	187	448	320	115	398	560	161
227	145	428	323	108	319	520	143
194	150	439	299	106	251	491	125
180	162	369	242	93	216	467	120
176	147	375	224	91	249	481	129
153	148	362	248	114	303	363	108
138	158	337	228	121	304	368	107
155	151	311	221	111	284	393	112
279	127	303	216	113	304	471	146
308	140	335	274	122	301	503	174
308	139	326	260	111	284	493	173
310	131	332	251	103	288	489	172
308	140	301	250	108	291	478	169
202	133	312	268	113	285	421	138
136	122	279	247	109	249	365	94
125	132	278	232	99	172	347	84
132	121	297	234	99	160	356	98
120	107	282	231	91	197	331	93
108	105	268	228	75	198	296	86
102	104	260	185	72	229	304	84
123	79	253	166	66	235	383	86
172	70	245	185	65	247	446	80
188	79	250	184	66	234	467	89
192	85	261	178	65	244	495	94
191	86	276	177	66	222	495	98
185	82	254	177	62	208	452	103
139	82	230	159	63	212	372	95
172	73	221	158	70	205	478	118
224	91	227	142	73	169	437	116
239	97	209	143	66	151	422	107
239	98	255	175	73	155	450	108
246	101	260	182	71	121	464	111
209	106	267	189	69	122	346	81
154	86	247	202	72	178	356	82
132	78	245	223	78	187	365	89
127	81	219	199	73	187	322	78
104	76	202	184	70	191	361	88
102	75	213	183	64	165	334	83
115	82	225	187	66	101	383	81
144	90	226	178	65	94	371	84
148	101	209	183	62	93	482	106
153	105	223	178	61	88	492	105
154	101	218	184	63	88	486	104
140	98	202	185	59	95	473	104
110	86	197	188	52	81	484	101
100	76	245	184	53	65	422	86
105	81	258	185	63	74	433	99
106	79	271	203	69	78	452	103
108	78	270	190	69	72	429	102
121	87	266	173	70	113	413	100
127	80	256	192	77	137	426	101
114	75	247	211	74	129	379	77
120	79	256	195	69	130	453	94
117	73	258	190	76	132	476	93
103	66	257	193	81	102	506	109
90	69	292	253	89	75	439	102
97	68	306	275	88	70	424	99
104	71	279	263	90	82	406	105
125	83	296	260	82	92	437	111
127	86	333	292	80	93	401	91
136	97	284	223	69	88	475	101
136	114	264	179	80	98	499	110
124	109	280	178	78	98	508	104
101	102	268	190	77	94	509	100
106	102	229	130	72	92	600	113
121	94	217	155	68	102	610	119
176	70	208	162	68	107	642	127
193	69	203	179	67	99	613	112
195	68	200	209	84	108	676	121
204	68	186	218	88	129	688	129
194	71	171	202	88	130	681	124
149	99	219	204	82	129	740	113
146	105	224	199	81	130	756	121
145	105	219	162	69	118	665	111
126	119	244	156	77	97	619	88
123	209	311	194	81	104	669	84
121	219	286	184	84	102	572	91
89	265	278	180	91	104	562	88
107	411	310	178	97	103	558	92
124	460	387	183	101	104	525	96
129	459	362	174	104	87	447	93
136	459	355	184	109	76	430	82
146	451	368	182	110	64	363	72
158	336	362	184	119	72	434	77
164	281	282	194	133	71	416	77
160	231	279	177	148	83	400	79
155	219	281	169	143	109	474	90
161	259	298	191	148	111	504	97
185	249	292	215	138	109	510	100
183	232	316	246	123	109	509	98
187	225	312	254	104	134	607	99
186	226	437	380	118	123	539	94
213	251	500	428	123	209	552	93
174	311	528	454	150	214	513	102
162	325	522	461	182	234	575	107
189	331	525	476	190	261	485	110
199	327	515	405	187	284	512	104
172	274	485	368	192	236	487	103
171	244	451	330	178	233	470	84
194	276	443	290	160	227	426	81
167	277	450	323	179	239	418	66
153	285	361	318	185	227	390	65
138	268	338	338	181	239	373	57
148	225	333	334	178	241	404	68
135	151	329	338	180	232	417	59
129	133	344	307	170	175	365	72
130	116	331	332	184	178	388	73
144	99	279	293	176	166	401	81
150	93	312	285	179	158	463	93
134	94	315	287	172	162	459	105
139	89	303	272	149	212	487	103
137	92	328	216	136	201	477	106
123	86	333	220	169	195	495	101
94	88	332	238	173	213	536	97
85	81	383	273	181	255	489	82
75	77	392	256	202	224	459	77
74	67	375	250	209	232	459	75
78	63	361	230	200	240	465	83
84	62	331	218	199	246	322	70
92	57	269	164	182	207	413	88
