0	1	2	3	4	5	6	7
185	245	108	76	81	305	158	291
172	263	104	84	84	352	171	324
206	282	108	86	89	376	175	348
200	289	107	95	100	332	206	344
163	256	83	101	111	344	204	320
193	275	73	111	127	364	204	368
194	251	77	118	144	363	230	407
208	314	99	153	173	353	303	385
201	311	98	151	176	367	285	391
202	313	103	172	203	532	300	392
172	274	105	175	205	628	335	371
239	334	110	180	213	626	314	260
207	278	94	158	195	615	235	252
205	259	93	153	186	604	239	347
200	249	84	123	151	534	233	364
247	280	96	107	137	383	181	371
208	264	87	76	98	349	182	368
200	244	86	67	108	450	236	374
262	256	91	73	123	623	358	516
340	358	108	82	118	601	396	526
313	351	92	84	118	598	396	512
316	321	101	102	131	714	450	550
324	337	100	142	280	853	517	572
296	380	119	176	307	761	485	414
227	294	131	188	320	784	464	403
234	275	135	209	352	868	496	413
227	317	144	227	367	802	454	482
253	348	174	206	266	639	355	453
284	341	173	179	228	640	295	425
303	361	178	207	254	731	446	441
297	380	182	207	223	748	449	455
296	419	174	188	206	750	439	334
265	420	145	202	234	736	447	333
209	380	136	213	250	829	465	327
193	395	105	178	217	835	391	286
203	382	97	163	221	761	377	251
190	291	94	171	205	863	450	303
207	238	88	156	178	917	498	389
227	250	85	152	165	820	486	383
192	187	83	144	166	671	413	369
172	174	82	140	151	733	490	376
170	165	81	137	163	625	539	352
159	159	82	146	167	532	493	255
130	169	79	131	168	662	489	249
149	154	81	141	179	798	501	278
169	184	88	142	174	758	421	351
171	211	91	134	161	744	260	351
205	216	93	131	154	726	266	383
223	196	105	142	175	717	336	386
260	198	116	152	178	653	328	371
291	194	115	145	180	613	348	356
304	210	114	144	188	600	371	345
277	201	120	164	197	606	361	311
261	196	114	159	177	585	358	314
236	197	105	136	146	498	365	306
200	211	110	148	154	481	353	217
176	166	107	144	201	506	370	199
177	163	98	130	214	634	368	210
189	169	95	129	214	540	337	201
223	341	100	129	217	538	348	198
221	342	108	134	221	669	328	209
230	367	134	150	195	682	330	262
252	445	139	131	165	587	331	243
246	482	157	137	163	561	327	242
210	392	155	146	165	573	361	246
203	376	142	136	143	501	439	280
209	372	120	110	146	492	446	248
231	299	112	110	148	468	473	257
242	247	85	101	148	487	463	276
223	222	76	97	165	530	441	304
217	222	77	88	171	520	376	272
231	232	95	91	144	479	360	256
183	206	98	91	142	462	316	244
174	191	95	89	142	469	319	237
180	194	97	80	112	428	284	200
174	183	97	86	131	392	261	190
145	124	70	98	195	394	201	183
158	158	77	119	220	392	205	190
149	178	82	120	215	359	228	239
142	180	76	123	231	399	333	269
186	191	102	123	236	336	337	333
175	195	110	112	198	296	339	339
168	185	132	130	189	303	359	342
171	196	147	151	234	437	350	298
216	322	156	153	227	376	320	313
201	434	161	154	210	396	441	250
203	444	198	174	218	448	455	294
197	440	186	166	221	600	476	378
197	449	185	153	196	571	485	381
196	387	180	154	188	564	448	343
179	281	198	161	199	585	321	341
170	285	213	254	279	647	304	306
173	277	283	285	270	612	251	226
184	358	327	303	267	615	222	224
228	434	358	314	276	640	230	233
233	432	359	355	286	735	250	261
242	417	352	320	287	729	278	321
267	438	327	292	290	652	275	307
326	488	359	288	324	669	264	324
273	430	340	282	343	701	269	326
272	445	346	238	343	574	242	305
300	584	453	257	380	475	198	237
294	617	472	251	389	601	209	224
227	625	441	243	359	589	201	228
262	612	450	247	341	523	166	207
282	615	456	284	332	558	166	192
255	586	452	273	209	568	174	181
254	626	567	310	252	622	221	190
242	530	550	308	304	638	237	204
217	726	646	334	319	639	236	198
199	746	664	368	424	622	245	221
200	686	595	371	484	933	376	420
201	620	470	365	499	917	363	446
209	618	470	402	540	869	354	438
190	380	317	374	544	865	358	443
190	420	269	356	486	921	373	456
195	443	290	374	520	612	255	318
202	451	286	371	496	462	223	276
209	498	308	346	418	601	227	269
279	522	308	381	444	704	290	292
398	535	287	444	499	727	367	364
407	502	255	463	455	746	374	359
395	500	237	469	503	815	385	385
440	510	220	516	583	833	461	415
427	508	241	566	587	851	466	478
315	405	232	490	537	770	397	426
459	468	247	480	504	824	418	496
465	445	242	473	465	847	574	526
448	411	243	463	407	757	564	516
422	376	215	420	351	666	538	473
431	387	229	433	333	787	570	584
337	366	215	424	394	728	594	612
342	368	205	427	391	617	442	582
318	322	186	377	357	612	430	603
330	317	181	397	379	702	436	610
325	300	200	381	454	600	396	492
278	233	204	387	460	583	321	399
268	219	209	399	457	705	345	392
287	272	215	397	476	784	321	386
314	323	227	351	489	706	314	330
318	316	199	375	532	738	318	320
278	320	194	348	476	771	333	310
276	358	196	327	465	693	314	359
271	388	181	320	453	618	259	328
221	363	166	314	442	665	264	336
195	364	173	344	423	851	348	419
266	404	175	354	471	837	360	402
255	379	162	338	471	805	345	356
213	303	163	334	465	865	364	347
219	282	148	358	505	970	363	377
