0	1	2	3	4	5	6	7
235	196	280	196	46	29	23	46
228	155	211	133	43	32	25	45
239	152	205	115	40	29	24	39
245	159	194	116	42	32	25	39
209	165	183	114	40	32	24	36
265	174	199	111	40	33	27	37
261	157	227	105	46	31	25	36
262	162	239	107	45	32	26	37
255	161	253	119	42	27	25	38
255	153	251	113	43	29	28	38
237	181	245	117	48	32	27	40
241	180	200	111	40	32	28	40
217	188	221	131	45	33	28	39
230	204	206	121	45	32	29	39
227	206	256	144	48	32	30	40
186	162	245	137	43	30	28	36
183	171	249	138	42	28	28	36
227	182	218	121	40	30	27	36
204	225	229	124	42	30	27	34
236	282	176	96	40	27	27	35
240	372	204	88	39	27	29	37
260	416	217	95	46	35	34	60
238	433	256	91	49	35	45	96
281	480	264	92	50	38	49	102
268	513	319	107	54	41	48	102
264	475	299	105	53	42	60	103
244	445	318	94	49	38	60	92
329	428	309	93	43	36	93	61
311	344	287	81	40	33	124	60
299	252	219	55	31	29	141	60
313	240	219	62	35	27	138	66
326	230	183	63	39	26	138	67
251	225	140	58	44	28	122	64
238	217	155	81	46	29	88	56
254	207	168	83	46	30	57	57
240	196	175	86	70	33	64	52
220	260	212	94	70	33	66	56
211	267	260	113	71	32	51	51
197	268	259	112	73	33	52	56
224	263	270	120	73	32	78	60
223	245	272	120	55	37	76	56
247	161	261	112	54	39	76	62
237	132	222	100	52	44	87	79
240	134	214	96	54	84	87	79
213	129	181	83	54	99	69	79
203	128	161	75	48	98	63	80
181	161	219	101	47	98	57	75
180	151	219	114	63	104	44	63
231	149	239	128	67	76	44	97
354	157	253	134	69	57	39	108
369	155	255	135	69	86	38	111
367	116	169	115	69	130	44	110
375	110	164	110	52	138	48	110
363	108	143	93	48	139	64	102
317	116	119	85	45	145	88	99
319	124	115	84	45	144	98	94
339	148	114	98	60	200	132	133
332	151	98	79	63	294	223	136
353	155	67	70	65	320	256	131
305	175	64	69	66	349	274	131
306	193	57	69	67	444	311	138
319	184	51	46	52	447	306	106
323	202	66	52	45	424	284	105
282	217	75	54	39	424	260	94
305	196	70	53	58	609	512	117
301	182	75	59	69	578	552	122
274	180	89	92	79	552	550	131
270	168	93	136	89	536	537	132
292	151	95	141	93	545	542	136
239	141	96	141	83	421	317	110
236	160	96	139	80	455	283	109
272	196	88	121	73	462	290	101
278	187	93	102	94	464	288	104
257	182	112	101	97	593	276	97
254	207	119	102	98	538	262	104
290	210	118	107	96	491	164	102
241	175	124	116	98	492	145	97
226	185	122	135	96	513	158	84
222	185	109	131	92	366	157	89
224	161	104	131	90	355	170	82
158	127	105	131	90	380	179	74
152	112	94	125	89	402	183	82
153	108	77	72	62	390	179	92
150	104	70	76	57	354	174	90
146	96	71	78	59	324	140	86
184	98	64	70	53	267	122	98
192	109	66	65	50	251	157	96
