0	1	2	3	4	5	6	7
300	552	177	196	248	825	467	388
281	465	165	179	214	826	476	391
271	448	166	179	201	849	489	357
282	432	160	167	209	725	438	376
291	397	171	163	228	554	356	291
290	331	173	161	222	475	356	293
249	268	162	197	265	474	394	319
238	277	158	195	260	483	365	436
250	372	154	185	223	476	325	403
259	391	151	182	199	370	306	407
294	409	135	174	232	371	366	457
327	407	142	156	199	484	553	452
330	419	146	149	191	463	588	360
345	372	142	143	183	408	575	348
371	371	134	145	189	427	598	389
338	342	152	172	165	518	718	436
325	352	147	153	148	443	595	427
347	355	149	155	153	410	559	400
316	354	147	158	158	422	565	403
297	391	163	163	169	511	623	416
325	449	158	126	140	462	446	316
375	625	206	197	228	447	400	313
384	669	250	371	336	469	424	373
411	731	312	386	351	541	420	445
487	723	325	391	341	587	324	493
473	744	321	395	347	570	311	504
440	652	302	367	320	555	297	501
420	606	276	195	202	535	255	464
398	504	217	168	192	493	278	495
269	469	185	135	197	471	281	509
372	423	206	144	209	489	294	519
486	429	246	157	215	483	288	528
498	442	247	149	226	507	335	593
508	511	293	157	219	505	472	523
569	669	296	160	209	394	547	443
539	724	291	192	197	339	542	425
423	731	277	187	143	427	546	519
576	817	313	211	170	489	531	561
581	819	278	210	187	652	411	583
546	755	318	211	198	691	244	584
575	766	354	185	204	703	229	587
625	751	347	185	203	661	293	691
518	673	318	193	244	642	300	650
544	671	324	193	229	464	409	639
634	727	333	194	225	434	443	619
609	683	324	201	226	430	458	692
583	768	353	213	241	490	438	543
643	822	380	191	177	494	443	540
610	819	383	248	203	469	333	518
551	818	363	268	229	463	302	605
610	894	365	274	226	478	337	526
660	851	346	263	212	423	345	483
628	807	365	269	207	343	309	418
628	791	396	234	188	348	312	448
597	690	384	272	175	364	500	426
659	586	353	280	223	333	487	431
607	547	341	280	233	324	462	436
572	552	311	294	257	344	469	510
676	589	248	323	302	373	512	560
673	586	252	319	307	412	418	672
517	550	271	334	303	455	408	656
612	627	299	352	310	447	410	664
618	587	268	339	290	432	401	619
548	655	297	336	315	411	352	570
637	747	319	423	458	396	277	486
745	857	370	534	534	379	276	516
681	818	357	676	710	378	278	500
761	833	426	686	722	384	276	509
781	769	432	696	706	380	269	494
762	792	441	681	659	304	231	382
706	702	430	769	701	267	209	334
700	696	495	724	568	269	224	384
674	745	495	833	652	334	345	515
704	773	510	886	677	343	380	551
761	724	526	963	730	353	377	546
747	681	539	912	676	362	379	545
753	704	485	873	761	379	382	540
774	735	478	926	742	330	338	449
727	705	449	882	724	359	340	552
672	678	407	777	644	324	347	536
662	748	355	682	601	308	345	595
683	733	349	658	434	347	387	593
617	652	279	441	338	345	433	648
569	633	290	550	416	340	505	660
570	643	302	575	508	567	651	781
736	672	313	595	573	687	780	798
779	690	327	666	631	671	754	787
785	731	388	798	763	705	709	742
863	763	413	749	746	698	641	630
821	797	437	792	758	543	677	587
707	730	432	811	752	485	583	620
657	719	415	752	715	482	598	658
619	667	393	692	623	455	597	632
580	753	441	660	586	468	612	675
770	752	475	672	525	507	730	641
729	770	484	650	478	420	704	544
708	779	475	652	458	420	704	513
787	854	453	567	398	408	711	603
804	761	383	590	516	383	707	594
725	741	286	554	528	318	354	546
720	733	265	596	572	288	308	540
706	708	293	622	597	258	276	520
649	703	308	610	598	257	251	421
622	744	288	579	560	250	405	415
470	691	302	527	543	268	443	527
469	664	325	469	521	314	451	530
553	626	361	417	495	315	459	549
521	517	339	395	474	309	470	624
