0	1	2	3	4	5	6	7
229	166	75	85	54	315	319	100
239	140	76	69	52	320	319	102
247	127	77	61	50	324	327	103
223	124	73	60	46	268	318	96
220	125	72	55	39	193	215	83
194	87	76	56	36	156	152	73
164	80	60	53	41	192	183	67
143	73	74	49	39	183	207	70
176	127	99	50	37	199	197	61
182	152	145	60	38	195	204	62
148	149	145	59	41	201	204	66
157	153	147	59	35	211	174	70
166	157	139	58	33	221	128	67
141	115	124	56	36	197	177	63
136	83	72	50	34	220	164	66
149	98	65	44	31	228	192	69
145	127	69	47	30	241	207	69
134	125	74	57	30	230	215	64
145	142	72	57	26	226	204	75
145	139	64	51	28	228	212	76
128	128	66	50	33	228	190	72
118	90	62	56	33	235	216	74
137	97	65	52	40	275	229	78
113	73	62	53	40	274	200	64
107	83	59	55	37	265	193	61
112	87	68	62	41	263	218	62
115	94	65	53	43	244	224	71
93	89	59	54	42	217	214	68
100	86	58	51	44	224	242	78
115	98	61	52	47	237	270	81
127	118	52	45	41	255	259	80
129	118	54	46	41	264	237	70
149	131	49	40	37	244	276	83
154	148	56	41	34	242	259	77
159	143	58	39	33	269	298	76
149	123	55	35	34	249	299	75
150	126	55	35	31	197	297	84
128	112	54	32	32	201	279	67
127	101	48	33	33	203	277	69
119	90	41	33	30	166	224	69
122	100	44	36	28	217	225	69
116	100	40	35	30	225	221	56
118	108	38	36	27	224	204	62
115	103	37	35	29	236	210	55
97	104	45	34	30	217	190	52
92	113	61	37	32	156	184	59
111	108	60	42	34	186	198	62
111	100	63	42	35	187	185	55
99	108	64	42	34	165	174	54
105	147	60	40	34	164	165	57
103	152	45	36	30	177	168	54
104	158	47	30	28	131	186	68
99	171	45	29	27	136	187	69
109	166	46	28	26	156	178	73
105	129	44	31	27	148	184	72
106	115	50	34	31	136	182	71
89	124	49	33	32	130	146	50
89	110	50	34	32	192	134	51
87	109	49	34	31	181	150	55
84	110	52	36	32	178	146	56
98	135	43	34	29	175	138	53
104	131	42	35	27	222	145	53
104	135	60	37	30	170	157	51
114	146	61	40	31	166	186	53
116	145	61	46	30	216	187	52
112	135	60	47	32	228	184	52
120	127	63	47	32	195	193	54
118	114	43	45	29	192	185	53
103	97	43	42	27	187	139	43
105	99	38	36	28	121	149	42
99	76	39	36	26	99	147	38
87	82	36	37	25	66	117	39
88	111	35	36	24	58	113	37
87	112	35	36	25	52	120	35
84	131	36	31	22	48	112	36
79	135	36	28	25	65	109	35
64	125	36	25	24	68	102	29
57	101	39	29	26	65	102	30
67	108	37	28	26	77	110	32
90	122	41	29	30	78	126	39
91	119	40	26	29	60	120	38
95	119	39	26	31	57	119	38
101	123	36	25	30	59	129	38
97	115	40	27	30	60	146	46
75	71	43	27	26	62	131	40
71	58	52	32	28	96	147	44
72	62	58	37	30	98	146	46
132	134	62	37	32	104	154	58
142	137	61	35	36	106	149	59
148	155	68	40	38	109	151	62
164	180	72	41	36	83	137	58
168	191	69	37	37	114	137	57
125	149	69	36	34	138	150	48
121	159	71	39	31	156	139	42
145	188	68	41	34	227	131	43
136	197	66	40	36	246	181	56
178	211	71	43	36	260	192	84
237	262	83	52	45	272	277	95
311	424	107	59	51	266	422	131
400	479	108	78	66	222	493	147
473	493	124	103	82	261	609	181
487	571	166	144	137	278	728	197
492	604	179	160	157	289	749	206
500	574	211	193	188	331	772	214
578	688	271	220	223	375	804	247
588	770	317	241	251	375	852	299
682	829	323	278	340	377	789	315
749	834	389	294	352	380	927	330
810	854	426	326	398	356	1027	433
875	834	405	350	431	335	1098	632
928	886	508	387	450	325	1059	667
865	945	584	368	390	305	1055	656
822	978	594	366	390	293	991	660
756	970	583	338	349	380	1007	628
631	950	611	303	300	366	963	453
532	980	558	274	291	365	977	482
571	993	601	281	284	396	1029	494
661	1028	602	281	296	416	1023	507
661	1013	601	284	286	370	927	469
610	970	585	286	296	374	898	451
643	882	618	325	350	397	949	332
585	700	487	296	341	352	879	312
455	594	419	277	308	305	782	261
423	599	391	256	298	252	668	261
400	589	369	250	282	243	587	229
295	488	188	126	154	217	331	202
322	468	182	126	139	223	301	201
278	402	169	114	140	223	289	188
260	301	151	108	130	213	271	153
249	231	120	77	92	186	212	113
200	193	110	58	50	89	154	79
151	173	108	55	51	57	126	56
142	172	109	57	49	53	105	51
141	166	95	48	42	52	97	51
144	166	90	45	41	50	118	49
135	157	88	40	39	49	130	42
115	118	67	32	34	65	160	48
110	77	59	27	30	91	174	53
123	72	43	28	36	110	167	51
124	157	81	31	35	112	159	50
122	179	103	32	34	114	169	53
133	193	109	35	36	113	141	55
135	195	110	36	39	115	131	54
133	202	112	36	36	103	134	58
155	150	92	37	37	102	122	60
161	143	75	38	36	101	100	65
151	128	67	37	34	94	96	58
146	125	63	36	26	61	82	53
145	128	61	35	22	47	73	51
99	119	56	32	19	45	84	48
92	91	39	29	19	42	69	37
93	103	39	28	21	42	89	48
100	104	43	30	23	53	99	51
89	96	40	30	22	55	100	47
103	103	42	28	23	56	103	49
100	111	40	29	22	55	95	47
97	103	45	30	24	57	76	36
104	113	43	28	23	48	70	39
100	106	44	28	25	46	100	49
89	96	43	31	26	46	100	45
91	111	44	32	27	45	100	46
97	106	38	28	25	37	100	53
87	103	38	29	25	38	96	48
90	106	37	31	24	38	71	43
87	107	36	27	21	47	64	41
93	112	40	27	21	52	81	44
91	115	45	32	26	50	82	39
99	118	49	33	28	59	82	39
133	143	61	39	31	60	72	39
157	187	73	44	36	62	66	52
173	214	94	53	38	64	47	58
189	239	95	51	38	86	57	133
208	247	95	53	37	90	57	141
229	266	95	54	50	391	64	146
234	254	97	90	98	488	193	159
249	312	95	96	106	590	443	167
293	397	135	128	131	681	738	197
395	540	142	145	159	783	869	229
397	574	237	289	176	752	1069	235
404	578	288	330	172	702	1065	229
402	573	291	340	183	621	1000	228
372	541	297	337	169	525	819	167
282	447	325	339	155	360	686	112
283	401	276	231	134	186	290	98
296	406	231	162	114	148	248	132
310	400	258	142	90	137	207	161
303	370	260	129	88	108	149	164
301	337	227	102	71	102	124	175
301	365	222	128	106	270	130	196
325	392	225	141	153	607	309	289
373	386	192	137	153	762	484	276
482	582	307	170	184	799	703	299
481	615	419	187	193	807	799	300
482	685	498	175	182	786	952	298
501	692	506	172	162	593	940	195
460	698	516	175	163	384	867	188
414	569	457	149	132	307	730	160
435	588	384	133	121	280	663	151
444	489	296	129	118	222	445	155
403	465	287	113	94	138	392	152
403	436	280	111	95	128	382	161
353	460	264	101	90	163	323	152
335	402	234	107	104	248	245	154
329	427	201	122	135	555	437	233
384	503	202	133	153	609	526	245
428	650	211	155	176	648	647	240
540	733	242	213	220	649	712	250
595	806	342	269	265	646	903	288
615	832	359	278	272	459	932	222
599	805	406	282	289	420	890	212
657	721	421	277	280	380	811	249
582	617	417	241	249	449	816	247
510	507	334	189	218	480	689	217
485	483	325	179	199	449	560	223
457	449	262	166	170	428	554	214
301	393	229	159	166	405	549	163
251	364	202	151	164	306	462	144
242	343	189	127	129	179	320	120
198	312	170	102	111	153	233	129
206	296	142	113	118	144	210	135
197	284	106	104	119	243	229	136
186	268	91	99	116	272	211	136
180	257	89	97	115	279	188	131
187	187	83	95	113	275	184	85
150	178	77	62	76	287	178	74
160	224	79	55	61	251	150	129
165	246	72	53	55	223	147	133
165	249	75	48	48	217	123	133
146	231	70	37	38	215	118	130
135	231	66	36	39	237	104	127
145	207	55	34	41	196	90	73
132	162	52	34	39	185	82	62
127	145	43	32	36	203	81	54
127	148	43	32	35	205	80	55
116	146	41	32	32	165	88	59
112	141	41	33	27	162	99	59
117	164	41	31	27	160	110	75
125	179	53	36	29	134	111	79
123	184	54	36	29	139	112	77
139	206	56	36	29	113	103	73
130	203	52	34	29	104	76	63
130	192	55	33	32	131	77	52
123	180	41	27	31	168	102	50
129	180	40	26	33	163	101	53
126	155	36	23	35	191	102	53
114	144	41	22	35	195	101	54
112	136	39	22	34	182	86	47
106	138	41	26	34	149	48	44
97	132	39	26	32	149	49	41
89	126	41	28	29	96	41	44
127	179	40	28	28	79	47	46
153	217	50	35	27	67	60	74
160	229	58	34	26	59	81	106
162	225	61	35	31	72	88	112
165	232	61	34	32	157	89	112
134	187	61	34	32	211	94	111
104	145	53	26	32	225	84	96
105	126	50	28	32	228	84	55
105	128	48	29	29	223	77	41
91	96	46	29	28	174	75	36
94	129	47	29	27	109	66	35
97	151	49	30	27	113	65	31
99	157	44	27	26	140	42	33
110	158	47	27	26	140	41	39
130	173	51	28	27	147	42	43
134	150	47	27	27	160	43	46
130	121	44	28	26	143	43	51
119	107	42	28	27	153	35	51
120	129	37	27	27	161	35	47
102	113	35	26	28	157	35	44
102	120	38	27	28	141	32	42
107	118	41	27	28	136	31	42
109	120	40	26	28	143	30	43
93	109	38	26	29	154	30	43
91	115	34	25	26	156	28	42
77	100	32	25	26	162	28	42
104	108	28	24	25	162	28	38
107	121	30	24	28	124	29	34
110	111	30	23	27	100	28	35
110	106	31	24	29	149	41	36
141	115	31	24	29	187	43	33
116	125	32	26	30	193	43	28
111	120	32	29	26	188	44	31
109	117	32	29	26	187	42	28
107	110	30	27	24	154	39	30
69	120	34	28	26	146	37	37
65	101	32	25	28	145	36	37
69	97	30	24	27	144	36	36
64	94	29	23	27	142	39	36
82	107	31	24	28	136	32	35
113	90	24	23	26	125	33	28
115	95	25	25	26	138	34	29
118	93	28	25	26	165	32	29
123	113	31	25	27	167	30	32
111	99	29	24	26	167	28	30
99	106	32	26	28	134	28	33
98	98	30	25	25	116	26	32
112	110	32	25	25	72	30	32
112	109	31	25	25	70	33	36
116	112	32	27	25	62	34	37
101	112	30	23	22	69	32	35
102	114	31	23	25	137	35	37
85	121	30	24	27	142	34	38
79	105	31	25	25	147	32	33
73	104	33	27	24	151	31	36
69	105	33	28	25	148	32	36
66	109	33	28	23	87	30	35
61	83	30	26	21	82	28	35
65	106	30	25	20	75	28	34
71	111	28	23	23	71	29	29
67	97	27	24	23	71	30	30
71	93	25	24	20	65	30	30
81	132	28	27	23	61	30	30
81	122	26	28	22	50	28	28
78	117	30	28	20	37	28	32
77	119	28	26	22	30	23	28
77	126	31	27	23	29	27	28
69	102	33	24	23	28	28	26
70	91	33	24	23	27	27	28
84	113	32	23	25	24	28	25
89	119	34	22	24	26	30	25
85	112	32	23	23	25	25	23
90	127	33	23	21	22	24	27
87	127	33	24	24	21	26	29
72	111	31	25	22	23	26	27
65	104	30	25	23	23	25	28
64	105	31	25	23	23	25	28
71	127	44	38	30	26	25	29
72	144	121	66	29	27	24	27
82	147	128	71	30	25	22	27
96	161	144	74	29	24	21	31
115	183	176	76	30	25	24	34
113	161	185	79	28	25	27	30
112	151	158	77	31	25	29	29
175	182	157	87	34	27	28	36
210	218	156	91	35	29	28	39
239	308	193	107	45	35	33	56
281	366	191	104	43	33	31	60
298	393	200	95	41	33	32	64
285	400	208	102	43	33	31	61
278	396	250	119	49	34	32	59
272	373	228	112	43	28	25	47
237	320	234	111	46	29	27	44
234	295	233	111	45	29	25	39
219	281	259	94	42	28	26	42
194	262	211	67	37	26	26	40
170	184	185	54	33	26	26	36
191	195	195	53	33	28	28	41
185	193	182	58	35	27	27	42
188	199	137	57	33	26	28	41
243	251	141	54	32	27	27	41
279	288	153	78	32	26	30	52
264	285	131	78	30	22	26	49
261	287	133	72	28	22	26	48
264	288	142	72	29	24	28	49
231	255	136	70	30	24	28	48
179	212	125	43	29	25	25	32
179	209	143	41	27	25	25	31
254	226	157	43	32	29	25	36
254	226	157	43	32	29	25	36
