0	1	2	3	4	5	6	7
231	179	110	69	55	98	366	75
224	183	146	79	49	87	268	64
226	179	146	85	50	87	252	70
219	166	139	87	49	99	285	74
134	149	134	83	52	100	299	71
134	159	126	75	48	93	290	73
203	170	96	97	51	93	288	78
202	173	88	114	61	95	307	77
202	147	88	114	65	97	338	80
203	145	83	115	58	82	308	73
206	135	84	116	57	77	294	71
142	115	72	92	56	78	285	67
193	141	72	64	51	78	269	71
191	154	74	61	47	71	228	63
192	152	74	58	47	70	224	67
185	153	78	58	50	72	232	70
245	156	101	72	55	72	266	83
230	134	99	69	53	81	304	95
242	119	98	68	52	72	266	96
243	123	107	76	53	68	266	96
253	125	112	96	56	78	277	99
216	114	95	93	71	122	351	92
197	103	90	93	70	121	309	75
180	97	91	94	69	121	305	76
175	88	125	118	72	125	324	75
152	76	136	117	76	129	324	67
119	80	140	118	63	97	287	64
94	79	140	119	61	92	311	63
96	83	138	116	61	93	309	61
99	86	110	103	61	90	283	62
94	84	91	90	53	81	293	65
107	87	86	84	49	101	251	71
116	85	97	91	49	102	252	67
113	81	108	100	50	103	257	66
109	83	108	84	47	105	355	67
112	81	104	79	45	124	384	70
94	70	99	73	43	107	384	66
88	67	88	65	57	129	378	67
88	61	72	51	60	143	471	69
80	59	58	44	59	164	414	65
81	63	58	49	65	191	402	58
89	62	63	58	74	214	391	50
90	75	68	61	66	205	386	53
95	89	80	67	66	261	284	54
96	84	81	77	69	253	327	58
92	84	85	98	66	226	312	59
84	85	82	99	63	218	333	69
90	77	79	96	67	241	340	71
92	62	65	90	67	200	405	65
100	68	64	83	70	204	388	67
99	69	77	74	68	230	377	74
105	69	78	70	68	285	435	66
100	66	76	69	67	319	440	76
104	69	85	76	66	305	377	79
101	67	89	80	62	305	387	76
106	66	77	63	62	297	419	71
111	61	72	59	56	246	346	80
110	58	71	58	47	169	331	66
107	61	61	50	44	172	337	69
120	62	57	46	52	211	369	71
123	56	50	47	56	223	375	76
121	67	60	48	57	209	362	69
122	75	64	52	60	209	361	69
123	76	64	56	64	218	423	76
120	92	74	57	67	321	402	84
110	95	76	58	67	325	403	88
108	91	69	57	63	326	477	97
