0	1	2	3	4	5	6	7
128	56	63	53	63	382	130	119
117	69	63	57	60	295	95	79
148	73	61	68	74	278	84	77
157	75	50	75	88	268	81	77
176	82	50	76	87	375	102	114
191	88	57	78	91	391	105	116
206	105	74	77	93	385	107	121
236	115	95	114	94	369	108	127
239	111	100	117	86	435	117	129
221	107	99	116	84	431	114	111
203	105	99	116	79	384	138	118
193	83	84	119	78	384	150	115
128	68	61	78	72	398	151	102
115	66	51	64	67	371	145	116
108	66	48	62	69	294	140	116
107	64	40	57	61	292	141	106
141	76	39	52	60	287	141	105
143	79	44	65	67	351	149	104
139	82	45	65	72	363	154	110
166	92	47	64	70	365	152	115
182	98	59	65	72	362	140	133
177	86	59	58	72	422	129	139
198	80	58	46	57	406	168	155
200	81	58	52	55	410	170	140
191	69	61	57	56	399	188	125
183	65	55	58	59	421	187	114
254	63	60	58	66	465	223	152
259	67	54	53	64	438	231	160
261	66	64	52	71	401	243	163
270	72	63	50	70	451	230	164
271	68	64	53	66	465	229	161
220	67	63	55	58	414	244	126
213	93	65	55	65	413	287	107
220	91	60	55	58	417	282	101
199	91	67	70	68	517	315	102
201	93	66	72	72	508	331	121
158	97	64	72	79	473	297	112
163	70	63	72	73	474	245	100
151	73	62	69	71	486	245	103
152	73	57	48	60	343	215	112
140	78	57	46	62	322	238	93
165	79	64	50	67	316	285	123
161	105	83	73	91	488	269	127
169	115	98	81	112	517	289	129
188	125	105	107	130	506	463	122
341	144	118	129	135	551	489	241
403	155	120	165	152	649	510	277
443	153	120	175	146	623	547	296
469	180	117	209	178	630	588	306
579	194	121	248	209	653	642	371
516	185	111	241	207	652	700	314
473	180	120	235	193	564	750	285
437	195	118	231	190	499	755	266
463	176	130	214	149	490	729	257
448	160	124	155	86	532	677	186
471	181	144	187	103	517	602	189
465	187	154	222	132	613	521	174
468	169	157	236	143	607	508	171
438	165	150	225	142	573	641	185
335	176	155	239	145	571	743	214
346	148	135	242	130	581	764	222
358	136	121	249	111	474	783	220
353	153	122	246	101	533	788	220
327	148	121	243	97	569	761	218
336	150	128	324	119	522	694	159
301	155	130	348	129	480	673	134
303	176	129	315	122	498	650	158
309	186	132	317	118	479	713	176
344	196	132	337	137	508	628	175
310	201	149	277	128	499	506	172
286	206	150	261	156	652	484	168
281	189	152	285	163	729	534	145
290	168	155	283	178	746	476	146
267	171	159	303	176	702	501	135
259	162	135	301	165	715	561	141
293	165	149	273	145	628	635	163
280	172	143	267	145	568	645	174
249	177	134	276	146	507	603	152
226	157	120	244	132	537	639	169
232	157	118	217	137	676	621	179
234	147	108	243	149	813	656	163
252	166	132	298	153	782	598	166
279	165	135	294	148	797	629	180
306	171	148	284	151	820	584	173
343	164	151	296	154	705	517	156
314	172	158	296	145	496	364	156
302	149	138	216	133	651	442	151
280	137	137	252	145	691	561	151
272	151	130	289	156	650	559	143
209	150	137	300	159	633	587	140
266	154	126	333	159	622	608	143
281	166	126	402	195	507	551	142
298	179	126	382	179	395	373	130
276	170	121	402	174	350	341	124
345	186	118	391	167	354	471	165
416	179	111	348	154	418	496	171
417	170	129	293	122	414	498	180
412	156	133	352	141	387	553	199
476	185	141	324	145	472	619	203
434	168	138	348	162	501	547	176
328	172	144	385	172	457	494	170
303	172	126	369	162	395	483	151
300	178	129	358	146	417	428	126
191	146	127	345	138	466	375	139
225	142	122	317	118	451	307	148
247	126	119	265	96	440	315	151
249	125	118	264	90	441	315	158
270	120	98	191	90	425	339	163
332	122	96	237	144	316	367	174
314	123	96	275	159	474	370	168
320	124	97	282	165	475	363	166
330	115	95	275	168	480	389	163
312	111	105	276	177	514	385	152
276	106	102	226	137	527	326	122
291	157	102	181	115	372	381	122
262	160	101	167	107	366	439	123
259	160	100	188	107	366	437	122
257	162	100	219	107	419	411	123
223	159	92	240	113	442	532	122
247	103	83	238	128	441	595	223
275	125	104	241	143	436	579	226
286	136	108	248	148	469	577	230
286	138	100	235	142	503	573	231
291	133	107	254	131	434	494	241
351	139	110	262	129	438	440	171
379	124	102	317	144	457	438	186
382	123	118	367	158	454	438	189
398	127	124	361	222	559	515	194
444	126	121	347	240	709	635	195
405	138	148	463	244	727	578	192
381	135	167	475	263	723	593	177
376	124	167	523	288	817	648	200
419	117	166	542	247	764	761	241
442	157	203	628	258	635	663	250
423	168	203	577	264	609	668	238
406	166	185	548	247	709	653	241
404	166	179	519	253	604	617	226
373	191	189	548	263	517	397	195
342	191	182	452	254	554	356	211
316	234	221	426	249	667	377	249
330	248	225	459	272	763	540	269
322	278	224	426	252	821	570	284
319	295	221	401	257	809	618	283
268	276	200	509	265	876	631	263
299	228	137	547	312	833	653	244
302	218	154	556	325	673	616	225
325	207	173	595	344	571	741	206
337	161	171	598	393	737	727	207
323	161	167	533	398	776	797	252
320	178	176	506	412	763	783	257
407	179	156	478	405	768	752	307
397	143	154	408	390	782	668	305
379	142	154	480	374	744	667	303
388	169	168	502	378	645	587	261
364	149	168	531	320	623	623	239
294	186	178	525	329	629	582	177
308	204	188	573	390	711	534	196
278	230	211	529	384	778	515	181
267	233	206	469	363	741	491	180
288	234	200	450	383	766	511	205
277	203	198	508	403	801	670	294
310	197	186	462	365	858	650	317
325	173	170	415	347	702	645	316
329	149	188	419	369	686	680	317
308	145	187	429	366	700	684	306
270	145	179	449	313	769	560	207
281	152	175	465	294	621	522	209
