0	1	2	3	4	5	6	7
100	64	55	50	49	321	156	71
108	67	60	49	49	281	155	73
123	96	60	48	48	261	152	72
156	115	61	55	44	238	164	84
156	117	63	58	43	242	139	91
155	111	59	60	52	295	130	86
156	117	63	61	52	325	132	99
171	130	71	63	52	313	137	98
152	133	69	59	49	314	146	88
165	137	70	58	52	350	147	86
165	147	66	53	44	288	144	81
173	147	65	56	46	242	142	73
147	122	58	54	44	236	168	73
145	105	59	52	50	282	149	76
122	96	52	47	50	270	162	103
115	85	58	52	48	273	167	108
103	86	52	51	48	257	174	106
117	82	49	49	48	268	156	104
104	86	49	50	41	265	136	100
94	86	60	56	50	313	128	67
110	82	57	53	56	340	188	90
104	70	53	50	53	339	186	87
98	71	58	51	53	326	175	87
106	105	68	56	55	301	176	82
119	105	65	53	44	240	162	88
113	103	65	51	38	193	117	68
139	104	65	50	37	200	131	74
138	111	64	49	37	204	132	76
134	90	55	36	34	183	131	77
151	93	48	28	34	177	132	85
150	91	46	33	34	208	125	99
124	90	50	36	38	233	107	92
118	79	50	42	39	230	105	92
123	59	49	47	40	228	103	105
94	46	51	48	40	238	108	99
83	45	65	64	50	205	118	80
84	53	69	70	48	169	112	86
76	57	79	74	48	197	114	84
92	54	80	74	49	220	158	87
112	54	78	78	55	195	167	92
129	55	65	65	44	210	139	95
134	56	60	60	46	213	146	90
133	50	51	52	43	199	147	92
125	64	52	52	47	256	127	78
113	64	52	45	41	266	107	70
98	66	54	45	42	252	111	63
98	62	51	46	47	331	133	67
181	116	56	46	51	380	210	98
284	115	56	49	54	358	296	104
300	118	61	52	53	367	307	107
306	127	60	50	53	398	311	106
317	130	65	52	56	360	300	129
383	91	60	52	52	302	324	154
478	89	64	49	51	323	281	206
587	98	63	49	58	306	274	263
609	141	87	52	56	288	282	283
604	149	87	49	49	268	282	273
550	155	88	55	54	332	199	253
486	160	93	62	56	333	191	244
424	176	117	65	56	334	188	219
405	144	132	65	56	331	168	239
435	147	134	64	56	416	178	244
445	145	135	59	52	457	198	244
374	140	127	53	50	431	217	218
324	135	103	51	44	427	244	213
330	150	78	63	53	452	263	165
303	215	104	66	54	395	272	187
306	219	103	65	56	331	265	201
330	225	113	77	64	329	263	218
293	215	124	78	63	323	244	189
313	207	118	72	70	282	230	194
309	129	97	75	77	349	231	211
342	115	97	80	75	394	252	218
356	99	94	71	65	397	207	197
348	130	83	71	64	401	197	190
387	117	74	70	52	417	192	229
398	117	64	64	38	337	198	200
355	119	62	61	44	328	158	178
323	120	48	58	58	363	137	179
333	83	48	59	62	368	135	205
260	85	48	55	66	383	151	168
239	89	63	56	70	377	142	155
240	94	73	59	67	337	152	154
230	93	73	64	59	285	197	154
225	111	71	57	55	284	206	118
199	117	79	65	52	347	203	117
218	118	88	74	62	387	199	138
286	138	88	76	66	354	209	142
286	146	92	69	63	357	214	134
291	135	90	69	69	413	216	142
304	134	94	65	70	330	219	135
291	126	83	60	65	313	212	122
255	102	83	58	63	314	248	136
296	93	89	63	64	353	236	192
297	83	90	69	58	301	229	200
289	81	81	69	53	284	218	196
287	80	78	70	46	275	242	202
255	74	65	76	42	305	198	201
202	89	61	71	40	267	184	150
217	95	66	73	55	241	195	154
222	94	65	77	53	239	196	161
288	99	65	77	56	262	200	181
330	99	66	71	55	260	194	177
354	81	63	81	56	264	180	179
424	87	73	114	70	256	171	179
484	89	91	128	87	271	185	213
470	92	100	124	85	260	154	189
447	95	103	126	89	276	156	195
472	96	101	122	90	280	210	206
410	85	95	87	71	279	204	196
333	75	80	94	78	267	193	142
311	69	65	99	83	230	185	140
332	70	60	93	81	168	193	121
273	77	58	91	79	138	139	112
366	84	52	96	88	149	140	125
394	93	58	77	68	142	136	137
395	87	64	76	59	174	136	141
422	94	68	86	61	227	153	174
443	133	82	89	64	233	184	167
356	139	87	91	61	228	196	168
341	133	84	95	66	232	222	184
363	135	80	91	73	296	220	191
309	132	79	85	75	297	202	177
334	90	70	89	78	299	168	184
340	99	61	85	70	302	155	176
336	113	69	87	68	302	144	162
376	113	70	84	61	248	157	218
389	121	71	81	53	191	161	232
367	127	69	77	51	167	223	232
369	107	69	74	56	158	256	235
360	92	59	62	55	168	238	229
289	94	74	67	55	108	230	183
301	85	82	68	57	126	280	181
303	69	82	65	54	129	247	175
286	90	90	65	49	129	227	162
284	97	90	53	41	105	287	172
282	108	85	65	52	101	291	185
255	107	74	66	52	59	246	169
314	116	77	68	50	57	230	177
328	107	70	65	49	59	223	183
346	104	70	68	52	61	181	198
351	88	59	53	43	54	169	174
340	93	69	54	47	57	147	159
262	94	65	57	49	60	155	140
252	99	64	57	54	132	159	140
223	113	77	59	53	141	120	104
225	129	81	58	53	144	186	120
289	128	76	56	52	144	308	129
287	128	82	58	51	145	314	158
301	131	82	56	43	94	316	161
309	123	71	54	44	76	318	167
294	117	71	61	51	77	289	146
302	120	82	64	53	77	211	157
302	116	79	59	56	69	242	145
305	105	80	59	60	58	239	148
307	105	80	83	76	66	241	147
318	105	89	132	89	71	238	149
270	95	79	148	87	139	224	151
315	93	77	153	88	152	197	144
339	89	76	155	91	152	211	137
343	78	74	148	89	151	209	126
342	68	64	107	80	153	236	130
333	75	62	82	82	104	240	110
282	73	64	74	78	90	239	97
215	70	61	73	74	166	232	90
259	70	60	62	59	168	250	124
255	73	57	60	49	165	241	116
247	66	54	59	43	163	230	105
248	69	54	64	50	195	218	107
284	73	57	63	49	173	216	155
226	72	52	63	52	191	200	146
271	74	55	60	52	194	178	162
278	75	56	59	59	195	156	164
275	69	52	49	52	161	169	165
245	69	50	57	64	127	160	126
284	75	57	67	73	105	185	125
250	64	54	65	72	113	208	132
255	64	54	67	67	110	216	132
254	64	52	70	68	108	202	132
