0	1	2	3	4	5	6	7
139	56	84	58	55	252	146	72
142	56	84	57	57	251	149	75
159	58	84	55	51	281	136	74
169	58	65	48	51	249	124	78
210	71	64	63	50	244	127	96
224	72	63	77	59	290	183	144
255	76	75	85	64	307	210	153
275	93	83	86	63	280	209	166
306	96	88	116	68	267	227	179
359	102	94	124	100	393	314	192
425	124	124	130	106	402	298	204
446	127	141	228	117	399	296	202
497	137	173	246	141	448	347	228
538	138	174	248	159	555	380	264
594	154	180	256	155	554	415	336
572	152	206	469	177	526	412	324
586	179	231	489	193	532	399	335
690	190	216	491	193	557	408	407
781	202	215	492	187	537	432	421
722	202	222	552	193	474	353	366
709	215	224	509	225	474	358	357
713	216	198	489	213	502	412	368
593	208	192	485	206	561	446	352
464	195	191	480	201	575	429	307
449	192	215	480	241	574	418	305
518	183	184	371	208	622	423	365
543	159	172	322	199	699	632	424
571	164	188	400	201	608	603	375
530	184	245	525	221	522	599	373
538	167	245	521	170	539	597	380
503	149	236	528	163	601	617	366
557	169	253	599	204	503	432	310
524	159	248	579	198	490	400	292
525	157	217	533	232	504	363	299
522	166	188	582	271	546	376	295
546	173	196	573	261	477	377	409
691	194	187	506	238	448	493	616
694	190	181	477	244	455	502	635
702	178	149	430	188	475	516	636
799	181	160	272	120	391	617	697
868	182	192	344	148	367	606	665
714	164	218	347	142	386	449	482
697	165	231	347	133	412	455	450
695	162	237	322	130	394	497	462
682	173	247	329	135	394	362	390
559	169	228	233	103	331	329	295
497	149	211	244	111	290	399	257
594	155	195	233	111	260	406	311
611	160	200	258	114	202	358	342
500	145	220	256	111	157	349	312
498	138	265	320	120	157	354	324
518	129	260	310	106	153	322	329
418	122	258	317	101	103	337	281
372	118	271	291	97	95	309	200
348	133	303	310	96	89	307	179
423	146	354	260	89	79	378	173
404	146	357	292	97	100	331	174
418	153	367	290	100	88	279	159
438	151	389	318	105	87	292	180
549	146	374	300	97	91	312	215
481	132	285	288	90	96	244	218
475	135	344	271	85	81	314	208
439	133	354	264	86	81	330	208
430	137	353	247	88	82	324	194
286	122	342	234	93	90	372	165
304	135	375	231	94	85	354	156
302	134	345	272	100	81	293	153
330	125	402	331	104	83	276	178
351	131	437	368	104	84	278	201
362	130	425	370	116	92	199	203
362	116	397	369	115	94	190	199
376	121	409	330	107	92	235	196
424	117	398	328	110	97	284	221
414	118	407	315	111	117	342	214
428	120	529	360	103	98	334	221
443	121	565	358	120	102	360	244
446	111	553	368	121	106	352	256
372	113	523	331	114	102	331	245
465	95	499	326	117	99	430	294
562	100	387	287	120	110	481	320
600	140	430	299	108	111	476	299
596	164	432	282	112	122	507	290
630	167	426	264	112	144	522	276
641	180	379	268	104	134	526	300
554	178	354	265	110	228	520	271
545	204	424	332	125	334	550	334
598	201	450	354	154	370	547	365
567	202	517	364	164	365	682	374
478	195	530	341	167	415	601	306
465	191	553	348	160	381	591	325
454	145	478	285	156	302	572	286
439	131	441	264	203	274	557	244
430	138	432	278	230	311	346	226
437	133	426	369	327	416	372	235
447	151	459	497	436	464	419	220
628	170	467	561	475	488	516	428
626	172	483	626	472	488	526	455
635	158	483	771	504	495	594	460
677	159	587	806	455	415	612	488
769	163	737	775	430	362	684	526
607	154	791	798	508	363	660	368
561	166	789	788	506	398	669	338
579	180	800	690	474	554	654	333
642	186	751	672	481	543	632	371
594	189	578	648	477	555	517	327
584	178	459	581	386	534	435	323
608	165	465	551	389	522	417	337
646	159	470	525	422	379	375	342
620	180	515	525	418	345	387	319
551	164	519	503	366	357	367	292
579	159	551	488	397	528	529	318
697	165	586	603	485	625	662	430
686	172	608	593	597	590	662	461
602	150	567	621	613	595	649	417
637	154	571	647	621	634	680	432
608	149	527	657	643	576	613	410
566	147	516	575	611	507	474	344
637	150	425	622	498	512	457	345
653	140	402	549	507	511	468	369
682	134	394	545	523	438	421	384
