0	1	2	3	4	5	6	7
132	39	36	30	34	224	99	83
135	48	47	33	42	279	179	98
175	42	44	36	53	305	324	126
192	49	48	38	54	315	333	130
224	50	53	47	56	335	361	122
277	70	71	53	65	488	368	128
321	68	73	61	61	479	355	133
326	74	82	82	63	468	302	115
378	106	108	117	65	518	297	143
370	114	109	148	103	598	405	174
443	131	105	202	121	707	547	201
429	143	133	270	136	750	633	243
426	163	150	275	135	751	608	259
406	165	149	313	145	765	621	254
397	164	156	365	141	745	547	237
362	146	157	355	142	534	477	254
573	167	146	313	132	452	427	286
603	234	152	309	131	519	528	294
606	239	149	299	145	587	607	312
648	243	146	241	132	588	738	343
660	251	151	246	120	582	723	341
559	252	177	287	155	592	716	312
541	195	178	465	212	756	729	308
636	177	184	481	221	702	843	354
710	173	185	472	221	649	760	353
748	174	182	466	221	647	744	336
695	155	203	470	200	693	730	308
702	132	194	354	164	468	668	292
641	132	185	324	144	417	414	225
602	139	183	322	143	421	414	242
539	130	191	360	165	536	529	252
529	121	134	332	172	557	500	249
526	124	117	266	146	546	478	278
649	142	130	237	138	537	510	300
623	149	140	272	137	546	566	305
602	150	135	217	123	599	518	304
608	146	149	205	112	515	607	310
679	145	164	211	116	504	620	328
665	136	157	238	112	531	601	335
644	114	147	209	123	587	599	289
620	106	144	260	151	443	553	270
620	127	157	269	148	452	476	264
546	125	149	269	152	612	626	241
404	112	144	250	157	647	639	225
376	125	156	246	146	583	560	228
416	130	165	205	94	567	557	230
416	106	133	188	97	563	563	245
449	116	146	199	103	469	365	261
419	125	148	203	99	426	411	243
398	129	146	194	104	431	410	243
418	174	157	165	103	427	422	279
441	198	171	162	103	420	402	276
450	254	184	152	88	365	400	381
471	265	210	135	83	297	507	422
518	286	233	133	91	299	581	478
519	302	227	172	97	357	639	467
544	295	223	182	99	437	834	477
548	261	206	192	107	430	847	385
619	267	215	192	105	435	804	398
578	238	192	197	94	443	919	344
554	185	191	161	84	421	895	345
654	191	205	148	92	322	743	405
631	168	216	111	84	280	829	417
564	136	195	115	98	271	801	357
582	146	194	127	106	245	628	346
584	154	198	146	121	202	675	334
437	151	184	149	112	213	745	259
523	147	167	152	115	213	705	226
503	159	159	157	124	241	751	223
542	213	206	174	132	242	727	235
602	249	240	166	135	232	684	277
683	251	248	160	132	221	627	323
622	255	255	177	135	248	596	320
618	263	263	218	170	313	555	321
593	266	245	201	185	314	603	324
682	247	249	201	178	316	683	369
640	250	258	201	178	336	733	334
628	248	277	193	178	316	700	333
637	332	349	170	144	212	692	358
690	325	356	169	127	209	817	399
597	310	331	163	149	235	867	345
585	303	326	211	201	225	791	344
558	333	331	221	213	215	796	341
614	302	308	197	214	212	791	328
655	278	283	291	238	239	773	404
636	313	328	324	367	227	735	429
598	400	364	308	367	209	743	411
629	385	346	305	365	200	738	415
601	351	296	390	409	208	758	407
476	355	310	442	550	294	671	288
497	376	292	539	627	284	523	276
505	319	320	662	757	290	567	293
625	312	372	890	869	613	621	341
614	295	370	872	894	648	665	353
615	283	368	841	855	653	621	335
678	329	365	818	824	657	655	376
677	297	360	864	862	657	703	367
535	301	369	738	814	547	650	318
541	299	382	760	803	515	579	311
592	300	373	750	756	458	738	353
580	186	357	743	739	463	790	345
590	235	314	658	682	485	755	351
601	242	268	607	652	297	755	350
591	259	251	584	648	276	764	346
559	265	265	596	716	310	665	315
475	255	283	590	727	316	581	281
454	199	255	523	632	320	517	263
459	188	234	443	659	373	626	293
528	166	224	445	675	376	626	400
581	152	267	461	664	354	545	450
531	150	243	528	710	340	539	413
532	150	250	515	768	391	572	409
571	148	245	557	758	371	591	409
481	142	251	578	738	374	573	298
394	131	207	581	705	362	594	184
424	132	201	471	579	371	600	221
466	136	208	505	537	303	564	356
517	122	185	491	533	244	402	370
517	131	185	600	544	230	367	379
501	144	188	600	573	232	334	382
481	138	182	594	565	212	416	393
561	133	161	580	514	191	506	347
523	145	171	564	544	201	527	332
520	146	170	420	540	202	524	314
508	144	146	364	503	187	538	314
661	143	142	407	521	286	473	372
580	148	160	423	565	283	375	318
526	146	163	409	477	278	363	294
531	152	170	409	506	295	357	311
