0	1	2	3	4	5	6	7
381	207	658	536	185	166	322	133
404	224	775	530	179	171	340	150
371	224	853	533	164	160	325	183
301	221	890	507	146	120	262	175
304	219	951	493	143	133	263	180
323	224	953	475	142	130	213	178
336	214	907	626	188	127	239	174
358	208	872	585	178	130	258	150
381	221	850	627	184	121	255	142
381	244	826	726	214	119	296	143
401	234	824	751	223	128	340	145
380	212	780	629	184	126	305	141
329	204	723	605	168	116	310	116
314	188	724	581	158	116	352	124
326	163	740	461	122	135	331	117
300	174	766	447	116	128	295	121
309	217	764	491	123	129	295	120
351	225	778	505	135	131	291	144
369	236	729	526	140	127	247	143
376	238	711	541	136	86	214	132
378	243	675	560	135	91	212	131
359	197	740	497	133	95	301	148
334	189	748	453	124	100	280	130
309	182	825	417	121	96	271	128
236	185	818	461	137	98	276	124
251	174	831	431	136	98	305	120
260	185	882	431	123	94	235	95
254	187	900	443	128	90	245	90
263	207	883	474	142	98	241	93
271	193	892	418	131	128	273	103
279	219	870	393	117	127	276	112
327	222	798	401	118	123	274	111
338	226	744	436	121	133	306	116
329	197	739	388	104	126	297	108
347	201	722	398	105	97	276	98
329	209	711	443	114	89	246	85
300	209	642	454	112	86	234	78
