0	1	2	3	4	5	6	7
188	102	130	63	42	206	286	128
158	86	113	47	39	229	234	122
232	77	109	51	40	233	341	171
225	80	114	58	44	206	342	170
221	89	132	66	42	181	334	164
246	87	125	66	45	194	319	167
266	86	124	67	43	175	340	173
215	82	116	65	40	145	247	114
214	83	105	62	36	149	313	129
222	71	69	53	32	151	343	124
197	70	69	55	29	193	361	122
209	64	64	58	41	223	377	109
191	59	59	58	43	219	391	107
186	67	68	60	41	217	337	91
171	63	67	62	45	219	309	90
167	60	70	60	48	166	323	89
145	64	83	73	47	140	358	96
195	104	120	80	50	130	349	97
212	103	118	74	49	127	352	99
247	111	117	71	47	160	371	112
261	114	126	80	46	168	343	125
244	113	116	63	44	162	283	117
219	84	92	52	41	214	270	131
239	81	90	59	43	217	321	142
215	83	107	64	42	193	297	132
200	80	103	54	38	186	347	117
214	88	121	61	37	194	347	122
226	97	119	67	45	173	327	113
189	101	123	62	48	185	341	99
176	95	108	56	46	183	348	98
182	111	110	61	48	180	285	95
164	108	101	67	45	171	270	78
156	102	95	66	37	145	272	81
153	92	87	64	31	147	184	77
154	92	87	64	32	148	216	81
146	75	81	60	36	147	230	81
144	67	67	49	35	157	252	81
125	66	73	53	36	138	242	75
153	78	75	57	38	138	244	73
165	95	93	58	40	146	208	70
164	90	90	54	33	149	220	75
175	93	91	53	40	129	265	94
172	86	79	45	42	156	308	93
152	76	89	41	47	235	307	94
148	54	82	48	48	238	332	97
149	62	82	53	50	239	340	95
157	62	80	50	45	237	297	81
152	65	81	48	41	230	278	72
145	65	69	50	34	150	285	70
136	63	51	42	31	135	268	64
136	57	48	41	30	131	246	68
102	55	53	42	32	126	256	62
93	79	77	48	31	143	290	68
106	91	95	51	32	123	279	67
119	94	98	51	32	124	263	64
121	94	94	50	31	122	266	66
127	97	96	55	32	167	252	70
126	87	95	52	33	154	178	73
112	94	94	46	35	200	191	75
117	110	109	49	38	207	244	84
115	131	111	55	39	211	249	77
117	131	119	47	35	205	236	74
121	127	111	46	35	192	260	80
181	125	111	50	36	140	259	90
196	112	96	48	34	142	246	92
200	88	99	40	36	171	245	113
201	86	85	48	39	145	259	119
201	94	94	53	38	145	251	116
159	80	85	56	35	163	270	113
130	77	91	57	34	154	243	109
120	82	120	60	36	117	233	88
112	111	139	56	39	110	247	79
109	115	136	50	37	107	253	72
150	118	139	47	37	71	329	79
158	120	138	45	37	72	338	81
160	116	117	43	33	68	351	82
164	94	99	43	28	71	339	90
170	83	96	42	28	69	320	93
134	95	105	41	29	69	265	86
116	124	162	42	31	63	256	87
127	130	163	40	31	60	248	95
123	127	161	39	31	38	235	85
146	133	162	41	32	34	259	90
138	121	155	40	32	34	199	84
148	100	100	37	30	32	240	79
135	116	124	38	31	33	243	71
132	121	129	36	31	38	242	70
126	111	131	39	28	43	258	68
143	110	131	41	28	43	278	84
136	105	127	41	27	40	237	84
136	90	104	41	25	39	213	80
140	85	97	46	26	40	250	83
126	91	96	45	31	49	229	88
114	95	94	46	33	87	201	72
110	88	89	46	34	92	198	70
128	86	100	60	44	96	333	81
131	85	113	68	50	213	346	92
117	82	110	68	52	273	351	81
119	89	112	67	54	280	358	86
163	91	119	69	56	280	368	94
155	84	103	58	49	282	266	87
159	88	96	50	48	220	261	83
170	90	96	54	43	161	261	82
166	83	96	56	41	139	260	80
134	86	90	54	37	137	260	74
138	90	90	52	35	133	253	73
128	96	86	55	34	111	209	61
114	102	102	58	39	123	191	60
108	109	102	60	39	158	187	58
106	104	97	60	41	201	217	62
130	105	97	61	45	203	221	75
135	99	109	74	47	205	208	78
145	94	96	82	53	225	197	80
148	82	88	83	54	210	202	80
146	88	97	82	54	172	167	82
129	80	98	83	55	177	240	92
129	80	86	78	56	193	262	94
142	88	91	73	59	178	316	100
150	89	107	75	61	219	313	103
158	84	110	124	77	290	309	101
196	82	109	137	84	292	272	84
209	77	104	131	80	287	254	87
198	62	95	127	72	275	182	79
193	57	74	132	71	294	215	77
191	56	62	102	61	276	240	90
195	68	82	83	51	277	221	92
205	79	106	84	49	276	218	84
212	79	107	85	53	267	222	84
209	80	107	98	50	247	202	82
205	79	104	89	41	193	178	65
154	74	87	93	46	193	258	65
189	99	93	104	57	211	268	70
183	99	93	116	57	209	273	69
190	99	95	97	56	180	268	71
193	105	100	97	59	176	278	86
203	103	100	93	57	171	202	89
159	68	66	84	49	142	218	83
165	83	84	68	45	154	210	84
158	90	91	66	44	120	211	82
150	86	87	64	39	164	227	65
138	83	86	62	37	161	232	54
133	79	85	61	36	163	216	54
150	67	68	62	37	148	237	62
153	63	63	58	38	178	226	67
