0	1	2	3	4	5	6	7
188	105	84	77	47	103	417	60
159	103	83	64	48	103	376	64
154	108	88	68	48	109	393	66
150	106	99	83	48	97	454	60
142	109	102	85	43	77	406	67
161	118	109	90	43	77	373	79
155	112	109	88	51	96	423	104
143	110	105	80	54	92	393	110
153	118	100	64	54	86	302	110
147	114	94	59	57	89	289	111
147	101	89	55	66	93	306	132
233	186	87	54	58	74	229	136
277	197	84	53	58	76	239	132
291	215	81	53	57	75	274	137
307	235	83	54	62	83	274	135
345	280	107	67	64	108	424	144
314	274	110	70	67	124	605	151
341	319	109	70	72	151	697	154
370	375	133	84	82	159	742	158
412	376	134	95	100	174	781	172
429	401	164	131	121	202	819	193
418	411	188	149	136	234	738	195
397	398	195	160	157	259	686	229
384	403	188	163	161	257	626	231
331	409	197	182	176	255	575	223
262	403	168	162	170	226	399	186
284	435	143	151	162	202	389	174
295	445	193	191	185	162	384	143
420	511	220	228	256	212	402	145
421	538	240	243	282	231	406	141
443	533	259	264	299	248	423	150
460	554	290	290	320	271	440	156
459	551	295	305	334	308	490	164
328	469	295	306	307	287	590	196
324	437	299	295	290	279	592	205
309	497	299	291	284	288	612	218
345	450	296	280	275	264	574	231
363	449	312	266	278	257	538	233
385	426	302	257	293	252	437	209
427	424	297	250	286	253	482	214
458	324	302	250	293	236	509	208
400	278	287	244	291	245	530	198
348	257	232	219	260	203	502	179
358	272	220	188	210	192	481	182
314	284	199	182	192	181	459	190
247	265	168	159	156	367	604	250
244	265	150	137	132	378	588	252
239	235	136	106	95	380	567	250
161	206	123	97	87	406	572	240
139	172	108	79	81	440	596	239
134	160	85	57	71	311	362	164
107	145	70	53	62	288	329	132
111	164	75	58	58	282	344	136
117	143	73	57	55	243	386	133
127	123	69	49	40	173	366	101
125	129	71	52	42	175	393	91
131	129	73	52	41	164	394	96
128	98	60	42	38	159	374	84
141	120	82	49	43	157	390	91
130	125	82	49	44	142	354	91
124	114	79	42	40	115	316	88
122	119	83	46	43	114	321	80
120	122	87	47	41	114	344	77
108	109	73	44	43	110	320	74
107	100	71	45	44	111	319	67
111	122	79	52	46	79	334	64
121	117	78	52	47	68	338	67
121	115	77	54	45	66	326	67
111	103	71	52	44	100	293	57
120	105	74	51	44	131	376	59
127	87	62	47	44	133	371	59
114	90	64	42	40	135	358	52
120	88	61	41	41	135	363	53
125	88	62	43	40	112	368	61
120	95	64	44	38	80	313	65
103	88	66	43	40	87	335	63
102	75	58	44	42	89	334	66
107	88	60	44	41	87	316	65
99	88	61	41	38	87	302	57
97	80	58	41	34	72	238	51
109	103	71	47	32	65	209	54
110	112	77	47	32	63	200	52
108	110	77	47	31	64	212	54
127	118	78	48	36	70	302	73
125	120	81	49	39	77	336	70
124	110	74	50	43	86	335	69
126	114	74	50	44	87	342	74
123	113	75	52	46	89	343	76
122	116	75	52	46	83	307	59
120	113	70	50	44	89	282	60
130	108	68	45	40	84	270	57
130	96	62	44	44	84	261	55
134	92	64	43	45	94	272	65
127	80	60	44	48	104	220	71
133	102	74	51	51	95	199	73
123	104	74	48	50	86	203	71
136	111	78	50	47	88	235	69
142	113	80	54	46	91	252	60
141	111	81	55	46	90	362	61
138	90	69	51	46	90	363	62
131	90	69	51	44	88	360	65
112	77	61	48	48	93	348	67
99	77	60	43	47	84	323	61
92	80	63	44	43	73	174	52
137	114	78	46	43	80	192	49
210	126	80	47	45	80	216	57
229	144	92	51	40	65	210	58
235	165	92	52	42	68	229	62
303	202	121	63	50	81	236	95
342	208	126	93	63	106	358	141
433	351	174	132	80	144	522	183
504	596	236	193	117	178	747	204
582	669	278	227	136	202	787	230
635	760	368	250	168	213	807	235
636	775	468	347	237	246	803	216
561	733	478	365	263	262	805	198
543	587	479	346	256	254	678	199
494	572	499	334	253	255	671	173
423	490	498	333	259	262	659	177
380	466	415	246	253	255	605	171
391	464	409	219	233	237	487	165
341	423	384	218	252	238	485	153
341	376	344	220	259	238	505	170
445	409	259	199	236	225	497	160
453	410	258	174	173	220	503	170
454	389	225	154	158	222	491	172
435	389	211	140	117	210	422	160
391	354	183	117	93	189	316	138
202	232	152	107	83	179	292	118
190	234	120	98	85	140	277	103
168	245	115	87	78	106	261	88
186	240	103	77	71	102	203	82
188	201	99	67	65	96	261	98
182	174	92	64	64	91	260	98
217	192	95	55	60	92	257	110
228	206	86	55	64	98	306	110
224	198	83	53	60	98	307	111
218	198	82	54	55	99	253	97
230	213	83	52	52	101	253	95
237	213	91	56	50	88	285	85
224	200	96	55	44	78	240	84
228	237	99	54	43	80	243	93
231	239	97	53	44	88	272	93
214	251	93	50	39	85	281	93
163	261	74	45	40	88	242	92
164	264	73	51	56	108	250	84
211	331	113	80	74	113	265	81
418	464	314	136	116	161	314	144
476	526	454	214	154	220	402	156
492	537	521	258	174	228	484	157
531	634	544	286	213	258	479	164
576	677	571	354	242	291	550	167
469	603	545	364	234	271	594	134
416	552	460	326	214	227	552	123
423	538	406	306	209	240	526	136
405	479	380	298	179	206	582	136
307	388	332	220	148	176	516	129
292	406	306	193	138	169	421	113
287	388	279	203	140	180	415	124
253	372	264	192	144	170	381	111
198	325	284	182	137	166	359	103
239	343	332	190	144	148	364	107
254	326	280	192	152	148	393	118
262	329	275	191	156	138	389	106
262	329	255	186	146	117	367	104
308	361	259	185	145	145	344	114
274	327	214	173	128	140	312	106
243	310	219	159	121	137	358	97
250	332	222	147	109	137	386	113
237	334	223	144	109	162	398	132
159	250	187	122	99	132	354	115
169	217	155	104	91	126	366	124
170	221	116	78	80	127	294	128
167	192	100	78	83	130	249	113
178	180	102	74	70	91	222	88
172	174	96	71	64	85	213	94
171	155	95	74	61	87	194	90
174	170	104	86	65	89	168	77
169	224	102	85	67	80	160	75
154	230	104	85	65	89	201	74
169	261	109	82	66	91	259	77
161	285	108	74	65	86	275	66
157	269	99	59	58	82	289	70
140	256	100	54	48	83	276	75
160	249	92	51	47	77	257	76
165	242	73	46	41	81	218	70
197	278	69	45	43	85	216	82
202	328	72	45	52	103	199	84
229	415	140	88	79	132	246	89
242	500	212	225	104	149	260	101
246	525	428	282	128	151	252	108
231	522	450	284	129	153	253	100
237	500	456	290	132	156	285	110
278	446	462	304	131	148	264	109
272	373	459	233	120	131	271	98
263	339	277	177	102	134	274	95
263	290	246	178	104	141	375	136
278	286	244	171	100	134	387	129
217	245	203	129	96	129	381	123
202	211	154	141	96	128	362	124
192	180	141	123	93	129	396	126
177	183	132	117	94	124	300	82
127	170	113	114	89	117	246	77
116	139	109	109	73	98	243	83
117	132	133	120	71	103	254	81
127	137	149	134	69	93	307	82
132	136	167	173	63	83	312	86
141	130	185	238	80	82	381	91
172	129	188	248	85	86	491	94
195	119	164	261	79	76	553	109
225	113	158	257	79	81	510	109
229	114	155	246	87	92	529	106
223	127	249	202	80	88	565	104
209	126	280	211	75	85	565	102
180	127	280	176	78	87	506	92
149	134	277	169	74	76	491	86
146	142	299	180	65	58	460	91
169	149	331	171	64	75	368	88
176	162	333	186	73	77	250	93
184	186	352	191	72	78	280	91
181	189	361	197	76	83	295	91
184	182	369	216	83	85	321	86
168	181	382	306	87	71	337	84
161	176	380	323	93	84	434	85
171	166	393	324	88	80	413	87
173	159	407	337	87	75	400	81
168	167	434	315	81	80	499	87
184	163	340	245	72	88	510	99
173	155	317	195	52	75	411	86
164	139	285	186	60	79	415	86
153	136	281	162	59	82	430	93
154	128	190	159	61	91	426	96
137	106	187	121	56	84	389	82
142	105	233	119	59	82	403	83
141	106	230	121	53	76	421	78
139	101	213	133	61	91	419	72
142	95	214	137	59	94	303	66
143	93	220	146	65	98	374	68
143	80	169	161	70	102	381	70
126	76	174	153	71	104	374	70
126	78	161	134	61	89	360	69
117	84	164	147	66	80	342	59
111	86	166	158	64	77	336	59
108	84	157	140	60	78	328	59
118	91	152	149	59	79	298	56
117	86	137	150	61	87	349	57
110	91	131	128	57	78	361	63
118	87	124	103	53	80	365	59
114	89	125	96	48	78	394	56
108	80	111	88	48	79	426	57
107	86	124	90	45	69	407	53
112	78	199	120	43	68	385	51
116	83	194	118	41	60	318	54
113	84	198	120	39	60	279	53
111	83	198	114	38	56	252	51
113	82	190	115	44	58	215	49
106	81	132	78	42	55	227	46
89	81	134	82	42	55	229	44
93	77	124	75	43	51	265	59
103	77	125	74	44	54	319	72
118	78	119	62	42	57	328	76
121	74	78	54	39	56	336	77
120	77	73	47	41	68	342	85
117	75	71	47	41	69	310	75
108	69	62	44	41	68	263	65
99	63	61	43	38	71	353	61
98	64	70	59	40	79	363	58
101	57	78	62	41	81	360	44
97	60	77	63	40	89	349	49
104	64	107	82	37	88	325	48
100	71	116	90	39	89	274	48
111	73	112	81	41	92	349	53
106	73	106	78	40	85	356	55
102	74	108	78	39	76	367	50
97	74	79	60	46	79	380	48
100	70	66	49	44	75	372	51
92	67	63	47	44	85	281	46
95	70	58	49	42	86	301	48
94	63	49	48	42	83	288	48
94	59	54	55	48	105	414	70
87	56	54	62	52	104	435	74
91	57	84	74	50	86	440	75
89	57	100	81	52	80	474	72
90	64	115	91	58	95	528	76
89	63	113	84	47	67	425	58
95	60	113	78	40	68	377	50
87	57	96	67	41	72	367	52
93	58	81	57	40	76	300	52
101	53	67	44	42	72	200	47
101	59	68	42	41	74	224	44
98	60	66	43	43	78	227	43
