0	1	2	3	4	5	6	7
119	203	60	88	117	305	285	346
138	219	64	92	122	291	306	341
143	170	60	95	119	315	288	422
137	166	61	86	108	381	282	415
142	189	68	80	107	423	266	390
144	194	68	77	101	415	266	375
141	178	64	80	104	400	278	407
140	159	61	79	108	497	305	355
155	160	62	78	101	471	308	336
158	162	52	71	90	388	316	318
159	151	50	75	103	515	351	329
169	148	49	68	93	519	327	310
159	149	47	62	88	424	294	274
153	160	43	63	87	393	298	279
147	137	43	67	97	418	358	349
147	140	44	65	82	367	323	348
126	147	44	70	87	376	304	305
129	156	53	71	85	370	386	303
203	134	56	73	85	534	448	404
231	146	54	70	68	621	564	355
236	140	51	69	74	565	597	348
265	155	57	67	71	586	695	416
272	157	67	94	119	746	834	519
244	253	87	100	129	709	879	504
259	258	101	133	169	709	851	544
290	290	110	145	174	826	959	554
315	303	140	167	191	933	1090	627
403	382	140	158	184	894	1088	643
439	344	146	196	207	863	1161	677
451	334	144	194	207	984	1176	663
435	345	143	197	210	935	1090	695
409	344	135	227	231	854	934	596
336	256	141	245	240	912	911	584
287	268	139	235	220	1023	842	499
244	352	143	230	197	866	752	480
255	353	151	235	204	980	750	491
268	338	135	203	199	1036	782	501
414	385	149	300	325	971	764	447
473	436	141	316	380	842	685	464
494	395	150	330	397	839	702	453
494	380	164	338	415	818	682	497
488	390	168	343	410	746	614	504
378	374	158	256	326	699	489	490
299	328	169	311	297	833	508	512
283	376	176	321	292	927	494	534
275	365	156	327	271	792	509	420
283	356	149	316	259	748	578	395
343	347	172	325	267	775	675	474
342	342	160	266	242	663	677	467
315	275	139	231	225	513	669	461
312	272	134	195	213	503	671	476
294	267	142	215	236	559	622	511
224	243	98	184	191	547	518	453
229	195	90	148	176	516	434	420
244	206	103	147	172	526	438	408
284	197	106	149	204	649	430	427
292	190	99	126	207	619	519	384
287	211	99	132	221	562	473	324
270	230	105	116	212	550	505	335
272	224	100	110	208	611	566	443
244	227	104	107	173	544	639	455
333	284	105	97	158	553	590	455
443	295	109	92	145	555	650	460
508	291	113	96	150	631	675	534
516	276	125	172	154	743	725	582
523	275	140	200	158	799	733	581
574	243	142	206	155	800	850	690
575	199	137	218	167	812	833	740
554	178	133	234	201	848	830	691
562	225	115	193	205	709	735	607
554	283	114	165	202	570	657	588
451	270	116	163	184	629	541	498
448	267	125	145	166	737	612	444
414	323	157	139	156	632	584	434
404	324	157	153	166	606	609	401
412	277	154	147	170	799	702	471
465	293	151	135	179	814	635	457
391	328	153	135	178	724	535	425
393	285	137	127	159	713	519	409
415	246	133	97	138	774	555	422
415	244	123	98	131	808	462	346
391	254	118	103	127	743	492	310
381	208	115	103	129	726	495	318
389	240	98	85	113	748	515	418
345	260	119	85	116	765	489	416
419	269	116	94	128	606	606	416
381	298	114	94	125	583	569	402
451	359	117	105	133	595	562	435
435	362	119	101	130	580	574	487
452	374	111	107	133	502	550	510
384	383	127	105	124	410	435	503
399	389	140	106	134	398	460	510
294	397	152	116	136	365	457	546
341	402	170	122	138	358	424	474
357	414	171	114	126	296	419	453
412	497	179	106	115	229	354	459
401	483	199	107	95	272	304	521
409	441	184	85	77	361	397	508
508	503	184	120	101	370	487	521
533	490	191	123	108	406	496	536
502	422	194	124	107	409	499	524
580	484	177	118	109	433	520	530
584	491	179	124	174	380	470	578
467	448	223	98	182	362	344	539
408	480	244	107	194	334	357	522
386	475	233	119	210	582	594	575
291	464	236	129	215	594	646	512
325	567	259	128	169	584	624	394
408	553	225	142	156	576	626	379
456	656	216	235	165	563	713	482
513	698	273	236	223	331	562	472
555	721	270	244	237	236	522	494
589	653	281	244	243	212	537	558
594	667	317	235	245	222	590	587
589	578	433	160	252	242	490	496
560	571	422	254	218	246	529	538
620	591	477	268	290	255	529	538
606	718	512	286	295	263	510	464
598	770	551	329	302	257	458	438
643	796	482	429	457	356	692	604
747	882	496	581	605	423	688	573
654	896	493	701	667	442	659	553
626	918	502	833	735	463	668	553
701	916	454	919	762	509	665	588
712	885	466	923	708	446	383	466
724	812	479	870	657	354	306	410
768	755	452	838	630	321	291	442
819	658	392	748	565	356	367	536
832	696	424	661	549	325	488	562
834	798	467	684	604	331	520	526
746	827	442	666	546	336	539	509
768	833	450	591	516	352	569	526
744	880	480	647	515	330	639	543
621	845	451	636	529	291	565	462
557	817	401	541	431	268	549	504
673	854	437	626	594	261	556	563
662	873	416	825	724	269	618	662
679	833	383	788	741	270	574	684
696	845	407	882	809	330	562	725
798	836	423	890	806	337	558	784
780	747	370	837	711	338	596	795
844	737	400	662	547	313	533	690
901	770	420	610	532	282	470	616
1048	779	374	459	407	208	490	634
1015	726	357	463	410	197	545	606
945	708	369	448	495	219	460	573
928	680	324	422	484	267	592	703
894	656	298	439	476	267	637	727
724	636	308	429	461	284	637	685
703	667	295	480	488	316	628	630
703	687	290	467	360	328	646	600
661	723	309	492	390	312	562	536
691	674	324	506	413	332	534	661
758	622	308	499	398	319	533	693
709	604	270	489	386	287	508	714
783	690	267	468	369	299	488	875
752	656	252	485	370	296	429	833
625	654	279	443	326	281	371	717
512	640	289	441	343	286	404	734
675	645	301	411	376	344	455	794
589	522	291	408	383	359	519	730
570	520	327	471	406	372	512	714
586	504	295	472	403	354	521	696
690	555	281	460	383	346	492	720
593	572	261	415	302	302	485	624
637	591	247	379	276	232	406	513
630	586	186	164	166	251	514	598
