0	1	2	3	4	5	6	7
315	573	274	215	211	208	541	166
301	581	334	261	207	223	627	153
352	568	347	278	231	257	668	190
355	531	353	279	216	226	545	171
322	530	368	288	234	219	528	155
336	508	355	295	244	226	590	160
339	479	313	269	251	251	539	183
285	404	287	240	230	262	459	182
249	403	268	208	196	259	443	175
235	351	216	183	158	254	435	174
204	289	183	151	136	311	355	172
201	275	136	99	111	344	343	164
215	273	137	93	94	336	314	137
212	235	128	96	95	330	305	134
222	221	110	87	93	330	318	139
225	206	107	88	87	281	338	149
208	197	99	85	79	195	352	128
180	165	89	74	67	139	343	106
205	179	90	61	60	137	346	111
179	186	94	60	65	137	365	105
174	171	90	58	63	314	443	104
164	158	91	54	53	322	397	97
146	151	103	58	54	327	428	95
91	111	116	69	57	329	430	91
97	96	123	74	48	329	399	90
112	106	132	79	48	154	287	62
123	109	138	80	47	115	297	64
130	119	144	87	46	102	276	63
148	159	175	88	42	101	327	68
141	165	169	86	43	109	364	74
153	162	161	83	41	117	347	77
147	163	153	81	35	137	348	74
155	169	151	71	41	136	328	74
136	121	93	62	42	128	303	72
153	126	94	65	44	119	328	73
151	168	105	79	46	108	349	67
150	167	117	87	49	92	394	71
142	161	137	103	43	95	445	80
141	173	143	106	47	105	453	85
137	207	167	118	49	108	444	110
125	191	176	193	66	117	459	122
156	202	192	216	68	111	436	127
166	199	170	210	70	112	573	137
186	204	174	212	70	117	569	139
202	179	164	220	77	165	629	124
200	188	197	182	70	160	611	117
178	184	177	157	69	161	621	115
170	185	179	155	70	177	535	103
156	196	176	151	67	169	589	100
139	185	195	131	59	141	578	118
133	165	181	101	53	143	586	119
141	165	182	106	50	136	560	114
147	210	194	126	48	116	524	114
140	196	211	134	55	118	461	115
154	213	183	128	50	90	357	92
179	240	149	118	50	95	372	91
191	252	148	102	49	98	382	97
209	252	130	78	50	89	327	94
214	255	91	59	45	98	350	87
273	290	115	64	53	105	385	142
309	286	122	55	55	104	432	167
322	276	124	59	59	109	418	169
317	330	122	56	58	108	414	168
323	441	128	57	59	101	416	170
279	419	103	56	58	90	377	128
224	417	97	56	52	82	288	85
193	422	93	52	47	110	310	74
193	377	106	63	62	138	445	88
203	323	117	64	65	144	452	95
211	367	126	68	65	151	461	98
211	383	148	100	94	164	499	102
282	443	230	122	113	155	598	117
287	507	246	128	130	188	572	114
302	515	258	139	149	206	545	105
283	502	260	144	153	205	594	102
283	490	254	135	151	227	627	105
294	442	204	126	143	223	564	90
315	367	207	135	133	190	611	92
309	302	200	143	125	181	687	101
341	327	219	146	126	178	664	102
342	337	211	142	118	148	648	98
315	421	194	152	144	172	620	110
331	570	191	146	143	164	585	105
390	596	183	130	136	153	491	103
380	648	196	165	167	160	641	108
420	704	200	190	217	187	688	131
409	685	213	182	206	185	680	123
381	619	199	190	208	193	649	143
374	658	237	215	235	196	704	180
478	637	236	200	218	200	567	208
511	717	272	203	187	176	465	220
567	774	302	255	256	177	515	230
573	796	320	272	283	198	528	229
564	771	353	297	319	278	561	221
471	748	380	325	351	290	647	209
415	625	371	320	350	285	642	199
341	600	383	297	304	282	677	201
380	526	416	294	304	281	703	221
345	494	381	271	264	203	616	202
336	462	334	230	217	181	520	199
366	477	334	238	238	220	576	187
353	415	315	220	231	205	499	204
299	442	276	208	201	215	569	182
282	429	261	195	190	236	583	204
305	430	271	202	202	242	567	238
299	390	274	186	163	206	509	254
284	330	239	181	164	224	538	264
269	264	201	175	167	204	354	260
257	242	196	174	164	184	314	245
240	241	178	159	147	173	295	197
147	224	130	144	141	174	270	175
149	221	129	142	138	152	157	124
144	201	115	123	117	134	144	123
146	221	90	89	82	115	158	113
136	205	84	81	74	113	164	111
146	193	80	67	61	114	174	105
134	186	73	59	61	133	167	107
148	204	71	52	54	133	193	114
152	195	74	52	57	134	182	131
155	192	85	54	58	132	176	135
164	196	89	50	57	122	163	139
213	234	102	55	53	90	149	126
214	241	107	56	51	69	93	104
216	257	104	54	45	59	86	74
205	257	99	51	39	53	109	72
190	248	91	51	43	73	278	70
135	213	78	48	43	80	306	70
181	244	82	50	45	83	308	76
189	230	84	50	49	87	313	79
201	244	79	45	47	85	309	73
201	247	78	44	44	68	177	58
203	259	80	41	44	57	124	57
193	272	75	38	42	52	119	59
180	262	67	36	37	39	103	53
168	248	66	36	40	47	134	64
180	255	73	42	44	55	186	70
196	248	77	43	42	56	202	70
178	202	78	45	40	55	217	63
193	206	87	53	43	59	223	72
241	223	90	53	42	62	270	99
250	212	94	49	40	78	284	107
282	222	100	54	47	84	301	110
281	210	105	52	46	87	311	123
275	206	110	51	48	93	308	122
253	197	118	57	54	103	284	122
239	279	127	64	62	91	293	119
207	268	125	71	73	97	271	122
201	275	119	73	76	100	253	110
214	281	115	84	84	99	406	117
218	284	114	98	90	90	390	114
237	292	99	98	102	88	381	162
235	374	144	177	180	125	419	169
228	386	182	248	254	170	437	186
326	447	227	300	293	211	404	245
346	510	229	302	295	217	490	280
371	515	240	315	312	241	479	261
379	542	253	310	307	245	488	268
415	597	234	265	266	229	492	271
365	618	223	278	326	293	509	236
375	596	230	307	364	345	576	227
437	609	267	336	393	350	586	251
438	541	231	312	373	347	628	248
417	508	253	335	376	348	623	238
411	501	241	283	294	285	569	234
416	528	256	269	273	251	449	201
364	487	247	223	214	234	520	219
385	520	278	299	280	257	543	225
399	543	276	276	294	289	561	237
444	558	281	288	345	321	567	249
421	522	322	306	377	296	554	260
409	635	330	350	413	302	690	233
421	688	331	296	384	294	619	232
410	644	341	302	376	278	633	223
360	585	334	290	342	280	656	200
351	563	284	260	307	315	711	238
341	461	243	185	249	302	521	227
290	334	209	167	228	305	539	221
276	326	156	142	213	287	493	221
244	297	138	129	192	262	446	219
224	289	113	112	161	232	343	151
175	197	105	120	160	236	320	137
149	235	106	121	157	203	249	120
151	241	120	121	149	248	368	150
164	250	127	116	139	217	368	146
184	281	132	103	116	194	360	156
190	295	134	100	114	191	353	160
190	261	124	85	101	196	365	172
175	252	124	71	80	120	324	137
238	290	118	67	84	116	312	135
289	292	111	60	76	122	303	123
316	398	134	52	65	105	290	123
327	417	139	51	56	93	271	110
334	423	136	58	64	114	222	118
375	493	149	61	63	115	203	130
328	504	177	71	68	116	227	128
305	456	156	74	75	128	287	135
324	454	215	91	86	134	340	146
387	508	229	120	117	140	433	147
338	450	242	149	149	156	440	133
367	577	263	150	153	158	428	157
400	592	265	154	167	163	429	161
493	632	221	158	173	165	442	204
452	607	221	149	154	143	332	203
436	612	233	169	208	181	336	208
431	503	244	221	267	212	349	215
501	596	288	260	306	250	371	236
418	583	321	276	314	245	424	199
459	661	345	315	335	253	431	200
493	701	364	336	359	276	437	209
480	686	339	313	331	259	428	182
373	591	323	327	349	260	389	152
410	553	305	320	360	279	281	143
383	465	295	301	367	298	294	163
337	377	304	266	305	253	346	171
339	365	309	266	303	257	357	172
342	362	295	212	242	219	339	163
270	444	278	215	232	209	372	190
230	417	250	187	203	177	368	173
238	398	168	171	212	179	303	153
245	392	147	154	191	158	287	153
233	375	136	146	177	155	314	162
215	255	136	114	153	424	273	154
216	384	119	106	140	459	261	176
194	406	126	108	132	462	251	176
189	459	126	113	133	472	250	179
204	470	130	111	133	479	207	169
210	468	125	108	119	272	188	149
209	368	132	99	116	376	162	156
203	360	125	82	99	393	182	149
193	298	115	69	96	388	212	148
175	254	105	64	87	380	220	153
178	259	99	59	78	371	212	150
186	263	97	58	65	216	204	104
195	236	97	58	55	237	203	120
183	220	87	56	56	241	174	113
206	225	87	54	54	240	163	110
221	241	97	54	50	237	180	111
236	300	95	50	45	223	164	118
273	347	102	53	56	141	141	105
274	390	124	87	95	155	156	110
253	384	127	106	109	149	177	108
242	382	127	112	112	150	193	116
219	351	145	121	116	147	212	141
231	355	142	121	118	149	212	147
235	322	127	103	89	111	225	145
257	318	116	82	77	112	214	150
259	319	119	81	87	279	226	156
267	285	90	71	92	319	239	142
225	226	96	68	87	317	251	132
225	205	132	93	103	324	240	136
199	193	136	93	99	325	263	125
194	190	137	89	87	204	246	104
166	178	138	86	78	132	224	80
148	159	132	90	80	137	239	75
156	173	116	85	69	147	242	69
159	170	120	116	78	139	218	73
147	150	127	136	82	145	209	72
153	151	177	164	97	173	328	76
173	205	216	166	93	164	351	78
159	202	206	157	85	138	362	69
185	206	241	146	77	142	368	63
201	226	256	143	77	133	374	66
219	277	345	151	57	82	321	61
217	244	337	168	65	104	283	65
229	242	354	186	65	106	259	72
231	280	347	212	72	94	280	74
219	283	346	210	75	97	293	73
210	253	255	196	73	104	255	74
205	288	296	191	65	85	260	79
199	307	290	224	77	80	280	76
203	289	271	202	71	84	259	84
211	302	269	205	69	79	246	85
203	295	256	209	70	71	256	84
223	288	212	209	75	70	241	79
215	277	240	160	62	77	218	77
194	268	253	152	60	74	283	65
191	243	279	167	65	76	283	68
208	245	277	160	68	72	262	73
165	206	273	161	63	83	295	65
163	182	262	166	66	79	325	70
151	185	288	181	70	81	276	70
161	178	260	173	63	83	311	64
129	161	263	204	61	89	312	57
131	166	252	192	61	76	304	58
127	171	258	191	61	80	272	57
139	198	240	234	59	76	262	65
142	230	312	232	65	68	223	71
163	233	324	210	71	105	387	75
169	234	324	214	73	111	404	80
173	229	302	211	71	104	411	75
163	188	291	181	75	109	436	73
139	126	200	188	72	113	490	70
117	113	180	187	67	85	389	68
101	81	228	203	78	100	366	61
105	86	312	209	85	103	487	63
117	88	319	177	83	103	497	59
124	86	322	155	78	95	447	57
120	112	393	160	74	94	448	59
120	113	376	214	75	75	479	67
133	110	311	208	73	92	400	94
129	108	295	213	70	100	377	95
122	110	371	252	77	105	371	94
125	88	309	249	84	105	363	92
132	89	324	190	75	106	420	88
117	82	335	196	75	99	490	61
115	83	410	279	92	91	489	60
118	86	354	261	92	91	484	64
119	78	330	253	86	85	491	63
108	69	303	252	86	85	404	60
106	65	303	258	80	73	243	60
99	70	229	175	57	65	201	56
92	64	221	170	48	59	228	51
95	65	221	170	49	65	196	57
98	70	224	177	47	59	198	61
91	75	241	158	53	63	198	56
95	66	218	141	56	92	234	60
98	64	205	127	59	102	212	67
90	64	242	125	59	100	210	59
87	57	242	113	66	122	197	56
85	55	206	106	61	125	207	55
79	58	190	101	71	157	243	56
96	55	179	86	70	158	308	55
92	54	131	75	70	155	393	56
92	60	118	74	66	143	399	58
93	61	114	79	73	144	394	60
91	57	115	77	61	94	372	55
75	55	113	74	59	100	351	51
81	58	102	70	58	101	260	51
79	55	91	76	65	103	269	49
113	51	74	69	70	112	277	66
122	60	70	69	72	178	299	82
115	60	70	68	72	181	259	80
112	55	70	79	76	186	252	81
119	55	79	77	67	189	233	84
87	51	76	74	59	193	346	78
79	47	78	87	70	152	359	66
80	49	78	90	70	140	381	63
84	54	73	85	70	133	420	64
88	55	56	76	70	143	460	64
89	56	58	76	75	200	428	58
86	51	47	54	66	277	404	53
82	52	46	49	69	292	408	55
89	47	49	50	72	367	389	54
