0	1	2	3	4	5	6	7
163	359	104	119	140	220	220	248
162	360	105	120	143	229	233	282
176	365	100	113	131	245	218	272
216	388	102	110	133	243	206	279
247	519	104	88	107	215	213	242
248	510	103	87	104	212	206	313
251	517	110	97	113	249	204	356
252	503	109	104	125	248	200	359
224	488	111	101	117	229	219	346
155	347	103	104	116	227	219	352
151	323	111	123	137	255	239	335
160	362	102	107	118	324	246	299
141	355	101	101	114	322	252	286
129	307	95	102	116	318	247	291
140	325	95	99	115	535	290	420
141	344	80	79	92	570	295	489
149	276	81	77	94	541	302	479
160	302	83	80	93	531	313	490
165	313	88	87	104	579	321	538
149	275	87	86	117	505	279	452
140	280	94	86	125	495	259	332
134	295	102	86	132	607	265	344
127	281	117	101	135	656	317	350
121	280	118	96	124	615	322	300
153	316	119	104	113	575	311	293
181	332	109	106	116	594	328	319
178	338	107	114	127	584	320	399
174	326	86	98	124	610	251	428
207	371	87	95	127	636	227	410
205	341	96	122	145	588	253	480
180	286	93	118	139	612	260	502
207	280	88	126	133	567	321	476
235	305	95	153	158	543	391	446
239	259	93	157	164	516	395	451
230	259	100	156	167	576	619	495
242	261	104	160	181	591	745	536
284	311	114	202	204	579	737	500
294	389	131	225	234	599	711	555
282	400	139	252	243	731	735	603
290	524	134	252	243	781	566	530
366	583	137	262	257	715	380	465
379	635	154	251	264	758	372	468
375	594	150	224	231	766	372	395
471	724	187	199	225	655	349	315
541	741	184	182	214	548	322	302
511	730	196	203	215	646	496	405
467	681	206	197	234	626	630	411
456	676	207	197	233	570	696	428
395	607	186	195	235	586	699	444
310	499	186	210	258	592	721	442
271	464	172	209	240	661	667	470
267	433	173	218	227	698	550	512
339	505	179	221	229	690	508	506
292	409	155	241	227	732	497	520
267	388	158	231	209	792	516	576
279	406	171	207	201	693	556	477
429	501	149	179	176	613	594	425
408	429	148	184	185	711	832	629
421	424	168	228	233	817	862	655
429	515	207	272	280	770	836	625
425	568	209	290	300	742	762	636
277	490	199	293	301	715	727	640
219	482	183	285	295	724	367	462
195	508	180	269	273	674	334	477
358	435	155	238	229	667	378	444
376	338	154	210	195	656	376	434
379	339	177	200	198	678	351	431
395	410	198	218	212	629	420	538
518	536	209	196	199	517	381	505
441	536	286	191	212	506	330	512
440	554	283	194	221	521	379	522
452	556	277	196	210	576	458	535
463	567	278	214	230	518	392	397
325	471	262	191	228	450	380	334
395	474	165	176	207	473	381	457
408	439	152	189	198	503	424	559
406	438	137	187	203	446	410	585
394	377	112	170	194	489	416	605
450	442	111	170	191	490	417	606
364	417	99	169	187	458	416	504
368	428	107	168	190	414	364	442
360	450	120	206	186	563	379	578
373	449	116	193	155	526	417	548
319	391	147	221	165	529	465	553
346	586	180	232	164	617	482	569
322	654	199	229	175	772	487	573
449	710	230	229	181	639	404	383
474	730	245	216	163	616	367	382
472	702	231	188	143	643	355	441
547	709	223	185	147	659	369	534
634	729	222	184	134	510	342	488
665	709	245	146	116	509	347	506
715	746	265	185	169	561	331	599
774	923	378	245	238	706	276	657
780	908	382	261	253	637	210	588
730	883	381	254	253	614	179	585
668	920	362	258	261	741	224	580
701	948	386	260	283	751	260	721
693	846	305	222	252	596	288	665
667	831	309	204	240	570	314	669
645	788	320	265	332	619	351	710
669	782	309	270	338	637	440	747
659	825	267	263	314	603	425	545
700	840	309	268	325	612	407	519
667	777	294	261	320	696	392	521
709	816	281	254	240	694	394	453
734	814	294	284	225	560	269	363
734	766	285	282	206	605	309	422
654	708	193	260	154	615	363	553
655	699	191	267	168	533	382	566
709	743	176	252	144	451	350	567
665	686	173	241	204	507	369	611
558	598	161	225	306	556	362	582
554	637	179	230	316	556	389	442
574	705	201	292	353	537	366	412
449	641	212	385	412	549	437	470
384	692	210	523	586	524	564	521
435	766	301	675	700	491	586	499
556	877	381	730	746	494	554	512
596	910	394	733	743	503	560	527
648	959	430	686	722	489	507	547
658	975	430	595	600	474	354	500
720	1014	419	659	570	438	306	494
711	949	361	662	617	431	284	470
702	927	349	651	613	423	277	442
707	904	315	650	633	427	325	436
800	867	326	706	647	405	364	590
733	763	295	523	585	309	361	622
752	690	347	446	508	247	349	635
745	673	437	445	534	252	362	656
716	701	451	447	506	235	334	616
734	786	452	325	457	167	263	433
889	844	452	264	346	135	240	506
987	864	439	305	381	185	353	540
1067	897	448	317	368	174	431	645
1058	900	454	302	366	180	431	637
1038	851	484	288	363	182	437	649
926	902	473	334	385	217	518	637
766	916	446	307	286	213	586	679
610	869	348	287	252	238	601	613
604	796	303	286	396	247	671	606
580	796	266	375	466	277	764	662
573	709	263	368	478	264	902	705
528	770	280	360	490	240	847	669
573	801	366	531	572	240	815	654
585	822	403	619	604	242	886	807
520	800	396	665	635	272	838	818
479	765	403	718	638	259	637	716
595	745	389	806	687	326	613	819
631	735	312	774	672	414	675	869
630	747	304	747	623	419	496	733
618	729	314	731	661	402	476	712
725	736	319	748	699	450	523	841
710	694	339	683	674	443	557	847
655	648	335	679	733	374	483	794
639	606	297	655	705	374	469	817
665	706	274	708	720	401	484	858
599	785	300	647	773	423	451	763
516	713	282	617	772	429	397	614
482	678	267	529	668	404	350	594
558	722	286	533	694	424	366	628
534	632	311	377	586	418	361	608
544	512	281	369	524	368	487	682
539	545	269	521	611	326	501	688
549	545	265	528	622	336	521	713
515	527	252	544	603	354	568	797
550	547	219	533	586	427	702	781
