0	1	2	3	4	5	6	7
156	199	209	194	57	87	553	111
178	194	163	102	46	89	589	115
194	244	165	91	44	85	530	116
220	272	171	92	49	80	452	107
249	264	182	156	62	94	475	107
246	265	176	157	64	97	519	111
266	291	177	160	68	96	540	141
273	266	189	156	64	97	563	152
265	269	210	158	62	97	569	155
239	255	200	99	52	86	521	134
253	258	210	101	56	113	468	140
241	264	205	88	49	116	404	104
251	290	194	97	53	120	375	88
279	386	222	126	60	251	372	91
277	420	222	127	62	250	264	94
330	428	248	138	65	245	264	84
359	443	251	135	67	247	321	89
377	511	258	150	74	256	367	93
393	504	298	169	81	137	452	103
427	588	324	181	91	144	477	120
472	635	371	180	89	151	531	124
467	711	424	187	102	180	583	161
510	655	433	215	115	206	696	172
583	639	411	205	120	221	766	183
570	717	431	215	131	245	817	176
576	747	396	217	147	239	900	189
582	708	379	238	189	253	886	181
549	781	402	292	211	236	902	182
581	884	474	303	232	236	844	199
583	819	533	304	241	208	772	204
602	766	543	318	250	227	762	204
621	808	518	304	239	200	742	190
644	788	555	298	241	198	646	184
603	684	545	310	232	187	633	179
627	650	470	312	234	197	642	194
588	772	460	302	228	214	640	199
581	722	487	318	225	222	652	207
619	832	605	261	199	222	638	213
566	851	568	250	199	215	744	192
544	850	607	238	181	218	782	180
533	760	633	236	185	229	858	194
514	778	627	242	188	225	891	218
427	670	454	258	199	228	895	215
502	694	453	229	190	239	829	225
504	662	387	226	187	249	943	219
451	643	330	217	174	221	818	187
442	599	292	174	146	208	789	157
453	547	270	119	119	268	793	168
323	489	228	112	118	377	750	156
275	476	206	97	113	368	554	152
282	515	187	90	100	363	478	151
248	477	190	92	100	362	429	139
193	451	176	88	100	316	434	107
245	473	177	85	79	181	447	89
237	469	172	76	74	165	427	85
235	402	158	70	68	149	416	79
260	453	144	56	52	140	406	73
252	455	152	57	53	122	329	79
200	339	92	46	45	92	277	70
212	319	96	51	46	89	282	71
215	319	108	52	45	89	362	71
183	240	106	50	44	92	378	79
164	200	87	46	40	85	372	75
159	190	91	47	41	80	381	75
147	185	87	42	38	76	357	72
144	191	95	43	36	72	376	77
147	207	106	51	39	67	342	67
149	202	113	87	49	75	378	74
149	209	119	142	57	73	382	76
164	212	121	153	63	72	386	82
145	174	102	153	64	77	343	85
145	143	117	152	65	76	376	85
146	144	114	140	56	66	348	75
144	133	110	93	48	71	397	76
148	129	124	84	45	100	448	92
160	131	130	84	45	97	427	88
244	144	128	111	44	100	417	101
254	170	145	121	47	97	411	101
257	172	143	139	57	90	362	116
252	171	181	139	54	60	296	102
246	178	187	146	54	60	279	100
160	168	193	186	63	57	285	98
148	149	209	199	68	57	327	101
149	174	232	202	60	59	376	86
137	171	207	210	66	58	386	84
148	164	220	218	70	60	392	88
164	164	229	200	71	59	374	79
159	154	228	210	74	68	373	90
165	120	249	205	78	61	392	96
173	129	265	204	74	71	403	94
175	152	261	208	72	69	400	94
152	139	302	208	63	71	493	88
172	174	359	231	69	84	509	82
156	180	344	229	65	89	478	72
170	215	367	233	67	84	476	77
158	203	379	228	71	87	477	79
158	215	347	221	75	87	510	95
137	186	283	170	61	81	529	102
172	204	265	166	59	81	538	115
258	253	255	182	65	87	551	129
285	272	290	211	72	94	598	143
294	269	301	203	71	109	517	145
296	273	295	202	70	109	580	143
283	257	320	221	73	118	553	162
212	166	314	219	73	123	715	166
262	129	257	188	67	127	750	164
317	131	270	205	69	117	833	165
346	155	318	283	82	113	786	163
359	151	346	339	96	104	791	138
456	318	449	382	95	94	677	123
431	365	489	387	94	85	622	117
414	375	478	384	89	99	567	121
443	380	480	378	88	101	562	123
436	385	477	333	82	129	606	124
337	273	401	297	85	128	608	146
320	213	427	319	93	134	652	151
288	203	439	344	106	122	623	155
206	181	467	306	101	118	661	160
191	180	525	292	98	117	663	156
208	182	581	308	104	121	606	134
210	182	585	286	97	125	610	127
226	172	616	266	90	128	637	128
266	188	618	282	89	136	597	129
266	184	633	324	88	108	570	127
245	193	606	327	78	103	580	143
241	193	596	322	77	113	544	141
222	189	551	327	76	127	512	120
170	222	524	323	85	117	487	99
169	238	419	285	84	120	465	99
162	222	347	239	82	124	514	69
171	219	270	234	84	116	563	82
165	210	273	206	81	100	533	83
149	157	282	216	69	103	519	86
202	151	295	221	68	105	555	94
191	169	284	209	69	120	559	91
234	199	312	234	86	122	563	75
235	225	306	249	92	119	607	77
242	280	243	212	94	123	626	79
223	279	218	202	94	125	644	82
225	262	222	221	95	132	597	85
193	254	168	189	75	122	499	82
215	255	149	158	65	121	478	83
221	215	138	142	62	120	492	93
264	236	122	128	56	114	451	99
284	275	115	87	45	80	449	99
268	268	154	127	47	72	488	98
264	251	173	148	52	72	468	99
257	243	192	160	56	70	447	91
189	216	195	184	62	85	514	85
200	215	190	191	61	87	527	82
208	226	183	177	66	87	505	79
196	228	171	165	64	104	495	87
203	222	170	165	62	100	508	91
212	239	221	169	67	89	391	83
199	221	249	178	68	85	374	89
187	201	236	200	73	94	415	91
182	200	236	203	72	77	401	82
175	190	269	201	75	76	354	75
163	166	240	181	66	76	378	73
130	130	219	165	67	83	456	66
125	123	212	129	59	80	427	65
127	120	233	116	60	80	432	67
124	113	184	110	54	77	413	64
269	165	199	107	54	76	409	66
284	181	220	115	51	68	338	71
297	187	232	114	48	58	331	70
307	208	222	111	49	55	364	71
311	222	240	130	52	54	380	73
197	195	229	135	54	69	409	68
189	193	197	127	54	71	434	68
231	230	196	133	57	82	488	93
222	207	193	147	55	83	455	101
215	193	188	127	54	81	453	102
212	183	198	121	52	83	453	112
201	180	209	131	58	86	425	112
125	118	197	120	55	75	334	90
112	126	194	126	58	86	329	79
108	125	178	132	61	91	335	76
127	124	160	126	58	80	290	64
132	117	144	113	50	73	308	57
139	113	143	112	51	84	307	72
145	107	218	93	47	71	332	73
140	101	243	94	44	69	408	79
126	95	233	92	45	83	435	74
124	82	246	98	50	99	430	76
121	79	245	97	48	93	424	70
121	90	196	95	48	93	402	70
121	86	187	83	44	94	353	62
120	93	189	86	48	87	334	65
121	93	176	77	44	69	319	70
123	95	204	86	47	77	329	69
112	74	233	88	46	75	351	68
115	72	212	89	49	85	307	73
117	68	212	89	47	87	358	74
118	61	210	146	57	95	451	90
108	70	200	167	63	97	469	87
104	71	157	178	64	98	496	93
112	73	148	179	62	90	574	100
107	81	147	181	60	85	556	101
91	81	177	141	51	81	504	87
93	75	170	133	46	69	498	88
