0	1	2	3	4	5	6	7
187	192	92	54	44	192	233	83
164	177	96	59	47	192	242	84
170	173	103	78	53	163	243	89
153	152	114	82	50	197	240	83
138	142	115	82	54	224	203	82
119	130	112	79	51	220	104	58
196	162	116	84	47	213	104	76
209	147	115	67	41	219	151	94
202	140	109	65	43	179	266	103
210	140	121	67	36	215	279	103
209	162	152	68	38	211	284	107
175	120	147	57	37	208	287	102
160	115	145	60	40	229	277	88
184	117	150	77	50	276	220	85
172	188	144	94	60	237	199	87
191	189	112	94	59	221	196	84
165	188	119	95	59	242	179	79
162	188	113	90	57	261	188	80
135	213	112	77	47	212	149	77
144	167	133	76	36	198	153	70
143	160	154	91	38	216	156	68
137	164	166	90	39	220	191	63
207	236	167	110	35	305	315	97
286	267	248	183	85	345	367	125
297	276	248	194	98	374	409	144
289	276	237	192	104	382	445	154
369	300	243	198	107	408	508	192
390	282	253	210	115	340	512	221
429	246	177	198	103	307	553	264
437	261	192	197	112	349	524	257
453	340	202	218	130	351	535	266
403	327	217	248	143	342	477	244
372	338	252	244	148	340	432	217
284	346	265	220	144	390	323	147
354	331	248	220	133	445	379	188
358	288	253	220	189	443	406	216
358	283	224	198	200	433	430	225
339	277	176	203	199	428	415	216
350	299	171	202	207	431	448	232
287	300	195	211	224	338	443	205
254	259	192	263	187	327	438	169
255	286	183	274	179	301	428	163
258	254	189	263	173	319	442	175
224	202	172	262	164	269	428	158
176	212	168	259	151	278	418	157
195	214	164	215	139	275	421	166
256	200	163	189	144	290	608	225
312	193	165	189	143	408	605	239
314	206	181	199	139	422	608	231
319	195	173	195	124	400	608	227
321	204	178	168	120	411	580	216
267	177	182	186	109	443	521	196
280	168	169	199	114	385	535	167
268	148	160	200	132	367	532	168
269	200	192	194	160	361	560	184
281	179	178	188	173	349	595	180
277	175	180	190	167	337	502	130
208	244	214	184	189	254	482	151
273	304	212	195	193	250	528	177
285	281	187	190	172	282	542	165
266	288	193	195	151	363	525	167
286	311	199	211	171	352	510	183
288	279	178	230	161	345	562	192
322	238	190	212	157	381	611	248
313	220	180	212	159	442	558	250
311	223	178	212	164	372	522	249
294	206	179	178	204	368	538	235
288	190	192	154	196	444	511	213
193	162	199	232	201	601	396	119
176	188	207	239	209	577	406	112
158	193	208	254	210	579	434	118
152	190	199	260	173	603	386	121
124	186	194	252	186	718	336	115
104	188	176	187	171	655	358	122
178	238	200	184	167	645	349	131
204	240	208	165	170	654	320	125
215	235	207	171	167	640	371	143
220	241	204	228	181	459	361	155
220	242	215	237	191	402	311	148
166	182	182	240	185	449	402	142
307	187	191	244	188	459	393	147
312	178	196	233	183	430	395	122
311	162	189	206	191	431	401	104
309	155	170	195	187	367	406	96
315	131	174	188	209	332	311	81
160	92	161	177	197	302	522	142
161	100	152	180	189	309	628	157
184	133	149	170	161	280	649	172
184	128	154	170	175	279	684	175
174	143	150	238	166	295	709	179
168	142	153	241	198	317	600	125
139	163	154	244	242	321	454	104
121	151	194	265	272	326	436	79
126	152	187	265	268	345	511	120
155	155	196	210	263	263	553	137
174	158	189	250	309	239	539	146
173	229	279	283	294	236	566	149
166	247	269	289	308	355	600	154
161	247	272	316	326	489	500	141
156	244	290	319	321	503	470	139
208	257	300	290	274	500	461	151
215	194	219	277	264	494	445	150
211	160	204	303	272	421	384	149
214	159	197	323	307	248	450	140
200	194	208	336	311	221	449	129
132	188	205	370	311	228	463	143
118	180	225	377	320	264	448	143
148	179	223	359	310	347	503	161
152	208	253	315	272	322	458	160
148	181	245	305	275	322	494	166
138	175	248	271	281	453	489	148
139	171	248	264	281	523	485	148
116	170	291	214	245	466	470	132
98	132	301	229	230	470	549	129
92	122	281	254	263	472	486	122
93	119	270	254	329	366	520	114
101	120	282	269	324	233	526	117
103	136	248	269	347	229	481	115
105	153	238	286	344	209	379	110
115	145	245	409	421	194	423	104
112	146	240	438	405	148	353	93
111	150	249	418	430	130	356	83
98	143	249	418	479	171	431	69
106	147	228	437	532	193	500	97
96	148	238	315	466	198	586	108
110	170	375	351	466	202	742	119
115	187	366	378	510	197	826	145
122	237	369	387	457	176	814	151
127	238	386	349	406	265	928	189
131	243	390	342	395	262	888	184
184	261	336	299	362	257	812	185
191	297	373	273	253	253	762	173
222	302	375	307	331	246	805	173
234	312	364	391	399	200	670	117
292	313	354	493	549	223	813	152
288	285	314	522	599	225	783	164
279	228	255	533	626	232	768	156
257	169	294	558	693	240	869	181
244	133	280	503	738	275	839	179
180	125	267	447	712	282	652	157
136	117	268	464	701	290	668	134
133	124	279	535	690	302	657	136
125	117	221	505	589	310	640	125
125	110	221	506	504	354	659	144
111	105	221	487	441	340	661	134
110	123	182	424	385	332	674	137
156	118	153	322	360	327	811	192
161	117	151	315	383	329	770	183
169	133	150	321	340	218	801	169
174	133	181	291	374	220	806	169
163	109	217	299	390	261	853	182
145	106	219	293	396	272	732	143
177	99	215	320	374	253	654	132
177	89	244	360	477	230	606	131
174	96	252	352	437	232	589	135
187	95	229	330	437	203	607	147
168	89	222	346	435	186	767	147
161	108	232	342	486	218	741	173
