0	1	2	3	4	5	6	7
190	334	187	33	30	25	25	48
211	360	193	44	38	28	28	53
202	363	182	42	35	27	28	48
220	373	178	46	36	29	29	52
199	308	169	46	34	29	28	46
210	365	187	46	37	29	28	42
210	355	195	40	31	27	30	44
225	348	206	44	33	31	35	44
207	310	191	39	33	28	33	40
204	303	199	37	32	28	32	41
189	227	175	40	29	29	36	43
223	218	188	36	30	28	32	42
221	188	176	34	31	24	26	39
233	280	204	34	30	25	27	40
230	292	199	36	30	24	29	41
225	279	195	34	30	24	25	37
169	270	170	33	27	24	24	31
137	268	149	33	26	24	24	31
93	162	109	31	27	24	24	29
106	149	110	39	30	25	24	35
135	223	122	41	34	29	29	42
140	232	188	43	37	29	31	75
184	254	196	43	37	30	34	88
212	263	205	51	38	32	35	92
238	321	253	47	37	31	36	99
288	320	278	50	38	30	35	114
307	403	249	51	38	30	44	112
301	460	256	52	39	31	42	104
308	473	245	46	38	28	65	107
300	447	191	45	37	34	112	104
246	437	156	38	34	31	117	86
246	422	167	39	34	31	114	67
274	467	269	48	37	34	116	66
270	537	370	63	41	45	109	69
277	567	377	67	44	90	62	77
316	557	407	69	45	116	57	88
333	519	424	70	48	119	62	96
312	480	399	70	51	121	62	102
312	401	348	58	48	130	68	154
312	445	413	63	57	183	73	182
317	539	439	71	61	186	69	189
291	568	451	72	59	186	64	188
280	577	449	67	54	196	63	186
336	581	423	72	60	298	60	156
322	529	365	69	53	281	59	116
291	454	295	75	83	272	57	96
347	471	231	109	192	275	59	96
368	499	264	143	210	305	77	97
320	521	311	144	210	259	72	77
324	635	354	148	213	237	67	78
315	707	390	150	209	239	72	77
247	736	443	129	121	237	70	71
213	703	442	92	86	189	50	64
283	749	475	103	93	235	62	90
312	660	450	97	86	244	73	124
344	580	465	82	67	269	71	129
369	498	440	80	64	307	74	131
367	461	404	77	65	341	87	148
298	343	327	56	45	273	76	131
328	343	312	53	44	267	66	121
325	388	251	56	46	293	66	122
298	397	224	52	45	337	75	133
299	385	197	55	49	419	68	116
350	371	186	54	52	437	74	126
292	348	189	50	54	454	78	120
267	271	170	43	60	594	120	137
269	378	163	42	61	567	151	299
295	503	232	52	69	497	167	319
255	576	246	57	84	669	175	318
300	605	266	61	102	761	198	319
360	614	277	67	103	687	226	346
355	556	299	73	105	703	205	225
349	477	311	73	107	787	286	227
346	386	330	75	95	682	301	226
353	386	335	85	81	577	290	222
425	519	356	80	84	629	261	170
434	513	360	93	88	616	261	206
453	590	349	97	92	611	172	206
467	633	358	98	105	640	157	212
459	669	466	92	107	659	162	212
414	648	555	104	118	662	188	270
429	694	581	109	122	676	215	247
420	646	603	103	116	596	202	228
436	665	681	118	113	651	198	223
463	734	653	124	110	660	257	328
483	724	577	118	93	606	302	381
498	747	580	106	90	600	299	403
539	823	568	133	110	647	323	413
544	821	476	155	152	680	396	423
688	779	424	166	162	669	394	388
666	783	424	169	165	631	427	306
683	812	409	206	204	637	484	310
668	827	456	200	210	695	671	490
770	852	537	201	187	552	734	555
624	869	613	199	187	534	745	547
708	945	669	218	194	554	751	568
761	1006	683	216	205	548	800	603
755	1039	651	218	217	554	740	496
735	1096	605	248	260	598	680	458
795	1106	517	284	309	659	654	454
755	1177	617	290	310	700	782	618
707	1110	635	279	296	737	714	587
766	1074	666	281	293	679	667	564
679	1139	647	258	311	649	710	533
658	1128	665	221	265	692	740	586
592	967	606	198	264	702	708	443
584	1032	674	188	262	700	760	462
557	1096	796	192	256	728	734	458
604	936	795	185	196	842	780	501
569	939	792	186	210	823	828	489
593	970	768	196	244	812	716	437
557	879	737	208	267	789	665	390
534	807	600	206	272	811	723	452
540	916	665	198	276	771	638	495
519	843	664	191	270	742	541	434
525	804	628	200	252	682	511	423
518	801	541	196	220	666	495	454
454	685	500	197	213	715	398	467
377	572	389	183	193	630	325	391
401	623	355	184	193	578	309	400
347	615	311	172	184	595	312	454
335	562	276	166	183	602	327	557
340	568	227	146	164	526	288	515
307	527	226	158	172	540	249	505
242	553	284	151	157	530	240	492
234	589	263	130	135	511	217	443
224	588	261	105	116	504	145	265
205	576	261	109	126	566	187	325
205	543	254	119	140	560	212	343
212	495	240	116	137	573	205	341
195	460	319	126	155	576	243	346
190	451	315	132	157	610	438	401
239	463	318	133	157	497	441	375
270	491	339	125	134	476	430	350
261	422	300	137	133	462	438	357
263	367	217	125	107	461	434	363
309	429	218	125	103	444	226	301
296	437	209	118	96	382	175	255
256	433	166	106	88	342	171	238
237	433	184	90	104	436	170	325
237	426	167	105	136	586	159	376
192	394	180	96	134	569	161	375
179	383	180	93	128	540	152	361
168	334	177	90	128	562	159	362
182	342	158	82	111	522	145	288
208	447	187	72	77	357	118	193
198	437	176	85	89	322	107	174
180	424	182	85	88	344	164	257
199	403	180	89	86	448	198	339
194	393	175	104	125	511	279	405
246	272	146	98	129	523	357	412
322	289	148	97	122	694	510	534
337	263	138	132	163	776	535	527
360	312	179	162	206	768	534	498
361	353	214	180	210	730	514	471
307	351	224	197	225	767	502	521
245	327	223	201	233	696	472	449
236	333	226	187	215	632	443	428
192	348	214	202	214	599	440	416
201	351	178	187	215	633	439	445
209	345	167	182	209	670	397	409
218	344	172	184	204	596	252	359
212	354	186	184	198	665	233	355
203	324	151	143	169	726	218	516
196	287	145	135	136	710	222	475
194	302	154	123	122	652	233	463
185	342	158	125	168	651	226	484
189	345	166	145	190	785	237	494
235	376	181	152	179	741	262	351
238	414	202	147	190	721	242	416
226	404	202	152	193	707	270	484
209	358	188	151	220	830	357	521
220	355	199	125	232	626	476	591
190	297	193	113	239	581	496	579
203	264	197	153	268	604	521	571
237	264	190	151	278	738	538	653
263	280	212	146	239	793	536	689
290	385	204	182	239	800	440	627
280	393	202	180	238	839	399	633
265	370	177	154	204	907	377	661
254	376	184	155	181	809	338	516
252	430	166	150	172	634	263	413
212	368	130	130	135	707	303	595
212	365	129	148	141	780	365	597
206	361	135	147	151	737	365	539
191	358	125	158	162	721	410	548
208	317	136	159	162	722	426	574
215	276	139	140	156	706	476	575
257	353	146	135	145	578	465	578
263	391	154	144	120	477	470	575
259	390	152	136	139	505	442	596
234	343	135	136	135	562	570	666
231	331	127	134	141	550	601	567
245	264	111	136	153	556	594	553
257	200	94	169	195	569	582	590
284	186	91	163	185	645	576	611
284	202	99	157	181	601	426	500
292	265	110	190	206	523	328	446
280	252	110	199	223	547	347	629
299	259	106	162	202	639	422	620
289	257	106	163	195	545	420	578
279	243	98	166	230	530	470	612
269	238	101	143	233	539	520	697
280	236	102	131	212	508	499	569
305	225	106	138	199	375	463	542
294	223	102	139	197	340	503	562
298	219	97	140	158	279	455	537
295	142	82	124	111	235	354	396
281	128	68	110	112	230	405	390
221	172	70	103	138	212	383	369
241	170	70	94	138	206	317	324
237	171	74	87	128	244	334	351
232	171	70	91	134	242	348	404
206	200	80	96	144	198	302	377
213	195	73	97	138	197	293	389
186	269	93	108	140	223	303	425
203	287	97	148	203	542	443	525
200	298	97	160	203	557	423	502
212	290	104	158	196	551	396	489
199	287	121	157	189	552	392	487
197	232	119	176	198	549	415	539
182	232	125	156	138	213	239	413
180	233	127	141	134	190	242	417
171	260	124	132	123	195	251	508
245	304	119	129	114	191	272	616
308	369	142	95	93	176	249	552
357	434	157	81	91	177	345	625
439	486	193	143	129	152	432	652
456	540	218	173	152	150	441	590
431	567	252	206	176	156	431	477
420	581	259	217	185	166	427	512
382	533	253	220	190	154	380	449
299	488	232	194	175	136	273	439
314	449	228	200	212	131	253	497
304	389	197	177	196	119	256	595
258	309	168	173	192	96	252	587
250	312	173	172	206	218	218	598
268	338	179	208	233	240	388	711
327	430	179	203	196	245	421	708
347	466	221	203	198	246	416	635
351	476	224	265	208	262	408	647
381	480	226	359	251	232	419	651
383	501	221	349	239	219	282	519
292	457	217	343	244	210	235	529
258	414	161	341	245	216	322	564
261	405	167	322	288	255	488	631
211	430	158	221	253	206	489	590
186	391	149	207	241	200	502	598
174	307	119	197	254	218	525	589
187	331	116	205	260	217	493	601
187	312	105	166	230	193	357	557
192	280	99	160	234	297	354	667
178	310	127	156	242	335	342	715
180	303	134	238	380	343	310	697
178	301	151	276	415	458	370	711
191	313	152	274	413	517	395	674
183	322	184	320	470	475	386	580
179	281	166	348	477	492	387	593
187	284	163	307	372	531	416	635
185	271	144	267	333	448	355	577
191	274	137	263	314	371	303	590
206	234	90	313	287	380	294	581
199	232	113	307	287	379	278	505
184	244	123	298	277	327	271	453
167	215	125	301	277	306	291	454
136	214	128	310	288	303	329	498
131	211	118	203	220	386	357	528
168	197	105	188	198	356	372	545
177	155	91	198	215	355	335	516
185	150	90	191	243	373	332	558
184	121	85	205	248	385	288	522
167	120	89	197	233	296	292	582
