0	1	2	3	4	5	6	7
306	334	87	45	47	181	251	106
295	336	123	54	56	185	253	106
291	339	126	55	58	191	246	88
300	338	126	55	62	184	222	107
305	332	116	59	69	142	233	111
177	175	117	53	61	112	158	94
143	154	77	42	54	107	161	96
153	147	74	39	52	121	302	100
132	140	76	40	46	175	360	84
136	147	104	45	40	164	359	81
137	122	90	54	48	169	371	87
136	124	89	55	48	169	386	92
107	109	90	56	48	177	326	86
108	120	90	57	45	124	290	77
106	113	69	74	47	121	309	86
199	118	97	75	45	157	506	161
244	144	147	116	58	248	532	163
272	165	183	132	69	245	525	165
279	156	188	139	73	336	553	168
294	148	203	130	71	358	645	196
297	153	228	146	70	352	583	168
330	137	215	166	85	318	797	252
359	126	191	174	97	338	905	271
364	146	224	197	105	356	881	275
352	164	220	200	112	386	841	260
359	180	211	202	132	417	868	252
315	176	219	238	142	407	747	192
267	179	225	242	140	460	658	165
255	167	203	221	132	431	688	168
292	185	226	237	136	401	781	181
299	217	317	242	127	363	736	189
291	232	341	216	119	383	672	169
291	230	338	204	111	365	708	178
300	230	337	208	154	311	820	193
311	238	323	204	161	321	844	176
289	200	234	206	160	401	869	158
284	182	184	165	151	409	849	155
309	199	201	177	147	354	837	154
330	218	215	219	130	376	783	150
286	189	230	221	143	416	661	153
265	183	219	208	136	424	630	152
266	184	223	223	143	399	677	152
309	224	204	215	151	394	671	169
295	222	202	171	131	474	691	167
323	220	195	150	100	457	689	162
320	253	213	147	107	397	703	162
357	324	267	124	102	459	700	162
360	304	281	107	115	535	729	145
363	300	272	105	128	457	651	120
386	311	268	114	136	421	622	131
421	288	257	137	185	453	600	146
415	219	193	134	194	496	617	158
389	199	198	147	191	446	535	152
414	228	214	151	190	441	558	158
409	240	244	178	223	449	688	190
371	228	233	157	189	492	716	191
361	233	254	179	190	520	682	178
338	339	269	179	201	521	677	177
325	321	255	185	199	515	669	177
295	309	232	159	160	515	677	144
303	331	257	191	217	541	609	124
288	370	240	254	274	436	576	126
277	290	228	282	278	474	594	131
333	298	252	278	275	525	599	144
347	298	270	293	277	570	483	132
359	296	267	296	247	481	479	139
398	266	270	239	176	478	504	136
417	256	261	198	177	513	474	136
350	266	306	235	212	509	433	132
344	379	304	247	214	468	418	134
329	397	312	251	231	455	577	203
351	399	318	297	251	647	688	219
348	433	323	346	264	607	690	217
349	448	284	339	269	587	728	207
318	359	276	329	281	578	748	210
321	360	265	309	272	596	660	143
304	352	257	269	277	440	613	148
321	367	270	209	253	382	615	152
323	445	310	216	305	393	579	256
349	523	375	339	420	492	557	282
380	512	423	362	459	545	588	312
349	547	448	375	451	480	485	303
320	531	445	416	489	522	462	304
314	454	425	469	528	661	631	236
323	380	386	412	538	619	751	225
293	416	362	470	588	587	704	183
301	379	360	496	610	595	724	186
304	365	342	470	578	635	785	199
306	388	333	452	551	550	650	192
361	511	336	442	461	525	598	207
417	519	300	370	412	499	692	238
402	518	274	374	417	578	711	240
397	549	304	377	437	638	684	355
412	549	345	329	397	575	763	384
626	418	324	321	391	576	825	408
630	393	348	343	380	594	814	443
643	400	357	367	513	640	791	446
656	392	360	375	526	530	775	372
650	383	329	363	515	557	821	342
398	395	329	347	518	551	679	294
347	375	313	326	477	526	604	207
329	368	317	216	299	355	616	216
338	325	305	195	285	369	680	237
324	325	291	190	280	337	615	233
309	337	296	204	256	345	788	233
314	324	299	182	279	419	896	243
401	363	299	189	250	432	930	276
377	404	281	165	199	372	897	235
386	409	278	241	307	351	872	239
391	390	259	237	334	477	862	269
379	441	243	246	303	476	819	335
401	428	246	238	301	475	820	342
398	399	249	234	306	475	813	338
398	383	247	157	192	466	775	355
425	406	299	142	153	309	646	343
431	348	306	123	155	215	589	289
352	348	365	145	186	193	588	352
355	324	370	170	179	255	586	376
349	325	384	232	218	310	590	366
305	319	343	271	232	313	581	364
254	311	326	267	240	305	610	346
181	249	277	273	347	307	646	227
202	245	290	275	349	435	683	198
259	215	275	389	369	420	728	246
267	185	293	400	402	418	714	237
270	180	338	441	430	411	670	243
269	177	314	473	353	411	609	240
244	168	293	469	356	233	559	228
299	163	304	365	326	193	552	267
292	159	284	336	293	194	528	257
289	156	226	287	264	180	539	260
356	163	197	218	252	190	577	328
374	157	198	235	248	196	655	352
288	151	199	307	332	194	602	281
280	161	237	304	338	191	686	296
333	170	249	298	368	202	771	293
289	156	253	347	366	323	767	233
256	165	261	342	403	353	801	199
256	187	249	262	330	354	792	194
257	158	224	263	334	356	721	169
212	143	212	285	345	444	696	211
202	147	205	228	353	451	659	212
209	139	197	242	339	415	504	210
202	114	190	256	338	412	512	210
214	116	180	298	364	445	602	220
187	120	188	305	349	357	567	253
181	120	208	322	362	221	543	240
171	115	196	349	384	230	548	237
177	108	171	392	396	286	666	255
168	100	158	379	380	285	596	284
180	103	161	372	382	300	570	221
150	110	130	478	448	314	590	209
153	111	132	474	446	326	649	210
165	103	134	427	469	378	513	187
154	107	140	570	583	365	498	118
134	105	133	607	640	367	491	114
134	91	136	523	611	359	469	107
177	85	134	505	612	344	410	157
213	105	145	522	609	262	502	170
218	120	139	404	498	220	500	176
218	127	145	345	399	183	450	170
