0	1	2	3	4	5	6	7
106	29	45	47	34	167	100	71
90	26	47	49	36	144	100	66
86	34	53	54	38	143	81	64
109	35	45	49	41	127	56	71
109	34	42	47	46	209	107	69
109	35	43	53	48	247	108	74
109	37	46	59	49	251	107	72
113	32	45	55	49	253	109	77
102	33	60	53	47	256	117	58
94	34	59	51	42	200	74	58
102	40	62	48	42	157	75	59
107	41	63	38	38	149	69	62
116	47	64	42	41	147	69	66
113	46	52	41	37	174	54	64
109	51	55	42	38	177	54	63
106	61	59	41	35	170	74	59
128	62	57	41	37	167	76	68
128	58	53	37	34	184	74	60
132	58	51	37	37	179	79	68
145	63	58	53	39	177	78	78
149	47	54	57	39	176	55	76
128	46	55	60	39	179	52	67
133	46	54	61	40	200	97	96
178	45	53	63	37	158	102	104
208	36	47	59	37	152	104	107
218	35	41	52	38	173	105	111
222	33	39	48	36	174	105	113
218	40	43	49	43	134	85	93
205	55	51	51	47	130	99	80
247	57	52	45	44	130	99	90
261	59	52	43	44	133	100	87
274	67	56	50	50	199	157	91
324	87	70	74	54	212	244	175
505	127	85	92	70	245	260	267
478	142	108	109	83	337	261	275
520	146	111	123	93	403	349	304
594	159	120	144	101	411	381	330
616	162	136	139	108	413	365	336
725	145	135	137	100	404	433	344
776	151	121	133	96	491	478	365
748	159	123	128	93	467	479	344
717	149	119	129	87	464	458	321
718	163	122	184	104	489	550	297
594	162	133	203	124	618	644	253
625	158	150	216	122	518	702	285
891	174	208	224	129	507	665	428
884	209	237	237	159	604	746	464
892	203	237	213	153	648	706	486
861	235	233	194	144	537	581	497
812	232	228	186	160	593	566	489
616	244	214	180	154	684	661	462
657	230	195	145	126	688	608	454
634	231	192	121	113	641	588	444
580	217	187	120	112	688	665	419
584	216	178	113	89	657	636	392
577	188	136	146	89	561	612	391
523	169	120	209	90	440	567	376
534	163	128	215	101	424	554	353
541	133	132	226	138	518	545	357
515	132	131	228	137	542	562	359
441	122	125	214	136	521	496	266
492	120	128	170	146	582	550	292
466	110	137	188	153	666	582	299
462	109	161	194	128	653	513	301
608	151	183	188	139	651	503	361
627	164	193	220	143	693	556	363
649	221	238	237	133	730	582	356
655	253	225	220	116	710	564	368
697	257	210	233	103	608	641	399
565	269	226	239	96	581	631	366
533	270	226	200	104	649	612	360
545	232	176	167	110	597	576	374
593	285	219	170	113	537	567	369
536	293	260	208	143	619	579	332
597	270	255	203	152	825	594	314
601	284	263	227	156	771	554	319
535	306	278	239	149	733	530	294
549	244	238	236	149	748	541	315
578	242	196	215	139	697	442	337
557	248	183	232	135	490	363	322
570	242	179	211	125	457	439	334
616	214	157	202	132	524	456	402
602	193	164	239	136	513	440	438
633	186	169	217	120	504	433	420
670	185	153	207	113	442	505	440
695	183	146	205	106	443	483	423
680	176	139	206	110	522	446	366
643	183	143	179	108	524	436	313
584	215	163	169	112	507	473	307
531	200	163	168	102	492	401	286
511	198	166	188	123	548	402	310
506	200	165	199	123	411	407	315
522	215	184	216	125	377	417	297
545	222	150	214	132	365	369	307
551	234	147	204	146	487	401	328
641	259	138	189	139	505	512	458
701	270	145	177	146	502	610	463
691	340	113	129	139	511	615	463
667	360	176	112	124	522	603	461
641	353	176	120	117	463	614	447
599	349	201	113	127	404	494	384
531	368	203	119	126	426	375	378
584	295	230	119	130	429	350	389
620	256	217	118	133	502	425	380
669	254	236	124	146	534	573	421
744	288	231	121	126	502	617	438
749	344	258	123	121	479	612	427
718	379	253	169	145	482	613	431
789	380	245	181	150	490	590	499
856	406	250	174	158	577	577	546
746	379	241	180	166	612	538	482
751	315	213	176	179	600	546	489
764	274	216	129	166	604	546	476
673	310	223	133	162	550	641	503
630	310	223	129	138	358	549	485
726	315	260	128	131	268	549	465
699	338	265	140	156	285	604	447
668	352	283	165	171	331	619	444
705	307	264	146	174	408	586	375
723	319	275	197	198	445	631	317
623	328	250	245	226	453	679	335
608	302	259	398	411	462	737	332
662	285	243	522	525	473	776	477
822	310	257	580	583	401	719	489
740	300	258	582	595	362	627	476
771	300	285	594	643	370	617	474
918	290	269	526	583	408	580	523
891	317	271	404	486	345	570	447
714	318	295	337	420	337	552	406
753	341	282	313	423	331	629	440
813	333	256	270	368	519	659	523
782	349	271	224	371	532	598	538
797	347	286	285	469	519	540	524
913	353	264	288	478	527	630	568
895	315	260	324	468	541	584	553
830	331	262	358	511	513	556	487
707	327	259	369	451	472	527	416
719	330	245	334	355	472	676	418
610	301	246	425	383	469	650	421
674	304	245	425	416	535	768	419
708	267	241	396	372	412	767	470
720	269	253	409	402	389	810	493
670	234	245	418	414	411	759	473
747	228	260	462	523	468	756	439
