0	1	2	3	4	5	6	7
217	305	69	85	82	445	306	332
237	366	79	100	95	509	309	465
270	417	99	87	91	453	226	451
251	377	97	108	102	438	199	451
269	412	98	106	104	443	200	469
271	399	108	111	112	476	301	528
255	358	109	105	107	441	289	413
235	405	114	113	111	386	274	419
254	419	108	94	101	426	293	459
229	404	109	107	116	605	327	485
253	448	104	115	122	574	253	378
305	528	125	111	120	544	236	388
295	464	131	113	120	590	263	473
290	495	142	117	124	580	255	447
303	509	146	108	112	387	220	404
282	543	199	106	103	353	242	414
261	524	212	114	102	424	271	535
286	509	214	114	119	374	245	452
271	481	212	119	139	340	232	434
268	452	221	124	141	369	219	456
278	365	187	118	140	373	213	491
248	285	169	111	144	286	180	360
219	290	159	101	129	264	173	342
237	317	182	90	111	276	196	380
303	380	187	97	117	237	225	399
301	440	200	107	131	233	260	381
306	452	213	107	133	216	259	362
437	548	221	111	128	212	270	373
438	526	210	111	114	244	275	408
408	485	197	121	106	236	262	382
459	616	229	134	103	204	203	346
491	619	235	150	120	216	199	358
382	561	229	148	125	251	191	353
387	578	219	150	130	270	156	332
382	600	219	137	125	285	146	303
402	468	177	121	145	312	150	309
356	453	191	178	150	420	170	331
399	478	215	203	175	422	220	312
481	512	245	212	185	388	236	245
635	534	258	215	192	374	232	263
614	559	252	237	188	353	223	282
648	631	229	210	269	224	226	318
644	597	220	229	279	188	196	361
632	618	220	294	293	202	186	367
497	609	229	355	322	258	219	375
575	656	256	355	320	255	211	343
590	621	258	404	265	324	203	319
620	623	250	447	374	327	208	391
656	573	238	424	379	362	231	442
724	579	241	380	357	365	222	445
664	532	223	421	367	389	239	464
667	543	241	434	391	338	242	463
625	523	233	387	329	447	239	400
614	623	280	378	339	438	211	339
588	645	267	405	350	407	208	325
614	632	279	401	380	399	242	428
585	612	274	338	357	412	301	464
608	651	283	337	363	290	299	436
572	579	231	365	364	239	297	445
507	560	253	385	387	249	294	459
439	513	226	349	352	256	266	360
495	537	242	346	353	230	214	287
468	500	231	359	342	231	198	300
411	460	223	321	315	280	215	370
382	432	206	260	278	394	258	447
439	478	231	273	303	396	244	441
399	448	201	308	307	387	217	427
512	523	248	288	247	384	223	434
509	524	251	317	249	421	254	394
539	517	258	318	245	328	215	269
549	553	252	288	203	301	214	247
518	552	277	235	163	314	226	346
410	468	244	214	179	339	228	363
435	466	248	191	198	254	176	341
436	478	234	196	192	233	158	340
391	375	211	201	187	273	159	339
401	334	199	206	202	332	153	332
388	368	191	218	196	341	178	345
363	354	178	184	167	340	171	353
346	323	165	182	178	343	169	358
341	344	206	171	186	408	189	370
336	399	173	179	178	404	174	340
330	399	180	197	212	375	139	286
332	417	185	203	213	388	163	265
340	493	189	184	197	434	182	285
