0	1	2	3	4	5	6	7
228	437	134	60	66	479	182	250
250	451	163	58	79	549	177	221
214	329	165	71	80	432	148	166
218	385	184	69	84	439	154	132
216	405	175	72	86	430	157	152
214	431	188	73	80	437	166	192
217	557	180	80	81	438	179	241
214	561	175	69	96	442	162	246
199	488	156	66	91	414	153	253
224	487	172	67	90	413	148	262
245	497	171	63	96	538	142	240
238	360	166	62	94	499	121	202
237	354	180	58	74	447	87	191
241	381	172	60	80	448	105	200
232	368	158	57	93	472	103	184
211	337	148	63	93	311	98	184
227	327	142	55	82	224	92	159
221	348	147	58	82	235	96	157
204	331	177	61	77	303	112	280
200	332	179	62	59	284	124	290
252	328	183	56	55	282	124	295
237	319	189	59	67	298	133	309
258	334	171	65	83	328	146	358
272	413	179	65	89	303	130	268
280	419	183	64	89	284	120	253
235	411	179	67	92	277	120	242
222	414	168	68	92	347	116	222
199	375	176	65	91	367	108	156
213	298	158	79	97	362	112	160
180	279	185	79	101	367	110	167
187	262	184	79	98	382	115	176
185	267	200	79	93	439	153	262
201	291	199	79	83	423	156	254
201	316	188	64	67	406	145	258
208	316	146	63	65	417	159	265
197	329	140	59	62	485	160	305
202	310	116	51	58	389	119	255
229	384	126	45	52	373	111	267
233	345	123	45	57	378	120	261
255	387	123	48	56	416	107	272
255	372	127	49	56	333	103	226
253	388	131	57	59	317	195	236
221	304	106	80	99	406	218	308
220	320	99	82	109	547	328	387
195	268	105	102	140	705	542	404
195	301	111	137	174	732	587	409
283	324	148	152	189	781	569	406
297	323	151	152	198	816	611	497
369	445	166	163	231	809	580	465
458	591	188	168	230	643	401	457
481	650	196	155	216	734	407	496
452	651	176	147	210	688	472	524
483	717	198	140	192	653	444	403
473	789	206	151	157	590	435	433
443	776	196	153	179	679	437	506
456	722	182	146	173	648	381	473
467	757	184	212	257	678	298	437
425	694	158	231	267	650	255	444
373	519	130	222	276	655	290	473
390	491	132	225	283	641	289	385
391	537	129	231	300	615	287	396
415	475	112	173	261	784	347	459
425	496	116	165	257	827	388	516
418	537	123	178	249	815	358	456
355	495	120	188	228	800	346	446
319	473	128	193	241	860	356	501
235	461	141	219	238	787	310	468
280	496	148	215	229	746	305	380
305	491	143	207	239	740	294	379
287	420	127	183	247	785	318	430
319	439	128	171	233	739	361	479
354	512	133	218	277	690	392	472
345	489	130	224	290	665	351	474
323	449	141	236	294	701	353	481
368	497	145	242	274	681	379	499
353	532	148	257	273	641	383	464
345	510	137	215	208	640	329	455
398	499	136	214	226	850	423	490
432	500	136	210	209	904	488	520
417	487	134	206	220	864	458	477
440	426	143	189	199	848	433	387
456	402	143	161	183	914	467	377
417	378	156	160	176	820	460	351
431	401	160	150	191	800	411	307
452	379	160	145	185	795	415	286
414	339	170	148	191	798	416	322
384	295	172	155	229	914	438	388
356	324	173	139	210	826	416	402
312	311	192	171	200	738	440	388
325	299	194	178	193	828	589	460
344	323	178	172	192	835	598	544
361	371	176	163	150	543	687	504
399	362	172	162	146	545	673	486
380	383	145	130	140	694	723	504
327	383	141	144	175	721	647	503
334	376	135	145	176	708	667	390
332	388	131	144	170	705	562	403
272	398	117	147	183	717	574	502
284	391	103	144	211	643	589	535
272	388	113	129	212	536	614	492
411	557	196	132	206	500	593	501
459	647	241	136	211	505	596	504
502	732	287	186	229	467	623	416
523	807	304	197	238	445	647	422
601	877	322	203	222	412	617	467
575	894	325	199	218	400	596	450
555	895	304	194	212	381	571	425
523	844	287	155	172	388	519	451
517	817	294	138	110	407	495	484
462	764	292	132	93	390	464	459
431	703	275	165	120	397	462	479
480	853	331	192	130	406	481	593
689	965	393	198	137	424	471	657
710	1040	429	236	176	352	405	669
757	1096	481	255	178	288	406	665
762	1063	501	240	164	276	425	676
770	895	487	246	182	263	418	694
679	807	439	237	176	225	429	676
688	749	419	196	134	149	381	672
633	680	407	178	147	165	484	768
657	768	439	203	170	231	612	833
600	780	452	201	195	231	611	818
518	719	482	207	198	224	596	797
573	749	493	208	202	230	585	862
585	765	497	213	198	215	508	826
555	749	459	197	209	152	355	749
591	721	448	294	210	292	348	732
644	820	505	298	259	316	361	823
608	784	489	304	268	322	421	706
642	818	559	316	289	323	407	652
678	836	611	310	268	328	505	765
694	871	629	254	305	264	548	799
728	834	618	313	319	244	556	714
790	878	635	335	326	236	528	771
854	900	603	335	316	245	540	778
846	865	560	339	316	232	434	764
888	853	553	342	314	210	414	681
864	915	521	363	378	202	410	666
771	893	511	468	438	329	400	610
734	902	439	464	441	343	416	662
803	918	421	497	481	360	420	566
808	908	448	565	526	345	419	615
816	790	461	587	599	359	404	605
926	718	509	542	589	303	493	679
966	679	554	595	602	274	471	603
898	648	607	620	618	263	465	651
894	677	596	609	638	288	434	587
883	733	639	688	633	299	440	557
855	800	687	652	615	330	325	610
811	840	710	617	624	422	338	637
785	815	694	590	599	455	316	559
719	806	669	569	528	440	314	560
797	835	633	418	392	516	328	593
737	794	576	592	475	520	428	415
669	786	552	657	551	509	516	407
717	867	562	691	557	545	539	500
832	837	597	753	633	573	555	522
737	801	590	757	633	517	626	539
778	800	581	677	575	476	594	597
827	732	567	668	521	445	497	675
906	626	539	653	578	422	511	673
867	775	601	665	532	439	530	696
892	738	571	675	534	418	454	704
913	738	574	694	586	461	480	687
907	769	585	757	726	468	494	699
822	799	579	742	673	444	463	662
851	690	482	646	637	408	434	615
968	754	484	643	628	437	431	568
907	781	488	744	588	452	330	581
905	764	440	652	365	491	350	568
978	763	438	679	440	770	467	616
983	787	408	726	503	905	567	723
851	835	443	728	582	994	569	726
871	839	390	623	576	1054	580	694
912	834	487	597	608	1099	577	621
917	840	511	583	595	915	489	587
876	907	559	527	554	780	360	483
857	839	531	499	475	823	400	580
