0	1	2	3	4	5	6	7
352	184	171	352	293	451	514	186
422	152	163	380	304	492	650	245
447	141	177	372	285	598	679	263
444	133	181	387	277	664	598	259
449	117	157	354	232	662	701	273
355	95	131	274	211	679	758	277
267	80	133	262	224	680	672	222
212	75	107	233	225	638	644	198
206	78	93	210	210	454	680	205
276	70	89	204	201	454	604	225
289	63	90	233	210	438	461	179
284	77	111	238	180	407	414	179
289	80	127	301	189	430	434	177
290	78	131	311	195	414	418	180
213	73	139	310	211	419	592	149
251	81	165	287	209	433	648	193
256	69	146	255	203	464	652	195
255	64	146	178	181	452	680	204
448	72	141	170	181	463	713	268
467	80	141	258	208	457	542	252
421	73	124	280	198	471	480	217
420	72	128	278	195	541	520	219
417	74	109	275	196	488	472	209
201	63	104	265	189	508	577	151
150	58	107	194	176	537	594	160
145	58	96	212	173	546	580	158
194	58	89	207	170	449	570	166
362	72	96	200	164	453	618	258
386	78	104	206	165	458	430	245
384	74	110	239	131	455	392	235
391	73	122	198	121	413	457	246
364	70	133	246	146	410	441	243
212	56	145	262	158	468	393	149
196	47	141	264	170	460	471	144
192	48	128	227	173	463	493	144
204	44	121	220	168	451	443	154
294	48	118	211	172	502	468	230
312	47	94	250	168	435	450	237
288	42	96	296	156	527	373	227
288	44	100	306	149	549	357	228
269	48	93	308	174	563	389	213
193	50	93	321	165	537	438	162
189	56	138	283	161	541	439	174
223	66	171	229	162	444	439	181
232	82	222	233	181	401	417	178
235	114	223	287	179	428	363	170
214	161	242	252	173	414	232	135
269	168	220	264	195	441	350	197
276	188	207	314	223	441	403	213
275	201	172	366	250	467	414	216
279	232	174	331	268	452	410	217
285	204	141	324	267	476	411	219
476	220	146	318	253	558	352	337
504	214	135	310	329	627	293	357
512	220	135	297	325	639	293	359
522	180	130	296	305	774	317	367
538	201	125	296	298	776	353	368
368	190	130	313	296	734	359	248
319	185	130	271	204	660	351	196
306	161	109	225	191	716	383	197
285	155	116	226	191	603	393	184
258	125	122	230	196	588	378	203
183	133	122	210	209	660	329	141
151	191	140	214	213	665	324	139
183	203	138	186	217	561	255	147
198	200	128	173	216	550	272	156
183	216	143	178	218	552	342	128
189	200	135	180	216	435	377	134
186	135	109	203	204	455	378	134
207	137	109	208	187	511	417	140
220	172	125	204	183	485	391	142
301	163	111	198	191	490	360	174
306	165	109	197	184	546	383	173
308	176	134	223	186	534	395	171
302	164	135	228	177	481	359	172
381	144	131	244	189	494	356	229
337	137	127	249	176	594	340	212
334	136	132	296	179	562	276	213
343	127	109	286	158	560	253	214
318	115	100	278	148	576	239	202
200	92	94	276	133	567	223	129
225	83	91	285	158	440	176	150
358	112	105	321	242	387	135	196
377	187	184	320	245	390	127	212
480	202	201	324	243	448	137	260
504	207	227	364	264	438	167	262
495	247	281	382	260	425	154	244
416	266	279	316	198	481	156	219
422	295	282	307	194	580	239	275
306	390	382	303	196	592	256	234
262	426	416	247	165	624	246	226
261	445	400	202	188	660	249	225
321	497	425	194	180	686	262	222
298	489	407	186	202	606	191	124
290	418	314	187	201	540	176	120
289	387	246	178	196	480	164	114
287	380	228	162	159	418	157	112
192	302	171	142	136	280	125	88
177	297	142	106	84	227	161	108
194	332	124	84	79	162	215	137
187	327	121	76	77	190	222	140
146	292	98	64	69	296	218	139
163	297	108	63	74	353	220	137
158	271	113	62	73	356	192	115
137	243	117	47	59	360	100	61
134	281	135	55	58	334	67	51
157	286	130	49	46	244	61	43
155	271	129	56	29	141	47	37
151	332	172	61	32	94	38	36
184	328	203	61	32	59	34	36
188	302	216	56	29	50	31	33
171	304	237	58	31	44	31	33
169	323	249	48	30	38	28	36
194	265	224	43	26	33	30	43
180	258	206	48	27	30	31	44
181	249	182	47	26	32	33	45
179	242	194	45	28	34	32	46
