0	1	2	3	4	5	6	7
186	111	185	127	127	200	169	118
173	109	177	78	73	199	159	106
170	104	166	63	59	193	135	99
147	92	145	50	60	258	109	93
129	87	143	47	60	273	105	87
113	81	94	46	60	253	95	64
111	70	88	48	62	253	104	85
108	59	80	45	59	251	98	87
112	54	80	44	48	194	143	84
105	52	71	45	50	168	166	84
92	48	59	42	49	169	188	85
82	42	52	37	41	165	179	58
114	48	76	52	44	188	194	76
104	66	80	50	44	218	184	104
103	87	77	50	42	217	167	107
102	86	79	50	41	217	143	104
106	87	78	51	42	238	152	109
67	92	70	37	48	281	130	92
78	110	68	39	53	268	91	81
85	124	83	41	52	265	79	76
92	132	84	41	53	267	80	78
91	132	90	59	62	308	115	70
120	130	81	65	66	313	122	79
112	107	77	65	61	298	122	54
107	79	73	63	58	307	123	55
102	74	86	65	62	331	128	54
101	74	83	49	56	326	118	58
85	69	81	44	64	308	135	46
111	66	84	45	66	302	136	56
122	60	76	47	70	311	141	57
122	48	59	43	69	375	138	55
128	44	54	42	65	337	114	61
121	42	50	37	51	297	110	62
105	51	49	37	49	364	107	108
108	88	99	39	72	537	172	118
138	100	107	42	80	518	181	122
143	107	120	44	81	520	217	120
154	126	133	43	77	518	223	129
159	123	133	45	82	484	234	93
159	100	104	55	112	474	241	105
137	94	115	55	109	478	244	110
148	87	105	55	110	481	224	109
141	65	94	74	114	485	218	101
132	76	113	75	124	527	218	103
125	80	117	68	84	386	186	78
125	78	101	69	82	338	185	69
103	79	98	69	82	334	255	75
95	73	93	52	81	324	258	74
91	61	64	47	57	226	251	63
86	54	51	43	52	188	236	60
105	47	42	42	55	249	269	73
143	45	38	40	53	246	205	71
155	41	37	38	45	248	198	67
155	40	38	40	49	258	204	71
161	36	35	43	54	302	211	72
151	34	34	45	52	256	160	55
127	34	33	46	53	266	138	57
111	36	33	43	54	273	132	54
118	39	42	45	56	373	161	65
146	66	60	57	59	333	263	99
295	80	76	79	59	337	304	183
335	95	92	91	64	368	328	204
399	116	107	107	91	574	345	227
457	139	120	134	174	678	547	280
473	137	124	146	183	697	528	278
576	138	134	161	186	709	553	307
614	143	145	171	203	771	561	304
590	133	153	233	217	738	736	313
577	120	168	240	180	652	714	277
563	121	175	273	210	677	806	330
456	130	182	292	214	664	898	299
377	120	174	295	211	758	1003	301
371	119	160	257	193	735	882	285
510	117	137	252	184	693	920	310
572	126	139	211	136	670	829	281
539	149	129	172	162	761	848	287
545	153	126	230	149	622	782	289
548	156	143	258	153	539	853	295
415	158	144	258	143	532	779	262
316	148	139	261	146	559	851	228
269	127	153	277	121	447	756	175
268	121	164	253	129	438	704	161
248	114	154	224	124	421	631	130
427	100	157	239	154	478	644	274
465	95	156	284	173	562	623	285
474	68	131	276	183	578	564	282
476	64	129	257	177	538	553	286
512	97	145	259	179	541	629	310
391	101	160	238	157	521	636	209
346	107	160	251	139	374	568	187
337	105	161	250	116	317	579	193
339	104	170	246	111	302	705	191
319	71	152	235	106	453	709	186
259	65	143	240	106	486	712	162
267	87	172	193	105	472	725	160
272	98	201	185	98	473	729	166
300	102	187	171	103	515	633	200
262	103	190	194	103	440	558	173
256	110	202	208	99	361	483	174
250	94	187	180	86	356	590	179
310	98	160	176	92	402	614	201
280	94	165	200	96	395	611	172
293	111	160	180	86	364	719	188
296	111	142	156	83	406	910	212
293	108	140	163	96	474	915	223
330	100	138	171	119	488	937	222
356	111	151	169	119	471	957	213
341	99	162	167	122	451	874	193
348	96	165	160	126	425	721	171
350	93	159	159	117	343	684	167
268	90	162	152	94	294	744	141
212	79	148	155	104	279	717	135
244	83	148	153	124	365	725	190
313	85	137	150	125	476	667	212
316	83	122	145	135	479	667	210
308	86	147	168	134	461	561	213
311	93	160	164	122	451	579	212
297	93	158	166	105	395	561	171
236	109	196	194	120	372	756	162
237	116	211	206	140	411	748	152
237	115	190	194	142	422	776	139
254	110	182	186	150	424	768	166
305	106	179	198	148	430	788	168
278	87	145	175	131	322	603	145
283	90	133	158	101	269	574	159
301	93	152	149	106	274	614	175
285	93	154	155	97	329	685	159
223	91	161	156	95	317	689	156
258	91	156	169	102	311	711	164
312	79	153	183	100	342	777	160
324	76	136	188	115	497	765	150
326	74	129	193	135	488	727	143
322	81	127	189	140	479	730	146
319	78	120	184	137	554	802	175
272	94	130	187	154	578	786	175
229	102	131	199	137	434	714	170
239	112	137	189	122	399	661	179
391	119	133	190	143	423	660	237
431	121	136	221	182	461	582	260
486	119	127	242	195	428	725	289
495	121	125	262	198	428	728	294
505	119	122	263	206	434	877	301
400	108	118	265	203	489	890	255
340	110	122	272	190	397	854	209
242	101	117	306	204	373	663	152
229	91	111	288	225	522	734	155
246	84	114	365	242	731	710	163
275	95	203	461	329	723	686	175
285	115	267	492	398	720	698	170
297	117	276	474	399	719	777	199
316	120	280	539	396	660	768	191
268	122	298	523	432	489	622	160
228	116	249	439	376	431	705	149
268	101	201	431	361	410	778	172
289	116	218	499	424	483	744	151
300	115	216	469	486	496	693	151
312	116	190	463	444	434	712	152
358	120	202	490	454	445	773	184
347	116	192	534	486	484	945	214
323	99	164	520	459	439	980	221
287	105	183	497	395	383	988	225
281	99	177	480	414	463	990	235
324	91	163	468	426	587	992	235
326	112	176	476	445	564	764	193
316	115	204	422	421	542	673	176
312	107	189	407	444	581	783	178
380	112	193	415	475	630	834	189
313	115	202	420	454	527	754	166
276	92	177	321	375	516	745	168
279	102	142	334	400	535	804	171
324	119	148	382	406	519	776	193
287	119	155	477	411	419	705	174
274	118	138	467	414	402	660	165
311	118	144	498	436	392	769	172
340	110	136	527	442	485	804	214
318	107	139	504	490	522	767	201
277	106	130	395	477	524	774	213
277	105	131	388	478	547	824	219
264	106	124	386	442	779	865	221
225	109	182	512	500	750	782	198
200	96	181	522	437	703	729	179
198	95	177	532	406	676	859	185
253	97	182	606	418	750	859	188
