0	1	2	3	4	5	6	7
122	160	109	26	28	66	122	38
98	123	72	25	28	98	136	39
87	112	55	29	28	120	135	42
71	114	84	33	34	179	138	42
62	117	89	36	35	183	113	46
79	135	86	37	37	176	89	46
128	158	85	37	37	161	67	55
128	159	87	35	35	162	60	58
151	161	61	30	32	108	52	60
185	174	65	31	31	133	104	63
200	174	66	32	29	140	108	78
187	151	66	33	33	145	112	82
187	152	61	34	33	170	113	80
176	155	65	37	32	173	120	85
141	159	54	46	34	177	96	84
141	135	52	52	41	217	101	75
123	120	49	51	40	272	121	63
135	123	48	52	41	271	125	63
139	120	41	51	41	271	121	54
140	91	37	43	43	269	111	50
134	92	39	34	38	244	107	60
134	134	40	32	39	206	104	58
126	126	40	33	38	201	111	56
115	117	39	29	41	230	114	52
132	119	39	40	49	254	261	69
149	126	98	73	55	254	318	100
161	86	119	141	71	267	388	112
178	97	123	160	81	349	433	124
225	123	178	177	86	344	464	141
244	136	215	225	113	325	488	166
237	152	245	229	116	323	503	163
266	162	247	221	115	351	627	233
257	166	282	223	112	357	624	239
243	183	287	242	119	362	649	234
282	190	276	223	131	368	721	241
313	179	276	282	141	408	755	257
284	204	299	301	149	511	633	193
309	261	301	299	155	468	653	189
339	289	288	282	155	490	666	203
306	281	295	278	134	521	696	186
262	291	286	244	129	544	707	163
265	280	268	228	136	436	712	160
264	232	236	235	144	537	711	170
274	174	295	267	162	584	731	190
312	222	400	325	168	557	614	178
319	225	396	305	170	518	637	178
350	263	391	286	171	659	648	183
384	273	391	280	185	679	696	178
358	273	337	287	174	630	686	153
344	245	198	204	162	638	658	148
358	240	174	196	158	629	613	185
339	185	172	203	142	564	741	201
285	171	186	199	110	438	674	195
265	193	214	148	101	450	670	184
271	220	193	146	106	478	700	196
247	214	184	172	134	584	678	163
234	220	182	176	142	511	556	142
306	217	170	181	150	509	541	130
324	223	171	173	150	506	595	141
300	192	184	185	164	584	670	156
366	194	191	167	144	537	643	146
431	208	195	160	138	526	626	151
390	206	187	166	135	564	675	167
391	178	151	188	135	651	583	163
380	181	147	175	114	592	498	144
322	195	188	170	107	540	496	137
249	172	194	190	145	523	496	132
283	169	197	180	153	556	527	133
273	187	198	147	149	427	525	125
283	186	200	149	148	354	475	115
283	176	155	162	157	353	497	114
348	172	137	125	118	384	497	119
313	168	122	110	105	331	390	96
306	161	122	108	101	339	368	90
308	177	130	118	99	337	370	101
308	173	138	113	85	374	340	104
223	178	152	124	83	423	291	85
269	187	157	124	75	414	369	99
267	213	200	147	125	413	406	113
260	215	278	192	151	417	454	111
257	209	274	188	152	404	436	106
301	205	272	182	152	423	550	193
272	213	273	184	159	391	534	196
273	178	245	170	130	377	534	188
287	149	151	123	105	375	593	204
292	142	147	156	132	550	718	244
252	144	140	162	143	519	725	189
273	112	149	182	144	509	746	195
315	102	155	187	139	524	843	208
291	90	142	177	136	529	798	190
291	89	143	143	116	382	741	139
275	88	143	149	113	320	706	148
241	98	154	137	112	303	751	172
173	95	152	129	111	308	706	179
180	94	152	124	113	346	705	181
208	99	156	121	104	332	699	184
222	102	168	116	98	356	679	175
227	105	147	101	98	385	647	145
226	105	146	102	103	480	566	129
251	105	132	110	104	472	546	132
231	131	159	127	102	433	506	132
215	132	147	126	98	419	585	129
206	131	146	167	101	425	528	126
212	131	137	170	106	331	589	127
294	139	155	175	109	290	688	125
322	109	118	165	124	297	787	141
356	103	129	171	153	304	748	149
402	91	143	131	151	282	968	161
406	94	158	125	147	233	960	166
377	115	146	120	148	267	1033	205
383	138	162	115	136	262	994	204
368	143	166	95	135	241	1042	221
314	145	173	153	147	319	913	225
325	143	160	163	160	328	940	223
317	123	157	162	167	315	855	188
277	106	159	177	180	313	897	202
319	99	156	173	157	336	940	255
329	101	152	188	176	263	918	246
330	127	167	202	190	261	897	249
309	124	185	221	192	247	894	254
312	138	179	227	201	242	838	241
254	139	190	235	211	269	711	173
268	137	178	225	205	363	818	174
298	112	188	209	190	415	842	225
298	120	237	211	203	420	869	221
289	96	246	279	235	479	832	211
281	117	239	291	240	550	850	224
311	126	240	288	241	502	725	240
267	127	226	319	297	462	658	192
238	125	214	340	327	458	526	189
260	132	208	309	325	413	687	227
327	111	198	294	317	285	679	208
282	133	200	291	312	271	721	195
268	133	191	262	265	271	710	186
267	134	116	211	220	276	785	200
289	130	114	255	227	297	689	168
228	138	131	295	231	269	851	179
222	135	148	302	250	246	817	167
227	149	162	297	238	227	818	174
229	151	171	318	243	235	931	172
193	147	169	296	239	203	1008	169
174	137	161	259	275	287	865	155
160	112	142	249	256	280	836	147
201	92	139	250	265	284	870	150
255	79	129	255	255	332	850	171
298	82	119	227	273	384	748	183
298	85	109	250	276	338	723	183
307	91	97	239	279	341	782	198
281	87	92	283	355	353	786	203
232	91	156	320	363	320	654	172
139	101	164	318	328	245	675	156
137	99	170	329	298	227	703	159
206	97	172	334	317	246	663	143
