0	1	2	3	4	5	6	7
639	925	542	220	272	809	872	411
731	971	563	245	256	827	982	427
642	899	419	223	251	906	925	367
656	959	419	234	253	775	753	307
587	884	379	219	227	746	718	274
545	829	391	209	218	751	748	294
397	727	340	177	206	820	677	364
385	701	309	123	156	726	572	376
263	465	262	88	118	703	604	343
312	446	261	103	133	698	595	343
316	442	216	103	132	681	554	328
331	409	218	114	119	573	459	259
334	354	213	123	154	694	543	304
345	420	215	140	159	732	513	424
358	531	275	132	146	729	507	421
346	564	283	131	141	719	501	426
319	568	276	130	153	724	492	436
330	598	282	143	152	445	321	416
336	580	282	125	147	331	211	280
218	477	218	124	147	318	205	282
211	427	197	123	147	356	202	267
197	400	185	107	134	334	178	219
188	376	172	81	98	302	142	176
156	396	168	79	82	250	110	209
143	375	161	72	79	483	136	241
141	354	145	73	78	478	131	247
143	377	157	73	76	492	122	238
151	502	211	66	64	483	125	266
143	461	203	71	70	525	139	356
156	461	201	75	68	425	109	346
162	490	204	79	75	433	114	358
175	487	202	89	87	416	106	366
140	315	143	84	91	451	109	351
153	386	148	82	93	431	115	244
175	424	167	84	92	355	119	223
186	442	158	81	87	323	111	203
176	433	143	69	74	342	111	194
186	462	156	72	74	387	109	179
200	446	148	75	71	353	84	155
178	426	148	75	72	338	78	149
163	378	145	73	71	359	81	163
173	427	157	75	74	361	109	210
201	448	158	76	69	271	119	217
191	430	176	65	63	270	119	219
186	384	155	59	62	271	124	269
187	371	148	59	69	363	140	283
182	330	135	55	76	369	124	246
186	359	119	58	81	361	125	228
170	334	87	60	82	382	132	251
171	333	99	59	81	443	149	239
211	352	102	56	75	415	133	211
229	375	101	59	69	402	133	224
223	351	116	70	83	436	163	284
241	353	111	75	92	427	200	306
246	358	90	80	110	363	196	289
234	361	94	112	135	288	208	332
237	339	105	135	155	367	218	408
221	285	91	131	148	398	257	406
254	282	107	139	153	421	259	432
293	379	138	174	218	523	311	437
307	385	148	186	223	751	434	488
291	374	148	178	220	794	470	434
316	452	168	184	222	775	439	408
302	554	180	199	222	782	427	357
275	497	163	182	158	793	407	437
289	547	173	190	178	670	315	377
351	631	214	208	195	581	258	386
338	598	225	213	216	608	272	391
317	505	214	191	218	762	289	449
312	515	209	178	212	739	284	364
290	504	248	170	193	665	234	325
241	427	229	162	191	677	231	310
243	405	223	156	171	739	256	424
302	465	225	166	169	602	230	383
303	485	238	168	166	529	201	384
288	448	193	140	155	528	204	410
279	437	175	109	123	567	226	428
293	469	151	108	126	481	206	337
272	463	200	132	154	417	218	346
268	456	224	131	163	434	216	348
259	426	215	134	161	519	363	425
266	404	216	140	167	525	385	449
289	389	247	161	194	483	377	426
270	398	221	147	177	494	386	408
273	399	188	147	176	524	388	405
275	421	190	151	189	477	261	366
282	461	224	159	201	409	205	304
273	437	203	126	163	398	191	303
250	373	188	112	150	384	179	288
266	368	208	130	170	554	315	285
359	447	239	129	168	644	346	250
360	403	214	115	144	638	350	251
330	418	210	137	153	638	355	246
337	429	218	140	159	637	351	262
323	436	210	117	128	469	267	285
283	350	169	112	103	448	236	299
267	371	161	121	105	455	222	298
264	397	178	100	98	465	214	301
257	374	161	89	94	497	200	277
249	317	141	87	94	587	168	278
165	293	135	77	91	514	138	220
206	380	134	59	84	492	140	246
299	331	163	62	80	522	161	349
318	329	183	63	74	564	171	397
321	342	186	71	81	453	168	379
337	383	188	75	104	569	252	368
369	266	188	71	109	612	257	355
306	256	146	63	109	578	259	278
288	260	120	63	107	512	259	219
286	276	157	83	130	629	250	264
269	221	193	90	117	578	190	268
182	265	247	95	123	558	187	265
266	293	279	102	126	569	171	252
281	322	301	112	135	669	181	313
308	307	290	104	120	597	199	307
364	432	324	104	117	505	167	306
369	447	314	104	107	474	158	300
302	459	323	95	103	476	172	318
414	459	314	83	102	357	170	272
457	507	353	74	94	300	174	273
428	459	377	80	110	294	180	278
423	421	395	97	129	351	193	311
429	403	404	100	134	366	193	428
312	409	463	108	125	324	174	426
210	355	448	130	168	575	224	406
174	370	408	150	194	675	273	440
251	416	386	145	209	697	274	416
286	457	359	147	207	683	269	268
356	521	347	146	209	701	336	296
367	528	391	132	175	607	349	317
468	503	477	126	174	528	319	263
463	508	518	135	158	467	316	270
444	513	513	139	163	493	324	331
486	612	524	149	162	525	264	398
484	653	502	151	165	432	178	417
414	653	431	132	127	398	159	425
377	625	395	152	121	455	238	451
383	650	417	161	135	550	284	436
291	534	385	163	142	503	277	378
335	640	392	175	151	484	314	350
312	651	396	175	152	472	322	338
307	765	379	161	157	570	290	351
290	748	415	166	157	470	230	330
290	732	384	174	171	463	240	320
259	679	377	189	166	468	206	353
269	758	405	224	196	467	211	452
316	688	409	234	223	377	239	490
350	654	361	243	248	359	238	482
322	699	365	263	259	371	238	464
305	625	343	302	280	403	252	474
320	553	279	285	268	451	350	426
305	521	293	312	280	373	354	338
298	584	292	338	281	377	356	340
289	579	320	379	296	414	357	384
279	583	326	365	334	567	371	334
277	692	339	420	343	542	334	311
298	804	354	400	314	566	316	356
273	794	360	386	326	716	356	395
288	751	363	339	304	734	353	438
324	744	367	311	252	605	320	432
311	639	388	226	262	723	273	420
273	524	372	276	266	767	349	523
292	550	354	281	220	650	355	524
294	547	326	271	217	596	361	468
267	594	330	273	197	615	370	511
255	620	307	283	173	491	355	543
291	615	287	228	207	389	264	435
288	578	344	182	211	399	236	426
279	589	353	184	213	467	259	450
296	542	344	185	220	481	281	406
395	497	319	172	210	472	296	372
369	490	347	163	200	478	283	373
349	487	349	191	212	641	328	377
367	477	327	178	204	631	309	337
387	481	305	179	205	664	289	366
