0	1	2	3	4	5	6	7
355	458	196	149	155	676	528	415
351	496	234	186	210	741	640	459
397	527	257	172	204	716	567	428
372	463	251	151	188	527	464	440
325	377	229	146	182	515	451	430
326	413	219	171	217	610	503	555
354	439	177	135	181	745	401	547
330	421	150	135	181	711	375	500
322	441	150	137	178	691	353	463
317	480	177	138	176	736	391	493
310	431	168	108	138	760	357	365
286	377	166	110	139	635	310	306
235	441	157	112	142	598	290	300
209	433	156	112	146	611	313	318
216	395	126	127	157	663	266	348
293	477	137	126	158	619	244	385
324	492	141	125	146	546	241	393
324	422	148	120	138	560	259	469
315	390	145	117	135	595	250	489
320	429	145	93	113	471	243	466
269	402	143	95	105	386	204	439
235	380	131	86	101	451	237	523
229	397	109	86	106	493	282	540
236	404	102	82	104	438	270	527
228	390	143	80	98	417	261	496
221	338	138	82	100	479	264	526
203	329	144	83	94	484	245	444
200	307	150	91	107	525	183	342
202	300	152	90	105	550	190	320
197	324	111	94	117	567	211	353
207	309	132	89	116	589	239	284
200	325	133	85	121	585	219	267
187	352	128	77	101	503	215	256
168	371	138	95	118	533	209	297
164	343	145	106	129	535	225	267
137	341	123	103	129	448	194	243
138	324	113	104	123	403	214	286
141	288	109	103	124	424	208	298
162	256	88	88	111	396	223	273
194	382	105	74	93	399	193	264
180	378	117	73	88	394	194	280
184	377	120	70	87	400	191	351
193	410	145	72	86	448	192	378
176	418	148	83	97	399	200	383
164	284	128	77	92	410	214	391
184	280	113	77	94	624	237	417
188	293	113	85	107	626	304	360
351	301	82	80	104	594	327	340
383	287	79	68	93	630	518	417
409	281	97	84	120	649	570	449
440	291	100	98	127	604	679	457
457	288	102	99	150	722	786	548
622	352	116	108	176	859	882	645
663	387	135	123	209	878	863	626
663	401	122	135	230	899	853	608
654	381	128	152	239	887	783	639
667	395	125	150	224	927	769	578
521	339	125	165	264	896	658	469
513	321	148	181	324	985	573	559
495	383	193	213	378	983	596	588
506	442	205	377	465	1057	653	545
480	605	262	406	503	1108	562	540
385	632	287	440	520	1067	573	577
299	667	267	431	480	1000	634	451
296	739	259	423	459	1014	578	446
243	718	252	288	376	1074	521	533
289	578	206	262	333	1003	541	516
382	558	189	216	284	969	522	514
381	559	194	240	293	951	453	587
399	434	180	231	253	959	583	581
437	444	183	227	259	742	577	476
403	555	181	216	279	636	526	510
301	541	189	192	266	726	660	539
295	527	200	177	256	766	680	517
363	590	192	171	262	716	590	486
312	585	189	160	246	738	601	511
324	480	178	159	234	877	722	497
353	471	150	159	226	844	616	433
384	468	144	145	229	775	591	430
344	453	177	157	212	758	603	465
356	451	168	153	208	818	593	448
353	444	170	159	218	618	522	474
350	448	168	165	216	553	544	474
321	431	154	159	191	538	514	446
262	311	111	133	195	585	543	508
288	285	142	199	263	662	606	582
329	367	142	192	236	696	604	613
350	361	136	188	247	682	703	614
358	332	141	197	277	691	734	625
383	371	138	209	272	690	735	591
408	505	131	150	234	510	809	590
390	511	127	151	243	484	771	530
353	517	148	177	268	510	672	582
336	518	146	173	259	601	654	589
309	512	161	172	268	552	610	581
253	419	157	184	265	589	431	514
213	370	177	183	272	557	437	497
276	389	159	168	255	547	442	445
293	398	171	161	234	566	553	416
357	389	163	146	222	561	554	403
361	378	156	135	202	522	526	448
382	363	138	132	188	646	621	579
331	313	137	121	226	724	632	552
385	410	159	135	244	627	533	535
378	433	188	191	251	621	557	596
436	401	182	189	247	650	771	592
443	417	176	185	240	774	718	564
501	512	185	295	273	717	796	651
458	502	168	306	276	720	823	653
427	476	168	299	270	721	874	632
364	556	207	306	288	692	772	606
357	611	228	317	293	482	779	548
280	548	224	224	209	461	791	487
287	556	230	216	181	458	792	623
327	560	207	204	204	518	750	657
311	488	169	216	191	611	752	714
328	393	170	212	184	575	780	697
334	444	194	205	186	566	658	734
323	353	181	279	289	578	805	629
302	432	196	275	290	668	914	686
335	510	231	259	283	561	945	634
349	569	216	252	280	532	885	630
337	518	203	259	319	529	900	593
336	540	219	166	235	546	804	611
341	569	218	237	229	351	776	494
322	496	196	252	249	313	710	593
281	452	213	262	276	316	752	608
305	490	223	263	235	331	747	669
322	510	229	270	243	402	771	742
294	521	240	266	307	468	755	716
305	622	235	272	307	462	754	620
309	618	226	280	315	464	747	634
283	585	220	273	310	537	886	662
321	608	200	294	316	506	827	670
329	567	170	308	272	434	730	663
341	526	187	301	267	428	677	722
332	540	194	287	228	609	722	723
415	706	265	298	234	596	569	643
400	711	294	300	231	543	589	546
388	762	311	235	187	547	685	636
358	770	315	255	168	556	744	586
400	817	309	286	217	388	782	663
378	761	269	285	240	279	760	665
435	738	255	258	258	272	726	694
464	659	262	319	267	262	650	654
475	619	247	315	280	267	670	665
436	550	252	294	253	433	701	615
383	499	241	304	230	481	735	640
333	546	245	300	190	478	734	592
302	540	227	218	183	485	743	674
294	528	225	178	153	478	737	834
277	516	215	173	142	331	852	871
300	520	205	163	141	290	821	848
245	449	179	205	253	310	849	854
268	467	168	231	270	344	929	797
301	500	188	253	304	373	907	744
303	524	185	263	314	342	676	679
285	493	173	258	327	352	689	651
272	495	173	288	257	364	715	670
265	454	166	305	254	479	633	688
272	412	130	315	321	491	608	541
338	389	142	314	324	484	662	515
343	357	143	326	321	535	692	570
367	299	122	279	329	698	762	631
370	364	122	318	336	634	787	580
361	376	179	337	410	608	767	582
322	381	197	358	413	636	772	669
317	406	202	348	440	695	784	686
289	454	208	443	503	588	693	635
258	405	218	420	514	609	804	646
318	492	198	384	403	628	921	655
307	484	185	406	539	641	925	579
312	463	196	459	545	626	881	511
314	420	207	405	507	600	874	488
317	422	195	377	487	562	767	575
248	315	173	381	493	656	890	680
233	285	160	336	362	760	943	715
213	268	154	297	391	715	940	713
204	286	133	254	440	688	931	699
194	277	150	261	437	696	874	664
218	269	153	265	426	826	641	602
232	306	161	278	421	737	487	619
237	324	140	329	423	695	473	644
236	326	145	340	340	727	450	654
246	312	132	377	383	785	543	782
192	292	127	393	485	554	530	795
