0	1	2	3	4	5	6	7
381	673	303	125	176	531	322	326
392	749	318	127	139	612	347	241
398	759	299	137	152	660	400	336
284	682	264	150	161	670	398	318
240	559	236	155	179	672	401	314
222	547	274	164	178	662	400	329
259	490	269	160	173	569	362	388
262	496	264	157	164	412	225	322
251	536	282	161	176	491	210	325
244	555	299	141	141	751	284	401
253	536	232	124	139	790	289	408
207	583	229	124	145	741	280	346
193	587	237	116	144	785	280	340
180	498	203	79	122	836	320	436
187	525	170	71	112	592	251	393
166	518	157	75	119	544	230	368
150	469	159	84	127	551	226	356
149	437	178	90	120	557	232	421
197	532	191	89	104	494	161	335
233	537	217	97	117	521	164	309
271	557	222	104	123	520	161	322
283	524	222	90	103	541	158	362
283	537	196	87	108	589	141	264
252	527	200	93	116	480	125	259
239	476	176	88	108	462	109	267
195	441	164	93	122	489	171	461
190	431	147	93	120	457	180	490
194	424	146	92	118	283	172	493
208	377	165	87	113	288	183	483
175	391	167	86	111	324	186	505
184	421	165	67	77	361	166	385
200	508	174	65	75	372	155	328
194	499	186	65	73	362	168	369
180	453	156	62	70	391	382	403
175	427	148	63	72	385	540	387
196	433	179	73	94	319	773	332
170	368	188	90	102	307	796	330
192	401	183	90	102	405	877	308
187	413	178	97	111	379	812	271
189	418	181	97	114	346	716	293
171	423	165	94	100	338	450	285
180	394	152	88	111	411	513	293
149	339	161	90	120	458	476	274
148	344	162	83	111	469	481	268
150	334	158	85	108	463	492	217
140	293	143	81	108	471	539	352
130	283	127	72	90	455	480	370
142	306	98	66	75	335	385	364
138	275	75	61	72	302	363	372
140	278	62	59	76	339	393	375
149	275	55	57	81	418	397	277
161	301	63	57	76	398	380	310
144	260	72	57	77	378	365	306
141	245	77	59	80	394	372	310
164	246	81	67	99	408	424	425
185	307	96	79	123	468	559	466
170	294	103	79	123	465	562	421
192	295	99	83	128	596	658	510
277	292	98	86	128	607	822	645
282	360	103	102	137	604	842	586
314	310	105	101	122	524	796	582
319	283	95	105	131	620	812	616
351	351	127	136	171	530	780	615
321	432	160	150	190	565	614	471
346	376	163	150	189	558	631	484
388	388	157	170	230	819	766	617
478	461	190	210	292	819	764	602
462	472	196	194	276	801	715	528
448	445	178	190	275	828	717	535
441	533	181	227	292	1063	681	668
431	634	221	235	296	946	417	544
355	627	201	239	276	892	372	545
402	587	195	261	300	898	397	624
404	632	218	275	301	906	471	643
444	600	226	252	282	641	428	492
391	491	201	250	278	540	449	519
383	502	213	242	272	602	475	506
374	601	215	241	261	834	694	631
398	578	188	233	265	877	729	619
343	538	187	228	260	868	731	648
340	522	194	268	303	920	738	641
371	501	210	301	328	920	769	662
331	410	201	303	338	731	562	502
299	342	213	330	383	751	526	495
281	412	199	325	393	786	576	480
296	446	176	286	353	734	574	474
240	403	130	227	302	727	517	479
242	403	118	211	277	723	535	467
245	433	150	190	285	649	530	472
264	389	179	199	282	598	471	473
237	359	182	184	258	581	434	421
244	361	190	186	266	514	432	366
373	366	225	258	372	581	471	376
417	345	203	242	331	548	401	420
405	327	179	237	332	582	365	384
405	318	172	242	337	556	358	378
440	311	178	264	372	549	591	451
347	276	162	246	303	504	573	507
312	319	156	243	286	639	640	558
317	348	175	243	270	611	691	571
333	348	178	254	282	623	827	595
349	359	176	236	262	700	755	656
383	357	166	178	224	776	766	617
394	351	177	179	278	657	743	529
395	325	190	196	304	650	720	538
382	327	194	181	291	914	782	561
325	315	193	175	264	907	753	442
301	329	177	165	275	859	809	389
283	348	164	145	208	825	852	400
288	358	132	111	186	969	959	438
342	403	171	140	190	804	844	569
336	411	181	142	207	804	806	583
316	413	202	136	177	775	754	581
331	353	199	140	185	866	680	573
357	364	204	139	183	747	649	530
360	398	182	109	186	747	665	402
369	460	170	92	172	685	699	364
347	481	159	104	173	746	693	377
326	494	191	118	182	695	715	451
325	494	189	146	177	800	622	498
321	489	186	157	167	723	543	446
388	453	209	161	157	729	553	466
431	467	222	159	153	668	516	548
423	475	238	163	141	624	462	569
401	528	242	152	143	411	479	513
384	503	249	138	141	405	481	510
324	595	245	147	169	435	574	582
281	561	285	184	203	567	585	550
336	614	334	188	210	538	579	469
335	582	371	178	197	515	513	467
321	595	377	190	221	614	555	578
435	702	432	203	228	590	465	622
644	827	529	171	201	438	441	588
694	853	537	166	189	463	449	589
724	866	566	168	214	659	575	717
810	947	570	162	218	657	568	651
786	899	586	133	193	678	660	536
631	820	531	133	197	750	730	563
598	844	592	133	199	796	749	615
615	889	549	134	172	661	719	463
662	856	547	125	140	568	833	498
689	800	498	166	149	573	738	570
766	799	466	202	217	507	747	694
750	738	348	209	239	449	738	668
764	721	375	214	243	444	729	711
653	690	376	214	235	440	578	750
712	711	366	182	220	374	561	702
626	696	374	134	148	307	452	563
719	717	350	104	120	236	440	565
736	668	308	106	124	238	482	648
762	705	303	135	167	255	570	562
734	712	300	170	183	253	572	541
799	797	359	360	265	249	574	526
826	766	367	385	282	273	695	503
770	777	369	387	281	269	626	399
780	712	389	379	266	258	549	428
765	746	413	367	256	254	531	424
934	793	432	195	200	255	588	458
854	815	454	164	166	303	536	544
941	891	480	180	239	316	649	504
929	937	521	208	259	305	639	462
920	981	637	291	322	308	640	472
742	930	591	300	318	310	610	461
827	1024	608	293	325	285	657	359
815	981	599	310	287	413	643	399
884	975	590	302	269	434	646	414
902	917	455	224	190	462	665	438
963	887	424	214	166	474	664	520
967	719	358	213	165	500	592	534
928	674	364	232	251	396	554	492
891	649	346	268	294	425	592	502
935	605	369	292	310	412	621	515
886	657	380	290	318	440	646	404
832	814	421	297	325	401	662	472
872	821	397	333	310	391	634	567
878	802	393	315	284	361	609	577
833	770	352	358	310	411	551	566
800	732	346	366	307	385	513	607
782	637	334	369	302	391	471	648
853	632	375	316	261	367	424	629
892	692	410	342	269	346	415	652
861	815	486	328	268	341	472	706
895	845	528	402	370	459	515	821
905	813	541	421	387	596	537	849
845	838	554	429	411	756	559	926
779	844	517	404	421	768	547	908
854	767	476	545	486	760	502	866
804	736	442	496	430	742	446	777
