0	1	2	3	4	5	6	7
187	166	141	117	139	690	614	196
195	156	142	113	143	573	532	188
171	159	149	111	131	440	475	133
178	167	154	107	141	730	600	184
173	118	133	127	149	789	646	186
164	116	131	154	151	801	639	189
207	119	158	169	152	836	652	184
216	121	146	163	141	830	646	193
198	112	148	168	128	724	545	137
249	120	151	153	124	703	497	147
298	134	143	127	126	697	495	145
268	135	111	128	150	654	535	168
273	133	122	157	161	641	620	235
295	140	134	154	159	511	605	243
246	124	131	162	161	471	605	234
191	116	142	161	167	517	628	236
200	112	142	153	142	514	533	217
205	133	131	127	137	458	410	143
173	133	110	122	149	413	383	121
175	139	102	104	138	386	376	164
167	132	83	105	124	371	338	160
157	131	75	98	124	363	353	156
135	108	80	83	115	366	358	145
128	83	66	81	75	368	333	147
115	83	65	84	65	397	303	103
114	87	64	78	66	334	351	109
106	86	60	69	55	349	304	102
86	83	54	83	66	386	263	98
93	85	58	93	74	362	287	100
108	68	57	95	81	295	299	92
104	53	55	91	81	274	238	75
94	48	55	93	84	297	218	57
110	56	62	105	98	304	293	86
198	90	60	130	134	306	311	114
278	98	74	135	151	299	335	135
308	127	86	134	150	373	357	175
313	129	90	138	157	383	373	208
360	133	93	161	173	345	382	219
343	125	99	150	168	336	561	230
372	134	116	185	169	462	567	239
357	131	133	228	194	442	587	217
392	245	193	289	218	474	624	216
369	293	207	289	220	528	663	207
347	306	215	333	230	626	529	190
308	340	207	313	225	578	559	192
451	426	218	318	251	557	625	271
448	394	184	316	240	541	613	354
433	361	187	312	228	546	533	350
437	354	191	314	227	498	596	347
528	320	187	328	233	465	616	371
440	229	219	300	199	467	526	323
416	214	231	274	198	466	482	204
418	222	224	295	205	477	497	210
535	277	237	280	192	440	493	297
550	285	243	273	190	433	433	274
541	252	192	276	179	481	498	281
545	235	160	286	187	525	532	289
607	242	203	263	182	477	529	286
553	239	250	210	163	438	560	218
408	228	257	220	182	479	586	193
420	225	259	252	201	586	642	197
437	236	272	222	179	542	740	203
422	254	258	228	191	532	786	212
364	232	210	236	214	557	713	184
366	239	198	230	188	614	695	176
330	245	195	189	173	490	618	145
338	239	181	184	198	457	581	175
253	207	158	185	189	479	570	208
240	152	136	230	180	559	590	214
239	138	139	221	183	479	598	225
316	168	139	218	182	452	636	242
296	166	142	208	191	454	648	234
277	155	157	185	187	461	614	200
289	172	159	120	183	408	590	203
337	190	212	109	183	406	590	228
303	163	214	143	207	444	542	239
284	161	218	172	191	451	428	222
291	205	221	217	214	489	430	216
294	233	246	229	222	435	426	206
395	229	212	227	218	408	513	236
374	223	217	224	189	431	608	229
373	225	214	242	183	445	585	217
375	220	220	218	147	350	574	218
374	192	190	202	132	345	583	234
376	178	173	209	137	520	566	306
377	183	178	195	166	508	435	305
387	196	187	165	155	484	498	315
389	248	235	215	167	519	553	327
378	241	253	287	189	588	589	325
206	251	263	293	187	488	591	218
316	284	279	306	171	456	623	202
338	276	275	306	188	479	590	196
437	206	230	267	191	438	602	202
457	222	207	202	197	493	572	209
459	231	205	221	203	477	509	197
414	208	225	223	222	504	529	229
402	208	227	238	233	633	551	226
317	212	219	272	247	645	531	242
292	216	238	275	221	524	534	234
293	205	282	314	247	651	559	236
278	199	265	322	236	717	638	285
324	264	271	320	213	600	733	317
352	276	285	288	251	591	789	344
357	285	274	286	288	652	803	346
363	284	225	270	277	605	803	350
343	285	204	256	340	564	757	342
380	251	190	247	351	569	796	353
340	280	162	419	456	610	780	336
338	298	199	536	580	667	770	330
338	311	213	520	649	654	802	350
335	301	226	558	652	635	827	333
328	287	258	585	654	745	819	317
321	304	266	490	601	833	783	287
345	462	367	408	512	796	764	293
488	501	431	417	429	749	780	402
731	533	460	410	433	727	922	470
729	550	442	419	525	630	991	573
733	524	484	455	547	678	969	599
755	405	402	424	510	627	1086	636
708	366	350	409	513	624	1171	573
600	354	359	444	572	754	1046	517
630	356	433	561	647	873	1018	492
630	359	394	585	679	794	1122	483
596	310	395	596	710	788	1025	434
554	283	375	608	782	820	1032	464
392	285	339	662	732	773	1042	451
243	263	253	568	610	618	897	323
275	263	240	519	527	569	839	323
448	267	245	539	516	661	961	368
472	266	240	530	419	660	861	364
487	263	273	392	387	581	840	364
507	254	294	350	377	597	931	388
485	243	297	353	440	653	884	400
350	240	279	325	428	700	794	360
358	312	316	354	402	683	818	345
443	301	307	342	449	675	899	348
461	286	284	339	454	662	1033	402
470	284	293	340	465	563	1012	362
496	347	391	391	478	365	973	399
460	291	364	443	536	518	1010	377
378	298	360	572	578	581	979	387
326	299	353	588	619	567	805	341
484	300	346	594	598	563	867	394
462	216	256	569	604	575	892	365
470	218	261	515	555	480	757	341
469	162	215	373	524	460	704	319
507	243	308	340	469	462	638	297
521	260	300	374	459	467	688	306
583	275	273	327	428	462	784	303
587	264	271	400	443	360	794	315
575	261	283	397	433	266	794	312
568	217	193	407	461	260	837	322
421	184	202	410	439	298	821	245
297	163	231	490	488	384	781	267
296	164	243	562	603	388	782	270
309	176	257	618	620	384	815	264
260	130	249	625	665	369	850	239
387	139	251	597	701	417	850	305
422	142	254	683	743	383	950	296
412	150	252	621	653	382	952	285
409	137	227	565	597	387	927	311
407	137	223	555	561	449	1063	330
285	129	206	546	530	431	1067	327
287	140	196	351	450	419	1020	403
280	134	202	326	456	426	1021	399
305	133	211	351	459	513	1085	406
561	139	225	345	411	551	947	508
581	157	230	375	437	511	873	506
568	156	211	373	423	483	754	438
573	157	181	349	521	469	820	452
564	172	172	353	550	393	797	438
380	161	164	352	556	287	821	311
366	143	187	322	525	280	849	241
341	126	176	323	502	275	843	232
374	121	187	325	415	356	771	223
470	94	185	299	439	429	693	218
437	105	167	305	427	429	617	200
422	110	151	301	415	421	557	202
425	101	165	299	407	428	576	198
438	91	160	263	352	394	632	218
358	94	160	294	274	341	694	240
334	90	170	286	266	325	634	225
321	111	214	271	245	320	636	219
317	141	217	269	243	310	686	249
267	146	237	314	269	302	683	239
229	145	236	282	311	288	600	211
241	196	284	306	399	273	645	223
239	186	255	334	388	284	671	225
240	167	260	353	394	410	662	211
282	163	240	311	413	484	651	215
303	172	247	305	377	464	621	205
293	104	178	284	285	474	596	187
291	94	161	252	295	466	673	191
323	99	141	267	314	374	613	184
302	99	131	258	266	317	582	145
261	81	112	250	273	320	605	146
270	96	133	234	276	311	592	159
323	94	137	279	319	324	636	181
355	94	137	235	307	334	756	209
349	97	141	254	307	284	726	230
360	99	154	263	308	267	750	230
369	87	142	286	290	334	828	236
402	88	141	278	300	373	829	269
357	80	132	295	277	374	854	300
