0	1	2	3	4	5	6	7
349	348	860	642	215	215	424	291
348	334	847	675	255	232	409	276
322	361	915	797	289	232	383	223
328	353	949	810	300	217	418	208
340	329	977	822	291	206	436	235
325	304	1034	886	323	202	431	224
315	346	1043	925	360	191	484	216
373	342	987	817	355	202	482	239
380	352	971	789	357	207	453	262
362	355	925	816	376	241	454	257
352	370	913	798	375	235	476	246
375	384	992	886	367	243	412	259
326	385	1033	930	353	275	453	240
303	374	1013	988	357	286	480	220
287	372	1136	1027	342	263	455	193
263	368	1139	948	321	256	411	194
211	330	1027	792	267	260	430	175
213	332	1036	789	280	230	373	168
302	341	1108	719	249	212	319	172
376	349	985	635	272	253	403	185
413	372	930	741	298	297	451	197
422	409	964	756	289	283	426	200
430	416	993	814	291	268	425	195
396	447	954	828	298	274	442	193
349	455	999	889	277	254	355	177
387	437	1013	833	252	204	271	165
416	388	1003	838	252	191	244	141
402	365	865	751	221	189	267	153
406	308	909	823	243	192	256	154
421	348	921	805	237	156	243	147
367	390	879	809	249	154	247	149
323	379	818	793	255	184	294	155
363	366	956	858	285	221	342	158
351	379	879	745	252	212	361	149
319	342	837	674	238	206	429	149
326	266	836	593	212	198	428	188
