0	1	2	3	4	5	6	7
208	355	110	81	95	373	144	322
190	358	103	82	95	382	144	318
198	372	109	82	96	396	156	321
203	390	109	81	95	323	179	274
211	360	107	71	77	333	187	258
265	358	96	68	69	342	205	265
281	326	93	68	78	551	345	356
297	315	89	87	95	671	619	451
362	306	113	107	112	677	656	460
395	322	138	131	123	672	663	465
342	229	144	142	171	915	688	540
359	249	153	153	191	943	685	560
459	331	179	163	221	929	580	503
440	353	182	170	237	938	526	489
401	342	170	191	317	1038	580	521
433	402	177	195	315	891	565	455
457	419	184	200	309	750	508	383
360	401	156	186	290	810	387	368
328	413	139	174	276	911	397	363
351	420	147	146	190	797	315	332
333	468	158	174	159	788	299	387
282	454	142	162	161	816	367	451
260	418	156	184	164	704	357	461
262	401	157	183	156	645	370	460
236	385	157	169	137	634	359	464
243	253	128	134	139	557	403	451
247	277	153	193	187	611	355	383
297	350	160	179	181	648	356	484
301	345	163	178	179	546	328	474
295	359	148	193	194	554	318	473
261	369	153	207	215	634	277	441
247	397	173	179	201	590	266	512
224	349	156	184	209	525	236	411
197	335	151	183	212	603	247	403
279	337	157	169	212	740	303	443
323	385	157	144	189	713	278	436
337	329	113	118	155	687	256	334
315	327	117	107	163	863	376	317
322	352	133	139	169	833	401	332
286	420	140	137	151	707	363	228
260	397	155	140	164	799	384	224
265	397	151	141	167	877	467	299
263	413	153	136	151	699	377	321
260	415	144	104	143	660	346	302
222	316	129	103	141	668	346	304
211	285	108	101	137	627	323	443
192	324	120	85	131	506	192	412
185	349	136	81	113	500	182	404
182	341	132	85	126	507	268	441
186	341	132	78	139	608	300	469
208	361	143	80	127	489	298	341
188	345	139	88	115	479	293	323
210	354	132	89	117	522	292	322
342	451	164	88	123	545	308	347
447	482	203	104	116	421	292	367
455	467	204	114	150	402	277	372
462	506	213	116	160	401	283	377
455	460	203	119	162	419	300	377
439	425	203	144	176	410	292	392
352	400	182	134	169	394	273	350
326	453	173	137	144	382	281	345
324	438	172	133	139	448	298	359
324	466	193	133	141	397	296	440
242	432	189	110	111	381	201	378
229	447	209	130	119	393	194	387
238	455	241	124	125	435	185	399
243	497	268	130	133	492	151	407
241	564	280	152	139	470	155	326
313	574	303	162	142	455	154	310
345	599	296	149	133	451	155	381
383	677	322	169	150	435	162	467
389	652	299	185	160	278	166	475
416	655	281	179	158	259	147	490
359	694	262	170	153	231	158	500
384	678	253	175	159	247	212	468
445	605	210	153	159	273	244	430
449	612	207	125	138	304	238	401
496	600	289	137	140	309	237	375
518	574	294	151	147	374	265	443
535	676	307	154	145	399	249	402
484	670	308	182	132	381	214	372
490	653	328	188	132	355	223	368
471	633	277	170	142	364	290	376
476	619	267	162	147	343	303	414
421	504	263	173	154	350	312	435
408	504	249	187	159	334	335	421
415	530	239	250	169	338	329	432
354	489	227	251	160	345	290	436
356	512	218	268	174	384	267	342
376	528	210	278	192	347	272	396
380	549	213	287	195	346	250	430
354	596	219	234	195	344	294	458
352	594	213	295	263	346	307	447
405	573	222	304	260	257	301	472
383	556	237	293	257	322	296	433
377	531	245	266	256	368	332	396
449	515	245	327	262	364	337	457
449	583	253	304	245	396	304	488
367	559	246	296	240	514	442	483
356	556	225	292	281	735	552	485
413	534	232	294	299	794	574	484
489	461	212	228	346	957	579	452
507	401	196	223	343	977	608	453
523	412	196	211	338	925	540	425
526	420	227	235	318	761	425	407
467	409	198	228	317	734	436	411
315	388	208	242	270	531	411	368
385	342	205	212	244	495	382	382
380	297	200	207	249	594	359	385
375	264	163	189	237	570	362	391
382	260	165	182	211	564	329	426
410	266	141	178	220	578	333	415
325	295	174	211	239	571	327	374
303	315	168	207	233	463	332	411
303	370	182	209	225	494	316	402
334	404	189	210	229	508	302	404
280	403	189	187	201	482	283	386
301	443	178	141	150	466	275	372
