0	1	2	3	4	5	6	7
282	140	368	265	78	97	583	178
326	186	393	284	83	106	695	193
294	202	453	286	82	119	718	184
301	231	561	280	81	118	704	178
360	324	555	255	78	127	717	197
368	402	605	257	76	141	709	206
385	382	630	249	76	133	635	204
376	394	615	252	71	107	686	172
365	405	584	281	90	104	713	179
317	337	596	301	99	140	728	161
310	270	602	296	99	130	702	133
251	326	659	428	134	133	710	119
256	316	666	494	156	130	634	118
241	288	636	529	154	133	629	109
219	291	707	559	161	101	587	113
237	362	663	563	163	96	576	117
277	342	606	472	135	94	555	133
275	339	606	402	110	101	510	130
281	340	589	368	107	111	540	147
284	371	500	361	104	111	531	146
251	290	515	348	100	113	505	145
231	313	429	408	112	115	497	139
236	315	377	415	116	115	500	137
246	321	388	394	112	103	567	119
267	288	353	348	108	93	613	123
280	277	317	358	109	85	607	117
275	208	332	321	106	86	614	95
319	272	356	333	101	79	596	100
341	286	401	326	101	84	476	108
362	277	410	330	93	91	410	110
364	299	432	329	92	97	387	119
370	318	459	298	81	94	344	120
333	279	491	264	80	95	384	122
367	332	504	289	80	103	431	136
407	356	609	325	93	104	522	165
431	351	589	339	101	109	536	166
417	345	580	343	106	107	567	165
416	336	540	371	104	101	549	160
365	288	502	343	102	101	592	147
298	265	316	270	83	113	530	109
245	239	321	249	72	110	535	105
260	230	357	276	68	113	553	116
287	228	426	246	67	116	558	118
297	200	434	309	82	116	562	133
352	198	467	327	85	96	546	171
366	192	481	322	81	89	567	186
340	179	523	286	78	91	552	182
323	164	497	290	81	98	651	188
367	147	469	242	64	104	608	195
354	145	490	254	77	113	690	188
347	192	471	270	87	122	672	168
365	205	391	269	91	127	664	174
373	205	346	272	92	125	597	166
330	201	354	241	90	116	583	145
265	196	330	206	83	118	536	110
285	164	309	204	77	117	506	115
265	172	312	241	76	132	495	102
250	169	320	241	79	131	463	102
258	165	302	242	80	138	488	103
260	153	245	242	74	132	546	118
224	134	278	240	75	131	566	113
249	101	260	196	77	127	552	116
253	87	254	174	73	154	558	120
213	85	297	195	67	143	587	118
206	78	306	195	72	140	475	104
201	77	271	178	76	144	480	115
164	70	260	175	75	132	493	117
159	62	273	264	134	114	542	129
145	71	265	279	144	117	502	132
137	72	256	274	144	137	517	126
151	81	327	271	142	128	520	126
155	81	358	268	138	131	557	135
139	79	333	192	90	114	497	126
144	65	301	145	76	135	560	119
231	69	297	141	74	114	552	130
254	54	224	152	81	135	545	135
260	54	175	213	103	135	572	124
304	54	175	222	113	147	612	130
319	55	165	230	114	148	557	133
333	57	167	297	125	147	565	146
316	57	166	313	130	125	566	134
312	55	124	280	113	118	486	137
286	56	117	271	100	107	529	137
273	54	116	264	102	78	548	144
184	48	111	220	99	80	515	121
188	54	114	261	132	89	526	123
184	53	123	273	150	114	598	124
169	50	122	270	146	154	525	107
172	56	125	282	147	153	490	94
171	60	125	263	147	159	551	103
168	57	95	226	119	160	561	129
165	58	86	220	104	180	616	130
153	59	90	230	111	165	631	130
146	58	90	220	108	185	654	126
141	51	87	213	96	189	688	120
147	47	78	182	84	190	711	109
172	44	79	189	88	165	609	103
177	47	87	177	85	166	626	113
181	44	86	200	82	143	635	138
203	47	82	223	88	133	567	156
201	47	86	229	86	139	577	153
181	51	90	212	85	129	559	160
174	51	85	221	86	104	520	156
186	52	82	197	94	117	623	148
187	60	85	181	105	121	618	148
196	63	81	174	105	115	548	165
191	60	76	181	104	118	553	168
202	58	68	159	101	117	544	169
