0	1	2	3	4	5	6	7
278	366	136	102	113	611	278	300
274	370	138	95	114	522	205	243
309	453	152	95	111	426	155	241
300	455	149	91	109	392	146	242
243	386	127	80	93	387	136	252
237	407	135	66	85	398	131	274
241	408	133	63	81	400	116	328
240	356	143	61	74	328	107	320
245	385	190	68	68	318	110	331
251	411	190	67	67	324	124	370
261	387	175	71	77	319	138	375
264	379	182	73	76	391	138	338
240	376	169	73	80	373	138	326
205	331	148	77	93	365	138	313
194	299	155	78	96	373	134	273
182	288	153	69	83	372	115	302
170	308	152	69	88	275	119	298
132	290	153	72	96	230	111	296
131	278	132	57	83	235	145	309
121	265	115	52	78	265	149	363
154	294	118	58	85	252	195	363
186	300	116	70	93	259	205	361
193	284	105	72	86	269	234	435
194	320	119	73	89	374	239	460
216	336	116	71	88	365	240	418
245	355	127	70	82	357	199	378
242	374	124	59	67	341	193	367
234	388	134	50	60	436	187	311
231	380	110	49	62	418	163	350
216	400	118	52	61	410	156	341
189	370	108	52	64	429	169	366
181	330	97	54	70	483	179	505
173	286	86	59	73	397	151	498
207	260	87	59	66	358	145	450
214	250	87	60	73	345	147	458
189	239	78	56	69	359	146	504
168	234	78	56	68	300	118	391
169	231	74	53	64	314	124	371
141	207	67	58	64	268	114	360
121	150	61	53	52	337	117	375
116	152	59	52	56	426	160	423
130	174	63	50	56	430	175	417
132	201	68	53	61	416	181	427
143	247	67	47	62	442	186	473
143	243	60	58	70	432	245	553
143	242	61	58	67	336	221	463
163	283	71	57	63	317	216	438
165	278	64	53	60	343	212	435
135	233	60	56	59	471	249	407
135	235	58	50	53	457	184	283
130	244	59	51	51	437	180	278
90	172	41	49	47	439	185	287
86	167	76	54	60	491	223	344
89	159	83	50	60	367	191	371
85	166	88	46	58	341	200	355
103	161	89	50	61	357	220	373
111	170	94	51	61	375	215	430
144	187	72	47	49	283	197	400
158	196	66	45	45	250	184	350
159	189	66	48	51	260	198	348
153	195	64	50	54	267	205	355
146	206	58	48	55	240	205	284
131	198	57	49	56	227	178	241
113	185	53	50	56	228	181	252
137	199	43	46	52	247	160	272
139	184	49	47	46	319	150	288
146	173	55	46	48	348	146	317
147	180	56	45	45	343	150	318
161	207	62	49	47	424	169	327
142	193	62	50	49	446	193	328
133	201	57	42	48	386	161	265
137	222	52	42	44	368	159	224
118	199	50	44	47	405	157	280
98	178	59	44	50	336	136	281
109	202	58	43	47	282	84	256
120	218	60	42	47	269	89	272
105	189	58	41	48	257	110	287
103	193	66	39	46	358	132	276
119	202	62	36	42	358	130	251
107	175	62	36	40	346	139	260
98	140	58	36	41	346	144	252
110	180	64	38	41	374	132	293
107	180	58	40	46	354	143	274
105	174	53	37	47	364	164	276
109	174	54	38	46	372	167	267
108	171	56	38	46	412	161	294
97	181	58	41	52	413	178	268
108	188	76	36	45	318	162	256
107	192	77	36	43	295	140	257
109	198	77	36	43	336	130	316
127	227	81	36	41	336	138	290
163	269	79	34	36	341	122	263
161	269	96	35	40	339	113	263
155	270	111	40	38	388	123	278
160	270	126	39	43	353	123	235
193	345	148	50	48	303	115	237
167	299	147	49	49	278	114	264
167	289	130	48	50	289	113	253
167	292	120	43	51	219	97	231
167	300	150	45	49	248	102	293
128	220	170	39	47	299	109	306
157	245	195	41	45	311	109	293
164	325	202	49	46	360	238	401
190	440	230	63	59	378	293	430
201	466	214	63	56	355	301	437
346	604	225	68	67	427	341	498
415	724	299	79	77	555	402	600
452	824	338	79	79	628	388	613
485	983	517	123	97	663	542	780
540	1013	644	132	102	785	616	827
563	1054	705	197	152	825	677	890
591	1108	758	220	175	759	657	881
639	1112	761	238	202	832	706	935
676	1055	716	263	262	903	772	801
822	1153	679	311	343	903	812	841
859	1156	725	428	491	940	815	805
909	1111	820	516	584	1028	858	764
940	1142	906	576	676	1006	829	685
932	1111	972	632	712	1192	809	714
815	1180	1074	636	700	1217	788	651
821	1223	1137	589	621	1171	788	659
834	1222	1071	532	613	1199	755	726
778	1162	1093	502	527	1316	893	802
845	1211	1093	458	515	1150	806	857
860	1119	991	447	502	1051	764	831
758	970	855	398	471	1127	697	749
639	892	799	380	371	1104	699	700
643	868	709	322	347	934	487	571
546	697	539	245	227	838	418	434
454	524	479	213	208	851	379	397
451	499	437	197	216	814	373	406
413	460	400	151	199	826	420	387
331	395	277	144	176	766	397	412
224	424	280	168	224	767	371	401
217	386	229	151	216	752	349	362
193	396	223	147	203	606	343	350
186	430	230	163	198	352	219	289
179	409	234	174	208	420	205	193
164	348	203	145	155	417	192	164
134	444	243	142	146	395	175	154
134	458	228	135	143	413	165	169
144	431	219	117	137	603	157	291
146	411	224	109	122	584	180	390
156	423	234	104	118	573	175	389
156	329	205	88	112	596	174	408
150	271	219	88	114	636	168	408
129	290	225	87	103	466	137	327
162	354	217	90	108	383	93	224
171	354	206	86	107	382	101	234
171	366	195	81	92	375	113	222
177	392	174	85	89	533	182	220
193	386	188	84	93	558	190	204
158	345	181	65	74	548	178	180
144	333	191	61	72	575	176	183
145	318	178	59	86	722	173	211
188	372	182	53	79	594	110	208
240	409	176	52	76	567	93	207
242	398	197	54	84	587	104	198
235	396	203	59	86	604	106	195
248	396	206	65	74	444	103	154
242	341	203	62	73	387	82	144
178	285	190	66	68	378	83	158
176	289	180	67	58	392	78	192
176	280	183	64	53	392	77	180
188	389	253	61	53	349	69	171
156	365	250	58	51	352	69	166
185	380	253	50	54	376	74	153
186	369	236	48	57	355	76	148
192	396	263	53	64	354	94	179
195	293	192	45	61	354	102	179
201	293	187	47	62	353	103	177
187	282	175	53	66	419	120	193
183	292	178	54	66	415	115	168
182	276	105	49	60	365	106	210
158	340	114	56	58	348	111	211
152	353	121	61	69	355	112	223
132	354	152	59	75	332	112	234
132	378	149	56	76	325	124	235
139	422	162	53	78	306	119	174
135	415	153	56	79	304	113	183
131	399	160	56	79	374	132	225
145	387	136	58	68	345	123	220
172	397	161	66	74	375	121	223
157	357	156	70	74	369	116	221
153	345	168	71	94	570	134	242
148	358	185	70	88	594	119	211
157	388	187	68	89	596	113	193
154	373	181	65	84	570	99	186
154	345	190	69	83	582	109	201
149	310	181	68	67	452	91	170
226	326	165	64	68	356	83	158
307	338	160	63	65	317	94	203
453	404	157	69	71	465	297	406
610	472	176	80	89	491	397	493
660	516	207	89	87	447	505	562
644	506	219	129	135	618	598	651
619	473	222	146	204	844	750	689
581	444	218	158	248	872	818	663
490	398	213	173	254	896	798	617
454	349	195	202	297	1008	807	604
490	391	208	269	307	1260	977	654
538	611	272	285	304	1192	1071	641
478	597	277	296	287	1173	995	612
423	597	273	297	304	1259	1023	605
487	625	332	353	339	1212	1001	652
456	594	311	314	337	978	809	533
385	369	261	303	324	940	627	573
375	412	264	292	316	915	643	543
357	408	248	283	311	768	584	563
233	380	152	196	233	818	605	560
262	382	166	195	219	859	793	603
283	423	174	215	198	829	731	526
316	386	157	220	187	789	701	522
313	358	165	222	163	825	707	527
307	318	158	205	156	758	658	480
344	339	141	173	132	525	438	447
348	302	122	132	132	523	391	474
330	274	121	115	169	639	433	496
338	278	116	116	167	669	469	484
333	325	111	115	169	642	479	454
259	320	128	110	164	649	404	406
246	365	145	102	158	646	428	415
233	368	134	144	156	708	405	401
213	367	128	139	154	618	361	365
210	311	131	148	160	613	352	340
221	287	116	155	164	697	392	391
253	238	88	155	161	751	427	419
272	307	110	104	124	599	419	406
278	312	118	95	115	601	384	401
291	393	125	96	97	584	354	441
277	419	125	98	109	675	388	493
238	405	123	103	125	642	337	444
233	383	122	108	123	617	324	434
240	398	134	111	125	624	321	475
215	324	134	127	148	678	316	443
236	336	159	148	151	483	199	362
224	377	184	157	153	401	151	354
224	341	175	153	151	451	185	538
262	348	174	153	154	463	211	577
259	370	193	139	148	350	201	564
255	371	196	133	195	327	189	552
281	358	196	117	183	358	233	567
272	382	213	118	188	320	254	447
227	370	210	118	188	264	239	360
230	373	188	141	184	258	250	357
216	389	179	120	136	325	322	451
217	361	179	152	143	367	331	489
210	356	167	170	143	378	296	476
204	361	166	172	135	376	313	484
202	354	192	168	174	420	332	521
190	314	187	194	213	380	272	524
195	335	186	194	223	323	238	516
212	350	185	198	232	284	254	549
210	335	185	206	269	315	277	582
207	374	155	199	265	334	248	572
240	410	160	179	234	356	295	601
209	395	138	154	231	353	348	638
181	349	137	150	229	377	373	686
190	342	133	150	189	461	358	814
193	340	147	265	171	441	430	851
231	316	148	327	198	424	417	801
231	322	140	342	199	430	412	820
256	393	139	358	210	427	389	753
274	417	160	394	229	347	428	620
302	395	172	344	248	318	396	634
301	376	164	283	237	297	380	620
293	363	175	274	226	297	360	584
286	332	184	298	204	271	357	610
379	409	201	276	262	230	316	593
369	401	200	261	243	219	267	493
326	409	198	287	255	226	280	510
343	433	200	294	280	390	329	586
372	480	222	348	314	438	342	593
307	458	202	367	255	427	323	564
301	457	189	366	262	428	325	633
323	546	215	427	289	533	375	763
333	535	227	485	319	441	366	755
295	497	207	422	299	399	353	725
311	452	203	412	313	446	402	771
354	471	194	441	390	507	525	756
341	372	163	386	395	462	682	710
315	398	145	395	431	440	669	624
316	371	140	392	432	548	699	702
270	364	155	440	474	643	723	747
266	392	172	419	432	618	656	758
259	370	163	418	397	576	446	651
269	346	168	360	323	701	430	644
283	345	170	404	348	628	402	607
315	353	151	342	283	512	297	485
260	272	142	346	263	512	267	413
329	267	175	380	300	618	391	547
341	276	184	368	370	619	494	564
324	278	182	339	357	649	493	608
273	242	176	340	364	672	499	636
286	277	178	332	356	713	503	686
281	284	157	271	335	640	408	593
270	243	143	271	256	505	277	567
278	238	135	257	241	479	258	470
282	242	134	235	213	428	311	447
297	279	128	228	221	358	290	381
289	334	120	226	211	325	301	471
303	350	98	217	210	358	310	506
292	341	92	195	189	339	311	493
303	402	135	176	199	335	254	520
