0	1	2	3	4	5	6	7
334	260	763	513	132	85	403	104
350	236	739	526	136	84	304	90
374	233	730	510	130	97	354	88
386	274	759	536	139	96	370	97
403	287	683	450	117	99	365	96
326	289	616	397	107	100	354	92
324	298	661	371	104	124	368	87
325	291	675	347	98	113	350	94
309	272	555	347	81	108	341	85
273	299	523	326	80	104	422	89
298	330	537	319	77	112	483	97
291	346	498	328	72	79	489	101
270	349	486	300	72	74	481	90
337	327	430	254	78	75	485	99
336	344	409	264	79	77	429	97
318	302	386	294	80	78	365	93
311	267	376	304	84	86	345	88
305	263	405	316	89	94	332	90
222	273	434	302	82	100	322	82
190	193	445	273	77	99	330	83
190	217	465	257	79	90	296	80
161	208	460	226	75	81	287	81
150	209	413	215	68	77	265	82
178	230	429	205	69	83	276	100
207	279	436	239	72	85	235	96
217	279	436	224	64	91	302	110
219	284	438	243	60	91	330	110
213	290	417	282	72	99	344	105
237	254	401	285	69	83	352	84
226	212	378	270	67	82	422	85
212	188	326	264	68	79	451	81
212	182	324	250	72	82	456	95
205	167	395	194	57	64	467	93
177	149	397	217	59	68	461	102
175	131	413	205	55	80	411	105
173	133	410	197	64	111	416	95
193	149	421	231	64	110	425	84
207	152	388	289	75	112	410	89
187	154	381	281	80	112	449	82
171	145	381	315	88	106	446	82
174	142	393	327	83	73	372	83
139	121	376	306	84	77	332	79
128	115	359	249	75	76	344	80
141	112	334	239	68	73	296	83
143	113	296	191	58	78	311	79
139	113	300	197	65	76	306	75
146	117	288	204	64	76	316	73
138	101	254	203	66	78	320	72
119	91	239	193	65	76	303	65
128	82	234	181	63	66	277	66
141	76	170	146	55	63	297	72
137	61	181	145	55	58	286	77
133	60	171	173	73	79	277	72
118	57	180	172	75	101	304	68
130	60	187	176	74	98	288	69
130	66	216	176	75	99	264	59
124	62	224	146	77	100	249	50
121	63	227	103	57	85	248	49
122	67	220	107	57	65	281	59
101	67	207	94	61	65	294	56
82	58	189	85	58	67	293	59
84	58	212	87	57	87	361	68
96	60	206	93	60	91	373	75
94	56	203	90	56	85	343	67
87	52	205	83	55	91	342	62
90	52	205	85	61	104	347	64
95	55	207	119	56	90	295	66
91	53	208	130	56	81	240	61
108	53	206	130	58	85	241	62
117	56	204	135	56	85	268	67
115	57	201	137	51	67	285	76
112	63	144	112	52	63	274	66
105	63	132	99	52	61	320	70
105	65	135	99	57	67	320	73
102	60	135	94	63	84	306	73
112	65	119	90	62	85	306	62
110	55	85	83	65	85	323	64
117	56	82	82	60	85	321	62
118	56	92	78	55	84	338	64
111	64	93	78	49	60	322	59
101	61	96	71	50	59	303	56
102	61	105	77	52	68	401	64
96	65	101	68	52	74	378	61
75	62	87	68	52	71	357	55
77	59	83	66	55	83	365	61
74	54	77	69	59	94	476	65
70	53	52	54	55	93	380	58
75	50	51	59	59	93	395	66
74	54	52	64	62	92	391	66
