0	1	2	3	4	5	6	7
98	37	55	47	37	246	141	95
86	44	62	49	42	237	129	99
84	45	63	48	41	230	122	84
121	50	70	50	47	266	182	76
132	50	66	52	43	273	186	81
140	69	73	65	45	262	176	107
382	82	84	68	39	283	318	216
415	89	104	88	61	345	359	257
412	92	125	103	69	466	340	260
411	91	127	106	77	484	341	266
456	82	138	110	80	481	371	275
310	100	155	111	84	524	252	211
276	98	148	96	73	567	185	163
302	100	130	83	64	504	213	164
300	103	134	79	58	475	223	155
219	109	119	62	53	474	170	114
202	90	80	55	49	428	181	107
257	95	71	59	49	350	212	143
225	86	73	52	48	258	181	140
233	106	69	47	46	272	161	152
319	99	75	56	48	263	173	200
334	93	72	60	51	321	163	195
284	88	70	81	59	345	150	168
274	89	67	81	58	338	143	164
275	79	56	84	60	329	148	159
208	103	51	88	62	349	151	98
222	101	55	86	61	317	169	94
244	110	52	68	50	250	148	98
266	131	84	77	52	259	192	121
264	147	102	77	51	245	299	138
254	136	103	77	49	298	333	142
213	143	106	77	46	287	327	140
187	134	112	114	75	408	342	137
212	126	125	113	78	420	325	125
209	129	120	110	76	428	241	101
233	126	122	108	75	422	193	102
253	124	142	112	77	410	206	117
271	125	144	74	49	293	189	115
258	134	123	65	41	263	176	114
273	108	117	68	44	277	210	136
254	105	140	72	61	315	324	135
231	112	146	69	65	319	361	129
242	160	162	69	66	313	370	128
228	173	165	67	68	325	374	126
257	176	169	65	69	329	372	128
257	175	151	57	57	274	293	128
261	169	127	53	53	255	239	126
265	150	124	54	53	251	294	131
266	119	114	60	65	260	317	140
220	114	115	67	69	317	312	122
202	125	117	73	73	310	302	128
192	125	109	71	71	315	313	128
144	96	82	73	76	317	248	129
112	89	80	92	82	369	247	113
103	82	68	94	93	349	225	103
103	68	54	95	96	336	239	88
118	75	56	94	97	338	224	76
115	67	56	99	101	365	222	70
116	69	58	84	88	370	213	74
139	71	53	78	70	349	248	81
157	68	51	68	59	340	235	83
215	75	54	70	57	364	233	91
217	75	56	59	46	393	236	97
221	76	53	54	45	354	319	111
209	76	55	55	46	337	294	105
191	90	56	55	49	335	301	105
214	73	53	69	57	350	344	110
227	71	51	72	61	316	432	104
223	87	61	73	61	281	362	90
241	88	62	74	62	271	359	102
256	78	61	72	64	308	348	101
181	80	61	66	55	365	326	87
189	80	57	62	48	363	211	107
213	138	47	62	50	366	239	117
255	182	69	67	48	368	240	126
270	186	70	69	47	342	247	127
304	189	70	64	45	244	265	145
289	189	71	64	48	214	266	136
281	153	85	74	49	206	246	132
262	121	80	81	58	195	250	119
236	113	82	81	59	186	297	128
204	113	90	82	62	162	264	115
211	114	90	86	60	143	263	110
205	101	90	80	57	166	295	100
155	74	95	85	53	231	304	98
153	69	92	91	61	272	262	86
133	64	85	93	61	266	261	79
150	63	93	89	61	262	273	96
170	81	100	87	71	255	271	102
182	81	89	69	72	273	253	111
190	93	95	78	65	321	256	108
193	97	99	84	68	336	267	119
181	98	92	85	68	334	236	103
166	81	80	90	60	331	180	100
187	85	77	98	53	275	196	97
184	78	71	88	54	246	221	129
183	87	71	77	50	229	189	121
202	93	75	75	48	232	186	125
191	96	88	71	44	245	246	122
171	90	87	64	47	259	257	116
183	91	93	62	48	172	236	103
191	109	96	64	45	159	273	118
164	113	101	76	55	156	289	115
171	120	91	74	56	130	243	116
183	128	94	72	58	81	235	122
177	132	91	97	62	73	265	110
160	105	84	101	67	125	237	86
163	94	74	96	62	141	215	84
172	86	65	98	64	144	214	83
175	78	67	97	60	153	269	79
162	64	63	73	54	221	224	68
170	64	63	74	63	247	244	74
167	68	62	70	64	243	259	72
162	67	62	75	67	302	280	83
141	59	51	91	69	345	224	84
208	61	50	94	70	332	241	81
218	64	50	92	64	301	230	81
237	59	50	103	65	320	238	87
239	56	54	118	67	314	241	82
237	56	55	121	68	285	234	72
187	57	57	123	71	261	221	89
169	53	56	125	64	258	236	88
174	53	58	124	65	234	254	89
172	55	51	117	64	182	230	84
166	54	51	100	63	187	221	83
154	49	52	102	66	205	278	73
194	54	51	115	72	216	279	74
233	60	54	109	69	243	263	76
243	61	53	110	65	245	280	77
256	64	56	124	68	229	310	81
285	72	54	121	60	210	259	83
265	66	53	120	57	268	246	83
216	59	48	122	56	254	240	75
196	53	47	110	54	236	249	81
193	48	45	110	60	226	217	78
152	37	45	120	63	241	221	67
160	38	42	107	62	207	220	66
154	41	42	119	65	222	204	76
155	41	43	125	66	235	202	71
146	45	45	153	70	240	209	72
148	45	47	169	74	283	217	75
133	45	47	172	76	269	226	79
176	47	46	164	71	267	223	79
187	46	44	158	71	257	256	78
