0	1	2	3	4	5	6	7
111	125	51	46	34	186	153	71
124	128	50	41	31	155	130	73
110	131	51	39	29	183	146	68
114	131	59	41	29	200	125	68
113	90	59	43	32	200	116	67
113	67	69	44	32	201	138	68
110	62	77	51	35	220	154	66
110	59	79	56	35	190	130	53
116	57	75	57	39	169	138	59
119	52	81	72	39	158	149	58
122	52	75	80	43	184	129	65
118	47	66	78	43	196	110	68
116	45	64	75	42	191	143	70
104	41	60	73	40	184	137	65
94	46	51	65	38	201	124	67
70	46	47	56	34	201	127	57
70	49	53	57	35	178	133	54
94	48	52	57	39	186	85	62
93	48	68	55	41	183	70	65
90	41	74	47	43	173	96	63
91	40	72	41	43	215	122	70
85	34	67	38	40	225	142	68
67	42	67	37	37	222	147	70
71	42	51	44	34	226	161	70
90	45	40	45	32	246	175	69
99	42	38	45	30	198	161	59
99	45	39	44	34	177	153	61
131	49	67	64	37	183	182	75
169	75	95	71	37	220	182	84
180	79	95	68	36	199	192	92
183	80	95	68	36	202	212	103
192	82	96	68	36	192	223	112
183	79	80	52	34	194	232	100
229	67	43	37	39	203	350	156
250	62	52	57	44	226	360	166
435	79	72	63	49	245	352	235
495	90	74	67	56	259	353	261
500	89	113	68	55	271	341	264
473	131	137	78	54	243	219	232
468	139	140	66	50	244	257	223
321	134	142	62	45	235	258	152
214	131	150	65	37	224	247	94
204	154	139	73	36	197	237	85
214	135	127	62	31	198	241	85
221	133	136	68	31	180	231	112
192	130	129	69	33	161	234	105
192	140	122	63	31	171	240	101
178	117	102	53	31	170	250	98
163	101	94	61	35	158	245	109
138	94	73	54	36	186	280	95
137	93	71	55	36	211	301	91
145	77	73	61	38	216	292	96
151	76	76	70	42	217	282	102
174	103	71	62	42	215	285	94
174	104	68	65	40	219	239	92
198	104	60	63	42	194	226	96
223	102	53	61	41	198	226	96
237	106	55	61	40	197	241	90
258	77	84	66	41	196	294	97
259	76	87	61	41	180	322	89
240	76	92	61	39	177	336	101
227	120	140	81	43	152	360	119
242	128	159	80	43	152	384	125
234	133	156	80	40	183	411	148
259	135	158	86	47	239	484	160
266	143	191	87	51	242	479	153
263	115	168	77	53	248	469	143
245	102	149	71	52	276	454	140
210	94	145	71	57	273	401	112
165	99	170	75	54	205	258	99
221	99	145	73	48	205	233	111
252	114	156	62	46	226	306	123
262	117	157	61	51	226	335	133
271	118	153	59	53	253	352	129
271	112	124	51	54	252	342	121
232	104	107	48	55	253	345	119
296	86	84	51	55	273	295	131
309	107	93	52	49	251	338	131
303	109	120	57	51	234	319	136
298	117	132	58	48	260	316	137
322	117	132	68	54	356	405	138
238	114	129	67	55	345	463	116
202	99	139	80	67	350	424	103
209	96	126	82	64	373	420	106
222	89	123	79	65	368	435	114
193	87	127	78	67	394	392	157
211	83	128	83	67	414	322	168
241	84	109	71	59	409	296	174
234	78	93	67	59	372	302	167
257	80	80	73	64	376	324	175
242	79	82	68	64	405	426	164
208	73	73	64	64	376	440	151
175	72	70	75	65	374	435	144
189	73	73	77	63	372	500	154
205	74	86	73	60	373	480	142
204	85	88	85	60	278	364	101
206	96	92	88	65	279	334	96
203	91	100	82	60	286	343	96
187	96	100	102	68	293	248	104
131	89	83	102	65	296	239	141
127	81	68	93	61	225	210	137
126	77	70	88	53	208	190	138
117	82	65	84	52	201	185	136
109	76	62	97	63	233	179	130
84	74	72	106	71	205	160	85
109	76	95	107	70	190	199	87
108	64	93	106	70	201	299	95
120	50	90	110	71	222	309	115
155	58	105	78	53	194	316	127
162	61	109	63	42	177	373	131
165	65	97	63	51	175	368	136
200	77	98	64	54	165	369	150
194	79	97	61	54	141	368	146
175	82	80	61	53	115	358	131
171	87	74	69	58	116	302	130
151	82	66	63	48	115	335	137
110	76	70	67	47	95	282	122
214	81	74	63	44	80	323	116
237	88	100	60	49	68	330	129
237	84	99	53	39	59	362	126
248	84	100	59	42	63	470	129
260	96	103	57	38	55	468	126
200	101	109	61	46	49	431	121
197	110	100	64	44	56	433	116
198	115	102	59	46	67	436	113
195	119	103	77	50	71	280	95
182	114	99	86	56	77	311	102
171	111	100	84	51	82	377	121
152	90	86	81	50	79	372	123
151	80	85	84	49	69	336	121
134	81	85	70	49	67	352	126
140	74	80	57	55	61	318	117
170	74	70	82	65	69	266	108
197	79	70	95	73	121	330	121
229	83	63	93	74	126	326	128
231	77	58	90	71	126	297	119
240	72	56	97	69	152	326	118
225	63	52	90	71	200	314	116
189	51	50	81	65	197	238	84
163	55	62	117	85	208	246	74
164	56	63	126	88	211	329	96
164	60	63	120	83	216	302	99
165	59	65	119	81	197	327	99
189	64	62	124	75	176	366	108
205	55	48	95	62	167	361	107
210	54	45	85	60	164	315	95
228	61	46	86	60	160	302	92
219	61	43	85	52	133	279	78
202	60	44	73	55	138	233	77
178	63	48	77	45	137	260	87
210	59	48	80	55	150	269	94
177	50	49	86	66	127	283	94
177	49	46	95	68	119	263	98
172	45	47	105	77	112	271	89
169	42	41	101	78	144	276	85
153	46	41	99	70	135	236	91
167	53	43	98	61	128	231	89
180	56	45	82	59	129	242	85
194	61	45	74	49	139	326	96
213	60	48	71	47	127	310	93
186	63	48	75	54	123	327	78
172	57	46	70	52	172	350	83
156	55	45	74	49	173	379	95
144	67	51	83	49	163	322	91
126	68	57	97	60	142	344	96
151	65	62	102	55	140	327	114
163	66	60	101	58	89	312	112
170	67	59	102	60	139	303	102
170	51	50	96	61	146	286	98
169	48	44	88	51	142	254	91
147	47	36	75	49	170	274	64
120	46	38	78	44	170	256	62
146	43	43	92	51	187	235	71
149	46	45	92	49	199	238	73
151	47	45	90	48	202	324	78
174	55	45	90	46	178	309	76
