0	1	2	3	4	5	6	7
154	230	88	95	150	430	299	423
190	231	79	98	165	428	294	427
191	235	85	185	188	365	240	319
251	286	117	208	221	246	212	251
318	354	123	222	213	190	229	321
445	443	166	272	232	221	345	513
441	483	175	305	262	232	365	522
462	488	174	301	258	200	352	522
554	481	170	346	271	178	332	502
611	495	174	368	273	220	340	480
609	438	149	345	260	204	233	297
659	412	154	317	246	192	205	275
669	418	171	306	239	192	212	290
620	478	172	256	206	194	229	303
604	439	168	327	222	211	233	323
537	415	164	335	266	219	240	298
508	413	161	343	266	218	250	307
512	459	162	345	293	233	300	291
557	413	145	356	321	239	281	301
474	421	143	348	337	174	242	240
511	431	148	342	316	145	238	230
502	457	157	336	297	141	232	290
477	515	220	314	270	112	210	334
523	645	275	291	225	80	206	323
552	676	324	175	159	82	209	326
577	719	355	159	139	79	222	450
564	743	407	169	142	81	224	417
597	728	394	184	142	86	174	379
491	636	389	177	129	86	165	390
529	675	395	191	143	87	211	557
535	649	373	228	201	95	220	499
572	737	366	220	203	95	214	501
545	771	354	200	201	92	209	505
595	816	349	206	216	99	223	497
670	804	338	201	218	103	292	353
634	858	361	147	149	95	277	351
660	812	316	139	139	90	274	341
717	805	299	189	168	94	282	333
750	810	292	251	220	98	273	315
681	778	296	248	217	92	143	264
677	739	279	289	227	121	165	194
681	890	375	294	229	131	215	217
668	876	396	312	219	131	212	226
636	875	400	308	172	132	212	259
648	890	390	306	172	136	218	251
662	875	421	281	175	108	202	294
760	806	446	295	189	116	281	320
796	813	444	271	180	122	284	342
750	733	428	225	182	122	287	315
829	805	443	238	186	126	292	325
809	814	423	240	185	125	282	283
757	694	334	231	200	112	156	256
748	700	361	245	205	120	147	234
734	739	357	238	186	109	173	290
588	632	313	234	185	122	329	336
632	691	308	249	201	143	364	405
582	677	274	250	180	146	363	394
509	625	212	209	176	133	388	397
524	608	218	221	193	199	446	395
574	573	217	289	225	298	394	417
546	551	249	260	221	309	374	372
466	598	256	258	219	310	377	371
535	605	265	273	236	342	366	390
580	625	259	264	227	315	291	411
540	648	261	185	188	226	216	338
525	648	230	205	216	200	201	338
549	662	219	199	229	205	204	342
489	630	217	192	210	195	192	336
501	683	221	203	213	206	181	264
478	672	214	210	226	212	180	273
488	644	204	186	186	221	180	253
512	611	213	218	191	218	179	249
483	696	218	224	184	197	198	251
