0	1	2	3	4	5	6	7
70	112	144	93	36	25	23	27
95	139	175	115	37	26	23	27
135	158	191	130	44	27	22	29
153	177	184	130	47	31	23	29
157	185	197	131	53	34	23	28
182	180	203	144	53	32	25	36
227	169	180	129	53	33	25	41
207	163	159	119	54	33	27	41
209	153	193	121	53	32	26	41
220	176	217	131	52	34	28	45
204	197	227	133	53	36	26	41
179	231	241	184	67	40	28	36
186	267	246	180	62	40	27	34
185	283	265	194	66	39	29	33
197	275	280	195	66	38	27	34
202	324	307	202	70	38	28	35
181	322	351	176	61	34	25	34
181	309	369	189	64	35	25	39
225	309	342	171	59	35	25	40
253	303	318	160	55	32	27	36
258	230	311	167	50	30	27	35
253	218	270	163	49	33	25	38
256	198	275	215	56	36	25	33
226	170	274	220	56	34	25	34
169	174	295	222	58	35	24	33
159	177	263	211	61	36	22	34
168	155	263	216	57	30	25	33
164	140	235	156	50	26	24	35
165	144	261	153	46	28	22	34
176	161	222	147	46	31	26	37
191	150	224	139	41	32	26	39
179	148	208	193	55	34	24	39
213	193	252	219	57	34	25	39
240	207	231	217	60	35	25	43
232	193	233	219	58	32	24	42
240	189	235	227	57	32	24	40
252	190	251	210	48	33	25	45
218	161	232	196	47	36	26	45
170	164	270	195	47	36	26	42
214	194	279	199	48	36	25	52
218	201	288	192	53	37	26	55
207	213	351	173	51	35	27	52
227	216	362	172	51	33	25	50
284	220	336	201	54	35	30	56
260	188	334	203	57	34	31	50
253	181	324	202	53	32	31	47
305	172	288	203	52	31	30	48
298	169	271	196	55	31	33	52
248	139	270	168	53	30	28	48
252	175	280	175	51	36	29	48
239	188	305	180	50	37	30	48
182	178	260	149	48	36	28	46
171	162	237	142	46	37	27	44
200	164	233	166	49	35	28	44
200	125	220	164	51	27	23	40
199	104	206	167	60	31	21	42
194	107	210	165	62	31	22	40
193	111	236	170	60	27	21	39
225	138	298	177	57	30	20	43
212	171	315	202	71	38	23	45
238	171	303	199	67	37	26	47
232	165	294	197	65	36	25	46
229	173	288	200	64	37	25	49
159	147	228	215	75	36	25	41
204	123	252	200	65	29	26	46
187	115	240	195	63	26	25	41
184	125	240	196	64	26	26	42
184	122	221	191	65	26	26	38
200	168	227	141	52	25	27	45
165	162	207	158	54	26	26	40
161	190	270	203	58	28	29	46
189	211	280	221	57	29	30	46
191	206	281	219	55	30	31	47
180	176	281	230	53	30	30	41
172	188	259	229	50	27	31	40
166	176	207	206	47	28	29	41
204	149	192	212	50	29	29	42
205	154	200	208	52	28	27	43
212	152	181	193	51	30	30	46
228	125	181	170	44	29	27	48
228	115	214	165	41	27	27	49
234	161	207	129	38	27	25	48
256	174	205	131	41	29	26	52
249	172	203	128	43	50	31	53
237	174	186	104	40	64	31	55
261	172	124	72	42	71	33	55
210	136	126	75	41	72	33	58
221	143	107	70	39	129	37	57
253	171	155	104	41	125	42	85
258	181	153	109	46	154	46	90
226	188	167	121	42	193	46	87
257	183	174	131	48	199	52	104
229	157	194	132	45	172	49	109
190	124	178	109	44	177	43	88
204	130	185	114	43	156	49	103
278	123	182	114	44	104	47	105
255	130	186	107	37	95	43	111
279	144	164	105	42	93	65	115
279	156	141	102	42	88	86	119
262	137	130	98	65	435	153	124
203	127	135	119	81	477	167	143
225	114	190	141	85	485	184	128
186	97	194	143	84	489	178	119
188	75	201	153	92	504	185	134
199	135	201	157	81	312	139	114
179	151	188	131	65	354	135	89
152	151	113	102	62	362	124	103
191	179	108	109	63	361	138	107
237	195	124	141	55	351	150	96
224	157	127	135	51	327	198	112
221	145	125	138	56	223	204	115
238	158	131	146	55	288	205	104
235	130	136	146	62	304	205	104
201	103	109	105	57	305	195	102
258	107	96	101	54	325	150	92
275	109	93	96	54	328	144	95
301	93	85	85	69	394	219	99
301	87	67	71	66	448	229	113
300	86	191	187	75	443	223	106
257	89	204	206	84	421	217	102
237	75	205	208	79	452	215	101
218	65	215	211	68	408	128	124
193	74	291	225	77	374	106	110
204	72	230	158	84	417	100	108
209	58	221	132	80	487	114	106
274	69	231	138	81	489	114	107
270	77	228	137	81	447	109	71
268	68	116	115	71	520	95	68
250	83	119	119	54	496	91	67
246	83	137	128	51	440	70	70
170	87	116	124	55	431	55	64
124	90	104	118	57	468	57	74
121	96	118	116	66	429	78	73
115	92	119	99	69	472	151	73
101	100	101	86	70	509	163	67
126	106	108	88	68	481	166	78
126	100	107	89	71	569	181	74
128	105	92	86	64	543	180	77
146	101	83	89	68	506	133	77
167	105	186	110	70	519	184	108
159	107	195	113	81	618	198	110
159	112	204	117	80	503	191	105
173	114	205	120	77	469	186	124
185	111	206	111	69	463	183	126
179	99	141	101	72	417	132	113
167	81	142	106	62	301	102	105
169	79	147	110	59	289	87	107
157	100	179	124	64	307	94	87
159	99	179	122	66	308	113	90
150	98	160	114	59	285	100	72
151	98	143	100	62	377	102	82
139	103	130	89	62	439	104	76
133	78	81	62	60	452	106	76
107	86	82	60	57	456	83	78
108	92	94	71	75	549	109	83
107	105	104	83	73	472	156	75
112	99	104	109	78	453	177	84
117	94	99	114	77	430	187	85
155	95	97	119	85	454	193	88
170	155	118	139	97	363	201	91
178	177	165	160	119	579	190	90
223	191	170	161	144	596	210	103
