0	1	2	3	4	5	6	7
258	439	232	123	162	610	471	421
259	472	292	133	171	735	490	482
257	522	298	130	155	661	427	443
262	604	294	141	168	633	376	441
273	664	327	148	171	688	377	436
268	662	313	147	156	759	344	404
279	676	253	148	143	612	237	218
269	710	265	144	143	538	162	196
244	675	268	136	136	537	181	260
220	606	204	126	139	621	293	381
246	637	201	99	128	587	416	406
206	576	198	84	126	561	418	415
197	598	229	89	124	558	422	420
198	587	229	88	115	598	417	373
207	585	223	80	100	627	373	346
202	578	225	82	95	586	235	338
222	585	219	84	99	584	211	323
212	474	160	78	92	685	210	355
215	469	135	74	99	660	241	376
237	607	156	77	102	494	216	290
216	584	149	76	102	457	205	277
212	588	149	80	100	493	270	448
221	552	145	81	103	403	283	453
260	577	153	75	88	408	250	448
258	460	129	76	80	385	226	452
253	468	115	79	83	433	230	462
235	468	112	71	82	470	241	324
225	504	106	64	76	456	285	282
201	546	128	73	72	428	307	265
173	555	135	72	77	461	331	267
169	556	156	68	76	480	359	282
188	605	165	65	69	495	312	259
227	682	180	70	71	457	265	269
216	635	169	87	84	464	256	326
208	594	157	83	74	492	254	318
213	631	149	84	76	466	246	292
233	659	159	83	77	380	242	302
206	553	138	79	74	372	232	289
186	515	130	49	54	419	245	355
203	533	130	50	58	361	256	452
205	520	118	46	53	311	224	453
184	419	99	57	69	297	258	445
163	440	108	62	73	315	349	454
189	452	98	63	72	313	348	390
226	462	102	67	79	317	462	281
252	433	105	69	80	330	521	439
262	391	105	71	84	560	663	542
313	350	104	73	102	691	767	569
382	491	159	172	153	669	883	567
391	462	163	178	165	745	888	591
385	422	159	180	169	871	945	608
384	508	178	194	201	783	852	562
425	651	205	225	260	687	751	555
374	617	184	195	245	862	632	559
399	663	201	202	238	828	546	556
545	770	245	217	244	693	432	428
597	810	245	206	222	675	419	374
548	729	230	175	153	666	397	341
571	715	227	154	156	676	415	353
586	720	233	143	180	694	503	317
465	674	196	137	199	694	467	301
404	586	194	144	197	706	484	313
449	600	218	154	202	749	476	372
441	588	223	157	205	522	440	359
411	672	207	166	199	443	357	370
522	635	230	163	186	552	339	378
532	640	225	155	180	648	403	399
508	651	229	164	174	598	481	477
492	645	234	166	181	623	498	533
472	532	246	194	187	642	482	548
330	616	233	193	191	655	544	552
342	675	232	197	202	636	562	604
329	656	198	181	203	654	505	537
333	679	186	174	187	617	482	487
381	669	166	134	170	690	520	491
394	572	161	155	178	589	468	496
423	500	147	147	165	494	391	403
418	488	145	149	165	461	363	353
397	404	134	146	174	646	397	408
389	369	125	136	170	679	390	423
421	479	122	110	160	703	392	418
385	468	113	112	163	689	381	412
378	436	111	116	168	717	382	471
415	437	117	115	160	728	347	431
375	461	111	114	160	612	272	396
318	357	91	104	154	589	248	388
276	346	116	117	174	683	293	449
315	383	123	108	161	732	390	442
299	489	119	99	151	600	388	451
283	497	121	100	151	602	390	482
279	474	116	94	146	619	417	538
312	533	135	116	154	638	501	542
335	531	130	109	153	619	468	506
324	448	126	121	169	586	459	520
375	416	136	134	187	590	502	575
383	420	142	136	177	665	560	628
433	343	103	105	148	597	506	674
389	294	97	109	150	509	552	683
384	275	101	123	192	521	582	691
333	281	85	119	174	569	561	627
350	367	92	129	207	470	525	528
285	331	89	127	205	402	497	407
280	363	122	129	204	408	410	486
279	480	140	146	192	395	385	535
278	534	148	142	190	289	400	582
265	491	147	136	154	307	517	606
449	671	184	144	152	279	499	662
511	660	180	145	149	266	510	631
508	576	163	107	85	275	560	671
517	539	158	116	126	266	600	636
520	532	156	126	150	246	724	623
387	293	134	129	175	332	875	637
322	273	121	138	191	362	885	637
350	345	143	153	207	355	860	542
336	326	150	151	195	356	856	517
342	339	164	170	255	480	692	648
285	342	160	176	266	568	546	626
268	369	170	171	264	617	521	591
213	320	161	195	255	614	495	545
198	309	188	270	313	627	482	548
130	293	193	304	294	547	473	460
147	303	188	309	279	452	432	437
197	326	177	308	273	357	439	467
204	310	167	285	280	361	501	569
265	341	147	226	218	344	549	579
370	471	181	158	165	299	532	528
386	519	191	137	169	197	512	515
403	508	201	129	161	205	509	519
404	524	210	139	164	215	455	506
399	571	209	111	146	197	374	535
363	572	179	92	137	182	339	522
342	535	176	87	115	171	336	517
303	531	168	104	142	166	413	603
312	537	159	122	138	209	729	719
340	531	152	137	144	219	714	704
308	433	131	139	162	212	712	738
311	416	117	144	183	259	764	869
319	411	114	136	174	255	774	808
349	480	131	116	160	194	488	656
338	528	131	95	155	182	489	659
354	556	150	102	146	190	518	696
379	683	172	134	150	114	445	583
505	898	252	172	154	105	344	587
521	932	296	215	157	129	367	790
623	1064	420	238	207	192	363	839
646	1131	478	290	336	190	362	800
658	1104	510	343	343	201	396	838
575	952	483	342	380	215	468	952
587	947	459	322	412	379	525	908
594	851	393	332	494	377	545	932
669	784	326	331	429	375	550	963
659	747	277	299	429	377	527	953
684	812	291	284	393	371	496	879
674	789	293	277	359	191	468	772
550	662	234	252	259	153	458	719
415	621	228	267	292	263	443	761
477	688	239	230	296	274	540	715
448	578	210	249	413	278	511	704
431	573	199	375	487	295	477	705
438	657	201	409	469	322	561	663
445	787	198	376	454	308	640	641
369	790	179	380	495	314	578	605
430	885	216	403	405	317	581	548
431	905	230	306	329	300	575	549
442	860	222	314	336	368	663	662
506	868	231	302	321	422	648	612
527	944	255	295	232	411	645	611
