0	1	2	3	4	5	6	7
695	876	422	287	397	443	1138	417
661	792	409	269	343	319	1022	398
548	662	381	244	292	279	901	361
523	650	363	199	253	337	747	336
436	619	259	185	233	358	746	250
301	547	208	185	231	348	612	229
245	519	210	160	202	379	600	177
229	504	183	143	190	369	573	164
169	450	163	155	191	336	530	136
144	385	148	141	173	319	306	120
126	160	130	137	159	275	262	101
98	103	82	136	157	217	164	70
86	104	83	134	152	213	157	63
86	109	105	94	102	183	136	54
75	106	104	68	69	156	112	47
80	104	104	65	67	157	99	48
132	112	102	60	64	154	135	48
144	126	97	53	64	154	137	47
143	124	68	45	57	153	133	47
148	156	63	50	59	83	124	60
161	171	64	51	59	78	163	60
120	163	59	51	59	74	136	58
109	150	55	50	56	69	135	57
109	155	54	45	51	123	153	80
106	125	52	44	45	135	190	81
89	116	52	46	46	129	179	84
105	124	54	47	47	130	183	86
112	115	49	46	46	134	188	90
114	103	41	45	45	83	179	70
114	114	40	43	41	61	152	61
119	130	41	41	34	61	124	54
98	125	41	40	35	72	119	67
82	128	40	40	35	69	115	78
81	165	48	42	33	71	104	79
81	174	64	36	29	63	94	78
63	158	62	35	29	77	99	81
65	152	63	35	28	107	98	70
68	151	64	33	30	110	121	53
92	115	63	31	29	109	135	48
97	100	45	26	27	112	128	47
98	95	47	27	26	113	132	45
97	96	42	27	25	76	127	40
96	95	42	27	23	73	115	38
77	81	34	26	23	73	111	37
75	65	34	26	25	68	116	35
72	63	33	23	26	73	108	33
85	69	39	24	26	83	107	41
117	76	43	25	28	82	101	40
119	76	43	25	26	80	94	44
123	72	54	29	27	84	83	44
122	74	53	31	25	69	87	45
112	57	49	29	24	54	108	40
82	54	45	29	25	57	119	44
117	87	50	28	29	59	117	40
109	91	40	29	28	53	125	38
114	94	39	27	32	49	158	38
145	136	48	28	31	54	324	55
164	144	49	27	30	61	382	85
141	131	48	31	30	64	390	89
138	131	52	29	30	110	395	94
139	129	51	31	30	234	399	109
254	97	54	39	36	260	341	152
296	96	93	62	45	265	367	185
299	119	144	110	63	316	394	187
317	159	149	126	87	570	418	187
326	170	159	133	100	607	451	202
240	194	165	171	114	603	510	196
201	197	171	181	116	607	527	167
198	182	135	163	109	609	582	181
176	152	147	154	97	524	585	180
253	157	141	153	90	448	646	193
415	143	148	134	81	443	681	212
447	142	137	122	83	453	653	216
450	160	139	198	95	453	606	205
454	166	193	299	110	329	713	236
434	157	201	319	118	321	636	215
291	149	204	309	111	318	523	171
227	136	212	322	116	343	583	171
228	115	210	302	113	333	634	180
317	102	156	224	105	287	562	155
326	102	149	199	96	293	707	163
318	90	139	222	112	310	721	190
341	96	118	213	115	267	771	196
430	106	127	187	118	244	752	271
398	108	116	159	110	222	723	268
371	102	120	154	107	218	641	261
377	101	113	119	98	251	656	249
367	100	126	109	86	251	521	245
289	93	120	105	77	244	566	184
263	107	154	107	73	245	537	185
262	133	157	105	69	234	588	186
257	138	153	99	59	211	569	181
231	136	144	81	51	213	603	173
189	137	147	65	34	195	645	145
178	139	144	88	37	209	674	155
163	114	175	102	48	226	589	158
182	136	206	113	51	278	605	170
206	141	207	117	58	291	591	170
298	142	221	121	58	306	474	163
309	137	208	117	58	301	486	180
315	135	177	111	51	299	508	180
374	113	142	105	48	243	621	236
366	114	131	98	47	228	705	245
307	123	99	93	52	211	677	246
319	121	100	90	51	217	641	236
327	131	124	92	57	212	611	245
263	119	126	91	60	278	506	200
273	111	129	93	52	354	424	183
260	92	133	106	47	376	464	178
227	85	155	103	48	371	466	161
291	87	143	96	50	373	492	187
291	88	149	107	66	325	471	177
289	96	154	122	81	418	485	181
293	143	209	121	83	407	455	181
295	147	197	128	87	405	586	186
345	139	193	131	83	396	638	154
350	153	196	157	97	390	666	146
447	171	217	159	94	193	671	167
462	169	182	154	103	254	682	181
458	171	177	155	103	282	586	176
381	172	197	165	105	285	658	173
416	175	209	132	81	275	617	186
388	176	204	131	95	255	561	188
387	180	199	142	114	274	573	186
426	183	208	139	124	358	554	192
494	220	189	122	122	373	447	194
541	223	192	136	130	385	585	207
513	215	178	128	115	384	578	193
503	195	192	136	111	323	584	181
471	187	191	137	110	267	591	182
400	154	194	146	126	398	564	181
358	148	192	133	123	411	430	174
469	138	197	131	134	439	557	233
486	153	215	108	122	452	570	231
486	166	204	93	116	418	582	223
495	172	220	97	107	302	594	220
462	177	244	106	109	269	651	213
327	216	292	104	105	422	590	152
371	227	292	124	121	491	633	225
490	239	324	142	139	514	674	278
529	244	319	135	135	503	734	294
512	243	305	127	133	508	710	287
504	226	264	126	130	367	827	314
463	344	280	110	116	263	868	322
395	372	252	82	86	214	923	281
429	380	265	75	84	210	852	288
435	379	267	73	89	193	828	290
447	434	264	78	91	177	740	263
450	387	220	73	94	124	635	203
404	369	212	73	93	111	574	251
338	359	213	87	98	111	706	246
386	380	207	89	88	104	703	268
385	377	199	80	77	97	657	259
379	327	197	75	61	96	661	251
370	343	188	77	88	90	593	215
379	353	160	68	86	94	568	202
326	382	177	70	94	135	604	172
317	342	184	70	94	139	570	173
308	346	171	72	92	139	550	179
320	319	189	108	94	157	766	175
253	329	193	119	102	164	710	168
305	292	200	129	97	155	722	202
288	268	192	134	99	152	751	210
279	270	204	141	105	155	778	210
351	309	217	132	118	142	579	246
491	311	242	130	129	130	624	343
553	284	245	126	138	114	723	337
618	281	268	129	139	121	727	349
620	295	294	122	137	123	762	350
668	244	283	103	113	124	861	383
582	228	287	109	110	118	889	306
559	248	284	124	122	131	882	371
501	290	307	121	120	135	979	377
512	277	285	127	123	137	994	388
434	274	286	129	125	208	940	345
468	267	266	115	108	210	962	337
407	258	259	96	102	203	986	258
408	210	225	111	123	199	882	224
406	202	216	118	127	210	855	201
