0	1	2	3	4	5	6	7
372	305	621	382	81	114	497	287
412	299	552	458	111	115	480	318
422	285	550	449	115	106	439	327
367	340	586	456	121	113	413	301
372	320	557	439	119	120	467	294
383	337	611	437	124	165	627	305
394	337	620	346	114	169	688	270
421	379	620	347	115	176	695	238
451	339	572	360	108	166	705	268
477	343	578	354	111	158	704	261
509	319	614	399	120	119	594	273
478	329	614	391	127	177	615	306
499	278	627	427	166	216	670	347
492	291	662	436	179	231	666	338
499	327	629	486	185	240	687	346
519	324	573	446	178	254	706	374
623	290	586	454	171	229	716	391
656	300	548	436	140	200	761	431
716	297	531	385	119	182	739	413
698	292	549	306	118	192	697	430
690	304	562	315	134	184	689	428
594	315	547	335	133	176	626	403
572	316	562	428	159	188	633	362
497	298	543	449	177	187	635	367
601	332	520	464	167	157	632	344
577	398	475	475	159	147	582	296
580	445	531	463	171	157	611	279
567	444	542	410	158	136	530	297
550	463	580	463	148	133	503	276
501	446	642	485	164	187	588	297
519	384	681	481	166	196	640	311
544	339	668	498	151	194	618	311
493	372	719	489	143	201	598	252
524	370	660	430	159	211	779	306
550	418	663	441	158	183	856	304
538	442	704	524	162	188	885	314
517	462	701	509	161	188	872	316
589	458	675	511	156	191	883	311
573	510	755	536	145	184	741	259
627	484	729	540	141	175	580	248
655	473	686	527	153	166	517	225
759	445	699	560	170	198	742	238
743	435	716	550	171	189	842	238
785	372	740	534	162	191	841	270
798	306	783	499	152	204	869	273
786	430	798	450	143	236	932	309
735	471	797	497	127	197	802	305
744	634	775	521	152	210	726	307
714	683	702	520	159	225	791	287
621	688	658	532	157	209	765	284
613	658	757	576	165	181	706	240
647	667	808	628	177	194	754	316
665	607	771	667	180	195	759	371
645	546	764	723	200	194	690	365
606	538	847	758	230	225	709	370
660	521	772	768	226	229	801	390
602	488	713	739	233	248	739	376
523	378	756	846	250	234	695	308
523	440	799	814	231	217	687	301
537	460	695	813	212	189	725	285
522	417	832	840	211	174	567	281
481	455	915	820	191	160	551	201
488	453	904	672	142	153	637	218
597	415	886	672	156	236	842	265
591	400	903	747	174	269	847	314
554	468	782	724	209	263	844	335
539	434	734	688	218	253	830	335
570	443	825	837	255	253	741	327
626	524	905	889	280	261	610	317
646	552	1087	826	272	245	533	261
616	502	1124	784	240	248	590	205
684	517	1172	800	242	283	718	222
672	514	1137	771	265	302	728	245
563	399	1068	746	256	249	640	220
529	405	974	828	270	232	678	220
531	401	955	816	273	241	686	218
470	376	971	821	272	205	619	197
418	389	969	784	249	192	607	161
381	413	1035	812	242	189	596	159
462	378	1111	779	236	206	595	223
500	375	1168	820	234	201	621	229
496	409	1100	832	239	203	566	230
515	467	1120	774	197	189	575	236
510	468	1138	716	178	219	618	235
442	516	1033	657	180	217	545	200
385	522	984	622	187	206	454	182
389	513	984	629	198	208	435	171
419	434	1011	605	217	241	547	165
381	434	947	631	225	215	552	160
350	372	961	644	225	227	535	118
412	415	912	709	257	252	588	136
475	396	894	663	257	281	665	221
456	413	854	758	267	258	626	237
487	404	954	755	270	249	597	231
503	394	918	765	274	248	607	238
470	358	974	778	251	239	578	244
510	341	1028	864	246	188	521	223
526	325	1066	809	234	179	440	200
555	340	1068	801	229	178	427	210
567	371	1136	816	238	169	454	227
558	369	1135	823	249	176	466	230
458	371	1110	856	289	189	471	187
476	389	1141	956	319	211	467	201
426	382	1103	970	332	277	534	240
415	374	1075	971	318	266	539	230
405	377	1022	913	309	250	477	208
405	371	990	892	295	275	441	223
369	343	890	858	292	289	457	222
358	367	846	839	283	234	413	169
360	389	796	788	279	229	362	156
410	368	849	797	277	232	405	162
393	374	1064	746	240	200	380	140
366	395	1142	630	198	184	336	133
358	390	1155	685	200	182	329	140
