0	1	2	3	4	5	6	7
164	216	143	79	41	65	234	73
197	218	157	138	55	69	238	74
198	161	156	147	62	72	275	81
185	185	173	148	64	79	281	84
182	176	149	149	63	89	287	87
173	166	136	156	67	96	351	91
147	142	144	117	60	97	409	129
124	138	149	111	53	97	386	131
142	108	126	106	52	93	361	128
148	108	128	100	51	110	365	130
162	105	132	88	47	125	354	129
153	107	142	84	46	133	321	110
154	146	149	113	44	135	313	99
135	142	162	113	46	137	338	107
134	150	200	113	45	112	351	108
168	172	211	124	51	93	404	125
163	178	254	184	54	81	376	105
206	163	265	173	60	77	413	112
219	183	263	175	67	205	404	106
223	262	233	178	77	380	390	109
210	301	283	203	92	412	338	84
243	308	242	170	93	416	343	92
213	303	232	173	104	489	297	88
204	292	228	173	115	538	357	112
206	220	262	204	125	444	542	136
258	192	228	197	134	426	577	154
247	192	219	192	147	479	564	152
240	199	225	202	149	585	584	159
252	226	248	209	139	543	697	163
273	233	263	201	132	560	666	209
222	210	243	187	114	567	651	204
256	278	238	220	102	574	683	213
277	288	228	223	91	393	687	214
260	267	208	227	93	379	552	202
228	259	137	210	85	356	454	131
228	253	116	201	81	376	481	124
201	194	129	148	76	307	455	128
184	176	128	129	85	312	432	120
214	183	194	141	88	324	481	127
242	184	192	145	95	447	477	145
239	202	194	154	101	453	514	155
230	213	193	183	112	440	544	146
247	206	190	204	101	462	564	158
223	205	137	183	95	427	525	153
214	246	204	187	90	293	523	138
227	231	211	185	100	297	505	161
210	199	220	177	85	343	459	160
178	213	245	279	154	341	452	144
175	219	242	353	176	340	430	141
183	196	192	354	181	362	586	217
219	195	182	354	174	372	557	225
238	194	165	348	178	333	650	238
242	231	204	312	135	324	647	242
246	227	207	250	110	356	652	245
233	258	215	253	112	494	551	209
193	353	263	268	107	477	525	181
208	377	287	369	156	493	434	174
226	362	257	351	164	491	480	187
241	358	257	335	164	523	504	203
229	328	257	342	161	469	485	180
210	224	207	334	171	452	509	175
173	204	185	226	128	435	481	158
174	192	169	173	109	437	499	151
179	186	158	194	135	444	497	127
219	176	145	179	138	351	469	149
244	197	171	216	232	333	433	143
244	178	186	227	249	349	482	155
226	169	174	234	260	478	477	168
202	169	166	217	249	465	444	169
196	165	161	222	252	457	508	154
204	130	142	173	176	457	501	164
205	120	140	149	147	502	533	170
209	99	154	138	120	390	496	154
206	110	166	134	115	322	525	148
179	120	172	143	160	333	489	144
135	120	167	160	159	552	527	137
133	122	138	159	167	541	497	139
178	125	141	161	172	519	531	140
204	119	131	168	172	519	517	142
199	132	145	159	126	547	511	139
201	131	155	170	126	364	515	143
237	157	155	171	121	313	612	173
213	181	136	171	115	311	577	180
195	177	139	169	116	318	582	178
213	165	142	158	131	260	614	197
208	172	132	139	133	247	571	196
165	158	138	138	136	329	527	172
168	134	156	157	145	352	676	197
247	142	152	156	155	346	694	210
236	152	150	184	177	349	665	190
246	151	151	184	216	337	696	201
271	139	138	176	227	283	642	184
275	137	128	168	225	263	506	161
228	132	146	169	219	280	601	185
246	120	128	135	188	287	593	190
243	214	149	135	130	344	560	175
214	229	148	141	111	407	541	178
196	227	143	151	112	419	567	166
409	242	134	221	127	411	593	175
428	249	172	251	129	389	600	179
426	180	166	253	124	342	595	179
435	213	178	250	177	252	599	174
447	283	199	280	246	359	546	170
251	296	231	301	275	360	434	193
294	296	227	284	277	418	499	195
303	292	239	294	291	481	547	232
295	275	247	312	299	532	517	234
292	260	251	300	276	492	521	241
335	234	271	311	292	527	586	209
282	240	267	427	327	670	671	222
299	260	258	435	344	702	686	188
386	286	276	439	327	657	780	239
383	295	294	432	308	630	778	234
341	300	247	382	331	703	743	219
331	297	254	247	317	686	683	212
369	284	316	212	353	600	736	257
311	345	305	202	461	653	671	224
306	347	289	251	547	722	736	232
307	348	288	299	533	758	746	228
306	350	274	328	542	669	709	251
235	355	212	359	524	671	612	201
179	251	218	380	437	641	755	201
262	323	211	387	330	579	682	184
303	333	215	365	373	392	699	210
303	327	227	338	354	355	713	163
303	320	216	315	331	482	729	166
305	325	191	303	326	480	593	147
234	213	231	326	393	477	633	168
204	197	235	331	344	539	556	169
199	211	261	398	360	543	607	172
248	207	257	513	440	428	799	195
266	208	290	526	460	395	822	208
261	166	248	520	519	382	814	193
239	155	243	530	549	309	846	174
223	143	200	500	557	238	861	181
166	148	194	382	510	252	710	180
127	135	148	402	532	246	657	172
124	138	182	368	420	258	644	175
143	164	209	337	354	396	649	224
265	175	210	317	333	424	641	252
310	169	224	344	303	416	591	239
312	178	216	325	248	415	575	233
314	184	182	344	411	441	600	245
352	167	173	361	443	373	749	282
280	144	173	395	486	437	750	281
222	159	186	373	566	479	808	306
227	177	196	337	565	662	856	321
229	221	225	319	489	765	854	333
237	230	210	342	559	748	724	296
251	237	264	498	567	725	639	271
261	235	269	575	509	765	641	252
256	217	263	575	505	631	633	242
251	163	241	570	511	463	602	211
206	154	243	604	443	449	602	171
263	163	200	470	412	413	639	207
256	151	163	458	469	491	595	202
272	148	157	470	479	529	581	242
452	165	165	469	461	578	698	326
481	199	200	392	475	562	660	330
444	190	205	447	481	559	665	314
441	198	212	382	455	441	635	304
434	195	212	383	460	436	677	279
292	184	207	383	456	408	614	196
280	142	188	396	426	419	602	175
277	142	220	346	403	427	538	154
281	129	213	378	436	443	522	152
278	127	211	415	448	437	581	163
258	123	207	415	455	422	645	134
199	111	186	440	440	418	638	135
196	102	135	507	446	416	631	134
187	102	133	465	410	380	637	135
183	106	132	428	463	322	545	106
149	109	126	421	439	293	407	108
121	105	129	385	453	292	428	114
125	94	113	315	443	291	445	124
127	96	124	363	422	348	498	126
290	94	128	357	378	386	592	169
293	92	138	352	472	404	615	180
293	96	138	374	484	411	594	176
293	91	123	324	478	400	598	173
303	101	125	302	464	311	617	180
157	105	130	318	424	307	577	146
135	99	135	333	319	306	556	129
137	97	131	304	265	299	550	127
191	101	132	288	242	313	584	137
191	93	119	251	228	314	537	132
189	86	101	256	199	251	461	113
189	85	85	240	223	221	487	120
195	81	80	244	292	253	498	116
150	70	84	274	296	262	485	107
124	74	84	279	297	271	533	98
136	76	94	251	298	275	521	111
138	79	96	281	313	286	549	111
140	77	95	295	285	283	580	131
132	80	90	298	295	321	600	129
138	77	123	298	350	321	546	134
122	76	139	306	367	322	537	122
130	72	136	310	341	342	546	139
130	77	140	335	349	331	531	145
130	77	140	335	349	331	531	145
