0	1	2	3	4	5	6	7
308	378	199	118	160	583	419	240
301	504	206	110	143	579	409	237
294	516	204	106	132	605	411	247
277	458	163	103	127	557	402	263
255	607	163	116	140	503	315	328
304	727	171	119	143	417	257	318
265	662	160	122	152	413	257	334
244	640	168	108	131	444	263	334
233	648	169	105	127	482	277	320
244	531	163	113	127	496	257	207
204	377	148	120	135	474	244	201
193	330	139	126	145	508	269	307
208	389	116	129	156	465	300	327
219	415	110	134	164	422	277	311
217	399	121	130	174	348	239	309
173	382	109	123	167	363	245	314
171	380	110	108	151	544	369	234
220	363	108	106	141	540	344	213
230	325	117	113	156	524	345	208
211	302	101	98	139	523	347	218
211	289	95	88	136	607	339	247
211	300	100	99	156	498	225	217
151	252	100	103	154	495	216	208
124	244	88	96	143	483	223	209
126	246	89	101	138	514	232	225
122	244	85	105	144	433	234	181
149	275	79	101	128	329	166	158
146	262	70	100	128	316	163	159
132	244	70	96	112	385	168	195
134	236	71	91	120	478	157	195
140	235	73	86	115	464	145	199
116	167	69	89	119	485	142	200
116	140	66	83	124	550	157	250
117	145	65	78	121	545	138	255
199	273	74	75	113	449	154	249
218	270	80	74	108	423	173	244
214	269	79	66	94	402	177	273
226	326	96	73	92	334	177	257
238	346	100	83	99	291	215	228
220	286	91	88	101	254	210	245
234	285	85	87	99	298	235	345
246	319	92	93	130	495	403	419
265	303	91	87	133	509	433	424
270	346	96	87	140	550	427	427
278	320	93	95	188	749	493	490
344	451	131	113	216	792	504	496
419	452	148	169	248	743	412	418
434	444	158	196	258	861	425	446
446	441	180	221	269	916	461	458
497	565	202	258	298	836	455	418
463	576	216	292	344	836	426	374
399	564	207	267	328	970	519	481
383	600	202	277	374	983	551	484
431	730	191	279	384	909	547	487
352	694	177	261	362	916	538	465
326	612	150	246	324	944	569	491
334	703	161	266	321	782	621	417
403	735	177	264	277	631	738	474
352	636	191	283	298	669	730	479
340	592	195	284	289	627	710	468
336	613	187	266	274	681	690	414
334	593	179	258	283	803	598	396
235	532	156	233	273	855	382	256
256	487	132	190	248	1004	425	209
296	479	123	176	252	1029	475	231
305	453	125	175	279	989	511	224
304	343	138	159	303	1010	523	282
301	338	142	157	298	1108	646	361
264	298	132	157	280	960	656	374
280	287	138	173	287	980	747	377
283	270	141	186	257	1053	743	416
277	236	135	189	226	971	704	463
321	264	143	211	257	839	612	424
324	339	141	205	257	858	615	444
292	340	130	204	245	830	533	475
277	339	120	192	246	667	504	455
262	338	102	181	242	650	519	357
188	263	81	168	232	735	612	340
203	138	95	222	249	755	740	348
301	224	107	211	253	728	735	345
320	235	104	210	253	716	790	326
330	243	108	219	255	822	804	331
341	248	119	211	230	731	788	412
332	265	119	157	201	679	684	384
230	196	103	149	179	650	643	327
229	190	108	166	205	824	614	483
237	186	102	154	185	714	607	497
218	223	89	148	185	667	568	426
200	194	76	148	227	712	629	433
191	178	93	166	272	917	815	469
162	178	90	148	244	761	784	337
144	198	96	148	248	758	795	313
150	157	128	183	260	849	896	342
143	155	129	182	236	854	913	345
203	206	120	168	195	634	768	288
210	210	127	159	200	654	793	302
261	226	132	163	190	753	905	351
256	235	105	149	200	736	826	336
287	253	116	146	200	674	739	313
286	255	119	142	196	707	764	354
297	250	109	146	193	836	763	316
266	224	107	140	192	755	624	286
339	355	120	119	169	691	554	264
336	407	127	129	180	714	512	272
305	401	131	131	175	745	455	391
288	406	138	128	174	565	459	419
271	408	134	129	177	522	423	407
188	336	142	143	216	794	517	415
234	262	130	131	208	848	561	429
268	299	147	133	210	779	591	336
339	454	175	146	226	863	572	383
362	503	216	177	260	987	589	486
365	481	260	176	245	844	676	553
319	502	272	176	232	796	681	547
342	489	266	167	225	793	721	527
321	354	251	167	217	799	746	508
328	358	259	155	221	677	741	437
325	436	271	145	192	586	614	357
333	424	261	140	193	551	590	338
329	458	301	188	234	622	668	527
382	599	317	175	252	527	656	512
402	603	304	165	224	456	644	495
420	557	277	191	246	448	615	494
417	592	307	238	290	600	611	512
551	680	361	232	260	538	414	408
599	664	355	234	240	506	373	401
622	687	363	234	302	520	480	453
637	757	356	259	392	532	559	658
737	816	341	233	383	382	683	746
681	756	283	228	383	350	706	708
655	732	351	245	391	339	726	714
728	766	406	446	439	374	760	803
845	960	592	468	393	406	747	675
874	966	686	483	378	366	626	578
872	1026	745	488	378	356	597	561
878	1032	742	486	370	458	627	660
994	1003	716	331	316	448	575	540
930	922	603	327	298	432	522	535
871	877	518	415	401	427	517	547
945	932	471	497	576	420	551	557
921	961	497	593	653	330	545	503
734	1011	492	610	637	352	539	512
837	987	462	604	662	330	551	560
806	998	466	689	698	536	571	598
721	919	405	671	579	723	579	626
790	920	330	608	548	808	581	565
827	866	319	594	538	814	517	517
661	749	322	618	527	809	513	436
677	707	266	544	496	771	509	454
702	741	324	630	573	690	495	465
606	679	304	748	610	610	456	500
710	670	399	878	704	605	511	537
734	636	406	979	790	652	533	578
732	643	435	961	747	588	561	565
690	520	401	883	698	557	583	533
774	545	446	877	690	578	594	573
585	528	399	927	713	716	543	634
664	668	489	833	684	725	657	674
788	739	482	823	697	714	707	634
847	757	483	929	763	697	673	720
809	754	537	1048	880	755	670	759
869	761	526	945	893	596	689	817
858	757	459	940	898	568	551	763
865	689	469	1007	920	681	464	804
815	670	470	994	885	695	468	765
797	659	420	888	770	616	430	682
820	673	454	887	726	797	476	547
850	591	449	888	670	860	665	616
734	645	431	851	659	772	659	580
719	658	454	798	652	755	653	507
715	637	444	745	678	821	659	510
738	685	412	720	619	680	597	524
645	642	371	699	599	610	379	419
645	605	414	693	667	715	392	397
735	606	378	658	670	736	393	579
778	584	346	578	597	647	492	562
729	606	395	582	657	751	570	533
694	621	441	566	719	844	580	531
795	637	426	505	629	796	556	564
756	685	440	487	585	789	613	383
756	685	440	487	585	789	613	383
