0	1	2	3	4	5	6	7
242	188	250	176	59	125	219	127
233	161	268	195	65	127	228	135
245	172	237	159	65	139	231	150
237	167	239	146	57	131	149	134
218	162	286	169	63	115	148	135
221	152	242	170	65	108	158	131
217	138	226	160	63	124	160	129
194	113	250	165	57	107	169	112
241	151	266	171	63	97	237	141
234	151	213	177	62	101	249	131
231	162	259	196	61	99	269	130
233	158	278	198	64	84	274	129
235	179	281	190	63	105	297	126
166	159	325	198	64	109	251	94
158	162	328	195	61	105	239	92
171	149	312	175	61	109	244	111
157	204	352	180	57	103	300	105
188	208	432	211	62	90	354	103
210	273	411	234	64	77	371	113
305	294	448	257	70	75	371	125
343	314	443	264	75	68	366	145
364	293	430	261	74	97	343	175
358	284	331	237	69	89	276	180
445	270	351	252	79	92	255	188
416	277	311	218	83	107	305	191
383	279	315	219	92	136	364	188
391	464	357	238	98	118	375	160
426	479	378	262	118	129	379	163
458	477	337	225	114	145	395	230
437	499	330	224	111	140	435	241
511	519	351	349	128	140	432	250
564	487	276	363	131	147	447	277
586	535	278	355	115	140	437	308
554	526	295	373	115	124	429	264
575	508	349	375	116	124	346	255
543	492	375	284	91	99	272	274
535	420	505	394	98	90	200	272
513	441	528	399	103	87	223	250
463	480	549	396	102	95	225	250
483	488	541	397	96	94	242	253
474	484	587	436	99	91	298	214
474	465	490	464	118	100	334	194
446	378	607	504	126	98	326	168
431	316	708	533	125	97	337	153
390	285	749	577	141	126	519	198
391	294	788	564	164	166	705	207
357	335	860	563	161	165	717	213
407	352	791	596	167	222	855	236
411	397	833	749	200	267	1009	270
465	430	857	766	199	260	957	249
544	497	918	931	235	246	918	260
541	528	922	933	237	273	960	261
507	534	982	994	251	241	854	273
545	521	919	928	239	201	702	244
620	498	910	917	241	222	800	240
606	441	853	802	196	223	773	218
730	385	834	766	192	198	739	286
747	354	840	733	176	193	738	284
746	357	840	781	197	195	798	305
678	363	887	763	194	181	808	344
665	387	910	787	185	187	747	354
528	372	937	774	172	173	757	305
559	388	933	758	182	184	873	314
598	396	995	724	158	190	861	338
577	387	958	777	184	201	793	306
586	337	904	709	186	193	909	313
578	306	858	727	189	197	929	332
549	296	908	753	188	195	918	309
547	265	911	688	182	180	967	303
571	298	982	713	171	152	934	293
563	304	1003	725	170	143	826	285
552	335	1011	706	181	164	800	283
572	319	946	637	189	166	673	287
495	322	896	659	246	165	638	252
448	280	815	609	258	195	646	256
396	265	744	574	277	207	634	260
408	256	914	650	281	190	613	221
412	282	883	634	274	170	736	233
477	288	917	613	232	196	733	267
488	297	929	576	206	169	790	274
473	287	983	604	189	153	775	260
459	262	801	497	172	159	894	263
374	243	805	480	160	201	860	272
340	202	702	462	143	181	816	259
354	178	650	441	158	182	745	262
361	249	648	399	145	197	772	256
477	236	650	390	148	229	698	252
484	225	592	379	149	209	632	230
453	236	612	390	149	199	565	214
430	244	646	425	142	201	535	199
414	167	581	412	161	260	564	222
275	181	583	485	167	241	433	225
280	189	630	471	152	227	409	209
380	174	641	462	151	233	388	234
391	184	561	445	146	257	479	222
448	194	553	506	143	213	428	224
439	188	642	476	133	198	441	221
463	193	624	516	159	207	428	228
431	208	611	524	165	212	450	237
429	198	807	572	155	179	412	260
395	205	860	543	140	137	387	258
425	208	848	547	141	134	360	261
404	204	920	520	128	127	437	265
347	175	913	533	124	120	423	222
358	183	812	511	147	117	380	194
368	173	786	552	166	121	377	174
393	167	832	641	207	146	421	183
401	151	782	693	217	153	379	178
413	149	780	669	217	144	401	168
