0	1	2	3	4	5	6	7
538	382	504	291	89	118	426	362
527	484	498	281	85	142	474	332
416	517	454	304	106	134	479	207
408	589	439	350	112	133	536	181
420	558	423	363	117	143	537	192
390	568	432	364	113	154	598	190
413	489	460	357	118	135	566	207
424	458	578	322	101	137	638	212
444	334	561	279	84	140	581	244
425	305	572	258	78	125	550	260
443	280	605	316	81	97	513	251
471	316	533	368	84	95	559	254
488	334	413	382	91	108	481	279
630	331	408	384	105	110	461	293
660	347	536	525	139	106	454	290
679	331	561	584	157	120	462	307
642	303	643	593	169	159	418	286
662	305	693	587	171	159	482	281
547	290	835	651	176	157	569	254
567	297	800	678	178	168	608	260
625	314	785	618	170	162	624	259
652	319	768	607	166	132	696	279
646	305	870	648	166	126	669	263
633	321	825	598	165	131	691	272
673	308	824	459	156	133	666	271
615	319	828	556	175	153	650	273
587	323	904	671	209	158	635	249
652	301	785	690	221	156	605	245
681	314	762	749	225	167	493	225
661	302	835	763	216	160	487	213
689	306	876	773	213	138	449	191
698	351	785	719	182	128	358	209
607	369	808	685	165	123	494	213
560	356	876	693	181	113	546	206
493	358	879	716	196	129	552	193
503	327	827	646	184	128	547	194
481	298	898	590	173	126	549	200
500	316	877	655	190	126	549	196
493	347	830	658	172	112	525	203
508	352	792	663	167	113	522	224
434	359	812	713	177	118	583	248
433	335	821	733	180	127	586	228
368	314	837	655	161	126	505	224
412	335	821	581	154	132	490	259
371	319	799	550	136	118	533	234
364	310	804	475	120	130	477	214
373	299	764	480	119	118	451	225
404	294	823	567	136	120	440	218
333	273	896	620	152	166	496	179
326	290	959	613	158	171	463	177
347	313	971	744	196	164	440	168
350	310	952	752	198	167	453	161
368	327	986	736	211	186	536	197
370	326	1025	887	254	149	473	203
369	325	985	930	256	138	503	207
431	311	993	835	230	142	551	212
416	379	1083	897	247	148	538	229
391	402	1025	938	248	128	440	219
411	369	887	790	197	118	470	209
410	359	894	715	187	136	406	218
322	347	902	691	176	128	345	225
368	267	862	610	154	121	348	216
391	206	836	605	163	126	345	201
380	206	879	603	169	134	316	204
381	239	827	766	220	139	311	198
428	257	834	812	239	168	415	209
436	275	764	807	255	191	423	220
424	302	871	868	291	200	461	229
473	304	878	942	318	204	438	230
487	306	925	898	316	209	461	228
440	295	872	921	320	217	409	203
416	287	947	945	319	212	411	198
418	260	872	861	290	204	380	209
367	248	928	810	266	233	407	221
403	208	868	804	262	229	395	232
433	215	981	807	277	208	339	227
446	226	930	856	284	196	300	238
433	203	925	901	296	208	452	226
449	210	920	947	308	195	440	229
382	209	961	920	291	179	433	227
383	202	834	897	275	169	459	228
383	169	755	789	252	180	485	200
370	163	792	694	206	158	337	189
361	182	760	611	195	128	316	156
386	186	740	566	193	128	303	142
414	176	717	524	194	155	266	147
412	213	780	631	222	152	227	155
459	208	808	644	225	153	246	155
456	178	739	585	201	150	255	169
541	172	696	565	190	162	276	208
501	205	777	687	204	147	293	201
467	176	727	618	184	143	290	189
455	179	677	671	206	154	345	190
439	189	674	672	212	162	371	171
315	205	798	697	214	150	388	99
311	178	798	582	187	139	373	104
313	177	800	592	178	129	404	140
273	174	755	498	149	119	366	137
287	195	826	616	189	120	340	150
