0	1	2	3	4	5	6	7
440	197	560	415	85	126	700	292
441	219	561	427	83	133	739	304
520	224	535	356	77	126	724	312
571	245	500	326	71	144	774	362
525	270	557	364	92	164	617	328
452	266	584	314	89	153	598	306
495	259	554	337	95	151	549	326
471	313	558	359	106	153	493	328
431	290	604	340	109	142	384	265
482	256	576	315	111	138	433	251
501	279	597	433	144	138	453	256
495	328	641	418	149	140	498	247
555	297	608	423	156	154	580	303
547	384	651	482	165	151	589	319
525	387	652	489	159	126	561	331
529	369	641	454	147	127	569	349
499	325	613	464	147	122	578	335
444	372	649	478	138	94	568	304
423	315	599	472	129	93	568	309
397	319	546	454	122	104	572	277
382	321	570	402	105	100	552	262
440	329	541	373	99	102	626	344
424	265	597	330	97	106	569	345
475	253	580	262	99	105	547	339
499	300	670	366	119	129	606	390
605	336	608	343	122	181	715	436
586	326	623	338	115	189	634	376
602	357	643	395	119	199	632	360
627	363	663	451	121	200	651	378
700	357	623	402	114	183	613	334
668	325	729	411	106	136	514	290
665	360	769	431	116	154	476	279
634	315	666	402	123	184	512	264
619	347	647	352	120	188	549	246
601	357	613	374	116	182	479	268
592	447	561	379	117	178	528	254
639	476	542	362	107	145	546	281
625	490	573	333	98	97	566	279
637	514	615	320	98	105	663	294
628	495	728	294	111	121	785	283
628	468	754	339	116	134	765	281
699	450	739	339	131	155	774	273
782	470	742	357	142	195	944	313
864	467	770	427	146	195	882	315
874	534	758	471	139	190	781	313
997	596	697	527	161	220	829	337
990	618	683	536	171	242	907	372
959	613	695	599	184	219	739	341
935	599	674	550	176	216	756	363
963	582	613	494	172	217	773	422
895	554	715	416	157	189	706	422
817	544	724	431	138	150	631	381
852	574	689	323	104	135	591	424
792	584	636	335	113	154	703	453
722	618	629	416	115	168	774	430
703	589	670	397	115	159	784	422
748	612	707	375	114	169	864	473
774	638	701	381	110	174	855	459
764	618	782	410	109	153	755	401
827	602	884	447	123	159	706	379
780	622	844	574	145	181	730	371
762	602	822	605	162	177	653	328
666	550	942	608	175	175	663	291
631	629	990	739	195	177	688	269
598	648	963	732	201	187	788	299
580	621	1023	740	195	173	789	319
572	606	1030	749	187	161	759	311
579	596	998	796	190	164	825	328
646	546	914	662	186	172	827	352
700	513	877	713	203	150	700	347
692	501	743	623	189	137	644	345
698	515	769	653	202	161	734	332
786	544	805	621	210	222	755	412
867	516	907	667	209	231	687	430
794	448	921	730	234	226	670	416
942	481	955	775	245	244	804	434
948	459	974	768	249	252	768	448
875	414	994	755	232	191	668	383
763	406	911	787	227	168	682	341
777	459	880	697	182	170	738	379
709	433	944	676	182	183	627	396
689	438	998	682	162	153	561	381
704	480	922	786	204	160	566	359
721	482	937	883	229	172	629	378
685	463	993	917	262	198	650	317
562	452	964	951	271	177	725	238
561	486	893	992	280	179	731	237
607	448	996	1021	282	181	723	246
610	428	1089	925	274	202	767	227
598	425	1156	902	258	188	701	226
582	410	1154	888	256	181	567	223
536	365	1325	895	274	193	565	226
471	374	1279	836	263	205	585	209
414	392	1221	796	246	180	470	191
385	365	1178	762	234	163	473	183
394	375	1194	756	220	181	546	194
517	358	1059	742	196	199	574	234
501	386	1040	710	191	188	550	235
492	369	1036	792	193	183	555	237
537	376	1000	838	192	195	588	238
566	366	1002	830	196	180	529	238
471	374	1055	905	245	157	493	186
478	335	999	913	244	153	505	195
487	329	1024	888	255	150	493	194
471	319	1064	894	267	148	432	197
423	358	1049	895	280	148	428	184
450	368	970	774	241	141	411	189
413	384	1038	786	236	155	379	185
401	412	1079	753	240	158	313	184
397	418	1051	720	227	150	301	167
407	397	1042	716	210	152	390	161
373	366	1004	742	213	145	357	171
363	343	1027	682	202	125	343	165
381	312	916	697	184	119	328	157
371	302	939	639	180	166	349	149
407	291	927	685	190	180	236	152
427	342	995	785	224	189	263	142
445	378	1054	915	251	200	284	155
439	370	1117	882	247	206	351	194
494	385	1106	957	288	180	362	225
496	389	1079	928	279	155	370	222
509	383	1062	818	249	139	355	209
506	355	1004	687	244	143	344	227
495	345	985	729	255	154	356	229
406	358	1067	749	217	143	320	203
336	347	1051	732	234	145	313	196
282	307	1027	728	228	148	346	200
288	295	1012	780	232	173	357	185
304	308	1167	829	228	166	285	148
333	284	1079	789	222	166	289	155
433	267	1103	835	253	222	394	266
468	253	1123	843	264	231	369	275
502	307	1068	921	290	212	360	272
