0	1	2	3	4	5	6	7
91	98	37	37	79	516	92	49
121	83	35	41	81	518	95	77
115	64	35	41	83	526	94	77
107	59	36	42	87	572	99	80
121	57	36	44	85	480	83	87
130	54	35	41	80	462	81	110
104	51	35	38	75	462	93	99
105	34	31	39	74	470	105	98
103	32	30	38	71	403	103	101
118	34	31	30	39	348	120	102
210	52	35	33	56	365	231	152
240	83	54	47	58	355	259	159
260	87	61	55	63	348	260	169
281	97	76	65	72	436	284	169
292	123	103	80	79	516	309	221
446	130	116	117	93	552	335	302
478	123	114	168	112	595	323	352
500	125	117	192	150	653	356	360
511	129	123	206	174	714	379	387
544	116	129	282	180	643	393	374
574	133	153	312	177	602	320	319
592	159	160	356	175	612	310	267
575	178	179	441	205	744	347	276
618	185	196	580	203	702	359	286
613	196	198	637	227	829	336	334
472	184	189	682	238	1003	345	306
401	157	189	673	241	1101	392	304
469	141	172	629	212	1032	401	294
523	131	163	542	200	1004	374	307
594	123	145	437	168	959	374	298
602	125	127	352	156	784	397	315
608	130	125	387	170	676	390	315
591	130	132	401	166	730	472	330
517	126	121	480	172	782	490	293
464	136	155	533	208	731	506	236
455	133	162	533	212	752	498	241
485	138	158	480	200	732	498	253
499	141	174	482	223	678	374	226
455	146	209	383	229	633	341	217
445	119	188	323	203	657	307	219
591	117	184	307	192	670	289	201
586	119	185	323	199	834	295	197
538	109	166	301	169	792	315	188
550	98	118	291	148	764	307	169
570	108	129	311	144	767	408	225
448	109	186	354	143	720	421	249
416	112	194	346	131	528	398	245
417	126	200	329	118	501	375	247
442	137	202	308	117	570	483	274
377	134	192	299	117	552	409	227
330	134	168	307	138	615	407	186
337	131	178	377	169	566	416	189
329	116	169	390	183	628	437	188
293	117	165	379	181	656	335	166
255	115	173	425	186	622	369	160
233	124	156	430	178	553	368	160
232	116	142	368	144	539	368	198
305	122	145	359	128	466	382	240
311	114	137	381	144	410	422	244
312	112	121	333	141	389	448	236
326	99	102	278	137	365	437	255
338	99	89	267	132	365	474	240
304	93	80	283	130	378	440	197
292	84	97	301	155	277	393	182
358	89	105	266	153	258	337	221
481	95	101	260	143	277	375	270
532	98	109	283	144	344	342	285
525	108	112	325	148	310	338	286
521	112	131	296	117	294	321	286
506	120	133	302	109	308	355	276
412	118	131	311	116	305	311	212
330	111	128	294	113	196	263	168
332	109	177	246	100	180	253	169
504	122	161	242	85	174	353	274
622	133	175	236	87	142	361	318
601	133	203	325	99	111	360	312
607	144	245	354	113	99	363	314
604	135	222	345	117	116	436	324
472	131	218	346	116	168	432	243
301	114	213	349	118	162	411	190
302	121	243	313	105	159	425	193
334	108	221	303	91	163	456	193
334	111	220	323	88	164	424	185
389	119	240	356	104	138	389	203
396	125	305	378	114	144	391	182
409	129	298	382	114	148	416	184
417	143	284	386	141	177	446	199
480	152	281	385	146	173	483	278
515	166	324	441	184	175	475	285
512	167	308	451	191	167	478	295
510	176	303	448	208	175	460	299
630	171	302	427	195	152	438	352
605	168	309	437	199	421	417	312
574	145	278	366	175	622	478	315
547	144	283	370	222	654	466	299
553	125	263	352	219	656	465	315
520	122	262	380	234	748	427	264
627	141	258	361	232	777	382	365
630	148	328	446	258	652	338	374
645	152	294	460	237	635	320	383
706	150	286	442	247	800	470	420
636	150	309	496	312	824	756	460
560	137	300	502	319	700	797	406
531	128	242	464	301	685	801	386
580	117	220	426	290	787	861	385
580	122	251	542	335	709	803	349
549	115	243	512	282	587	550	276
508	128	295	627	380	595	526	240
528	132	259	651	384	593	553	237
533	134	259	673	395	491	673	311
476	157	286	667	416	358	680	305
476	161	276	667	437	376	708	305
561	145	233	562	359	415	707	311
590	146	222	502	361	467	688	339
557	156	267	472	385	410	562	305
556	134	255	395	372	408	603	330
583	141	266	413	358	536	682	341
534	138	262	414	359	640	708	330
498	128	278	491	377	610	701	320
469	117	292	575	417	607	650	281
506	104	266	545	364	623	674	246
579	87	253	515	362	677	634	257
636	99	281	520	387	588	731	256
621	104	316	490	363	574	711	231
