0	1	2	3	4	5	6	7
154	158	83	42	43	61	95	52
161	171	91	41	45	79	84	57
190	139	90	42	43	132	98	98
194	137	90	42	43	139	93	105
187	133	86	40	43	145	107	104
192	132	88	40	43	163	105	106
188	101	75	40	38	160	103	105
117	86	60	34	28	124	88	68
123	83	56	41	36	117	86	69
131	116	55	42	37	111	69	70
134	119	55	43	36	95	59	66
140	116	62	42	36	76	57	65
138	115	59	45	36	81	75	69
134	125	60	40	30	118	107	71
135	96	58	40	32	165	114	79
150	109	56	39	32	161	111	83
139	108	46	38	31	215	113	83
143	121	42	34	32	214	110	85
181	118	41	41	43	205	99	75
172	113	53	42	43	174	101	65
163	91	51	44	44	196	107	72
164	92	50	45	44	134	104	71
165	70	55	44	45	165	111	69
113	54	52	36	39	208	136	79
115	47	41	33	37	208	136	74
111	52	41	35	38	207	141	68
132	103	50	39	39	213	159	73
136	108	45	39	39	226	166	75
176	112	47	39	37	204	168	107
199	116	48	40	42	242	175	113
196	114	45	43	43	241	204	118
202	74	37	41	44	265	204	121
205	106	42	45	44	263	191	119
201	107	38	44	46	257	191	94
242	108	40	45	44	246	216	104
267	120	41	41	42	235	187	107
261	118	41	42	41	216	175	102
263	92	34	39	41	230	179	104
247	112	37	41	38	232	172	101
207	112	36	43	36	216	187	84
201	101	43	42	39	221	193	69
196	99	47	40	40	234	194	77
185	95	47	36	39	232	195	76
176	64	46	39	35	242	201	70
153	59	47	45	36	255	161	75
110	52	40	46	35	282	148	73
113	69	35	47	35	282	153	60
123	107	37	50	46	257	160	63
127	116	40	49	47	233	149	69
164	116	45	50	49	222	183	75
172	118	53	54	51	238	190	84
191	110	58	62	53	236	198	99
187	69	59	68	51	235	223	103
219	111	67	69	54	248	224	99
226	126	62	66	56	321	201	102
237	131	62	67	59	358	212	105
228	130	58	64	56	345	231	94
233	132	55	66	56	358	272	88
217	92	49	64	55	378	280	94
196	71	49	66	51	323	289	84
184	60	42	67	43	239	293	76
187	58	45	65	46	241	274	79
179	53	43	56	38	222	209	79
175	45	38	58	44	207	231	97
167	37	38	55	46	198	243	114
172	39	37	54	45	204	247	116
162	38	36	52	45	203	297	130
167	37	37	55	47	226	303	133
174	39	37	54	47	245	279	118
187	47	37	56	48	255	286	107
193	46	40	48	48	251	317	109
190	57	40	46	49	247	306	100
197	57	39	43	47	239	311	97
178	56	39	45	47	269	321	95
169	51	39	48	43	271	331	92
190	53	44	56	48	277	309	98
197	44	43	59	51	326	295	90
195	45	42	57	51	371	313	95
203	50	44	52	46	336	305	111
201	49	43	44	46	319	279	109
180	46	34	38	42	332	273	98
171	46	33	37	42	321	255	102
154	48	41	42	45	304	213	107
152	40	38	42	46	378	227	101
187	43	40	42	44	387	274	110
168	42	39	40	45	369	258	112
171	38	39	40	41	390	258	106
191	39	31	36	37	386	282	114
196	42	37	39	38	309	298	108
154	39	34	40	38	306	266	98
148	35	35	38	36	307	284	97
140	37	35	42	38	267	283	95
116	32	34	42	36	217	297	82
102	26	27	40	34	205	276	86
116	26	28	39	36	191	253	90
135	32	30	42	36	188	274	94
165	37	29	48	35	206	271	101
187	39	31	48	40	203	294	95
222	43	30	48	38	212	313	93
224	48	34	49	37	248	425	103
215	45	30	48	36	246	396	99
207	43	33	39	38	251	406	99
195	41	34	40	33	252	383	103
157	39	35	40	34	242	356	96
135	37	34	38	33	232	200	88
138	45	46	44	36	240	235	95
114	42	43	49	41	233	240	92
102	45	44	50	45	235	271	91
159	43	44	51	45	226	271	97
189	43	43	54	50	217	283	93
191	35	33	54	51	218	317	91
211	38	36	48	52	218	297	92
218	39	35	45	50	208	271	96
183	40	35	49	50	203	274	91
155	39	34	47	51	243	270	89
163	38	35	43	49	260	197	89
154	36	32	41	40	233	225	84
145	35	29	42	42	235	190	78
140	33	31	44	45	245	192	86
150	32	31	49	38	240	218	90
149	35	33	55	41	214	261	82
140	37	35	56	43	195	246	83
161	34	36	60	40	233	288	89
183	40	40	59	40	244	294	85
183	39	40	60	42	228	311	84
185	40	38	57	39	225	278	82
196	41	39	56	35	237	278	96
176	40	39	51	37	218	255	88
151	34	33	44	34	216	255	85
142	37	32	43	31	237	213	93
160	34	31	43	32	247	211	103
158	33	33	49	37	233	244	94
211	34	35	52	39	275	265	94
218	38	37	52	43	282	275	98
236	34	37	46	44	247	300	87
227	33	36	43	43	252	377	84
233	35	35	38	40	268	354	97
193	33	32	44	40	246	341	93
178	30	30	46	36	222	333	89
186	34	31	47	41	210	354	101
184	35	34	46	42	190	274	95
162	34	31	44	40	199	268	78
161	38	31	32	36	163	241	76
178	39	34	31	36	189	256	82
176	36	32	29	27	192	203	68
184	54	37	30	28	221	213	68
184	55	40	31	28	198	260	76
179	60	38	32	30	184	275	90
167	70	37	31	30	171	253	85
143	72	38	32	35	177	245	84
113	71	33	32	40	162	229	98
102	71	34	32	41	178	204	93
106	68	38	32	39	181	182	80
116	110	39	29	41	216	175	76
108	112	42	28	39	205	156	74
130	117	47	26	37	242	188	91
215	167	68	34	38	255	247	119
231	206	83	41	43	321	532	134
266	277	114	46	46	355	654	159
283	406	133	52	51	392	830	178
349	445	160	70	60	394	916	220
418	471	192	76	66	424	1023	233
451	508	280	114	97	452	954	248
462	625	310	137	113	447	1005	244
485	621	361	165	130	516	1063	302
629	730	404	267	226	598	1079	338
732	898	512	297	259	652	1113	397
764	957	556	312	299	654	1209	431
884	1087	612	370	384	684	1255	457
992	1190	605	373	400	667	1168	564
1006	1319	693	364	413	593	1112	592
998	1384	679	370	408	523	1140	577
1021	1400	692	426	439	472	1059	566
1028	1267	674	404	389	461	967	585
971	1204	722	397	386	417	1005	521
1004	1118	701	366	361	444	1061	491
918	982	766	347	353	487	1042	475
916	1011	734	279	297	497	1034	477
810	983	730	245	279	613	1023	468
786	973	690	252	285	629	934	402
639	844	609	229	239	612	862	371
614	744	442	215	233	596	780	378
531	562	389	170	209	628	783	353
488	559	346	147	185	476	701	309
420	527	287	124	141	426	704	308
346	511	272	107	131	398	670	294
369	556	251	96	116	338	493	252
330	552	234	105	104	239	362	236
305	539	179	104	105	269	335	233
266	446	173	90	91	273	219	194
223	417	150	90	90	279	213	154
159	319	138	89	87	280	208	142
166	299	104	65	60	261	183	138
180	280	91	53	50	178	169	104
181	252	79	47	38	167	139	107
189	235	67	43	35	162	132	102
187	202	66	46	38	153	138	106
196	196	63	55	49	154	146	107
182	196	67	55	52	157	164	97
188	194	67	56	52	133	154	79
147	146	57	55	51	125	152	78
142	128	55	50	49	146	140	67
119	113	52	38	40	141	128	66
120	141	54	36	33	119	139	70
112	166	54	34	31	149	155	73
112	152	50	32	30	150	158	78
110	149	52	34	31	139	157	79
95	147	54	36	29	140	173	82
99	153	45	34	29	141	143	84
117	207	51	37	33	116	132	83
114	217	59	39	35	140	131	74
118	223	59	39	33	162	139	71
145	222	56	37	34	165	127	65
156	198	56	35	33	167	131	54
142	110	49	34	31	168	126	57
169	112	36	29	30	162	138	69
167	98	34	28	35	138	155	69
147	99	35	28	33	169	156	66
139	108	37	29	33	166	137	60
148	131	37	26	31	161	137	61
125	118	39	27	30	149	181	54
145	120	37	25	24	144	171	67
144	125	36	24	28	98	163	66
129	128	33	24	29	126	172	65
135	129	38	29	31	130	171	69
147	139	34	28	32	116	116	77
136	138	37	30	31	112	104	67
138	133	37	29	31	130	121	70
148	137	44	33	32	120	114	81
137	113	44	30	29	119	123	76
122	101	50	33	31	145	128	67
114	110	50	32	33	147	123	69
121	113	62	37	33	138	120	72
125	123	67	39	35	161	120	77
141	145	85	54	43	165	114	80
189	177	98	58	47	178	112	92
235	196	102	64	66	288	123	105
237	217	101	68	70	304	112	129
277	260	140	79	74	299	126	148
313	317	134	71	72	301	147	178
310	323	128	69	79	441	160	184
294	325	152	85	72	394	462	195
425	388	207	89	96	574	775	294
537	564	278	99	105	624	967	370
635	583	337	105	112	701	1102	471
715	607	402	189	179	622	1117	475
806	674	560	202	199	633	1079	485
792	647	585	219	200	489	942	433
734	525	560	213	198	436	762	376
664	485	531	212	194	321	569	243
573	508	490	153	136	319	549	225
456	427	293	134	107	299	479	208
380	422	218	105	94	449	392	219
371	373	185	109	102	524	458	255
400	365	186	123	109	548	485	252
392	277	220	150	103	565	489	266
421	249	223	174	107	561	482	290
449	222	198	170	96	436	495	277
439	218	192	171	91	345	494	228
399	186	195	167	94	409	490	211
437	162	151	150	97	433	518	216
385	150	155	120	87	439	532	170
421	148	179	160	104	452	505	170
397	117	187	157	101	439	443	164
367	110	187	164	101	386	578	161
340	100	172	150	100	404	603	143
334	92	154	146	100	399	588	132
224	98	132	109	81	382	614	120
220	86	135	128	100	418	719	135
350	89	109	130	112	407	676	172
455	97	110	171	121	418	675	206
531	134	114	191	135	426	780	241
636	139	146	205	148	432	890	281
712	151	151	199	137	581	929	337
692	148	181	260	137	576	907	331
630	157	219	257	131	516	877	320
600	164	223	250	119	521	829	306
557	165	207	263	107	625	862	281
499	156	194	277	112	500	758	233
459	176	183	222	95	507	755	224
488	169	145	198	88	505	855	217
454	144	141	188	87	518	846	204
423	133	131	163	105	421	728	231
417	127	136	131	94	380	720	232
440	100	127	118	94	336	877	266
435	104	143	130	96	337	842	258
437	92	134	137	94	284	918	259
451	106	136	154	80	227	918	308
427	116	152	153	79	192	944	296
388	127	171	157	73	195	813	260
393	120	158	146	73	207	784	296
410	117	159	142	75	223	713	306
357	106	169	105	66	201	706	257
335	97	162	121	74	196	651	256
452	101	145	172	81	180	625	322
431	97	151	188	91	162	690	298
405	105	175	196	93	147	662	295
420	118	199	215	102	174	784	285
489	130	199	208	105	199	796	318
415	126	201	154	101	196	790	260
433	127	198	159	91	196	770	271
514	138	185	177	87	195	802	314
514	130	179	170	77	171	690	315
563	129	173	167	65	172	715	344
582	118	160	173	63	172	712	349
593	120	225	151	60	171	625	351
590	135	234	139	57	161	581	328
622	133	209	122	63	158	540	331
589	157	225	138	70	139	655	275
576	159	253	137	68	132	716	276
599	177	221	137	70	120	740	273
601	168	211	119	70	120	711	259
595	196	245	125	66	132	759	246
572	172	243	111	66	131	683	231
581	176	222	112	82	153	701	225
537	153	193	116	91	155	744	219
480	153	199	108	100	171	865	239
521	194	259	109	101	159	869	245
501	208	286	173	148	162	896	268
645	211	316	194	164	291	852	349
679	219	324	206	191	301	881	387
698	220	326	227	217	331	888	381
655	159	258	227	222	342	923	372
641	153	238	187	204	352	898	381
529	178	191	173	269	307	931	354
486	199	205	205	268	324	955	332
455	204	192	188	250	296	872	333
434	198	190	234	354	327	836	394
470	195	177	303	380	374	829	380
401	172	190	367	412	348	786	359
391	164	192	421	462	342	736	379
457	152	221	660	602	443	773	371
491	154	233	706	584	516	780	317
560	163	248	694	610	497	811	375
550	155	326	714	653	492	871	346
628	134	380	797	725	541	869	358
588	144	365	631	640	509	955	371
563	166	378	572	642	431	923	379
588	239	398	605	603	400	853	393
635	255	382	568	613	425	895	413
546	255	327	385	508	365	888	355
561	248	367	490	601	362	815	385
550	271	389	521	658	346	820	370
467	234	365	484	692	353	816	309
455	220	319	505	625	320	688	319
584	231	329	571	654	350	698	370
567	241	309	664	623	271	598	319
579	209	291	679	543	324	667	317
636	174	279	702	576	461	864	325
626	192	290	704	666	468	931	346
516	197	269	677	651	434	870	314
535	212	268	534	685	443	903	340
562	238	276	518	690	403	877	398
609	257	285	493	666	262	761	422
614	256	288	454	564	250	675	390
631	258	296	438	536	246	667	376
626	248	300	441	470	303	783	366
686	223	292	480	579	558	773	346
550	202	287	473	607	616	840	287
526	190	276	507	595	608	831	279
515	176	264	499	592	666	966	289
603	184	237	490	594	751	899	301
661	195	205	407	507	587	871	258
684	197	209	388	440	520	745	242
690	199	208	342	477	531	749	236
737	205	244	373	510	474	674	251
748	187	258	367	497	372	606	289
619	179	289	440	456	371	566	289
609	182	328	487	490	372	597	301
613	178	326	483	458	360	692	309
554	156	301	446	446	363	636	286
473	145	289	410	431	247	630	220
470	131	269	330	437	234	678	211
429	116	205	277	410	210	784	200
415	121	218	258	410	255	726	219
494	121	212	265	374	213	704	236
452	136	255	261	331	207	748	236
421	137	281	257	325	229	735	225
482	154	286	238	281	256	600	265
554	149	283	268	293	439	690	244
518	157	302	256	346	454	720	224
492	145	285	247	313	459	656	205
496	137	240	251	300	461	660	205
464	110	234	252	319	510	649	158
399	95	212	294	292	387	531	186
332	77	188	302	221	379	462	178
341	72	154	294	216	381	513	191
365	69	167	293	212	412	627	244
347	60	159	412	183	356	633	227
269	103	158	362	173	301	609	190
246	136	164	357	144	293	606	190
237	156	156	395	187	309	651	226
233	157	128	413	181	373	630	206
378	165	161	298	177	390	667	244
422	150	202	320	217	403	668	255
425	137	209	368	235	431	708	263
468	114	211	372	259	497	694	240
474	113	226	360	278	442	703	244
472	111	226	410	300	408	652	240
473	103	245	422	289	422	735	243
493	86	233	372	279	417	853	255
468	86	243	372	246	327	810	246
452	86	277	494	327	302	730	223
328	102	292	526	327	340	825	210
277	132	252	505	311	344	756	288
436	146	249	506	312	344	621	428
492	163	260	528	342	357	638	476
498	174	292	450	275	350	650	491
