0	1	2	3	4	5	6	7
710	778	616	260	379	1188	801	495
707	823	644	259	376	1067	736	499
616	844	616	250	370	979	710	480
587	864	650	249	356	1071	779	488
439	784	716	215	333	1022	715	517
446	791	703	216	302	848	563	309
444	746	655	210	247	955	606	283
451	704	661	203	275	957	615	297
429	753	650	197	266	764	531	291
421	711	516	217	271	694	506	204
363	687	480	207	262	742	521	234
370	710	537	236	295	668	425	344
331	653	559	244	268	609	439	355
339	558	499	253	280	606	418	349
325	567	504	242	277	606	396	349
346	588	513	236	280	489	360	346
340	481	450	237	294	645	320	326
320	490	426	227	274	694	327	348
308	607	430	212	257	702	362	344
298	605	446	219	264	705	368	345
268	594	465	235	274	714	377	325
245	590	436	199	212	644	380	232
250	549	398	165	180	586	335	153
195	406	373	162	174	575	321	155
201	382	323	142	157	602	320	150
197	357	200	100	124	667	380	247
177	352	170	83	111	594	374	261
200	367	145	83	109	571	361	258
208	287	122	83	112	573	333	250
195	264	104	82	107	613	333	261
195	255	104	81	105	564	263	198
210	264	107	86	106	476	173	174
194	216	112	99	123	482	188	304
183	194	126	125	157	627	193	338
186	235	135	129	163	587	179	333
238	275	124	125	158	544	156	322
233	287	121	128	163	581	145	324
213	285	126	123	161	614	124	209
188	280	116	92	122	480	111	145
221	263	116	87	112	444	114	126
213	278	128	90	111	443	116	153
207	260	127	85	100	471	156	172
207	256	113	71	74	417	152	169
238	286	116	72	83	387	148	168
209	281	113	72	86	383	146	179
154	213	92	63	83	452	141	170
153	194	87	61	80	445	82	144
210	286	91	66	85	434	73	143
213	327	120	69	80	432	89	148
214	330	113	69	74	430	121	151
213	331	112	76	88	342	156	129
218	349	118	82	97	228	163	125
176	297	141	79	94	208	165	125
137	212	118	77	100	303	171	145
126	190	118	77	114	391	165	166
126	193	118	76	105	425	139	173
190	192	140	78	101	418	135	182
218	269	149	105	128	449	154	201
224	276	143	104	122	524	149	201
229	275	142	103	118	504	147	176
232	278	146	114	124	469	144	172
181	255	117	109	121	476	141	196
133	139	73	89	103	472	151	189
128	148	75	92	110	327	151	178
126	152	83	97	105	258	136	172
128	187	98	105	109	273	263	223
145	193	106	112	119	455	389	290
237	234	109	120	131	489	463	291
279	249	115	128	137	483	487	296
307	267	110	130	166	609	560	365
305	237	101	150	217	660	590	363
424	332	152	156	220	593	575	326
406	337	152	171	226	565	524	349
384	328	153	169	228	706	530	367
371	321	162	168	214	738	490	319
393	354	173	150	169	690	415	348
254	276	133	145	169	651	330	320
242	237	129	117	150	656	351	303
261	279	140	197	204	602	361	316
277	297	132	197	199	594	357	340
300	274	126	192	201	621	345	288
309	273	122	200	212	637	361	305
304	294	123	206	217	676	460	385
285	260	109	135	167	637	433	368
269	253	109	129	161	478	395	343
215	236	93	127	154	450	388	353
212	242	105	116	145	443	399	353
224	255	115	116	142	445	381	268
223	333	119	111	136	404	361	246
222	334	132	135	151	405	369	245
277	420	160	143	152	431	384	295
271	416	154	142	139	448	377	372
331	433	143	136	139	348	220	371
333	368	137	136	147	353	253	377
361	384	136	136	146	501	282	382
320	335	102	120	140	529	288	340
331	333	93	116	133	502	289	231
254	308	97	116	128	514	346	284
262	307	97	118	136	518	339	277
250	269	80	102	137	397	340	288
243	208	83	124	149	308	346	270
219	199	91	142	153	343	356	286
202	152	91	149	162	495	322	217
168	170	85	143	145	521	328	232
156	273	79	138	133	504	317	186
226	293	75	116	105	508	419	295
247	294	76	101	113	508	411	304
254	320	88	117	123	462	428	314
276	318	92	120	124	410	420	302
271	247	91	115	120	416	425	324
239	250	91	118	139	472	394	402
244	278	92	133	151	531	391	398
268	296	109	109	135	451	374	394
252	312	109	108	130	432	404	401
241	300	113	117	134	439	390	400
242	321	116	126	125	429	317	340
240	338	126	106	111	353	299	327
246	324	120	112	105	319	284	329
277	329	131	117	105	348	255	339
265	347	140	130	126	379	258	380
264	325	139	118	132	377	223	291
268	499	176	117	119	346	219	299
235	506	198	128	121	345	200	299
192	494	205	146	130	541	236	396
190	490	206	140	111	592	230	348
168	510	210	136	91	569	225	356
159	355	216	136	102	578	222	346
154	332	196	134	119	593	240	382
150	335	184	179	156	443	175	282
149	320	194	196	170	376	156	286
148	399	201	220	181	359	163	319
249	515	181	230	183	366	241	483
264	614	215	231	175	389	247	476
280	637	301	192	144	361	243	482
294	680	333	166	138	450	260	481
311	679	357	135	135	477	259	452
299	698	408	151	131	454	184	280
343	746	475	176	204	427	164	245
349	770	451	198	212	433	291	429
338	748	443	235	229	322	286	439
391	823	445	252	233	279	282	439
368	795	420	238	245	279	288	445
351	767	338	244	224	262	344	520
358	732	326	255	243	218	272	417
369	766	349	295	246	155	267	398
367	708	376	305	251	156	275	402
352	689	367	310	242	159	277	397
356	629	355	295	217	158	253	399
412	644	349	284	196	163	227	391
552	690	336	236	192	151	220	399
523	726	327	346	230	161	212	397
545	740	330	387	253	183	209	408
565	758	345	394	257	179	161	324
548	788	466	393	246	171	180	272
472	753	494	398	324	185	235	320
528	709	489	313	328	174	233	323
542	643	505	302	326	168	229	317
499	602	517	300	354	243	251	330
481	595	410	299	365	304	239	356
464	626	381	304	310	305	192	363
398	583	365	336	281	307	200	369
364	608	325	349	272	359	214	406
410	656	344	352	248	338	176	482
423	676	419	531	493	327	168	485
395	690	422	576	527	403	167	448
399	710	447	600	558	432	179	495
382	712	444	607	597	418	160	481
372	722	424	683	665	430	151	386
343	677	366	656	535	530	151	350
317	596	351	629	537	547	167	444
452	591	315	607	517	537	253	493
447	554	328	602	492	528	276	477
432	573	338	543	422	525	276	486
516	573	325	461	418	440	277	526
524	560	317	443	368	359	320	506
401	510	328	446	405	410	270	459
404	521	330	469	423	452	304	591
425	424	314	449	403	430	313	592
331	436	299	436	377	397	314	560
312	459	282	428	388	395	272	534
317	440	247	386	340	423	278	532
330	460	225	407	311	394	245	385
472	532	242	389	293	402	238	387
461	538	275	426	300	409	240	384
473	518	285	448	282	554	258	350
512	536	280	506	355	491	265	270
551	566	285	451	353	478	256	252
429	525	288	452	354	497	257	245
430	495	262	410	366	505	295	273
443	493	249	388	359	359	314	354
409	502	249	310	270	342	280	359
336	435	224	269	246	389	290	372
290	368	164	264	237	356	294	360
311	353	139	205	191	333	296	428
283	390	129	193	178	296	250	359
254	361	120	183	176	316	252	358
245	363	126	181	154	248	246	361
291	453	140	154	141	240	242	347
268	439	139	142	126	216	191	221
283	495	165	118	123	228	212	242
302	491	161	95	112	209	235	256
317	492	155	86	99	187	209	261
337	433	139	75	93	175	199	322
342	429	138	70	91	191	197	355
350	325	101	56	74	173	211	347
357	378	118	62	67	155	184	339
343	383	143	105	91	139	184	313
273	335	131	105	108	245	192	316
245	354	135	108	109	244	185	284
198	362	134	111	104	255	125	271
197	313	116	105	106	258	120	274
200	277	85	62	89	279	181	286
209	287	91	64	71	222	177	208
208	253	84	73	80	231	178	218
194	204	77	69	82	242	189	260
152	211	91	69	84	241	191	241
143	226	92	68	84	222	144	240
137	214	100	73	95	251	212	310
137	214	98	60	85	236	217	295
129	212	96	84	98	226	218	264
96	178	85	87	113	301	227	297
88	164	80	87	110	306	256	360
66	178	67	80	101	277	201	305
54	182	67	82	110	361	213	307
51	180	70	70	111	443	207	320
50	181	68	70	94	418	190	295
55	159	64	70	96	432	143	201
52	118	52	70	98	440	150	204
46	114	70	94	99	488	170	227
47	127	71	96	109	462	214	270
47	118	74	92	107	440	227	266
52	130	84	99	114	485	240	265
62	164	87	103	121	534	266	285
66	168	79	87	120	458	259	274
66	162	80	73	97	405	223	207
65	157	75	73	96	423	223	202
58	154	68	71	90	380	208	222
47	125	69	71	78	310	159	199
43	112	66	65	70	296	126	185
42	114	68	72	97	384	261	190
42	124	73	74	102	407	269	199
42	112	70	68	101	391	267	168
58	115	71	72	106	387	276	163
60	109	75	80	122	423	341	191
63	103	73	82	108	359	251	197
60	91	71	81	104	325	229	185
61	88	74	86	126	411	247	188
49	67	74	83	142	566	317	185
59	69	81	84	125	533	253	171
79	141	86	85	137	548	289	282
88	156	91	99	159	710	310	324
97	178	93	104	150	678	298	334
105	181	94	100	131	554	224	329
100	179	90	147	184	659	240	323
89	175	98	164	197	717	215	228
81	168	100	165	182	567	184	164
146	174	104	167	183	627	198	145
151	173	102	169	190	695	195	163
154	196	97	130	150	615	170	170
184	254	89	104	120	559	166	168
222	463	143	129	144	691	217	163
224	546	147	127	144	650	253	170
362	704	222	162	146	581	290	155
505	754	266	185	169	607	307	158
524	765	270	189	181	724	339	161
526	678	246	169	173	621	363	235
523	660	255	181	170	588	335	270
463	565	195	158	173	665	386	341
304	507	138	146	168	653	393	359
270	457	126	150	160	539	370	357
252	446	135	163	178	681	422	341
229	369	112	166	175	761	510	311
213	431	177	176	188	761	478	272
241	488	230	189	194	797	471	253
224	496	242	188	238	869	499	305
312	584	291	195	245	823	507	391
378	677	347	199	266	760	431	394
421	685	381	201	265	686	404	371
445	659	358	192	251	635	412	371
458	664	353	186	212	500	480	397
399	656	319	171	186	354	410	301
339	619	289	173	165	328	392	290
266	538	235	176	158	327	394	285
186	540	230	158	168	423	381	289
152	563	236	167	166	429	239	191
300	592	280	175	160	405	181	181
455	643	411	185	157	397	196	235
493	664	418	176	146	395	190	266
502	670	454	180	128	323	184	248
503	705	490	175	118	286	169	243
446	648	483	167	119	295	166	233
345	662	437	133	105	294	148	180
331	696	483	115	90	290	132	124
365	738	507	113	79	181	125	118
437	732	566	152	105	159	170	133
445	720	577	168	114	139	173	128
467	786	622	180	126	134	171	130
519	914	694	195	152	131	170	150
519	958	817	197	160	127	173	162
469	971	835	171	143	97	133	142
454	976	863	153	130	91	139	136
404	895	841	137	120	85	138	124
299	732	794	121	87	64	133	94
261	606	699	114	72	52	113	72
255	669	629	104	68	48	95	69
269	725	662	99	70	51	86	72
248	663	748	109	76	57	109	71
231	647	766	105	78	58	127	71
246	661	775	108	78	64	123	73
280	650	846	124	83	77	133	94
285	638	818	123	76	74	126	95
284	661	698	103	61	70	103	95
283	648	652	106	55	70	84	96
263	662	599	101	49	63	84	87
212	530	504	81	44	45	58	64
169	431	545	82	46	42	57	65
165	428	552	85	47	37	57	59
169	448	577	84	47	35	42	54
155	402	571	80	43	31	32	52
148	394	584	77	45	36	33	55
140	396	513	72	41	34	34	44
122	385	522	72	47	44	115	53
117	425	457	71	51	45	132	51
103	481	494	75	53	49	166	54
139	513	477	73	49	46	195	51
180	512	439	74	50	47	205	54
181	494	450	72	48	42	176	42
180	413	475	73	47	42	166	44
205	373	404	69	46	38	135	43
208	312	355	67	47	40	115	40
210	319	410	68	49	39	100	39
216	288	362	65	43	36	96	38
213	301	318	54	39	30	92	38
203	273	304	49	36	29	89	38
177	340	341	50	33	27	49	38
139	379	326	50	31	31	42	57
131	437	417	62	36	29	52	82
129	438	466	65	36	28	52	86
106	422	462	64	37	29	53	89
135	394	448	64	35	30	52	89
131	351	426	58	36	26	48	78
128	289	367	46	30	28	31	51
123	284	386	56	37	34	29	44
121	291	402	63	40	33	26	41
76	264	386	64	40	32	26	38
66	238	366	64	39	34	27	37
96	231	396	64	40	34	31	39
94	208	349	53	31	30	31	38
95	187	343	45	27	30	29	35
93	185	349	41	27	36	74	34
89	187	355	42	26	38	105	35
179	293	322	47	31	46	173	51
207	296	297	45	31	48	187	51
209	307	280	44	30	49	189	50
211	299	261	47	32	45	179	50
213	306	284	47	35	42	164	49
137	212	230	41	33	32	94	28
114	250	239	51	39	31	63	28
116	231	239	49	40	30	56	27
117	231	239	45	39	31	49	27
114	216	199	47	37	30	45	27
98	227	196	44	35	29	34	25
71	233	151	33	29	26	29	25
58	254	156	34	28	26	31	26
50	265	171	36	29	24	43	24
48	267	167	40	36	33	89	28
50	250	165	41	35	46	193	31
37	187	156	40	33	54	226	34
43	169	150	40	34	55	226	35
42	169	136	44	34	56	225	35
45	174	125	42	34	52	211	33
43	156	144	64	38	41	124	30
41	151	158	68	41	28	44	27
42	149	178	76	42	29	42	28
45	170	203	74	41	28	37	29
42	162	210	77	36	28	36	27
46	162	197	94	36	30	32	28
45	181	195	101	38	36	32	27
46	194	210	107	38	35	31	26
40	159	184	110	41	35	30	25
39	155	171	107	41	37	29	26
34	161	168	86	43	39	29	26
43	164	181	81	43	38	30	27
108	194	197	117	60	50	41	43
119	200	195	119	60	51	42	44
121	198	193	118	59	49	42	43
122	194	190	116	58	47	41	43
122	192	178	115	58	46	41	43
73	176	139	63	38	32	27	28
56	164	139	60	36	30	25	28
55	163	152	98	48	31	26	27
57	183	179	105	49	31	27	28
51	172	171	104	44	27	25	26
40	127	151	105	46	27	27	24
39	140	147	101	46	25	28	23
39	206	147	65	33	25	28	24
35	203	111	50	29	26	26	23
37	202	119	48	30	29	28	25
37	203	117	43	26	28	26	25
37	196	121	41	25	27	25	23
34	126	103	38	25	28	26	23
31	97	97	37	25	24	26	21
26	74	77	35	28	28	65	24
33	63	69	33	30	81	177	44
31	50	50	34	32	154	257	54
33	41	37	31	34	170	276	59
34	37	32	31	34	174	284	59
40	79	60	30	31	176	282	58
32	88	60	28	31	162	234	45
33	91	61	26	29	100	147	33
29	90	61	28	25	70	108	24
29	91	62	28	26	60	89	24
21	62	54	26	23	49	73	20
27	79	74	28	23	40	67	22
27	77	77	29	22	31	56	22
27	78	77	29	24	28	53	21
27	75	78	27	23	27	51	21
27	81	66	25	24	27	50	30
22	69	55	25	23	23	32	31
26	67	60	25	23	21	31	67
28	103	92	30	26	25	33	71
36	140	161	43	31	25	34	75
44	155	166	45	31	25	35	75
44	157	168	44	31	24	33	75
48	189	203	53	36	25	32	48
49	191	208	54	34	23	30	42
43	170	166	45	30	21	27	37
36	156	166	44	29	23	24	32
36	149	163	45	29	23	23	29
27	111	116	36	24	21	20	27
22	76	83	26	21	20	20	26
26	74	89	27	23	21	21	24
25	71	83	26	24	20	20	23
24	66	78	25	23	21	20	23
25	59	73	23	24	23	20	21
28	57	69	23	26	25	20	20
25	47	46	22	25	28	23	20
24	38	38	21	26	29	23	22
26	36	33	20	28	28	25	20
25	33	30	20	27	26	24	21
24	27	28	23	28	26	25	31
25	23	27	23	28	22	24	30
26	24	24	24	27	21	26	28
24	24	25	23	25	23	24	27
24	23	25	25	26	25	25	29
23	23	22	22	22	24	24	20
23	24	22	23	22	24	23	19
23	24	26	24	24	24	21	19
25	23	25	24	24	24	24	20
25	29	47	26	22	21	24	21
29	45	56	34	23	23	23	20
28	46	69	34	24	22	24	23
29	54	92	36	25	23	24	27
29	75	106	38	26	23	23	26
31	79	112	42	27	24	23	25
29	89	109	36	28	22	25	26
29	88	102	35	29	23	23	26
27	90	86	32	26	21	22	21
29	77	72	33	26	23	22	22
27	74	64	30	24	23	21	21
26	57	66	31	24	23	20	22
26	59	69	31	22	23	22	22
28	50	65	33	23	24	21	22
24	46	62	29	23	24	21	21
24	41	53	25	24	24	23	24
22	41	46	27	24	22	22	22
22	40	41	26	25	22	22	20
21	47	45	25	24	21	23	21
22	48	45	24	25	20	21	23
25	48	50	25	28	19	20	23
28	46	53	23	26	20	22	23
29	44	54	25	26	21	22	26
28	36	50	25	26	20	24	28
28	34	50	26	24	23	23	38
26	33	35	25	20	23	26	40
24	28	32	23	22	23	25	40
24	27	32	21	21	22	27	39
23	27	33	25	23	22	26	38
86	26	30	25	24	22	26	26
121	36	31	27	25	23	24	21
133	38	28	27	24	24	23	19
135	38	28	27	24	25	20	20
137	40	30	26	23	25	30	19
110	40	32	27	23	23	33	19
71	32	31	27	23	23	34	20
46	29	31	27	23	23	35	21
42	30	30	28	24	23	34	19
37	26	29	27	25	24	26	18
38	27	30	27	26	28	22	22
62	28	29	24	27	33	20	25
70	27	30	27	25	37	20	26
73	27	30	26	25	37	23	26
72	26	29	24	23	37	24	26
68	24	28	23	21	35	24	27
48	22	27	24	21	31	23	26
33	23	27	22	21	25	27	23
25	23	27	22	22	23	26	25
34	23	23	24	22	22	24	29
38	26	22	24	23	21	24	26
37	27	25	22	21	20	24	30
39	26	25	24	23	23	21	30
38	26	22	25	23	23	21	29
29	24	23	25	22	23	21	26
33	25	24	24	23	23	22	27
147	23	23	25	25	22	23	20
178	25	21	24	24	22	23	29
189	24	24	22	24	23	23	29
190	25	25	23	25	23	23	29
188	21	24	24	24	27	22	29
123	24	24	24	24	26	22	30
73	27	24	23	23	23	22	24
35	28	24	25	25	24	21	26
35	27	23	23	24	24	21	31
33	26	24	23	26	21	21	30
28	24	25	24	24	23	21	27
24	21	25	27	26	23	21	28
21	20	23	25	24	22	21	29
22	21	22	26	24	24	20	24
20	22	22	25	24	24	19	25
23	24	21	26	25	21	20	28
25	23	21	23	23	23	21	33
28	24	21	22	23	22	21	31
25	24	24	22	23	22	20	30
25	26	22	24	22	24	22	32
22	25	23	23	22	24	21	31
24	25	23	22	22	24	20	25
21	24	23	23	24	24	21	25
26	24	22	23	25	22	23	26
26	23	21	21	25	21	21	24
31	23	21	22	25	22	22	27
52	22	21	23	25	22	23	25
83	25	22	21	23	23	23	25
99	25	22	20	23	24	22	27
103	24	21	20	21	22	23	25
101	25	25	19	24	22	21	21
91	25	24	20	23	20	21	22
64	23	23	22	22	22	22	22
33	25	23	22	20	20	22	21
20	25	25	23	23	24	23	25
24	26	21	25	23	24	23	24
30	25	24	24	24	25	23	25
38	25	23	22	25	25	21	28
41	25	21	22	26	25	21	29
43	26	22	23	24	25	20	26
45	25	21	21	21	25	20	28
45	25	20	20	21	25	20	28
42	24	23	22	21	22	21	26
83	21	24	22	23	24	21	24
95	20	24	20	22	23	22	25
94	19	26	20	21	23	22	23
102	20	24	21	21	23	22	23
105	21	23	20	23	25	21	23
83	22	24	20	22	23	25	21
97	21	25	19	23	22	25	20
105	21	23	21	25	23	24	22
124	20	24	21	24	23	23	22
182	19	23	21	23	23	24	20
208	19	21	21	23	24	21	20
206	20	20	22	23	27	23	21
264	19	18	21	21	25	23	21
279	20	19	23	23	25	25	21
248	20	26	28	22	24	25	22
226	19	29	43	24	24	24	24
219	19	32	45	22	23	24	23
141	20	32	46	23	23	25	24
77	21	32	46	21	22	23	23
59	21	29	42	23	21	23	24
51	22	27	27	24	23	24	24
36	23	25	24	26	22	21	22
27	25	26	26	25	23	21	21
18	24	27	25	27	22	22	20
16	23	26	24	26	23	21	20
21	24	26	25	23	20	21	18
21	24	26	26	23	19	22	21
21	22	27	23	23	19	22	21
21	23	25	23	21	23	21	21
23	24	23	24	22	24	23	22
19	23	25	23	22	25	23	24
19	21	24	22	20	24	24	22
20	21	23	22	24	25	22	22
21	22	23	24	24	23	21	23
20	23	22	26	23	22	20	22
20	24	19	26	23	24	18	20
26	24	20	27	23	24	17	21
26	24	20	27	22	22	19	22
25	25	22	25	21	25	20	22
25	23	22	23	21	25	20	23
34	23	23	22	22	23	22	22
31	23	25	21	25	25	23	23
32	25	25	21	24	24	21	22
32	23	24	20	24	23	24	20
32	24	25	22	25	23	23	22
27	24	24	23	25	23	24	24
26	25	22	22	23	21	23	24
25	23	23	21	22	20	23	23
25	23	23	22	23	20	20	24
25	21	22	20	20	19	21	22
22	21	22	21	22	19	19	20
24	23	21	22	23	20	20	20
24	22	20	23	24	22	22	19
25	24	19	24	22	22	22	20
25	26	20	25	24	24	21	20
23	25	21	23	23	24	22	21
20	22	21	23	22	23	22	22
21	24	21	23	22	23	21	23
19	23	22	23	22	21	21	22
19	21	23	21	22	20	23	21
21	20	22	22	22	21	21	20
22	20	24	22	21	20	21	19
21	22	23	21	22	21	21	20
22	21	25	20	24	23	23	21
25	22	23	22	24	22	23	24
25	23	23	21	23	24	22	23
25	24	25	21	24	24	22	25
26	22	25	21	24	24	24	24
25	22	25	21	23	23	23	24
22	23	27	21	23	24	22	21
22	22	27	22	24	23	23	22
22	21	27	24	23	24	24	20
23	23	26	24	22	22	23	18
22	23	24	24	23	23	24	21
22	22	23	24	23	23	22	21
21	24	24	26	22	23	23	22
24	25	23	24	24	24	22	24
23	23	24	25	25	24	19	25
23	23	25	27	24	24	18	22
23	24	25	26	24	24	19	23
23	24	25	23	25	23	20	22
21	24	24	23	23	22	19	20
21	23	23	21	22	21	23	21
22	24	22	19	23	21	22	20
22	24	21	19	22	21	23	21
23	22	23	20	23	21	22	21
24	24	24	22	23	22	25	22
30	30	29	23	25	25	22	20
32	30	30	23	24	23	23	25
34	32	30	24	28	23	22	23
35	33	31	23	26	24	22	24
34	35	31	23	26	22	20	22
29	29	28	21	25	21	21	23
27	28	27	24	25	22	20	20
25	27	26	23	25	21	19	22
24	28	25	24	25	22	22	20
23	24	24	24	26	24	21	22
25	25	23	23	25	24	20	22
26	26	26	21	25	25	22	21
23	26	25	22	20	24	24	21
23	22	24	20	23	25	22	21
24	23	24	20	24	24	23	21
22	23	22	20	25	25	23	21
22	23	23	19	24	25	21	24
22	23	24	19	25	24	21	23
22	24	22	19	23	23	20	25
22	23	25	19	21	22	20	24
21	23	25	21	20	20	22	24
22	23	24	25	21	19	21	23
23	23	25	24	21	20	20	21
22	24	26	23	22	19	21	19
21	26	25	23	23	22	20	21
22	26	26	23	21	22	19	21
22	25	24	20	22	24	21	19
22	26	23	20	24	24	22	21
21	28	23	21	21	24	21	22
20	26	23	22	25	20	21	21
20	26	23	21	26	20	22	22
19	27	23	21	24	20	23	22
19	26	22	21	23	20	22	20
19	23	23	21	24	21	21	20
23	24	24	22	21	23	22	19
22	24	23	22	21	24	21	17
25	24	22	22	22	23	19	16
27	26	22	23	23	25	21	20
27	27	21	22	24	23	24	23
24	25	18	21	23	22	26	23
25	24	20	22	24	22	25	23
22	26	22	21	23	21	25	25
20	24	23	21	22	19	24	23
19	23	24	23	22	18	21	19
19	25	25	23	21	18	18	21
21	26	24	25	21	20	21	24
22	24	23	25	21	21	20	22
21	26	23	24	23	20	21	23
23	26	21	23	20	20	24	24
24	26	21	22	23	22	24	23
21	28	20	23	23	20	22	21
22	28	21	23	23	20	24	21
23	26	20	23	22	26	23	21
21	26	23	24	24	38	20	20
21	24	23	26	23	42	21	29
22	21	24	22	23	42	22	30
22	20	22	21	24	41	20	30
20	21	24	22	24	37	22	31
22	22	22	20	24	25	22	30
21	24	23	21	23	18	22	22
23	23	22	21	22	18	22	21
23	23	23	23	24	20	21	20
24	21	22	24	24	21	20	18
25	21	22	25	25	20	22	23
26	19	22	25	28	23	24	22
25	21	25	31	30	24	23	24
24	24	26	35	29	27	27	24
24	25	29	35	28	28	27	26
23	25	29	34	29	29	25	22
21	25	30	34	29	27	24	21
21	24	27	30	28	27	23	23
22	21	25	25	27	24	21	27
20	21	25	24	28	23	19	26
23	20	24	24	27	24	21	27
22	20	23	24	25	25	21	27
23	21	24	24	24	24	23	31
22	21	25	26	25	25	23	29
24	24	24	25	24	24	23	32
21	24	25	25	24	24	22	35
22	26	25	24	22	27	20	35
25	27	24	24	22	27	19	30
24	28	26	22	22	26	19	32
26	29	27	23	22	27	18	29
65	29	32	22	23	26	19	25
78	34	38	25	25	21	28	29
95	177	230	47	29	21	32	32
107	208	251	59	33	26	35	32
107	217	261	59	33	25	36	30
91	224	268	60	33	27	35	31
81	228	271	60	34	29	30	29
61	156	154	45	31	29	23	25
39	115	121	30	27	25	17	25
35	98	100	29	28	26	16	26
32	81	80	25	25	25	18	28
30	64	67	24	23	24	19	32
25	43	52	24	24	25	22	32
24	33	41	25	23	23	23	31
22	32	33	24	23	22	23	30
21	29	28	25	26	22	22	26
21	28	26	25	25	20	22	21
22	23	38	23	24	21	25	23
26	23	37	22	24	22	24	24
29	23	37	23	24	23	24	26
29	23	37	23	23	21	23	26
55	25	40	25	24	23	24	24
59	26	31	24	23	25	21	27
58	30	54	26	25	26	22	28
58	29	55	25	23	26	21	34
58	28	55	24	26	27	22	33
37	28	54	24	26	25	21	32
61	29	54	25	26	23	19	28
61	24	35	25	25	22	19	29
62	25	34	24	26	23	21	22
64	26	33	24	23	22	20	29
63	23	33	24	22	21	20	30
34	21	32	22	21	22	22	29
32	23	28	22	20	22	21	26
28	22	27	22	23	22	20	26
25	19	27	24	21	22	21	24
23	21	26	24	22	22	22	24
23	19	25	24	23	20	24	32
25	22	24	24	23	21	23	32
26	23	24	25	19	21	24	30
26	25	25	21	19	22	23	30
25	25	25	21	19	22	24	29
26	26	24	20	19	21	21	22
23	25	24	18	20	22	23	23
26	24	23	19	20	22	23	28
26	24	23	21	21	24	23	29
168	25	24	22	21	25	22	28
219	28	24	24	22	25	23	28
223	28	24	24	21	24	22	29
224	29	24	23	24	24	21	28
226	26	24	24	24	21	23	23
154	26	22	27	24	21	22	24
65	26	23	24	23	20	21	26
46	25	22	24	24	24	21	25
39	30	23	24	22	24	22	23
29	41	22	23	23	26	21	24
23	53	23	19	24	26	22	28
17	54	22	20	25	28	24	26
21	54	23	21	23	25	24	26
22	51	23	21	24	24	24	26
22	43	22	23	26	24	23	28
23	26	22	22	24	24	22	23
24	21	23	23	25	21	20	24
22	21	23	22	26	22	20	25
23	21	22	23	26	22	19	25
23	21	25	19	25	23	19	22
20	21	24	21	24	20	19	23
22	21	26	21	25	22	21	22
21	21	26	20	25	24	24	20
19	24	24	20	26	23	23	20
20	24	25	22	24	23	23	20
23	24	24	22	25	23	23	21
23	25	24	21	24	23	21	19
23	25	24	23	24	22	19	21
23	24	25	22	21	22	22	20
25	26	24	22	24	21	24	21
22	27	25	22	25	21	24	19
22	26	23	23	25	22	24	19
23	26	22	22	25	21	24	19
23	25	22	24	25	23	23	20
20	23	23	24	24	23	20	20
23	23	22	22	24	24	21	21
24	23	20	22	26	23	21	23
25	23	19	22	25	21	22	22
42	25	24	20	25	19	22	23
51	26	22	19	26	19	22	23
51	24	23	21	24	18	23	22
51	24	25	20	23	20	24	24
51	25	26	20	23	22	23	25
38	24	21	22	23	23	23	24
28	23	23	24	23	24	24	24
26	23	22	23	24	25	21	23
25	22	24	23	23	24	22	20
23	22	24	23	24	25	22	23
24	23	26	22	25	24	24	22
22	24	25	21	26	22	23	24
20	24	26	20	25	23	22	26
20	24	27	21	26	24	23	25
21	24	27	21	24	22	24	22
19	20	26	20	23	22	21	23
21	19	26	20	21	24	22	22
22	22	25	20	21	23	22	21
23	22	22	22	21	22	23	22
22	25	20	21	23	21	22	23
22	27	20	23	22	24	21	22
21	27	20	24	23	22	21	21
23	26	21	25	24	22	23	20
24	27	20	23	23	22	22	22
25	25	22	24	23	23	22	23
25	24	24	23	22	20	24	23
26	25	23	23	22	20	23	22
26	23	22	23	20	21	21	23
24	25	23	23	24	23	20	22
23	25	24	22	23	25	19	22
24	24	25	22	24	26	18	23
41	27	24	22	24	27	19	23
42	30	25	23	25	26	20	22
43	28	25	24	21	24	21	21
44	28	23	26	23	23	22	18
44	29	23	24	24	22	22	21
29	27	25	23	25	23	25	20
27	23	25	23	24	23	24	21
27	25	27	21	25	23	23	23
25	25	27	20	24	21	24	23
25	24	26	21	22	21	23	21
23	26	25	21	22	23	22	21
21	24	24	19	24	24	22	20
22	22	24	20	25	24	23	21
22	24	23	20	24	25	23	21
21	23	23	20	24	25	23	21
23	23	25	22	25	22	22	23
25	23	24	24	23	22	23	24
22	25	23	23	24	23	23	23
23	23	24	24	26	23	21	23
26	22	24	24	27	21	20	24
25	20	24	22	27	22	19	23
23	23	23	22	28	22	17	22
27	23	27	20	27	21	17	22
27	25	26	20	24	20	18	23
24	26	26	22	24	21	20	23
24	27	26	25	23	22	20	24
24	26	26	24	22	22	22	24
26	26	24	25	23	23	22	24
23	24	24	26	23	23	22	25
23	24	23	23	21	21	21	25
21	24	24	21	20	23	21	22
21	24	24	22	20	22	22	23
18	23	22	22	20	22	22	23
21	24	22	22	20	21	22	21
22	25	23	24	21	24	23	21
25	26	21	23	21	21	23	22
25	25	20	23	23	22	21	21
25	26	22	24	23	22	21	20
27	25	23	24	22	23	21	20
26	23	24	23	23	22	22	20
24	23	27	23	25	22	20	19
26	23	28	23	26	21	21	20
26	23	28	21	25	23	21	19
24	23	29	22	26	22	20	19
24	23	27	22	25	21	19	19
27	24	27	23	23	22	20	22
26	25	25	23	22	23	21	21
24	24	24	27	23	22	21	22
25	24	25	26	22	22	21	23
24	27	25	26	24	25	22	23
22	25	24	26	22	25	21	21
22	24	24	26	21	24	22	22
23	26	25	22	20	25	21	21
21	25	22	22	19	25	20	21
20	24	22	21	21	23	21	21
17	25	21	21	22	22	22	22
18	24	20	22	23	21	21	21
17	22	20	21	23	20	22	21
16	23	21	22	26	21	23	20
18	23	22	24	24	21	22	19
20	22	23	25	24	21	22	21
19	27	23	25	24	22	21	21
20	27	22	25	23	21	20	21
23	27	22	26	24	21	19	20
21	26	22	25	23	21	18	21
24	24	21	22	24	20	17	21
26	19	23	22	24	20	17	21
26	22	24	20	26	21	19	21
25	22	25	21	25	21	19	22
26	21	25	21	25	21	21	22
22	22	25	22	25	23	21	20
21	22	26	21	26	23	22	22
21	20	26	25	23	23	23	22
22	21	25	25	22	22	23	20
22	24	26	24	23	21	25	19
24	26	27	24	24	22	24	22
25	27	25	25	22	21	24	20
26	25	24	20	23	22	23	20
26	26	29	20	24	22	24	21
26	25	27	21	24	22	22	22
25	23	26	21	23	22	23	18
23	23	26	20	24	21	24	19
23	24	27	21	24	22	23	18
23	22	22	21	25	22	23	18
23	21	23	24	23	22	22	18
23	24	23	23	25	21	21	19
22	22	24	23	23	24	20	18
23	23	22	25	25	23	21	20
22	25	22	24	25	22	21	19
21	23	24	22	25	24	21	17
21	23	23	22	23	24	21	19
22	24	23	20	24	24	23	21
20	24	24	21	22	24	22	20
23	23	23	19	22	24	21	20
26	29	25	20	22	23	21	24
26	28	24	21	21	22	22	22
25	28	24	21	21	19	21	22
25	28	23	19	21	21	22	21
23	28	23	21	20	21	22	25
21	24	21	20	21	23	23	25
21	23	22	21	20	22	24	25
24	24	22	22	20	24	23	25
25	22	20	23	21	23	21	27
25	22	23	22	22	23	21	24
25	25	23	23	22	21	25	20
25	25	22	22	21	23	23	22
22	23	22	22	21	22	22	24
23	24	24	22	23	23	22	23
21	24	22	22	21	24	22	23
22	22	23	22	21	23	18	27
23	23	22	21	23	21	16	26
23	24	23	21	24	22	19	24
22	24	22	22	22	22	20	23
22	24	22	23	22	23	19	24
22	26	20	22	22	24	21	21
18	26	22	22	20	25	21	20
20	26	22	23	22	24	21	20
22	25	22	23	22	23	20	23
21	26	22	21	22	20	21	23
21	24	24	23	22	19	22	23
23	22	24	24	23	20	23	24
22	22	23	24	20	19	21	23
21	23	22	23	22	19	21	21
22	23	22	24	22	20	22	25
20	21	23	23	22	21	21	24
20	23	22	21	21	20	21	24
20	24	24	19	22	21	22	24
19	23	25	20	21	21	23	25
20	24	25	20	20	24	21	23
20	25	24	21	21	25	21	22
22	24	23	20	22	24	20	23
22	22	22	21	21	23	20	23
22	23	23	20	22	23	19	21
21	21	24	22	23	21	20	18
20	20	24	21	23	20	20	20
20	20	23	21	25	22	20	19
20	22	25	25	25	24	20	20
18	21	26	27	25	26	23	20
21	22	25	25	25	26	22	22
22	24	25	25	27	26	26	22
21	24	25	26	26	26	26	22
21	24	24	23	25	23	25	22
25	24	23	21	26	20	23	21
23	23	23	25	25	20	23	21
24	24	21	24	23	19	18	20
24	24	23	24	22	21	18	21
24	23	22	25	22	21	17	21
21	23	24	26	21	21	20	22
22	24	25	24	24	22	20	24
21	22	25	25	22	23	21	24
21	23	25	25	22	22	20	23
20	24	26	23	21	22	22	24
19	24	23	21	21	21	18	23
19	23	23	21	20	22	18	19
20	24	23	20	21	20	19	19
21	25	24	20	20	18	19	20
21	23	22	20	21	20	21	19
23	23	23	21	22	20	23	19
23	25	22	21	21	18	23	21
22	25	23	20	23	18	25	22
24	25	22	23	24	19	26	22
27	25	23	22	24	23	24	21
26	24	22	23	23	28	24	22
26	25	22	22	23	28	24	21
27	24	22	23	22	29	21	22
24	23	21	19	21	29	21	21
21	23	22	20	20	26	22	21
22	25	25	21	21	22	22	22
22	21	25	20	22	23	23	23
20	22	25	23	22	22	22	22
21	24	25	24	23	22	23	23
22	24	25	24	22	22	21	22
20	24	23	23	25	23	23	22
18	25	23	24	24	23	20	21
20	27	25	22	24	25	21	22
20	27	24	21	24	26	23	20
19	27	25	22	24	26	23	22
20	29	25	23	21	25	23	22
21	29	24	23	23	22	23	22
22	26	23	22	22	22	23	22
20	25	25	21	21	23	23	25
21	25	24	21	21	22	23	30
21	20	23	21	21	22	21	28
21	21	24	22	20	23	22	27
19	23	22	22	20	22	21	27
21	25	21	23	23	21	20	25
21	25	22	23	23	20	20	19
25	26	22	24	23	21	22	24
27	25	23	21	23	22	22	26
26	24	23	21	24	21	22	26
25	20	23	21	22	22	22	26
25	21	25	20	22	24	22	24
20	22	25	19	22	22	22	24
18	23	24	20	21	21	25	31
21	23	25	20	23	21	24	30
22	24	25	19	25	22	24	30
20	22	22	20	23	20	23	32
24	21	23	22	22	20	23	30
25	23	25	24	24	22	22	22
24	22	24	23	21	22	24	22
25	24	24	23	20	21	24	24
26	25	24	22	22	22	24	22
22	24	23	21	22	23	24	20
24	23	25	19	21	23	24	27
25	23	26	21	22	23	24	41
22	25	24	22	20	22	24	40
23	23	27	23	19	23	25	40
27	23	26	22	22	22	25	41
23	22	23	25	21	22	23	37
22	24	25	22	22	23	22	20
22	22	26	22	24	25	21	22
23	23	24	23	24	25	23	22
20	24	27	22	21	26	22	19
20	24	26	20	23	25	22	16
21	23	24	21	22	23	22	20
21	23	23	22	21	20	24	20
21	23	25	20	26	21	21	20
21	23	25	23	26	21	21	24
24	23	25	23	24	21	22	24
25	25	24	23	25	21	21	25
23	23	28	23	26	23	20	26
24	23	25	23	22	21	21	25
24	22	25	22	23	21	21	24
24	24	26	23	25	22	19	24
24	29	26	24	23	22	21	23
25	39	23	23	20	21	24	21
23	43	24	24	25	22	25	21
24	48	24	25	25	21	36	21
20	48	24	23	23	24	47	21
21	44	24	22	25	24	48	20
21	38	24	22	25	24	47	22
21	33	24	22	21	23	46	25
24	25	24	22	21	25	39	27
24	24	25	22	22	21	24	33
23	25	25	23	22	22	21	34
24	21	25	22	22	21	21	32
25	22	28	22	22	21	20	31
24	19	29	20	22	21	18	30
24	19	27	20	24	22	22	22
24	19	26	23	22	23	23	22
23	22	27	22	23	22	22	26
24	22	24	24	24	22	22	28
22	24	24	25	24	22	23	36
23	26	25	24	25	22	23	36
24	27	25	20	25	23	23	35
23	26	26	22	24	23	25	32
25	26	25	20	24	24	25	30
23	26	24	21	24	23	26	19
24	27	24	23	21	24	24	25
25	26	27	23	22	22	24	30
27	27	26	24	22	22	21	30
23	28	26	24	23	22	24	28
25	26	24	21	23	23	22	27
23	23	25	22	24	22	22	26
24	24	24	22	22	22	23	21
21	23	24	23	24	22	24	24
21	24	23	24	22	22	21	32
20	24	28	25	23	20	23	33
21	24	25	24	23	21	23	29
19	23	25	23	24	22	21	29
21	24	27	21	26	22	22	30
26	23	27	20	28	23	21	24
25	24	23	22	26	23	21	26
27	22	25	22	26	22	19	28
26	23	23	20	24	25	18	33
27	23	21	21	22	25	20	32
22	21	22	21	20	23	22	31
22	23	21	20	23	23	21	30
23	24	21	18	23	23	22	31
24	24	21	19	23	21	24	27
23	23	23	21	23	21	23	27
25	25	23	20	23	23	22	27
24	24	23	20	21	23	22	26
24	24	22	23	22	22	22	26
22	24	23	23	22	22	22	26
22	21	20	23	22	23	22	28
21	23	21	23	23	23	21	26
22	24	20	24	24	24	22	27
41	25	18	25	23	24	21	29
49	26	21	26	23	22	22	26
51	29	22	26	23	22	20	25
53	28	22	27	21	22	20	28
54	25	23	26	22	21	19	29
41	26	25	23	23	21	20	27
31	25	26	24	23	23	20	26
52	25	27	23	23	22	22	26
52	26	31	22	23	21	21	24
60	29	37	23	22	23	23	25
60	28	41	23	23	24	21	24
61	28	41	21	21	22	22	24
42	26	46	23	21	23	22	22
41	27	47	24	21	24	22	22
28	27	55	25	23	24	23	24
46	42	55	26	21	23	24	24
47	44	55	26	21	23	23	22
47	44	50	24	22	22	23	22
47	44	47	25	21	22	22	20
47	43	32	23	20	21	22	18
31	30	28	23	24	22	23	18
29	27	26	22	24	23	22	19
28	27	28	25	24	23	21	20
25	26	27	23	24	23	21	20
24	23	26	24	24	22	21	21
24	21	24	23	23	22	19	21
24	23	24	23	27	22	19	23
24	24	21	22	26	22	19	23
44	27	23	22	28	22	21	25
48	28	24	25	27	22	20	26
49	28	25	25	25	23	19	25
50	27	33	26	22	23	20	23
50	27	46	26	21	23	21	23
35	25	48	26	23	23	20	23
31	26	48	23	23	21	20	22
29	26	48	25	25	21	21	22
25	33	67	28	27	20	22	24
26	37	71	28	27	20	22	24
28	37	69	30	26	21	21	24
25	36	70	33	27	21	23	22
25	34	71	31	26	19	24	22
24	29	52	29	26	19	24	23
24	24	42	31	27	20	23	23
20	23	43	32	26	22	25	21
21	24	43	30	26	22	24	22
20	24	43	30	27	22	23	23
22	23	43	29	25	24	23	21
22	22	48	29	24	24	24	21
23	28	59	32	25	23	22	23
24	27	59	38	26	24	22	22
27	29	59	38	26	26	23	20
35	35	63	50	26	24	22	19
49	39	68	50	27	24	22	24
56	39	64	51	26	26	22	26
60	42	79	53	27	24	23	26
59	44	84	55	26	23	21	27
67	65	87	45	26	24	22	29
62	65	78	43	25	24	22	26
58	87	100	44	28	20	22	26
60	103	117	45	29	22	22	28
61	105	113	49	29	22	23	28
65	103	111	54	32	22	22	27
62	116	148	58	31	25	22	25
64	131	180	64	32	25	22	25
79	122	178	72	31	25	24	26
80	126	187	88	32	26	23	25
73	134	193	100	38	26	24	24
89	128	179	100	37	24	25	29
90	116	170	120	40	26	23	27
77	124	167	123	41	26	19	24
88	143	163	114	41	27	20	27
94	136	165	108	35	27	21	31
82	180	203	129	41	28	20	26
89	187	183	113	39	27	21	30
154	193	178	104	38	27	23	34
150	190	183	100	37	25	24	32
171	211	192	104	36	25	25	34
175	185	145	90	38	24	27	35
176	171	136	104	40	24	27	32
170	174	138	111	44	24	25	31
178	178	149	123	47	25	24	32
188	181	146	119	49	26	26	32
206	179	134	109	43	26	25	31
246	191	157	102	43	28	25	40
239	196	175	107	43	31	30	39
280	210	172	100	45	30	32	42
287	212	167	99	44	30	30	41
278	210	209	110	46	31	31	41
245	213	209	108	45	31	31	35
225	194	226	108	42	29	27	35
183	167	226	108	38	29	24	31
161	145	225	109	36	29	24	40
191	153	232	101	40	30	24	42
191	147	229	95	40	29	23	42
228	157	192	88	44	32	31	47
217	160	193	132	52	37	32	48
211	143	191	132	54	38	33	45
224	158	178	131	51	36	35	45
261	166	165	128	52	37	36	45
263	165	164	125	49	32	29	41
263	163	154	77	40	29	27	41
257	170	182	84	39	29	26	35
217	155	160	79	37	29	20	33
189	150	191	81	36	29	23	33
135	142	203	91	38	31	24	31
149	133	218	110	43	29	25	30
165	124	199	118	44	28	27	34
177	101	200	121	45	28	29	35
157	67	182	125	44	29	27	35
191	65	171	118	45	29	27	37
182	84	195	103	39	29	26	37
187	145	200	99	36	28	26	36
172	162	199	107	38	28	26	34
179	163	205	106	47	30	28	39
163	164	223	108	43	29	28	39
190	170	215	108	45	29	27	39
195	132	212	102	46	29	27	37
207	133	235	89	47	30	28	40
202	141	223	92	42	26	27	36
256	157	230	97	44	30	28	35
234	144	206	110	46	31	28	34
212	135	201	107	45	30	27	33
201	122	173	112	43	31	27	29
