0	1	2	3	4	5	6	7
125	60	94	61	36	97	235	69
152	67	91	60	42	111	250	75
145	63	84	57	43	111	248	70
134	63	82	55	41	112	256	69
148	61	84	59	44	115	274	77
136	58	81	79	53	160	264	88
110	53	82	85	50	160	237	84
119	70	86	85	53	172	244	94
122	72	89	91	57	178	277	102
123	67	72	95	64	190	283	101
124	68	76	95	62	140	254	90
125	74	96	99	64	180	291	94
145	71	97	109	65	226	293	92
167	68	89	110	73	248	269	95
188	65	87	106	75	300	536	159
205	69	85	91	74	314	607	172
213	68	75	125	73	298	597	170
209	114	136	148	75	269	654	181
235	122	158	152	72	259	676	188
227	131	186	153	66	185	527	148
231	141	236	207	66	158	546	147
241	147	236	186	78	158	583	161
234	128	212	202	73	187	537	151
231	130	212	217	91	187	596	168
233	155	220	308	112	214	621	181
222	152	174	291	116	218	536	170
208	156	175	301	114	261	491	162
204	175	186	319	157	263	485	171
161	181	186	328	151	250	384	146
152	172	151	251	145	242	366	128
149	170	145	242	142	285	381	132
151	160	176	237	139	278	418	128
152	133	159	246	114	265	405	109
148	136	143	235	109	274	404	105
151	123	142	237	141	322	352	106
152	126	138	250	148	448	356	106
143	157	149	251	155	473	301	99
151	186	162	196	146	474	292	97
160	179	166	191	151	476	300	107
139	176	173	216	140	457	279	87
142	174	226	218	141	335	362	80
153	161	213	247	137	277	382	88
137	142	208	243	131	261	381	92
125	139	212	236	125	258	387	93
148	147	215	202	95	258	401	92
154	155	201	206	88	259	384	97
143	166	187	169	88	268	366	93
159	155	194	162	87	292	411	93
162	156	207	176	95	289	455	79
139	147	213	186	97	284	455	83
177	142	237	197	95	237	410	87
177	162	284	207	92	215	449	98
167	161	281	206	90	243	453	105
183	164	269	190	81	255	454	114
196	186	283	196	81	226	450	124
152	186	266	174	96	230	451	118
171	151	210	167	96	253	457	122
171	159	201	166	96	202	430	117
170	170	229	161	93	185	392	109
159	169	203	159	100	183	424	98
150	164	165	132	86	216	451	109
136	161	166	119	86	187	485	101
131	142	169	127	89	183	473	97
106	125	130	125	89	183	499	104
98	92	126	106	81	207	472	103
118	97	133	108	79	192	550	103
108	90	138	124	89	212	503	100
107	93	140	118	98	217	560	109
103	91	154	120	98	228	518	96
103	99	154	123	98	217	529	93
88	93	151	115	91	205	457	94
103	96	146	90	79	183	465	94
133	106	159	104	64	170	390	86
136	111	178	128	66	180	462	103
131	101	172	129	72	183	446	106
138	108	167	127	69	168	383	93
127	119	177	159	66	155	358	88
98	111	161	166	75	155	404	90
112	100	116	154	75	154	401	78
114	101	124	152	62	180	384	76
103	92	138	157	70	190	397	78
106	78	193	140	77	194	411	79
104	83	194	120	68	193	406	89
91	96	195	120	73	165	375	84
91	100	208	133	75	111	402	83
88	107	205	133	69	86	389	79
83	107	139	122	66	128	366	79
85	100	148	120	67	138	383	68
88	90	176	154	62	140	328	62
80	101	162	185	80	137	276	59
83	93	150	190	87	145	359	81
83	89	152	189	85	132	393	86
88	94	143	191	89	150	357	87
110	111	127	179	90	167	489	95
124	100	147	146	84	170	552	98
136	102	166	133	89	167	549	93
140	103	168	161	90	228	520	89
142	101	165	164	89	233	536	83
159	95	158	146	96	284	614	126
184	99	138	134	93	300	589	155
175	96	159	162	97	301	559	151
179	120	172	150	105	254	573	150
178	117	173	147	111	322	569	153
153	175	165	142	108	273	359	114
113	177	171	140	102	258	404	67
112	179	184	114	93	266	619	74
104	175	198	147	79	268	617	73
98	175	195	151	69	161	604	66
90	155	201	152	68	171	644	76
87	158	200	153	80	194	640	88
81	160	179	184	83	232	467	82
80	155	155	157	89	232	473	89
82	160	162	157	90	229	465	88
73	113	201	168	88	268	476	79
73	103	219	254	127	307	502	80
71	99	205	249	131	279	464	77
76	89	204	244	134	284	509	75
81	93	224	242	145	401	624	107
93	96	236	378	196	502	579	112
97	103	221	362	201	495	534	101
105	130	217	354	197	492	617	118
99	133	210	361	195	497	590	117
100	126	185	369	191	421	478	92
91	120	108	246	153	283	525	96
85	114	94	189	109	245	520	99
75	80	92	212	117	263	531	109
74	81	108	201	134	253	519	106
66	80	123	405	213	245	555	105
74	88	127	418	221	285	507	98
92	88	126	423	226	300	542	98
98	88	128	440	242	308	479	71
144	86	119	472	254	304	492	95
151	85	105	322	193	319	454	99
143	80	104	295	183	341	451	95
131	76	112	313	188	367	443	93
143	72	105	280	172	371	471	106
110	71	109	237	143	365	451	89
102	68	108	246	151	365	424	85
107	71	108	264	147	342	409	86
112	65	98	236	131	330	354	86
87	68	98	223	113	325	249	62
108	57	86	216	112	336	274	71
107	61	91	221	102	353	275	67
108	60	80	190	96	311	296	69
130	67	82	195	105	295	374	95
224	68	80	188	109	307	386	116
230	80	87	197	131	364	363	111
235	81	88	161	127	332	376	114
235	76	94	161	128	323	401	111
229	69	91	160	119	333	311	98
