0	1	2	3	4	5	6	7
245	129	115	109	50	68	253	97
248	120	181	131	51	68	214	97
261	120	191	230	69	83	175	93
273	121	206	247	86	367	537	163
215	128	241	260	98	413	693	181
217	162	317	353	128	417	703	189
296	182	335	362	131	426	723	194
327	223	334	310	128	452	763	229
370	305	345	315	135	319	611	190
461	321	353	336	142	286	466	171
495	312	291	246	122	291	619	213
476	332	254	227	128	296	648	250
470	325	246	226	130	333	628	220
444	302	293	214	114	319	596	223
352	285	282	202	107	374	606	229
428	286	299	197	105	550	652	302
434	285	286	194	99	582	637	284
431	270	310	212	99	547	641	285
426	209	239	193	95	565	723	292
423	205	206	154	79	580	720	298
295	174	189	168	75	420	559	185
284	113	207	177	72	366	564	195
279	110	190	161	63	364	530	195
271	111	184	169	66	334	412	178
298	112	192	168	67	203	394	158
321	134	200	147	62	198	443	198
397	134	194	152	65	211	462	200
483	149	169	147	64	207	502	216
506	153	179	141	61	257	505	220
483	146	181	143	59	264	537	216
486	128	173	160	65	294	549	187
431	123	164	159	63	286	642	169
309	90	180	159	59	288	653	161
269	82	202	155	56	216	655	155
273	86	216	143	55	260	665	167
222	79	212	126	53	219	614	152
182	86	210	107	49	218	501	144
223	95	194	102	48	215	575	141
224	99	195	105	49	216	607	155
282	96	170	108	51	158	579	167
287	98	162	105	46	149	577	168
284	88	159	108	44	157	584	162
278	86	162	105	43	161	512	155
276	81	124	106	44	168	504	144
227	83	150	106	41	195	493	121
201	85	166	110	44	202	498	115
194	89	173	127	49	190	563	112
157	86	175	130	53	177	609	117
179	88	173	126	54	165	587	116
190	86	156	123	56	149	581	113
211	86	170	127	57	143	714	132
227	85	173	116	56	145	630	137
228	78	173	117	57	140	556	131
227	78	189	124	65	137	580	131
207	86	196	125	70	108	611	155
226	86	166	109	70	149	470	155
210	89	214	111	69	141	482	157
240	96	224	113	70	141	473	157
231	99	212	110	70	149	506	157
232	91	200	121	63	144	535	128
202	88	199	123	62	111	507	115
262	92	132	106	64	116	484	107
239	89	127	97	60	119	526	127
249	93	145	123	56	110	509	128
245	93	149	125	56	104	459	135
241	101	161	124	63	98	493	147
171	95	170	120	59	104	637	162
205	90	158	120	62	95	665	141
185	89	170	92	57	96	724	138
203	182	232	118	59	98	753	132
200	200	245	119	51	86	725	120
222	204	247	127	50	67	625	97
177	213	293	137	48	65	705	91
194	210	333	149	56	65	634	98
200	149	333	124	53	58	571	110
205	124	334	130	56	58	603	102
201	117	326	126	59	66	650	99
206	103	291	115	58	77	553	104
198	106	244	113	62	83	546	105
207	93	210	114	66	91	594	107
202	116	240	117	61	109	641	117
184	129	260	120	64	108	608	123
212	150	315	118	70	109	623	130
238	146	321	141	73	113	747	148
221	148	328	152	70	108	761	143
224	141	334	145	71	96	746	145
242	138	338	144	76	97	716	147
222	117	294	162	80	97	751	144
213	132	277	143	83	89	626	128
242	128	268	133	99	88	618	147
238	120	221	131	98	81	572	140
224	120	215	147	103	93	584	131
244	124	202	148	109	91	458	141
264	109	212	134	105	126	458	146
245	125	183	129	94	136	469	122
249	143	203	144	105	136	474	121
246	143	255	160	108	142	578	134
235	138	251	158	100	145	606	119
197	140	259	183	119	165	605	117
197	134	266	191	133	176	542	118
202	113	269	189	155	239	530	120
273	102	199	290	227	269	566	179
449	104	238	320	299	361	649	327
471	113	234	376	332	458	718	349
465	151	225	406	333	492	724	352
462	159	216	420	341	498	740	354
429	159	252	402	308	537	729	326
246	167	218	396	259	508	625	180
199	169	230	362	229	407	593	141
243	129	237	338	240	364	746	153
390	114	228	378	287	349	756	267
389	112	212	384	339	275	717	276
379	145	250	384	328	243	720	273
374	138	230	372	342	278	799	271
346	136	227	387	368	470	785	278
220	145	248	399	366	482	822	209
209	151	264	358	320	483	779	198
207	109	244	367	348	482	840	210
214	103	237	357	343	525	764	211
211	102	256	334	315	377	635	183
151	84	238	289	273	336	541	135
152	70	210	313	286	319	556	126
222	62	193	286	260	336	636	163
215	59	213	308	265	262	574	153
222	55	186	342	327	240	580	158
219	57	181	328	334	239	641	155
224	55	163	301	322	248	672	163
178	52	158	332	326	240	515	120
182	54	121	365	432	222	588	117
187	62	138	338	387	214	581	115
197	59	126	323	371	210	596	122
229	63	124	389	365	232	537	132
245	64	125	423	382	227	534	140
250	62	129	436	340	216	438	144
237	54	110	467	325	216	461	136
271	57	103	471	348	270	551	155
252	51	104	424	399	272	579	139
220	56	125	396	397	246	570	118
