0	1	2	3	4	5	6	7
159	53	51	63	55	301	162	121
176	51	50	66	59	411	141	133
175	61	58	67	68	424	121	112
162	49	46	66	66	391	118	99
175	50	48	64	63	382	117	100
196	50	70	63	58	399	99	100
173	52	74	62	63	368	81	79
158	42	71	65	52	371	91	77
164	43	71	65	58	366	105	87
162	42	70	64	58	360	108	91
136	43	46	51	63	358	110	85
124	41	40	46	60	303	101	85
124	42	33	37	58	243	122	94
120	40	32	33	50	222	118	86
145	42	37	34	50	221	124	86
144	40	35	34	46	261	127	94
150	39	35	37	46	297	138	95
171	36	35	36	45	289	115	90
170	35	35	33	44	291	115	89
145	34	28	33	44	295	119	106
138	35	32	33	39	275	114	99
140	34	34	28	34	219	98	99
115	36	34	28	32	218	87	96
133	38	37	30	32	233	79	100
142	43	37	29	30	243	84	84
140	45	37	28	32	221	92	80
144	47	37	29	30	213	107	79
137	45	35	28	29	224	112	77
120	44	30	29	31	231	129	75
97	37	31	28	30	217	119	61
115	36	28	27	30	203	113	61
108	37	27	28	28	198	148	60
109	33	27	28	27	170	149	64
106	33	29	27	26	147	133	63
104	32	28	28	28	158	130	63
100	33	32	30	26	145	130	67
110	33	35	29	26	156	93	70
108	34	39	31	26	170	91	73
114	34	38	31	27	200	90	67
110	36	40	31	25	197	86	72
97	35	35	29	25	192	105	69
93	34	33	27	26	172	94	63
93	35	28	26	27	156	88	58
97	36	30	28	27	147	95	62
102	40	33	29	31	140	109	57
108	40	34	31	33	146	100	56
106	50	39	34	32	173	92	59
110	56	50	36	31	183	99	82
99	55	50	35	31	147	100	84
96	54	49	33	26	143	107	83
98	54	52	32	27	160	112	85
83	51	54	30	30	158	118	81
81	44	46	28	29	180	115	59
91	55	52	31	30	191	113	62
89	53	51	32	32	195	91	69
83	80	49	31	30	186	74	65
115	101	47	32	32	188	65	67
116	103	46	30	33	157	58	68
116	102	50	33	32	140	48	67
152	151	53	35	37	136	47	55
216	266	61	46	46	142	75	72
240	308	72	48	49	267	151	112
295	334	94	64	62	294	218	167
367	392	130	70	76	299	224	176
400	405	175	81	80	318	314	187
435	587	194	83	88	319	428	218
580	694	289	90	91	260	483	274
638	758	353	132	114	290	515	287
688	751	366	181	149	300	543	283
686	776	379	190	150	330	600	281
705	691	379	204	158	350	642	451
636	604	431	280	233	442	744	469
652	552	473	318	283	428	744	499
641	602	559	302	276	423	762	509
644	646	634	314	286	433	865	540
639	604	658	339	364	508	838	471
612	750	770	336	387	474	780	501
631	787	767	356	421	479	809	488
716	786	772	381	466	501	808	507
738	772	731	406	489	511	692	494
868	828	776	470	568	461	690	525
894	711	656	486	553	437	665	483
879	719	781	471	536	491	767	524
893	698	734	502	573	538	1016	620
946	809	846	498	576	502	1007	652
852	802	861	491	494	463	1038	693
909	905	832	452	509	552	1192	680
857	866	695	427	482	498	1157	642
716	872	694	365	394	531	994	547
599	722	534	337	357	592	1096	666
605	685	465	274	325	621	1039	557
454	540	448	256	261	506	827	556
436	523	437	241	247	508	799	537
448	466	401	239	227	418	725	533
436	449	365	228	222	478	509	344
275	356	269	157	177	462	499	331
231	246	252	149	163	465	478	300
220	184	172	141	141	447	332	287
153	155	145	121	137	417	274	245
148	140	143	116	130	214	211	149
137	123	144	81	79	223	158	100
141	110	153	80	67	222	139	91
122	97	143	85	79	216	131	87
105	98	144	85	76	213	113	88
105	96	153	80	71	203	77	75
109	97	171	86	78	151	54	68
117	109	162	87	86	158	69	76
133	104	161	74	77	164	67	83
135	104	159	77	79	165	67	79
133	89	142	77	81	190	68	72
123	83	111	69	75	236	70	72
100	60	106	53	60	237	52	64
71	63	97	55	57	235	51	53
61	55	90	46	53	235	48	46
56	53	79	42	49	237	47	42
58	56	74	42	44	190	39	43
54	53	71	39	42	172	37	40
58	46	58	36	38	168	35	37
67	40	55	33	40	202	39	40
66	38	53	34	38	180	35	42
64	42	48	32	36	159	37	40
66	42	44	31	39	191	38	45
57	39	42	29	40	205	38	41
53	42	42	29	40	188	40	42
59	42	43	29	38	189	41	42
79	40	50	30	36	187	40	40
89	42	57	34	38	165	46	51
91	45	59	37	37	161	50	63
92	47	60	41	39	142	45	80
104	54	67	42	38	124	44	87
100	52	63	42	39	141	47	90
90	51	55	38	37	172	46	83
94	50	53	35	39	195	44	74
99	54	60	38	35	198	50	63
90	54	55	37	35	202	61	88
81	59	57	40	35	214	69	100
85	62	55	41	32	193	68	100
82	70	61	43	32	164	68	102
78	113	54	40	36	177	65	97
86	131	54	41	39	287	60	95
87	134	51	37	39	285	48	85
127	161	61	40	43	281	45	93
132	158	56	38	40	278	45	91
133	133	59	40	42	326	63	92
127	114	57	39	43	257	60	64
126	114	57	40	43	258	61	56
101	96	50	35	38	278	69	49
101	100	48	34	38	306	73	51
96	96	45	31	35	309	71	70
188	127	52	48	44	302	89	89
207	126	53	54	61	364	101	132
264	126	67	58	75	510	171	158
289	141	92	61	78	526	175	188
347	157	106	63	88	598	194	233
636	144	122	63	135	711	216	389
854	205	170	84	145	733	219	445
877	222	178	92	143	644	179	440
909	283	250	108	157	751	238	439
947	288	257	111	167	787	471	471
817	294	275	126	152	774	494	402
637	259	268	190	172	751	493	338
631	291	283	199	178	750	559	348
610	242	234	192	182	693	585	349
550	241	242	205	181	650	460	277
500	255	238	289	182	558	432	199
524	265	229	259	155	516	432	203
491	222	242	259	161	506	430	263
464	215	251	334	181	512	405	259
452	198	234	361	190	411	355	261
519	167	209	291	172	394	387	296
463	167	225	286	171	426	393	294
445	150	246	363	162	536	376	227
445	136	233	336	129	618	347	220
431	173	241	309	99	646	349	216
313	174	249	318	107	656	317	176
275	172	293	368	113	647	358	167
270	174	251	367	119	603	292	172
243	169	242	342	122	447	284	159
214	140	238	394	147	413	286	151
220	141	235	409	152	407	306	151
209	121	155	364	151	412	249	144
192	120	147	313	165	417	261	127
189	136	140	319	155	524	358	136
341	137	136	267	142	587	421	181
353	131	132	247	141	608	445	175
390	126	128	273	142	612	461	185
437	127	123	236	128	600	547	203
446	116	124	225	140	584	553	196
373	111	128	210	131	531	517	159
359	116	152	229	151	512	502	153
326	117	146	241	159	513	502	141
269	115	199	279	158	546	397	119
273	119	218	290	157	447	300	131
266	110	211	287	157	423	287	170
274	110	195	283	127	399	363	181
317	121	197	270	111	378	469	201
317	113	137	237	100	326	461	201
342	122	109	216	87	304	501	227
325	123	111	220	84	282	520	203
321	129	121	210	97	291	454	208
253	118	119	215	106	287	352	185
298	138	125	205	110	199	440	193
308	131	128	206	115	186	432	175
309	127	166	247	130	212	421	174
300	118	176	244	132	250	443	162
297	118	174	214	122	247	454	169
292	120	174	236	120	255	499	190
251	124	188	283	125	267	479	169
247	124	163	286	152	263	501	158
346	129	142	283	166	278	551	175
430	151	143	283	179	287	571	172
423	152	200	315	177	272	470	136
459	165	209	296	172	259	469	158
524	186	214	251	133	251	442	201
512	191	230	259	106	202	378	230
450	197	305	345	104	175	327	240
448	210	285	345	110	186	377	257
485	202	281	331	112	257	583	303
450	205	283	386	191	299	657	308
428	211	318	478	218	311	640	273
427	195	265	435	220	316	671	263
422	170	254	406	217	357	652	281
336	161	257	428	223	401	619	257
317	204	289	414	190	379	554	243
290	210	241	301	166	357	569	264
297	208	226	284	154	361	634	283
347	208	221	285	175	545	707	263
343	215	224	308	165	530	596	233
320	190	200	283	146	522	593	215
380	182	198	274	160	540	689	252
383	190	199	286	167	581	639	251
319	204	211	302	153	379	576	240
313	215	203	284	174	308	583	241
337	201	178	288	176	353	689	252
254	194	192	416	212	347	581	186
245	183	229	494	235	263	528	166
328	194	255	540	296	334	536	189
406	183	272	569	565	584	747	263
397	173	313	617	590	607	668	273
411	197	336	655	633	605	666	297
438	199	318	671	666	626	748	304
450	187	300	669	692	669	751	326
408	185	297	767	652	540	551	340
392	188	268	728	687	513	543	328
418	183	230	691	687	502	558	310
404	201	229	657	731	567	470	342
323	197	232	652	786	542	464	311
289	201	250	490	688	487	428	225
363	188	228	540	656	454	424	226
402	173	227	492	652	553	515	269
411	167	242	531	618	511	495	231
429	166	260	536	513	454	444	225
455	148	212	533	530	459	485	237
472	151	241	534	564	545	527	274
432	145	253	504	510	478	413	241
404	124	230	447	442	428	395	225
578	129	196	402	411	465	400	291
599	135	205	480	406	568	373	363
571	133	252	555	428	529	244	351
557	129	246	570	444	495	244	349
577	131	258	561	510	535	330	357
400	113	266	561	569	534	340	313
356	127	286	507	536	425	308	247
335	138	231	404	485	373	312	225
349	154	241	456	494	400	347	234
336	159	228	473	506	492	322	238
341	160	216	461	452	467	410	227
330	143	182	458	473	454	418	196
340	147	171	462	484	473	432	201
320	129	149	486	504	491	431	182
302	116	137	450	463	357	415	160
288	113	130	480	502	350	339	162
278	114	136	476	494	365	349	154
271	115	150	448	482	443	388	133
257	110	147	407	444	478	360	122
256	109	151	412	413	470	336	121
