0	1	2	3	4	5	6	7
472	615	379	286	130	308	480	250
437	609	477	340	133	319	541	276
500	662	517	347	119	354	578	367
551	644	528	331	112	328	589	395
638	676	544	336	120	303	716	456
654	708	580	280	112	299	664	459
650	696	559	203	118	301	642	456
576	657	555	225	127	304	664	411
597	756	579	274	130	294	664	459
605	761	583	269	117	375	507	469
571	713	561	259	109	425	612	482
603	812	539	278	123	577	664	506
618	875	509	337	138	627	615	503
559	854	458	297	133	615	762	445
552	802	430	295	150	737	942	432
725	820	445	318	174	850	983	582
864	775	386	304	161	793	975	700
865	823	530	259	143	747	1099	694
870	766	527	286	170	774	1072	697
844	765	540	311	162	675	983	713
888	789	583	305	144	498	980	710
914	812	666	371	165	439	953	632
962	717	576	340	164	447	870	642
1024	698	627	383	147	411	794	673
1000	767	696	379	142	440	743	656
889	794	730	523	182	459	653	561
726	807	704	527	174	458	705	558
747	825	718	545	176	445	686	595
678	821	668	529	172	421	670	579
694	745	597	535	188	268	668	534
665	690	602	435	156	197	687	523
748	590	649	377	153	203	695	511
691	503	704	446	175	180	631	515
682	512	775	522	194	185	638	479
761	490	781	506	175	180	696	511
821	494	726	505	196	207	741	593
933	665	748	590	212	178	728	554
917	703	797	534	197	172	714	489
1020	707	742	481	187	171	778	520
1020	716	763	492	210	267	948	577
973	701	779	490	194	265	918	467
784	545	705	417	181	264	887	480
888	556	621	425	201	282	888	545
855	542	675	461	194	288	947	560
829	582	646	458	179	199	735	495
819	612	605	517	197	172	668	514
922	661	626	550	228	240	809	583
844	608	769	603	252	252	993	532
809	592	793	663	279	254	940	529
769	556	827	687	281	253	971	521
901	591	868	654	270	268	978	579
845	563	885	624	238	222	940	507
811	581	836	633	203	217	786	503
796	730	854	639	191	203	713	463
770	728	940	738	217	212	680	473
701	649	935	775	231	249	737	436
669	668	990	898	252	246	656	418
698	700	981	1016	298	234	579	406
688	644	991	1056	300	256	661	481
711	620	964	1047	310	283	832	445
645	704	999	1093	310	240	780	392
643	653	968	1095	317	232	741	409
795	619	1033	1046	302	270	807	550
865	543	1091	1063	339	291	728	519
864	585	1076	1029	315	261	444	557
828	498	1080	942	305	259	409	558
839	519	1119	831	279	270	417	583
705	509	1149	856	291	256	374	479
595	528	1145	753	263	223	360	441
583	475	1131	764	264	222	356	408
649	484	1132	775	267	222	412	395
725	506	1056	829	287	223	419	324
691	495	974	748	277	206	323	274
647	454	897	785	271	202	325	258
641	444	890	729	279	265	483	239
579	437	941	773	291	266	522	237
388	398	1001	782	285	251	515	218
439	407	977	763	263	233	560	256
476	412	997	685	243	239	614	253
637	446	1051	806	307	192	522	294
665	426	1001	805	307	193	458	284
692	402	996	845	347	214	476	295
705	371	1085	811	355	248	498	292
726	373	1104	942	398	246	481	288
565	438	1042	933	367	223	464	230
561	480	1027	931	372	236	460	238
577	466	1019	886	350	252	457	281
499	481	1063	983	385	228	371	250
452	487	991	951	373	221	310	253
458	522	1059	994	392	248	341	301
407	494	1035	1013	383	262	353	313
356	608	1078	1030	386	246	330	282
370	611	893	1033	365	244	346	276
452	590	1000	1072	354	269	528	326
632	484	915	1025	315	277	613	339
644	555	1022	1119	331	248	601	320
630	467	962	1123	321	236	605	312
688	449	934	1052	292	266	664	395
625	454	820	1023	290	248	522	362
454	508	826	990	308	222	392	319
460	460	650	862	298	222	382	326
559	434	662	825	281	225	431	348
