0	1	2	3	4	5	6	7
66	136	151	63	36	258	158	61
102	138	165	65	43	261	164	69
102	142	166	63	45	276	174	70
114	136	174	64	50	338	181	69
136	103	163	63	47	327	193	82
138	96	158	56	46	326	177	78
130	97	142	51	42	329	172	81
132	85	104	45	37	352	166	80
124	55	56	40	30	250	160	79
101	58	61	46	33	267	144	67
101	55	61	51	34	269	150	63
91	49	56	51	34	275	153	54
110	45	56	59	38	262	160	62
111	53	59	61	37	255	172	64
112	51	46	54	36	248	167	72
103	52	46	49	34	247	133	68
95	49	48	48	34	238	141	76
67	47	44	40	32	266	152	71
66	35	42	34	35	285	141	72
86	38	39	32	34	239	185	85
89	37	36	30	36	291	194	86
87	39	36	31	39	294	184	76
88	40	35	28	38	260	206	82
87	42	36	27	36	255	215	84
59	36	36	30	37	255	174	58
61	37	38	36	35	207	171	54
59	39	35	36	33	205	175	53
58	41	38	40	33	177	141	42
56	37	33	38	33	246	138	37
58	37	32	37	34	254	145	47
52	35	28	30	32	238	139	45
55	35	31	31	30	232	181	53
58	37	31	27	28	245	173	56
55	39	32	31	26	168	159	52
59	39	33	32	24	189	171	53
58	41	36	33	25	193	177	53
69	37	34	33	25	191	156	58
73	32	32	31	25	189	170	55
80	37	36	28	25	245	185	55
81	39	37	27	26	239	194	57
91	38	34	26	27	240	196	59
121	39	38	27	27	251	199	53
125	44	37	30	31	264	232	61
124	39	36	31	35	229	233	68
122	37	33	32	36	206	212	66
124	39	32	33	35	201	210	78
95	38	29	33	38	189	221	80
86	30	30	34	34	191	181	75
93	37	31	37	37	187	175	74
95	41	34	36	34	183	177	73
99	39	35	37	36	186	179	74
89	37	33	34	32	205	131	68
91	40	36	33	35	231	149	69
84	35	37	30	30	226	148	65
84	35	38	32	29	228	148	69
62	34	37	31	28	228	163	53
62	36	39	35	30	233	179	53
59	38	36	33	29	198	158	56
60	40	33	34	29	252	166	57
57	37	30	34	34	266	183	51
71	40	33	33	35	265	170	72
86	40	32	30	35	259	157	76
88	38	32	30	37	257	151	73
84	39	32	27	38	270	191	85
91	39	33	28	34	282	190	83
103	42	33	30	35	283	178	70
101	43	35	31	39	294	201	67
108	41	35	30	36	290	212	68
112	39	34	31	35	214	184	61
111	42	44	28	34	182	172	63
91	42	47	29	31	204	178	57
89	59	54	30	26	203	156	58
78	62	54	32	27	206	157	59
74	62	55	31	26	206	172	55
85	67	51	32	29	205	172	61
94	69	47	32	30	215	167	66
88	56	40	29	31	191	180	70
91	55	40	28	31	202	170	68
92	70	50	33	31	221	132	64
86	77	58	33	33	271	122	57
77	75	59	32	32	248	161	61
80	74	59	31	33	251	141	58
85	76	59	31	33	261	135	59
79	69	59	28	34	251	128	57
71	60	51	26	33	216	138	63
68	68	57	29	34	224	112	52
83	121	64	34	34	217	130	56
120	136	83	43	51	218	167	74
124	143	80	42	51	247	208	79
125	147	83	42	49	231	203	79
125	146	77	39	48	219	193	79
115	122	77	36	49	250	222	79
104	169	69	38	36	265	268	85
133	239	77	39	36	246	272	106
146	248	73	42	39	248	276	108
161	262	83	53	51	258	282	112
181	263	107	72	59	262	338	131
220	253	131	71	58	250	465	144
248	223	133	91	75	261	486	147
260	212	135	94	79	250	496	145
258	202	138	96	78	241	499	143
249	198	125	97	84	257	453	126
201	195	131	117	96	301	276	96
151	225	160	118	95	401	388	70
156	306	209	164	154	484	472	91
195	334	230	193	197	509	482	101
203	349	268	241	226	549	635	121
265	345	257	257	274	549	750	132
319	349	276	283	324	531	737	163
329	352	267	286	314	479	685	157
328	336	287	306	330	583	709	174
339	350	311	368	422	639	593	174
323	388	330	387	440	678	491	169
313	466	334	404	431	645	406	144
302	512	397	443	490	665	486	144
302	538	440	491	540	633	544	130
319	643	420	444	482	644	672	134
307	747	411	432	451	572	646	127
282	715	401	421	454	585	654	125
263	666	325	371	383	590	607	121
240	644	227	270	266	559	544	104
189	540	194	237	229	430	346	72
171	360	208	236	225	452	324	80
131	294	210	211	172	554	288	70
129	263	205	211	167	551	260	65
115	255	206	212	168	507	175	64
108	210	202	206	156	528	225	67
88	161	186	189	147	534	233	62
90	198	177	175	137	413	225	61
89	196	172	161	132	376	218	61
93	212	167	149	125	363	224	60
85	202	166	150	124	301	155	55
79	203	142	125	92	308	138	45
71	144	119	114	88	319	157	46
72	131	116	102	82	291	145	41
76	100	111	99	80	286	139	46
83	105	113	102	78	286	161	48
84	101	113	99	71	239	167	49
84	90	100	86	70	367	163	54
75	79	104	88	72	391	167	51
63	71	104	98	73	394	163	48
58	59	97	88	68	401	141	46
59	59	94	81	61	417	142	49
58	59	80	75	48	300	145	43
69	56	70	70	42	267	141	43
68	57	78	65	49	283	138	41
66	60	78	65	50	295	142	49
64	59	75	64	46	246	146	48
67	59	68	59	45	195	141	47
61	65	71	57	46	216	140	49
60	55	50	48	44	199	141	52
66	56	46	52	41	212	153	44
74	59	49	56	42	214	132	44
72	62	58	67	42	217	114	42
69	55	65	92	41	194	114	41
73	53	64	91	36	200	130	42
68	49	64	93	37	159	120	41
60	47	64	94	37	172	108	41
64	46	56	88	38	197	113	43
64	41	41	67	35	224	134	44
66	45	42	65	38	230	137	41
63	46	47	64	38	258	124	41
77	49	53	65	50	252	137	46
72	45	57	69	52	253	134	45
85	56	62	64	57	308	130	51
99	55	61	67	54	349	141	65
105	54	58	65	54	327	144	66
96	49	47	57	42	332	139	61
95	49	48	58	58	346	153	62
83	55	43	63	72	305	144	54
60	50	43	65	74	294	118	36
57	64	50	63	73	289	119	41
130	72	65	63	75	393	115	75
139	93	64	55	63	395	113	84
139	105	67	50	42	377	105	86
144	124	71	51	52	376	108	102
148	146	80	56	61	407	119	115
110	174	86	60	61	320	117	101
209	167	86	69	62	290	105	103
244	160	87	78	74	321	142	116
282	150	90	83	76	297	214	118
283	126	82	91	77	257	220	104
279	83	67	95	77	228	223	107
245	84	72	89	80	357	226	115
217	76	72	132	79	351	218	105
170	76	70	142	79	333	184	89
254	101	71	138	76	393	306	133
279	104	72	136	84	456	336	136
252	99	70	140	86	380	340	124
292	125	118	141	85	365	332	131
422	217	162	147	85	363	323	155
402	230	182	147	88	368	208	138
401	267	189	148	84	363	163	136
410	268	188	150	80	353	142	145
388	262	164	112	76	348	173	136
252	205	119	82	69	359	205	112
205	179	83	77	64	311	206	96
180	109	61	72	61	270	200	90
181	107	65	64	69	275	229	81
227	95	61	55	69	274	227	91
228	64	61	68	71	259	195	92
230	62	63	69	68	255	187	85
232	68	66	68	66	255	202	83
225	67	71	67	55	256	210	99
205	74	83	68	48	260	238	105
194	76	84	59	46	269	268	106
219	77	86	63	50	270	273	121
211	71	83	62	51	263	268	120
200	77	75	58	52	249	264	106
168	69	55	54	49	248	230	98
159	65	49	50	42	287	200	96
136	57	41	43	43	293	196	75
135	60	48	42	42	269	201	78
150	52	45	40	45	263	169	75
137	58	45	37	58	265	217	73
145	56	50	39	64	235	223	69
129	55	55	42	62	207	229	69
132	63	49	43	63	189	223	71
119	72	51	47	67	219	239	74
112	65	53	45	58	232	196	76
104	68	50	44	51	209	171	79
106	68	43	41	49	181	165	80
100	57	43	41	47	205	167	77
98	55	46	41	38	222	183	74
137	55	41	42	37	219	207	65
139	56	41	44	38	218	211	82
140	56	40	42	37	250	205	84
139	55	41	40	40	266	237	92
154	46	33	36	41	259	204	102
136	46	31	33	40	248	174	129
133	45	33	31	41	247	167	121
133	47	33	31	45	273	184	123
149	50	33	32	46	292	149	122
131	49	34	33	51	280	164	127
136	59	38	33	51	287	198	103
136	64	36	34	51	286	224	103
136	68	37	35	51	265	211	108
133	71	37	34	49	260	279	112
137	73	43	39	48	242	279	97
126	65	41	37	48	237	262	109
126	58	39	35	49	249	247	119
137	52	38	35	48	212	266	123
121	53	41	41	47	134	198	115
113	62	42	40	38	126	217	121
125	62	42	46	44	144	224	110
142	63	47	47	41	124	216	127
129	64	50	48	43	163	223	125
135	62	49	44	40	197	226	122
196	56	50	42	44	203	198	131
190	61	57	36	39	175	198	129
187	67	57	38	44	173	197	107
186	72	56	36	45	131	165	103
183	79	59	35	45	164	156	139
124	79	54	33	46	169	163	166
121	76	48	34	47	171	151	167
124	84	53	35	43	170	158	163
126	79	52	34	44	170	158	166
172	75	49	36	45	174	145	144
169	75	49	35	40	171	180	95
171	77	49	36	40	172	201	100
169	59	44	35	40	173	204	113
168	60	43	34	38	181	198	104
136	62	40	34	39	114	200	99
153	61	40	35	42	104	180	101
150	61	38	37	41	106	155	95
145	64	41	36	41	158	169	100
144	61	40	37	42	175	165	121
125	72	44	37	38	167	196	121
134	74	44	35	36	170	191	121
139	71	45	33	38	168	182	123
128	68	44	31	37	119	155	106
129	75	49	32	33	97	165	91
138	57	47	32	34	102	146	109
137	58	49	32	31	92	132	114
133	59	49	34	33	88	134	142
167	82	54	38	33	86	149	152
174	81	51	39	34	62	160	164
173	82	54	39	32	46	136	154
165	84	55	43	33	68	147	153
182	85	54	41	27	69	152	133
170	68	50	40	27	76	170	137
171	64	51	40	27	78	156	119
187	80	50	38	29	85	154	124
186	84	47	37	29	69	200	123
196	90	51	37	30	72	205	129
193	87	48	34	31	89	188	135
235	90	51	32	31	89	201	137
229	73	47	33	37	147	203	132
218	62	48	32	41	186	148	132
198	53	45	31	41	188	173	122
190	53	46	35	46	204	201	95
130	45	38	37	53	242	190	84
114	45	42	41	54	211	191	76
128	57	45	45	57	201	210	81
142	59	48	55	60	368	189	78
139	57	47	55	61	392	149	80
165	65	53	57	56	370	167	113
171	77	54	58	51	371	163	113
168	76	54	61	50	364	135	105
151	74	50	53	46	205	117	97
148	79	51	51	40	125	171	96
184	89	51	47	39	130	155	56
203	82	50	43	39	153	161	61
209	78	48	36	32	160	183	62
212	86	50	39	32	145	208	68
250	83	53	41	33	139	176	71
203	71	53	46	31	152	175	65
207	71	52	53	33	151	179	71
211	70	51	55	39	146	153	87
206	62	48	54	40	156	120	86
172	63	40	51	38	161	126	101
192	56	36	49	42	164	130	102
167	56	34	51	43	162	123	94
140	55	34	49	42	157	132	75
148	54	35	51	43	145	153	79
157	62	41	58	43	201	168	75
150	66	40	59	41	238	179	79
164	65	45	71	44	244	178	85
199	65	44	75	42	241	174	100
216	66	47	82	49	275	164	101
249	67	48	82	61	260	191	119
258	65	48	82	64	245	177	122
248	64	45	84	65	234	190	123
232	63	51	89	72	237	213	124
213	62	52	87	69	235	254	128
163	53	48	85	62	209	235	109
131	51	47	86	58	176	233	103
139	62	53	74	54	199	223	100
134	62	49	62	44	240	200	91
141	62	48	57	40	241	173	92
145	58	49	57	42	238	141	93
179	63	51	53	42	243	174	92
166	51	45	49	43	248	191	92
161	49	44	49	44	216	198	91
162	50	42	48	44	211	180	95
146	49	40	49	43	231	214	91
111	45	44	58	50	239	219	93
124	45	43	54	44	215	210	91
151	47	43	57	46	205	242	107
143	46	42	55	45	195	233	94
157	47	44	54	43	198	205	89
159	47	37	46	35	178	198	93
