0	1	2	3	4	5	6	7
684	982	824	207	160	548	687	231
667	990	844	199	155	613	757	265
719	1047	817	276	261	583	800	301
682	1027	830	272	283	566	741	291
648	875	730	260	285	563	747	284
550	774	680	253	292	454	831	324
567	749	592	251	293	372	704	359
486	621	572	174	208	320	533	320
461	556	566	152	167	295	516	321
428	540	448	140	148	272	485	317
394	459	449	132	126	265	302	257
315	354	438	128	118	282	195	155
263	340	435	95	83	266	158	100
215	241	235	91	72	268	134	79
172	198	210	84	67	274	149	72
173	172	185	73	65	345	145	72
167	182	194	69	57	287	151	67
133	161	174	63	53	281	150	64
118	153	179	50	41	277	122	59
124	173	186	48	56	421	93	53
131	183	180	43	56	366	79	54
142	165	146	38	58	365	68	53
134	145	133	37	58	368	65	56
135	155	115	33	58	371	62	51
151	136	95	33	46	209	74	57
169	120	89	33	42	159	80	57
187	144	78	37	47	153	117	88
188	147	71	37	47	150	118	88
187	134	59	40	46	133	120	86
166	142	96	46	40	88	112	81
139	140	102	47	39	91	106	85
90	105	99	47	28	91	103	56
85	118	99	49	32	91	102	50
106	129	97	47	32	90	106	52
117	111	64	47	37	89	114	62
113	112	57	46	38	83	122	53
111	110	55	43	36	84	106	49
174	129	64	50	37	76	112	54
177	132	70	53	38	74	111	53
172	130	70	50	32	75	112	43
175	133	71	53	32	68	122	45
179	157	80	53	33	62	126	45
132	169	90	46	32	65	122	44
113	155	89	39	29	64	124	43
106	167	88	40	31	57	114	43
100	166	87	36	29	53	102	42
113	153	102	59	35	42	108	47
97	108	87	63	40	33	114	46
102	105	87	65	41	60	142	63
105	88	96	67	42	61	147	62
133	111	124	70	46	63	146	64
122	109	114	57	42	64	126	61
121	108	114	51	37	69	132	61
119	109	116	59	40	56	105	49
121	109	109	77	40	57	114	48
94	79	76	86	43	63	147	63
88	61	67	84	43	73	179	64
100	61	89	86	41	81	313	78
106	55	84	82	41	105	330	76
106	54	96	90	44	107	328	76
100	54	109	105	44	108	330	63
106	57	116	111	49	112	339	80
99	62	140	111	50	119	259	74
97	64	160	117	50	107	343	84
203	62	187	123	62	154	505	149
258	75	201	119	76	318	503	156
279	91	203	129	89	351	493	150
284	91	202	161	93	355	487	151
332	104	194	165	102	356	455	182
325	104	173	153	101	342	411	149
332	129	266	161	88	211	415	148
315	138	308	172	81	151	497	156
320	174	303	145	80	168	510	172
433	166	302	143	74	255	615	235
410	167	328	153	92	263	617	238
382	149	293	183	105	252	619	237
382	132	256	172	102	254	642	236
377	116	264	188	110	258	645	233
193	177	278	187	107	202	532	143
272	191	241	182	87	237	433	169
273	192	194	150	87	325	628	194
276	191	194	154	84	324	631	192
305	188	222	141	73	308	638	194
299	143	222	153	70	291	666	192
234	122	236	183	78	283	791	188
220	118	237	189	67	188	714	166
231	123	230	201	66	185	635	169
220	95	185	199	69	193	637	158
225	75	165	242	93	209	654	159
209	77	145	225	92	168	498	126
263	80	151	215	88	158	405	122
247	104	170	202	89	161	450	119
213	105	175	214	95	181	488	123
187	105	183	160	71	153	437	117
181	106	207	160	62	149	439	111
130	101	198	155	65	144	535	123
166	68	181	173	83	177	521	127
180	68	182	167	75	147	511	122
193	74	224	172	75	146	523	121
207	88	229	169	75	147	571	126
193	94	221	165	72	161	534	119
173	97	218	137	54	138	545	112
160	106	212	138	55	134	490	107
217	114	176	132	55	132	566	107
261	104	162	119	56	145	583	132
272	106	179	131	60	162	566	131
274	122	189	147	58	153	542	134
281	143	199	156	60	190	549	136
237	138	193	146	59	203	495	140
184	136	173	149	65	224	435	109
157	134	177	143	59	202	392	102
166	124	177	130	58	200	455	104
169	90	158	99	54	225	617	121
161	87	174	108	54	226	586	110
161	84	187	110	44	199	600	113
159	79	210	133	53	201	671	114
159	75	216	130	51	203	706	115
150	69	220	129	53	154	610	98
147	66	197	123	60	163	633	95
139	73	195	117	62	164	622	92
152	65	145	84	54	157	635	116
147	70	134	88	58	170	588	111
152	68	139	84	56	148	562	118
163	70	145	93	54	122	550	124
186	68	125	90	53	130	629	145
175	78	162	96	61	133	569	134
189	78	157	102	65	109	581	140
190	84	153	111	73	110	598	137
186	83	151	102	70	105	612	140
169	83	182	113	69	88	578	120
177	75	153	109	64	87	538	112
154	64	173	107	57	79	489	97
149	59	177	109	53	74	486	92
223	57	189	116	61	78	493	93
244	60	166	106	65	84	518	112
253	59	164	102	68	73	527	109
247	70	195	113	68	73	583	108
249	74	285	130	65	78	689	123
191	75	285	129	62	80	686	120
161	75	286	135	61	80	684	102
166	79	287	139	60	90	729	108
168	70	251	124	59	112	725	120
174	71	161	113	61	115	657	126
163	75	179	115	58	120	695	127
199	77	186	110	65	133	711	137
176	73	185	109	67	137	772	137
185	84	194	115	69	129	785	141
193	81	192	145	80	131	738	125
225	75	161	140	78	126	743	126
188	73	147	144	83	109	678	117
184	79	194	144	83	94	673	127
179	71	190	142	83	88	668	113
182	76	172	91	69	79	726	118
147	80	169	92	78	77	747	117
146	89	210	99	69	83	755	114
164	88	171	97	70	100	701	102
158	92	170	98	73	101	678	111
188	105	194	104	77	99	619	110
186	106	209	103	71	100	520	105
206	97	180	97	67	98	598	131
203	102	219	122	70	87	572	137
200	112	234	126	72	87	624	131
186	95	217	125	68	93	696	138
189	100	228	130	72	92	725	137
168	105	265	131	71	85	643	116
162	96	237	118	66	83	767	118
208	77	226	128	67	98	702	135
184	75	227	151	89	111	640	128
194	67	224	156	98	132	653	126
207	58	181	161	108	148	694	129
237	65	177	161	114	167	585	150
206	62	180	152	117	159	639	134
230	64	173	152	113	149	676	145
238	62	141	167	107	138	619	150
239	67	133	156	105	130	660	143
214	56	132	152	103	110	629	113
218	57	127	158	104	107	590	125
187	55	148	158	106	114	600	101
189	56	190	157	125	119	738	119
196	47	187	169	122	173	689	148
204	48	194	170	144	209	708	159
215	48	255	184	183	220	716	159
237	56	248	183	204	223	757	160
250	51	225	165	199	263	708	155
238	55	235	168	207	242	721	140
225	57	227	219	224	217	731	120
201	58	155	211	192	209	715	114
236	48	142	198	173	235	622	122
224	52	128	200	165	280	613	158
228	46	134	214	167	282	563	162
235	59	188	220	139	279	613	168
245	60	191	218	135	296	674	168
212	68	194	233	134	292	708	173
203	64	191	256	193	226	677	131
201	64	166	261	204	211	674	115
186	55	96	230	202	215	573	106
180	55	85	226	213	208	663	124
201	58	86	224	209	196	663	129
195	62	90	207	171	183	655	132
184	64	114	174	142	182	667	133
