0	1	2	3	4	5	6	7
525	349	633	437	120	92	423	209
526	281	665	447	123	96	461	215
488	318	676	495	131	98	511	208
460	341	694	507	129	79	494	208
347	359	680	420	110	72	487	168
296	349	676	414	110	80	574	160
314	328	606	402	110	89	560	202
314	338	600	301	93	92	566	182
264	290	550	278	95	91	516	173
280	255	484	259	86	93	534	181
272	259	462	225	81	91	430	174
241	262	520	219	77	91	414	122
233	206	532	236	79	83	348	125
276	257	535	218	68	79	456	122
270	250	506	261	72	81	496	124
375	288	518	306	86	88	491	155
374	313	480	321	89	95	544	152
418	315	475	321	89	105	667	203
418	303	473	334	98	115	624	209
457	313	560	284	91	116	606	216
431	311	626	264	80	108	660	196
440	290	620	262	78	92	638	192
428	297	610	299	93	85	522	150
455	297	685	346	89	75	551	171
440	292	567	355	92	95	565	159
393	310	494	390	93	101	636	162
373	318	575	383	92	100	638	178
348	335	615	378	88	105	682	172
300	318	581	356	93	119	665	171
269	335	592	352	91	109	642	178
305	303	657	403	105	104	511	179
319	326	636	412	107	108	509	159
305	319	602	385	99	112	413	155
299	324	603	375	96	99	461	125
280	294	602	399	100	94	458	110
256	290	570	326	89	92	468	99
241	262	586	352	85	99	517	123
254	256	644	371	88	88	575	139
231	299	694	417	98	81	561	145
230	324	758	443	97	86	729	152
236	352	764	425	95	98	773	169
273	363	835	419	97	94	734	162
260	373	781	470	110	134	778	157
346	346	797	453	103	133	759	175
428	358	833	578	138	158	709	217
453	436	807	723	166	158	680	228
457	422	698	720	168	157	672	227
483	420	721	728	169	132	796	234
481	447	658	712	170	150	798	227
463	447	689	630	149	123	732	213
448	346	762	497	126	127	767	194
502	344	816	544	130	144	815	243
479	364	812	493	121	145	720	231
428	342	831	530	129	135	721	240
372	304	715	486	116	130	725	215
363	291	645	435	103	139	679	204
247	309	632	359	94	122	633	139
261	253	620	369	95	113	495	139
256	216	568	324	85	112	506	100
263	226	578	304	89	127	482	106
262	235	532	296	89	106	569	114
287	212	429	311	84	106	639	145
273	220	451	320	84	110	647	142
306	224	442	309	80	112	623	167
291	204	432	324	75	101	593	167
269	172	448	324	83	120	574	163
265	164	450	329	87	141	495	138
268	198	442	327	84	136	488	139
248	189	402	320	82	134	482	127
289	196	367	296	84	145	521	135
303	209	335	306	79	134	458	154
271	201	321	269	71	108	425	149
295	178	320	280	81	116	510	153
278	175	323	292	81	113	518	137
238	167	307	286	80	99	506	120
209	147	307	276	81	110	497	86
212	145	322	325	88	112	501	89
167	123	258	260	74	104	421	78
161	129	243	233	69	105	427	83
174	146	261	287	84	113	397	81
172	160	300	298	94	103	359	78
164	167	255	246	92	102	408	70
158	171	253	246	102	152	463	61
162	159	270	264	103	147	441	60
144	145	257	212	89	135	452	66
132	130	211	188	75	131	475	71
128	127	286	199	73	138	487	72
146	105	279	192	64	102	462	86
140	101	260	171	63	107	461	99
126	111	264	168	65	110	457	98
135	109	267	162	75	119	474	104
136	95	185	132	69	109	418	109
117	100	215	132	64	97	365	105
116	90	212	134	66	95	462	95
135	71	199	110	63	104	461	96
131	62	181	105	55	103	432	86
137	79	189	105	53	104	428	75
142	81	163	104	58	111	445	71
150	103	176	128	61	111	335	64
136	107	212	131	63	126	441	67
136	111	212	132	58	118	479	73
129	99	222	153	67	130	509	79
117	105	242	159	64	121	501	73
94	84	226	138	58	121	560	73
115	86	205	143	61	124	538	72
127	84	209	151	67	132	519	81
127	95	201	153	64	124	530	76
128	90	213	167	63	122	520	78
142	92	205	165	63	125	483	76
129	82	192	160	57	94	393	74
109	79	186	155	53	85	415	69
105	69	180	149	67	88	476	77
105	59	124	116	67	95	556	88
91	69	123	109	64	105	545	87
96	70	144	114	67	111	641	91
102	76	174	121	66	106	630	78
105	79	191	100	47	96	562	76
104	80	186	103	52	98	563	72
101	71	183	105	58	91	574	79
93	70	187	101	62	88	509	83
98	77	208	95	63	90	545	100
91	73	192	89	62	104	532	97
91	73	194	82	58	99	458	89
87	73	194	79	57	104	551	95
89	73	182	86	54	109	560	88
