0	1	2	3	4	5	6	7
102	177	215	181	215	785	464	344
114	183	205	183	221	772	481	320
116	221	205	182	214	716	477	301
127	317	177	119	157	709	476	292
139	354	186	112	145	714	482	294
125	349	184	104	118	428	287	281
123	364	189	123	116	289	271	252
123	391	190	122	112	284	263	241
125	427	210	115	102	270	261	242
118	447	206	112	98	364	289	264
126	448	214	112	99	493	369	329
133	457	230	95	84	497	358	275
173	454	254	97	95	500	368	281
178	366	239	99	101	518	371	284
177	305	222	89	97	572	349	287
184	315	212	87	93	506	237	220
221	346	201	86	93	497	206	210
206	332	168	75	75	487	177	202
187	310	151	62	62	480	167	191
188	338	158	60	68	355	153	183
201	376	171	64	77	303	128	147
178	334	175	62	89	255	101	141
160	303	179	59	92	300	109	142
167	302	173	63	98	362	129	193
160	270	170	66	95	384	148	183
170	233	162	67	96	361	138	202
138	248	175	69	89	384	146	371
139	250	168	71	87	410	158	395
173	258	163	71	88	381	150	382
186	270	157	69	88	331	119	379
160	247	150	72	84	350	117	374
168	232	115	68	75	373	121	237
180	331	103	67	74	335	103	199
159	367	103	62	63	293	92	178
145	375	106	59	61	290	104	172
140	380	99	55	67	405	127	183
142	381	93	51	71	404	134	163
180	331	94	59	78	387	135	195
171	283	95	64	84	430	212	395
208	261	81	69	93	576	447	496
244	258	76	69	85	506	476	553
251	271	78	70	107	573	505	623
266	227	101	117	118	737	544	679
282	222	115	140	134	807	548	664
271	280	120	177	161	756	423	603
275	274	159	204	198	801	419	600
270	243	158	219	218	1061	401	610
279	438	148	213	223	978	349	557
296	483	167	204	221	907	318	479
287	461	169	178	207	923	262	527
262	478	155	159	188	949	224	485
297	531	157	151	190	603	202	434
251	416	163	134	221	588	200	417
212	388	132	130	221	767	265	418
275	487	134	132	227	758	390	435
347	501	137	125	215	698	413	454
323	465	142	120	189	671	413	409
327	451	134	114	144	751	462	547
325	446	147	146	161	770	445	563
287	359	142	143	149	729	359	507
194	315	131	146	154	700	335	480
175	285	124	149	162	732	343	528
178	267	118	151	165	660	278	385
221	247	105	122	145	406	245	353
226	286	130	128	140	388	279	398
217	281	122	127	142	527	318	455
224	299	129	115	128	502	303	383
225	310	127	112	116	454	297	378
246	339	136	108	104	443	288	382
233	262	117	94	103	452	234	342
238	272	110	81	90	305	203	248
248	294	107	81	80	260	200	273
331	316	116	81	75	266	204	279
290	276	108	76	71	274	208	352
286	278	102	93	89	246	256	429
290	266	101	103	91	199	216	433
281	236	97	107	98	179	226	422
151	180	87	106	98	196	233	445
185	196	77	105	102	312	264	469
199	182	74	87	91	312	237	375
244	222	87	77	94	317	281	376
250	193	81	97	97	407	350	400
248	192	88	115	140	652	391	383
243	216	97	119	158	669	388	300
240	215	95	120	156	667	396	309
198	177	83	122	154	731	397	318
200	180	83	113	160	833	338	380
228	180	78	94	130	655	320	508
204	134	74	92	106	587	308	484
207	169	83	94	104	602	283	490
189	160	78	87	109	567	244	489
182	166	75	68	90	319	236	428
145	177	73	69	80	326	189	253
172	167	63	62	82	363	214	338
164	175	53	58	78	361	217	333
189	230	76	68	83	285	232	331
180	223	74	74	91	296	222	311
180	213	77	97	137	325	246	340
175	229	81	101	153	293	257	422
206	266	85	105	158	282	250	421
197	242	73	117	163	293	233	415
198	238	83	156	172	339	272	437
202	237	85	158	148	315	266	435
189	235	88	164	141	303	219	278
135	165	85	163	139	292	225	274
109	130	81	161	145	281	249	334
207	332	89	128	145	199	250	346
212	347	93	117	140	183	230	309
207	346	103	129	149	282	310	494
214	369	104	152	161	329	317	522
258	418	107	202	168	336	292	487
217	332	105	261	208	347	289	493
222	325	116	278	229	368	338	570
254	330	105	279	233	319	347	440
264	320	110	277	242	277	345	402
281	253	114	261	235	278	347	410
267	190	113	281	292	341	353	427
271	223	96	268	281	408	343	354
262	220	107	263	290	439	301	328
252	218	103	252	275	426	297	329
195	244	101	265	294	443	307	384
187	244	100	193	211	392	277	332
271	255	99	201	222	295	235	311
258	300	112	250	209	218	183	314
261	297	112	273	233	240	183	334
266	314	112	268	244	198	221	270
300	349	167	380	366	199	209	250
282	383	195	429	384	202	246	334
285	356	192	410	380	244	282	379
317	373	202	415	399	230	280	354
319	370	206	458	384	218	239	355
391	380	177	391	265	206	254	380
381	354	154	354	276	240	271	392
388	357	157	373	310	201	257	391
369	356	147	388	285	198	259	405
391	332	142	333	283	252	274	429
321	353	136	325	318	363	347	537
281	350	135	416	359	335	359	494
302	357	134	439	354	347	374	477
296	350	140	537	516	400	386	496
260	377	164	590	541	491	446	499
278	365	185	609	561	437	405	391
289	378	191	554	523	448	372	384
431	391	199	541	536	459	350	404
448	398	233	457	396	494	354	395
501	421	217	383	374	398	265	373
483	409	193	361	307	382	242	362
479	370	184	352	301	408	232	357
342	345	178	328	258	417	260	356
420	331	127	307	228	333	256	338
354	274	135	328	242	321	263	367
354	274	135	328	242	321	263	367
