0	1	2	3	4	5	6	7
219	306	151	161	177	602	379	134
190	297	175	221	232	599	321	123
143	227	198	226	249	617	332	119
174	226	193	220	243	589	329	134
177	327	188	217	241	610	341	133
173	332	199	222	239	549	331	134
167	341	199	235	222	584	313	133
153	323	178	210	158	570	240	99
113	300	171	206	152	612	188	69
108	169	167	212	158	552	172	71
112	154	178	229	177	546	171	70
115	130	165	157	128	523	176	79
101	117	144	147	132	527	157	75
100	103	148	155	133	483	167	77
91	125	146	144	115	479	163	71
89	122	123	107	91	504	173	75
83	109	104	98	92	427	149	58
78	109	96	97	83	430	140	54
78	107	91	87	82	468	131	58
84	85	89	84	84	466	122	58
85	82	79	75	60	384	95	54
78	84	72	73	51	403	90	55
89	83	70	59	54	329	91	55
82	73	56	71	66	317	72	49
70	61	56	97	85	336	71	47
76	60	56	112	92	334	65	45
78	57	81	121	92	295	65	44
67	65	94	151	94	283	62	41
62	58	95	144	89	207	58	40
64	55	91	129	65	183	71	43
68	58	94	122	72	201	94	66
69	57	83	124	82	204	132	69
67	46	66	85	78	197	135	69
76	58	66	84	72	378	147	80
97	63	71	98	82	465	146	82
89	64	73	94	71	469	153	75
92	65	63	81	65	523	134	72
102	69	69	88	78	548	173	81
100	59	74	112	86	449	168	74
85	63	86	116	83	341	176	71
84	95	83	117	83	376	163	57
80	148	119	137	83	343	152	57
87	243	162	152	77	385	101	46
118	289	249	186	76	391	94	47
150	292	253	190	83	411	98	65
161	287	256	196	89	386	104	77
173	266	241	209	102	444	141	81
173	191	229	213	104	396	170	83
221	126	151	180	104	394	174	118
212	119	136	168	95	379	160	115
240	106	129	159	89	391	162	116
246	133	147	126	80	286	348	148
311	233	228	124	77	279	369	158
321	247	227	115	73	310	373	138
339	257	232	112	74	352	376	148
335	258	242	118	78	338	381	167
338	278	260	145	74	333	252	155
360	296	253	161	109	371	201	146
425	302	256	168	115	424	206	149
426	294	256	168	116	428	237	149
429	330	258	171	126	413	232	137
450	370	274	148	125	417	179	133
411	310	205	99	96	403	191	137
307	293	208	77	96	324	193	135
300	308	255	96	97	267	148	123
280	270	250	106	81	268	139	123
260	172	203	106	79	385	305	144
224	179	216	107	79	374	320	142
204	177	215	113	68	352	310	137
180	146	149	97	64	351	310	139
183	146	155	108	64	357	311	133
146	143	167	123	74	269	192	97
162	96	149	125	71	249	198	93
192	116	122	121	67	254	203	102
196	140	136	129	74	251	204	103
182	137	137	108	86	228	201	99
193	142	151	95	80	247	167	97
254	154	155	97	82	229	209	104
254	132	159	103	86	224	210	102
248	115	146	97	81	244	216	97
252	119	134	92	68	293	222	95
248	112	124	83	64	266	222	98
214	95	119	81	60	272	138	102
207	99	115	78	57	275	174	99
213	92	129	72	56	255	179	96
213	87	122	71	51	260	186	92
202	78	93	68	58	240	194	85
174	73	90	58	51	241	325	90
156	63	82	50	49	230	321	90
152	52	56	60	46	237	326	88
145	47	64	66	53	184	356	92
163	60	80	74	43	172	368	108
139	78	117	78	53	172	273	101
158	80	119	81	55	174	270	101
166	81	121	73	55	166	263	105
186	89	121	70	69	180	211	100
182	82	111	73	75	238	243	85
235	64	69	81	76	232	253	89
222	78	79	80	75	234	235	86
216	82	78	79	82	279	244	95
205	74	71	81	70	308	368	100
221	75	70	69	61	269	353	100
181	79	76	72	57	263	334	92
214	65	73	91	64	274	343	117
220	64	73	90	57	260	343	110
240	64	71	84	53	236	222	113
223	61	79	91	54	218	208	114
207	58	76	89	51	220	208	108
208	56	65	74	41	223	195	94
235	56	67	82	49	195	210	109
315	55	71	89	51	190	432	161
314	54	65	111	57	200	435	164
327	56	65	116	65	200	442	165
303	63	79	117	67	178	460	155
315	59	80	112	61	180	451	145
225	57	76	107	62	135	249	73
216	59	74	83	57	123	222	63
