0	1	2	3	4	5	6	7
150	202	70	48	57	451	378	404
173	264	87	49	58	453	387	339
215	259	91	48	66	425	446	290
237	269	87	50	78	518	499	392
240	277	90	70	88	598	701	477
343	289	102	79	95	578	857	518
346	255	101	83	108	598	890	557
324	245	100	90	116	731	903	597
330	304	105	93	114	687	908	555
335	348	118	116	142	661	775	493
262	364	129	127	167	750	645	452
275	429	168	184	207	876	626	494
281	494	182	193	216	775	568	444
382	501	204	205	227	761	496	422
474	636	265	197	210	741	455	507
521	686	268	198	204	765	335	533
532	739	254	147	162	612	254	467
567	756	252	143	149	582	211	459
522	800	248	134	140	657	241	521
486	732	201	137	174	770	278	531
445	681	195	139	170	694	286	488
430	587	183	144	172	668	307	476
446	547	187	151	185	744	331	502
422	482	177	145	184	823	438	484
366	407	158	133	158	749	435	353
350	461	161	140	177	715	464	330
354	453	157	135	174	878	503	353
399	424	161	146	174	871	564	412
465	395	152	150	172	749	574	446
476	435	161	153	198	813	636	482
479	353	167	157	221	855	626	556
464	376	176	166	233	711	603	544
366	413	157	163	234	667	582	594
280	454	158	177	243	753	583	688
255	426	155	178	230	659	535	686
246	441	148	170	198	590	540	652
261	431	165	169	180	635	527	653
255	410	175	156	172	729	513	585
333	450	189	137	155	715	482	453
368	461	178	133	141	718	472	434
367	456	163	122	122	897	513	489
373	452	138	115	127	919	559	555
462	581	145	109	128	828	535	558
412	532	135	112	131	770	454	506
373	546	166	117	146	803	437	581
398	569	167	127	179	708	367	596
415	593	166	133	180	622	289	565
317	452	147	129	169	618	276	531
295	422	142	125	173	677	300	597
319	399	112	126	171	630	397	555
301	374	115	116	141	498	457	501
252	359	115	107	133	481	465	470
230	352	110	106	132	487	472	493
234	342	103	103	123	415	462	436
209	348	98	94	101	369	399	445
174	349	103	87	98	363	330	389
169	318	105	80	99	356	366	385
178	388	144	83	94	341	351	375
197	397	144	84	99	421	366	378
430	357	154	92	110	481	481	444
473	368	171	169	147	510	726	535
480	359	188	208	187	558	715	548
480	286	174	211	196	678	735	587
479	379	190	227	205	709	748	620
300	427	183	227	218	699	684	543
287	415	171	190	220	775	481	494
295	411	167	163	200	875	531	491
360	433	160	184	214	849	530	459
426	520	214	291	374	802	521	412
436	540	231	319	394	861	496	510
486	570	229	316	384	875	493	574
506	595	225	317	380	761	487	591
532	681	236	304	392	689	485	637
519	604	196	205	261	669	482	643
594	591	181	155	220	827	520	620
538	596	198	155	222	788	458	606
528	623	197	198	263	765	402	587
485	553	215	217	240	764	380	592
449	545	203	214	220	818	566	675
393	553	202	221	216	616	581	654
431	574	198	220	217	524	570	606
433	529	217	197	200	535	581	602
401	482	196	196	202	545	568	550
458	541	219	190	196	406	383	530
490	536	226	185	190	266	296	503
467	491	227	199	218	256	308	489
453	518	228	198	226	319	410	522
476	625	236	185	230	404	528	592
487	546	211	181	231	474	554	517
405	516	209	221	275	480	543	509
383	505	200	230	287	486	544	502
380	505	178	222	284	715	537	568
399	480	202	236	412	747	503	547
399	500	223	252	454	719	471	574
427	524	231	238	450	722	479	584
439	529	233	244	433	724	487	639
449	524	242	284	443	481	402	566
436	493	246	278	320	321	373	506
358	552	374	267	252	273	348	444
332	532	396	247	213	255	345	547
362	539	399	222	209	228	436	610
372	588	405	159	155	138	453	620
357	532	388	155	147	116	451	676
368	430	244	190	170	123	542	781
352	476	211	214	192	112	593	706
291	460	206	226	193	386	647	641
286	368	188	227	191	419	710	686
287	373	180	234	237	429	711	680
258	412	204	245	291	473	678	584
287	366	203	249	305	573	675	631
314	367	202	285	333	530	578	698
285	378	193	293	377	513	492	685
280	422	209	298	370	562	502	769
328	431	215	303	337	543	489	847
353	422	207	310	349	444	446	831
332	415	200	272	343	357	435	777
342	500	208	259	290	380	476	741
379	523	208	343	374	319	512	663
343	502	178	316	368	387	661	607
391	547	180	311	345	410	773	575
403	568	191	345	377	394	763	523
409	572	181	378	427	395	728	530
394	617	170	309	362	442	693	558
434	650	193	302	359	376	580	643
358	640	173	296	360	348	413	664
340	617	164	272	340	356	452	691
367	564	172	276	315	468	576	736
331	457	164	266	313	516	565	678
264	393	139	292	395	546	538	535
274	325	146	300	398	549	534	511
309	368	141	341	367	551	593	510
266	300	133	335	390	573	695	593
271	347	134	334	378	477	681	602
321	377	192	450	363	468	680	592
