0	1	2	3	4	5	6	7
182	182	116	95	88	355	218	172
198	194	142	89	71	346	213	173
183	188	141	96	67	354	199	171
180	167	134	102	70	406	225	158
151	173	135	107	67	319	178	82
172	159	142	109	76	313	170	68
157	123	115	96	75	315	204	83
156	121	84	78	72	327	219	83
160	114	79	68	62	213	179	77
163	120	77	62	60	203	177	86
127	103	61	55	66	374	204	87
125	124	84	58	79	419	175	68
136	116	88	57	78	408	156	72
132	126	87	57	79	481	157	70
125	110	87	53	81	532	182	60
120	112	86	46	68	439	176	65
121	98	52	37	50	401	163	67
111	96	45	38	61	491	169	62
115	83	42	38	63	436	174	71
128	82	40	40	60	371	144	75
134	81	40	42	62	358	99	67
130	74	43	42	70	396	115	70
137	73	41	44	63	316	101	72
133	73	43	45	60	304	86	62
141	78	44	43	57	297	86	59
153	69	44	44	59	299	84	62
181	52	36	43	52	283	64	67
172	52	35	41	52	248	54	61
171	48	32	40	53	232	53	64
143	33	32	45	56	264	55	59
140	39	31	45	55	279	112	65
97	36	30	44	55	255	158	61
101	33	31	44	52	239	164	70
103	42	33	45	50	263	164	71
109	42	30	38	48	255	164	79
94	36	29	36	46	271	136	83
103	38	32	38	47	250	73	88
101	38	30	36	46	255	60	88
102	28	31	35	45	239	61	84
117	28	30	35	42	224	65	86
139	34	36	37	47	192	69	88
161	37	38	31	48	245	146	98
302	69	66	50	63	276	241	125
375	75	72	87	103	477	270	146
420	82	81	92	109	540	335	171
429	98	102	107	114	571	374	178
565	147	129	156	118	571	392	241
618	145	155	161	142	703	405	292
707	160	191	325	185	723	563	363
691	197	217	390	208	697	578	357
719	199	229	405	208	711	586	370
751	194	231	406	212	734	647	366
765	227	225	440	205	619	675	340
665	262	249	481	223	472	551	258
683	255	250	469	218	459	537	262
721	259	238	456	220	483	665	338
719	264	235	450	239	475	644	420
660	343	255	574	267	474	605	416
656	330	214	488	225	498	623	431
692	320	190	460	235	561	670	443
687	323	199	489	241	540	520	414
602	347	242	524	224	502	461	328
579	252	231	410	184	517	441	335
571	230	222	410	174	526	535	324
552	231	223	430	156	519	480	333
634	225	215	401	145	465	536	305
601	178	180	365	139	458	568	270
594	172	158	345	143	434	605	244
634	170	162	330	136	483	625	272
673	164	155	297	117	409	664	258
552	159	167	309	124	410	641	255
591	140	230	343	141	465	665	273
572	131	268	384	149	540	657	269
577	124	266	368	148	460	536	274
617	141	266	410	152	454	481	270
621	173	260	408	146	446	455	272
609	163	182	370	124	403	367	264
650	175	107	279	110	430	356	279
657	206	123	280	117	439	387	290
627	210	149	227	120	444	404	286
657	180	179	231	121	448	500	300
615	195	202	234	124	465	537	294
626	183	201	238	126	404	526	301
596	146	201	243	125	398	525	255
536	117	206	230	114	387	506	242
455	115	184	219	117	384	448	189
459	100	160	210	123	352	392	175
397	112	185	209	125	239	396	163
429	136	240	220	129	183	403	192
456	154	238	254	133	175	376	200
490	164	242	267	131	158	333	217
530	168	242	265	124	131	372	236
544	161	225	251	117	113	336	247
605	146	178	230	102	101	330	248
587	146	179	205	93	84	350	256
558	153	202	204	86	80	426	258
548	150	241	223	88	122	465	273
528	145	250	224	81	115	557	255
432	146	270	232	72	114	546	244
413	147	285	231	76	122	575	251
471	145	270	218	84	124	549	276
468	149	286	200	74	78	497	257
478	154	280	198	70	75	424	250
476	158	253	184	73	85	443	241
443	151	249	178	76	83	452	220
394	138	255	158	75	80	424	177
392	139	231	171	81	81	422	169
423	142	260	195	89	98	590	216
428	141	267	191	102	121	634	211
467	137	282	206	105	118	587	209
462	139	282	239	130	121	589	200
427	148	277	221	131	122	588	199
525	164	281	226	133	132	528	168
511	170	415	243	136	135	515	181
513	206	489	231	127	140	530	212
633	217	486	200	93	135	526	260
647	207	499	219	90	153	576	269
577	202	485	230	91	145	542	275
571	219	387	237	96	133	513	276
570	215	317	258	122	129	544	265
439	202	343	288	144	180	686	257
430	199	345	305	176	215	732	263
440	192	352	288	177	238	696	270
440	166	365	273	173	234	724	267
519	148	336	261	166	244	742	316
508	153	328	247	155	215	672	292
498	153	297	212	138	186	597	279
445	150	284	204	142	193	562	253
596	141	255	209	162	245	500	286
519	114	299	203	229	278	490	210
550	120	295	218	293	308	444	224
594	137	333	392	346	319	515	241
715	147	342	442	362	310	540	283
608	172	350	466	355	286	626	259
595	173	313	485	378	312	603	266
591	166	299	568	428	332	590	257
602	165	252	478	389	319	593	271
544	154	244	445	386	318	652	271
536	121	219	415	389	306	623	276
539	129	237	393	333	240	639	290
521	133	233	261	209	181	665	295
484	138	255	330	263	221	737	298
388	140	262	445	296	292	769	262
435	155	312	467	304	342	900	291
443	142	311	509	336	346	869	279
434	137	317	514	333	343	839	268
417	124	302	489	357	382	858	244
500	127	300	442	373	393	820	257
495	112	264	475	383	369	748	216
506	113	226	434	391	365	751	211
504	117	216	424	418	377	788	222
547	122	207	435	429	359	738	267
480	115	194	372	418	319	691	255
445	120	173	318	427	323	602	252
431	123	198	398	526	339	727	278
536	122	185	409	522	365	879	331
590	105	185	439	518	369	804	330
568	104	207	521	533	386	834	340
571	95	222	517	522	375	810	329
574	90	187	462	447	370	769	328
543	89	189	463	467	363	560	281
442	92	235	496	503	322	548	223
443	95	237	470	531	257	489	194
462	95	225	499	557	258	479	221
647	101	220	501	566	253	518	286
595	100	244	554	575	292	540	296
596	95	208	487	501	293	539	302
603	93	188	457	420	291	538	311
