0	1	2	3	4	5	6	7
139	89	88	72	31	88	282	101
156	104	218	132	41	84	241	102
188	123	228	143	44	78	239	104
200	139	233	146	45	76	224	104
222	169	241	147	47	60	152	91
222	179	265	154	50	43	145	78
206	182	190	117	46	37	168	70
182	172	178	103	43	33	189	70
167	189	189	107	48	41	238	65
115	169	184	108	55	66	313	78
134	167	137	78	52	77	343	77
138	160	118	65	47	77	344	79
147	161	122	68	49	82	351	83
181	179	99	60	49	86	345	92
184	195	88	54	43	73	305	88
175	199	92	54	43	68	276	98
174	202	91	53	45	69	289	101
192	204	84	49	43	73	321	107
157	162	77	46	38	65	301	100
149	135	70	43	35	63	328	96
153	139	66	47	39	68	359	89
157	161	76	49	38	71	347	91
116	149	77	50	41	64	307	80
122	147	73	47	41	70	305	81
123	143	72	45	39	71	288	83
118	150	69	48	40	63	262	80
122	150	78	48	39	60	252	79
144	146	72	45	38	58	245	100
154	160	81	50	39	49	218	121
157	167	88	56	41	45	186	121
156	162	90	50	36	44	198	128
167	143	82	53	37	44	255	137
179	144	84	54	34	49	317	131
166	129	76	50	33	49	337	107
164	131	66	43	31	47	337	107
167	122	62	43	32	51	338	111
150	114	54	37	29	51	312	105
131	132	61	39	30	47	284	104
143	133	65	38	29	49	304	105
139	123	69	40	30	53	312	110
132	117	77	42	27	50	295	111
129	113	75	41	29	47	279	106
119	92	74	41	34	63	276	105
103	85	71	43	37	95	254	104
108	96	71	45	37	97	270	97
112	80	59	42	38	101	281	84
139	108	70	47	38	105	279	77
129	105	63	46	37	103	237	63
140	106	66	44	38	78	205	68
140	99	65	42	38	86	175	71
136	98	67	41	36	94	167	67
112	73	60	40	40	111	186	70
111	71	63	38	39	118	195	69
102	68	62	40	38	133	232	65
101	67	59	39	40	137	236	62
98	78	64	42	44	207	237	60
107	105	75	50	44	216	221	57
111	107	72	48	43	215	216	51
107	113	72	49	43	213	171	46
103	111	72	48	39	207	124	39
109	112	76	47	37	197	101	57
110	85	65	40	34	182	103	63
104	86	71	40	34	177	116	64
109	77	70	40	35	168	125	65
115	81	69	40	34	168	176	73
115	88	68	43	38	123	195	62
104	95	70	44	38	115	195	63
137	101	67	46	39	113	201	74
141	130	70	47	38	112	233	77
142	135	73	46	40	112	209	74
142	128	63	42	37	62	198	81
150	153	62	37	34	58	238	84
127	157	66	36	34	108	234	77
117	142	62	32	35	112	196	78
115	149	72	38	38	115	188	85
127	150	72	39	37	121	202	108
115	124	69	37	37	145	160	112
119	114	65	38	40	150	215	135
128	106	67	39	41	154	242	151
143	102	61	41	40	157	268	149
136	105	62	41	40	164	254	132
149	101	59	40	42	176	272	138
154	102	60	40	41	219	292	149
149	110	63	44	46	231	271	141
136	106	62	40	44	231	316	144
136	105	66	44	46	226	324	152
122	112	76	49	46	269	314	183
123	124	79	48	44	291	253	169
160	130	82	49	42	303	264	163
166	138	87	49	45	304	176	164
160	137	92	51	49	359	203	159
182	168	108	62	58	349	203	121
197	178	114	69	67	349	222	107
182	180	113	71	68	337	209	105
186	178	113	72	68	344	220	97
190	183	110	72	66	316	210	89
169	156	98	63	58	294	208	75
147	142	99	57	47	244	189	71
143	140	102	54	45	255	198	70
136	143	111	65	49	245	197	76
131	140	114	66	49	211	164	75
140	150	111	66	50	208	183	89
128	143	103	64	47	243	186	106
120	137	102	63	47	237	180	110
109	128	86	49	41	239	206	105
110	123	81	48	40	265	256	114
115	104	76	52	41	262	228	99
127	106	74	52	46	238	249	75
131	113	72	57	46	225	281	68
129	104	74	58	47	224	258	67
129	107	72	55	45	207	265	51
110	102	68	49	46	222	274	54
106	95	72	48	42	191	256	67
94	82	64	38	44	192	259	71
111	112	83	43	43	196	252	71
125	120	87	49	45	269	252	75
130	122	93	51	43	307	287	73
148	129	92	53	41	309	308	67
145	129	95	55	39	320	334	64
146	121	86	54	44	337	340	63
137	120	87	51	42	274	334	58
138	126	86	49	41	206	388	68
116	125	87	49	47	233	399	72
124	123	85	46	46	216	447	74
108	109	76	42	40	197	467	80
104	101	70	42	39	202	500	89
97	100	69	41	40	230	468	88
92	90	58	36	38	201	467	100
86	89	56	36	38	208	385	99
95	97	59	40	41	215	389	97
96	88	56	39	46	231	414	102
98	81	56	43	47	198	478	109
101	81	56	40	43	213	507	104
107	84	58	40	44	216	527	105
93	68	50	34	41	193	532	116
87	79	51	39	39	158	586	121
104	120	62	47	42	157	537	113
103	121	63	49	44	185	547	108
94	120	64	49	43	178	570	109
96	139	65	51	43	184	605	103
121	140	66	49	44	197	705	107
105	108	52	40	42	208	766	110
104	110	53	43	44	211	760	114
104	108	49	44	43	202	746	111
105	84	49	43	43	200	701	109
79	84	50	41	41	186	495	94
71	78	44	38	38	168	378	86
86	91	46	33	35	93	374	92
84	93	47	31	35	89	338	90
85	99	53	32	36	70	347	85
85	93	51	28	34	61	317	85
97	107	53	28	33	67	281	90
82	94	48	28	31	52	172	71
86	152	63	35	36	79	162	70
116	289	86	73	52	96	140	76
129	301	87	76	50	98	142	75
157	299	123	83	53	103	159	72
199	301	158	98	59	108	172	75
213	311	222	103	61	94	162	76
244	213	225	81	49	88	264	91
246	219	279	98	53	94	348	99
236	228	302	126	59	86	352	97
253	252	330	206	69	84	419	103
264	309	346	238	88	87	429	109
245	338	356	243	93	106	391	97
249	331	355	262	99	133	388	97
259	347	462	358	105	136	423	110
234	375	522	358	102	143	391	106
233	369	543	341	95	153	462	112
307	435	578	346	93	138	509	121
351	513	573	342	91	111	496	115
389	542	509	294	86	111	467	111
401	539	436	261	94	135	466	117
393	522	463	278	90	124	400	114
351	581	510	289	99	154	524	151
325	575	536	297	97	151	620	161
307	599	563	296	110	148	631	159
338	627	570	307	111	123	667	161
348	650	522	302	120	150	721	174
348	553	543	292	121	157	620	147
357	566	698	356	136	163	513	142
340	558	789	312	130	176	589	155
321	575	838	315	138	200	615	168
382	580	855	325	136	213	559	169
376	624	837	407	145	188	584	180
364	581	885	555	229	200	609	188
356	544	855	621	268	213	713	192
368	525	858	637	275	195	708	197
331	503	907	699	292	172	755	196
321	445	927	677	292	178	801	185
325	473	776	536	235	175	803	181
332	464	713	469	192	158	692	183
285	438	655	488	181	157	646	164
256	532	713	410	160	157	607	159
259	537	664	380	164	200	562	174
256	563	658	378	175	215	666	192
242	584	641	359	170	210	637	174
244	556	695	350	159	208	612	168
221	429	515	315	150	200	662	165
198	393	459	298	130	220	665	159
161	264	395	250	89	281	526	143
143	179	356	248	85	297	500	145
120	176	154	117	88	310	523	146
121	181	138	91	72	353	478	134
125	185	122	84	74	345	427	109
123	171	154	180	83	298	426	82
123	178	145	188	86	288	487	77
122	167	147	188	77	277	575	102
132	144	152	189	79	219	542	101
128	129	157	207	78	181	516	97
118	128	186	145	62	143	526	97
114	116	207	159	57	132	478	89
112	114	215	155	57	127	332	56
96	109	213	156	58	138	348	53
98	108	216	137	50	122	374	56
108	109	253	150	54	127	444	56
109	106	252	182	60	123	510	73
107	96	259	185	62	114	517	77
113	101	258	187	60	94	497	79
108	95	250	183	58	85	490	82
99	89	161	166	53	76	407	81
98	95	196	168	53	69	282	67
91	93	205	184	54	66	318	65
186	175	214	182	55	58	319	73
191	188	228	185	56	50	265	66
220	211	240	217	59	45	253	70
228	224	260	177	48	42	276	69
240	246	242	161	45	45	216	66
223	240	271	184	48	46	199	54
344	330	284	202	51	47	231	77
374	325	293	190	56	58	277	80
434	386	268	264	81	61	371	119
448	390	356	333	92	57	408	125
429	408	386	330	97	62	468	129
346	333	397	324	97	70	549	130
336	338	405	311	92	64	560	140
265	283	393	253	73	63	511	119
319	277	358	163	63	66	556	133
339	218	324	149	54	62	518	137
364	228	328	200	64	60	426	142
381	224	346	212	67	56	386	135
372	211	366	212	67	58	419	129
307	208	326	206	62	58	337	113
327	229	317	206	65	66	393	121
322	230	282	153	52	61	529	123
264	222	227	137	48	62	531	117
298	226	187	132	52	72	514	136
292	208	180	127	51	69	510	137
236	186	149	125	46	78	449	122
200	173	137	121	48	90	280	104
210	169	125	123	49	97	310	108
177	154	121	111	47	92	274	95
190	181	107	98	44	96	325	111
195	175	129	93	44	81	357	114
188	177	137	96	43	71	366	112
166	174	141	90	43	70	409	112
139	161	128	101	42	81	462	104
124	126	149	115	42	81	417	79
155	153	151	108	41	82	451	83
162	172	209	102	43	86	453	88
179	209	212	95	47	88	412	93
182	227	237	118	48	75	385	86
245	267	261	145	54	80	429	102
232	265	270	182	58	80	381	110
266	359	283	222	63	107	485	158
302	401	289	251	73	105	489	161
326	422	479	313	90	109	598	172
287	447	619	369	94	106	591	174
342	476	675	424	103	108	616	171
378	417	723	439	102	92	654	155
386	454	731	461	104	93	652	161
386	472	683	445	98	94	598	169
389	461	606	435	112	100	591	163
369	435	563	393	116	112	603	191
382	446	483	389	125	113	492	227
399	402	549	438	137	114	535	235
390	360	532	463	133	112	467	223
417	318	484	451	119	103	501	225
400	366	526	443	114	89	539	202
437	445	554	490	119	87	556	142
436	416	628	449	102	81	515	128
448	429	622	413	103	96	664	147
447	445	660	391	100	124	750	153
449	414	603	379	96	124	749	165
390	369	626	367	93	116	786	157
349	366	609	388	103	118	776	149
332	364	620	375	103	115	789	148
332	351	673	403	114	105	880	149
356	337	693	421	119	111	840	128
335	324	672	357	105	113	816	142
326	308	578	344	95	109	854	143
384	286	571	359	94	101	760	135
397	290	470	346	92	85	529	127
392	292	504	363	90	76	548	133
384	238	537	353	94	80	519	121
387	241	519	296	93	85	586	119
338	244	525	291	92	103	637	113
347	260	537	280	83	99	671	116
341	323	596	236	71	102	666	121
336	306	542	238	64	95	679	117
329	311	559	238	57	90	623	120
328	314	507	239	59	90	591	121
379	304	495	230	58	107	551	121
370	229	554	217	60	104	537	111
396	287	560	247	64	115	511	123
404	323	542	252	70	143	574	112
389	316	544	238	68	132	598	109
280	315	513	228	70	130	597	107
272	307	321	239	70	135	638	123
214	247	347	201	67	124	667	131
187	198	377	248	86	92	598	136
184	201	422	247	87	92	521	147
206	175	426	238	87	78	503	158
230	183	413	270	91	81	460	159
251	177	392	294	95	90	456	158
321	146	352	254	76	93	454	160
321	123	288	277	79	88	467	148
299	121	294	275	76	95	508	132
271	88	268	244	77	104	648	114
268	83	260	222	72	104	601	102
187	75	259	216	76	105	618	93
230	60	280	159	71	118	619	116
235	61	275	195	80	109	590	115
236	57	276	200	78	93	492	118
203	63	246	188	76	82	513	112
199	63	275	186	72	76	466	118
145	60	261	195	67	54	473	89
130	61	295	165	56	60	487	85
123	63	295	152	53	54	429	81
139	57	301	158	55	54	459	83
125	58	272	156	50	57	451	70
162	54	238	147	55	55	429	81
164	52	180	142	56	46	454	82
182	56	181	144	53	51	418	90
177	54	191	158	61	61	448	82
199	52	212	185	68	69	449	92
177	54	239	181	63	69	496	105
175	51	247	185	64	80	461	108
153	43	243	202	74	75	462	97
148	42	224	197	75	74	422	100
126	45	198	175	81	70	427	103
109	46	200	176	86	132	378	80
146	54	212	175	87	156	421	99
158	56	216	134	79	159	459	106
190	64	214	120	74	161	477	127
204	61	222	125	66	162	566	126
206	60	192	121	66	130	580	130
185	54	164	126	67	105	563	121
179	58	170	158	69	106	555	122
150	56	194	164	71	110	527	107
140	57	191	159	74	116	417	108
135	56	184	162	74	112	391	112
129	55	177	156	68	109	358	109
123	50	154	118	65	114	314	102
118	41	156	110	60	103	300	91
105	47	180	104	52	93	301	93
112	48	193	99	44	92	311	86
139	51	198	91	44	82	311	89
145	54	197	94	43	66	358	87
147	62	210	114	48	68	362	91
141	60	183	117	50	74	378	73
137	63	186	117	48	55	353	74
117	68	180	116	56	65	365	66
118	67	179	113	54	68	448	78
108	60	142	81	48	70	435	85
