0	1	2	3	4	5	6	7
645	743	252	214	253	411	720	204
658	785	296	244	279	478	803	214
683	809	328	271	312	468	970	237
624	814	461	401	440	463	985	235
599	830	473	422	501	698	1053	249
660	894	478	472	535	738	1035	294
700	898	501	500	618	904	1081	309
718	871	523	506	663	912	952	292
834	945	585	451	666	935	922	314
884	939	613	442	637	834	868	322
902	862	649	387	610	817	885	363
910	846	675	362	533	602	768	350
912	869	690	333	459	564	686	338
802	760	574	270	310	678	862	330
727	743	534	232	278	626	947	350
626	706	502	247	279	599	914	284
532	664	429	213	247	548	841	268
466	689	359	214	240	565	879	281
501	744	332	255	318	427	731	290
528	723	302	239	291	401	609	251
452	713	252	213	285	395	591	223
454	712	219	194	274	382	594	220
433	598	202	189	269	394	526	206
334	418	177	120	176	439	400	155
300	328	158	120	168	461	315	140
228	291	139	114	144	453	310	134
228	296	147	111	132	456	288	135
229	300	137	104	112	405	261	115
215	285	119	102	107	295	248	105
185	305	113	89	88	371	251	97
184	269	97	82	84	395	235	96
187	255	81	77	83	395	246	92
199	276	77	72	84	392	216	122
236	324	75	47	58	372	199	129
227	299	62	40	42	318	186	123
224	310	63	39	41	287	178	121
207	313	66	42	45	276	221	127
188	279	69	47	47	283	201	89
132	219	65	44	49	377	203	73
150	223	68	46	55	327	200	78
150	179	65	43	52	330	208	78
146	161	59	38	49	332	150	65
155	166	52	39	46	325	160	67
167	184	54	42	43	192	160	66
171	186	51	43	37	172	156	67
184	190	48	42	38	157	184	74
187	173	49	44	38	176	164	72
177	158	47	43	34	174	148	66
182	138	49	41	34	184	161	73
164	120	43	37	31	191	180	63
140	148	42	37	31	194	147	48
158	161	47	36	35	184	159	50
161	164	47	33	35	205	166	50
147	171	46	31	35	187	147	42
147	195	51	31	37	186	123	43
140	160	47	28	35	186	114	43
109	152	41	26	34	185	100	44
106	151	40	27	34	159	90	49
156	174	46	29	36	171	119	53
175	177	49	33	35	167	130	69
173	185	51	34	37	166	130	72
179	193	54	35	35	169	153	78
178	188	54	35	38	167	181	79
136	170	48	35	36	138	177	84
159	219	46	33	35	128	170	70
158	220	44	33	36	161	172	66
156	220	51	38	45	188	157	74
155	221	51	35	45	187	119	69
166	215	51	36	46	211	102	63
141	160	54	38	51	219	122	71
148	154	62	40	51	200	123	75
146	137	54	35	42	202	108	57
157	143	57	37	43	204	132	61
138	144	54	35	41	240	135	58
150	180	56	32	36	240	116	51
146	216	48	29	35	235	129	48
143	226	47	30	39	223	146	49
134	245	44	27	37	260	134	44
133	241	44	26	35	203	141	43
91	207	35	27	33	219	145	38
113	218	47	28	33	225	264	58
153	221	80	39	30	205	346	91
170	203	157	99	51	151	382	105
233	219	306	162	58	150	512	173
241	219	326	192	61	181	556	189
251	236	347	205	69	207	545	199
248	230	389	219	81	235	533	190
259	240	420	232	84	268	678	233
228	257	358	207	95	276	692	248
241	250	363	198	97	259	681	247
258	223	364	233	99	237	743	243
264	274	329	264	108	212	737	252
312	274	283	243	103	226	755	235
310	245	280	301	109	266	690	181
304	275	288	304	116	281	676	175
282	275	265	271	110	279	589	172
299	228	257	232	95	288	631	185
254	212	233	242	101	285	600	198
258	215	214	185	109	344	576	199
346	188	178	176	111	339	687	257
370	174	197	193	118	346	819	298
345	161	223	225	124	546	850	291
336	166	223	224	121	576	841	263
342	178	246	204	100	526	906	269
244	171	253	205	93	519	871	210
194	133	240	219	91	537	744	138
191	151	209	190	88	353	681	129
249	166	216	177	83	269	611	157
228	177	233	172	83	273	556	137
227	179	216	162	86	272	527	136
226	181	212	127	92	271	589	144
259	163	212	122	92	231	640	180
195	142	208	116	88	251	592	165
186	104	175	180	88	238	561	163
204	99	192	187	79	228	621	178
203	99	185	178	65	173	577	174
162	102	189	175	59	264	547	127
158	94	193	182	71	253	620	136
172	100	184	139	75	249	658	139
160	102	172	165	82	249	607	126
183	107	235	209	85	270	631	130
180	111	240	210	88	182	583	133
172	110	231	226	90	203	602	114
185	126	218	223	97	219	621	122
232	131	248	247	107	222	717	142
231	133	199	227	111	227	805	142
229	162	197	228	114	324	824	144
232	183	195	207	110	309	803	146
249	175	202	201	98	305	803	169
227	170	176	148	85	313	735	148
231	164	184	132	88	296	622	149
233	142	183	167	139	299	681	161
261	168	207	177	136	434	765	227
248	237	205	179	145	489	748	209
356	259	224	201	149	486	763	262
370	266	218	209	155	509	874	291
376	265	214	182	108	474	843	285
362	241	192	202	132	426	746	235
374	191	186	218	136	419	728	242
246	221	168	195	139	427	699	185
330	233	169	243	165	425	622	218
351	234	191	295	183	498	694	231
350	241	204	297	174	493	766	238
328	243	222	289	178	467	842	240
361	253	248	296	177	459	878	238
297	342	274	259	144	438	985	190
290	342	259	205	154	339	966	196
287	358	268	180	231	319	888	193
281	347	259	193	224	287	880	214
324	314	264	250	243	314	894	236
338	211	254	296	269	342	770	242
319	235	270	333	272	359	753	245
317	212	283	342	206	373	762	258
336	214	280	330	213	419	765	244
316	261	233	283	190	399	766	238
292	289	245	226	150	371	721	223
313	270	237	168	155	343	798	264
319	273	223	142	159	401	923	279
383	270	252	181	181	441	879	322
404	237	268	190	194	442	860	316
428	261	268	191	199	446	872	317
416	307	308	196	171	468	782	275
417	321	322	254	180	438	713	260
355	326	309	255	153	351	773	215
318	310	352	241	162	357	787	231
315	303	377	249	170	361	855	233
338	271	385	237	170	416	863	239
540	272	366	170	174	341	893	289
558	280	375	118	168	332	843	281
547	308	336	130	160	320	866	274
516	294	314	106	152	304	802	265
498	286	261	104	153	183	844	254
267	273	268	94	134	164	876	191
245	264	251	95	145	163	855	178
217	230	246	82	143	153	758	162
242	177	226	95	150	165	882	189
353	165	236	93	140	152	810	204
400	151	226	99	154	250	655	198
390	141	221	100	144	271	650	198
412	171	212	101	120	271	750	210
412	175	224	105	112	278	600	236
365	188	221	126	134	380	733	255
311	177	209	131	122	320	741	250
296	183	215	132	126	308	785	246
297	152	214	141	144	311	760	264
295	141	180	134	156	319	830	244
260	122	223	147	155	233	830	242
349	145	262	159	155	241	853	278
371	143	262	172	161	235	824	285
343	149	258	174	158	229	819	262
388	153	254	170	139	202	767	249
384	167	246	159	122	135	769	216
313	181	234	167	128	113	851	198
323	174	223	152	126	123	881	204
327	178	277	147	136	134	871	208
267	181	314	180	169	139	830	203
249	167	303	182	192	203	734	212
236	136	306	171	198	209	613	205
247	138	304	188	231	213	644	244
253	120	268	199	252	207	634	244
239	121	244	225	260	211	681	250
244	124	241	232	257	218	649	239
264	115	215	236	252	234	733	235
231	108	220	223	220	226	671	196
228	125	221	210	191	228	640	180
219	121	246	157	171	219	590	172
219	113	223	134	155	219	636	177
239	109	222	145	153	203	567	184
214	117	229	182	154	215	560	170
202	104	222	185	150	227	537	176
202	88	167	183	130	247	600	182
206	86	177	189	134	275	571	177
170	87	178	188	133	295	576	145
168	79	177	164	133	285	560	136
169	75	176	172	124	284	550	126
217	77	176	183	154	306	677	186
226	75	158	179	160	245	687	203
203	74	155	152	162	208	644	197
200	73	144	142	160	214	641	199
255	72	139	145	171	217	806	231
225	70	131	148	147	286	654	174
198	87	162	154	138	280	617	142
199	89	154	162	129	278	590	140
199	86	151	168	128	277	574	137
151	81	145	157	139	329	344	89
134	83	155	164	130	261	290	81
133	71	186	219	171	257	286	82
183	80	195	230	182	279	289	96
374	95	199	244	195	471	313	176
394	98	193	264	182	534	259	188
397	97	207	264	205	539	250	190
403	104	209	279	171	546	249	198
383	94	207	276	179	576	409	199
217	77	196	264	170	482	384	139
192	73	197	253	183	470	364	120
191	73	192	279	161	461	374	125
196	52	145	227	161	474	495	157
198	52	145	245	167	502	444	158
189	53	155	252	164	498	468	157
157	60	167	248	142	413	523	166
293	65	151	219	139	446	534	201
312	74	181	246	156	535	455	184
313	76	180	226	125	534	487	198
314	89	182	256	129	531	483	205
311	89	172	257	135	529	422	193
195	85	166	254	132	531	419	166
207	86	140	217	113	480	465	184
207	86	161	257	151	418	352	162
203	86	165	256	153	389	323	151
218	85	168	251	150	414	323	152
203	90	167	249	152	449	320	135
170	93	154	266	163	403	199	84
217	92	133	256	132	419	261	120
231	81	119	267	139	433	293	127
215	77	118	279	144	466	310	128
243	71	114	292	147	411	487	173
221	57	105	276	138	423	498	174
212	55	85	247	154	393	467	158
343	59	91	204	153	442	504	208
361	59	129	416	155	413	609	217
348	71	144	449	170	387	483	186
358	70	156	455	167	364	526	188
360	74	176	478	167	367	571	190
243	71	172	554	162	331	578	132
218	69	161	502	176	312	473	115
230	59	157	480	166	305	472	138
222	56	147	485	162	308	413	135
176	53	125	496	170	485	353	125
179	59	133	422	171	480	263	123
191	60	128	328	153	471	364	153
180	61	158	347	151	502	494	167
190	80	159	338	148	518	503	175
189	81	162	292	136	421	508	175
177	77	157	301	123	390	512	176
198	78	153	307	145	380	470	173
299	96	126	257	159	354	389	198
300	83	139	273	167	356	387	197
305	83	142	330	156	298	391	194
294	86	142	354	176	326	377	188
279	87	144	345	167	319	414	176
150	68	140	357	155	328	394	105
125	72	195	356	167	303	406	93
106	74	200	373	195	278	392	91
130	89	206	402	220	223	445	110
147	101	204	405	225	257	390	91
172	99	200	396	227	248	349	91
178	98	163	401	237	232	333	87
183	99	187	356	218	226	369	95
166	82	250	256	172	242	330	76
174	63	249	237	151	221	357	88
157	68	249	231	157	222	355	91
165	61	239	258	145	243	383	99
162	101	233	239	145	239	363	94
179	137	153	240	145	219	383	90
140	144	183	306	176	233	349	97
132	144	211	319	169	219	337	92
116	158	206	271	166	192	286	83
131	139	203	296	180	228	278	89
114	104	213	359	195	253	209	101
156	110	219	306	177	223	241	98
166	157	220	312	181	209	236	97
174	205	258	318	164	244	238	97
180	221	247	294	168	230	255	96
190	227	256	345	207	216	286	99
221	245	242	367	222	235	256	110
254	252	236	358	217	239	255	116
273	254	190	366	220	203	246	124
272	274	239	400	222	180	210	121
273	277	228	320	174	213	157	116
238	310	220	282	143	206	112	95
196	334	203	268	132	194	102	85
159	322	211	242	124	186	99	71
147	310	149	158	68	211	89	66
132	321	184	92	46	164	69	50
116	272	173	98	43	141	157	57
120	233	174	99	50	214	295	65
125	227	166	97	45	215	307	65
114	209	166	89	43	185	310	66
103	192	122	82	43	179	312	67
113	191	180	139	45	179	298	75
190	174	176	150	47	147	211	84
357	174	183	161	66	160	334	124
392	169	207	239	150	177	414	134
396	164	231	309	169	198	510	146
426	199	244	309	187	214	593	174
438	211	265	328	194	191	598	172
334	197	282	346	224	190	552	154
303	194	306	354	198	182	510	154
337	212	299	343	243	180	510	170
364	196	267	385	261	185	467	202
341	207	263	368	256	169	447	206
348	231	245	350	230	161	444	206
368	241	199	316	227	221	525	228
361	228	191	273	172	220	450	220
292	216	227	188	120	201	392	161
274	184	216	190	114	237	402	151
246	195	228	186	109	249	391	145
215	262	227	150	79	215	255	100
182	280	233	133	52	221	221	71
180	278	214	140	64	220	185	65
170	282	228	172	73	177	143	68
165	257	213	184	78	156	108	65
150	190	201	182	78	127	56	52
141	168	182	181	78	80	52	51
131	167	154	166	66	77	45	46
102	162	132	117	54	79	42	44
113	162	128	90	43	162	44	42
110	173	128	81	40	249	59	43
91	166	125	77	40	265	61	42
112	175	112	56	41	266	61	45
131	235	94	47	44	269	61	40
123	230	79	41	39	231	61	37
123	211	69	41	36	160	45	38
147	260	88	41	34	188	45	47
134	285	114	38	32	194	45	45
116	242	139	37	29	195	44	43
108	237	147	38	32	193	42	41
151	277	157	43	32	170	42	42
146	284	151	43	34	103	37	34
157	261	150	47	34	146	36	36
158	257	134	40	34	152	39	35
202	332	218	55	41	152	38	43
230	374	258	75	52	148	37	50
223	338	262	77	53	149	36	47
231	369	264	77	53	89	37	48
252	406	274	82	54	63	33	49
221	355	278	75	47	70	34	43
164	322	252	53	35	71	31	32
189	364	248	52	33	68	31	33
202	381	237	49	34	65	29	32
217	367	247	59	35	64	30	40
231	379	197	62	38	43	29	43
256	341	214	67	39	31	27	47
241	313	232	77	44	32	28	46
249	260	252	85	42	31	29	52
217	260	239	76	39	27	26	45
212	332	253	84	41	29	28	45
177	339	229	81	39	29	26	43
172	336	240	70	32	27	28	45
144	366	228	63	33	29	28	39
