0	1	2	3	4	5	6	7
442	319	487	210	74	104	338	254
419	313	534	258	74	104	366	242
379	327	557	255	77	122	469	250
357	315	543	295	78	125	489	252
415	354	531	290	73	148	507	246
393	357	485	273	76	157	528	228
404	370	456	233	69	165	532	239
419	437	480	237	68	161	496	253
587	446	460	194	83	180	564	326
600	403	512	212	87	174	634	368
683	472	551	263	87	160	594	356
679	478	587	268	88	182	624	351
693	432	577	267	91	183	598	350
575	376	574	269	82	166	516	281
524	375	494	267	79	159	538	214
373	266	530	265	86	166	566	207
455	247	537	299	103	184	597	217
479	234	490	293	96	205	699	209
443	276	490	304	99	204	712	190
461	280	495	324	105	199	631	230
451	291	460	301	113	201	630	251
427	308	401	295	109	175	606	278
404	352	411	326	121	142	464	269
421	320	404	321	122	140	492	276
398	312	399	311	132	157	491	262
466	303	356	302	129	147	469	243
448	286	433	268	123	128	455	217
448	202	475	291	115	122	447	200
431	221	507	355	121	136	414	214
427	262	509	341	111	141	536	209
391	301	511	357	112	141	525	212
343	306	555	375	111	135	465	199
293	329	570	374	113	144	564	204
356	360	551	328	116	159	572	235
379	383	569	322	119	168	498	224
396	376	562	313	110	163	503	222
435	364	531	328	129	187	592	236
505	399	518	340	154	212	535	258
543	408	548	326	158	218	561	329
573	369	581	354	149	194	513	320
543	365	592	355	151	194	494	326
561	378	540	321	135	202	392	323
539	327	531	414	150	199	471	314
484	308	534	425	137	167	420	215
468	348	513	466	157	177	425	237
493	364	508	500	157	202	482	232
446	409	503	525	164	189	507	243
419	413	474	487	138	256	532	236
380	388	422	527	158	272	566	206
350	350	425	511	140	276	644	194
309	326	407	521	146	267	677	211
333	313	423	514	156	277	741	196
348	312	459	463	151	219	764	199
405	314	518	433	139	240	796	231
435	353	644	541	238	255	843	267
475	441	736	575	251	264	859	281
496	445	803	581	243	249	897	319
596	528	800	630	252	252	967	387
611	541	832	744	274	219	946	403
609	521	806	760	203	199	867	387
645	638	752	788	219	183	818	385
671	642	711	814	221	213	828	372
608	586	730	843	216	180	662	298
583	629	776	831	207	171	648	270
579	662	760	798	200	155	695	254
594	490	738	728	167	179	782	246
614	460	914	726	170	174	744	240
671	532	907	680	159	177	862	257
739	484	849	585	152	189	902	239
725	448	843	516	165	214	955	240
653	431	964	539	159	194	878	240
612	452	849	511	152	157	811	208
544	379	941	519	155	161	736	187
470	359	1048	562	142	209	789	210
536	331	1005	549	130	198	733	204
599	362	958	564	131	196	749	188
565	350	969	639	140	217	749	187
543	311	892	631	140	232	750	209
590	297	829	658	135	187	682	205
582	301	873	771	154	179	611	215
514	257	874	805	164	198	716	231
589	221	903	761	168	205	769	250
571	229	1005	779	171	201	693	234
501	291	1017	802	182	200	657	218
436	346	1005	799	185	205	720	217
510	377	1101	738	184	215	829	199
488	370	1138	706	185	195	790	206
489	377	1083	650	181	180	795	194
474	345	1050	550	167	179	787	185
471	278	1069	410	146	183	794	178
430	237	919	423	152	164	677	179
380	227	744	421	137	164	661	141
487	218	684	524	179	162	675	155
480	186	635	520	198	255	700	176
617	220	608	492	204	258	649	226
631	213	633	475	193	248	531	226
618	216	750	549	197	242	568	226
537	238	751	556	191	262	584	212
606	251	767	566	166	199	608	216
470	250	760	577	164	190	628	184
409	260	791	722	172	186	617	165
425	290	708	748	183	185	617	167
443	262	806	753	162	162	623	197
378	266	843	794	165	130	563	189
376	238	852	799	159	113	563	164
401	246	921	717	147	111	547	170
420	229	993	764	162	127	493	184
440	215	960	718	171	142	554	164
433	213	1014	712	180	140	589	152
442	216	999	716	185	143	517	152
449	215	885	684	185	154	523	162
439	203	819	631	167	149	535	168
430	206	787	613	151	124	494	161
388	186	641	566	138	121	441	158
411	234	700	576	147	151	482	191
498	218	755	568	154	168	547	217
490	209	780	525	147	166	531	216
541	228	775	548	152	164	448	218
575	236	799	521	150	177	516	219
563	186	799	482	129	154	585	200
473	186	860	498	128	122	559	156
483	244	839	439	127	119	583	126
387	231	812	395	116	121	579	118
351	252	812	451	151	125	542	127
