0	1	2	3	4	5	6	7
890	191	257	325	192	591	591	497
883	166	268	556	230	602	608	520
887	161	273	581	236	599	618	468
878	154	240	582	225	604	803	459
734	163	219	617	250	625	656	437
736	155	215	635	270	566	681	430
728	160	153	439	234	531	673	470
789	183	136	396	209	453	698	535
775	229	141	414	206	611	501	505
758	212	141	347	162	647	489	494
925	248	158	292	120	606	515	638
1024	246	158	300	117	618	627	629
925	234	148	244	95	615	707	518
893	193	163	248	106	470	691	510
1006	232	179	248	101	349	704	626
945	203	159	249	104	385	678	504
867	193	155	249	99	347	561	491
828	191	163	261	94	343	399	508
883	189	155	204	72	267	407	519
947	158	147	186	71	278	506	439
882	148	140	201	66	204	509	468
855	156	146	176	71	199	520	451
851	161	150	154	73	190	499	441
885	154	146	155	72	187	474	473
705	131	120	146	61	134	352	404
719	133	122	117	57	89	286	357
668	155	173	125	48	74	365	329
664	169	174	117	46	68	374	321
550	213	178	127	69	96	375	324
585	221	224	178	89	96	367	320
590	233	240	200	105	96	377	359
685	236	214	231	138	175	338	359
802	226	207	250	158	463	620	473
862	185	201	242	154	493	635	436
826	176	157	218	152	496	638	442
779	178	142	201	144	500	652	436
730	154	129	151	113	504	664	464
637	143	131	112	86	273	507	360
553	148	206	120	88	220	520	373
557	156	206	109	75	213	511	364
582	146	212	108	78	222	503	402
624	148	215	122	84	188	452	390
648	158	255	127	86	187	362	385
697	148	198	114	77	169	365	404
743	153	191	109	84	192	535	454
786	174	195	111	80	212	562	480
795	204	211	95	78	208	584	552
742	209	233	108	85	198	563	547
754	213	245	116	99	201	529	544
752	225	255	144	114	207	377	547
757	235	244	140	123	180	346	518
713	212	226	144	123	154	325	446
775	220	168	131	120	161	414	470
736	231	165	128	124	159	498	450
863	249	173	117	164	156	555	493
904	247	211	116	165	173	558	448
964	260	226	119	165	185	616	442
964	279	220	131	167	191	577	430
978	300	218	138	166	192	541	431
901	290	232	124	120	163	497	332
822	289	208	139	120	131	507	338
773	276	199	142	126	123	453	370
727	250	197	138	128	110	448	364
773	244	228	211	139	104	419	428
743	249	215	237	285	129	611	469
684	229	225	423	379	154	643	446
705	270	248	545	429	295	770	506
714	285	240	560	481	300	780	505
646	274	227	618	571	317	782	504
605	254	256	759	529	311	626	474
664	253	284	753	621	388	574	509
589	214	277	717	639	351	356	404
620	277	319	748	688	395	387	456
711	271	315	707	655	396	507	531
791	266	289	580	665	399	646	558
794	267	253	477	570	373	676	580
858	275	246	415	559	339	701	634
859	191	197	343	473	288	792	767
782	241	208	459	536	303	776	744
673	259	217	423	533	309	767	710
680	293	256	486	533	266	749	677
673	302	268	525	526	252	738	656
694	297	282	547	555	253	658	524
715	261	267	526	520	240	616	522
718	260	291	530	618	252	531	526
688	210	271	501	627	216	510	513
607	185	280	536	662	317	596	522
657	182	291	657	813	448	690	469
659	179	296	602	791	485	660	416
750	160	277	645	711	473	651	467
763	173	266	630	681	480	664	564
899	188	237	566	620	437	592	590
803	182	199	411	391	292	403	564
790	176	186	376	418	219	408	535
740	206	161	301	444	255	467	512
766	191	157	333	458	266	623	438
797	180	161	433	592	242	598	514
795	213	227	433	580	245	587	523
775	214	227	477	546	226	593	523
877	195	236	469	526	219	535	632
885	211	233	452	510	219	366	714
726	204	229	381	365	218	388	602
725	179	163	414	368	223	406	588
778	173	175	391	420	259	569	591
772	174	164	399	438	336	579	522
762	185	164	390	474	351	581	399
780	180	159	406	487	347	564	395
820	197	182	360	504	366	745	478
837	223	170	373	562	382	742	665
788	248	191	416	578	339	764	636
748	225	180	422	576	305	745	621
784	226	176	419	578	296	828	638
784	226	176	419	578	296	828	638
