0	1	2	3	4	5	6	7
282	430	142	152	203	536	321	448
284	476	153	159	204	577	329	483
333	560	189	169	199	498	280	434
306	502	188	172	204	462	213	395
307	483	198	138	160	579	227	394
307	478	193	145	177	636	281	416
316	478	186	136	172	563	261	386
278	382	155	118	162	552	250	385
233	373	148	126	172	567	255	434
217	361	119	118	176	529	279	478
285	399	123	114	164	512	228	463
314	438	123	114	165	511	222	450
308	420	117	132	188	505	235	446
306	387	102	116	174	521	268	459
332	434	112	117	165	548	242	438
276	419	111	111	160	494	222	338
204	324	127	106	149	488	220	329
211	417	136	86	122	513	216	376
291	535	151	114	152	503	195	345
265	517	149	116	154	329	168	309
260	506	146	128	166	324	427	324
260	496	123	133	174	325	451	346
250	442	108	135	173	279	451	288
155	316	111	131	173	258	453	310
142	289	112	157	185	339	472	402
218	277	110	150	181	331	281	401
227	299	143	152	179	327	271	399
223	277	142	160	193	396	276	419
228	258	126	149	177	380	265	389
231	261	123	114	150	319	223	294
152	295	134	113	144	374	218	408
147	348	113	112	146	403	210	477
153	366	143	138	155	357	194	490
154	383	158	131	139	346	177	470
158	381	156	134	142	335	180	472
164	381	154	137	144	309	161	427
178	313	147	132	141	288	125	352
175	309	127	84	93	267	124	341
154	273	109	92	95	275	128	391
149	264	111	109	110	479	410	473
162	256	109	117	105	489	440	425
169	311	128	121	109	481	439	408
172	290	115	121	112	484	441	388
178	301	125	137	139	527	457	353
187	332	126	128	135	409	248	262
177	306	120	114	131	400	270	284
150	260	98	111	132	395	271	278
141	270	95	111	135	399	269	287
239	378	112	88	113	418	278	345
237	389	119	85	107	377	285	375
239	421	140	88	106	348	207	377
240	440	150	87	101	375	209	430
255	432	154	82	91	390	223	551
214	427	147	74	76	302	179	508
219	408	143	67	64	277	151	468
214	376	120	67	62	259	151	456
208	332	102	59	51	251	145	469
199	395	113	64	53	281	120	334
141	310	92	62	54	376	132	371
124	286	89	59	57	560	178	440
114	308	89	59	59	569	171	436
118	355	98	89	81	561	178	378
101	307	99	90	90	560	184	372
110	290	100	90	91	566	180	484
115	370	99	89	93	503	205	568
132	487	117	87	99	546	225	580
130	507	121	64	96	645	227	597
155	530	121	58	91	730	259	630
321	697	196	66	98	734	253	543
353	755	231	81	100	718	280	395
357	707	255	89	104	791	384	396
406	751	272	103	117	797	431	462
525	788	287	147	149	702	419	431
560	686	298	174	162	733	528	547
552	644	315	180	180	824	705	685
617	796	351	189	197	768	719	883
626	874	453	214	208	691	735	937
592	952	614	192	195	813	827	983
530	1012	614	181	188	901	958	1047
675	1020	634	193	197	813	870	999
694	1029	744	237	252	821	867	857
787	1007	819	280	244	921	950	860
837	1075	827	331	277	902	961	859
916	1127	868	331	309	789	941	731
888	1123	958	360	387	782	966	704
913	1065	930	413	386	745	960	671
894	1086	920	392	391	775	997	623
852	1003	871	410	426	791	956	686
805	987	919	430	456	779	803	670
751	1048	929	478	504	743	787	654
685	1034	921	414	490	810	952	677
630	965	841	421	498	777	847	684
638	969	840	384	466	782	800	576
615	898	795	361	420	750	815	550
584	810	643	267	265	764	781	599
566	772	559	265	264	778	584	600
544	808	539	234	243	725	591	611
506	799	454	197	205	612	587	562
446	820	333	190	195	608	546	561
432	811	323	174	186	588	497	485
389	775	292	163	138	448	407	448
316	682	247	134	128	538	404	376
325	707	336	150	140	588	495	427
362	645	345	147	153	592	492	417
385	636	343	142	156	595	493	425
387	657	348	133	150	580	501	403
393	659	375	147	141	422	425	306
347	632	279	140	126	389	332	259
274	584	256	134	104	385	330	282
242	567	261	120	91	369	307	276
237	571	310	124	93	444	286	346
249	570	289	108	99	558	312	394
241	565	327	108	117	579	307	380
241	564	317	109	115	570	305	364
270	628	329	109	119	609	307	371
270	636	354	105	117	584	298	326
242	646	347	112	108	492	213	276
262	532	318	95	79	393	172	270
270	529	318	88	76	412	166	266
234	466	314	87	82	393	174	282
244	528	248	91	86	380	155	281
262	527	246	80	83	309	134	228
199	485	238	75	87	306	127	223
189	520	253	76	89	334	138	251
187	505	259	70	75	331	129	219
175	396	247	68	73	301	121	188
161	400	258	69	70	289	204	178
171	424	277	72	71	316	213	220
228	515	285	75	75	308	208	226
239	603	289	83	72	284	207	229
236	617	276	76	72	278	209	231
228	596	261	76	75	338	146	230
229	617	226	77	73	324	143	236
233	509	193	71	63	289	137	198
244	428	133	58	63	270	134	198
253	423	148	59	58	334	141	235
254	412	154	67	58	290	128	245
254	377	142	69	61	299	119	211
211	435	151	75	62	297	114	216
196	404	180	81	67	300	118	226
192	424	174	80	66	271	108	210
190	443	166	73	63	292	124	203
179	408	161	64	55	279	102	182
158	350	180	63	60	296	106	227
137	366	161	52	52	351	126	240
146	424	174	54	56	346	136	243
144	414	170	52	54	327	127	242
135	413	178	53	54	317	127	248
146	430	177	58	66	353	135	241
168	452	182	65	67	314	127	219
173	385	171	67	66	275	113	195
171	371	171	68	68	269	144	190
176	400	175	67	70	343	149	193
175	395	155	63	62	337	163	221
177	342	151	69	68	390	188	242
211	296	141	78	77	520	251	295
261	299	139	87	90	616	291	356
279	279	130	96	122	701	352	416
287	303	143	139	165	787	371	507
290	342	166	153	172	809	387	522
255	342	167	167	186	746	355	500
222	348	169	184	202	860	391	504
206	374	168	194	205	852	369	473
230	429	153	181	190	762	350	339
291	548	127	168	187	795	401	314
365	620	139	188	203	835	405	378
491	744	170	186	197	677	358	347
504	842	187	208	200	639	342	341
520	837	195	200	183	741	391	444
520	762	188	208	197	701	321	485
493	733	189	193	186	645	347	457
398	639	168	183	174	676	371	498
420	518	154	162	170	754	454	500
415	494	136	166	188	683	475	467
418	584	140	157	174	650	480	423
432	583	126	149	179	774	473	417
402	554	122	150	200	756	454	422
374	544	127	143	201	634	373	471
381	600	165	157	200	609	339	438
333	519	192	170	202	617	321	442
283	508	192	158	179	551	304	441
310	531	186	160	159	538	294	378
376	520	185	156	139	520	300	305
354	485	155	134	127	659	361	281
348	454	108	116	121	731	498	384
346	449	98	117	131	697	534	573
348	425	98	98	129	725	533	576
274	416	77	84	119	782	528	605
258	326	99	156	207	726	505	650
309	376	121	169	226	660	425	594
318	423	128	167	221	637	391	414
293	418	128	168	223	614	420	420
276	401	129	180	233	579	452	377
271	395	112	123	156	515	424	284
241	387	88	99	121	481	416	350
246	334	77	96	114	479	450	375
255	370	80	95	110	452	481	417
319	410	83	85	109	390	483	437
337	409	80	81	102	365	489	475
306	372	81	81	110	380	466	438
293	409	97	89	119	431	617	441
307	386	99	96	119	425	575	430
243	354	120	96	117	443	598	468
220	375	126	96	136	513	660	454
230	394	129	114	180	591	820	497
248	363	125	151	226	593	704	529
245	329	132	168	250	596	786	549
286	338	113	162	242	649	853	560
284	318	110	164	240	621	823	556
282	299	111	154	206	555	743	550
283	268	119	122	172	516	841	540
257	375	117	124	156	638	836	542
215	436	122	129	163	613	752	483
257	466	138	125	149	571	715	466
270	496	137	122	150	551	623	405
263	507	137	130	126	583	550	517
273	549	147	109	111	454	481	473
292	595	172	151	140	404	458	460
287	673	173	161	152	402	456	466
356	805	201	166	150	387	524	567
377	820	193	154	165	321	494	446
407	777	187	144	153	286	557	450
396	765	186	104	129	297	611	449
385	702	185	122	160	461	729	525
370	541	161	136	179	509	729	515
398	658	214	153	177	522	769	491
379	672	225	155	176	501	712	470
382	632	216	154	194	495	734	536
371	662	278	318	302	449	716	556
422	720	288	424	434	555	806	559
438	684	271	449	486	577	790	556
436	689	268	456	495	582	836	553
438	709	292	476	496	613	836	489
567	723	303	425	491	607	904	468
536	769	319	365	465	514	909	501
519	727	312	357	460	483	859	499
525	792	326	370	463	477	792	504
560	803	309	371	474	431	744	554
503	768	273	366	482	512	650	514
563	702	251	342	442	468	510	524
593	709	275	403	436	440	545	562
597	642	269	445	453	518	607	591
680	705	308	447	456	532	596	590
653	710	290	459	435	376	528	557
600	689	308	504	435	388	626	498
588	700	296	497	404	412	638	486
713	766	310	488	555	305	595	479
616	660	274	475	554	280	605	428
599	659	263	426	514	316	663	468
622	719	255	392	513	363	556	420
631	713	262	444	596	351	544	369
483	639	282	407	475	374	543	343
497	666	322	411	508	378	531	399
483	660	345	427	528	353	451	434
515	680	380	398	503	277	487	416
459	651	381	292	406	297	510	431
444	610	385	413	392	395	540	425
434	694	380	437	336	451	604	501
505	760	408	445	347	505	660	480
498	782	438	470	407	512	623	535
511	797	458	451	435	491	584	538
662	920	450	368	419	398	561	563
707	880	445	423	457	320	478	461
704	874	425	463	475	262	387	486
654	866	368	454	434	293	496	487
673	832	331	468	416	310	528	483
691	736	319	480	497	318	506	475
639	684	309	474	609	313	494	531
594	603	298	672	696	379	565	582
657	445	293	742	759	539	593	613
668	560	305	802	852	537	657	652
511	563	321	816	876	552	671	641
503	636	364	860	877	553	692	627
551	660	354	773	810	516	653	617
485	658	350	761	790	340	578	569
406	595	384	883	781	348	504	572
434	597	407	875	716	417	537	621
522	615	392	879	633	454	634	694
516	578	423	829	628	524	644	654
498	599	428	816	598	518	614	634
511	587	419	628	503	514	568	609
483	540	377	656	498	521	600	618
392	411	368	612	497	500	469	512
413	498	344	587	465	406	391	466
417	515	360	567	473	388	387	477
