0	1	2	3	4	5	6	7
304	359	138	106	149	449	186	335
294	356	132	100	135	522	201	366
283	372	132	102	129	572	243	419
294	402	143	117	142	489	242	363
269	362	130	118	150	466	241	412
222	322	132	114	146	505	269	479
225	308	124	112	137	456	296	520
256	393	157	116	153	428	285	483
240	387	159	107	133	367	266	470
223	392	160	118	148	448	286	457
209	368	162	122	152	486	278	375
274	375	164	120	155	468	240	333
291	301	164	124	153	470	218	332
295	280	156	140	185	610	220	357
298	356	176	132	168	616	184	346
307	374	176	125	156	563	139	351
249	387	205	129	167	576	147	358
209	404	186	117	166	684	193	423
284	401	183	95	140	565	191	426
274	324	170	86	138	500	189	398
269	329	171	111	154	541	205	447
269	314	144	111	153	694	281	432
265	309	135	109	137	615	252	368
245	338	144	101	120	618	252	333
243	344	161	99	130	729	344	382
249	319	163	87	138	954	379	340
284	346	214	85	137	871	335	302
332	320	220	86	133	846	330	303
292	292	229	87	144	928	375	324
333	292	211	89	145	878	329	387
345	330	211	78	118	633	302	392
337	343	202	69	103	586	289	396
308	363	199	66	105	583	296	401
346	434	215	66	95	491	245	382
354	441	217	66	77	432	223	324
384	469	235	58	81	352	194	309
379	448	232	65	87	364	192	305
368	419	223	66	105	617	255	369
332	362	216	71	105	595	252	411
298	383	227	72	105	585	219	354
228	344	234	75	121	764	241	349
208	335	199	103	207	955	310	403
265	431	228	113	232	939	288	396
303	473	253	118	239	939	284	369
354	445	254	125	245	1003	287	387
385	446	233	141	246	956	280	377
407	517	303	162	228	878	249	484
383	487	328	159	208	748	205	444
363	504	314	161	208	743	217	436
299	522	308	163	209	798	311	429
287	576	319	161	217	774	308	509
271	541	287	130	174	696	285	359
245	534	239	138	174	789	288	353
223	469	227	151	194	813	322	394
241	453	227	154	220	709	237	398
280	376	212	160	252	778	253	292
311	441	175	166	279	954	314	319
418	496	183	201	295	950	357	569
496	591	232	243	292	931	322	544
503	629	257	276	352	1025	367	544
508	764	293	284	320	1031	425	590
518	738	318	285	348	843	404	646
477	710	326	281	357	754	377	447
405	646	296	277	380	877	376	470
409	636	300	260	340	890	355	497
487	563	282	307	449	776	277	447
454	562	259	307	417	757	227	336
449	551	256	302	396	752	222	401
635	593	324	344	394	782	279	534
656	618	324	448	419	624	258	524
604	633	338	424	336	601	247	528
604	637	341	421	327	639	265	558
595	628	352	454	383	709	281	562
391	669	308	406	378	712	255	428
394	666	299	275	329	697	259	409
459	600	290	272	325	725	264	412
482	622	289	341	362	883	281	558
473	677	270	313	339	917	296	569
501	650	252	306	326	770	270	551
484	663	252	323	366	816	262	596
488	673	239	329	352	874	391	672
473	662	240	269	316	751	411	559
480	647	243	235	281	677	399	499
452	590	243	292	288	773	400	534
423	604	243	299	269	835	414	536
299	606	250	285	251	753	322	431
281	606	264	271	256	693	264	397
259	576	261	284	270	788	283	426
251	573	254	236	259	717	280	387
302	549	243	236	219	601	256	324
298	517	234	234	242	617	232	355
295	472	209	279	247	667	238	398
376	465	208	299	242	605	194	382
378	488	200	285	221	625	212	372
344	494	203	266	229	636	200	356
438	529	183	279	229	713	239	339
441	543	190	235	216	660	274	308
361	539	172	189	191	583	267	281
397	527	177	215	196	537	299	341
387	456	212	232	192	575	359	443
262	481	223	204	173	490	318	440
259	463	203	239	185	495	283	421
260	437	221	244	204	497	291	436
