0	1	2	3	4	5	6	7
125	46	52	51	39	65	194	76
132	57	53	54	41	67	196	76
129	51	49	54	39	69	220	79
112	51	42	52	40	45	210	76
107	49	42	46	37	56	203	61
128	51	45	50	40	69	208	70
130	39	41	47	38	68	217	74
126	45	49	50	40	90	210	61
125	44	48	62	41	94	216	77
119	43	54	63	39	84	204	80
102	39	51	60	37	74	172	79
99	35	50	63	36	78	167	80
96	28	40	59	36	51	152	85
88	29	45	50	35	101	135	73
94	32	40	49	37	107	159	78
88	42	42	49	37	108	208	78
101	42	46	45	37	106	199	78
106	44	43	42	36	106	189	76
108	42	41	40	32	67	204	81
98	42	38	35	30	68	193	71
108	35	45	34	30	73	201	68
92	37	42	37	28	71	204	66
97	35	42	42	33	71	217	63
94	36	41	41	33	62	213	55
99	35	40	43	33	74	226	58
88	34	34	52	36	75	258	66
206	43	49	59	47	108	382	127
227	68	64	70	44	115	389	136
260	76	85	77	49	136	419	159
277	80	87	78	49	132	431	178
289	86	95	114	54	130	426	180
239	85	118	151	73	117	352	158
268	77	152	170	91	117	351	168
383	98	170	210	99	196	416	183
392	140	225	297	121	215	549	308
469	154	256	297	135	259	549	366
589	169	266	288	127	274	556	399
597	175	257	281	118	316	681	399
535	185	261	296	135	292	684	388
554	163	254	276	141	287	603	304
518	185	247	271	138	253	615	275
434	180	245	270	140	362	621	220
445	173	236	280	145	368	842	312
442	154	218	283	134	357	824	344
552	155	221	252	122	357	941	380
594	122	229	259	144	395	982	362
586	115	228	330	162	326	1000	383
568	116	231	407	185	309	878	327
566	108	229	406	187	304	863	305
518	110	224	397	178	297	790	276
491	127	223	395	155	263	870	289
522	126	237	368	160	440	846	302
520	122	246	351	134	481	708	282
630	152	265	334	130	487	785	317
693	153	241	334	132	499	830	374
738	144	242	339	140	504	748	410
726	152	279	305	109	368	763	404
744	163	302	218	100	327	803	417
708	139	290	298	96	333	806	414
647	149	297	322	109	385	772	376
581	144	284	311	116	504	807	346
543	150	218	316	128	475	827	357
523	156	198	335	137	444	815	361
511	156	211	254	135	429	870	359
470	138	203	214	125	390	860	349
468	160	197	227	109	195	886	319
472	145	218	222	101	296	996	299
533	131	197	178	92	310	1030	339
475	127	187	167	93	326	1034	300
443	135	186	165	91	308	999	283
424	93	175	164	89	297	962	311
621	114	178	215	82	189	918	308
604	111	201	217	87	167	958	248
619	123	209	219	88	140	854	254
689	118	216	225	101	132	858	272
695	126	224	218	100	130	782	246
540	104	224	167	98	132	692	254
503	104	215	155	98	134	549	247
466	92	210	151	105	135	534	240
418	100	204	138	102	130	591	290
472	94	203	142	114	143	609	306
488	113	186	140	113	139	551	287
476	118	240	145	110	141	641	291
505	119	244	140	110	152	639	297
496	106	241	135	107	169	737	277
501	116	243	129	98	165	812	301
484	107	239	141	111	167	829	299
565	129	182	144	122	168	870	346
562	142	178	198	124	277	881	354
523	144	179	257	160	429	736	322
469	146	171	263	170	464	676	274
466	152	179	352	181	470	790	290
471	137	188	417	218	563	705	322
480	164	251	468	249	525	681	313
485	166	291	454	275	421	770	306
574	162	340	569	297	398	832	368
655	158	346	547	309	427	889	408
632	156	342	504	292	341	901	378
718	143	311	537	325	376	932	469
729	148	309	588	301	398	879	472
652	148	257	532	297	437	822	429
548	138	240	544	287	436	736	376
649	135	254	555	286	418	781	453
552	122	303	532	221	384	778	386
543	124	329	468	223	377	750	377
529	116	330	421	222	513	731	372
579	121	332	375	222	507	629	392
532	124	329	368	208	492	544	329
509	110	285	334	208	497	538	294
600	94	213	323	192	498	717	361
703	109	210	305	177	329	779	444
677	112	237	380	200	316	798	448
603	107	245	403	206	339	818	403
618	103	223	367	229	448	834	417
572	114	224	395	260	457	716	372
483	100	264	431	254	438	712	297
528	102	283	413	235	429	761	277
496	104	267	429	244	433	750	257
472	99	275	481	234	376	713	234
472	92	267	481	198	367	790	297
486	109	238	490	213	362	797	311
450	108	233	543	206	355	730	307
437	104	220	522	201	335	814	308
445	103	215	488	202	316	869	306
358	96	236	502	211	302	796	233
281	76	253	503	198	298	760	165
382	82	227	405	205	362	880	219
576	128	262	386	205	382	858	427
627	141	290	374	245	352	904	490
626	144	321	427	252	323	919	485
632	144	324	381	254	383	1000	509
580	143	313	370	255	350	938	501
582	130	290	418	311	333	877	448
588	127	257	410	293	310	746	407
586	120	200	315	289	345	713	404
654	129	158	302	280	341	572	406
630	121	186	301	287	321	665	386
458	102	220	378	257	324	730	281
418	92	225	394	241	336	777	255
515	113	223	414	235	362	854	356
486	129	298	434	246	295	834	335
505	139	329	512	254	301	697	332
506	132	332	442	230	308	750	316
464	132	329	426	227	377	881	304
555	122	332	450	268	390	869	296
504	98	269	436	259	388	865	307
489	86	231	339	235	387	882	315
491	87	221	317	221	395	800	320
553	93	232	314	216	340	653	342
370	90	232	248	175	257	578	255
368	84	256	258	178	276	613	248
394	82	249	273	240	284	780	258
462	84	225	287	244	260	723	252
391	72	216	330	242	277	692	211
365	67	214	338	236	296	767	206
345	77	263	350	244	315	842	181
317	74	277	375	195	331	747	148
210	66	281	354	182	319	770	124
230	71	286	304	178	285	797	144
366	100	283	290	169	325	794	237
414	96	234	273	158	308	736	250
400	97	203	268	146	313	717	248
395	98	204	277	150	328	770	262
407	105	215	287	180	345	779	258
330	73	212	281	193	374	865	196
283	71	182	324	193	394	842	170
303	77	235	326	252	371	793	179
310	85	262	322	264	405	948	224
286	73	244	318	247	434	968	234
260	81	269	360	246	381	821	226
280	80	280	392	262	359	928	236
322	81	252	379	233	400	1003	267
398	82	237	407	236	400	902	262
419	90	245	452	241	340	858	251
411	88	241	434	231	321	869	241
397	91	250	376	202	314	832	234
377	90	234	369	189	291	819	192
295	79	217	350	194	259	695	155
240	80	219	293	182	258	689	147
249	79	189	285	192	278	698	143
262	77	159	267	202	266	678	166
259	77	181	275	202	311	675	191
253	81	199	273	180	290	655	171
250	72	196	286	175	288	658	172
246	68	197	271	155	290	617	174
264	85	204	276	187	332	668	186
214	87	195	404	199	263	580	158
201	83	214	407	210	254	593	154
229	80	214	394	214	268	617	160
266	92	215	388	215	299	649	157
243	79	204	386	204	266	506	120
294	72	233	340	171	273	533	129
299	74	190	323	149	328	650	134
340	84	203	316	163	375	679	158
321	80	235	351	184	341	675	164
306	78	250	380	225	339	682	153
269	79	216	315	231	351	707	145
297	83	219	313	244	338	786	175
233	77	229	330	244	283	762	159
221	71	245	394	271	277	730	154
225	80	251	420	239	338	734	174
291	84	251	411	245	335	749	217
256	77	257	412	242	303	556	192
249	74	254	409	247	301	502	179
256	73	222	333	217	353	580	190
306	64	211	258	199	349	648	214
383	61	226	253	185	336	598	177
418	67	241	307	195	364	600	173
431	71	240	329	192	373	604	176
671	121	251	370	209	424	760	423
701	131	256	399	216	389	702	436
634	130	261	400	222	392	688	437
641	139	270	375	271	398	737	462
655	141	246	366	296	481	797	486
432	104	223	317	284	401	653	297
422	106	254	296	297	411	676	289
517	110	278	351	311	405	692	308
495	95	255	337	272	377	720	273
481	90	275	340	270	271	772	237
487	117	271	339	263	328	778	235
495	156	300	434	311	319	791	220
501	260	263	411	302	387	897	244
526	303	257	409	298	445	951	254
586	310	239	409	273	469	953	308
563	307	240	446	308	430	955	321
540	285	157	384	273	432	980	304
498	195	173	348	291	403	876	261
536	151	183	360	287	341	780	292
469	139	220	371	308	301	739	241
474	125	271	333	284	315	687	225
574	129	272	300	252	353	703	294
618	133	259	309	226	317	722	323
601	207	296	327	272	300	906	298
597	207	333	354	251	296	863	294
641	212	338	377	289	335	918	299
619	217	333	369	308	291	880	265
555	227	353	353	300	305	922	250
522	150	348	354	256	312	771	243
533	147	338	356	282	404	800	260
616	176	303	357	291	441	808	338
555	170	303	348	274	436	793	332
554	163	395	375	306	456	763	351
554	188	453	414	302	452	694	356
561	198	427	369	267	398	634	348
436	170	427	331	238	364	597	286
518	180	444	338	239	379	551	298
495	260	399	320	211	345	467	254
482	250	316	215	224	375	451	246
