0	1	2	3	4	5	6	7
579	719	547	284	128	588	342	336
581	673	535	307	148	357	510	323
682	652	536	301	143	326	641	304
684	659	521	301	140	428	675	332
730	733	700	380	163	447	707	354
781	819	808	384	176	453	707	430
891	859	809	373	170	558	719	522
839	873	804	386	168	612	752	554
884	842	842	478	185	579	766	689
974	863	878	423	191	699	937	804
954	825	845	451	218	815	1138	802
914	930	913	469	225	786	1103	768
911	951	940	473	227	755	1143	892
884	970	875	350	237	814	1226	853
828	941	685	340	214	783	1133	789
810	908	692	462	192	664	938	749
805	761	715	478	210	606	929	821
865	676	714	480	213	562	764	705
971	642	656	491	183	429	607	665
1051	611	742	569	203	258	608	640
1130	656	763	493	199	234	753	658
1101	687	772	516	179	218	784	655
1057	706	869	541	190	217	807	661
946	684	972	670	211	238	972	643
806	675	1018	705	214	214	934	616
827	679	996	749	211	198	829	658
837	658	963	819	242	195	840	534
850	615	868	829	251	195	812	543
819	629	853	829	268	177	673	519
819	588	820	822	275	193	708	530
630	602	882	867	284	197	697	455
675	645	838	903	276	195	656	460
680	760	862	960	326	239	739	407
766	818	842	976	327	260	710	453
743	825	851	978	318	253	695	415
906	904	845	1123	339	254	697	482
885	917	932	1093	331	262	670	483
925	845	948	1079	294	259	623	473
891	786	893	1050	305	268	671	450
887	757	957	1072	322	271	631	454
772	579	1066	946	328	326	693	433
813	517	1089	905	320	320	670	480
804	485	1089	872	311	302	649	521
781	439	1221	986	302	264	563	486
824	455	1200	934	281	259	650	525
814	458	1081	887	256	192	718	497
748	415	1057	865	260	176	751	447
616	434	1062	849	244	146	751	346
600	425	1051	661	210	152	822	352
566	382	965	658	221	180	938	370
556	383	1043	619	223	183	847	341
527	389	1050	743	224	182	853	346
573	393	1100	772	244	230	857	370
663	420	981	838	278	233	822	436
623	479	1032	878	275	208	760	390
668	498	963	951	288	191	814	417
674	503	1019	946	296	203	844	437
696	542	1018	967	294	176	881	429
600	541	1046	921	270	173	839	422
699	494	1017	897	270	168	743	459
651	483	1042	790	245	185	735	454
642	470	969	805	232	179	668	418
578	401	940	749	218	162	640	418
587	382	879	734	203	157	647	387
497	394	870	800	228	204	687	348
454	361	796	892	234	201	623	310
431	359	767	842	253	206	647	331
465	358	700	849	262	221	635	332
409	419	747	855	269	238	626	281
410	442	966	839	262	200	523	240
456	458	1020	761	253	203	526	272
504	438	1011	725	241	207	591	265
522	459	1046	776	249	207	564	254
529	402	1115	793	240	190	570	270
531	363	996	709	206	220	650	339
492	335	964	677	195	214	774	310
443	350	969	691	191	194	675	296
394	344	937	788	189	170	694	291
420	320	846	812	212	194	701	296
363	327	840	790	205	162	627	198
387	325	886	857	225	152	450	208
406	309	897	823	226	165	591	213
393	303	883	685	217	168	537	213
341	334	859	706	221	133	491	189
339	330	786	704	225	124	488	194
293	315	693	681	216	136	521	196
270	320	662	686	204	140	493	185
253	299	826	731	202	137	486	172
256	300	1003	639	180	142	493	168
384	300	994	728	195	159	583	277
416	429	1126	678	181	171	601	337
415	522	1163	710	177	156	542	363
423	546	1159	618	168	153	551	369
476	550	1003	650	164	155	558	414
424	568	1043	603	145	156	572	377
405	586	917	650	151	130	501	310
426	521	862	732	190	139	441	310
444	509	761	790	198	183	477	337
401	515	824	782	197	180	544	281
369	680	879	792	206	166	436	243
356	635	963	814	236	167	449	264
411	636	1040	842	250	181	485	330
408	668	1044	863	294	138	469	301
398	700	1094	837	326	141	377	301
385	581	1122	922	366	141	512	312
