0	1	2	3	4	5	6	7
211	328	149	101	123	628	363	155
225	335	154	113	125	644	443	172
204	340	153	111	116	550	407	142
166	194	117	109	117	543	388	122
201	219	119	111	117	545	411	123
206	230	96	86	98	604	406	119
190	224	89	72	90	508	323	141
194	233	87	78	73	435	313	148
197	246	93	82	74	388	296	151
172	202	96	84	78	388	281	156
205	183	103	92	90	527	302	157
217	192	105	91	94	607	281	118
239	198	113	90	93	599	314	117
223	165	105	82	86	607	318	114
205	155	90	74	87	619	296	98
168	154	83	63	74	445	279	94
157	141	78	84	66	316	336	100
144	118	65	94	72	297	280	76
143	114	58	95	71	282	298	74
140	116	51	96	80	388	332	76
142	112	51	99	82	438	329	79
134	99	51	86	78	449	407	79
110	78	51	69	72	449	475	90
149	67	50	72	78	445	485	109
156	61	52	67	62	356	474	111
165	108	55	67	57	321	488	115
195	116	48	64	54	288	397	143
205	113	66	83	74	292	434	183
187	114	72	86	83	449	500	175
183	116	74	84	82	462	495	173
182	95	68	95	90	437	497	172
171	137	79	117	96	430	516	161
216	140	68	107	82	435	429	118
222	140	65	103	67	357	375	117
220	140	63	105	65	379	399	117
211	129	68	104	66	374	402	118
201	86	66	128	79	377	391	122
139	75	64	142	85	374	459	114
114	76	64	142	86	297	414	110
114	84	70	143	85	217	400	118
127	109	97	138	79	289	466	132
124	103	96	91	64	427	530	113
102	105	95	65	62	443	458	112
99	103	102	65	65	435	460	112
113	95	101	67	66	442	499	133
221	84	89	97	69	433	481	180
245	84	88	110	68	328	435	193
251	133	142	132	73	297	495	209
262	147	212	154	78	386	563	228
305	150	217	177	112	473	720	326
267	140	216	170	109	452	875	351
243	174	257	250	119	426	867	343
244	173	243	295	129	493	878	334
284	180	185	343	149	533	932	324
338	255	203	428	193	460	842	226
385	303	230	455	225	461	701	159
388	293	207	512	263	539	730	170
403	316	238	534	265	529	745	186
417	362	289	529	272	429	728	240
450	343	294	465	271	425	815	303
411	308	289	508	265	531	779	294
414	315	282	427	226	530	737	289
405	311	245	370	219	490	796	316
458	280	190	329	202	502	818	380
391	247	174	440	201	653	681	342
376	270	217	584	332	602	673	333
393	334	224	619	350	549	821	388
416	361	238	620	353	543	854	385
456	354	238	654	369	622	787	300
427	355	239	600	391	526	821	281
434	385	216	405	298	491	859	288
428	331	241	331	293	516	935	234
436	275	270	344	299	546	836	198
290	280	271	290	297	463	855	193
295	305	281	369	266	402	885	210
319	310	278	346	238	409	952	263
385	310	245	356	226	489	749	302
368	328	205	379	294	496	702	306
366	346	222	408	296	472	707	298
462	357	207	309	279	473	788	308
444	315	179	315	286	504	702	279
388	332	203	300	300	463	714	217
398	382	228	259	255	446	768	216
407	378	242	220	230	444	747	226
282	349	257	274	258	469	615	206
282	337	256	301	298	442	663	188
318	406	259	299	291	400	756	195
316	353	246	299	274	407	782	211
318	333	216	353	305	454	763	202
339	334	208	312	287	460	743	192
339	362	240	295	293	440	678	184
304	255	228	312	317	430	631	204
340	238	224	302	311	465	542	211
351	230	225	213	290	519	509	211
345	227	221	223	301	488	572	210
339	197	194	217	251	479	608	218
329	213	201	221	245	535	607	192
292	226	208	262	281	609	645	150
327	235	231	277	278	564	733	161
362	278	244	266	253	560	757	200
362	277	231	263	255	588	775	195
365	260	226	267	230	546	776	204
332	271	217	254	304	434	834	221
268	277	196	319	333	393	862	211
269	245	192	325	369	458	828	196
278	240	221	368	385	547	861	194
269	243	250	350	388	532	833	176
269	241	264	351	333	491	780	173
266	221	260	316	346	515	867	175
214	220	242	330	335	626	887	175
213	284	288	300	339	562	805	207
211	302	273	324	325	558	830	217
218	284	260	334	323	570	918	213
219	273	263	317	326	611	745	215
195	292	286	366	487	512	673	195
172	279	242	360	526	479	688	164
194	252	247	372	572	496	657	211
181	255	272	442	596	702	498	239
165	271	311	463	580	672	475	232
183	251	297	406	460	609	609	232
212	196	310	415	517	603	691	241
202	197	308	437	507	578	675	193
209	193	288	376	516	368	677	138
223	189	263	396	539	411	756	163
249	171	270	415	549	430	706	177
231	152	244	408	490	433	607	160
257	193	249	441	465	429	678	197
248	199	279	445	471	370	735	206
251	188	265	422	491	329	760	235
216	216	305	446	633	300	729	236
250	221	321	457	607	292	815	241
260	201	333	400	620	297	934	271
261	190	303	403	585	323	905	288
251	234	300	414	567	261	845	259
285	284	259	479	459	261	911	262
279	318	258	504	500	258	912	256
259	345	254	505	527	263	764	206
334	385	267	485	553	219	727	198
414	368	333	502	575	241	823	217
437	333	353	404	598	304	850	220
430	305	335	361	593	322	769	219
432	279	343	372	567	312	769	217
380	240	336	361	540	292	891	192
310	229	293	449	549	284	867	179
252	197	281	530	608	359	753	155
237	218	295	544	598	352	750	159
230	198	289	564	602	354	747	155
230	180	296	569	643	355	603	154
197	172	293	506	625	342	461	129
229	203	312	440	628	201	607	188
236	185	324	496	690	187	630	206
237	213	302	459	740	196	596	197
263	208	295	475	754	213	627	227
285	219	302	455	776	218	611	231
255	200	310	486	706	225	457	183
240	197	314	473	667	234	578	163
241	165	325	529	637	300	623	203
267	182	371	525	652	360	762	298
259	186	370	495	645	364	877	315
268	198	340	456	602	344	893	316
267	197	339	397	572	353	847	321
256	206	353	392	610	345	826	323
216	195	327	394	561	315	673	212
207	209	322	448	553	298	569	187
209	200	310	451	571	304	558	200
246	187	283	465	606	313	630	196
271	175	249	420	528	251	783	187
266	218	253	404	515	191	765	178
263	187	253	457	488	194	741	189
241	167	262	487	492	223	805	217
218	169	252	499	500	209	700	210
172	210	285	484	515	207	481	181
174	174	259	507	518	219	636	187
189	183	248	432	489	229	656	171
189	182	236	383	464	237	594	121
177	184	246	361	429	244	601	143
220	151	209	374	448	255	607	156
221	132	224	333	481	418	573	204
302	123	209	313	537	451	608	271
333	129	212	321	528	460	588	283
333	127	206	287	479	445	573	274
314	105	183	250	429	444	615	274
308	104	166	303	425	294	687	290
310	96	171	338	381	258	728	247
341	114	181	327	388	202	727	243
345	115	177	330	398	197	714	241
356	125	178	342	411	191	711	241
367	128	182	292	346	208	632	180
