0	1	2	3	4	5	6	7
288	289	78	74	92	436	639	413
364	453	87	88	98	465	628	457
422	473	112	135	141	607	651	537
411	480	123	144	174	802	661	515
458	512	131	147	176	832	573	502
489	600	180	158	210	860	535	518
466	523	190	183	276	978	550	556
423	474	184	185	297	983	535	520
456	497	192	186	300	806	483	496
471	498	224	241	312	824	421	487
394	424	202	245	301	863	426	437
387	564	198	241	327	756	397	331
511	669	231	231	352	654	364	278
617	725	231	251	371	696	381	277
585	742	206	215	380	699	374	331
588	770	191	205	376	633	313	346
575	689	196	208	336	589	312	350
465	612	165	206	312	579	314	355
311	535	170	183	281	732	368	398
333	531	166	167	261	684	370	351
342	509	169	229	295	653	386	340
354	475	167	209	272	653	377	336
347	443	148	199	234	683	390	379
316	437	161	223	248	481	393	344
278	427	155	221	239	580	414	429
405	448	154	153	185	561	412	431
429	440	146	155	190	545	468	469
441	423	159	182	269	620	481	503
463	442	119	159	269	779	487	540
489	502	133	172	285	721	459	482
389	436	143	186	295	713	447	488
354	432	139	208	313	731	402	475
331	423	116	180	253	646	421	412
309	383	120	194	270	423	335	390
264	217	102	237	262	392	410	373
310	203	114	249	266	430	428	419
408	338	122	235	235	400	452	429
469	369	130	242	238	442	461	486
510	359	128	234	204	567	557	543
525	358	124	177	195	543	514	556
546	410	99	140	173	547	518	522
595	309	84	125	159	698	657	622
644	317	107	112	153	665	684	641
678	365	118	88	134	545	664	595
660	371	124	93	131	533	660	583
612	361	127	100	131	558	682	620
527	364	132	107	137	411	598	576
429	333	106	104	106	419	607	508
359	287	95	94	92	412	603	486
422	282	87	95	95	392	590	505
428	210	85	88	88	344	604	461
487	355	97	80	88	309	611	397
539	357	101	95	101	317	610	445
543	355	105	107	116	321	613	427
537	381	146	104	115	311	612	407
526	390	154	107	113	265	563	486
457	283	146	104	99	220	528	545
441	465	147	90	96	204	555	545
457	501	147	76	82	201	579	552
472	485	113	75	84	238	661	552
518	489	109	71	98	236	684	505
517	488	113	74	104	220	712	436
543	326	117	80	117	221	746	408
563	291	122	79	119	260	795	511
544	287	116	78	119	261	801	589
503	301	123	78	107	256	795	561
482	268	112	78	101	267	809	544
399	252	104	74	88	326	839	527
316	286	91	115	99	398	759	444
285	343	131	115	95	390	762	331
291	459	192	128	101	500	755	388
320	541	199	128	112	632	818	431
322	592	207	141	131	665	761	412
346	590	240	116	134	610	811	384
332	572	237	127	140	620	819	457
412	468	184	119	163	636	866	516
411	395	184	119	158	529	805	560
416	392	179	100	139	461	808	571
391	394	156	92	126	459	813	656
390	410	149	77	116	497	843	643
380	408	152	98	99	379	869	599
483	446	163	102	104	333	831	522
582	607	183	108	106	291	749	500
651	682	192	109	108	290	650	366
693	708	229	128	120	157	490	345
692	726	240	119	111	114	366	298
656	739	237	122	109	165	419	440
579	649	247	135	119	194	435	464
486	639	279	215	153	196	427	475
429	669	263	220	177	225	459	451
424	678	262	230	261	287	559	579
373	657	276	346	381	344	582	566
357	594	268	395	448	341	571	580
355	518	220	359	445	339	580	571
398	494	216	371	487	331	559	565
366	534	227	403	497	302	433	470
550	674	296	344	444	217	320	358
573	709	291	294	381	196	321	336
579	706	288	309	432	205	332	351
590	700	282	357	420	196	330	373
580	645	277	336	393	160	378	346
444	553	186	319	370	158	406	384
448	605	188	361	382	174	527	473
484	656	181	362	424	182	542	499
433	652	243	344	410	191	551	484
467	713	251	346	401	183	527	528
581	696	265	496	511	245	512	522
561	673	257	483	514	273	399	460
583	676	261	483	472	271	365	544
646	688	212	459	481	260	345	539
685	663	196	472	568	275	323	482
623	683	235	379	482	219	263	477
644	649	258	406	545	207	288	456
598	657	276	443	548	218	381	321
553	672	289	480	658	247	383	385
566	742	311	520	583	275	469	609
495	720	286	557	607	347	512	632
614	722	290	534	560	341	491	671
661	745	323	551	540	334	420	673
684	693	316	556	379	330	434	700
641	616	317	523	457	328	341	543
704	720	326	435	467	246	288	514
620	707	344	525	501	238	273	490
580	701	311	483	485	241	329	539
631	754	305	437	473	226	311	487
719	795	316	409	395	265	333	625
