0	1	2	3	4	5	6	7
710	435	490	389	151	189	580	350
714	422	471	368	141	181	569	376
692	442	545	444	138	126	472	327
715	543	598	448	170	154	504	352
700	494	705	441	176	155	584	365
631	574	854	519	173	143	502	335
632	637	901	543	187	151	522	284
675	717	928	662	203	159	522	294
624	693	905	734	206	140	567	317
645	692	882	741	195	133	520	300
675	604	899	874	229	135	486	341
803	612	1053	925	224	140	525	448
827	562	1100	958	261	137	515	434
818	550	1147	967	264	135	432	409
758	535	1248	1006	278	149	470	410
727	564	1177	956	289	165	520	437
590	503	1192	954	291	150	500	366
607	491	1216	854	235	142	511	379
659	427	1191	817	216	136	549	402
717	475	1083	853	221	148	655	424
730	444	1083	839	196	159	649	377
740	451	902	976	229	161	599	329
684	401	880	1016	245	170	578	317
641	469	990	1040	263	198	658	288
637	469	1041	978	250	192	598	319
572	489	1070	923	246	172	565	288
513	463	1114	724	205	170	566	300
495	464	1103	678	201	181	685	303
495	400	1023	749	246	186	626	290
445	349	997	797	257	178	525	183
446	319	1012	801	252	172	522	195
487	367	1104	886	273	177	610	259
489	377	1077	907	271	180	535	260
459	376	1089	798	217	161	476	254
468	384	1012	808	214	151	469	282
502	374	995	806	226	175	520	284
456	314	937	752	218	172	465	236
431	319	922	677	212	151	413	227
416	365	946	686	214	135	432	241
402	357	981	726	238	156	429	222
343	352	974	759	246	137	363	225
335	364	883	729	241	139	297	195
373	342	960	755	247	143	290	208
383	291	942	826	250	166	262	194
359	297	1050	781	217	153	253	182
378	315	1087	740	188	144	250	150
385	326	1140	756	187	154	252	156
427	393	1124	785	202	203	365	156
423	388	1126	762	191	199	373	152
408	456	1058	806	213	205	393	171
554	458	1051	868	238	227	402	216
561	458	1130	886	256	236	404	229
552	419	1112	925	271	197	284	211
539	443	1063	860	268	181	249	217
582	377	1064	770	254	177	323	215
482	453	1066	734	262	198	387	198
482	483	986	728	256	186	383	188
443	472	1002	711	240	182	382	235
452	485	980	777	242	185	383	244
438	496	1009	814	241	188	337	242
498	449	1050	856	229	149	292	255
526	446	997	845	231	157	290	280
526	463	960	814	223	156	291	258
536	495	1013	785	212	156	320	253
502	534	1014	854	235	155	294	243
416	552	925	851	256	163	337	222
361	525	973	866	245	140	356	181
375	533	1049	831	236	141	350	163
374	508	1084	804	239	137	332	179
381	485	1059	762	227	131	341	211
366	469	1110	685	179	103	259	211
375	494	1057	731	190	106	204	213
396	454	941	734	199	128	316	216
419	444	852	729	199	140	323	199
414	423	810	694	185	139	308	177
