0	1	2	3	4	5	6	7
80	55	41	41	30	199	97	47
84	70	46	41	32	205	100	48
82	72	48	40	31	221	104	45
78	73	47	36	30	178	112	46
83	72	48	39	30	167	94	51
71	79	59	43	31	184	102	52
69	64	55	43	32	185	106	53
94	66	57	45	32	153	106	53
101	75	60	48	32	193	123	54
100	76	65	47	31	195	127	41
101	71	55	42	31	179	136	46
101	72	54	39	31	203	135	43
85	70	49	35	30	199	142	43
85	70	49	32	31	192	124	41
81	68	41	30	29	195	129	41
77	61	41	32	28	194	122	34
75	63	45	32	28	169	118	37
73	65	50	31	27	187	147	44
64	52	43	32	31	165	176	47
69	53	45	32	32	166	162	50
65	55	46	32	31	179	167	58
63	55	45	36	34	177	181	57
62	48	37	38	35	173	167	54
68	60	43	37	32	166	148	52
62	61	40	38	30	187	159	48
68	59	37	38	33	180	157	41
70	58	35	35	27	180	170	40
65	62	36	33	27	186	170	41
66	58	31	32	26	179	159	43
71	55	32	30	33	193	147	44
65	54	33	29	32	189	136	44
64	49	31	27	33	197	124	53
70	48	30	27	34	220	116	52
65	42	35	31	33	220	121	51
60	42	34	31	27	207	139	54
58	46	36	30	27	212	141	51
67	48	38	33	26	215	143	43
68	47	39	31	27	174	152	47
63	41	35	26	26	172	150	44
66	51	37	27	27	139	138	41
69	51	36	30	25	174	141	41
63	49	39	28	31	169	125	47
59	53	39	28	28	154	105	41
62	59	40	31	29	173	130	50
63	53	41	31	31	173	136	49
65	56	42	31	31	135	142	52
62	57	36	30	27	170	148	52
54	56	35	30	31	175	151	53
52	55	36	29	30	163	131	47
52	55	33	29	30	160	123	46
44	50	30	27	30	154	122	48
48	54	32	27	32	110	108	40
48	51	36	28	32	125	94	38
97	55	47	33	36	149	111	43
104	53	48	31	33	153	104	42
106	53	49	30	33	157	108	39
106	45	50	29	30	149	120	42
115	64	53	29	29	138	137	43
79	60	50	26	28	166	128	39
69	62	48	26	28	169	149	43
75	69	48	29	31	165	151	41
76	72	49	29	30	168	156	43
65	54	42	32	29	193	152	44
64	53	34	30	29	143	145	41
63	54	39	32	28	170	156	40
52	43	38	32	25	188	158	45
49	38	36	32	24	196	142	43
44	41	36	28	24	170	136	40
50	40	36	28	24	212	166	55
48	35	31	25	24	205	139	54
61	50	31	27	28	192	141	56
61	52	31	27	30	187	141	55
68	64	39	33	32	184	169	58
60	63	41	33	29	170	151	49
62	66	44	34	30	144	145	52
56	58	45	32	29	139	128	44
56	57	44	32	28	172	144	45
47	41	38	29	27	184	125	42
56	44	40	32	29	154	126	39
61	47	37	32	28	153	136	41
57	44	33	32	32	153	140	47
61	47	36	33	32	131	152	48
63	52	37	31	32	156	141	49
59	53	41	30	30	170	136	53
55	49	43	33	30	181	129	52
50	49	43	30	27	184	129	48
47	55	47	31	25	193	113	44
46	55	51	33	28	171	113	40
49	53	46	33	26	157	116	38
44	53	46	29	25	157	115	33
54	59	49	34	26	164	124	36
67	69	52	36	30	140	121	38
68	66	46	33	29	141	126	40
66	68	46	32	29	159	119	37
71	71	45	34	32	178	124	36
68	71	46	31	31	171	110	33
56	58	39	28	30	165	105	39
56	65	43	30	27	187	130	41
55	64	44	29	27	170	134	43
55	63	44	27	25	138	141	48
56	64	42	26	27	146	146	57
60	66	42	24	25	168	164	57
83	64	43	25	26	138	139	58
88	64	41	27	26	137	174	65
102	61	45	30	26	153	209	85
105	53	43	31	25	154	230	95
108	58	47	32	26	130	226	93
91	50	42	30	24	126	230	92
90	55	51	31	26	139	204	87
76	54	46	31	27	135	183	73
80	60	49	32	29	154	156	52
89	74	47	33	32	180	148	59
120	109	51	33	33	183	152	57
179	171	55	34	36	175	152	60
189	185	57	37	38	194	126	58
208	200	66	39	37	178	194	78
231	202	70	40	35	187	202	97
261	257	99	49	40	179	199	106
250	282	93	49	38	177	211	105
244	285	95	57	42	152	237	103
234	292	109	91	75	144	219	101
221	306	112	95	81	89	210	82
299	308	99	118	108	113	264	82
335	288	135	129	118	133	340	110
414	359	159	138	125	129	379	134
474	400	167	123	113	128	379	132
551	426	175	139	130	136	385	149
515	504	181	149	157	175	483	160
494	537	164	171	201	203	482	163
569	577	172	175	211	210	446	165
549	572	172	179	215	213	469	168
542	588	179	168	221	213	473	161
538	523	199	149	198	184	386	149
557	485	228	126	160	159	414	136
472	421	227	113	149	175	535	144
487	514	239	145	192	187	509	148
431	523	230	171	201	193	520	141
414	531	209	167	193	188	504	143
375	534	173	156	183	194	444	138
354	517	146	157	180	178	288	108
295	415	118	125	134	164	286	90
256	357	112	82	87	194	244	92
254	305	120	84	90	332	213	89
251	295	122	85	97	502	180	94
164	268	120	83	106	539	154	85
142	222	102	73	93	540	134	84
122	184	95	68	87	528	134	74
110	168	76	64	81	478	112	65
93	128	63	61	71	284	90	38
82	109	58	46	38	208	131	46
54	88	52	42	33	219	135	44
49	82	51	42	38	212	131	47
50	82	50	43	37	143	148	53
48	79	55	45	38	132	162	57
54	79	56	44	37	146	136	48
57	68	56	42	39	129	130	47
55	63	53	40	35	128	129	44
50	51	47	33	34	126	120	40
57	54	45	29	32	161	107	37
53	47	43	29	33	168	105	37
50	47	44	31	33	164	100	38
51	49	42	28	29	162	97	38
51	52	40	31	32	162	79	35
43	43	34	31	32	163	82	32
43	46	35	29	30	193	75	37
45	44	40	28	29	194	79	35
45	40	41	29	30	195	79	41
41	37	41	30	28	204	79	40
46	42	42	31	26	202	54	40
44	39	39	32	27	181	52	33
42	38	34	31	28	176	47	36
43	36	33	31	28	176	45	30
45	39	33	28	29	169	63	31
43	34	32	25	29	151	79	33
49	37	34	27	30	128	110	37
48	36	32	28	29	154	117	38
52	41	35	29	29	162	125	38
52	37	33	28	28	163	122	39
53	40	33	29	29	184	122	40
51	37	32	27	26	182	97	37
51	37	33	27	27	164	119	38
45	32	28	25	26	198	132	41
47	37	32	28	26	194	129	45
40	32	31	26	25	173	121	42
36	32	31	28	27	184	133	41
48	35	32	28	27	203	106	40
56	37	36	28	28	167	82	39
69	33	33	26	27	175	88	41
79	36	34	25	27	185	86	52
92	36	34	23	27	204	65	57
97	38	33	24	27	187	68	61
93	39	30	24	26	180	65	60
84	38	30	25	30	201	50	56
78	39	33	27	32	201	80	54
66	39	32	26	31	175	88	50
52	35	31	26	32	177	107	65
53	34	31	25	32	182	108	64
49	37	30	28	30	153	108	64
48	35	28	28	27	156	88	60
47	34	30	32	30	181	91	67
46	41	32	30	27	179	77	48
48	40	31	32	28	180	79	49
50	36	31	28	29	183	83	54
54	36	32	29	31	178	111	52
57	42	34	27	28	181	114	43
54	40	35	28	29	188	143	46
57	44	35	29	30	194	142	48
59	46	37	31	28	187	140	42
55	45	39	30	26	209	126	45
51	40	37	31	28	192	129	49
61	39	38	31	29	185	107	49
58	36	39	30	27	184	120	51
58	32	37	31	27	199	139	55
59	33	34	29	29	168	153	60
56	37	36	28	26	145	150	57
48	42	33	28	25	178	140	59
49	42	32	26	27	172	131	56
47	44	32	26	28	165	128	55
46	47	34	26	27	173	121	51
55	48	33	28	29	195	112	56
54	45	32	27	28	183	114	52
59	59	40	30	28	182	156	57
62	59	41	29	29	176	143	56
64	59	42	29	28	209	133	53
64	60	45	30	30	239	148	50
64	59	46	29	32	227	144	50
60	57	54	34	36	240	104	44
58	59	54	34	36	262	146	42
64	72	55	35	38	236	150	47
73	100	68	35	35	200	153	48
83	104	68	37	35	201	212	50
83	98	57	30	31	206	231	50
119	140	65	31	31	195	213	57
144	172	75	34	33	195	213	57
177	243	79	32	33	194	231	73
241	302	92	40	37	206	203	86
260	380	95	45	43	184	180	87
262	401	93	46	43	163	191	90
288	436	98	48	50	187	194	90
397	476	117	114	124	199	184	115
392	513	115	122	135	198	164	133
408	522	126	123	134	213	230	136
457	522	136	132	141	226	273	165
489	615	170	150	170	276	465	168
429	601	191	114	140	297	522	149
467	623	205	115	150	298	595	133
523	672	217	130	168	299	609	178
511	686	237	148	194	364	688	173
485	674	229	153	203	323	595	179
473	706	220	161	206	295	557	193
450	651	207	161	201	285	491	188
369	615	189	160	197	281	471	154
357	649	168	152	184	177	360	136
352	551	161	132	149	145	335	133
377	522	140	148	204	143	308	120
342	521	151	171	236	173	306	122
476	583	172	190	250	166	316	156
478	529	161	186	250	174	312	150
493	539	181	202	268	188	325	162
502	485	179	191	230	216	347	161
508	485	183	173	195	210	340	166
381	314	170	148	168	224	312	130
366	330	178	157	171	225	277	154
320	326	151	152	175	335	261	143
250	332	164	150	171	387	253	145
219	301	143	140	162	443	262	141
230	295	137	134	159	458	261	159
185	222	124	110	136	467	235	130
173	180	110	77	85	421	219	124
148	137	75	53	61	368	187	109
137	136	76	55	62	296	199	110
85	130	74	51	57	255	173	68
68	131	72	52	52	228	170	66
63	118	63	50	46	160	239	71
70	115	64	48	47	145	309	91
67	106	63	45	40	120	279	84
55	79	55	43	36	128	281	84
56	62	48	39	35	157	282	83
55	62	46	36	34	155	226	72
51	59	55	37	31	119	109	40
52	69	57	35	31	117	120	39
53	74	58	35	33	178	101	36
52	74	59	36	34	157	117	39
52	75	61	35	32	159	120	41
48	66	51	33	31	160	117	41
49	58	48	33	32	175	94	36
48	50	42	30	27	153	93	40
48	51	43	29	29	173	86	38
48	48	40	32	28	177	88	35
45	43	37	29	27	176	86	37
41	43	37	29	25	165	98	39
41	45	38	32	28	141	105	34
37	43	37	31	27	118	92	32
38	44	38	31	28	111	93	30
39	46	35	31	27	139	118	30
39	54	38	30	29	140	114	28
39	46	34	26	28	123	115	30
41	46	32	25	26	139	146	32
39	49	33	26	25	148	142	39
37	49	35	26	26	142	120	38
38	40	33	26	25	154	140	38
39	42	37	25	24	156	136	38
39	42	38	29	27	167	113	38
44	42	38	27	29	174	118	34
46	40	40	27	28	181	127	34
47	42	42	26	29	172	101	34
46	43	41	29	29	170	103	36
46	46	42	25	26	181	101	35
42	42	42	25	23	174	101	37
47	45	42	27	25	153	94	38
50	70	40	36	31	192	100	38
60	135	48	46	39	196	129	39
60	141	50	49	42	196	124	41
64	143	51	51	42	195	113	39
60	150	49	52	44	197	110	46
92	155	53	46	40	183	102	51
91	115	58	42	36	178	73	50
95	110	62	43	34	141	82	48
115	137	64	42	34	139	89	56
166	178	75	46	33	184	93	60
181	216	73	50	40	159	115	77
198	225	63	48	42	184	142	80
214	235	57	53	51	193	160	84
277	362	70	93	98	351	381	100
408	504	112	211	209	349	446	202
487	562	175	245	243	391	538	239
558	613	190	255	262	391	629	244
580	702	211	346	423	449	678	256
579	701	215	345	430	342	615	251
502	612	206	295	395	324	586	182
438	553	159	271	383	275	512	120
339	502	147	272	381	291	399	112
299	378	134	145	192	255	303	94
242	262	126	129	159	348	251	98
205	226	113	117	144	356	217	96
161	198	130	137	133	356	197	105
189	198	137	128	105	334	173	101
228	192	127	123	99	293	165	92
237	197	124	121	93	168	142	78
243	201	118	122	93	163	149	80
237	200	95	88	71	205	148	68
232	180	82	76	67	312	155	89
205	208	75	69	59	313	184	96
228	250	76	72	62	325	217	97
227	247	75	65	59	325	209	93
228	257	91	71	55	363	198	91
225	266	114	68	48	279	187	72
223	244	114	69	58	311	155	61
190	188	126	68	67	447	137	106
192	184	137	67	68	529	143	107
270	181	193	69	72	498	145	113
270	161	196	66	68	501	139	112
261	153	195	65	62	482	146	113
274	171	203	61	48	386	134	89
269	176	198	62	45	259	133	87
193	181	142	48	39	239	128	78
208	190	118	46	39	229	197	83
269	170	116	41	31	220	261	105
290	146	99	45	36	145	256	101
341	178	140	54	39	321	258	115
353	163	141	55	37	335	261	123
343	153	142	54	38	346	219	127
477	203	170	60	47	365	170	294
533	241	209	64	47	423	217	322
560	220	216	61	50	323	223	338
589	248	233	60	53	344	255	343
622	244	254	62	59	393	306	361
510	225	259	60	54	385	300	261
516	237	226	63	57	329	272	256
506	281	215	67	56	399	309	242
510	264	199	71	59	453	285	248
498	279	187	87	57	427	238	252
533	271	160	94	57	430	228	245
465	238	176	90	53	435	212	250
465	181	151	87	53	431	252	257
654	185	167	86	53	357	284	325
664	176	210	82	55	342	307	310
701	190	238	83	64	340	476	363
729	180	250	86	67	361	490	352
741	184	265	87	64	266	496	385
629	172	258	87	62	238	533	331
607	177	212	82	62	257	534	325
571	152	179	74	52	231	411	271
625	141	151	71	51	176	442	279
575	144	153	69	51	174	402	215
547	143	140	67	50	185	412	211
568	131	162	62	45	140	392	215
535	133	166	61	43	137	375	192
493	155	212	63	43	130	337	179
522	149	203	62	43	125	321	206
522	237	234	59	39	135	217	198
510	256	239	59	43	162	251	238
508	263	240	54	45	169	323	233
473	259	205	54	44	173	334	225
528	279	207	55	43	177	326	231
539	246	207	61	50	171	316	286
539	231	194	63	47	128	300	272
559	236	191	64	45	115	306	278
524	228	185	61	44	109	287	275
448	202	180	59	44	106	295	253
378	151	142	50	38	79	308	197
395	142	139	46	39	64	338	177
385	121	137	46	41	60	395	167
396	126	133	48	41	59	419	166
366	119	120	47	39	50	417	160
419	120	114	48	39	48	414	165
380	119	105	44	36	48	389	144
349	116	96	43	35	43	268	144
341	114	89	40	36	39	279	132
369	117	89	38	37	40	339	148
278	112	82	35	34	35	361	128
257	92	70	35	34	35	367	133
282	94	83	37	32	34	368	129
277	82	82	35	29	32	326	128
245	86	82	36	30	35	301	110
272	86	85	37	31	35	265	101
311	131	96	39	31	33	262	109
283	133	99	36	31	33	274	114
298	137	107	36	36	40	317	122
320	144	122	40	36	38	298	119
296	149	128	39	35	40	366	114
303	130	130	38	36	40	356	102
300	145	134	39	36	39	327	109
314	160	129	39	32	33	298	109
315	166	124	40	34	32	289	102
305	170	123	41	34	36	283	109
337	200	127	46	33	36	340	112
362	210	181	53	38	37	356	111
354	238	188	54	39	38	362	132
333	260	203	49	38	39	352	144
352	268	212	49	40	34	292	138
318	246	207	45	41	33	237	139
290	243	159	40	36	31	211	129
272	211	158	41	38	32	185	102
307	182	140	43	38	32	199	87
290	166	122	43	37	33	193	89
262	167	124	42	35	32	231	81
277	153	122	39	36	33	267	85
273	154	109	41	35	33	256	74
228	141	103	43	37	35	245	77
225	149	109	42	36	33	278	93
219	171	142	44	38	41	285	102
191	163	157	45	39	42	265	108
187	155	170	43	37	39	279	110
202	159	166	40	34	37	303	123
283	155	163	47	36	41	359	156
272	124	134	52	35	41	383	160
303	124	122	62	39	45	402	168
309	137	138	71	41	46	398	167
299	130	140	71	41	44	386	156
252	129	138	68	40	45	320	123
295	139	133	64	40	40	259	119
271	136	130	54	35	35	209	101
281	125	95	42	35	38	229	115
285	120	85	40	33	40	235	114
296	117	98	39	33	39	278	106
260	94	109	40	32	38	299	99
256	86	98	47	34	38	320	93
230	75	98	51	32	33	315	78
225	71	98	51	32	36	361	79
188	57	84	53	35	34	332	86
202	58	76	54	37	42	332	109
230	57	83	47	38	41	376	139
259	56	83	43	39	43	393	143
309	63	90	49	39	40	359	144
299	66	100	56	39	40	349	139
280	78	97	53	37	31	341	118
256	79	91	54	35	34	276	84
251	80	83	54	38	36	342	77
226	76	77	53	45	40	369	77
222	75	83	46	43	40	378	80
226	59	86	46	41	42	375	83
213	60	94	52	41	41	407	99
217	55	93	58	45	40	340	101
233	62	136	65	43	41	300	118
261	58	133	68	47	43	315	121
322	63	130	68	47	45	341	142
329	60	123	65	49	47	329	138
311	58	122	56	43	50	325	137
281	59	75	57	45	52	353	135
274	59	56	49	41	50	330	129
202	54	48	48	41	46	298	107
222	54	44	45	37	43	277	97
290	56	46	46	37	42	281	105
300	50	34	28	29	34	246	87
291	51	39	34	27	34	249	88
292	57	45	34	28	34	246	81
311	60	49	38	30	40	313	124
249	62	47	41	32	35	306	116
227	61	47	45	37	39	328	116
237	63	48	42	36	38	318	113
287	64	49	42	36	44	310	118
258	59	50	43	35	41	263	95
267	53	51	41	32	41	264	97
271	57	57	37	26	40	237	99
257	53	56	36	28	46	266	107
197	45	51	33	25	40	253	105
198	46	51	35	29	41	270	95
225	51	54	34	30	44	378	106
217	44	49	39	35	45	377	105
215	45	48	40	34	38	361	94
208	46	48	43	36	41	365	90
200	47	55	40	32	40	362	91
