0	1	2	3	4	5	6	7
181	172	105	67	57	76	352	111
259	228	158	100	89	117	345	135
261	234	269	144	104	136	388	145
307	338	316	194	120	142	409	153
374	403	350	237	138	154	429	154
366	497	503	248	149	151	533	193
349	498	537	263	167	131	548	192
378	580	529	262	177	139	528	187
372	561	571	261	186	176	578	179
381	624	561	273	193	193	562	195
382	577	520	290	215	211	490	153
393	606	533	281	192	208	471	143
366	577	531	276	185	208	494	148
343	561	467	261	184	185	481	150
232	442	458	207	163	154	502	128
225	426	366	167	121	130	492	155
156	387	276	143	117	146	484	156
147	322	206	121	112	162	418	157
132	289	179	75	80	151	323	150
135	287	161	76	79	152	271	137
144	257	126	73	75	149	343	102
152	209	101	67	74	137	358	96
147	179	96	64	54	85	363	84
155	196	100	68	51	87	373	86
159	191	122	82	53	81	371	94
152	185	130	94	51	80	289	97
127	173	127	99	60	78	323	94
124	166	117	93	54	101	398	100
121	163	113	92	54	103	394	104
110	145	117	92	55	103	407	93
109	138	111	81	55	103	449	87
111	140	113	77	46	100	425	75
116	144	139	92	48	74	374	63
104	116	193	119	57	74	367	52
96	111	198	116	52	73	348	56
95	108	203	119	53	76	334	57
100	102	211	131	54	81	317	58
90	90	203	144	61	85	332	57
91	95	168	137	63	81	360	54
107	137	161	141	65	84	382	61
107	140	156	139	63	79	323	60
114	140	152	129	59	64	325	68
118	145	175	106	52	57	372	80
122	153	169	93	45	56	355	81
107	130	165	90	44	55	344	77
132	134	187	94	46	53	344	83
131	138	183	96	47	59	391	80
131	131	156	95	45	62	402	76
132	123	176	99	45	62	415	79
133	122	174	106	42	58	414	77
109	120	150	109	44	60	433	72
126	157	147	104	46	57	411	72
141	180	157	176	57	53	412	69
147	211	142	226	68	48	391	66
196	274	138	243	75	65	407	77
207	282	136	245	77	72	473	79
195	275	188	257	85	86	458	76
220	284	207	227	84	92	385	76
230	280	198	194	81	95	383	76
198	220	191	163	77	86	371	71
193	222	189	155	73	88	266	76
199	215	152	137	61	75	257	75
176	189	113	116	56	68	258	70
155	155	108	72	47	66	288	79
146	144	111	76	44	75	311	81
138	131	138	94	47	69	311	79
127	118	127	96	51	66	296	79
106	119	130	101	49	73	328	81
106	132	137	99	48	79	298	68
103	129	135	94	46	69	260	57
99	121	114	75	43	68	237	47
94	129	110	71	42	72	235	43
88	126	96	59	41	67	333	46
90	122	84	57	38	71	373	60
107	139	90	59	37	76	378	60
107	139	78	51	37	78	380	59
103	138	79	48	35	78	380	60
103	135	82	51	41	88	332	72
99	143	84	52	42	86	301	64
126	165	80	50	43	83	285	63
127	158	75	50	46	83	287	66
125	150	64	46	48	92	307	69
141	173	71	44	46	92	240	60
142	164	73	46	47	88	237	65
110	152	79	49	46	87	241	64
121	156	82	51	46	88	337	69
155	186	104	60	45	83	362	74
144	168	100	62	47	84	356	100
151	169	103	62	50	83	336	98
155	188	102	63	50	85	360	105
176	231	112	64	52	87	282	101
161	228	106	60	52	90	232	96
157	235	104	56	50	85	211	64
161	251	109	63	46	82	230	63
153	226	104	60	44	86	225	61
133	197	94	58	41	91	251	70
224	213	116	224	83	108	413	93
266	261	300	293	110	131	639	132
290	330	344	320	124	143	661	141
305	355	368	341	167	165	657	145
326	394	389	376	219	216	680	149
315	415	415	342	235	237	599	151
336	402	324	294	227	231	469	126
344	357	274	263	221	229	436	123
339	348	240	242	202	243	444	119
333	374	215	191	146	199	397	126
299	362	137	118	96	162	395	112
246	358	122	106	90	153	270	106
263	447	178	131	96	150	284	119
294	519	223	135	77	99	255	118
284	493	231	134	80	123	336	124
275	485	245	139	84	131	341	131
287	484	246	139	85	129	319	130
239	394	211	120	81	128	313	118
198	272	173	204	116	206	423	127
273	317	284	291	160	237	514	113
358	418	374	322	193	263	543	122
374	501	424	324	199	268	568	127
381	530	493	349	204	272	622	134
444	626	553	376	207	238	595	142
435	625	519	326	177	215	503	157
384	583	463	298	138	176	512	147
378	517	427	296	135	186	549	150
372	497	353	302	144	228	601	144
302	393	248	213	121	232	616	128
252	350	218	192	113	218	589	103
240	301	192	187	112	219	573	114
207	316	171	191	111	232	515	127
205	308	148	123	87	200	370	124
204	346	200	121	85	178	290	134
199	352	202	120	92	172	285	133
219	384	216	126	97	173	231	129
240	398	235	129	90	138	223	116
244	415	252	135	92	134	221	114
228	363	207	117	86	149	206	97
216	330	188	109	79	147	245	103
173	287	170	104	92	164	340	104
141	249	227	229	119	168	427	97
151	255	326	281	153	172	468	117
171	285	363	295	159	164	485	126
213	398	448	306	169	198	527	122
223	439	503	320	167	198	677	112
241	446	490	250	154	213	705	127
243	437	439	203	145	213	710	110
242	422	424	237	159	224	736	110
226	356	360	369	180	213	696	117
238	322	338	383	180	198	528	121
245	343	305	384	194	226	489	108
248	360	292	379	197	250	506	117
244	384	326	377	206	252	439	108
230	370	309	263	186	241	427	102
220	362	245	223	183	253	522	121
189	319	249	213	164	263	534	157
183	298	235	211	156	378	481	152
176	275	157	156	119	389	480	158
194	297	156	116	110	399	487	158
187	306	172	117	106	392	346	141
180	309	168	113	102	362	223	95
159	295	166	99	74	215	223	91
153	283	159	93	70	178	253	80
115	230	137	74	64	170	266	76
104	193	108	64	66	174	248	76
104	176	100	58	64	170	281	78
101	147	97	57	57	154	392	94
98	127	89	57	65	169	413	93
101	127	82	55	66	153	399	90
117	152	96	60	63	142	407	85
112	144	95	62	64	145	390	78
117	150	96	61	62	142	270	54
121	162	103	68	52	103	206	53
116	151	103	68	45	93	211	55
115	154	99	65	44	98	205	51
116	156	100	63	44	96	207	54
103	149	97	62	44	94	205	59
93	136	94	56	46	97	200	60
100	154	111	64	54	107	243	63
81	131	106	61	56	113	253	74
85	139	108	62	56	131	238	72
80	134	105	61	55	128	232	68
81	138	101	62	54	126	232	67
90	138	92	66	63	128	217	64
121	220	126	87	86	132	366	66
142	239	135	147	106	130	380	71
184	252	170	165	141	145	390	73
214	277	176	181	161	169	410	82
239	351	176	184	163	176	448	100
241	357	170	194	166	202	350	123
261	378	167	170	156	215	583	125
280	414	136	163	138	230	598	137
275	416	155	186	192	250	608	133
286	385	255	255	220	257	668	134
288	369	266	274	250	250	667	117
288	354	300	301	308	283	478	136
300	381	337	319	322	287	461	133
309	395	434	330	343	351	474	151
290	381	502	330	363	371	404	157
310	415	510	313	376	381	506	183
332	462	497	328	361	361	586	181
302	448	538	391	400	409	634	183
346	439	532	439	419	359	616	171
361	490	496	424	408	391	645	182
393	505	536	457	408	393	653	169
390	526	588	475	402	405	614	184
399	587	560	425	359	357	612	200
349	605	531	370	283	338	645	205
326	598	477	350	286	322	620	186
285	549	416	313	251	315	604	200
240	479	335	233	248	355	660	177
210	352	292	216	247	340	639	158
204	315	218	206	261	344	602	157
208	263	190	216	245	393	575	165
195	271	176	195	230	520	558	205
216	299	190	190	198	504	478	217
210	391	171	172	176	531	441	222
200	405	148	131	146	557	434	218
190	375	141	98	111	595	397	219
166	392	156	106	122	536	305	174
159	428	141	101	120	519	222	156
156	352	149	101	123	502	268	142
157	319	151	100	118	500	273	134
155	323	151	95	110	397	264	119
141	287	133	77	81	333	243	72
136	231	119	72	95	349	359	66
141	237	110	69	95	340	324	60
173	253	115	68	90	355	318	68
173	251	120	71	89	348	380	87
172	247	110	68	94	343	383	89
152	210	99	64	72	310	382	97
147	189	109	74	71	295	400	98
109	155	122	119	103	282	464	96
105	151	152	156	130	270	501	93
156	191	237	200	166	274	580	107
166	188	264	219	198	286	617	117
167	184	280	259	249	327	650	122
174	188	278	247	244	311	697	135
182	189	269	237	250	304	646	130
161	156	209	219	245	303	607	136
145	176	227	334	251	301	512	125
200	189	254	364	263	300	455	125
209	212	332	371	297	303	434	146
238	238	458	387	315	334	442	166
252	277	471	398	344	367	409	174
263	290	543	381	374	375	453	194
270	330	536	350	347	348	534	197
269	339	511	366	340	341	469	176
271	430	416	367	351	388	541	162
330	622	421	388	397	425	637	195
370	707	315	333	411	468	750	201
437	743	316	346	441	473	712	218
458	757	339	345	435	465	727	225
459	709	520	375	466	471	733	234
434	552	538	368	439	452	680	205
426	481	548	402	423	426	531	207
348	422	544	405	402	430	521	193
328	405	521	387	399	465	588	193
310	386	325	339	326	391	519	181
265	362	258	301	263	340	544	183
214	272	205	235	216	305	639	163
180	232	209	208	203	459	637	155
165	215	189	206	201	489	577	148
154	518	184	196	200	508	562	161
176	617	190	192	198	503	495	144
169	659	183	162	171	507	354	139
177	709	155	97	132	605	370	178
172	743	159	92	116	611	457	203
169	585	140	90	119	600	481	191
150	479	132	84	115	595	473	186
151	425	141	83	112	584	462	176
147	335	137	83	100	336	451	140
142	253	119	73	81	226	298	161
147	239	119	70	66	214	245	162
152	225	120	78	67	220	251	166
151	215	107	75	69	222	243	169
138	202	96	69	72	207	311	167
125	162	86	59	60	158	313	111
138	181	101	69	62	144	312	104
137	213	106	76	67	132	307	98
163	224	105	85	75	144	366	92
171	220	99	82	65	129	304	90
217	242	101	85	66	111	309	101
284	340	104	97	74	122	378	114
309	328	221	118	75	125	425	127
297	334	230	129	73	122	442	133
305	353	280	133	77	126	493	141
298	450	312	150	81	126	470	140
238	381	373	253	91	114	412	143
225	381	357	251	87	108	363	136
548	373	360	245	80	83	285	210
641	376	336	257	81	82	142	212
645	314	376	325	95	90	136	213
655	303	435	404	91	94	152	217
662	300	427	415	95	101	213	220
446	311	431	420	97	116	328	158
370	308	480	418	98	113	383	150
401	365	595	396	96	106	390	156
391	409	539	253	84	106	450	137
371	411	527	232	78	108	433	128
366	403	530	225	76	93	348	121
316	435	499	240	77	90	323	134
259	335	312	199	59	92	348	112
239	273	272	173	55	80	270	112
237	269	279	174	57	94	288	112
247	269	273	174	59	102	293	116
228	209	353	158	58	104	309	98
212	196	357	145	55	100	287	93
212	191	354	152	58	106	316	96
205	219	398	154	59	84	327	98
187	216	391	151	58	77	361	86
203	192	320	172	55	82	348	84
203	201	300	166	56	84	369	82
201	202	300	167	55	75	354	82
217	185	227	203	58	79	334	78
207	191	250	228	63	76	299	72
160	184	204	198	58	61	301	69
155	164	181	193	57	71	331	76
160	157	194	189	54	70	326	75
133	121	186	154	49	62	309	80
133	99	150	125	55	72	313	78
125	85	157	139	107	82	296	74
117	81	151	168	146	83	276	67
111	75	119	166	158	85	264	63
104	79	99	159	175	128	337	54
92	67	82	154	177	136	338	59
99	73	88	159	153	131	316	60
109	77	112	142	122	128	278	60
101	78	116	140	108	135	285	54
98	72	141	135	89	102	227	62
91	72	145	149	83	85	274	58
104	72	143	131	78	86	366	64
101	74	139	121	74	85	367	67
104	82	138	126	84	73	370	67
103	73	136	120	70	77	374	60
110	72	136	107	65	73	338	65
92	65	128	107	71	69	234	55
91	60	118	108	75	69	227	50
111	62	160	130	74	66	225	52
175	114	165	157	97	80	362	65
203	121	170	158	101	108	421	83
220	131	172	162	115	122	452	118
221	134	173	157	110	124	484	134
215	145	198	140	111	131	490	137
176	115	183	117	97	119	408	135
150	115	197	118	99	95	414	126
134	114	205	124	84	83	412	111
129	117	209	131	84	78	375	102
132	105	155	125	74	78	390	102
127	100	165	120	76	94	394	103
146	90	156	108	70	108	318	106
136	81	139	90	71	105	306	91
133	73	139	88	74	109	400	80
131	60	136	88	74	111	471	82
130	56	113	77	68	105	466	78
97	56	93	75	66	96	469	78
96	48	109	91	63	100	485	75
97	50	107	99	75	155	431	75
83	48	105	105	75	183	326	66
83	46	103	103	75	183	322	68
74	46	97	106	78	188	352	63
77	48	77	105	107	211	386	70
77	43	57	96	107	230	373	73
74	41	55	92	113	215	367	71
74	48	57	91	112	212	354	70
88	53	56	91	111	209	361	68
87	50	47	70	86	194	284	60
88	52	47	69	82	176	283	53
93	52	42	73	80	171	288	52
93	49	41	78	83	174	289	53
99	48	39	75	80	173	239	55
93	52	47	80	80	167	217	57
95	58	53	77	68	122	229	57
93	56	53	73	62	112	226	59
89	60	55	71	56	135	215	53
69	59	57	76	65	141	209	45
70	55	55	70	56	137	228	47
63	49	50	69	75	146	273	54
65	52	51	63	74	156	299	54
59	43	48	58	75	128	297	56
62	43	45	54	72	127	304	58
68	45	44	57	74	127	290	62
73	45	43	54	58	106	214	53
70	42	41	52	62	118	180	53
74	44	44	55	65	134	193	52
78	45	44	51	59	136	199	53
78	44	45	49	62	141	199	50
71	45	49	54	67	149	196	77
75	42	47	55	64	126	176	98
88	44	50	57	69	125	296	104
96	52	54	59	70	111	286	101
94	51	52	56	68	128	288	99
103	53	49	54	70	130	306	81
103	55	54	51	66	133	303	53
98	51	46	56	65	136	248	39
85	46	46	58	73	161	251	41
83	45	46	59	74	141	242	40
75	42	46	56	68	143	249	41
74	40	43	58	67	139	276	51
71	43	43	51	64	124	213	56
71	37	40	46	61	89	240	57
68	38	38	48	58	87	262	58
67	38	42	51	55	56	253	59
69	38	48	48	56	67	234	51
69	44	55	52	48	67	245	48
