0	1	2	3	4	5	6	7
86	113	55	48	49	167	247	59
101	112	60	44	52	169	277	72
103	86	106	47	51	171	222	65
104	83	110	58	57	172	209	59
108	83	115	79	57	104	221	57
103	75	117	79	53	69	203	54
84	75	124	78	52	102	300	58
102	83	87	83	58	181	309	58
104	84	94	84	51	189	333	68
105	89	92	65	47	193	326	71
108	90	88	67	47	196	342	76
105	90	75	69	47	188	216	62
73	85	72	62	43	142	207	63
71	83	54	52	46	191	161	54
66	78	85	52	42	190	270	66
63	77	93	53	43	188	258	63
73	69	92	51	43	214	256	62
78	104	92	47	43	229	260	61
98	111	94	48	41	192	270	61
124	117	62	45	45	190	225	53
128	130	45	40	45	205	240	57
126	131	73	37	44	177	343	75
121	103	80	40	45	198	356	83
142	108	93	40	42	197	361	102
136	105	94	45	40	232	421	148
145	90	101	93	58	275	462	160
152	82	114	114	84	320	446	162
157	89	129	147	86	291	497	170
139	104	138	183	119	384	620	174
121	115	143	195	128	392	592	143
116	216	154	187	128	380	557	134
120	231	146	193	134	375	589	132
126	233	136	207	170	405	653	147
167	261	137	203	167	345	548	142
203	290	185	191	162	333	583	160
210	228	187	189	161	437	633	168
207	216	188	198	150	443	575	161
204	215	194	181	111	426	454	141
165	166	188	156	89	434	451	128
120	95	148	211	124	475	496	118
108	87	140	244	136	442	489	105
93	85	135	236	134	414	497	101
115	92	162	229	135	399	497	103
118	89	164	239	133	418	480	123
115	85	160	203	102	413	390	103
118	86	162	164	82	326	320	107
142	88	156	152	77	325	345	118
196	93	124	147	71	328	438	128
203	117	127	134	68	280	476	114
206	116	121	124	67	189	513	119
210	118	124	120	66	201	545	122
215	119	200	175	73	232	559	121
152	120	211	195	73	257	483	104
159	104	214	191	72	261	485	108
186	104	214	189	72	271	453	108
180	101	207	188	65	257	427	101
169	91	177	154	53	244	390	98
169	76	165	130	53	232	423	99
148	71	154	127	55	220	468	107
133	74	156	128	54	228	465	105
137	79	157	134	56	277	498	107
134	85	105	107	53	260	515	99
135	87	102	93	55	282	491	100
162	90	95	94	54	288	437	83
154	87	91	94	59	288	386	77
153	84	104	96	59	236	350	73
145	88	101	96	58	233	361	76
158	81	98	96	50	239	466	104
135	77	94	94	48	298	480	110
227	118	98	92	38	285	495	125
242	132	99	85	35	293	508	130
253	127	105	94	48	343	496	131
249	127	94	98	57	396	428	121
253	140	112	94	56	342	400	119
269	141	107	89	59	340	485	139
280	130	98	76	80	362	616	138
281	125	91	82	82	395	596	140
276	128	94	98	98	321	581	127
283	117	96	113	101	319	692	146
222	76	102	118	105	317	695	137
186	71	94	117	96	348	563	137
167	107	102	110	100	266	566	134
169	146	116	103	82	253	588	142
298	156	105	102	80	247	450	137
295	160	108	112	81	245	377	118
295	166	117	137	94	149	432	116
295	168	164	159	109	271	437	120
301	143	162	170	128	276	435	119
276	137	171	172	131	287	593	179
287	135	203	170	137	300	650	187
293	168	232	201	202	363	607	182
297	151	211	188	200	392	611	181
306	141	207	181	200	433	622	178
479	150	232	188	201	427	646	179
517	167	208	192	205	423	572	178
544	130	183	205	192	510	636	189
546	194	182	203	202	500	667	201
542	218	204	203	197	470	659	211
347	214	201	212	211	552	599	162
306	209	227	247	207	566	630	183
434	217	241	203	162	461	600	186
460	168	243	204	144	483	669	189
473	169	242	210	175	506	661	185
483	185	242	195	173	425	656	179
462	197	232	165	172	407	641	149
321	199	213	164	184	428	671	147
294	196	250	162	191	419	685	163
343	174	243	154	162	422	763	198
324	157	222	156	155	418	754	207
321	135	209	172	165	413	757	206
327	186	215	177	162	463	723	200
340	198	173	178	171	383	792	224
419	222	163	195	192	346	849	335
429	275	203	202	186	372	791	352
425	280	216	168	195	566	836	366
438	247	266	183	216	549	882	397
479	242	308	285	270	578	831	396
534	219	319	322	298	584	782	345
561	144	300	320	304	636	853	337
570	142	315	344	323	517	865	328
554	141	355	395	314	493	853	298
603	147	362	341	266	442	888	323
458	186	370	309	217	425	874	279
419	186	373	310	213	314	868	264
422	184	359	284	182	419	883	296
460	177	290	209	182	454	1006	330
337	167	249	188	174	469	892	274
328	122	242	260	219	468	880	250
308	122	258	353	293	520	870	258
326	149	385	458	322	570	965	255
252	149	379	471	330	526	847	203
248	142	374	480	334	517	892	221
252	142	391	454	335	526	923	244
262	140	383	400	295	579	937	236
242	171	305	338	294	417	874	189
240	172	304	346	309	411	922	209
232	169	293	340	314	458	888	195
220	166	265	331	311	488	802	161
206	162	249	319	312	356	743	164
233	88	206	314	308	440	794	170
302	83	198	284	288	471	682	157
306	85	229	289	299	428	709	160
306	83	224	269	283	388	704	162
312	80	239	307	286	415	764	175
347	92	209	333	323	412	620	191
298	88	228	405	391	389	611	174
295	92	212	426	411	405	582	164
314	91	211	445	407	420	740	197
338	97	191	414	388	449	758	239
258	78	186	482	445	454	726	227
260	108	212	517	439	447	865	250
242	122	218	549	428	439	886	254
239	123	213	535	451	466	791	235
214	120	215	542	451	566	748	181
268	126	233	473	373	508	763	202
267	105	185	369	326	505	628	185
273	85	198	381	445	505	749	195
266	81	195	406	465	501	740	198
266	85	209	404	481	322	712	193
209	76	214	365	477	300	658	154
204	67	218	397	466	301	704	146
260	66	185	305	361	331	633	181
261	65	176	288	369	281	693	170
242	58	158	328	360	278	705	178
237	57	129	333	331	285	737	184
230	62	121	290	328	302	768	194
202	65	106	285	332	312	716	151
186	65	103	287	323	310	637	146
