0	1	2	3	4	5	6	7
281	524	192	142	171	588	452	339
294	504	206	138	175	590	459	345
303	498	211	151	181	594	457	350
313	527	219	135	170	596	451	390
304	455	209	126	145	474	300	323
268	532	210	135	151	467	386	364
249	537	223	126	143	472	387	360
221	536	244	98	117	467	386	356
197	509	230	97	114	483	378	351
221	533	236	112	115	372	330	334
262	522	251	106	100	254	157	236
253	505	208	98	87	249	132	231
244	465	162	97	89	285	142	292
245	480	164	98	90	374	134	267
248	495	174	86	83	371	124	254
201	429	165	80	79	363	122	256
193	395	177	79	82	409	126	281
188	391	173	67	72	404	109	220
187	353	173	68	72	322	146	176
167	311	154	63	69	303	149	172
139	261	133	60	64	317	150	174
134	244	132	73	69	308	150	140
155	265	131	81	71	327	149	146
158	231	128	84	72	314	132	158
140	180	137	78	69	336	125	163
133	177	130	80	68	335	146	190
130	210	108	68	54	321	181	255
158	199	106	58	49	284	179	246
165	196	104	48	42	259	160	249
159	191	84	53	46	247	162	254
168	238	84	47	47	253	145	249
211	220	95	46	47	262	134	220
178	216	89	43	42	253	139	217
167	223	100	44	41	276	149	234
163	231	102	39	36	290	157	236
176	217	103	42	46	272	159	219
125	218	105	40	46	212	129	179
123	201	113	42	49	231	128	210
116	201	110	40	49	237	118	190
146	203	115	42	55	217	100	247
157	183	114	43	46	208	80	256
176	217	104	49	55	212	108	282
181	220	99	46	52	269	119	276
184	223	98	48	56	274	124	288
169	230	90	46	51	267	128	243
151	233	94	45	50	265	129	235
130	191	98	39	41	306	131	230
130	189	100	45	42	298	175	286
253	237	92	43	39	300	433	312
262	216	93	52	51	331	511	318
270	195	106	93	96	408	519	338
296	206	101	100	108	641	613	478
316	204	107	113	142	755	669	523
356	262	121	132	163	756	576	556
391	305	140	149	198	845	515	589
392	303	147	182	253	911	567	607
390	341	160	209	261	777	588	524
460	534	183	240	295	664	522	473
396	551	192	259	313	733	527	459
410	655	184	258	309	658	530	461
452	719	235	260	309	551	486	458
502	728	285	257	318	649	370	472
431	625	275	229	283	679	470	524
425	644	264	198	254	658	496	496
428	611	277	198	261	644	508	480
384	586	250	167	211	770	543	566
311	571	193	143	186	860	555	547
344	580	187	142	187	846	464	478
345	519	190	142	191	836	387	520
275	454	186	146	170	941	456	548
269	475	170	128	161	886	453	475
315	540	183	170	192	730	423	451
339	532	207	177	189	712	420	505
354	545	220	181	185	732	416	495
359	510	203	166	172	803	456	458
389	583	213	176	172	778	439	438
398	574	202	138	138	745	420	459
363	581	176	122	119	795	423	462
339	561	166	117	128	798	487	559
371	618	172	122	124	574	415	559
425	528	143	126	135	515	412	553
386	450	135	122	140	529	416	589
386	435	151	129	168	623	432	700
455	460	143	129	160	606	376	654
436	401	136	123	160	586	301	636
361	337	144	107	146	591	274	623
358	342	135	109	145	681	282	666
364	309	109	94	114	554	299	534
263	257	104	103	118	488	338	473
263	237	103	107	120	487	355	481
280	233	82	100	108	473	395	571
270	233	95	114	100	355	413	501
343	231	102	118	101	314	395	506
364	248	90	105	93	292	393	519
379	214	89	105	86	306	421	545
363	256	118	127	104	511	429	514
405	314	116	110	108	539	410	490
380	344	113	104	106	520	395	433
376	355	132	105	113	530	352	421
355	361	131	100	120	559	329	395
375	341	105	68	107	400	301	396
467	277	102	64	98	333	482	456
457	243	96	65	100	354	530	484
470	236	74	70	96	449	575	517
472	250	71	79	106	440	685	510
464	235	74	80	103	425	750	452
438	227	65	77	104	422	743	442
414	221	78	132	149	553	782	476
404	177	70	137	150	475	855	457
478	150	80	134	144	469	858	482
613	170	100	152	154	730	958	585
716	221	116	158	164	793	998	714
749	226	114	119	125	703	1036	728
743	234	128	120	150	726	984	705
699	237	125	127	155	854	932	702
660	235	108	108	153	703	878	739
480	303	135	111	140	652	775	609
461	320	145	121	138	676	756	595
473	327	134	113	105	667	744	614
521	413	161	108	88	580	808	614
457	446	184	124	114	546	686	469
507	471	197	146	147	519	669	416
466	489	203	141	147	480	540	370
526	678	238	145	151	455	552	357
643	789	291	163	164	310	504	541
737	888	315	168	164	218	494	546
750	867	306	155	144	174	492	551
792	908	307	152	150	190	544	558
812	838	308	166	162	251	555	603
789	741	264	164	164	251	533	472
716	657	249	147	154	247	538	464
715	725	257	140	150	248	521	512
689	734	271	156	157	241	487	501
628	666	263	150	146	174	493	548
583	682	267	142	134	140	478	531
536	667	253	146	132	148	487	526
507	647	281	142	130	143	495	517
517	584	278	130	115	128	498	526
523	630	260	120	118	309	432	441
504	591	241	109	112	325	343	438
543	561	230	109	98	322	300	426
570	564	174	105	94	325	277	458
564	652	183	108	110	330	285	459
602	645	186	101	116	188	275	428
633	648	189	134	127	143	272	393
619	687	246	127	125	200	295	518
645	698	277	128	121	217	339	466
655	634	267	137	138	210	303	449
623	645	276	141	133	187	287	461
568	697	292	123	139	195	337	500
606	677	264	182	176	139	305	394
505	628	226	196	209	147	266	411
518	717	260	188	202	169	275	409
484	675	266	202	274	179	292	457
548	637	279	234	288	177	249	530
499	648	262	197	280	175	258	542
513	623	262	183	260	153	246	527
481	479	206	205	269	144	270	633
491	535	194	213	221	129	242	679
406	501	128	176	205	141	246	590
467	474	125	170	192	150	245	587
539	522	145	227	286	181	327	628
582	555	169	268	283	255	388	590
581	511	169	271	278	342	401	541
641	511	171	268	270	337	402	552
607	522	184	280	272	335	423	538
566	476	184	277	192	453	420	538
497	418	165	222	183	457	433	460
528	436	161	217	175	405	421	386
451	434	192	252	199	417	433	420
452	407	204	258	223	468	438	513
545	525	220	230	219	360	490	546
617	538	223	239	226	314	458	549
598	523	219	219	223	311	474	548
