0	1	2	3	4	5	6	7
253	238	147	117	129	475	219	113
249	247	141	115	136	529	311	122
265	257	141	117	132	450	319	137
278	306	145	114	118	374	295	140
293	271	138	95	102	415	295	157
276	287	166	77	80	451	297	158
286	283	208	89	73	440	206	165
310	294	213	94	70	439	200	160
284	220	199	92	120	497	222	159
258	189	181	91	120	471	222	131
261	190	172	97	121	427	235	125
247	201	131	94	135	460	247	104
206	191	124	88	147	568	250	106
216	190	122	88	117	534	286	131
236	200	127	91	119	523	290	143
199	170	106	87	122	542	315	169
186	146	88	82	119	544	337	168
169	118	84	86	117	470	360	163
161	123	81	79	111	448	332	141
177	113	68	76	115	465	367	135
168	106	61	67	130	557	373	105
222	107	54	71	123	568	364	120
227	109	56	68	110	545	354	116
241	151	69	75	112	562	367	117
223	147	70	81	136	672	547	138
229	147	79	78	128	729	544	138
181	266	124	72	122	666	561	124
188	276	133	72	123	659	595	120
172	259	131	69	127	764	630	140
179	267	138	94	133	741	473	108
182	269	136	106	124	627	617	129
184	179	131	119	125	624	618	134
202	162	119	118	149	722	654	137
215	151	118	124	169	720	700	135
217	140	118	105	140	654	735	173
386	139	124	114	144	705	625	177
482	106	88	119	175	829	816	257
500	112	124	184	169	787	804	303
526	194	218	345	157	685	743	299
556	233	234	363	166	716	812	292
493	246	237	364	209	812	900	285
432	259	275	535	236	775	815	243
473	272	306	596	254	795	845	206
631	260	262	570	292	926	964	263
641	233	263	595	306	950	911	260
615	278	378	683	332	858	838	260
625	300	416	632	328	796	800	241
577	294	391	561	311	756	783	235
500	288	396	563	292	677	677	237
468	299	406	670	322	658	638	236
484	270	338	624	295	643	633	234
443	243	272	549	266	695	574	233
443	233	268	556	269	723	616	234
284	200	290	565	249	663	566	166
252	186	284	436	205	636	544	154
213	167	239	373	167	705	510	151
247	150	223	376	170	734	496	190
376	158	236	393	202	726	402	186
375	169	218	360	244	715	394	183
452	172	213	345	245	770	391	212
459	155	217	340	252	807	495	211
457	174	243	361	253	758	504	174
356	181	330	504	259	715	445	173
353	174	314	531	253	689	426	187
376	158	308	512	249	741	544	208
412	174	325	552	243	629	497	217
407	179	345	567	240	599	508	216
403	155	254	457	206	639	565	216
406	157	248	377	158	665	625	206
289	154	241	377	156	603	541	150
237	151	254	485	173	576	505	131
233	130	200	467	172	554	515	130
308	140	224	439	163	628	436	130
321	136	236	465	185	697	389	127
320	151	252	492	199	657	414	125
322	134	221	384	196	735	394	127
334	127	221	367	194	766	362	129
270	135	198	373	200	672	525	132
264	135	211	339	180	602	508	130
254	131	199	291	155	545	563	133
243	131	220	374	240	596	621	140
216	131	235	396	260	591	646	138
214	123	247	397	253	593	623	147
185	135	307	455	261	568	655	148
189	131	309	453	255	571	612	147
202	134	295	331	151	366	567	139
190	138	332	358	113	283	534	132
191	146	334	348	125	280	461	100
218	138	269	264	105	291	560	139
238	126	320	351	130	263	570	163
241	174	427	413	158	217	557	161
347	190	419	392	157	218	556	208
466	193	463	415	160	218	558	229
488	197	512	461	182	208	483	210
495	215	486	409	176	196	434	196
488	190	419	360	154	189	435	194
419	179	425	349	149	196	578	152
271	164	393	388	151	152	611	119
247	165	337	349	143	177	547	119
225	152	354	347	142	189	562	113
224	132	340	332	142	190	594	124
231	126	347	327	157	183	439	116
244	127	387	259	150	181	320	116
261	132	464	316	138	134	367	155
299	129	496	307	123	128	367	179
339	128	501	348	133	148	388	198
344	132	555	374	124	158	418	201
346	174	571	372	120	164	461	211
402	163	507	310	114	176	420	208
443	198	470	325	119	212	429	212
443	235	519	348	116	215	385	199
456	262	498	373	120	209	371	204
454	241	474	367	119	262	377	192
424	239	486	373	122	258	399	170
491	229	561	440	139	278	523	248
478	197	541	412	143	270	529	256
470	153	485	361	135	364	563	250
488	148	443	371	145	441	544	261
445	160	433	407	144	483	554	259
414	147	369	346	127	455	513	232
429	140	317	330	117	463	498	237
422	146	317	329	146	419	561	239
420	142	405	354	186	342	633	241
432	139	453	393	221	286	681	269
493	121	451	409	242	307	672	274
527	138	496	416	256	424	737	271
563	180	567	543	259	500	697	281
561	233	532	548	237	486	759	285
576	244	491	503	222	500	785	267
431	240	503	472	198	533	827	207
428	234	501	489	214	493	792	218
396	201	453	400	213	405	768	209
383	137	447	360	206	391	642	191
375	104	443	353	218	425	659	193
393	120	431	402	225	457	566	197
311	116	405	428	236	403	533	155
513	126	373	373	241	409	639	339
546	128	372	440	259	450	639	364
524	132	384	448	299	391	546	353
507	120	381	472	368	330	535	346
517	120	356	446	423	377	734	372
414	112	337	449	415	423	728	246
524	139	316	432	496	415	761	354
534	138	335	472	499	415	762	370
533	136	287	425	500	423	766	370
520	129	272	418	475	485	613	346
595	148	391	469	566	486	577	448
493	131	476	454	527	459	563	364
484	136	484	397	500	481	551	351
490	137	501	461	528	487	702	364
519	140	518	536	640	440	706	373
333	118	438	565	592	380	650	213
289	108	358	662	614	424	738	190
293	104	314	678	652	492	796	209
301	111	297	651	638	478	762	241
254	119	382	686	535	443	728	231
238	121	392	652	530	478	746	233
226	118	368	541	507	566	760	224
313	116	380	598	492	544	692	217
354	118	365	612	455	543	552	179
361	113	269	518	487	538	644	175
356	104	258	521	492	521	629	168
388	107	252	542	461	398	563	199
375	101	255	477	521	356	618	209
