0	1	2	3	4	5	6	7
131	43	41	41	25	89	271	58
146	42	41	44	26	110	260	57
143	41	45	48	29	119	265	60
149	39	44	47	33	120	261	77
174	45	48	53	33	122	228	100
163	46	51	78	37	168	268	111
216	66	65	86	44	164	335	131
239	78	109	92	42	159	348	144
235	85	132	128	48	172	369	144
271	97	144	130	57	229	366	146
371	116	149	128	67	374	334	182
379	129	170	127	68	418	370	199
389	180	277	205	84	441	466	289
477	209	285	203	87	514	460	335
509	215	287	205	106	666	574	361
478	211	299	213	110	646	595	373
465	285	321	220	115	621	537	359
451	265	222	159	111	619	521	293
375	246	211	175	115	588	628	260
413	241	205	183	110	479	674	321
414	253	197	195	106	416	712	287
409	184	185	191	104	431	716	295
459	167	195	197	111	506	707	317
536	162	186	195	110	590	608	348
462	163	183	203	105	537	537	257
471	143	173	210	112	543	509	269
488	108	136	219	112	550	554	292
462	108	137	228	110	528	546	279
370	102	148	242	116	450	567	236
455	104	178	260	126	436	691	296
514	109	196	243	126	474	764	303
609	155	187	270	133	511	743	288
682	164	198	335	128	481	828	300
706	180	222	473	152	450	876	310
730	188	204	466	142	450	762	374
737	206	195	470	158	469	661	374
665	180	193	460	154	402	708	367
681	187	184	444	166	374	591	387
705	182	143	289	143	352	540	392
659	174	158	317	166	470	507	292
605	147	159	359	154	490	597	281
650	149	160	356	160	522	620	284
588	135	148	310	145	530	640	310
648	153	159	307	150	535	614	330
741	159	143	263	124	522	603	342
754	172	132	185	111	519	678	348
711	165	126	175	100	487	671	358
800	209	175	176	109	477	698	339
710	208	216	148	91	481	722	294
609	199	217	143	97	457	871	295
625	191	218	169	105	488	814	315
658	193	225	162	113	506	818	316
532	156	201	183	117	499	793	314
590	161	156	189	139	563	820	336
574	163	143	204	142	515	736	320
590	172	142	199	143	390	738	301
583	168	153	229	142	371	714	302
691	175	157	214	133	381	712	256
767	173	164	200	110	284	728	392
835	185	171	197	96	310	697	459
799	179	184	198	96	310	630	465
820	202	201	169	83	292	730	480
719	192	205	182	88	290	741	497
744	187	205	190	99	285	681	500
732	181	216	181	101	309	627	467
774	205	220	171	108	315	634	473
784	191	205	183	112	316	510	469
789	197	187	168	135	307	505	455
695	193	197	172	130	300	498	351
642	198	188	170	128	196	488	315
608	214	173	161	113	247	545	301
538	217	188	169	114	288	510	267
523	219	201	210	104	292	495	261
497	236	201	207	122	290	499	226
473	277	240	204	136	330	512	249
582	243	237	202	144	400	595	288
587	248	247	181	145	406	603	298
657	255	285	165	147	400	562	299
706	247	281	187	138	389	587	324
693	194	247	199	147	377	593	322
602	307	330	199	138	368	495	284
705	308	318	195	132	373	458	283
724	312	307	176	127	381	458	283
636	311	317	197	160	392	516	246
670	314	337	195	154	398	543	214
673	221	261	207	176	381	473	203
625	239	249	203	182	354	573	236
589	251	225	201	187	344	581	226
650	275	214	153	156	338	522	240
670	300	211	221	187	615	552	287
712	316	214	259	186	672	697	315
705	293	254	316	198	680	788	304
689	279	277	391	207	815	801	305
631	260	302	540	474	826	813	290
599	268	304	586	546	695	765	246
685	264	302	588	553	624	743	321
662	269	352	595	584	633	696	371
615	293	366	638	639	494	702	382
621	309	352	536	487	481	667	380
726	294	347	461	394	471	845	457
715	277	346	473	409	515	772	456
737	278	272	454	360	528	643	407
756	238	230	323	240	484	620	403
778	228	219	317	307	512	707	427
711	213	207	521	488	496	612	389
572	250	338	511	479	420	613	315
492	238	344	529	492	372	640	303
553	232	334	531	531	515	666	317
663	201	328	544	581	582	683	442
683	203	330	433	504	538	595	458
660	145	196	448	514	532	592	446
686	144	167	422	526	636	589	453
625	153	181	509	580	539	665	440
521	145	199	525	518	437	568	286
481	142	180	490	518	437	586	258
645	168	191	501	540	533	603	342
752	186	220	591	665	476	598	434
826	186	203	605	680	468	496	494
787	195	197	636	736	465	504	498
764	178	207	648	733	590	570	484
670	146	184	627	721	524	591	437
512	141	176	601	702	468	604	339
398	148	216	591	693	480	587	245
417	151	232	572	650	537	583	234
560	159	226	548	653	433	538	331
656	190	238	578	714	444	547	430
675	191	228	523	613	431	523	455
678	184	211	452	577	465	568	458
708	180	193	490	649	524	580	491
794	250	210	514	674	504	676	672
745	235	211	504	610	481	646	647
731	229	212	524	622	481	632	630
722	226	204	542	614	451	639	626
787	229	193	483	582	318	807	643
634	155	200	489	518	335	704	378
584	147	196	549	577	318	702	321
659	138	191	566	580	438	746	346
716	136	181	584	556	462	771	355
603	121	197	586	471	441	555	283
552	116	207	559	460	401	523	264
530	124	234	479	378	412	536	243
496	123	231	464	413	335	514	214
502	130	238	418	380	295	485	253
513	128	236	376	390	286	476	252
505	111	250	378	383	290	482	248
557	96	219	364	347	267	463	274
658	126	220	326	309	244	540	370
605	126	235	311	319	221	507	385
582	127	222	317	292	220	510	372
586	127	164	292	278	260	502	374
616	130	167	280	283	340	534	386
435	105	157	255	241	305	422	295
421	91	153	263	219	307	372	218
442	86	157	247	213	339	405	227
498	84	158	245	206	340	489	254
430	95	157	267	221	286	416	236
426	105	181	294	216	284	406	230
400	108	152	269	213	292	464	235
437	120	140	287	212	295	593	270
373	117	162	290	219	323	572	257
313	100	162	281	188	306	572	222
322	95	147	238	202	359	588	211
354	98	150	234	239	391	586	236
311	84	165	221	242	473	553	213
344	89	226	234	276	453	549	229
355	103	256	309	308	464	567	230
494	110	264	307	284	465	571	313
532	108	262	349	359	609	563	311
541	116	319	379	376	552	618	319
529	117	283	395	364	536	606	289
614	121	272	369	355	546	591	356
638	117	257	390	368	542	587	297
597	111	276	363	290	362	571	275
589	110	211	340	268	332	352	245
577	112	200	302	250	432	312	255
678	139	211	302	244	504	521	446
695	200	246	384	292	512	576	538
723	224	305	394	286	500	571	559
727	225	307	402	307	532	597	573
822	232	304	402	319	512	629	605
801	224	288	405	325	462	604	557
760	173	281	342	271	424	586	478
754	148	267	372	273	555	611	468
760	140	255	358	246	586	626	457
750	140	265	401	250	553	605	435
709	135	382	460	312	526	668	422
653	124	386	477	321	558	623	416
634	117	345	466	316	415	612	399
665	123	349	475	337	339	607	406
706	114	351	457	338	308	595	405
622	93	221	376	284	288	374	255
600	108	204	371	284	310	371	239
672	269	200	333	280	364	339	294
800	306	206	337	338	344	299	323
734	326	299	464	347	356	271	314
722	328	293	456	343	418	263	302
723	362	284	438	386	415	428	310
693	280	284	539	499	418	588	347
481	240	296	612	536	430	623	308
389	210	220	541	543	455	632	281
406	242	216	543	572	419	691	303
529	195	214	558	576	372	816	376
579	181	232	542	631	353	772	308
577	186	273	472	616	396	778	307
558	186	286	469	627	382	847	305
615	169	293	484	615	384	859	314
556	168	319	537	628	408	743	259
444	165	338	506	532	391	688	258
457	161	304	525	484	344	662	255
579	184	277	504	443	340	645	304
595	170	288	482	431	358	600	324
