0	1	2	3	4	5	6	7
326	304	319	294	106	420	608	137
353	382	420	332	109	259	496	154
355	371	479	396	129	188	559	168
349	359	474	395	130	182	574	169
405	373	459	356	123	166	479	201
392	408	529	412	139	158	438	212
391	364	554	462	151	172	481	244
385	389	568	434	138	146	413	250
377	391	553	440	138	145	426	249
303	345	531	456	143	143	419	268
274	346	448	420	137	157	447	262
273	330	387	363	118	124	381	227
298	372	327	382	120	112	343	221
304	370	333	366	116	111	328	228
321	368	358	361	119	111	315	196
374	318	427	365	127	96	248	208
395	320	398	368	134	123	308	216
405	246	397	329	126	120	322	213
425	232	390	360	130	120	346	229
420	221	475	363	124	121	397	222
369	238	456	319	107	122	391	228
315	241	459	312	90	97	353	228
314	248	501	336	88	103	383	230
278	256	554	354	101	105	367	219
295	255	506	324	102	113	381	252
308	239	547	343	99	103	397	236
331	243	539	329	98	100	405	227
353	233	551	347	112	94	393	238
365	266	520	310	112	124	538	235
380	265	498	321	109	159	590	216
427	272	422	308	111	162	604	213
424	249	428	300	115	169	606	229
384	255	363	244	109	174	598	211
402	245	376	255	95	154	454	216
375	243	369	270	98	131	498	239
309	241	369	261	93	127	474	235
342	254	367	304	95	115	459	246
382	252	365	334	97	116	544	265
355	220	352	319	99	110	576	264
346	207	363	288	89	80	438	226
404	210	384	313	98	105	463	270
392	206	391	289	102	113	528	248
375	183	391	257	94	103	421	233
378	197	373	267	95	118	381	227
377	193	349	266	109	129	420	241
341	181	317	229	101	110	426	207
318	182	337	239	100	102	347	202
278	179	297	228	100	100	349	218
348	197	289	223	104	98	357	224
361	196	296	310	115	135	501	225
376	217	285	321	124	134	520	202
373	216	314	340	121	136	527	209
381	231	327	340	121	138	540	186
318	213	368	344	118	144	580	192
347	235	421	291	103	111	479	163
329	283	435	296	95	111	415	161
383	312	392	287	94	113	454	233
434	314	390	294	95	160	462	245
465	306	350	279	95	160	415	237
446	325	291	291	92	165	372	239
442	290	291	322	102	167	441	236
418	257	312	294	98	168	399	197
381	249	414	287	95	161	475	236
348	256	424	294	95	150	481	255
376	234	617	460	123	155	544	260
431	222	634	445	118	155	505	271
446	217	729	451	124	156	512	283
457	237	716	539	169	144	514	253
470	295	771	643	184	143	503	250
485	297	733	555	171	133	404	260
530	341	802	612	187	149	599	320
577	342	748	661	195	154	702	301
588	376	785	663	185	133	712	292
650	470	826	656	205	144	735	280
657	514	910	718	234	177	838	334
591	478	903	678	229	192	732	323
575	508	932	687	224	186	624	332
665	547	978	701	209	188	549	359
635	449	987	787	232	203	690	412
697	399	877	773	218	199	614	407
737	449	918	830	240	202	622	404
752	503	903	837	244	204	655	449
649	468	842	862	258	206	678	430
694	471	788	747	213	183	636	445
653	495	869	835	216	151	599	423
597	461	820	808	186	107	588	387
578	383	844	850	190	111	587	344
646	324	883	831	197	127	652	362
574	294	944	877	203	132	684	273
573	344	941	858	211	143	707	273
636	388	945	887	222	145	779	305
581	372	926	835	211	145	769	274
502	404	890	862	211	120	706	247
501	425	959	812	208	119	581	273
442	383	852	724	179	123	753	255
361	349	876	686	167	121	686	232
402	341	859	722	181	114	726	259
512	328	852	764	187	133	719	328
549	324	914	847	201	135	723	321
545	314	937	853	208	133	601	314
602	310	922	913	222	136	592	316
625	345	978	950	228	147	618	344
554	346	1092	859	202	133	653	302
505	325	1022	813	197	129	653	285
518	295	1156	849	190	114	595	299
428	286	1149	884	217	146	604	296
463	273	1111	902	239	175	611	249
456	261	1053	922	249	176	590	218
468	273	1036	947	248	175	567	223
499	297	943	972	262	196	581	209
518	296	982	881	235	174	557	191
422	292	1033	851	235	147	429	162
429	292	1083	883	238	144	372	166
451	323	1071	863	252	171	485	191
411	309	1034	793	248	158	618	172
422	295	986	773	242	151	630	180
458	280	975	690	206	140	655	185
472	258	917	605	184	157	699	194
454	224	990	517	152	136	637	176
439	202	991	560	144	126	522	193
443	235	1009	629	158	124	530	227
415	231	998	619	163	144	525	237
384	253	928	618	175	153	493	225
357	257	768	735	231	171	463	212
340	256	773	767	248	184	377	204
397	221	812	720	240	205	395	162
407	218	831	727	237	190	373	141
419	182	829	704	227	170	364	155
485	150	840	621	177	160	373	204
526	143	820	529	149	154	380	212
465	180	875	641	171	142	368	206
457	177	784	637	169	145	410	217
463	207	897	662	177	148	500	237
401	198	916	670	171	139	502	210
323	199	896	645	161	126	504	199
297	171	772	526	137	118	480	207
309	171	779	531	146	135	482	196
421	167	738	584	146	147	396	166
434	172	746	562	142	141	398	143
452	177	817	542	143	144	389	145
491	180	875	552	132	134	368	145
479	175	905	525	124	117	332	139
398	154	897	537	134	93	315	138
388	153	851	490	137	137	454	184
369	148	799	528	136	139	490	182
322	142	818	525	140	142	477	171
322	144	858	526	138	149	473	182
262	165	898	448	133	162	465	175
220	160	920	466	135	126	327	135
241	147	919	512	151	130	280	126
272	160	869	527	147	125	312	129
