0	1	2	3	4	5	6	7
118	72	176	110	70	337	358	96
101	73	176	112	75	303	325	85
103	78	187	121	74	296	328	83
107	77	183	111	76	301	352	87
125	78	171	103	69	305	339	91
132	84	135	95	55	243	371	91
137	81	164	100	43	220	397	91
163	99	156	99	60	214	391	91
163	97	150	103	82	392	377	91
150	91	151	104	96	409	325	79
123	90	136	92	94	399	267	64
121	89	105	89	96	401	283	65
130	68	107	81	94	433	288	69
127	63	109	72	75	335	296	69
121	59	105	65	59	339	288	63
127	108	101	65	57	338	334	69
132	112	93	67	57	341	290	70
92	110	75	61	44	347	321	76
97	112	57	60	45	301	312	75
102	116	76	64	44	265	327	78
110	68	80	67	46	314	327	79
133	74	102	69	53	320	338	100
194	77	150	90	64	289	500	152
207	74	158	95	66	289	526	157
212	88	157	102	69	466	594	164
212	116	198	147	111	491	741	195
248	175	232	166	108	492	800	249
274	201	226	181	117	502	796	279
365	213	238	190	131	592	860	344
378	226	260	279	160	544	849	356
382	279	259	284	148	511	724	345
392	295	235	291	155	519	735	323
386	294	227	281	151	558	712	300
317	292	239	288	147	476	627	242
327	292	224	200	123	388	614	226
441	234	213	174	125	413	698	239
482	165	222	141	122	484	670	252
462	147	241	169	113	464	642	239
449	134	232	150	108	447	651	221
439	107	254	163	103	431	669	220
325	118	281	197	84	408	620	204
211	115	277	214	84	306	606	150
197	96	250	191	89	225	556	114
270	105	255	189	81	258	556	120
257	104	244	181	84	345	532	114
253	87	217	147	93	347	587	123
294	122	221	127	87	339	630	188
348	125	239	125	85	351	744	230
300	121	224	130	86	339	732	228
312	123	208	165	89	272	771	238
367	120	183	170	84	301	858	269
378	104	168	164	86	296	802	243
330	107	158	167	83	283	704	223
324	110	156	178	84	285	733	226
310	105	143	142	67	269	684	216
236	112	162	125	51	183	445	161
208	96	166	135	46	223	578	175
202	98	179	131	49	257	593	159
256	136	178	113	59	259	606	167
272	152	187	114	65	256	633	206
284	154	186	120	66	254	696	219
285	170	178	108	63	270	619	188
283	173	158	108	70	266	601	180
254	141	160	112	67	240	646	198
248	129	155	113	66	260	630	150
241	118	138	111	73	315	681	156
188	96	126	110	74	318	676	164
191	78	128	114	73	305	714	175
235	83	119	104	67	304	675	172
242	90	109	100	70	294	658	175
237	107	120	121	74	282	529	153
229	100	129	131	78	256	526	151
250	108	121	122	72	241	528	143
275	110	131	128	77	244	518	156
276	103	173	138	73	248	558	166
273	103	186	123	70	196	560	168
304	124	211	109	70	163	546	178
316	120	215	109	70	201	524	188
255	114	230	107	64	220	558	159
287	111	211	112	61	200	556	162
293	106	216	99	56	193	585	174
314	111	207	102	54	199	619	188
293	107	204	104	58	189	627	190
330	112	187	111	77	206	569	206
316	130	180	126	91	217	679	214
313	124	167	128	90	217	658	209
290	107	153	125	87	207	668	185
293	114	153	125	94	199	653	181
250	111	163	123	79	195	657	164
249	119	170	90	63	188	525	148
265	122	183	97	70	190	643	181
258	120	183	97	76	190	651	198
243	123	208	100	90	186	749	196
274	124	201	97	94	136	811	217
272	92	191	89	99	133	813	216
262	110	193	131	116	153	786	188
257	114	204	143	118	161	820	196
329	124	177	157	103	141	713	222
407	126	181	164	112	160	653	236
431	133	196	190	122	172	658	234
444	137	194	160	105	160	676	235
452	143	205	151	98	153	590	216
461	132	211	136	98	169	675	215
410	128	210	121	88	154	718	188
398	132	221	106	98	135	725	205
388	120	210	111	108	219	714	221
393	120	215	112	113	239	733	238
346	122	211	114	111	238	830	225
312	128	244	118	107	242	932	208
290	141	227	121	132	242	969	204
285	144	227	125	135	178	987	190
246	138	199	124	134	216	1015	168
212	150	205	122	134	211	953	158
257	185	182	129	138	208	936	192
296	193	241	103	92	202	952	176
333	195	244	92	79	186	929	175
348	211	240	92	81	105	911	176
391	210	236	86	78	95	876	205
483	177	232	70	78	117	961	260
472	183	210	69	77	121	908	276
504	176	231	101	74	118	906	275
500	154	241	106	71	145	858	281
489	144	284	133	104	185	897	304
536	165	293	220	174	336	850	385
552	158	284	294	200	358	880	402
497	185	291	315	226	361	829	399
501	209	298	341	228	370	946	398
500	210	270	341	259	388	910	368
403	207	289	317	241	295	821	264
401	186	288	275	222	274	790	247
406	156	256	258	211	271	816	260
466	132	243	238	214	249	846	320
458	162	242	234	172	186	847	333
420	174	239	214	159	113	737	305
370	175	225	216	189	113	759	285
560	183	227	206	219	129	867	321
550	176	249	230	254	133	771	265
577	151	264	251	254	139	739	240
555	127	268	251	246	145	814	231
561	128	270	242	240	147	826	247
371	115	275	237	225	158	802	231
367	126	253	242	218	176	885	273
314	121	233	288	254	177	867	273
302	110	208	317	284	174	808	274
340	106	199	309	270	172	840	291
355	107	206	310	273	158	771	257
301	88	209	287	282	126	627	204
296	109	208	219	246	116	632	202
351	114	199	161	211	127	739	208
325	113	209	156	231	119	651	156
310	111	197	182	232	110	625	155
298	137	263	267	263	119	661	154
332	128	258	280	290	127	723	162
282	130	255	286	299	114	692	169
307	132	261	293	284	115	687	179
318	141	287	288	279	121	650	178
317	118	233	209	207	111	612	176
315	110	232	192	162	100	621	169
348	96	224	209	144	104	659	193
324	91	204	232	154	103	655	183
324	84	159	259	181	89	648	183
392	126	195	261	194	84	624	205
367	128	203	259	202	82	569	212
340	128	192	248	209	80	553	176
340	128	192	248	209	80	553	176
