0	1	2	3	4	5	6	7
181	188	389	280	88	74	481	107
180	183	362	275	87	71	490	109
193	182	315	263	88	69	442	105
207	213	278	300	102	73	411	97
203	213	283	296	101	82	309	107
281	213	322	274	93	105	313	112
278	226	314	272	95	105	293	126
297	228	313	300	97	110	285	132
397	205	373	289	86	104	318	164
449	232	463	318	96	96	328	164
443	252	433	323	92	66	355	189
462	291	440	322	91	89	436	191
516	301	502	295	97	98	465	216
490	361	535	244	92	102	472	196
475	403	478	246	96	111	473	204
455	404	480	261	106	137	552	204
512	372	472	272	108	137	535	240
507	401	478	291	106	135	497	232
448	337	405	381	118	146	489	232
431	297	494	368	111	144	505	231
449	284	566	415	108	130	406	227
376	333	750	500	139	130	365	176
310	331	775	505	144	130	413	183
329	361	819	470	142	132	457	188
323	379	842	497	143	133	459	185
306	391	921	563	177	133	479	184
313	415	891	665	238	145	503	196
397	481	980	785	274	155	496	192
393	495	1033	795	282	159	456	186
418	494	1095	841	303	184	477	199
404	565	1145	1035	383	273	578	232
398	537	1183	1082	367	270	717	260
468	466	1087	994	344	271	811	257
549	461	1025	1009	342	271	811	266
541	465	974	1035	330	261	844	263
574	510	949	824	229	174	866	224
588	503	842	634	181	173	784	189
507	516	900	689	172	162	672	224
476	558	950	885	275	207	717	263
557	577	979	899	297	246	772	355
658	496	920	954	347	264	757	420
695	495	973	1023	375	265	736	445
734	502	1047	1029	388	263	857	494
739	438	1169	1037	364	245	965	489
731	407	1119	1019	348	201	931	448
710	385	1146	1041	315	184	899	397
732	387	1093	1078	349	215	994	370
729	360	1029	1141	357	249	998	296
736	356	883	1028	329	237	1004	294
680	369	965	986	336	245	995	259
640	525	901	925	326	247	1003	267
575	545	907	847	275	232	1031	271
592	543	907	763	248	201	952	327
548	532	890	819	244	185	810	324
554	516	931	919	281	199	813	324
567	326	897	915	273	208	907	344
574	289	884	880	263	193	797	346
490	302	953	870	277	192	786	278
467	309	959	771	264	203	880	267
528	306	815	824	260	188	994	309
469	295	809	841	273	196	962	281
449	279	908	863	267	193	983	275
432	259	758	836	256	256	1035	269
496	270	815	906	291	266	1050	287
442	233	892	809	272	267	945	250
430	330	950	801	290	250	846	239
448	369	907	890	316	281	799	294
465	368	910	894	320	232	759	297
448	352	837	808	289	226	695	297
445	352	806	810	299	233	684	291
450	281	826	810	290	255	721	294
460	222	832	709	262	231	805	255
470	223	870	743	253	234	804	257
438	223	913	798	264	218	719	214
481	219	954	739	225	210	711	213
525	196	869	666	188	178	714	290
519	204	908	697	202	183	617	284
494	206	899	668	217	166	575	274
512	218	896	683	221	179	650	291
441	214	820	682	225	215	700	300
371	218	911	697	218	217	781	216
353	215	880	669	207	194	761	193
351	198	898	641	187	207	819	200
313	177	843	536	153	212	764	176
365	176	834	486	138	186	714	173
373	178	779	520	140	176	589	184
399	172	799	459	122	194	607	198
418	156	826	469	136	253	587	191
412	200	851	716	256	277	596	203
393	200	854	820	300	264	563	185
459	221	872	799	301	262	541	185
448	231	813	825	303	254	541	177
423	241	739	848	309	206	522	193
479	207	694	628	215	152	491	185
525	238	677	594	168	150	581	184
457	212	604	561	155	175	568	169
444	194	717	561	168	179	522	161
433	184	716	566	171	159	461	139
379	182	737	578	175	181	509	129
327	127	836	467	168	212	451	122
337	133	901	551	189	216	504	120
302	138	792	518	174	207	515	118
377	156	774	513	162	228	567	118
430	161	762	537	166	214	536	132
449	184	698	542	167	200	464	139
444	184	605	485	153	177	425	145
489	194	641	522	162	177	462	155
448	182	745	490	152	141	406	154
448	190	779	477	156	138	396	153
402	192	756	502	161	103	419	162
423	187	802	470	150	91	431	180
408	184	762	481	155	117	455	171
424	207	675	461	152	141	533	171
407	222	777	564	161	159	617	185
425	240	741	656	162	160	621	175
