0	1	2	3	4	5	6	7
198	379	152	98	130	368	184	360
291	498	180	130	152	278	190	445
264	473	178	128	151	253	170	421
257	405	160	128	142	276	208	436
258	418	165	121	127	324	214	386
265	409	167	112	124	305	216	374
196	245	154	93	104	280	192	265
200	252	158	92	103	296	202	328
204	240	146	88	108	293	178	335
208	265	150	90	108	267	172	340
207	289	155	95	117	271	173	328
164	313	149	78	101	298	197	368
149	317	136	78	103	343	224	311
157	335	130	72	97	366	235	279
161	318	112	71	100	366	221	273
139	288	99	85	109	374	233	310
151	291	95	86	113	383	225	281
208	382	121	89	120	369	184	320
232	420	124	139	132	351	180	363
229	419	129	144	156	332	180	384
229	431	133	134	142	372	165	403
225	412	126	136	142	342	156	383
176	325	105	157	139	306	158	335
142	249	96	118	122	276	174	310
134	274	91	111	104	356	192	373
156	249	80	111	114	303	199	345
200	341	94	114	117	307	199	335
208	327	84	76	110	299	199	386
206	320	91	75	116	323	216	400
306	298	94	83	132	365	411	431
338	303	109	94	159	519	637	460
336	228	102	90	154	549	680	521
357	249	114	94	156	607	727	519
365	263	127	101	189	689	846	658
339	276	145	112	182	661	788	619
325	361	179	151	180	548	617	612
318	404	190	158	181	666	591	613
298	412	196	163	185	707	556	770
330	515	201	202	192	640	345	699
297	580	207	242	237	624	307	697
281	559	211	262	250	682	399	740
278	559	206	259	250	630	498	739
362	603	218	275	283	629	510	569
373	574	236	262	282	614	495	500
382	536	252	266	274	693	512	492
376	510	221	226	271	641	476	414
430	600	229	248	271	570	348	350
362	556	260	236	249	447	290	309
346	526	251	236	241	523	308	337
349	567	243	180	210	534	400	345
345	588	241	174	188	590	457	307
330	498	237	155	218	585	449	299
337	528	181	155	274	618	455	422
308	547	160	172	283	616	521	501
298	499	133	190	288	536	459	507
329	486	139	223	307	470	375	517
268	444	140	224	310	555	391	565
257	411	146	219	254	657	490	522
260	362	140	191	226	673	459	448
275	319	138	189	213	653	434	439
235	318	147	168	178	738	455	442
227	329	138	158	143	879	617	568
246	330	145	153	136	786	580	556
258	387	158	203	252	737	544	534
222	421	172	209	276	741	544	534
325	441	173	207	282	672	553	542
345	438	167	201	280	470	344	358
338	448	192	319	335	547	423	347
328	468	190	315	277	629	455	454
339	474	214	313	256	763	476	448
304	489	205	317	284	770	462	440
386	542	208	320	301	708	476	433
395	557	180	218	236	665	368	427
390	492	174	198	226	709	406	394
391	447	120	187	228	582	433	394
351	398	125	173	182	555	415	379
229	313	115	167	144	566	415	381
204	227	104	163	162	570	445	503
366	327	114	139	146	381	369	536
384	458	123	130	143	308	321	537
449	453	114	129	187	348	501	593
475	476	140	133	192	562	552	669
521	558	181	112	182	568	525	589
471	527	171	103	177	565	573	512
458	417	169	94	164	575	601	528
427	414	187	112	163	719	545	620
461	463	222	120	166	656	504	563
439	394	248	139	168	632	517	549
413	368	266	143	177	647	631	568
484	369	273	187	215	727	899	673
476	394	265	181	188	610	985	621
484	360	256	184	194	516	1044	636
459	355	218	272	238	519	1064	644
439	352	209	351	356	573	1009	636
409	367	204	361	355	483	775	567
454	393	217	361	350	437	644	547
436	413	201	366	356	414	551	516
480	396	182	312	333	428	499	537
520	427	171	226	200	425	531	652
511	485	173	181	179	544	592	661
507	493	222	183	198	578	557	646
511	465	236	164	175	581	533	617
484	476	240	140	177	576	553	590
463	438	245	329	264	517	585	582
454	382	244	361	303	374	614	524
418	366	197	362	320	285	661	486
411	354	169	364	319	277	687	654
410	351	167	364	309	267	768	761
451	391	155	205	237	254	717	747
420	430	168	138	174	237	635	747
420	403	157	118	118	332	600	770
410	426	149	113	124	425	614	639
481	497	162	106	118	433	516	538
517	569	177	111	118	438	465	413
536	563	171	130	156	513	515	491
521	606	179	154	192	628	520	553
553	619	190	158	195	629	468	556
499	605	193	168	202	698	445	523
412	550	186	175	212	809	439	552
395	570	175	199	247	806	357	511
400	546	171	201	224	703	292	544
374	540	190	351	331	759	395	695
389	547	185	383	362	926	420	760
379	543	177	386	373	848	415	742
368	515	183	370	349	833	397	702
405	606	243	361	369	917	426	639
333	588	223	307	332	891	361	491
322	590	220	282	306	655	323	398
389	629	242	273	288	653	322	419
396	636	239	277	274	677	392	520
394	731	225	273	243	616	381	490
414	756	226	180	171	523	350	471
451	822	259	167	169	499	330	456
473	838	262	195	188	496	343	522
464	823	261	190	190	420	254	431
438	650	225	194	187	272	242	404
453	625	225	229	178	272	432	531
450	527	180	229	183	352	495	603
385	482	186	229	247	327	509	525
385	465	183	234	274	317	510	522
376	456	175	236	282	349	516	643
350	451	168	225	301	511	464	614
291	431	172	210	302	535	437	641
335	363	146	239	350	526	423	657
363	408	168	305	551	529	426	696
358	411	160	363	586	644	482	693
369	386	156	350	579	608	573	797
362	335	157	364	607	570	570	771
312	345	152	378	592	580	577	766
279	331	144	329	405	661	584	775
279	363	142	275	352	613	725	733
255	398	149	343	368	621	705	607
250	454	157	356	335	609	704	560
256	452	144	314	260	683	706	596
253	424	126	343	288	737	805	685
274	492	144	355	391	715	750	681
289	528	152	335	519	642	644	632
292	635	167	339	524	708	636	665
287	751	193	349	531	714	647	650
384	859	225	340	512	589	550	508
374	840	227	354	487	569	405	413
393	863	234	378	561	694	685	539
384	787	222	513	570	662	719	674
404	725	228	515	571	609	713	661
313	624	197	509	574	604	693	668
328	627	190	497	557	593	690	689
343	571	181	450	334	555	449	654
344	577	176	298	351	549	416	535
344	577	176	298	351	549	416	535
