0	1	2	3	4	5	6	7
65	42	35	28	29	94	186	62
67	38	35	29	32	99	251	110
70	49	37	30	31	101	259	112
69	50	35	29	31	95	234	112
65	45	35	29	27	133	234	111
65	48	38	33	31	161	221	110
61	47	36	32	28	161	155	67
58	37	38	32	29	162	188	65
55	34	36	31	29	161	189	61
52	36	38	29	28	111	193	57
46	34	33	26	29	87	206	61
44	35	34	29	30	89	206	60
41	36	31	28	32	86	172	58
48	41	36	31	35	86	216	64
58	39	33	32	34	87	219	66
56	37	32	29	31	59	211	51
61	42	36	27	30	55	258	61
61	40	36	27	29	65	274	77
53	37	31	25	26	86	243	74
47	38	31	24	27	92	243	78
49	39	34	24	27	94	219	78
46	34	30	25	26	93	152	69
50	33	29	22	23	86	160	55
71	42	37	29	30	84	194	62
76	42	36	30	30	78	190	67
78	40	33	31	28	78	194	66
78	44	38	33	30	81	196	66
74	44	38	33	32	89	160	66
64	37	33	27	24	74	122	62
63	47	50	30	28	75	113	63
61	49	52	32	31	75	106	67
61	49	49	31	30	73	115	68
65	56	52	33	29	68	110	66
66	63	53	35	31	69	102	81
63	58	39	31	27	71	101	85
65	60	42	32	28	71	126	83
71	58	42	32	28	69	169	91
70	56	42	30	27	63	176	90
67	58	47	33	26	59	169	72
70	59	48	35	29	80	180	57
71	58	50	36	28	81	174	56
72	59	60	43	33	82	168	49
105	75	65	44	36	93	375	94
154	74	60	45	37	90	390	104
156	74	70	76	63	204	450	121
161	80	74	106	76	336	500	125
192	83	71	116	84	381	560	142
232	92	112	129	90	411	658	295
229	94	118	131	92	418	689	309
300	120	185	168	79	512	687	321
363	121	202	197	116	587	847	342
459	127	222	227	136	620	891	342
560	143	211	230	135	607	859	264
567	157	222	237	171	713	964	273
554	140	183	345	257	763	1014	267
525	141	196	498	262	699	944	240
451	138	212	515	253	655	888	234
457	114	206	514	257	670	864	222
482	100	261	540	252	613	769	246
461	107	310	507	182	522	746	239
492	106	305	367	176	501	732	282
607	135	287	354	180	504	843	370
641	148	296	376	210	554	946	478
612	144	285	378	198	601	933	462
623	141	228	344	191	530	891	463
602	144	215	321	173	582	974	442
486	131	228	370	206	609	918	377
274	113	248	375	170	546	747	175
273	115	208	340	167	488	802	172
338	112	206	334	158	536	830	183
403	121	208	396	192	575	674	218
400	109	209	444	183	548	618	218
386	102	183	427	184	556	646	217
386	100	209	427	180	500	566	201
313	102	269	452	181	449	549	182
208	83	263	393	136	281	564	138
188	74	255	264	79	334	535	122
237	76	269	263	77	321	594	224
243	74	261	287	80	326	658	231
250	69	223	231	73	329	688	233
239	72	228	243	102	312	763	229
246	79	259	258	105	233	800	230
259	81	284	287	109	222	782	145
274	83	267	258	116	272	751	147
261	82	246	266	122	359	712	136
263	79	246	278	111	368	683	138
289	76	217	253	114	375	712	165
248	73	165	207	105	370	670	156
219	78	179	209	93	333	618	137
216	77	220	204	79	216	654	144
272	81	222	176	79	199	578	156
257	80	229	178	82	177	491	168
259	82	256	213	92	229	568	169
297	71	258	202	97	237	670	202
384	85	303	203	110	243	691	243
472	103	326	193	104	279	820	316
471	107	315	189	113	301	926	326
473	107	291	152	109	297	901	329
465	117	289	161	113	292	884	318
433	108	216	218	130	291	892	304
301	97	203	269	203	283	842	222
301	100	207	295	228	371	800	176
304	106	200	313	231	367	917	184
321	105	211	317	234	365	879	193
415	107	206	278	227	364	847	220
410	107	191	247	177	375	826	221
404	102	202	225	140	273	789	227
395	104	218	221	150	261	679	220
428	106	235	219	155	260	745	264
335	110	300	242	166	245	734	223
339	109	328	240	164	202	812	223
349	109	325	241	166	197	878	221
422	101	323	224	165	174	837	218
391	97	308	228	177	248	762	144
389	98	257	205	171	254	760	155
393	99	236	199	166	249	685	150
378	100	228	180	155	246	600	137
295	101	235	182	147	244	706	141
313	95	229	177	139	170	743	131
296	86	207	186	127	191	729	162
305	87	177	179	133	183	710	169
376	85	191	201	193	178	774	198
441	90	186	229	210	183	714	257
401	92	205	292	232	299	708	269
411	93	216	431	289	389	721	247
415	87	243	588	483	464	781	287
520	112	247	627	515	501	826	326
473	110	251	636	548	521	864	283
480	110	240	658	566	506	907	275
455	124	259	617	595	443	944	270
538	129	241	492	460	377	916	250
480	117	243	502	534	336	810	258
482	118	248	497	507	341	761	259
482	123	239	501	501	344	703	260
485	109	208	447	486	352	665	263
395	101	199	556	589	350	649	277
283	106	245	565	513	359	636	220
263	99	231	576	560	343	617	229
329	94	240	574	561	335	691	267
512	121	253	609	587	349	777	378
521	131	293	497	505	373	736	375
526	131	255	431	538	524	865	372
525	135	258	408	513	567	925	367
552	136	266	368	501	553	1081	358
411	129	277	433	477	537	1025	246
376	118	261	475	473	579	1092	215
348	105	250	543	443	516	1092	204
395	110	240	557	458	480	1052	200
281	109	236	588	463	455	846	174
265	90	222	587	469	447	803	160
262	95	200	577	559	368	677	139
263	92	210	540	557	347	531	182
221	101	234	554	589	385	587	197
235	117	225	506	591	392	554	191
219	130	208	411	544	459	586	189
250	141	197	411	477	503	677	199
