0	1	2	3	4	5	6	7
107	34	28	25	26	166	100	61
123	34	29	27	29	173	109	87
122	38	34	27	30	157	115	86
126	35	37	25	31	160	126	87
129	36	35	25	31	178	129	88
116	38	37	26	30	145	124	89
95	38	39	27	29	123	117	58
113	48	38	30	30	159	113	61
115	51	35	31	26	166	97	61
123	54	35	32	27	172	120	66
168	68	41	35	31	222	167	87
213	83	52	43	38	241	286	104
257	91	71	51	65	266	308	116
457	101	87	87	93	312	344	177
489	125	110	145	115	429	406	202
497	119	118	190	125	545	421	211
565	134	149	202	151	634	407	323
703	162	169	235	157	622	461	438
713	161	175	325	190	636	441	496
757	151	174	365	202	764	400	520
842	179	170	371	210	788	570	544
934	204	147	390	201	740	600	578
857	321	195	382	198	748	601	513
795	342	243	327	165	768	630	456
781	342	250	308	163	647	733	458
729	331	262	297	149	535	696	476
584	319	273	303	148	505	714	423
583	254	278	299	142	556	671	401
544	230	241	276	145	609	653	384
487	231	232	225	123	569	649	340
599	242	223	204	126	536	549	383
594	232	227	230	138	539	476	324
613	157	168	269	158	641	490	339
687	147	152	295	145	651	544	364
752	172	145	300	150	690	537	406
681	173	157	306	149	691	570	334
694	207	166	293	159	719	564	353
686	209	172	276	161	611	612	366
702	216	172	252	166	544	634	389
885	208	198	251	159	489	663	475
900	223	201	261	158	495	648	460
861	207	171	238	133	450	636	440
843	199	154	212	99	420	687	469
870	199	150	217	93	405	669	489
826	192	129	215	92	395	594	479
800	153	133	206	90	392	586	483
809	135	132	177	76	387	596	488
873	136	154	174	85	396	486	485
817	134	156	152	84	422	458	436
617	121	153	142	74	413	363	312
599	125	146	130	75	432	361	292
634	133	164	119	78	431	353	298
599	120	148	110	74	417	344	265
568	107	147	181	98	338	371	356
564	106	142	228	100	281	382	364
550	121	127	235	106	240	354	367
552	101	104	240	106	251	439	377
568	107	102	252	112	287	501	365
622	119	108	226	89	254	455	298
690	143	149	188	92	261	508	315
688	151	163	173	80	271	534	336
663	155	172	201	99	267	581	351
681	167	175	194	99	252	530	362
627	161	174	174	97	249	521	366
587	138	147	165	91	242	474	343
593	110	128	166	93	232	557	343
578	130	132	136	87	267	557	318
467	144	147	128	86	219	563	300
481	170	156	154	110	211	588	289
476	180	180	178	141	218	595	298
523	185	184	173	144	230	582	283
621	181	172	166	148	231	585	305
639	176	208	170	185	231	574	302
669	172	216	161	184	229	548	309
726	173	203	133	163	246	621	344
747	183	197	131	167	236	730	500
747	184	214	155	167	215	652	506
796	201	200	181	136	200	676	497
804	232	211	181	121	199	668	478
717	238	199	200	126	211	651	463
732	242	204	218	138	272	554	308
696	245	204	210	159	263	586	290
726	231	170	185	175	268	569	355
809	192	147	235	246	277	601	424
854	215	175	270	268	287	559	443
837	206	184	266	303	253	491	429
841	211	178	306	300	290	437	408
828	218	192	312	293	307	522	396
726	255	205	301	276	313	522	364
760	289	218	321	275	300	529	479
688	286	244	436	479	291	542	499
660	272	273	460	505	243	613	501
589	269	276	503	548	221	548	503
563	274	263	518	580	203	654	532
464	220	238	547	626	217	756	404
486	216	243	494	561	249	724	396
485	224	276	598	623	236	690	414
475	240	380	673	637	315	730	391
536	214	423	730	606	343	792	348
582	233	443	778	680	431	726	384
634	266	492	852	739	437	773	361
610	272	517	932	801	450	759	330
660	246	452	898	906	424	729	323
684	228	418	926	953	431	614	378
701	205	405	919	975	321	578	437
673	169	357	906	899	276	518	469
720	168	287	746	833	269	532	555
710	214	279	746	693	237	536	568
723	244	296	704	668	225	458	635
675	255	315	756	713	252	426	606
668	257	285	724	705	299	408	593
624	250	266	736	669	297	407	523
670	213	260	733	663	311	569	540
641	212	253	740	711	335	615	465
645	195	356	654	748	332	640	455
629	196	379	619	798	305	636	437
636	200	379	626	826	348	675	451
588	198	382	598	835	351	664	434
509	180	394	574	824	309	622	352
473	199	307	560	660	299	601	300
557	227	286	575	654	336	676	384
599	223	287	533	609	319	735	395
570	284	307	576	694	301	662	374
572	273	283	551	660	296	645	366
562	273	256	537	650	296	678	391
520	247	220	506	586	265	704	329
508	250	226	515	624	237	623	317
506	205	281	592	572	233	577	298
487	218	270	596	545	228	669	309
526	201	258	595	524	225	685	311
652	234	270	614	551	196	608	371
633	248	268	612	530	175	579	360
596	245	200	508	481	173	604	358
688	232	205	459	456	204	539	380
722	247	203	402	444	221	495	415
599	219	221	367	436	220	489	370
574	223	222	397	408	221	480	360
641	200	193	353	386	221	449	394
680	200	190	337	392	188	519	383
737	204	248	341	380	175	570	331
772	221	227	336	337	189	584	351
780	196	209	267	313	199	613	349
749	194	204	232	300	214	680	389
673	199	207	235	283	266	632	387
584	185	156	313	263	279	603	419
546	194	170	327	252	271	578	391
594	214	172	338	253	286	571	415
576	272	190	402	309	348	471	362
554	274	180	463	344	339	529	346
510	291	163	446	408	337	550	292
517	272	132	435	404	395	636	310
505	263	144	444	408	462	631	283
556	206	117	401	370	434	672	306
517	193	136	343	360	426	601	299
612	142	130	340	295	426	563	326
584	129	127	316	295	416	479	331
547	109	131	338	291	394	541	319
513	101	141	393	288	392	502	283
544	102	127	378	257	455	533	308
493	111	133	366	301	531	528	339
486	103	139	389	335	590	605	335
499	114	156	365	351	563	534	377
481	127	148	289	357	572	525	395
503	129	174	366	371	762	544	398
622	122	174	373	333	797	549	406
670	140	194	361	314	743	507	461
667	148	181	415	348	841	503	443
652	142	182	435	355	972	555	431
607	136	183	457	363	859	538	424
579	163	225	535	372	889	558	408
589	179	242	569	389	943	490	366
661	177	240	529	342	955	525	391
672	178	240	522	333	1002	561	381
676	176	243	479	316	977	625	388
619	200	252	393	310	920	683	363
585	193	260	386	300	1002	701	322
644	190	263	396	297	938	691	358
688	190	277	425	284	748	669	452
685	214	267	425	299	803	632	437
621	192	261	445	324	897	559	434
640	198	241	402	330	913	664	482
606	239	297	415	404	1074	797	552
549	259	315	399	421	1108	760	495
557	248	323	382	478	1167	725	497
581	235	298	395	491	1106	741	513
654	227	292	413	579	1070	758	624
583	190	230	431	614	977	614	563
592	163	203	419	600	1002	668	551
582	153	197	417	561	919	719	555
605	153	196	355	530	1007	697	578
473	143	183	358	558	907	557	405
418	139	210	344	487	962	525	336
504	151	211	335	532	1072	509	362
640	167	207	333	524	1034	592	435
693	169	215	384	570	922	674	496
675	164	280	426	528	980	688	488
667	153	277	385	515	832	758	484
719	151	266	386	495	682	826	531
657	167	299	456	523	794	760	508
547	160	296	498	515	903	702	372
639	170	240	458	439	862	772	462
730	169	229	489	438	976	732	496
680	166	234	483	443	1067	631	444
666	143	308	455	429	1123	621	417
715	171	379	382	393	1047	580	421
665	189	381	367	440	1109	542	400
