0	1	2	3	4	5	6	7
110	118	88	57	51	81	307	65
97	105	85	60	53	88	335	65
95	108	104	64	54	84	350	60
101	109	105	66	55	86	353	62
110	93	106	70	49	79	448	61
109	90	118	83	48	75	437	60
115	93	133	94	50	68	423	65
124	126	127	91	46	66	426	66
122	124	134	91	47	64	440	60
125	122	133	91	48	65	369	65
125	125	141	103	47	68	390	66
130	125	179	104	51	67	508	65
132	109	221	121	58	67	514	69
139	110	216	126	57	61	511	80
129	122	220	163	63	67	516	86
126	119	215	171	67	73	520	88
123	113	222	196	74	79	426	92
150	165	234	203	72	79	442	101
175	205	242	202	70	82	477	111
199	212	319	179	70	74	464	128
200	237	380	197	70	65	519	129
217	268	423	187	62	67	569	132
197	238	410	174	58	67	559	125
175	209	406	172	57	65	508	113
145	210	350	165	49	72	501	93
145	183	285	115	44	75	430	96
116	134	185	83	36	72	391	86
124	125	148	72	40	74	446	90
115	121	144	69	40	74	436	82
120	101	165	84	44	62	452	67
113	93	154	89	44	65	438	62
115	94	138	87	44	64	394	61
100	84	143	92	41	71	399	55
98	81	141	94	40	73	412	55
86	79	99	84	36	72	355	54
92	101	120	89	36	69	374	57
89	100	113	84	37	70	440	53
99	102	97	75	37	67	403	53
110	107	98	69	35	60	470	61
105	98	95	60	35	59	474	59
103	86	61	41	34	59	484	57
102	92	63	42	31	52	469	58
100	96	71	44	31	53	505	71
88	87	69	45	33	56	462	67
91	93	82	48	35	56	472	68
113	88	99	55	38	64	495	67
115	87	134	64	42	74	469	68
121	101	175	72	41	71	391	53
126	107	188	114	52	73	457	59
135	121	208	139	55	82	483	73
127	127	207	150	59	90	511	87
127	136	190	155	62	125	576	98
133	141	187	218	73	130	583	99
144	167	245	238	79	132	585	102
138	163	240	227	77	129	600	97
134	163	253	230	75	121	582	85
172	182	390	257	80	80	521	90
189	253	415	231	73	68	510	99
189	241	396	201	61	68	456	92
191	248	415	212	63	66	399	93
188	251	414	202	65	70	355	92
211	237	311	191	60	73	369	88
208	151	318	181	62	81	395	85
211	158	303	197	66	75	396	94
215	149	292	211	71	77	396	100
229	165	303	235	71	70	392	104
187	178	301	263	74	66	357	97
182	179	248	272	79	78	342	105
202	170	255	255	78	84	286	99
196	161	219	234	74	81	294	89
175	128	188	210	69	81	330	84
163	101	155	146	62	114	349	77
146	109	148	96	53	137	340	59
105	100	120	91	52	150	446	56
119	112	179	169	68	158	441	63
147	147	188	179	73	159	414	61
190	180	195	186	76	150	443	66
197	180	189	189	79	126	472	69
202	183	223	192	79	113	475	79
211	185	214	138	71	102	524	79
205	195	271	136	70	100	541	82
200	193	276	124	67	85	551	82
195	204	288	119	61	77	528	80
192	227	280	115	56	73	443	71
192	233	277	126	52	71	382	80
267	214	279	155	52	73	425	102
265	205	275	172	54	73	357	100
264	189	272	184	56	73	436	107
267	165	376	228	72	88	480	116
260	147	389	257	83	94	500	112
189	136	347	248	86	99	453	93
181	118	376	261	90	99	517	91
205	153	552	296	94	94	483	81
205	155	521	294	88	85	475	73
211	175	526	264	76	83	504	71
212	204	539	263	70	76	520	70
206	214	576	284	63	70	474	70
187	202	535	276	64	76	449	73
185	197	499	257	61	70	434	68
185	180	474	267	64	61	363	63
193	165	472	260	67	64	318	57
185	156	403	216	65	68	327	64
181	154	206	177	67	72	422	82
193	158	219	186	73	80	408	81
193	158	222	179	73	82	427	82
194	138	205	177	74	83	477	87
197	133	211	173	74	83	465	92
214	125	267	227	75	80	375	76
200	119	246	202	63	67	432	79
192	121	249	201	64	74	446	81
188	123	245	194	61	70	417	80
191	127	275	199	63	69	433	68
174	119	247	136	55	73	461	69
182	121	299	162	63	80	418	78
185	122	304	162	64	85	448	75
164	132	307	170	65	84	411	74
156	117	305	174	66	89	387	77
149	140	304	170	65	83	372	83
138	137	258	153	59	76	372	95
121	139	248	152	59	87	336	98
126	124	248	158	64	98	358	98
124	123	232	175	74	94	358	99
145	116	254	181	83	100	374	108
147	118	273	183	85	108	395	95
157	114	278	175	83	88	384	97
150	119	271	170	79	76	406	101
151	126	255	159	78	71	610	112
138	100	201	154	78	73	613	100
137	100	166	147	83	105	728	112
131	101	144	162	85	117	753	117
137	100	190	171	86	124	748	115
133	91	167	162	83	129	607	105
128	94	164	152	72	125	603	107
116	88	171	154	62	99	442	85
110	82	168	141	69	90	391	77
112	82	101	118	69	83	369	78
115	93	125	109	64	76	358	76
112	92	120	114	68	72	363	73
116	101	111	109	72	70	404	72
121	103	111	102	60	73	416	72
120	100	110	102	57	69	455	72
109	91	109	101	59	73	455	72
