0	1	2	3	4	5	6	7
223	267	109	134	89	204	475	125
206	202	101	115	112	201	486	140
238	195	103	117	119	258	448	146
224	196	96	110	143	350	432	141
226	205	193	96	145	339	345	148
234	246	195	102	145	322	388	159
208	202	188	109	132	334	388	147
157	193	193	102	132	351	376	125
142	185	193	98	102	286	392	126
140	174	98	92	89	281	355	112
131	105	129	77	86	290	321	98
119	105	130	72	87	396	289	100
124	91	119	75	77	444	344	104
172	103	147	83	78	443	349	128
166	113	147	102	89	439	394	132
161	95	119	114	93	441	377	126
171	96	117	120	88	355	377	130
186	110	119	117	85	234	352	149
148	97	98	117	91	230	368	131
141	83	99	102	86	276	330	127
150	86	108	96	80	403	332	140
139	85	104	84	79	415	369	139
168	130	117	87	80	409	351	117
170	136	104	79	66	411	358	123
172	137	102	97	68	382	358	118
168	137	88	119	86	288	376	110
163	134	91	126	89	246	348	94
117	86	87	130	95	244	330	94
111	77	86	128	96	272	308	90
102	71	82	111	91	271	345	88
91	66	81	78	70	200	322	73
88	69	74	70	64	225	307	77
68	75	65	61	56	323	340	83
69	76	64	66	60	372	355	80
68	76	79	64	57	373	304	77
73	79	99	80	71	381	294	79
100	81	107	96	74	409	427	104
111	58	102	104	72	361	405	103
111	110	103	99	62	294	373	97
115	115	115	120	66	293	380	97
119	114	128	122	64	286	379	100
99	111	127	109	59	230	238	72
88	113	135	106	63	212	227	66
78	62	136	108	63	168	235	69
85	59	120	105	66	233	288	93
92	54	95	97	56	247	315	117
95	58	97	95	58	238	329	129
93	54	94	97	62	223	314	124
94	49	99	98	63	234	307	124
91	45	111	75	53	175	278	118
67	43	106	70	50	173	256	91
59	35	96	69	50	168	244	79
64	42	86	63	47	178	277	99
67	46	76	61	48	266	323	102
55	43	53	63	57	298	310	89
60	42	72	77	58	291	305	88
64	47	118	95	61	302	283	85
111	42	122	94	57	322	260	68
123	39	124	90	55	251	193	63
123	40	126	89	45	209	167	61
122	41	122	89	47	205	148	63
119	34	82	78	40	219	239	67
76	32	83	75	38	191	229	61
57	31	80	77	42	194	241	59
60	28	75	75	43	192	307	76
60	31	65	59	43	191	341	78
64	32	59	47	41	167	324	74
62	35	43	43	38	169	332	73
68	35	44	44	41	168	375	90
88	37	43	58	48	174	373	85
93	37	43	64	48	198	351	83
91	39	46	66	48	190	320	83
92	38	46	66	49	204	331	89
94	38	46	63	43	196	301	79
74	35	44	49	34	236	298	74
64	32	39	37	32	225	281	69
63	32	36	34	31	221	291	68
61	39	43	37	30	202	262	55
76	85	51	36	34	212	253	58
164	120	57	38	37	161	262	78
165	125	57	36	35	137	373	98
168	129	62	39	36	169	369	98
174	133	60	37	39	247	373	100
198	211	62	39	42	260	374	93
169	247	63	40	48	319	326	90
181	256	65	42	49	334	228	70
199	284	67	39	48	326	221	83
203	287	64	38	44	268	217	84
221	252	60	39	43	273	182	87
218	242	59	36	34	236	177	76
248	263	64	37	42	373	226	78
298	288	70	36	43	396	247	70
301	314	87	40	44	407	249	76
274	332	91	43	52	408	259	77
286	366	95	45	54	429	314	71
270	389	116	54	68	392	369	101
314	417	120	56	68	403	464	107
457	506	206	105	94	455	681	187
521	604	279	141	129	480	873	261
582	653	300	166	137	456	1015	276
678	719	305	183	149	460	1167	338
707	863	363	203	190	446	1292	359
645	840	355	194	206	419	1311	336
613	786	356	195	236	408	1308	300
590	798	411	194	249	528	1479	325
537	782	480	246	278	528	1552	299
589	824	561	261	280	646	1537	372
700	833	611	314	367	647	1538	500
786	968	721	368	429	685	1490	552
813	1029	773	423	512	664	1362	662
877	1081	796	402	508	701	1307	674
844	1029	778	393	502	616	1238	650
786	1164	771	397	470	620	1381	571
823	1102	714	375	435	589	1401	540
802	1032	680	319	362	576	1359	391
726	997	603	332	375	571	1409	417
716	924	648	335	397	551	1430	514
719	746	650	296	377	633	1309	514
657	829	634	251	368	660	1280	561
680	894	615	270	380	639	1260	607
737	931	637	246	363	617	1131	621
803	965	577	263	359	673	1245	664
783	1002	550	264	339	609	1127	735
779	1015	595	277	335	574	1183	707
796	986	568	307	371	550	1217	689
792	903	590	325	380	538	1244	644
733	850	548	312	367	659	1165	523
800	1008	554	310	389	655	1209	487
858	987	511	356	416	669	1176	475
830	1023	594	357	408	666	1037	447
790	1056	552	353	410	726	1049	450
786	1112	553	349	419	646	1019	537
721	913	523	334	397	639	999	462
574	777	461	272	344	616	942	454
523	669	333	194	263	632	1017	459
496	622	357	167	230	576	850	448
416	494	335	160	200	497	716	296
367	485	320	174	193	459	627	288
366	471	289	163	172	460	642	274
342	426	261	194	211	468	544	259
290	370	195	179	202	400	472	232
275	314	152	165	186	339	423	206
262	297	127	155	180	355	423	198
207	271	119	150	170	412	333	195
206	229	109	102	96	360	245	155
203	269	126	102	103	327	226	155
197	267	115	105	107	327	217	155
173	234	94	89	106	327	215	154
179	235	95	86	110	350	151	120
163	224	99	68	99	426	204	131
132	197	97	80	96	435	196	129
150	229	127	70	86	437	218	130
143	233	126	74	87	429	282	134
147	228	125	75	82	315	299	118
195	229	124	74	74	171	259	83
215	206	115	64	64	256	280	83
187	131	79	59	62	290	272	80
186	133	77	58	56	284	202	60
210	231	91	59	52	282	172	64
182	236	82	54	47	313	188	67
170	229	76	54	46	245	158	72
169	227	75	54	50	292	142	70
168	223	70	52	53	302	126	66
134	130	47	47	53	305	127	55
148	124	46	45	51	285	143	53
143	129	42	38	48	288	137	70
143	127	40	41	50	239	141	79
146	124	51	50	65	236	178	84
133	108	52	49	65	234	180	85
108	117	56	50	67	223	149	91
122	119	54	47	64	326	191	125
130	122	58	52	64	309	208	121
128	125	51	45	50	308	182	119
181	166	51	46	50	342	183	125
178	151	55	47	53	448	241	132
186	144	67	60	56	498	346	124
244	198	74	54	52	529	359	128
257	212	79	54	49	522	381	131
270	195	85	59	54	506	443	165
446	206	92	72	71	431	549	255
459	219	93	65	70	399	494	247
584	185	98	66	73	402	607	375
598	184	101	69	79	453	674	407
592	174	102	76	85	496	689	412
505	175	99	76	87	524	671	386
496	233	120	85	91	440	669	384
326	236	117	95	93	457	619	275
304	254	148	148	101	504	662	269
282	316	278	466	145	475	644	251
309	331	311	550	164	437	605	269
336	300	305	550	166	498	678	278
351	303	335	576	206	592	659	268
380	408	380	695	262	704	565	245
406	403	334	607	291	719	668	271
356	394	373	632	316	740	812	221
320	401	471	807	367	790	784	216
329	599	548	848	465	786	790	229
355	645	613	870	540	655	775	221
362	679	607	852	533	693	732	189
382	705	588	793	512	691	546	180
515	835	624	661	500	626	485	174
535	764	570	677	577	550	592	247
618	678	471	525	557	663	809	374
710	624	514	588	560	664	816	387
705	616	514	636	639	746	808	390
664	582	380	616	630	769	833	400
645	517	383	535	494	846	972	395
529	513	378	527	437	773	854	271
435	569	339	447	437	731	795	243
485	584	389	395	327	666	790	246
511	432	392	373	336	625	795	267
522	429	370	357	368	667	541	232
533	441	361	354	356	662	481	225
493	395	332	313	350	648	557	223
433	397	255	261	342	707	813	226
355	386	247	245	351	801	894	211
335	370	272	255	303	643	859	165
339	341	271	252	285	600	853	166
397	314	264	224	261	727	841	200
427	240	246	230	269	670	740	223
393	231	241	255	251	673	706	202
367	269	209	296	232	681	740	210
366	312	265	293	222	691	793	233
298	307	262	307	225	628	842	236
254	295	257	302	217	768	740	217
333	286	264	281	201	676	706	230
391	262	259	234	216	664	673	253
372	195	224	268	326	725	682	236
356	173	237	313	325	721	596	224
385	182	241	315	326	530	603	212
330	268	227	304	320	482	646	210
298	266	208	301	300	535	712	189
293	271	183	348	356	548	638	189
283	280	193	316	386	489	634	165
253	303	207	318	386	477	649	187
248	237	217	332	415	479	718	192
204	214	208	343	452	473	658	182
197	202	202	265	333	410	689	181
204	221	200	332	320	425	773	195
208	235	263	342	369	538	766	184
203	233	259	348	345	745	718	168
200	235	268	337	300	767	822	186
333	259	294	341	311	737	841	192
441	267	278	300	304	721	746	202
445	226	213	349	309	774	720	203
443	226	210	433	369	619	686	190
459	259	241	504	438	549	665	168
396	245	232	499	440	600	650	161
281	203	232	500	441	601	664	139
272	194	267	467	423	509	771	138
276	189	271	384	382	465	870	189
251	183	307	288	317	478	799	190
230	178	294	318	361	450	816	215
277	182	290	299	371	651	838	241
263	194	251	278	340	614	762	230
251	221	270	284	383	614	642	195
253	200	202	381	405	645	717	197
297	197	231	422	468	655	804	188
267	197	252	489	580	628	860	173
266	184	256	505	609	611	842	173
275	192	274	508	577	607	857	174
276	182	279	425	574	570	809	179
284	237	305	440	512	536	732	160
256	252	301	439	435	483	672	133
279	272	292	459	414	664	839	196
308	261	293	507	481	682	947	229
296	282	342	562	569	680	991	233
227	246	319	537	632	675	963	244
232	231	320	487	586	589	1037	262
193	214	338	463	573	437	938	223
240	210	317	421	524	441	763	194
268	179	290	411	404	437	739	189
337	174	269	380	281	430	839	192
411	186	288	352	283	390	817	207
441	191	278	381	276	302	928	222
394	210	281	362	255	258	979	218
387	226	287	284	281	403	983	242
429	259	295	312	297	423	911	343
371	278	300	392	393	432	843	337
343	301	333	374	431	458	826	325
431	286	359	519	535	516	815	360
425	302	371	551	534	467	788	348
369	350	454	543	521	446	788	250
440	397	470	569	508	462	842	307
445	379	460	601	533	485	851	319
358	373	468	503	498	459	883	286
453	389	443	517	507	415	934	298
432	314	356	548	501	438	969	291
353	239	303	490	468	550	927	221
347	286	284	505	463	566	817	205
359	332	290	564	451	542	775	196
229	300	287	567	486	632	838	200
303	312	302	607	591	766	792	231
292	302	317	626	605	719	763	226
285	256	316	578	617	674	872	257
281	191	286	608	701	742	899	265
300	172	278	654	740	730	875	300
193	177	261	692	681	671	862	275
200	193	248	670	714	646	899	271
231	186	240	710	703	802	885	298
413	185	226	679	660	857	933	368
437	224	318	714	632	820	857	322
439	239	331	653	629	741	846	320
437	219	324	646	599	737	791	318
436	220	328	610	586	595	682	278
380	216	303	588	558	446	565	231
348	168	206	445	613	453	501	229
343	109	175	418	596	486	475	224
347	115	188	432	576	472	563	269
332	105	183	419	555	420	536	254
177	99	185	351	486	379	447	185
147	111	160	385	391	448	467	190
216	113	155	348	382	441	570	219
281	103	145	318	356	443	547	176
296	91	153	341	413	457	579	174
292	105	194	409	426	449	587	174
286	105	194	434	359	341	732	184
259	102	188	427	351	334	727	148
187	102	191	467	393	353	807	165
174	154	249	493	385	348	778	167
178	150	228	447	392	356	795	170
390	142	223	389	398	354	790	238
431	144	230	408	465	316	813	263
440	149	235	419	471	256	701	242
440	101	191	427	495	262	712	241
444	104	186	430	487	265	741	241
330	98	183	422	471	354	661	163
263	97	183	414	411	371	565	120
