0	1	2	3	4	5	6	7
417	198	307	259	135	674	610	133
419	200	315	257	141	608	653	195
432	214	329	245	140	559	732	290
443	220	333	266	158	556	738	319
463	206	256	270	143	516	769	332
460	204	307	266	128	387	795	337
480	207	339	310	135	312	730	311
403	201	362	332	151	319	630	229
396	172	372	323	133	476	675	194
388	153	406	322	145	577	672	177
350	157	371	373	176	562	567	149
271	161	374	466	187	552	534	151
342	159	339	466	183	564	634	175
436	156	350	469	188	453	615	214
465	188	412	454	207	410	545	219
469	216	463	465	196	460	534	212
464	213	437	354	186	631	546	200
520	211	454	343	198	653	584	275
655	206	456	363	223	661	670	388
693	262	379	354	207	646	676	434
690	254	300	280	201	651	674	438
699	259	323	334	213	553	770	456
653	259	303	394	199	517	753	427
463	252	263	371	162	492	660	311
381	156	254	362	137	494	701	233
393	126	298	412	140	530	694	227
405	119	323	390	121	479	596	194
360	122	326	333	124	474	545	154
436	146	330	340	139	557	555	165
427	148	314	351	145	512	555	166
407	150	279	282	136	425	553	168
393	155	225	238	129	391	556	175
435	169	301	250	118	407	505	179
299	156	330	269	100	275	619	172
345	151	332	278	105	297	544	172
357	146	339	271	94	266	547	168
403	149	390	309	96	270	573	180
370	132	354	326	109	240	613	170
397	131	340	351	112	250	512	155
347	141	343	331	101	205	532	151
383	162	352	330	98	215	709	162
313	167	297	356	102	215	708	144
290	169	269	338	100	254	661	134
307	169	257	281	94	229	626	148
357	158	265	285	93	225	670	203
330	136	264	332	109	211	546	195
331	125	272	273	97	228	482	190
342	120	269	251	85	252	497	194
298	113	274	262	87	275	518	178
328	120	285	297	116	288	450	160
315	116	294	276	119	286	389	170
359	100	281	279	124	266	440	194
370	90	298	309	136	236	490	217
440	100	289	314	144	256	681	228
390	98	274	278	124	244	751	203
436	97	237	243	110	245	770	201
503	116	243	220	133	303	866	212
510	121	315	211	131	310	849	205
476	115	450	243	131	293	699	190
492	119	456	282	162	326	642	198
552	119	463	309	194	445	620	231
520	96	459	337	179	522	498	223
545	81	399	435	207	540	495	224
540	117	273	425	226	532	496	222
534	109	244	404	230	729	568	228
526	123	218	386	226	770	628	272
519	169	398	481	281	733	607	259
492	212	431	429	286	715	588	243
501	204	417	421	332	760	624	253
575	218	432	504	345	658	561	275
524	209	466	572	359	583	576	229
542	175	349	508	353	545	585	252
572	134	316	480	334	554	584	276
575	119	313	512	289	560	598	273
545	103	317	449	259	500	598	286
575	114	282	406	242	435	568	355
532	129	294	380	210	438	540	345
496	117	289	388	205	553	593	328
495	116	270	350	203	584	630	328
453	115	253	349	241	572	731	308
421	105	252	345	248	586	757	229
441	85	203	352	252	666	789	226
427	103	211	362	325	635	794	229
403	105	228	521	426	565	765	233
406	109	257	551	426	546	703	215
476	139	252	546	433	569	725	268
469	151	265	627	496	584	823	286
460	148	261	639	559	553	834	283
448	156	281	593	591	572	873	278
469	149	245	585	617	610	862	301
455	123	240	584	634	658	814	262
429	105	224	500	585	571	736	276
439	97	211	467	498	520	678	278
439	84	152	363	384	562	636	285
543	105	171	492	408	539	800	271
499	127	216	517	385	507	832	245
489	132	217	521	433	506	799	191
533	142	230	560	489	568	864	214
568	137	250	630	551	583	832	235
463	119	264	612	549	583	731	214
490	97	258	641	612	555	676	227
510	105	257	663	701	664	656	238
455	98	258	652	672	647	771	250
418	113	254	606	617	596	920	225
438	121	235	530	587	577	899	265
371	117	209	467	508	543	874	245
445	108	205	566	368	427	931	261
547	113	200	546	383	448	946	252
554	97	204	532	386	521	824	249
