0	1	2	3	4	5	6	7
152	163	202	147	54	86	277	70
199	151	265	151	50	88	339	75
201	147	259	152	51	91	338	74
216	144	260	152	48	76	322	70
217	157	257	105	40	70	372	77
198	204	269	117	41	69	428	73
161	230	255	144	49	73	393	67
172	238	246	148	48	67	381	79
206	237	256	147	50	60	447	94
227	253	250	163	52	56	448	96
315	251	241	160	55	63	446	111
320	240	257	167	61	54	510	119
347	258	291	186	66	58	564	123
325	278	318	198	66	67	593	126
330	308	335	215	74	69	607	127
332	316	376	206	73	63	679	138
357	317	336	182	64	72	687	135
347	317	328	164	60	73	652	130
344	313	313	149	58	67	585	120
318	316	309	125	48	65	593	114
264	311	342	131	44	68	482	91
255	317	345	121	47	62	447	95
234	309	352	127	47	63	460	95
252	354	390	156	48	81	564	107
275	336	415	157	48	80	523	107
266	337	396	158	46	83	557	111
289	383	405	165	45	94	514	132
334	414	457	199	58	102	562	151
368	406	482	216	70	92	469	147
437	438	462	204	71	93	478	155
446	446	441	238	82	106	475	153
434	441	463	240	85	100	484	139
424	413	575	304	103	96	401	119
424	388	616	335	117	104	405	125
355	368	695	361	123	113	457	115
480	369	862	370	128	110	423	133
508	332	878	381	127	132	453	126
499	347	780	313	113	133	519	127
484	346	798	265	92	126	508	121
504	344	771	259	88	124	496	125
375	329	582	278	81	113	499	102
367	324	606	270	83	86	472	101
381	359	611	267	77	88	441	112
376	385	527	296	88	91	464	111
342	349	510	279	84	81	411	109
350	330	563	245	78	85	409	110
332	387	512	352	92	83	553	126
315	346	522	371	95	80	559	112
310	308	627	365	88	82	677	132
356	336	683	457	111	88	689	147
355	349	720	541	126	95	757	156
384	294	758	486	122	101	668	146
440	323	782	488	122	98	638	155
439	330	802	480	126	103	560	153
428	311	727	413	109	104	591	151
452	348	646	323	106	136	625	150
415	330	586	318	100	143	754	148
361	293	620	339	101	142	779	143
378	331	553	329	93	140	776	147
350	328	601	300	92	138	779	132
313	283	658	308	91	111	703	125
301	301	669	306	88	91	566	127
280	314	656	272	85	94	536	122
240	255	602	267	87	85	510	96
248	254	581	313	91	99	579	119
241	246	546	300	83	83	581	112
254	235	571	305	84	84	593	119
259	231	531	306	83	86	618	125
276	229	524	310	82	103	593	124
298	227	557	303	82	93	501	111
325	231	603	287	76	101	482	115
360	366	601	413	100	116	492	109
387	382	572	480	108	113	485	126
431	401	617	508	120	104	486	127
437	482	574	491	118	100	440	123
507	492	538	490	119	109	484	127
476	399	491	384	100	95	458	133
461	369	492	298	96	96	406	111
412	357	431	294	91	90	379	103
378	220	447	301	91	86	405	97
240	172	442	329	105	84	355	91
245	156	454	332	107	80	383	82
244	151	487	343	113	84	409	85
238	114	496	301	110	81	393	85
230	116	475	289	111	93	370	86
228	130	426	250	97	81	337	92
236	143	418	242	103	87	271	85
245	143	358	205	93	92	222	85
271	158	286	220	102	112	236	90
295	153	249	213	113	135	277	93
339	143	206	174	112	185	316	106
431	128	166	149	108	245	337	106
497	130	176	175	131	311	351	106
510	121	163	157	134	423	370	113
530	126	191	207	155	501	343	115
558	117	195	220	154	631	343	106
621	127	225	245	166	638	325	105
714	140	263	237	152	610	334	121
757	131	261	227	139	535	318	123
751	125	240	177	99	454	305	120
729	117	239	167	101	206	249	108
631	101	245	173	115	79	254	106
477	75	199	168	118	41	247	101
384	73	194	171	120	26	213	85
354	70	184	171	125	45	200	82
322	70	176	166	122	195	225	83
403	71	145	153	101	208	224	90
490	70	130	137	95	221	231	102
484	72	126	134	98	243	233	108
498	70	160	158	94	243	245	110
513	70	162	166	100	158	223	109
444	68	146	149	90	146	223	112
300	64	148	157	86	161	192	93
302	60	154	168	85	131	216	93
291	61	131	147	81	129	227	93
264	60	125	136	71	126	224	101
232	60	122	138	71	140	213	99
233	61	108	127	67	108	229	95
231	63	98	117	59	108	222	87
214	59	86	118	60	109	214	83
249	60	91	125	64	104	219	75
252	60	83	101	56	87	221	62
253	57	92	112	59	87	233	64
238	54	92	107	59	92	227	77
350	54	85	96	55	86	214	77
357	55	83	97	53	94	228	81
404	53	85	99	48	103	226	76
433	51	78	86	47	105	196	71
460	53	75	80	45	106	183	56
387	52	118	112	56	111	188	55
350	66	131	115	57	112	183	47
484	75	162	135	63	103	188	56
578	82	172	149	69	97	187	60
609	87	180	159	69	96	192	63
627	86	159	139	66	90	188	66
693	75	150	131	65	98	186	65
607	63	118	111	61	102	162	58
569	54	100	94	51	103	155	55
513	54	109	83	57	121	137	50
488	59	106	80	54	168	158	46
426	58	98	76	65	190	162	49
378	63	93	69	64	197	307	54
251	66	96	66	66	196	316	53
271	59	78	58	60	180	328	54
341	57	78	66	58	145	336	62
429	55	82	64	44	105	344	72
662	50	79	64	42	82	228	69
728	52	81	74	44	87	235	77
724	53	74	75	46	98	225	85
710	52	82	74	46	92	205	87
647	49	81	72	46	100	206	77
425	55	85	72	47	101	237	81
300	47	90	67	41	94	257	73
297	50	112	86	41	89	268	63
297	46	108	87	45	90	282	50
332	45	107	91	48	78	270	52
314	42	152	126	84	105	266	41
