0	1	2	3	4	5	6	7
72	35	29	34	35	163	41	36
55	35	31	34	33	202	43	36
50	36	35	34	32	206	52	37
54	37	35	35	32	214	77	51
56	35	35	34	30	218	83	53
57	33	34	31	30	216	116	56
54	31	32	31	33	208	121	56
61	39	46	38	36	218	123	61
123	50	56	43	38	187	116	68
127	53	59	48	41	261	117	70
135	52	59	47	42	283	92	126
140	53	58	46	41	266	94	135
153	55	51	43	43	348	154	145
157	54	46	40	43	354	255	142
271	51	49	52	46	332	296	192
282	64	55	56	49	385	304	173
300	75	63	60	59	487	309	168
332	71	59	58	57	445	300	163
531	77	58	60	56	444	236	225
511	101	65	63	58	465	185	198
511	146	68	62	57	443	173	188
519	167	96	66	53	349	165	188
521	186	116	64	51	328	134	203
326	183	117	64	51	335	99	134
285	174	113	49	46	301	138	123
281	140	109	47	46	261	149	133
254	111	93	41	41	259	172	131
238	78	68	44	39	263	175	105
218	79	67	43	39	264	177	109
217	81	66	42	38	237	167	102
228	76	68	43	36	221	161	100
265	73	52	47	48	179	166	109
313	74	55	51	54	162	182	141
303	70	54	53	52	160	189	142
342	69	52	57	54	177	175	150
331	68	50	55	55	182	175	154
312	71	51	50	48	185	147	158
301	75	54	46	41	183	197	156
311	79	58	42	42	157	196	152
271	76	57	42	39	145	191	144
298	76	62	44	37	148	192	148
289	71	73	44	41	198	206	142
221	61	66	47	42	205	185	111
221	59	73	49	40	199	181	113
216	63	76	44	41	206	184	107
176	58	83	43	42	207	191	92
161	66	71	42	32	167	198	91
158	69	72	37	34	165	169	101
176	83	62	35	35	188	176	108
182	89	69	42	38	165	185	106
189	91	63	40	36	162	173	109
193	93	88	55	46	164	153	111
216	104	96	61	45	160	138	103
230	97	98	63	47	132	170	99
297	89	90	58	49	172	159	118
305	88	91	59	51	176	166	112
322	88	94	52	48	166	186	114
347	75	91	44	50	165	185	119
412	70	99	50	50	194	187	145
381	74	107	55	51	165	216	136
382	76	106	54	51	205	216	144
371	71	94	55	46	202	192	138
432	77	96	60	45	202	197	166
352	72	87	55	42	217	170	150
377	80	85	54	38	219	123	158
377	82	86	56	41	169	118	157
379	80	83	67	49	178	141	157
318	79	79	73	55	199	151	141
316	78	82	79	57	159	160	129
292	77	79	81	59	188	178	130
288	82	93	81	58	195	244	124
333	83	93	71	57	187	246	135
405	79	94	68	52	204	303	188
421	82	92	61	50	210	318	190
401	91	96	61	47	173	362	189
404	91	105	64	45	166	331	188
382	89	104	82	53	219	325	186
271	87	104	78	52	292	281	125
276	96	112	78	54	285	252	145
303	81	107	75	52	284	175	156
301	76	88	70	50	303	233	163
323	77	89	51	47	273	334	172
317	84	90	51	50	201	344	166
301	74	82	52	52	205	346	147
333	84	95	62	57	205	356	162
355	87	92	66	63	206	322	170
320	94	89	66	58	201	225	157
313	91	91	67	56	156	185	154
325	101	95	66	57	150	203	167
336	102	80	60	57	163	210	165
334	99	81	59	56	139	205	192
337	114	102	57	56	135	194	189
353	117	111	59	59	129	231	201
325	110	104	64	55	123	245	188
266	99	108	63	56	162	228	181
262	98	108	61	52	161	236	151
258	75	90	60	52	161	238	159
262	77	71	59	49	167	259	145
319	84	84	66	61	227	243	161
301	88	76	65	56	199	255	135
276	89	74	69	60	188	263	117
300	99	72	68	55	185	268	111
321	93	78	69	57	186	219	114
297	128	77	58	42	127	205	99
343	135	79	58	53	172	220	147
346	148	88	56	54	178	196	157
333	149	90	53	54	180	182	155
288	198	125	52	51	171	177	148
270	184	130	58	60	162	193	152
255	185	132	63	57	135	294	188
285	183	131	61	54	135	310	220
278	196	146	68	60	141	310	223
281	155	118	71	61	141	315	225
312	144	111	74	65	138	323	229
318	157	117	71	60	108	212	175
289	153	120	71	59	135	217	160
425	137	106	67	59	135	273	206
446	144	110	67	57	137	285	211
460	157	110	61	52	133	264	212
438	174	134	70	71	231	259	206
442	182	134	72	72	231	238	187
338	175	131	74	73	249	254	156
324	166	124	81	81	255	250	173
305	157	118	87	85	284	282	168
311	119	85	87	74	207	279	168
328	98	75	85	74	193	274	180
333	107	65	84	71	166	235	172
325	104	66	71	61	178	241	155
284	92	66	62	48	147	207	145
349	95	75	60	50	166	194	158
340	107	84	65	53	164	210	146
300	96	84	62	56	167	196	127
318	92	85	62	55	144	167	131
319	92	86	64	59	175	159	144
240	91	85	56	50	169	171	142
241	78	74	47	46	165	158	148
269	80	70	51	43	190	143	177
286	85	68	54	43	188	154	186
283	98	74	50	40	143	164	180
281	91	62	54	44	156	163	166
294	91	66	63	45	152	170	156
279	104	76	63	49	116	165	135
327	110	77	64	52	128	174	125
342	102	69	64	51	150	189	142
344	104	73	60	49	119	183	165
326	107	78	56	47	121	194	160
339	111	79	57	48	123	181	152
250	105	79	54	44	149	162	138
226	102	80	52	46	130	151	113
