0	1	2	3	4	5	6	7
436	503	588	386	99	148	754	138
479	455	641	394	94	139	740	183
514	436	695	418	99	141	683	227
483	399	709	382	100	136	687	234
546	367	660	365	101	158	675	241
587	396	687	384	104	150	577	257
595	391	725	448	118	130	490	230
589	441	664	423	115	122	496	185
610	449	616	426	119	125	522	181
543	418	634	415	124	109	493	173
507	405	623	431	131	97	443	156
497	396	565	391	124	100	489	185
504	360	574	398	136	119	500	209
515	371	720	417	129	131	589	231
525	369	792	490	138	121	659	230
514	373	868	536	157	126	656	223
527	392	870	559	168	128	636	231
520	388	973	650	181	137	634	215
524	357	864	663	182	138	571	191
524	377	825	722	191	135	490	191
569	393	836	696	171	131	458	205
607	380	922	712	169	135	399	223
597	396	882	864	187	115	376	245
658	403	965	942	215	108	302	258
672	378	998	895	214	111	310	274
653	342	1031	906	238	121	313	266
575	324	1017	867	229	106	365	222
597	284	977	680	198	101	373	222
481	270	995	542	175	101	408	199
572	253	967	690	189	101	417	197
560	249	869	673	154	87	409	210
557	219	940	741	157	90	366	211
570	192	931	731	164	105	469	204
594	171	883	730	157	108	436	205
500	172	848	560	125	111	424	214
516	176	899	592	144	113	495	219
512	192	714	526	137	112	539	214
456	196	718	506	142	109	454	183
466	223	734	629	152	97	458	221
430	231	754	614	144	89	535	195
405	221	670	561	121	83	533	209
420	234	772	573	124	85	563	220
426	228	769	592	119	76	574	235
354	196	688	480	104	81	565	201
352	186	659	523	113	84	518	204
342	197	666	532	117	84	495	176
336	185	697	544	121	90	466	169
413	190	669	542	122	89	459	202
425	202	762	561	133	79	511	200
501	214	817	524	128	87	529	213
522	215	851	510	133	115	501	227
562	200	774	517	141	121	454	244
514	212	812	517	152	129	574	221
517	212	781	489	147	136	540	230
473	208	760	579	162	144	562	214
483	215	763	764	173	129	564	215
407	231	735	849	172	118	554	182
409	234	757	860	157	106	440	176
438	221	721	843	151	102	436	167
416	200	764	803	134	76	381	161
389	189	762	648	114	65	399	123
417	172	756	556	121	74	443	158
381	138	695	504	117	76	422	150
334	139	686	509	117	67	395	143
328	145	661	531	131	75	412	153
321	138	715	524	135	80	400	170
