0	1	2	3	4	5	6	7
175	165	86	98	131	415	305	340
171	152	98	110	132	508	343	369
196	154	92	106	116	501	390	400
287	270	96	109	112	447	318	403
292	278	93	111	107	415	327	425
319	284	95	112	116	502	442	434
341	290	85	98	99	540	453	435
352	303	89	99	101	554	423	372
327	213	87	98	105	582	446	328
314	201	87	94	113	647	510	331
317	197	93	106	122	657	543	403
301	230	88	103	137	582	573	378
284	220	91	97	133	542	578	369
229	214	96	99	136	519	570	373
218	209	97	121	132	648	523	399
184	223	88	109	117	607	470	391
169	206	98	100	100	580	398	387
156	235	100	118	120	583	374	397
168	239	94	125	120	598	362	415
182	263	94	105	114	546	473	404
205	273	99	98	112	534	418	328
236	335	126	105	113	525	427	327
233	311	123	97	97	535	450	316
224	307	126	94	109	562	481	367
212	296	124	90	112	420	353	332
176	310	126	91	106	385	336	326
107	228	91	85	102	390	352	340
99	218	89	78	111	494	501	467
101	205	92	76	126	493	501	400
140	253	113	87	123	454	500	410
154	229	135	88	125	452	540	429
158	226	145	91	128	442	604	470
166	288	158	93	121	305	571	372
175	326	170	102	122	253	555	383
143	288	161	99	150	355	568	386
127	273	140	105	156	465	544	371
133	280	131	106	155	472	521	300
117	232	117	101	156	478	476	275
116	207	97	104	141	511	542	398
128	227	115	114	137	629	638	431
142	253	125	113	141	600	671	445
142	259	141	111	139	593	619	469
151	295	145	109	133	626	579	542
144	284	167	158	168	681	623	509
185	287	176	166	180	582	657	559
181	366	215	169	182	565	612	550
177	377	221	304	274	578	645	569
180	352	221	325	299	580	707	540
188	356	219	342	372	592	654	585
141	378	204	374	429	620	654	517
133	308	219	429	461	625	786	525
155	296	213	385	474	626	815	559
154	300	232	425	489	658	823	585
153	365	237	405	432	549	815	495
147	405	247	399	425	449	706	475
161	428	259	429	483	437	585	483
149	437	281	428	472	554	704	599
142	433	268	387	457	558	654	587
133	384	256	385	454	544	647	575
144	326	293	436	464	537	655	618
134	279	250	401	451	604	696	658
124	249	228	407	423	555	576	647
135	275	226	400	420	493	549	605
146	278	237	398	415	499	555	648
152	296	221	415	439	674	616	818
150	293	220	403	402	751	596	786
192	327	221	386	412	728	549	684
202	332	227	423	412	732	552	717
214	364	219	437	476	854	569	753
220	341	193	364	416	763	564	533
223	357	202	477	495	660	557	523
194	352	198	470	478	843	616	626
193	339	197	445	496	899	646	672
177	292	188	467	470	795	607	619
171	273	170	466	455	804	582	641
170	244	140	321	315	838	551	706
166	208	135	343	312	657	513	647
148	186	112	331	287	624	484	573
146	170	124	345	298	679	652	655
137	202	119	356	300	665	634	715
210	266	144	361	314	579	637	680
217	265	134	352	417	777	645	654
220	265	166	536	478	786	725	711
214	271	156	506	451	751	610	648
211	244	152	495	458	734	614	548
132	179	136	499	471	776	607	607
120	199	136	494	473	662	611	647
120	200	119	358	506	621	549	608
145	198	121	358	504	586	537	597
152	217	132	355	492	653	577	703
157	206	124	342	479	654	564	622
151	219	130	346	413	558	523	560
138	219	113	323	325	535	472	524
110	214	119	311	324	625	483	545
92	193	111	291	321	578	437	457
165	218	117	276	309	511	460	489
173	197	109	249	293	592	456	496
182	195	117	183	241	599	548	604
184	222	118	181	283	506	510	551
186	241	120	185	307	511	484	512
118	215	115	227	306	712	547	490
102	198	119	236	283	640	560	498
90	191	110	226	288	616	459	345
