0	1	2	3	4	5	6	7
337	414	248	240	422	595	575	224
333	406	240	243	325	654	570	194
329	386	224	247	308	683	541	187
231	285	173	166	251	773	513	148
203	247	154	169	246	849	531	132
184	266	186	197	209	789	501	134
145	261	221	202	202	683	368	109
142	259	224	206	212	622	302	103
137	284	227	204	200	480	259	101
124	280	216	175	183	342	175	86
123	257	185	185	180	322	166	82
113	231	143	196	180	308	142	73
95	206	157	192	153	269	121	64
88	153	153	194	152	246	104	66
89	137	153	196	159	330	88	67
78	114	139	145	117	337	83	57
74	82	121	106	96	307	79	51
69	73	95	99	96	319	78	50
56	60	81	92	98	317	78	38
47	54	74	86	81	257	71	33
51	53	75	79	73	253	68	36
49	58	64	65	72	255	56	39
58	63	63	56	61	256	123	43
57	60	61	56	55	270	206	49
57	59	62	55	52	211	218	51
59	68	62	53	50	191	220	50
59	59	60	55	52	222	223	51
51	53	54	57	55	234	196	48
52	53	54	53	47	216	109	39
57	52	48	53	44	248	85	43
90	79	53	56	42	253	79	43
96	81	57	60	44	257	78	46
101	83	56	54	37	279	71	48
106	84	53	50	37	277	126	53
103	85	56	71	43	248	141	52
84	64	53	84	49	247	142	51
89	67	49	88	53	323	142	47
82	64	47	89	54	280	142	45
77	63	50	122	55	276	89	42
87	68	57	129	53	273	62	42
78	57	62	129	56	279	61	49
74	52	60	126	47	189	94	74
81	52	61	127	46	191	118	86
81	52	59	96	41	188	121	86
70	50	54	69	39	186	121	85
92	45	38	52	36	191	128	93
100	49	36	50	40	173	127	92
100	48	39	50	47	161	137	82
99	50	43	55	47	161	135	81
99	49	39	57	52	246	136	83
103	53	47	61	49	291	135	73
100	49	48	58	48	297	170	75
112	52	51	58	44	304	163	100
118	49	48	64	47	319	170	102
126	41	48	60	40	321	172	104
140	53	49	61	41	295	174	106
139	106	52	65	39	286	129	109
137	111	54	66	42	282	103	90
136	124	52	59	43	286	96	89
142	146	55	57	47	349	112	89
113	144	49	53	52	388	106	93
106	114	53	55	56	382	105	77
109	111	48	52	53	378	110	89
110	96	54	48	51	371	116	91
99	64	104	109	66	280	100	88
95	66	115	126	66	193	96	84
100	72	116	129	66	248	102	86
106	70	116	129	66	267	138	103
111	75	115	131	66	269	140	108
120	81	73	94	52	247	151	136
133	84	87	84	45	247	187	134
154	89	84	77	43	204	187	142
221	116	87	80	44	191	165	161
250	206	145	140	103	225	163	162
249	244	211	168	134	291	162	149
257	262	232	163	136	317	123	154
290	281	250	168	140	309	111	173
241	305	256	168	140	310	118	182
207	282	235	128	110	342	214	186
204	262	188	130	70	292	236	204
230	247	148	131	67	280	270	206
207	239	122	130	58	283	273	194
214	207	117	136	69	297	277	174
227	271	141	130	61	297	210	266
228	269	139	91	59	296	182	290
202	289	152	103	68	294	144	308
297	340	191	116	78	335	200	341
307	347	196	114	77	331	201	345
475	283	174	113	77	277	200	305
520	283	177	108	75	273	196	268
519	267	178	92	65	262	200	254
473	184	130	78	58	224	263	208
472	159	118	83	43	233	315	204
312	147	134	82	40	219	335	158
297	137	142	85	40	207	355	236
325	123	136	82	40	208	455	272
316	111	136	76	47	208	459	278
307	107	136	59	49	184	478	273
334	116	123	72	54	180	466	276
319	108	104	82	59	176	471	254
296	99	91	83	58	193	420	239
306	109	98	87	50	215	442	259
308	125	98	86	48	223	484	255
277	133	102	76	45	222	492	251
229	134	101	64	37	226	489	220
238	148	110	71	43	232	462	209
253	145	108	69	51	183	408	163
243	137	101	74	57	159	312	169
218	116	86	69	57	156	307	169
227	104	80	70	60	172	340	163
227	89	70	77	61	187	357	138
185	90	68	76	59	186	387	153
194	87	73	74	53	191	364	141
223	84	70	75	51	193	365	160
255	84	68	73	48	181	342	173
240	80	68	58	48	157	386	171
253	67	60	63	50	160	408	177
257	59	50	59	48	154	405	172
248	59	56	63	54	164	409	155
206	60	57	65	53	171	389	126
205	66	54	72	48	141	311	113
207	75	63	66	42	134	258	86
213	83	69	68	43	133	292	92
237	83	67	68	46	120	289	101
227	85	65	67	46	97	295	103
220	81	63	59	47	85	309	106
187	75	55	55	45	189	295	99
178	65	48	57	48	196	275	108
173	74	58	59	43	200	304	112
182	71	57	61	45	203	317	124
189	71	59	59	47	204	302	121
217	74	62	63	47	113	304	118
258	76	65	58	46	92	295	117
236	64	56	49	42	79	261	101
235	74	68	49	42	68	257	86
246	72	65	49	35	58	278	99
225	68	67	46	35	41	233	101
214	66	66	52	36	46	259	94
218	82	75	56	39	44	259	102
213	80	67	52	37	46	237	101
209	81	68	49	41	44	210	90
212	83	60	46	41	40	239	89
190	93	68	45	39	45	288	108
204	88	66	41	33	45	322	130
233	95	69	42	33	44	331	134
220	94	71	39	30	45	331	140
220	103	86	49	32	47	344	167
221	99	84	47	30	38	297	170
275	98	86	49	32	38	243	177
274	104	93	53	35	39	229	177
285	106	94	54	35	39	260	174
285	93	81	46	33	37	217	165
279	119	97	50	33	36	217	151
218	118	96	52	36	38	235	124
232	111	89	48	37	42	265	128
247	123	94	50	37	41	248	123
244	125	94	52	37	40	252	113
252	97	76	46	38	42	248	121
257	97	71	44	33	37	234	120
240	100	69	43	30	29	221	121
214	87	61	41	32	27	194	118
207	86	66	44	35	28	167	101
179	95	62	47	37	25	138	75
212	96	63	46	36	27	160	78
222	95	62	46	37	31	197	103
224	93	60	47	35	32	203	111
226	93	60	44	32	31	206	113
253	83	57	36	29	32	211	121
212	81	54	36	30	33	233	115
197	71	52	35	32	29	195	90
220	71	53	33	31	28	203	122
225	84	62	39	35	33	236	135
199	90	65	40	36	34	247	131
201	91	69	43	36	34	235	131
193	96	71	45	37	40	292	129
178	96	73	49	37	41	300	97
184	85	62	42	36	37	281	79
213	82	62	45	35	40	335	83
228	81	58	43	36	62	333	88
238	73	55	39	32	103	277	86
263	66	49	32	34	113	318	99
257	69	51	33	31	115	335	100
229	64	53	32	31	116	328	97
249	59	52	32	30	107	354	99
250	59	52	35	31	75	356	97
242	65	57	38	32	65	332	89
242	58	56	40	34	69	344	90
244	60	51	38	34	66	311	92
207	66	53	37	32	66	264	83
195	74	56	37	33	60	271	91
158	68	49	36	33	59	274	83
198	69	46	40	30	55	234	83
208	70	52	43	32	62	210	85
197	69	55	44	33	62	226	92
180	61	51	42	31	61	248	79
176	67	58	45	29	62	221	82
134	64	59	43	33	61	238	93
140	61	54	41	31	52	254	98
191	65	54	43	35	66	261	113
188	68	54	43	38	73	255	115
196	68	53	43	40	75	256	113
188	72	55	43	40	74	249	103
187	76	58	47	40	80	229	96
179	70	61	48	39	70	230	86
186	64	59	49	36	66	195	89
171	59	56	50	37	60	200	86
168	54	52	46	34	68	208	86
155	52	53	45	33	71	227	84
123	50	44	42	32	70	251	86
148	59	50	47	35	67	256	90
166	60	48	43	30	68	239	89
187	62	49	47	33	64	224	100
194	59	44	46	36	51	241	101
181	58	42	44	34	50	230	87
172	52	39	41	32	46	227	82
160	57	40	42	35	50	262	85
141	56	41	47	39	123	289	81
126	57	41	45	37	133	262	81
192	62	47	52	39	133	253	97
186	60	47	52	39	134	274	97
185	60	53	52	39	133	256	95
