0	1	2	3	4	5	6	7
470	442	467	396	143	130	406	282
482	457	412	338	138	130	455	292
501	416	392	339	144	134	460	295
452	336	334	329	139	117	525	291
451	288	334	327	141	124	490	249
409	319	442	305	130	122	469	243
423	317	544	318	126	113	446	217
418	370	562	320	113	117	582	223
405	371	614	343	124	136	538	208
436	404	658	424	125	157	637	249
611	395	622	426	130	164	681	251
644	383	531	414	135	199	774	353
661	437	545	411	146	193	678	359
679	464	519	397	120	175	678	354
687	473	478	344	140	196	595	371
693	487	484	354	154	194	587	376
736	495	522	456	158	170	444	283
756	394	532	486	155	183	482	317
775	400	526	456	152	214	557	353
871	387	564	463	123	174	557	323
789	366	572	613	123	169	519	333
744	367	558	636	148	208	664	356
719	371	548	630	153	208	690	330
764	352	595	707	185	204	626	312
687	331	726	761	200	207	633	309
686	352	740	734	218	218	689	289
760	416	760	672	201	192	651	290
748	449	743	670	200	193	644	272
667	444	757	631	177	162	660	233
672	450	670	547	173	175	748	261
656	443	746	457	146	163	724	286
542	372	707	448	144	152	638	261
531	398	760	445	153	172	683	255
588	398	735	404	146	186	708	273
573	376	755	463	157	173	648	297
594	363	753	472	152	180	707	298
640	399	810	587	191	201	854	320
702	404	794	581	193	173	797	321
675	461	840	630	201	160	804	309
714	457	790	620	205	186	813	255
758	501	911	762	233	199	790	231
778	488	1037	733	218	201	758	230
771	469	1089	765	254	291	848	244
764	415	1059	930	322	308	864	232
745	501	1175	1004	319	293	820	251
739	541	1125	937	298	285	904	274
704	556	1112	946	303	276	822	278
641	545	1114	1008	291	201	738	259
654	563	1165	866	219	177	702	273
639	571	1134	856	215	196	863	287
645	495	1159	806	220	202	886	322
602	479	1039	924	213	190	887	302
644	527	1019	928	213	165	891	311
633	508	1060	941	225	183	886	310
572	421	974	980	250	177	819	301
493	406	905	1000	277	182	643	241
518	414	1002	899	281	197	611	240
575	408	1066	977	315	238	687	254
583	390	1028	964	315	252	803	249
568	400	1074	872	305	247	703	207
554	412	1073	861	287	241	734	196
563	403	1006	887	289	240	787	223
477	327	985	705	227	212	708	190
405	371	992	723	231	181	553	187
418	361	972	875	285	191	573	195
415	375	1015	1008	326	228	597	184
355	396	1155	1040	336	227	570	141
324	383	1166	1123	368	224	518	137
356	335	1118	1119	374	235	511	149
395	335	1088	995	337	263	513	149
402	311	1095	891	288	238	433	159
397	259	1001	767	258	226	356	147
395	245	977	711	232	219	428	153
384	238	1024	649	198	226	601	146
340	218	1025	771	244	218	574	163
335	229	926	728	244	197	563	159
360	213	982	784	255	199	607	161
371	259	996	717	241	206	598	165
375	315	1016	802	250	194	399	158
364	320	1052	680	189	148	381	141
371	352	1128	745	211	171	459	158
381	353	1041	712	210	186	407	186
381	334	1049	796	237	187	351	184
366	329	1037	765	231	173	353	183
391	335	1004	804	252	178	415	182
400	301	1007	839	276	197	339	179
373	323	1062	932	293	197	319	149
352	326	997	909	274	185	322	142
378	310	889	919	285	187	360	157
341	292	864	908	286	187	314	171
294	306	804	859	261	153	321	156
324	396	712	829	277	147	341	149
345	395	872	823	276	146	373	157
346	441	964	811	268	140	359	147
344	452	1057	838	266	123	326	120
369	445	1083	813	257	115	322	122
345	403	1177	909	278	131	391	158
333	399	1122	908	288	148	364	147
296	361	1109	899	288	150	332	137
309	398	1075	928	300	170	363	151
329	407	1025	919	293	173	366	160
332	361	967	789	255	177	287	124
359	387	1019	932	282	168	275	128
408	364	1048	927	285	173	327	164
402	339	1083	927	272	174	367	157
386	354	1094	977	287	176	358	154
