0	1	2	3	4	5	6	7
82	97	48	50	54	68	171	43
85	84	46	49	67	61	172	50
92	76	53	53	68	77	215	63
91	73	52	58	63	139	206	68
88	68	51	60	62	149	171	66
89	62	48	53	58	148	236	78
85	56	51	52	39	150	239	72
74	51	54	54	36	144	213	62
84	77	59	70	48	108	208	61
82	81	61	71	54	149	243	74
88	80	62	70	58	161	243	78
92	81	64	69	56	157	255	78
97	82	53	63	54	198	252	79
89	58	48	39	47	203	265	97
93	55	45	32	41	181	255	98
79	53	45	30	34	174	197	82
78	47	37	29	33	196	177	83
62	44	42	31	36	203	188	87
53	44	42	32	38	203	164	63
46	76	40	31	37	205	168	49
49	83	38	32	37	223	198	49
41	85	39	31	42	218	312	61
46	83	37	32	41	219	329	61
45	81	33	29	40	217	333	62
43	50	32	30	38	210	323	59
43	36	32	31	39	209	343	60
60	36	33	31	37	210	251	59
59	42	33	31	37	181	219	62
61	48	31	32	33	172	238	64
62	48	30	31	33	165	235	64
62	48	30	29	30	135	166	62
46	48	31	31	32	177	179	54
41	41	25	30	27	161	177	43
49	34	27	29	28	157	150	39
49	32	29	28	28	158	147	40
47	35	28	30	39	313	193	56
46	30	24	28	40	309	180	54
69	30	26	30	42	317	311	79
125	74	49	55	53	331	382	105
133	86	88	80	63	365	505	127
153	97	137	99	65	255	556	132
178	103	166	125	69	257	721	162
208	123	177	134	81	422	771	163
228	110	175	168	142	648	863	173
230	116	207	196	156	716	865	187
232	158	269	233	156	722	829	186
290	189	262	236	162	723	844	274
313	181	259	241	162	681	803	282
281	179	265	222	120	517	669	268
292	183	234	202	107	437	631	257
358	191	162	151	110	433	706	261
317	187	163	159	141	594	627	179
280	186	168	181	159	623	576	158
293	188	161	184	153	590	632	176
423	188	162	173	150	555	630	192
381	147	138	278	187	578	581	182
370	116	128	273	169	447	571	155
374	135	128	251	154	352	663	191
432	203	143	248	160	336	633	207
330	199	148	257	158	466	768	207
321	204	161	156	116	604	762	210
348	212	172	138	108	596	746	204
380	243	213	151	105	603	720	197
307	201	215	145	96	682	719	174
265	194	212	147	115	613	604	157
282	193	200	126	104	461	594	163
314	196	201	125	99	420	574	183
273	146	164	121	99	415	536	167
290	126	157	180	145	430	571	175
324	138	167	179	157	490	554	188
298	140	184	175	158	481	573	182
287	127	172	177	159	485	535	183
287	122	165	173	158	479	522	175
273	141	171	146	123	361	487	162
242	135	167	149	109	305	512	148
253	124	140	161	116	293	480	151
185	117	142	161	130	387	503	129
216	126	140	157	127	453	543	142
249	111	164	169	131	455	531	153
254	118	173	183	124	419	448	145
246	132	174	187	132	420	486	146
276	133	175	190	124	348	484	180
254	131	179	194	127	241	461	171
227	137	151	156	117	215	456	162
223	134	167	148	144	240	451	160
220	154	193	148	152	256	420	159
177	179	202	147	157	318	394	128
236	187	198	139	158	359	398	167
243	191	205	154	167	350	413	182
236	206	200	131	143	330	406	178
242	223	189	156	183	335	381	175
286	256	189	182	229	391	420	179
232	257	193	190	239	404	491	190
268	254	194	180	233	407	558	218
284	242	201	186	234	425	570	248
284	214	229	169	204	450	629	258
456	224	233	160	166	338	690	323
473	225	234	175	174	276	694	303
454	243	232	183	192	385	640	278
445	246	217	173	195	434	628	253
484	239	209	193	193	396	686	260
328	175	203	195	187	394	634	171
300	164	206	192	200	484	541	162
291	131	201	193	190	416	553	149
439	159	199	201	184	368	609	174
522	199	208	170	169	362	597	241
541	225	233	164	157	375	560	263
566	293	257	166	137	338	550	285
569	303	261	155	136	535	619	305
507	291	294	168	146	592	654	342
410	264	316	210	175	595	711	304
363	312	311	269	186	646	748	285
337	346	357	273	176	782	848	278
330	343	364	284	201	676	893	276
262	344	338	281	195	618	871	213
326	368	330	256	174	617	762	214
405	354	322	191	161	562	761	274
438	358	274	176	153	291	854	300
449	353	257	151	103	226	797	318
456	386	281	161	193	298	808	355
441	436	241	158	214	414	888	380
388	425	250	149	213	432	930	342
352	350	277	217	242	408	817	321
347	358	312	292	280	428	769	289
333	349	314	287	236	483	770	242
305	273	313	286	219	502	742	199
338	281	315	289	218	496	789	203
343	289	324	248	185	506	785	188
342	308	317	160	127	489	801	184
452	334	316	139	109	395	936	310
439	338	328	157	131	245	897	316
408	312	326	156	134	255	795	323
422	366	280	139	132	245	822	320
427	358	291	153	127	251	832	334
327	324	314	162	136	286	638	213
292	351	318	154	185	438	650	186
361	350	305	173	199	436	679	170
348	292	296	171	207	447	676	187
376	278	265	165	219	450	730	173
393	281	222	161	214	424	885	223
413	276	220	143	150	250	913	244
374	307	221	116	162	224	1058	259
493	308	219	131	215	226	1093	317
493	323	241	125	206	241	1063	317
493	328	225	121	204	228	965	294
478	314	269	145	224	226	952	276
455	282	274	191	209	346	840	251
325	290	276	203	192	480	875	160
308	286	249	211	195	489	858	167
287	250	266	220	204	499	908	202
335	212	190	208	183	505	885	194
344	218	189	162	173	425	818	201
363	255	250	140	128	231	714	201
347	252	324	120	118	184	812	224
386	258	311	104	105	213	832	212
349	276	315	101	115	263	871	237
353	277	322	106	120	256	853	247
312	258	280	105	132	269	795	242
307	243	200	114	149	286	742	217
280	242	214	111	162	313	647	194
334	238	240	113	165	341	647	251
311	226	247	138	169	337	800	274
317	182	271	166	169	326	827	281
309	186	283	184	188	327	802	287
274	174	284	188	195	273	779	289
271	162	262	188	206	232	737	241
417	229	237	170	200	239	629	273
420	242	199	154	192	242	572	268
431	237	172	127	172	223	546	251
433	299	162	120	146	225	601	259
425	292	158	125	131	175	666	275
339	245	151	122	132	167	659	222
362	248	149	90	133	162	671	220
355	246	156	97	162	197	670	219
386	165	151	126	191	222	624	199
355	189	152	132	194	218	679	199
313	190	189	149	215	217	696	187
320	186	194	150	208	224	723	192
315	198	185	143	185	198	731	199
275	206	192	122	167	159	745	213
357	180	186	129	208	163	748	221
366	230	154	131	200	168	683	225
328	245	148	134	200	160	732	224
336	242	175	146	198	178	704	228
