0	1	2	3	4	5	6	7
215	344	272	217	94	93	431	141
222	343	293	250	103	93	438	141
235	335	259	290	108	97	447	149
238	301	240	260	93	93	373	145
240	278	217	248	82	76	228	116
228	303	211	247	83	93	250	109
219	301	201	230	79	98	282	103
200	267	201	176	73	144	304	97
200	250	148	165	80	192	505	165
175	291	180	177	81	195	514	190
176	286	242	195	78	188	500	203
188	302	260	188	73	186	489	212
234	309	297	195	71	153	469	221
222	368	312	204	65	81	233	181
244	359	304	228	77	68	208	162
267	347	355	239	82	65	222	166
272	344	397	262	82	104	196	172
274	339	374	280	82	129	307	159
279	263	386	307	94	146	366	177
268	224	401	295	87	151	369	169
241	210	319	279	89	183	370	158
239	184	251	255	88	225	392	142
219	181	290	239	91	265	382	149
238	205	267	209	82	267	389	161
276	188	262	181	75	271	416	172
321	182	283	184	73	260	429	220
340	207	291	179	70	324	500	266
340	226	271	181	72	352	462	277
411	258	269	175	63	351	435	294
388	274	240	181	70	359	452	293
349	282	218	166	67	380	475	257
374	256	217	176	69	347	439	248
373	274	233	184	68	298	459	233
392	266	243	246	87	304	488	264
427	264	243	255	107	425	517	301
437	300	279	257	109	464	522	311
486	456	315	299	129	445	523	331
502	482	314	287	135	435	537	345
495	469	314	227	133	446	500	324
510	500	333	245	122	380	459	293
658	480	317	251	123	446	563	366
703	398	304	206	117	486	560	369
752	407	373	216	115	506	530	392
792	427	391	238	118	527	572	413
785	472	440	315	137	517	621	427
777	480	487	348	141	409	579	370
807	474	486	361	141	349	733	501
757	438	461	420	141	312	758	496
715	477	475	444	143	390	748	474
722	442	448	401	134	379	737	485
708	492	441	385	129	374	682	495
663	486	625	428	135	364	487	355
688	486	645	381	137	365	540	353
683	439	692	358	124	212	599	366
705	424	730	372	132	232	702	339
633	415	732	441	160	228	722	346
725	465	729	427	154	223	725	398
787	459	721	423	155	266	725	426
755	470	692	453	173	264	691	402
747	522	802	527	182	211	644	395
795	495	857	516	171	212	653	396
669	456	768	491	164	216	675	317
579	494	912	569	172	161	646	269
584	481	955	667	202	162	691	276
555	397	844	643	195	168	747	297
440	415	815	639	184	167	748	270
389	414	830	696	197	166	723	255
391	405	744	644	188	190	769	275
421	404	700	523	137	186	725	290
417	481	740	478	128	163	557	286
472	497	790	569	164	150	522	293
503	542	812	580	175	165	549	301
540	555	760	642	184	163	433	314
559	560	776	654	194	155	430	304
571	501	799	691	245	183	482	329
659	522	810	660	231	189	624	375
778	560	794	751	267	255	663	425
756	567	880	732	265	244	653	389
732	598	897	892	273	244	622	389
780	675	847	918	239	232	627	370
689	644	861	941	271	240	555	340
513	583	816	849	223	145	464	276
539	567	856	974	282	153	472	300
726	529	914	854	281	186	529	324
725	441	1000	795	270	224	530	341
717	443	960	745	242	230	439	337
715	407	1034	777	257	254	532	330
676	377	1050	725	223	250	588	318
469	393	1010	693	212	230	542	283
352	359	1043	724	211	185	503	266
394	347	1068	705	197	169	581	294
450	343	1069	739	182	199	586	308
462	330	968	648	165	206	560	291
453	323	955	661	174	207	557	321
472	328	864	648	182	220	565	347
533	399	843	771	278	226	510	354
599	405	816	886	290	173	398	376
605	438	860	896	292	161	340	378
619	438	894	904	294	161	329	358
635	449	921	975	322	181	311	327
554	392	879	955	282	176	366	274
469	375	934	806	280	212	386	252
470	434	914	794	264	215	380	263
477	458	1045	793	256	220	424	267
474	490	1078	713	217	190	436	273
492	471	1148	612	188	190	347	263
469	470	1169	626	180	149	325	248
463	420	1260	680	215	155	376	253
443	397	1201	724	229	201	411	243
405	377	1130	793	247	207	384	205
432	419	1136	934	275	206	377	204
457	412	1129	945	285	232	398	259
463	368	1041	908	280	264	368	242
434	348	1030	957	284	229	247	232
484	313	1089	957	285	224	230	304
541	268	1036	899	290	235	347	358
548	284	1161	908	287	263	376	324
532	313	1161	901	268	231	368	326
567	322	1074	899	284	226	372	373
545	348	1079	865	290	263	383	330
477	347	1086	818	255	270	303	277
420	358	953	821	262	222	229	258
432	357	979	837	269	219	229	262
424	347	1016	799	253	222	230	209
392	345	998	833	232	182	275	247
344	370	1041	879	258	156	250	249
