0	1	2	3	4	5	6	7
175	43	29	30	27	59	61	75
116	39	30	31	23	49	62	51
119	39	31	30	23	56	62	51
178	44	30	28	27	63	116	76
165	40	32	25	28	67	128	78
202	45	38	25	34	155	143	84
218	46	39	27	37	197	150	87
220	49	40	29	38	200	152	88
182	43	39	29	37	201	117	71
190	49	41	29	38	200	106	90
151	49	42	32	32	144	66	85
125	54	50	32	35	82	62	84
120	56	53	33	37	85	65	82
114	57	55	34	36	80	83	86
120	53	52	33	35	79	99	61
262	71	67	36	51	115	266	95
297	80	89	59	67	145	332	132
464	128	134	77	100	249	360	390
523	152	149	95	118	337	388	445
622	161	159	117	137	456	533	480
624	159	160	136	140	513	587	485
647	207	181	178	149	509	651	523
607	216	178	228	151	504	697	399
657	227	199	256	166	611	754	394
618	226	212	279	162	588	712	364
578	283	218	279	160	578	647	352
573	327	288	256	152	584	596	283
550	319	296	277	133	569	676	297
522	312	318	415	149	498	642	268
537	316	317	416	150	460	637	267
572	316	349	443	158	418	624	291
640	264	329	465	157	432	706	332
658	290	343	435	159	420	622	301
643	341	359	280	122	300	592	294
633	357	373	283	111	284	588	295
674	318	358	261	106	283	726	285
669	301	377	262	107	449	817	279
631	270	352	323	108	454	803	276
610	235	317	414	107	459	803	250
557	221	300	418	111	441	799	243
514	215	287	402	113	453	709	238
408	204	222	390	125	331	570	194
382	196	224	401	143	406	646	191
443	154	202	325	144	406	708	236
500	135	202	307	141	408	707	252
522	133	197	335	142	396	679	260
519	153	230	322	131	354	625	252
576	152	227	247	110	251	542	289
651	142	242	256	99	238	472	343
635	151	236	258	99	254	563	345
586	157	233	217	86	243	566	339
600	138	207	252	84	227	518	343
567	153	308	259	85	279	580	336
513	162	331	258	106	304	754	307
518	162	360	262	103	291	682	294
535	174	365	350	121	282	684	288
528	183	379	329	119	279	806	293
566	171	307	328	121	233	808	308
471	172	287	309	107	190	656	248
453	162	331	312	107	180	677	246
438	139	323	221	87	177	699	272
572	125	298	221	91	164	613	292
571	119	293	201	84	177	692	240
582	93	288	193	82	175	724	230
568	83	182	160	83	175	735	220
575	100	178	159	84	175	782	193
446	106	195	195	79	160	797	161
364	114	209	230	79	103	665	156
511	124	231	235	77	106	609	194
591	147	301	258	86	130	640	245
600	141	300	248	79	148	695	241
588	140	315	226	83	151	660	235
596	146	341	221	88	152	687	243
522	161	336	232	95	161	805	279
487	144	295	243	105	150	779	252
469	150	299	244	107	118	665	276
496	164	264	234	106	113	711	273
543	157	223	213	101	133	843	282
502	140	224	198	126	199	837	237
441	142	228	171	119	209	815	224
492	150	280	195	124	214	810	222
494	141	303	197	124	220	855	230
488	137	304	192	126	210	723	270
487	137	302	196	112	162	642	266
531	250	347	181	111	158	644	292
538	246	315	174	114	187	704	300
607	251	293	168	122	190	587	348
599	310	331	178	116	188	554	325
582	323	335	186	117	164	507	318
611	284	272	217	137	179	536	314
602	301	286	201	143	184	481	300
528	301	322	206	152	197	496	239
514	254	300	251	167	199	478	229
579	251	285	262	178	224	581	284
529	205	291	245	200	307	552	272
517	190	375	283	204	374	549	274
595	185	461	353	210	379	529	320
596	192	469	335	202	386	605	324
537	175	477	363	217	504	650	305
531	178	480	398	281	615	674	337
566	186	460	438	364	598	782	352
503	210	410	494	417	604	849	326
512	209	450	623	475	624	865	315
520	209	473	606	482	577	808	288
538	215	514	661	480	417	857	250
566	226	498	649	543	378	780	301
620	218	463	637	531	421	832	361
591	204	426	557	500	413	791	361
652	199	388	567	515	346	750	376
731	194	333	507	564	318	721	384
732	174	286	560	456	319	757	415
697	154	270	529	441	259	674	394
699	149	238	493	458	248	687	397
633	154	270	557	492	269	685	380
668	168	275	584	475	299	712	444
636	158	294	562	503	315	646	369
648	146	285	583	534	437	693	330
709	152	283	634	528	453	657	344
710	154	271	593	520	455	778	388
664	146	255	543	517	475	849	340
648	131	218	517	529	548	920	324
617	130	290	506	599	438	847	320
569	118	289	464	647	430	965	315
583	115	265	447	656	415	911	322
484	92	274	461	656	379	843	297
561	103	275	445	666	240	773	335
540	116	273	478	640	269	766	340
590	136	276	442	597	234	715	336
672	140	277	466	609	250	712	393
