0	1	2	3	4	5	6	7
115	146	116	39	23	23	22	24
133	164	134	44	27	23	22	22
164	151	130	45	27	24	24	29
167	156	144	60	28	24	27	30
175	197	159	67	32	26	27	31
209	222	166	68	35	28	27	34
215	229	154	66	35	27	27	38
205	259	171	80	40	28	28	35
202	278	171	97	41	28	25	36
203	247	162	98	41	28	23	35
160	234	163	99	41	25	24	34
196	217	170	98	41	28	24	34
219	178	189	127	43	28	23	34
258	228	203	118	42	29	25	37
257	231	224	114	40	30	24	38
275	234	224	115	42	30	23	40
235	254	222	115	41	29	26	37
287	269	207	71	36	29	27	37
264	229	243	62	37	28	26	34
267	243	245	84	44	33	36	37
258	237	237	87	45	34	36	36
262	222	237	86	46	36	35	35
177	241	226	84	45	34	34	36
204	221	162	81	43	35	35	39
205	207	127	75	40	29	28	36
204	204	121	73	39	28	30	35
197	199	108	78	38	25	29	35
182	160	110	85	39	26	29	34
165	153	108	81	43	24	27	32
195	152	111	69	42	29	28	33
189	157	122	69	39	29	26	30
193	176	124	80	47	30	27	31
194	170	113	77	47	31	26	31
164	192	129	74	43	31	26	28
184	187	121	71	40	28	24	27
182	178	127	84	42	27	26	29
180	171	133	112	45	29	26	26
183	170	135	115	45	28	27	28
180	139	120	116	47	27	27	26
117	161	138	116	47	27	26	29
132	159	126	105	49	27	25	30
141	189	141	73	39	28	26	30
170	197	142	74	37	29	24	30
174	196	142	77	35	29	25	33
186	185	136	79	34	29	26	30
191	198	132	94	31	27	24	29
219	198	108	93	32	25	24	34
199	198	112	92	34	26	26	35
200	211	120	103	34	25	25	33
187	214	114	118	40	27	25	35
226	206	125	111	45	28	27	37
216	163	125	105	45	29	26	33
215	181	130	100	46	30	25	32
244	172	143	90	45	30	25	36
240	164	159	106	47	29	25	33
201	196	162	111	47	34	26	34
182	195	167	112	49	33	27	34
200	180	164	112	52	34	27	33
164	198	177	129	57	34	27	31
157	210	210	124	53	36	28	34
157	199	211	119	47	33	26	32
168	237	221	115	43	34	25	35
145	231	220	122	40	33	25	35
140	235	209	133	48	35	24	34
170	242	241	139	56	35	24	38
163	223	240	145	60	37	27	41
163	189	245	153	60	34	26	38
170	252	250	147	59	35	27	41
176	258	286	134	58	34	28	42
193	256	286	154	52	30	25	37
233	265	303	157	50	28	24	34
223	265	310	202	62	32	26	35
218	245	309	227	68	34	28	31
221	220	283	234	65	34	26	34
199	202	226	219	65	35	28	34
160	196	224	233	68	32	27	37
187	199	205	220	62	31	27	37
186	188	205	214	58	27	27	36
238	199	189	204	53	28	30	33
259	230	233	245	69	33	30	38
271	238	227	246	75	37	32	43
257	261	235	225	76	39	33	44
266	237	230	207	75	41	32	51
232	243	228	206	75	39	29	51
213	226	186	156	61	35	29	48
192	244	178	161	53	32	25	42
208	256	198	166	48	30	23	40
195	251	192	165	45	73	29	35
170	236	187	161	43	135	36	32
172	220	172	156	44	144	46	33
180	185	189	161	50	145	53	36
210	137	172	151	48	146	52	42
213	139	182	155	49	133	50	45
226	130	181	156	52	70	48	46
209	133	187	137	48	47	39	44
224	183	191	131	43	46	31	47
190	189	183	142	43	44	32	41
198	191	171	137	42	36	30	38
188	190	179	146	44	31	25	36
191	193	183	149	45	32	25	43
231	193	156	100	39	30	24	45
220	186	148	99	43	32	23	45
222	222	155	102	48	31	26	48
231	233	153	90	44	30	25	48
231	241	149	87	41	30	25	41
195	215	135	98	42	31	24	36
219	198	136	112	43	27	24	40
221	162	219	121	41	26	22	42
228	163	229	130	46	28	24	46
243	151	252	147	47	30	25	47
267	149	276	154	51	30	24	46
251	160	271	146	46	29	26	45
252	157	207	140	45	30	26	43
294	145	198	160	51	33	27	43
318	161	168	156	56	33	29	46
311	216	191	255	74	39	30	54
312	239	242	300	82	40	33	58
315	264	268	312	85	40	35	57
270	301	274	305	82	37	33	57
268	326	281	312	80	39	32	60
279	322	265	272	75	38	33	58
292	343	228	219	68	40	32	61
287	352	198	199	64	39	31	63
325	356	187	189	63	43	35	64
306	352	184	166	63	44	39	62
256	345	188	81	46	44	39	57
269	304	173	58	42	50	36	52
266	290	172	55	40	57	37	56
226	268	172	45	39	82	42	58
214	240	158	43	36	177	52	58
218	203	101	39	38	197	51	59
183	204	125	66	42	203	54	65
184	186	164	76	54	325	59	71
289	165	167	92	60	356	62	81
300	171	198	136	98	347	59	84
323	188	234	148	100	346	67	127
333	222	235	153	106	353	66	136
396	295	270	169	110	261	86	179
360	298	274	174	115	384	101	191
354	301	263	145	94	379	98	196
342	300	270	139	92	376	96	179
332	275	263	149	89	370	102	173
316	188	201	128	76	360	87	129
282	173	201	118	65	224	85	126
288	147	185	115	55	200	102	119
279	127	124	111	53	253	117	107
291	125	117	98	82	421	270	125
288	135	156	115	93	447	331	126
297	142	184	134	101	429	340	108
280	143	188	139	101	436	337	108
289	138	189	135	101	446	340	117
268	135	190	119	78	390	242	103
216	110	152	104	65	375	155	100
331	102	89	71	51	371	149	158
380	109	80	65	51	361	180	169
376	112	75	72	73	473	188	180
376	111	71	72	79	504	180	180
403	174	131	76	79	495	175	178
359	185	139	80	81	495	157	139
332	180	141	76	85	552	135	133
335	178	143	80	81	480	135	109
340	177	147	82	76	388	140	98
304	123	138	80	76	388	140	104
251	90	193	78	77	422	155	96
222	81	214	82	72	411	142	80
213	83	227	91	78	442	128	93
219	81	240	115	81	469	152	105
197	66	255	118	88	607	165	102
164	66	219	119	86	614	154	96
165	70	212	147	98	606	152	96
176	99	216	142	86	558	140	85
166	104	202	126	81	566	111	75
239	124	160	119	82	446	92	77
254	136	165	117	83	417	78	88
277	147	151	102	80	411	101	90
279	150	125	101	85	419	155	90
297	194	129	97	85	388	379	140
288	277	136	101	82	378	666	205
315	361	143	107	92	402	779	227
344	430	180	111	115	397	923	249
401	498	200	118	130	381	994	256
500	658	268	138	138	393	1122	297
612	778	299	182	188	420	1035	281
668	833	382	233	337	411	1053	282
727	882	455	291	369	413	1035	273
728	909	468	330	402	410	1018	268
687	832	458	335	420	407	879	220
651	827	481	347	426	362	823	202
587	762	448	329	345	338	700	174
491	677	372	282	326	361	590	176
446	595	371	277	343	615	565	207
411	553	353	268	329	647	501	206
264	325	300	224	299	642	505	197
239	266	298	248	311	650	527	195
213	239	291	243	288	720	557	189
191	214	261	190	207	529	508	155
160	179	242	185	191	463	446	114
155	178	235	184	181	482	422	99
140	176	159	112	92	621	386	100
133	195	125	87	80	523	221	73
128	234	118	82	73	517	166	62
118	230	162	107	66	518	186	62
101	212	153	104	63	504	194	59
81	197	149	107	60	324	184	52
76	173	151	107	51	302	183	56
75	115	165	128	69	292	154	54
68	112	133	116	89	452	172	52
68	110	128	131	100	490	170	55
71	111	132	130	103	469	185	65
94	101	142	133	102	478	176	66
97	86	133	129	98	466	168	64
101	82	119	119	84	371	157	64
106	79	113	100	71	331	158	64
106	79	113	100	71	331	158	64
