0	1	2	3	4	5	6	7
142	186	195	230	193	373	275	84
125	151	171	226	194	464	291	96
124	146	170	224	198	489	268	108
126	145	168	234	225	451	251	115
124	136	143	194	220	468	253	129
101	146	141	165	206	473	240	128
98	133	132	163	203	425	217	117
96	125	124	163	199	402	122	95
94	119	115	140	163	372	115	84
82	122	119	120	115	373	103	64
70	86	108	124	118	409	106	67
80	89	104	125	115	374	109	70
82	92	104	123	114	347	103	67
82	90	97	119	105	351	118	65
85	81	71	75	72	327	133	63
84	76	64	54	49	307	127	53
70	70	66	51	48	312	124	50
62	61	66	52	45	300	116	55
58	63	67	45	41	291	104	51
78	65	65	48	40	283	134	52
119	63	68	52	34	347	132	61
126	55	64	57	38	363	137	58
133	63	63	56	38	347	139	55
147	60	57	58	43	341	132	66
182	70	65	63	49	362	79	87
264	70	65	66	56	340	86	152
292	82	69	62	58	415	88	177
294	77	67	66	64	441	95	179
299	77	67	68	62	438	104	185
293	66	62	63	60	455	118	177
304	67	52	54	57	467	123	123
279	55	58	57	57	393	115	85
285	52	72	50	49	344	125	82
280	54	75	43	51	383	137	74
273	58	75	42	51	456	125	72
176	52	88	53	51	419	117	84
184	54	81	64	50	410	132	84
178	59	74	72	55	449	131	91
174	55	71	72	52	416	110	90
220	54	75	96	60	326	125	108
222	57	70	91	59	323	127	103
222	56	70	82	59	381	122	105
236	52	64	75	54	341	112	107
248	55	64	77	54	344	119	116
197	50	56	46	40	341	104	101
180	50	56	46	38	310	121	106
183	51	55	45	35	240	137	106
167	48	55	47	37	262	140	102
159	50	57	48	41	310	197	97
167	52	61	57	43	298	215	98
177	52	64	59	47	298	206	101
168	57	66	69	50	291	219	102
173	59	67	71	48	276	233	107
176	56	65	72	47	283	190	96
168	54	66	65	44	274	192	97
157	52	51	61	34	265	191	87
160	43	49	49	37	290	160	84
143	42	63	48	43	322	164	75
129	40	64	47	42	277	174	78
161	44	58	45	44	277	149	85
160	44	60	47	43	308	151	84
147	41	61	50	37	304	156	82
166	44	45	46	33	281	169	86
162	51	45	45	34	294	152	83
131	50	45	45	33	296	160	75
136	47	41	45	34	266	165	78
140	49	38	45	36	338	208	80
116	51	50	47	34	327	178	68
110	47	48	47	33	317	212	70
101	50	49	45	33	313	221	68
101	51	49	39	32	314	228	78
96	69	71	45	36	296	189	79
114	69	66	44	36	292	187	78
128	72	68	44	35	288	154	90
129	74	68	46	39	331	161	93
125	79	74	47	40	395	157	79
146	63	52	38	39	391	156	75
132	66	52	40	40	393	154	78
124	61	49	39	41	397	183	66
140	60	51	40	39	361	173	71
138	51	45	46	38	319	160	68
120	61	58	55	36	274	160	70
118	57	56	53	35	265	162	67
137	57	56	52	33	283	182	76
154	60	57	52	33	282	180	78
152	62	55	49	32	257	188	79
152	55	43	41	28	239	204	90
154	57	44	40	30	247	214	98
132	62	47	38	32	252	179	88
108	55	46	39	30	242	183	85
113	62	46	39	32	245	176	88
113	59	45	37	36	244	165	84
108	62	47	37	33	297	156	77
109	56	48	41	33	269	169	85
125	58	51	41	36	280	177	82
133	53	51	37	34	321	198	95
133	54	52	42	33	348	211	90
137	46	48	43	32	311	211	91
136	54	55	44	35	302	194	83
129	49	50	41	32	306	231	84
121	49	53	44	32	279	221	70
116	53	54	40	32	243	200	68
117	54	54	39	33	299	202	72
118	47	44	40	31	301	211	74
100	47	47	42	34	366	156	71
131	56	53	42	39	369	145	65
132	51	51	41	38	363	185	69
135	54	55	42	37	343	184	62
135	57	55	40	37	344	171	63
145	59	55	42	35	254	178	62
121	45	51	40	29	222	186	73
133	46	51	40	29	296	145	73
135	49	47	38	30	264	135	74
140	44	45	35	34	340	145	81
125	49	42	30	33	361	136	79
117	51	49	31	35	373	117	72
109	51	48	31	34	332	150	71
94	45	49	31	34	333	157	78
95	48	49	31	33	308	150	73
96	47	54	33	33	288	147	78
91	51	45	31	34	273	167	75
88	56	47	32	36	297	138	73
92	60	44	30	35	289	177	74
78	58	44	32	32	224	220	71
78	57	35	33	33	274	224	70
88	53	31	34	33	270	241	77
79	48	30	30	33	301	250	76
74	46	34	33	33	297	217	66
90	57	36	32	34	302	187	63
147	195	39	29	36	298	222	70
154	209	41	28	36	312	217	75
157	222	43	31	36	249	205	75
164	230	48	32	39	277	221	72
175	256	71	45	45	372	209	74
159	214	75	48	46	359	162	70
230	288	89	57	56	349	165	57
284	343	100	114	127	371	193	107
296	348	114	123	139	376	201	109
314	494	149	124	141	308	262	112
351	617	192	191	240	353	333	132
411	685	194	274	348	468	350	157
495	757	270	347	425	504	572	165
529	807	290	374	459	522	724	200
542	778	286	380	467	507	721	202
535	770	298	373	452	484	733	199
472	708	332	328	384	477	786	198
349	616	289	264	317	449	713	181
377	605	284	249	303	438	570	156
352	570	313	279	313	487	691	260
342	500	320	270	287	575	807	345
498	633	313	299	322	546	911	382
556	669	318	285	306	531	896	400
567	643	324	289	309	518	909	412
586	663	302	306	400	527	826	363
618	667	272	303	410	421	723	327
555	546	268	363	472	385	768	331
505	541	314	390	471	386	752	375
465	555	334	376	461	377	757	364
477	528	378	378	384	324	885	402
432	470	398	400	411	405	1036	421
440	560	427	450	439	434	941	383
498	573	434	534	465	436	968	346
480	618	451	565	458	442	1056	372
471	656	470	583	513	515	995	490
502	731	449	639	558	504	817	509
465	712	453	602	489	496	720	505
518	733	458	582	482	510	659	495
505	712	443	586	499	534	506	485
542	754	382	556	466	466	502	346
529	824	401	505	402	429	674	324
560	847	624	571	514	411	713	340
483	827	637	618	638	386	732	353
619	866	710	732	754	415	833	418
627	824	733	740	760	421	1033	461
656	808	755	722	784	417	938	434
643	814	730	724	706	455	949	469
626	853	733	635	587	450	975	461
533	853	661	463	431	463	1025	395
552	849	658	511	483	718	939	491
548	833	656	597	586	776	990	474
575	796	516	577	663	777	948	431
572	740	462	563	657	791	1007	448
542	660	446	560	639	931	986	488
441	614	407	505	575	763	899	319
394	511	357	425	426	712	820	310
265	431	266	297	277	668	817	309
271	410	257	291	271	712	682	262
253	393	241	285	265	460	450	159
241	420	235	274	255	469	224	134
192	371	273	375	277	457	191	119
187	341	254	391	287	567	198	99
186	297	230	386	277	580	193	91
234	285	223	388	274	576	179	84
244	209	214	371	257	535	162	80
233	186	128	201	159	519	138	62
234	198	118	110	79	440	114	60
207	191	111	105	73	327	77	50
139	208	108	88	62	307	68	46
118	237	117	79	52	310	66	44
111	225	109	74	55	329	72	46
98	220	93	66	53	417	85	47
79	209	85	64	53	417	84	46
69	167	82	62	53	412	83	47
81	131	90	70	60	416	97	55
82	115	89	62	52	413	99	52
77	95	85	62	52	287	89	48
75	102	96	62	57	284	94	49
74	100	93	56	54	281	104	48
69	81	73	42	48	315	94	44
71	92	79	48	49	318	99	46
84	100	80	48	48	300	110	47
89	90	70	47	43	286	108	44
90	93	70	47	45	295	97	44
79	97	79	54	46	331	111	45
78	91	83	58	48	346	116	46
70	88	83	60	49	335	119	47
70	99	91	61	48	342	125	48
71	98	90	61	47	349	124	47
70	84	79	53	44	333	115	41
74	80	69	44	38	309	115	41
71	78	63	38	36	310	109	38
67	66	50	34	36	304	99	38
64	68	49	37	35	323	102	35
73	85	54	42	31	244	96	37
75	84	53	40	31	212	76	41
75	78	56	41	27	264	52	38
80	81	56	42	31	260	56	41
80	93	61	44	36	288	58	39
77	106	73	52	44	398	77	41
77	121	79	52	44	421	106	39
79	128	80	51	46	408	117	39
82	142	89	54	44	428	122	38
81	134	89	52	43	407	127	39
75	119	78	42	40	378	121	37
81	106	72	42	39	359	105	35
79	107	72	45	40	377	120	35
88	92	66	43	41	385	136	42
97	100	61	41	41	372	133	43
105	111	65	44	39	339	130	41
95	112	70	42	38	339	125	39
92	104	64	40	41	331	139	47
83	100	59	37	39	315	126	45
87	102	64	43	38	301	129	47
80	89	58	42	34	261	134	45
83	82	51	40	35	286	137	45
83	87	57	41	38	372	111	41
76	85	58	41	38	451	111	41
86	78	58	38	38	474	108	47
96	90	62	36	39	472	160	82
95	90	60	38	40	516	199	99
100	94	59	37	37	450	199	101
107	107	77	45	39	388	199	102
87	130	89	47	48	377	203	100
85	197	137	54	51	393	168	137
85	241	170	64	58	328	138	149
100	372	277	97	68	365	145	158
96	384	286	96	67	347	144	160
107	384	285	94	62	339	132	168
117	369	289	93	62	317	126	134
192	391	302	107	64	297	102	123
203	292	228	90	60	255	84	128
206	276	222	91	68	270	81	146
225	275	229	93	68	264	102	151
228	254	218	94	65	265	128	155
253	176	197	80	60	319	338	158
269	154	193	72	58	349	445	181
306	162	202	90	58	350	488	198
298	141	194	89	55	350	499	194
291	136	174	84	56	346	496	188
228	126	147	78	51	296	396	180
193	95	121	78	43	257	298	159
117	62	83	54	31	215	228	141
104	58	64	49	30	212	194	154
142	55	55	47	29	209	263	167
253	59	59	44	34	224	303	222
263	64	58	36	37	198	287	259
272	62	61	35	38	247	280	252
273	71	64	37	37	245	290	240
265	97	65	37	37	244	235	235
171	101	70	36	34	233	163	199
162	102	71	35	37	255	139	139
179	111	70	39	37	201	211	149
198	110	68	40	37	207	201	190
186	88	65	40	38	205	186	184
177	84	54	39	37	194	198	166
168	85	49	37	30	123	208	185
155	75	51	36	28	107	157	179
195	69	48	34	28	116	164	150
237	73	54	35	27	139	221	147
237	69	53	35	28	139	226	151
246	68	61	39	29	175	220	130
234	66	57	36	29	177	209	116
181	68	58	38	31	157	203	117
132	68	58	39	33	180	160	125
157	86	70	45	33	205	166	127
146	86	65	47	35	178	168	115
146	85	66	48	35	176	160	115
140	86	68	46	35	175	170	95
135	93	75	47	34	130	198	90
140	74	63	43	35	147	226	95
150	74	62	37	35	149	240	126
154	77	60	36	35	148	240	146
164	94	70	42	39	147	238	144
185	89	61	40	40	178	203	171
161	97	68	43	39	132	146	175
155	95	64	43	37	133	165	157
154	91	66	46	37	132	206	144
154	83	65	41	32	142	215	187
122	78	65	41	30	129	220	164
149	68	61	37	29	141	224	158
147	66	65	38	31	141	201	159
148	72	66	37	31	169	177	159
136	55	55	37	32	162	164	120
134	58	60	38	37	145	158	146
113	68	63	37	35	141	155	145
111	66	59	37	35	139	160	146
115	64	60	38	35	104	148	141
128	68	63	39	33	99	139	135
140	68	62	45	34	103	137	158
126	64	62	49	40	93	141	150
128	70	66	49	39	84	113	150
121	68	64	47	40	82	211	158
110	69	64	45	41	81	216	164
92	73	60	39	35	54	218	127
108	72	59	37	32	44	217	173
115	80	73	48	34	41	223	174
125	84	73	49	34	40	134	174
129	86	80	57	36	41	129	164
135	79	78	57	36	39	124	159
124	75	75	54	33	39	127	140
132	66	64	46	35	39	232	161
121	73	72	47	32	35	242	156
179	73	67	40	31	36	244	178
177	73	66	38	32	36	241	179
182	80	73	42	34	34	239	178
174	87	74	42	32	33	155	163
174	86	69	41	36	31	160	167
114	84	67	40	36	29	154	145
115	98	74	42	38	30	157	160
115	95	72	41	37	38	202	137
112	87	69	44	40	38	185	132
119	80	62	42	39	40	158	127
120	77	59	41	39	43	163	139
114	64	54	41	37	43	262	128
103	59	50	41	36	36	228	130
109	74	52	42	35	36	228	142
106	77	65	47	35	36	234	187
115	82	67	49	34	33	243	195
116	79	63	47	35	39	139	199
129	85	67	45	35	41	131	215
135	72	66	44	35	43	154	244
134	74	64	41	34	44	170	220
133	69	63	39	36	46	152	214
129	70	66	40	41	42	158	213
128	66	64	45	41	48	183	206
116	65	63	45	43	61	178	164
113	55	52	41	43	61	185	159
134	54	50	40	40	57	202	161
220	55	47	42	38	76	201	173
223	55	50	40	36	131	255	185
229	60	51	39	32	157	286	211
230	76	62	44	33	159	276	202
236	82	64	44	32	163	270	195
159	79	64	43	30	155	272	173
143	77	58	40	32	111	212	145
127	74	57	37	29	56	164	106
121	60	44	32	31	56	166	108
81	58	45	30	31	78	178	161
95	58	43	30	32	102	169	161
96	58	43	32	34	108	183	164
100	62	47	33	34	115	201	160
97	61	49	32	32	114	205	162
91	58	48	32	35	131	186	110
76	59	48	32	34	122	180	133
83	61	50	30	33	119	201	142
82	56	48	28	35	114	191	139
84	55	46	30	37	111	173	139
75	51	45	32	33	67	200	172
81	54	49	36	33	60	215	160
95	55	48	37	33	102	173	149
92	51	47	36	34	120	179	151
90	53	51	37	34	123	217	152
91	52	49	37	36	123	230	113
97	50	47	35	37	124	215	112
76	49	50	35	34	99	232	112
79	55	52	40	35	102	229	129
79	49	47	39	36	109	227	135
83	54	48	39	36	112	198	129
65	51	48	37	36	109	212	127
63	47	47	35	36	120	214	145
64	44	45	34	38	110	207	132
65	47	47	34	36	110	200	131
61	43	46	34	34	109	205	143
67	47	45	35	33	113	192	161
80	46	44	34	31	93	180	148
82	47	43	32	28	99	173	181
81	46	42	32	25	91	144	184
86	50	47	32	26	95	133	184
86	48	47	33	27	92	192	174
86	48	47	33	27	92	192	174
