0	1	2	3	4	5	6	7
98	93	60	46	60	446	208	90
100	92	51	39	45	266	195	88
101	94	60	40	44	241	194	87
74	72	60	57	48	314	139	71
100	83	59	67	54	355	169	77
117	105	58	66	50	355	161	60
125	112	56	66	48	338	155	57
125	112	73	65	53	456	162	84
126	116	78	51	49	467	153	79
102	105	76	38	45	444	150	74
68	74	76	38	45	440	160	76
61	63	78	40	46	463	175	82
59	57	48	35	36	351	177	57
65	52	38	30	35	326	183	64
65	42	37	28	34	328	162	59
71	38	36	28	33	328	156	61
65	43	33	27	34	290	135	51
66	44	42	25	31	304	152	52
64	44	45	25	30	279	148	56
75	45	46	28	33	258	148	59
72	44	45	26	32	255	151	54
73	41	45	26	33	339	163	56
72	36	37	25	35	337	140	52
69	34	35	26	35	309	119	41
57	39	37	25	31	311	161	48
57	39	35	26	32	309	155	50
58	44	35	27	28	220	177	56
68	46	32	28	28	174	194	61
64	50	30	25	26	167	193	66
64	47	28	27	25	164	156	59
62	49	30	27	27	223	151	58
60	49	37	26	31	231	120	54
57	50	41	26	29	230	94	49
58	46	42	29	31	231	95	48
58	48	43	29	33	235	98	47
62	47	44	29	31	210	115	52
56	42	42	30	29	176	110	46
47	40	39	30	29	186	120	47
50	40	38	28	32	346	138	50
50	48	43	27	33	404	136	51
49	51	43	29	34	394	129	51
50	48	38	28	33	396	128	51
55	49	46	29	34	400	142	64
62	50	46	29	30	321	145	62
61	48	42	28	28	260	146	62
68	44	41	24	25	256	142	62
69	49	44	25	27	258	149	65
70	48	38	23	25	227	132	51
65	50	40	27	26	200	125	51
67	44	40	29	30	217	130	48
56	45	40	29	31	224	141	44
53	46	38	31	33	224	157	44
49	46	38	31	35	253	155	42
40	40	35	26	35	249	149	40
43	52	35	26	33	235	145	42
48	53	36	27	33	240	131	48
51	49	35	24	33	293	98	49
58	58	34	24	35	298	183	101
81	65	44	29	37	285	216	103
165	108	53	31	38	279	225	110
200	252	68	37	38	291	227	116
204	275	67	37	35	272	259	130
207	276	68	38	32	266	241	103
226	313	64	36	28	271	209	108
217	377	76	49	40	380	300	108
203	386	85	69	77	390	306	103
206	399	108	84	90	407	282	91
206	400	117	88	94	410	261	89
189	378	119	90	96	431	414	92
229	404	132	88	93	344	363	129
251	363	162	79	80	359	368	134
272	345	222	89	87	336	376	134
276	387	262	95	95	366	391	146
318	415	283	95	99	504	262	145
372	415	285	98	111	505	317	164
381	415	348	119	126	529	580	220
390	486	318	114	120	524	643	243
454	479	309	120	122	496	671	238
483	535	302	127	130	329	678	240
416	493	297	135	138	356	664	210
392	481	202	116	120	341	461	146
380	432	191	109	121	404	390	137
372	461	231	206	253	508	403	154
390	521	269	224	256	515	513	306
392	501	280	224	253	528	761	344
455	587	339	255	284	540	873	372
490	638	396	307	334	498	900	374
461	686	395	288	287	409	1055	409
409	612	375	278	288	393	1055	344
423	653	372	286	318	427	1011	334
373	603	329	288	350	453	1039	329
340	610	292	262	347	480	1171	341
326	663	369	366	477	526	1191	327
384	752	415	428	543	599	1205	347
409	744	531	435	548	570	1140	330
409	743	626	523	624	574	1149	326
403	719	636	522	624	581	1061	364
487	722	627	463	541	539	894	395
478	623	605	425	518	474	891	373
471	750	543	471	564	499	949	408
494	810	524	365	465	441	850	518
561	954	663	389	475	403	770	488
630	904	798	435	500	412	820	474
651	942	858	452	488	417	984	501
702	884	900	407	450	406	1036	520
705	930	872	440	449	400	1095	420
674	815	874	455	455	443	1238	452
593	858	801	446	480	450	1279	497
589	922	779	447	476	449	1239	538
574	905	710	434	460	406	1159	532
563	791	686	397	458	394	1137	533
637	835	572	370	439	388	996	517
595	754	460	297	350	527	945	530
562	653	393	261	319	604	753	488
506	658	417	324	379	654	722	446
477	651	429	323	363	653	610	421
312	520	366	284	324	680	563	392
303	530	340	273	309	621	395	255
235	471	314	248	294	570	380	144
171	371	260	140	144	511	278	117
168	375	203	102	94	591	239	111
159	358	177	96	94	625	228	154
115	295	145	78	86	567	193	154
149	261	106	62	68	522	157	155
138	245	96	62	72	522	144	159
133	209	95	58	67	434	131	166
149	147	93	55	63	314	103	117
151	128	85	56	60	284	102	101
122	129	80	63	59	286	95	92
146	127	67	59	55	290	89	87
156	120	72	57	57	320	130	79
150	119	73	58	56	265	140	82
165	111	73	57	57	262	149	86
157	95	74	48	56	295	153	87
134	81	70	36	47	287	178	73
124	69	55	36	43	243	180	60
118	59	47	34	41	241	170	50
103	62	44	33	39	260	158	47
151	75	42	35	38	217	156	63
152	72	39	38	32	203	134	64
149	75	45	41	31	202	142	70
144	81	51	49	35	260	144	73
181	79	52	50	37	250	152	96
159	68	54	48	35	256	171	90
169	74	58	62	38	266	187	95
170	82	62	77	56	366	164	91
173	77	58	79	58	387	173	90
118	71	56	78	57	384	166	58
94	67	54	81	61	382	145	51
80	89	65	87	66	383	113	48
77	81	58	74	54	299	91	50
71	85	58	67	49	226	76	50
78	88	59	68	49	221	78	50
96	92	61	67	46	217	117	60
93	81	50	43	35	230	125	55
92	78	49	39	34	190	137	53
111	83	50	38	34	258	152	85
114	85	49	38	33	269	149	87
101	80	47	31	29	271	127	80
95	66	39	30	31	280	119	79
92	67	40	32	31	397	110	75
77	69	44	34	28	372	118	45
101	83	48	35	28	370	117	54
109	84	45	36	28	373	111	58
111	81	48	35	26	348	109	58
110	82	49	34	25	270	106	60
103	73	45	34	27	266	58	55
72	52	40	33	28	274	104	61
71	71	41	32	29	278	106	56
65	74	39	30	30	271	105	55
66	72	36	29	30	223	104	55
66	72	33	27	30	250	106	53
63	73	33	27	31	254	64	32
46	58	29	26	32	247	77	35
58	56	30	26	32	252	78	39
60	61	35	30	35	253	80	37
60	56	34	28	34	212	81	35
67	64	46	32	37	198	87	39
68	61	47	32	35	225	74	37
66	75	51	32	35	225	72	33
64	71	48	30	31	205	89	39
66	74	50	30	30	200	92	39
60	68	42	25	26	266	90	33
60	69	41	26	29	246	91	36
53	51	36	27	29	240	90	36
57	56	36	23	27	234	67	30
55	62	38	25	28	226	85	32
70	71	41	27	28	209	99	38
71	70	41	27	29	267	102	36
79	73	42	28	30	276	104	60
102	81	50	31	37	285	104	63
110	93	52	32	38	293	89	70
113	98	53	29	38	314	74	80
116	109	54	29	38	272	76	81
117	114	56	31	37	266	113	69
101	130	65	34	32	349	143	72
133	137	74	38	33	373	159	83
239	178	89	49	40	320	202	129
313	270	107	57	40	322	211	214
326	310	112	58	43	324	198	236
338	309	111	57	42	244	206	245
334	310	110	58	42	217	210	253
272	309	106	52	38	264	182	255
192	238	90	45	37	255	191	215
174	195	87	46	38	256	201	197
155	205	90	47	37	229	191	188
137	199	87	47	38	243	174	172
209	167	78	47	36	224	171	144
209	157	78	47	35	219	149	103
210	156	86	47	33	225	140	90
212	135	78	47	34	288	124	89
215	143	84	51	34	261	131	112
132	135	80	49	33	246	138	111
119	132	80	49	34	283	149	112
108	107	65	43	34	334	147	112
93	103	61	41	34	312	140	110
87	85	47	36	31	398	132	88
85	83	45	33	32	446	112	67
77	82	47	36	32	435	108	63
81	96	51	39	32	413	92	63
77	89	51	38	36	427	106	55
75	100	56	39	45	351	107	56
86	125	71	43	48	468	134	75
139	199	80	46	50	465	129	92
161	222	88	53	54	451	164	95
179	295	102	61	56	421	167	119
239	306	99	61	53	443	471	163
316	454	92	108	99	305	781	336
415	492	120	131	115	297	846	411
443	495	142	139	125	294	879	416
463	505	148	140	132	296	912	428
475	587	180	162	166	290	948	462
453	573	195	154	161	242	850	374
390	549	235	189	197	258	806	301
362	545	228	196	219	280	795	312
362	507	241	229	284	346	822	335
336	423	232	230	292	330	681	270
323	313	231	230	300	318	500	249
331	348	207	208	289	321	481	247
352	435	212	209	287	322	527	241
348	554	245	195	233	265	531	228
337	567	280	195	210	267	513	241
334	597	285	195	205	261	549	264
320	598	289	193	187	249	599	273
310	544	288	186	194	241	720	288
304	463	271	222	238	260	735	340
302	455	234	218	251	240	784	353
297	451	247	222	253	265	789	353
311	394	223	228	271	278	790	360
404	446	291	248	263	281	726	473
544	627	325	292	223	285	804	438
596	659	354	296	248	302	821	427
642	710	361	296	278	284	873	447
650	849	416	356	407	367	838	440
702	880	381	388	503	401	908	337
675	807	344	369	521	471	914	381
696	818	336	382	534	459	893	436
667	839	340	379	529	454	900	425
662	742	375	480	528	416	964	434
572	731	402	507	550	440	883	465
562	687	435	483	560	418	977	467
488	692	435	476	546	442	997	424
509	668	454	496	558	455	996	425
507	678	405	391	514	449	1087	471
751	663	416	322	407	423	1196	548
754	712	421	363	466	382	1106	541
770	781	530	500	532	361	1082	554
764	777	502	504	509	349	1055	539
743	767	480	479	489	469	977	508
481	727	439	469	471	547	920	529
384	681	413	436	378	535	836	501
338	554	251	298	273	529	801	479
281	450	242	257	271	537	745	473
281	416	226	221	206	513	627	450
226	421	216	211	194	439	347	226
169	406	179	203	180	467	216	172
143	377	132	124	135	493	157	165
136	370	114	101	106	491	137	160
127	334	111	98	101	388	125	142
216	312	125	96	101	346	133	149
268	233	109	73	81	340	118	162
271	198	106	55	57	447	100	143
273	192	102	49	49	453	107	136
273	158	107	50	48	452	104	138
205	151	79	45	38	443	85	96
129	147	75	44	39	466	87	59
113	143	69	42	32	347	88	56
99	130	69	42	32	332	77	49
89	105	57	41	34	338	95	47
71	90	49	35	34	377	99	44
74	80	52	35	35	292	102	48
71	70	51	35	37	266	115	47
64	60	54	36	40	258	116	46
62	66	53	33	35	251	106	38
57	61	53	34	38	304	100	38
58	69	51	33	37	313	90	37
60	79	54	34	36	316	68	34
59	81	48	31	31	320	74	33
56	76	41	29	31	347	71	32
55	74	42	27	26	273	79	31
53	70	45	29	26	272	80	28
71	73	46	31	26	272	120	34
77	78	47	32	27	281	136	35
78	75	47	32	29	269	140	40
79	93	50	34	29	246	133	39
73	91	51	33	29	235	132	37
53	80	45	29	30	264	101	31
43	71	43	27	32	273	92	34
44	79	47	30	36	259	98	35
45	75	45	28	35	245	101	36
51	76	38	28	34	248	109	40
52	75	39	28	34	249	130	46
59	78	44	30	32	221	121	44
58	74	42	29	26	202	106	38
57	59	41	27	27	234	105	39
57	59	45	25	28	228	105	37
72	68	48	30	33	225	103	37
77	85	52	31	35	246	128	42
79	89	54	33	36	235	130	44
78	87	54	33	36	243	136	43
77	87	53	35	36	238	130	44
64	82	51	33	31	213	106	37
51	61	43	31	28	252	73	31
47	49	39	26	31	286	83	33
50	58	50	36	31	257	69	32
47	72	53	36	32	260	71	32
55	84	59	37	32	297	75	35
89	122	75	50	43	279	81	60
114	160	82	53	46	260	94	87
209	263	109	64	55	261	101	114
272	325	122	68	58	289	107	128
278	357	121	68	61	364	114	130
284	372	114	62	63	445	113	140
291	474	128	67	75	631	106	138
295	550	162	73	82	667	174	123
306	605	198	109	107	678	249	111
372	655	329	168	171	706	532	177
472	739	381	221	281	728	718	198
572	965	572	302	301	616	964	277
617	953	677	350	359	726	1228	363
688	957	790	485	491	748	1268	390
702	1000	904	521	543	725	1282	374
738	997	980	596	625	743	1274	381
705	874	951	698	678	743	1186	340
811	934	921	793	698	683	988	388
838	944	958	780	657	693	1039	369
847	906	873	757	694	683	942	405
802	916	891	743	666	749	945	407
855	867	838	666	658	746	987	430
714	866	809	531	608	711	927	313
607	855	648	439	567	691	898	323
674	834	569	432	455	813	995	281
656	908	359	324	319	746	986	331
556	870	307	201	196	715	865	303
545	803	254	170	187	676	836	301
532	752	233	145	162	653	727	291
347	726	217	105	141	453	579	281
286	554	179	102	135	304	393	187
228	473	177	104	118	290	323	150
196	385	140	102	117	431	342	194
144	387	131	114	117	450	398	206
141	435	139	116	119	468	351	200
129	373	135	109	111	457	321	190
121	358	122	96	99	461	320	190
124	339	119	91	88	338	300	137
118	293	96	62	63	333	201	94
95	182	68	42	47	272	151	89
81	173	63	43	46	250	146	110
90	173	62	40	43	236	134	110
90	159	65	42	44	226	111	107
96	164	68	42	40	190	105	123
102	134	81	44	35	181	101	161
116	158	98	48	41	189	109	146
123	172	126	60	48	192	114	160
160	240	148	68	50	177	116	198
220	298	191	83	53	122	145	212
289	384	212	94	66	109	192	193
313	412	204	92	66	111	206	207
345	421	190	86	62	107	221	247
472	531	195	97	85	123	359	250
533	695	178	210	197	375	604	289
592	945	246	267	222	399	740	385
825	1128	588	331	327	564	960	476
930	1209	680	431	441	582	1005	554
937	1238	736	486	557	678	1213	627
982	1220	858	503	613	649	1208	634
943	1028	961	573	662	665	1129	582
749	859	858	543	621	541	1002	513
623	749	813	470	551	730	1055	416
598	613	764	418	434	712	872	409
445	553	627	353	307	667	802	390
437	633	458	155	149	638	824	390
448	625	387	156	138	634	765	396
425	708	360	158	128	415	637	394
315	713	352	137	116	276	474	257
337	701	346	129	109	249	332	220
361	621	288	124	107	372	384	269
561	740	236	130	153	559	583	301
620	791	418	253	236	652	747	293
680	838	644	294	285	673	828	306
761	1092	891	357	318	691	994	414
827	1159	919	416	376	718	1137	570
738	1101	969	473	399	647	1161	588
721	1023	927	446	372	545	1062	597
675	1001	815	434	383	587	1105	596
588	736	534	384	360	696	1069	554
472	627	500	322	304	634	1042	481
396	557	394	226	255	574	936	428
319	589	327	172	235	567	940	420
282	635	292	153	152	515	830	411
334	584	314	154	138	321	697	385
332	592	284	145	124	311	436	219
343	630	277	140	125	320	436	214
396	601	285	191	176	367	568	243
466	647	364	273	279	400	709	261
507	691	436	304	355	483	883	269
606	767	565	350	393	506	1046	333
751	839	630	381	417	586	1144	380
765	912	732	538	514	571	1152	448
772	914	802	620	556	567	1074	434
763	932	791	635	556	521	1052	432
678	872	720	626	547	682	1096	423
523	800	679	616	546	789	1165	441
472	708	565	467	437	830	1098	352
395	590	386	283	310	811	1087	351
271	501	320	209	221	794	966	328
340	625	292	177	189	699	727	276
350	577	245	150	138	534	386	165
358	558	225	150	129	474	370	140
360	550	201	146	130	479	344	132
353	493	177	138	131	492	388	175
284	243	164	110	108	384	391	182
228	233	170	92	73	326	353	184
190	226	186	70	61	270	365	193
149	198	161	60	54	251	378	193
144	211	149	56	40	223	341	161
188	259	132	38	33	213	277	140
182	274	152	44	35	205	254	134
173	291	140	52	41	216	194	136
172	310	151	55	40	215	166	136
224	341	174	65	52	266	121	145
189	329	177	70	56	257	115	141
195	310	150	63	56	384	113	138
256	332	190	68	60	402	110	171
310	342	207	83	72	414	120	208
315	295	188	76	65	396	112	198
341	271	185	72	64	408	102	199
345	270	186	72	62	274	95	207
335	210	129	60	54	256	108	193
323	158	89	36	38	229	94	158
319	149	104	41	38	230	91	173
317	142	122	43	34	207	98	173
335	144	147	47	37	206	113	163
305	137	180	55	40	182	130	130
277	151	228	57	38	184	219	122
272	161	230	55	36	135	294	108
237	157	225	53	36	133	359	112
226	167	216	52	37	111	375	101
252	173	199	45	35	97	375	109
263	157	138	44	35	88	344	114
240	146	122	45	37	108	304	112
267	142	109	44	36	97	229	101
278	125	90	44	33	96	203	104
253	90	60	46	32	97	255	96
229	89	61	39	32	98	257	86
222	83	60	42	31	54	285	65
197	83	60	42	34	47	285	69
209	71	60	46	37	47	286	73
244	70	64	48	38	46	276	81
240	65	66	53	37	44	289	78
234	65	61	48	36	39	244	80
238	72	64	50	34	37	241	85
199	78	67	49	32	42	255	75
158	80	63	45	30	37	220	69
159	83	66	41	31	36	212	77
161	88	67	46	33	36	293	82
140	86	66	46	34	37	320	79
107	88	62	42	32	32	301	78
146	96	66	42	32	37	311	80
148	93	63	43	34	39	329	75
142	89	66	39	33	40	287	74
137	84	64	36	31	39	255	78
153	84	69	40	34	39	304	88
125	73	67	41	33	34	303	90
125	83	72	47	35	30	265	87
153	81	69	47	34	29	255	88
157	81	69	48	36	31	266	81
147	77	64	46	33	30	266	77
132	76	67	46	33	36	338	89
132	63	58	37	28	38	352	93
118	62	61	38	33	36	340	86
132	87	70	44	34	36	331	84
137	89	73	45	35	37	298	83
139	98	72	43	37	34	190	62
137	100	71	46	41	35	176	60
117	102	67	47	40	34	168	64
102	88	63	43	38	34	171	61
90	92	66	43	37	31	164	53
119	92	76	48	37	34	186	65
120	93	80	47	34	33	189	68
127	93	81	47	32	41	283	71
130	93	95	44	30	40	288	71
138	94	106	52	33	42	289	76
131	92	118	56	36	38	280	66
129	90	119	56	36	40	292	66
127	93	122	58	37	33	197	58
123	94	113	59	39	31	205	63
120	94	117	79	44	33	209	55
108	93	110	80	43	36	215	60
168	97	122	84	48	40	223	81
218	97	121	85	50	42	238	88
216	92	121	87	53	45	225	85
239	108	121	67	47	43	216	88
241	103	110	58	44	45	214	85
203	98	94	52	40	42	269	59
173	97	105	51	38	46	266	70
207	111	105	48	34	46	269	77
207	97	94	51	35	45	268	96
212	100	109	53	36	38	251	95
225	106	107	55	37	37	327	107
229	106	100	56	42	40	379	114
235	94	99	54	42	40	388	120
212	85	95	48	40	48	400	105
207	90	88	56	54	193	411	125
208	84	89	66	71	296	325	123
194	76	85	70	78	311	273	114
157	79	80	72	78	319	269	103
171	76	75	72	80	320	251	105
182	71	66	66	72	263	238	92
176	66	62	53	57	152	200	82
212	71	58	42	42	123	184	88
218	65	60	45	44	129	175	90
204	72	59	49	44	130	175	91
188	63	53	48	43	128	167	80
189	66	59	51	43	112	179	97
140	60	56	50	40	104	166	82
129	58	50	46	38	69	151	82
138	56	51	40	35	54	159	83
144	55	55	41	35	50	215	92
186	58	52	37	29	51	219	86
187	61	53	37	33	59	227	90
183	63	53	38	33	60	241	88
176	59	53	54	39	104	255	88
183	58	47	57	41	155	226	88
125	52	45	57	42	165	194	81
130	54	47	59	42	168	211	81
150	51	44	57	42	169	198	85
153	47	39	41	35	147	169	80
150	54	46	33	33	96	163	77
149	59	51	36	35	93	182	78
135	54	48	37	35	116	173	77
147	55	51	38	41	131	169	75
162	54	51	43	44	138	180	74
154	48	44	44	45	142	172	74
156	47	43	43	41	141	151	66
157	53	46	40	38	165	142	77
127	51	46	41	31	160	144	72
102	54	45	35	30	157	145	76
104	57	49	36	28	151	168	70
114	53	44	34	30	163	164	73
119	50	42	49	37	117	145	60
116	50	40	52	40	121	232	74
128	48	43	55	39	128	229	80
130	49	43	54	39	127	216	76
126	60	49	57	39	102	227	87
115	56	47	49	36	102	248	83
120	61	52	48	34	82	169	79
117	65	51	45	37	89	162	84
109	62	48	44	36	92	165	85
115	57	46	41	38	90	177	87
110	56	47	39	39	88	163	89
100	54	45	35	42	97	168	85
83	49	46	34	40	123	164	72
106	55	51	34	42	132	167	75
86	49	49	38	41	135	144	53
