0	1	2	3	4	5	6	7
273	663	236	101	118	464	185	177
268	580	230	97	117	480	162	158
200	524	220	94	116	487	168	153
211	432	219	88	100	489	196	207
214	540	211	81	89	446	194	214
243	555	218	97	93	258	180	213
225	602	230	113	105	232	176	229
235	636	221	113	103	282	190	258
229	653	205	113	100	330	171	225
237	605	182	115	101	334	155	214
202	542	148	107	99	363	168	307
184	463	142	86	78	402	190	409
199	515	193	86	88	376	187	403
203	570	215	96	99	316	183	403
197	512	221	95	100	330	175	396
182	503	225	85	98	414	175	342
195	519	207	84	102	378	150	276
225	463	171	86	95	365	131	273
221	369	142	73	86	362	125	276
214	346	155	66	75	437	134	286
258	405	153	76	85	391	122	279
262	382	153	81	89	380	102	206
211	339	145	80	87	381	95	211
208	320	160	83	93	429	119	206
212	357	139	82	99	357	108	198
177	331	122	74	87	296	98	208
149	301	126	74	86	313	101	266
148	287	112	73	90	322	118	255
140	300	84	76	96	317	112	272
159	284	76	76	95	319	122	270
164	239	98	83	94	314	120	275
166	231	87	80	88	300	160	376
166	229	92	81	86	334	150	385
169	255	105	80	76	292	152	374
145	227	113	84	81	247	148	370
102	223	102	80	85	284	182	366
91	218	104	79	88	353	165	250
119	237	104	81	96	310	169	285
135	201	91	78	97	303	159	280
132	197	93	79	97	335	162	304
141	183	95	86	103	356	128	281
166	201	103	90	106	309	105	243
157	220	105	84	97	307	111	189
170	242	105	87	97	324	126	193
167	261	102	88	91	297	128	173
177	263	93	77	77	331	146	219
168	250	84	78	78	342	223	243
192	226	86	85	81	339	233	254
189	197	83	89	89	346	361	452
188	189	84	81	89	524	421	498
248	222	93	91	100	490	517	532
267	232	93	93	106	533	518	529
284	338	104	107	138	642	543	582
281	460	170	147	181	695	466	493
302	462	177	148	189	574	413	446
310	622	200	175	207	596	286	458
301	658	203	185	219	676	237	460
278	685	203	190	211	598	187	390
286	722	179	201	219	519	187	364
392	810	260	239	269	576	222	465
366	695	248	239	262	772	269	516
381	691	257	233	258	688	284	569
456	700	261	252	288	676	270	578
450	635	277	244	271	710	275	593
350	528	211	208	217	693	255	528
333	518	211	195	221	442	199	487
320	538	212	219	236	415	188	417
213	453	213	209	227	464	267	446
215	374	197	204	218	615	316	492
235	386	181	210	231	667	389	569
272	398	176	206	234	677	412	539
298	391	182	199	239	721	418	546
283	361	192	201	216	866	445	641
285	434	178	198	237	804	427	629
274	446	177	200	236	778	358	589
238	462	176	206	242	790	338	595
196	389	159	191	225	826	346	609
260	528	138	285	279	667	271	518
298	537	142	302	272	636	253	447
302	511	148	307	270	818	372	579
320	487	147	313	261	838	391	570
350	543	142	312	269	768	386	542
406	450	192	233	242	746	384	511
378	401	183	213	238	824	388	542
379	409	182	201	236	690	314	358
373	424	182	179	226	679	293	314
343	366	188	199	225	756	343	334
310	360	181	180	212	848	406	393
354	448	184	153	191	737	406	352
353	448	186	163	215	653	392	345
341	461	190	194	238	882	447	447
350	461	192	183	240	863	434	437
361	466	150	169	216	774	360	367
315	368	154	200	229	778	347	368
324	379	155	208	250	857	338	452
333	367	155	187	271	736	269	412
331	427	147	177	261	693	199	425
252	394	136	180	262	702	221	427
328	437	144	156	258	761	330	579
349	445	134	126	214	696	345	584
341	434	133	130	160	517	330	546
338	378	145	128	147	488	333	550
342	361	148	122	145	602	350	595
303	364	132	111	136	533	267	494
290	354	127	113	141	491	237	421
297	358	126	102	148	480	247	441
409	576	165	118	168	496	245	552
401	582	168	117	168	409	220	623
411	589	160	116	173	476	220	636
475	598	169	134	176	468	211	628
493	629	163	127	173	479	227	616
455	506	149	120	158	460	254	549
477	547	179	124	159	407	234	470
476	600	185	343	203	312	213	411
424	666	206	414	249	328	220	473
398	641	210	424	260	477	226	557
343	610	199	427	259	490	208	547
344	614	200	434	262	461	209	522
322	518	289	321	265	455	208	513
282	423	311	219	218	455	206	532
300	471	319	202	201	310	183	564
318	445	315	194	196	261	165	535
342	471	310	184	196	285	189	515
342	470	235	213	260	282	245	562
368	483	185	206	268	276	260	530
363	484	189	224	277	221	253	453
354	497	255	266	322	323	272	517
305	502	296	289	336	321	308	539
305	512	298	239	263	305	276	518
267	487	319	244	251	418	259	480
260	469	319	266	295	626	284	497
242	506	287	253	257	634	278	496
285	453	242	251	248	623	210	460
282	444	281	286	394	770	216	561
293	429	367	498	635	819	409	660
289	429	385	585	676	713	441	624
353	439	397	611	723	672	436	598
309	462	454	625	745	728	451	632
300	473	444	646	719	651	513	561
322	566	367	532	551	538	394	444
338	563	371	451	556	514	337	417
280	535	392	446	531	633	392	483
281	525	332	416	502	659	406	627
370	544	333	367	449	612	350	642
347	480	387	329	439	595	332	638
331	560	438	305	338	576	347	641
369	620	426	277	294	439	359	586
447	646	460	302	339	294	339	383
404	659	475	312	349	474	398	444
472	736	492	322	350	524	563	644
532	765	451	325	352	526	566	671
533	744	551	326	403	533	520	647
553	766	548	350	393	572	526	680
543	737	528	488	484	408	475	646
515	683	529	488	461	330	264	482
517	616	518	482	467	315	239	506
553	655	400	475	499	333	417	635
467	597	370	493	484	304	412	606
467	643	387	373	409	310	406	557
577	738	359	369	432	332	427	563
537	692	340	389	428	534	586	753
499	697	353	380	378	566	500	698
504	710	434	325	385	539	491	695
526	696	430	335	416	520	483	695
459	583	406	474	493	588	498	722
457	596	416	476	500	462	445	538
433	481	413	510	533	409	455	622
420	450	342	518	545	440	455	629
467	439	317	533	517	522	504	643
485	439	297	410	451	485	600	709
