0	1	2	3	4	5	6	7
745	1109	552	322	323	569	1152	440
833	1200	611	339	351	615	1164	484
766	1154	644	351	387	606	1194	471
796	1146	666	367	390	631	1185	472
786	1122	759	358	406	664	1267	482
825	1077	797	343	401	551	1118	372
724	1022	771	342	424	541	1071	277
741	983	791	338	399	655	1092	366
723	1032	761	315	395	671	1113	459
713	935	663	300	368	626	967	454
609	918	599	293	371	620	952	458
582	788	581	271	317	560	908	473
487	726	472	207	282	429	847	400
448	594	439	174	253	338	678	278
398	593	432	201	245	415	615	286
372	533	371	194	207	393	633	276
314	516	334	179	193	365	622	236
261	459	299	176	186	338	515	229
221	407	301	154	139	321	506	198
207	290	193	96	92	181	458	132
173	281	180	82	76	221	337	130
157	281	175	78	72	294	259	120
154	283	165	74	70	301	312	125
158	243	113	61	61	301	293	111
151	203	104	58	61	303	276	109
146	151	86	50	55	266	266	103
152	226	92	57	58	139	272	89
170	258	101	56	55	115	195	83
185	273	110	58	54	118	204	136
185	276	107	56	51	117	232	151
175	268	94	52	42	101	233	150
152	206	87	39	32	97	210	145
153	200	90	40	32	92	229	142
158	223	79	34	29	80	240	93
165	244	81	35	29	84	222	75
166	246	78	35	31	83	237	77
171	253	75	35	29	82	232	75
153	217	51	31	28	82	223	71
120	181	51	35	29	71	200	81
116	153	44	34	30	53	230	86
133	159	79	61	29	57	304	92
155	162	146	102	36	64	319	103
196	165	155	104	43	85	450	135
194	153	165	107	44	91	507	141
200	150	194	117	47	91	513	140
234	141	286	125	46	108	540	181
260	126	286	107	46	149	571	201
249	117	287	108	45	170	499	197
306	167	288	112	54	181	587	221
335	180	349	143	65	225	613	229
316	184	286	142	99	405	610	204
279	176	269	142	106	501	721	204
278	187	281	160	113	511	722	197
305	170	290	156	111	520	773	199
279	247	264	128	110	507	792	196
280	302	264	139	97	394	745	190
293	324	269	158	92	364	692	181
309	349	270	146	93	359	815	196
274	358	277	190	111	351	684	184
279	316	275	256	132	414	644	178
274	267	278	264	135	420	671	179
268	241	268	278	147	337	728	189
328	200	274	288	142	315	624	172
295	165	271	283	129	332	621	154
283	135	208	226	107	255	620	155
320	142	200	206	94	229	716	169
317	167	203	184	73	233	595	152
233	163	187	197	75	257	590	159
237	164	182	171	73	257	704	163
250	181	175	166	76	262	688	158
202	171	174	166	83	267	575	135
207	152	181	166	80	267	555	130
199	155	170	142	90	249	536	139
230	164	215	141	94	213	366	135
263	167	248	150	105	208	427	156
276	198	245	158	110	218	480	168
276	205	239	160	127	288	497	174
332	203	238	146	121	298	500	192
349	207	200	147	122	305	542	216
341	201	167	135	110	338	510	202
325	165	173	114	117	414	440	191
319	163	172	83	107	370	441	185
329	165	175	76	112	356	453	207
308	160	185	66	110	355	411	178
297	150	210	80	132	337	409	176
305	160	240	97	152	292	468	201
315	168	255	95	156	336	440	206
245	180	257	101	154	357	406	151
243	167	234	103	153	357	408	160
264	159	205	106	139	338	397	171
310	148	184	99	114	298	337	161
305	118	162	112	108	301	353	151
306	128	162	108	108	298	361	155
279	133	177	112	118	302	339	140
271	139	230	165	141	300	347	135
249	151	227	186	135	298	336	122
245	151	237	180	131	406	355	119
247	135	236	189	140	409	487	113
348	209	277	193	137	455	548	192
326	215	259	154	119	546	593	193
307	220	250	137	142	580	601	190
306	234	278	169	151	476	625	195
334	233	292	219	179	513	531	221
247	205	255	225	183	510	464	182
239	226	244	278	206	491	433	191
288	286	305	314	197	460	457	207
315	296	304	306	201	453	467	231
378	299	298	301	178	406	588	270
433	325	317	317	223	437	695	309
439	343	330	292	197	376	711	336
409	435	328	276	200	367	712	343
427	446	330	273	204	385	760	377
343	440	331	262	211	404	778	347
266	424	340	292	211	374	714	301
296	410	341	282	234	379	698	272
316	261	283	280	257	393	681	265
265	227	307	304	288	403	754	196
269	237	319	308	292	396	693	176
256	247	301	261	268	354	685	172
247	293	311	264	262	333	712	154
288	295	329	238	243	295	817	159
349	299	287	219	252	267	735	172
376	326	271	199	264	334	685	207
374	371	260	217	275	332	709	225
371	327	231	228	266	339	793	229
357	337	224	252	297	353	758	229
322	348	215	275	342	365	871	246
358	370	245	270	332	287	933	215
417	303	231	250	319	277	973	215
401	302	217	233	328	243	951	220
372	328	219	216	295	220	942	205
366	371	245	167	187	183	818	165
329	363	212	156	163	162	804	215
269	361	305	152	156	157	803	229
303	365	322	134	157	163	832	282
415	443	323	142	167	149	778	323
418	404	299	137	165	152	731	344
419	398	309	139	172	169	703	313
413	404	248	142	174	210	753	319
391	430	232	147	170	293	658	277
268	315	217	117	160	366	654	229
242	308	239	179	226	378	745	190
227	285	229	223	258	405	782	191
260	314	210	253	299	451	758	145
323	321	241	277	401	490	728	141
337	356	307	337	452	458	751	134
334	356	293	349	456	455	749	141
320	348	285	369	502	494	759	142
290	321	281	359	481	441	705	146
245	291	280	343	396	343	812	174
233	239	209	290	331	334	869	207
281	241	211	242	284	332	966	251
304	233	207	169	153	219	900	253
310	219	223	146	171	212	861	263
281	181	181	147	167	237	784	231
290	184	203	223	179	268	733	221
249	165	197	235	196	280	559	176
220	171	209	267	210	291	557	176
219	168	202	270	217	300	535	160
227	168	205	274	212	273	527	169
202	147	176	211	212	241	508	154
209	137	166	212	205	222	538	145
189	125	161	161	187	276	635	160
171	132	160	155	165	266	651	155
165	139	193	136	173	269	651	148
141	148	193	147	166	253	692	138
147	175	217	131	177	252	690	151
161	171	211	132	190	195	633	129
201	168	193	135	190	198	719	162
213	170	180	148	206	202	732	165
224	159	177	171	220	243	662	164
203	129	159	182	211	303	643	160
197	129	167	214	229	331	602	164
166	110	161	238	227	329	494	123
143	95	182	281	225	325	473	119
184	158	191	272	223	331	679	133
232	162	185	298	232	282	651	130
233	163	191	411	313	253	669	120
218	164	202	444	345	260	686	124
235	174	203	424	353	503	759	159
244	132	196	437	360	522	619	181
209	130	219	460	382	518	588	184
204	135	244	418	315	510	561	185
204	131	239	389	285	525	582	196
200	113	202	379	287	338	581	178
138	96	208	363	311	277	622	138
126	93	181	321	312	272	632	120
130	103	153	229	293	289	637	114
140	107	153	203	287	267	599	108
168	106	151	229	274	259	473	89
175	116	159	270	286	264	381	84
174	114	167	283	249	264	339	85
173	95	149	281	260	300	456	100
163	95	155	315	284	296	445	80
133	96	164	306	279	273	543	81
121	82	145	263	230	262	548	82
118	86	132	276	230	268	569	84
189	87	124	293	236	244	590	124
271	88	108	251	220	251	669	156
264	87	103	241	216	247	614	162
264	85	109	237	201	261	599	162
267	84	128	196	195	261	674	176
221	76	128	164	169	260	700	161
116	68	124	160	171	245	664	141
106	72	120	170	222	236	629	133
108	76	111	239	278	226	649	132
133	80	96	231	284	238	632	127
137	80	94	225	283	221	495	112
151	81	108	223	274	211	527	102
148	78	112	222	243	209	583	102
143	74	118	171	178	200	583	109
122	61	115	170	174	186	512	94
112	63	116	171	186	190	540	90
87	58	101	169	178	193	491	92
132	68	103	176	162	207	474	99
136	71	113	172	205	221	475	91
131	74	131	192	208	234	463	90
145	80	147	204	200	208	500	101
147	80	161	221	203	233	487	94
