0	1	2	3	4	5	6	7
226	356	193	102	109	344	159	237
192	354	194	84	82	326	150	244
182	342	186	86	85	329	156	249
188	355	188	85	95	356	179	416
184	348	176	81	95	335	179	394
179	355	174	76	87	326	176	382
196	311	169	67	83	314	178	388
196	283	164	67	86	332	185	390
196	265	140	63	74	417	180	234
219	363	153	62	72	387	144	285
214	402	169	64	74	352	151	295
188	398	170	65	78	368	159	287
191	405	173	60	72	407	159	291
209	423	168	64	70	336	141	263
184	340	157	65	70	310	128	162
155	270	139	51	58	312	122	233
162	267	150	51	58	316	122	267
156	253	151	52	57	282	110	272
126	217	168	56	60	237	102	282
133	205	168	53	55	231	104	287
135	207	156	53	59	294	113	257
126	190	132	52	55	373	136	237
143	259	135	52	57	345	136	224
142	248	136	40	51	341	139	222
134	259	172	38	52	355	142	220
159	324	170	46	57	411	143	286
191	342	176	50	59	332	109	288
182	302	168	48	54	329	119	291
193	299	154	47	54	337	125	319
194	292	102	46	55	351	127	319
177	204	109	45	44	228	114	231
171	181	96	40	41	214	116	225
176	171	114	41	41	249	110	248
172	184	109	43	42	321	155	218
194	201	116	51	39	315	167	254
194	226	114	48	39	304	164	251
166	242	129	47	40	322	160	253
154	288	116	48	46	319	161	265
141	277	122	49	45	305	144	289
135	293	119	47	46	291	125	252
135	283	112	45	46	294	133	247
136	267	96	45	50	311	161	240
134	209	85	45	45	295	159	222
148	195	68	41	50	259	139	208
122	140	82	32	48	243	136	219
128	200	99	34	51	266	129	242
132	196	93	32	45	244	101	240
134	210	96	35	47	267	121	227
147	262	99	38	44	241	127	207
225	265	79	41	45	268	162	198
259	218	66	45	68	400	205	262
271	220	67	59	87	518	251	386
301	294	82	64	95	515	326	402
323	263	96	106	115	542	334	404
298	274	110	135	138	593	368	414
269	281	110	145	156	698	385	451
296	341	115	145	149	660	402	350
291	279	112	158	155	686	391	360
272	274	111	160	191	750	406	411
312	335	105	142	182	737	392	444
326	331	109	131	162	609	356	373
308	289	153	133	184	702	338	414
308	340	154	120	184	714	292	418
308	376	152	85	137	634	257	374
284	338	149	80	131	608	214	346
267	332	149	88	138	589	225	341
257	336	101	82	107	442	179	390
240	304	94	83	93	387	171	373
226	263	93	88	97	507	187	371
170	233	90	87	97	551	204	376
170	242	83	95	97	585	219	382
164	209	86	124	147	687	236	300
153	173	101	161	169	733	279	313
169	241	100	161	167	668	279	324
211	283	100	161	168	649	277	298
223	272	94	156	188	761	371	400
217	268	93	147	176	745	438	405
269	291	94	107	163	705	418	391
284	237	106	119	166	732	417	388
259	178	108	120	174	830	442	436
255	193	112	119	146	788	368	368
277	209	109	103	120	717	274	356
232	193	96	109	124	782	284	417
223	188	86	101	129	771	347	459
250	227	96	105	120	641	332	441
309	254	94	98	116	501	318	409
306	246	94	96	115	489	359	566
303	229	94	85	98	397	410	546
293	223	86	76	83	328	378	509
303	195	82	68	75	324	368	493
233	150	81	71	74	348	376	499
245	161	77	75	75	390	349	394
345	270	77	70	73	361	259	352
353	288	71	61	80	427	239	375
326	283	62	60	97	513	255	379
340	293	58	60	106	523	300	395
359	303	77	69	111	473	275	314
282	232	87	72	118	464	279	322
304	272	96	77	128	537	289	350
316	296	98	75	114	533	307	361
308	315	100	74	109	508	265	339
258	309	87	64	100	511	271	374
248	298	72	60	98	566	288	424
248	251	61	55	94	488	314	410
312	251	57	54	92	412	360	388
308	218	56	55	93	410	351	421
372	324	57	48	102	510	353	451
434	337	68	52	98	446	333	430
446	349	86	54	85	402	308	425
425	328	91	57	83	421	260	469
422	332	92	55	75	446	291	443
396	246	106	58	73	358	309	397
316	263	101	54	72	351	320	378
280	241	93	53	71	354	317	411
251	240	92	50	84	417	319	446
288	246	93	52	88	392	287	479
273	236	88	60	84	354	269	466
316	221	98	62	84	362	257	450
298	220	93	63	89	442	278	477
295	236	93	65	81	380	249	403
311	353	92	62	79	381	263	373
292	347	80	51	80	403	257	369
266	347	66	51	77	430	279	427
299	377	66	51	71	331	248	346
416	408	79	49	67	284	218	373
388	307	84	50	69	321	236	427
399	313	88	67	94	375	336	461
428	350	90	86	112	378	381	438
413	400	94	91	117	393	371	429
317	411	113	94	119	396	381	418
311	426	114	96	117	396	385	390
299	418	115	102	122	543	435	399
251	383	116	97	120	532	444	374
240	304	112	91	117	530	451	359
187	254	102	88	122	637	460	375
177	248	119	103	150	797	481	391
298	256	126	122	171	706	386	340
317	276	128	116	170	713	330	373
339	269	131	125	199	831	379	439
348	267	117	129	200	769	374	459
389	250	102	135	193	575	314	450
300	310	111	161	226	746	361	576
310	289	122	188	245	806	425	659
313	308	125	185	227	719	410	644
310	293	130	189	232	726	410	631
270	330	149	211	234	761	464	631
282	298	149	183	186	583	427	542
337	335	146	156	161	493	359	408
339	325	145	164	162	458	330	379
387	324	144	166	157	491	481	492
390	333	132	130	151	454	458	556
406	333	119	125	138	422	454	540
330	289	112	143	145	420	467	562
326	306	118	143	146	438	502	665
269	372	169	145	140	408	369	604
286	360	158	137	132	395	338	565
