0	1	2	3	4	5	6	7
266	442	111	77	82	279	125	87
244	472	112	99	123	400	223	90
269	598	146	138	173	602	523	107
260	603	156	144	183	638	643	108
356	716	169	146	183	631	657	119
442	782	177	182	225	625	709	131
478	711	187	193	231	617	797	139
614	674	200	203	249	482	726	135
678	745	330	259	332	483	737	161
703	821	356	282	355	498	817	186
673	906	393	307	421	571	962	215
680	997	476	315	430	551	969	333
653	1024	492	319	437	519	965	357
651	990	443	278	380	474	985	357
654	885	505	276	367	502	981	354
651	796	480	233	264	456	860	340
673	723	413	224	263	493	807	254
583	624	397	202	230	545	815	232
524	617	409	239	286	547	699	217
431	576	304	217	277	516	606	195
397	491	293	206	269	461	518	186
285	373	263	182	235	390	440	136
241	323	238	210	274	420	395	105
207	236	161	190	241	468	374	100
193	193	140	193	240	457	374	109
191	167	125	191	241	463	367	111
168	152	121	192	243	445	348	97
199	155	103	140	161	306	223	98
187	134	78	102	121	285	239	104
187	95	70	90	121	306	227	87
193	134	82	89	115	297	238	80
209	129	102	89	108	280	246	94
189	141	126	86	103	257	224	103
194	152	125	67	76	204	213	99
182	152	122	64	76	284	268	107
181	116	122	68	76	291	263	112
190	114	115	63	71	289	254	115
185	83	91	64	72	291	247	104
176	50	89	65	69	273	282	103
190	48	91	65	54	144	239	116
251	58	92	64	53	125	261	136
235	57	86	65	54	175	258	124
236	61	88	67	52	301	308	138
255	62	102	85	45	291	291	151
275	70	147	119	59	299	273	165
229	69	148	123	64	322	266	158
261	79	159	141	71	395	443	227
319	115	215	177	84	340	509	238
369	137	231	192	98	335	597	245
362	147	212	178	89	358	715	267
355	148	216	208	99	383	737	263
349	159	212	222	100	289	739	220
370	184	189	218	98	263	690	251
358	182	183	211	94	272	750	317
357	177	195	222	103	326	668	298
362	176	194	206	103	296	677	303
361	170	194	182	98	345	619	304
292	131	168	155	92	347	786	281
272	120	228	162	91	346	671	203
375	122	243	148	82	272	648	195
382	127	243	133	66	297	655	185
387	116	238	137	65	271	645	170
379	106	232	147	67	265	493	153
357	123	200	132	59	264	512	179
223	131	174	149	58	306	512	167
193	126	166	155	66	291	449	167
168	132	183	146	68	266	487	187
300	141	209	141	77	288	468	278
312	140	187	158	82	293	460	275
332	159	204	146	86	291	464	286
360	167	217	136	80	270	468	293
362	163	210	143	83	263	507	300
285	151	195	149	82	286	508	252
263	140	182	119	77	288	493	230
259	98	161	102	71	240	498	217
225	88	176	117	76	234	508	207
218	85	176	113	70	254	462	202
230	87	175	105	59	215	498	210
232	85	171	110	62	213	487	204
215	123	162	117	67	211	497	206
295	134	132	98	68	253	555	238
307	138	121	95	73	352	579	249
349	152	195	104	75	359	563	218
350	194	254	99	76	349	557	218
376	179	263	90	73	346	555	212
372	172	264	94	67	314	488	184
360	172	271	109	74	205	386	137
289	173	231	95	89	177	274	106
318	132	178	93	87	186	328	135
327	120	160	94	87	203	296	167
260	112	151	88	86	196	275	157
249	121	147	97	78	147	272	156
261	102	152	100	56	153	289	169
254	80	142	101	55	147	349	188
243	92	175	101	58	120	372	179
247	98	205	101	56	126	396	182
255	91	203	74	50	173	428	182
276	92	193	75	60	195	526	188
272	112	231	88	64	194	538	153
243	124	231	103	71	192	524	140
253	122	211	103	72	209	525	156
259	117	211	99	75	196	519	155
255	125	217	96	64	159	435	136
253	126	178	85	69	177	418	133
264	106	159	74	73	188	438	137
306	117	171	82	75	194	458	127
354	117	169	95	88	194	507	145
437	108	157	89	89	194	489	157
427	126	198	95	85	171	422	167
418	129	200	108	95	175	531	180
406	117	191	110	109	251	592	180
397	136	217	116	112	254	580	170
398	148	231	127	113	254	622	204
431	123	187	123	113	269	702	203
428	125	189	112	102	265	633	196
423	141	203	118	104	186	593	201
391	133	193	108	105	165	606	214
279	127	181	106	113	164	562	182
401	124	192	104	111	165	469	169
454	130	184	101	107	170	522	175
453	118	172	95	92	146	481	173
455	121	165	96	76	144	538	178
451	110	160	87	69	144	629	173
361	117	159	96	103	226	690	201
407	113	183	106	105	248	639	207
417	153	242	123	118	262	762	226
474	166	270	124	119	271	741	221
477	170	275	134	136	272	782	221
451	166	274	133	123	198	840	211
423	182	261	131	126	166	882	219
481	171	219	108	115	153	799	214
454	173	247	106	118	137	802	214
505	184	256	95	97	128	718	210
508	191	265	99	109	121	596	202
528	187	268	134	136	121	579	201
532	171	267	157	162	112	576	256
510	182	243	168	172	113	510	246
488	173	259	169	175	122	566	260
502	172	243	165	165	121	547	271
458	217	290	133	145	123	599	269
369	236	322	122	112	140	617	200
374	226	314	111	95	140	663	202
362	238	297	117	102	209	669	217
380	249	317	147	115	205	690	220
344	212	283	226	114	206	690	224
347	190	243	264	168	256	745	243
348	172	216	282	181	483	701	245
318	167	213	285	190	484	697	224
435	150	234	316	202	493	737	281
469	130	269	284	206	506	690	273
470	127	263	278	186	513	740	259
459	124	266	283	188	328	840	262
464	118	260	316	234	295	798	263
314	126	218	285	232	288	820	187
289	128	154	280	274	262	827	177
313	134	155	256	267	229	752	192
315	147	188	297	269	229	639	179
296	140	225	297	265	217	632	160
297	127	242	301	298	218	647	168
394	129	240	300	299	307	706	231
509	134	241	469	513	303	691	273
528	148	241	470	549	285	674	280
552	150	247	454	549	288	670	287
558	147	226	459	535	298	649	307
483	143	220	481	530	250	585	267
353	128	225	340	345	235	640	224
317	96	214	329	289	232	647	218
294	87	181	326	295	232	651	208
306	99	208	338	325	220	648	176
391	104	213	326	306	182	712	154
403	127	208	306	295	169	622	122
420	142	209	292	312	159	613	118
