0	1	2	3	4	5	6	7
468	739	360	193	213	867	603	319
485	790	291	172	236	854	648	361
496	767	333	159	197	724	683	367
482	819	344	200	240	693	674	380
478	774	354	202	240	692	689	389
400	727	357	185	229	760	661	506
486	813	399	214	251	763	581	490
530	794	355	209	255	633	364	494
516	702	352	164	211	649	392	485
510	674	324	164	226	774	617	570
531	690	292	168	236	894	673	491
599	629	304	148	208	834	700	451
566	636	343	150	207	821	703	440
534	599	326	168	225	874	702	495
545	646	337	187	248	932	540	423
531	673	336	194	251	831	523	356
396	612	295	197	250	777	434	353
326	564	236	198	256	884	632	388
332	642	255	201	278	893	671	394
356	681	244	182	261	763	700	364
351	638	244	182	253	700	659	378
286	610	244	180	241	752	684	397
314	657	248	176	257	697	512	407
357	611	218	157	216	627	433	333
352	594	231	173	212	616	346	441
350	553	228	178	259	864	486	490
368	580	178	156	262	903	635	495
368	587	206	160	253	839	626	460
328	552	214	168	262	823	624	462
258	469	195	157	253	830	624	397
282	608	228	156	227	717	537	496
273	562	230	170	227	641	396	515
232	517	201	162	208	635	393	507
212	497	184	156	185	677	405	534
246	527	220	176	189	755	537	590
265	551	237	171	166	658	532	471
265	627	246	167	173	629	465	451
263	610	247	164	183	661	460	494
287	629	246	160	194	754	487	518
294	753	253	137	204	646	307	441
259	669	216	124	192	574	258	429
239	602	215	138	210	764	373	521
259	617	227	143	199	795	431	501
294	618	229	153	214	731	406	446
275	428	199	150	200	721	404	441
252	331	192	171	216	763	410	435
260	351	195	151	181	749	380	395
287	432	183	156	182	767	329	438
259	416	178	148	156	715	305	436
241	431	153	150	157	738	304	427
244	454	154	127	146	768	310	441
309	483	155	139	146	594	283	390
283	413	149	125	136	490	260	313
260	421	184	127	134	463	253	310
266	383	188	126	127	492	296	316
271	386	175	119	114	456	466	328
207	350	154	115	138	462	471	317
229	347	173	134	152	482	494	329
232	315	132	128	151	566	515	422
258	348	133	135	175	523	559	463
319	328	142	152	189	463	493	457
309	278	142	148	173	491	462	466
283	231	117	131	171	635	469	496
331	269	130	145	185	645	490	497
316	262	120	135	166	687	428	447
277	255	125	136	163	755	377	505
331	297	128	147	180	797	397	480
332	326	122	149	182	716	374	464
293	356	127	136	182	699	358	380
302	337	128	144	191	728	407	484
345	372	120	144	199	721	424	446
314	358	108	136	247	655	417	456
308	341	127	157	264	679	475	453
342	366	114	155	258	740	450	533
352	379	117	167	274	707	388	449
299	354	106	157	277	681	346	408
304	339	108	151	222	818	503	420
301	352	111	156	228	845	455	427
300	312	112	185	281	754	481	334
291	308	114	172	263	777	516	344
281	300	118	174	265	876	519	409
275	331	121	195	303	819	416	533
277	312	108	185	287	754	402	524
217	297	106	159	234	787	373	537
184	283	100	160	236	757	463	537
204	290	104	180	234	660	491	522
192	302	109	165	183	581	436	414
237	407	112	159	191	644	438	448
243	387	116	183	225	657	479	462
333	385	128	185	226	712	502	496
344	391	133	168	214	685	523	509
334	361	133	181	237	697	574	504
317	236	125	178	220	699	588	570
389	258	126	157	186	733	576	615
391	280	116	158	174	634	524	598
396	251	100	147	164	708	470	603
393	231	97	125	132	765	460	610
387	236	96	126	155	698	560	511
335	218	98	127	158	600	560	438
252	171	90	120	171	677	557	444
215	173	117	172	224	706	693	411
216	180	112	169	226	624	689	348
277	164	108	166	207	625	607	340
258	127	93	155	200	631	620	382
250	115	94	165	213	620	713	446
255	139	64	115	158	467	639	444
279	180	65	109	155	431	607	455
218	189	81	117	167	404	614	464
215	217	93	131	214	487	698	510
263	379	96	120	211	694	704	434
327	387	96	121	205	677	761	426
335	373	95	122	199	677	812	439
339	371	93	119	195	803	846	474
413	390	99	130	188	836	834	439
390	346	96	119	166	638	713	437
330	336	100	113	168	641	608	466
315	328	101	113	178	661	576	519
313	328	97	119	191	639	539	536
343	320	110	119	165	636	442	490
334	333	131	132	192	639	519	472
365	356	147	153	205	652	535	443
364	372	149	154	202	665	510	434
379	378	155	146	190	609	613	463
270	352	140	133	197	553	660	455
285	324	129	132	187	515	597	521
275	337	113	160	197	540	687	534
264	339	135	160	192	526	757	538
237	386	130	155	184	458	660	447
322	410	137	149	151	366	596	467
336	348	136	161	144	371	712	467
334	323	137	153	140	397	693	471
348	318	114	152	154	399	648	414
416	282	121	154	157	379	638	454
350	290	117	151	160	385	700	445
379	382	121	141	167	376	674	540
377	368	110	120	155	299	739	561
386	369	117	128	157	358	778	717
305	351	108	131	160	364	801	708
295	321	110	135	159	355	755	693
218	194	103	127	151	361	781	604
195	233	122	130	172	366	760	612
131	269	142	212	207	308	869	486
168	285	153	233	225	342	942	514
183	340	163	234	228	343	955	553
221	401	192	298	241	335	878	580
238	399	236	379	332	350	895	714
249	372	246	389	334	370	721	688
268	409	269	379	328	329	594	660
266	398	268	382	340	330	579	677
255	347	257	343	336	354	658	747
235	370	211	257	248	317	629	624
253	401	188	194	207	308	688	651
217	376	152	189	204	315	708	659
218	365	143	181	195	310	721	626
202	369	133	168	177	364	756	602
234	368	136	165	153	402	770	675
227	484	131	157	173	368	820	627
333	518	158	161	161	368	854	690
342	533	168	168	155	380	904	743
404	557	186	178	157	298	847	743
387	619	194	174	150	219	822	635
406	592	248	180	143	217	847	782
342	592	252	188	164	209	859	757
343	604	264	183	159	189	801	780
274	591	261	186	165	202	824	734
296	520	272	173	169	280	851	774
312	486	229	165	183	297	870	656
363	459	223	175	192	316	870	711
358	503	208	184	206	407	932	726
351	493	199	244	314	496	948	823
339	498	185	313	403	471	879	807
312	490	202	328	403	461	846	776
231	458	194	371	427	610	842	791
234	433	206	423	453	691	841	739
256	490	239	414	428	652	839	579
273	557	272	527	450	648	819	561
253	532	265	561	553	723	925	743
376	647	291	552	558	698	880	679
386	624	308	550	563	574	800	624
384	594	296	555	603	562	749	635
377	556	273	417	553	558	748	732
370	559	263	354	455	525	468	637
263	467	222	314	456	377	554	670
263	471	182	263	418	363	597	681
261	523	155	225	360	334	591	693
268	504	153	222	327	349	620	724
263	497	180	238	318	322	746	662
256	482	186	271	394	389	797	634
296	456	190	262	407	414	793	663
290	389	197	264	373	427	819	691
