0	1	2	3	4	5	6	7
296	425	129	74	90	410	99	196
310	491	129	68	86	352	92	178
271	462	128	69	82	330	87	169
192	375	102	71	84	345	89	177
157	381	106	70	77	363	96	205
204	410	109	67	76	288	88	179
239	358	126	65	71	251	87	160
238	328	148	69	72	282	85	208
233	306	147	59	61	281	101	267
247	335	148	60	64	245	94	250
213	301	139	57	64	232	88	250
132	265	122	56	63	231	87	263
139	285	119	48	56	227	113	261
136	293	128	45	49	204	103	200
175	397	151	48	48	181	97	203
184	413	155	50	49	197	99	238
185	414	161	54	55	263	122	278
184	401	137	57	59	252	121	280
226	412	129	61	64	248	121	284
195	333	139	61	64	248	121	280
186	300	133	59	61	298	133	272
196	298	128	60	59	282	116	228
214	312	135	60	59	280	94	186
172	301	179	65	68	285	97	182
161	235	151	63	67	313	104	187
203	269	155	69	78	267	129	210
223	313	153	72	87	252	128	264
211	302	151	80	96	262	151	285
222	297	135	91	110	431	154	332
291	322	147	116	131	591	201	467
304	362	152	129	136	680	202	452
295	335	154	145	136	698	217	447
303	348	154	144	144	791	288	561
306	341	129	143	150	870	414	644
277	333	118	158	207	834	488	619
312	276	136	183	246	812	497	659
380	246	131	174	251	1037	544	716
375	224	147	205	280	1039	510	640
393	285	161	232	339	964	430	556
398	307	162	218	329	988	332	559
347	303	164	196	301	1091	333	542
259	306	164	195	304	887	248	456
257	316	152	190	299	825	244	469
223	289	128	163	238	895	238	480
183	231	120	159	205	865	376	446
189	212	88	157	204	683	379	417
189	206	90	159	217	691	427	443
177	190	86	130	182	722	457	435
288	195	97	117	155	581	455	408
335	287	102	124	155	491	353	356
340	297	99	139	181	511	383	416
363	303	100	136	159	531	367	468
370	302	104	137	162	494	325	446
296	269	102	131	164	472	337	435
243	199	98	123	172	519	348	428
285	229	104	108	148	529	372	373
278	230	109	114	148	561	418	283
282	246	96	100	140	536	551	298
316	278	102	112	142	543	678	364
367	302	97	107	125	528	724	384
339	273	96	98	115	528	735	445
323	270	109	91	114	448	724	426
321	261	123	125	137	438	725	413
274	237	129	158	176	529	790	362
190	191	140	184	259	557	765	359
152	196	141	194	298	533	732	272
152	246	132	205	296	540	794	303
150	244	154	193	291	744	812	373
192	255	143	166	293	803	726	381
220	321	147	144	252	760	750	379
225	325	155	133	209	753	761	385
219	296	160	114	207	783	716	366
206	303	148	117	204	689	641	374
235	324	151	135	174	541	535	396
214	255	142	136	138	548	480	378
203	253	140	140	144	576	482	394
278	244	130	135	151	609	422	490
340	244	119	125	144	511	490	455
308	187	115	116	154	499	579	444
323	189	120	112	149	509	617	560
337	180	102	102	137	589	600	609
310	255	110	113	128	480	604	550
251	249	100	125	133	463	518	548
239	262	98	114	111	463	546	555
219	276	102	123	100	457	527	515
209	314	111	125	107	300	584	484
233	304	111	117	112	279	561	469
264	302	109	105	113	254	616	460
278	296	107	142	157	243	577	459
305	294	110	181	205	326	618	395
306	250	107	196	211	353	549	322
261	201	104	205	213	342	568	315
227	199	107	206	213	337	636	333
228	223	117	192	219	468	649	347
199	224	123	174	202	438	597	376
198	340	140	167	202	437	622	387
245	437	244	165	195	440	609	380
379	630	403	177	196	502	471	407
398	647	443	178	191	635	586	507
418	745	449	163	191	637	577	478
434	775	456	154	181	625	553	481
408	725	446	159	185	634	565	486
305	590	320	188	184	616	571	533
293	647	275	186	153	366	352	428
262	551	263	178	115	313	352	442
261	533	272	238	147	307	351	573
262	548	211	267	165	397	398	654
285	672	233	243	167	405	433	593
303	734	242	238	187	395	420	579
317	739	245	293	223	403	412	607
298	692	236	287	220	512	464	527
299	713	252	258	220	492	474	433
315	608	221	270	233	451	419	435
287	553	243	268	222	478	443	477
261	535	245	208	210	539	495	444
266	535	222	193	221	470	467	408
264	502	197	208	215	415	399	409
217	486	191	200	205	439	418	431
237	361	143	208	203	464	469	534
241	354	124	205	182	398	405	535
247	340	132	233	186	371	393	529
238	335	133	229	208	393	465	526
257	308	133	234	204	451	465	559
220	305	133	279	229	419	438	481
221	306	134	286	232	401	436	472
207	314	137	242	210	395	474	491
232	307	137	242	210	488	463	524
212	346	137	240	230	413	456	467
216	335	108	180	201	374	393	386
213	323	113	178	205	522	426	380
200	326	114	176	203	548	429	393
178	384	116	157	182	520	422	370
162	377	113	135	150	527	403	342
150	374	114	127	153	574	411	354
251	515	160	151	177	658	427	490
286	662	171	153	183	668	384	530
359	792	240	171	189	615	325	520
380	810	253	175	201	696	341	612
385	830	259	187	198	734	407	641
353	792	247	164	163	597	472	541
383	751	241	147	147	559	496	459
327	598	176	121	125	562	513	489
294	588	160	108	103	462	515	456
302	568	151	130	123	358	486	436
288	515	121	125	120	277	378	427
223	419	106	126	122	285	321	449
200	418	108	132	120	288	322	420
203	409	116	134	118	295	352	362
194	391	113	98	98	271	317	326
178	392	113	91	99	286	305	363
