0	1	2	3	4	5	6	7
169	121	73	42	41	69	430	72
188	126	70	43	41	96	407	86
212	129	67	45	46	105	460	131
225	165	74	56	47	113	428	131
240	169	76	59	80	120	401	158
227	171	86	64	92	128	429	167
222	185	88	68	102	123	477	183
230	199	99	78	106	190	686	220
232	174	95	72	108	200	709	230
239	176	94	70	90	209	735	214
246	181	85	64	79	211	737	210
247	218	80	56	62	209	761	207
271	223	81	44	58	167	577	170
288	231	80	44	53	156	591	171
270	219	74	40	52	147	581	172
255	218	79	41	52	136	558	170
265	173	86	42	51	138	482	149
249	172	73	39	45	107	414	112
238	165	77	39	43	112	451	91
253	171	78	41	37	122	441	91
269	170	75	40	36	133	504	92
271	190	72	46	48	149	658	134
260	164	70	44	47	159	652	139
252	163	72	44	47	158	600	138
252	162	69	42	45	143	621	148
246	196	63	51	59	151	607	147
221	167	60	62	61	128	448	118
204	198	61	68	70	125	470	113
219	209	59	71	71	112	481	134
237	236	79	85	76	113	434	118
223	201	91	93	81	116	464	117
268	206	129	86	76	112	523	114
332	224	149	93	74	114	468	131
330	253	182	118	82	129	460	111
312	252	186	122	82	138	483	111
311	268	235	155	106	127	504	118
282	270	233	201	125	137	432	127
293	252	229	197	124	134	506	129
298	215	234	198	129	131	506	126
311	201	318	216	138	122	533	140
323	225	376	273	135	139	468	163
349	348	382	260	130	152	499	170
308	388	450	286	148	167	500	154
340	417	528	310	161	211	519	158
338	427	566	315	181	240	538	152
372	435	535	287	170	237	539	142
374	415	563	295	176	232	525	167
447	504	621	322	189	285	568	203
446	498	621	318	184	265	605	219
493	563	577	343	202	259	573	228
491	610	592	372	233	276	580	233
521	631	724	359	231	277	642	213
462	567	714	328	223	253	844	207
544	598	702	333	230	335	815	247
509	639	707	332	237	350	801	241
518	604	813	265	225	347	869	231
472	547	698	268	216	387	871	225
456	538	648	252	204	387	647	205
358	516	607	274	203	323	694	145
389	461	591	292	189	317	759	144
343	426	384	302	179	319	784	184
357	414	326	298	184	265	828	205
362	377	243	302	194	255	813	204
313	333	219	257	190	237	765	192
235	193	171	185	168	225	756	202
213	188	160	160	151	238	661	172
181	206	160	150	145	290	534	149
147	220	158	140	131	266	477	142
142	223	137	124	112	283	553	151
150	211	106	90	80	305	489	134
164	200	94	88	83	283	444	110
163	165	137	106	79	234	428	105
160	132	135	108	72	234	517	104
159	125	129	99	68	221	429	86
170	108	139	101	61	181	489	89
161	112	149	104	59	175	505	94
159	105	106	80	53	164	515	94
152	99	105	71	52	159	537	98
161	92	108	60	46	144	618	106
150	109	112	65	47	114	564	101
140	99	97	61	45	93	595	99
121	93	123	65	43	90	581	104
140	102	159	81	40	90	492	96
119	98	175	89	40	89	413	86
106	95	165	87	40	84	421	81
111	104	192	93	42	81	343	81
165	119	179	91	43	75	360	66
241	155	158	79	45	67	349	83
250	159	141	70	43	57	310	82
250	158	144	59	41	58	341	77
258	158	118	68	38	59	329	73
232	150	124	74	37	63	412	78
150	121	179	90	37	61	433	60
139	115	179	91	38	60	553	78
135	101	174	91	38	66	562	79
114	92	165	78	35	67	576	82
100	83	172	77	33	69	508	76
77	64	109	55	35	110	499	79
73	62	105	54	38	114	381	61
62	57	105	49	38	119	374	73
81	79	111	61	45	122	377	72
79	78	83	56	47	120	380	70
80	72	70	54	44	91	387	72
78	75	66	55	41	103	511	89
84	82	63	55	38	94	498	78
80	68	47	41	31	88	498	75
92	71	52	39	35	93	517	76
88	69	49	37	35	94	528	71
90	67	48	37	37	85	360	53
100	60	49	37	40	88	403	67
90	54	48	32	38	94	384	70
86	52	46	34	37	102	390	69
92	62	48	34	36	105	356	72
95	69	50	34	38	103	384	74
85	71	48	33	35	96	277	60
86	76	54	36	36	100	292	58
96	81	57	32	32	92	315	58
95	80	60	34	35	92	337	58
104	76	60	37	33	86	342	50
109	74	63	40	37	93	361	57
108	73	65	40	37	113	389	61
114	69	60	42	41	131	405	67
118	71	69	44	41	125	412	69
122	80	89	54	46	130	406	71
142	101	132	88	48	130	430	76
165	104	150	124	59	112	494	96
180	147	159	182	70	102	448	104
215	181	287	246	95	113	444	121
232	192	437	312	103	106	484	136
230	189	505	324	105	105	525	146
225	212	587	339	104	100	480	146
270	214	696	328	99	92	500	151
283	313	717	324	80	85	495	149
280	320	671	310	79	85	486	141
278	320	627	304	79	87	433	144
299	316	560	281	78	101	409	143
299	347	636	283	84	91	401	146
314	315	593	260	82	85	448	142
318	313	564	225	75	84	449	142
330	324	611	214	74	79	470	139
309	318	609	220	73	60	501	130
305	336	508	219	72	73	523	133
274	288	495	229	79	90	534	141
254	283	549	210	76	92	511	135
232	278	570	238	80	91	500	128
227	307	699	281	88	109	534	133
161	229	704	303	84	109	496	121
132	213	773	305	80	97	498	114
174	216	751	334	85	103	564	121
190	215	715	331	82	102	558	119
194	166	626	313	77	84	530	113
214	181	543	309	79	68	541	113
221	169	445	366	94	75	493	120
196	162	439	352	96	72	426	122
200	149	412	364	98	79	417	128
212	180	409	365	102	90	445	126
198	178	409	363	103	93	468	122
223	175	397	300	87	88	493	106
228	165	382	285	84	101	524	103
214	163	382	286	83	112	546	96
210	125	328	270	76	113	509	100
203	108	371	243	66	112	534	92
162	114	362	219	62	118	555	104
156	114	349	226	60	117	590	107
174	119	336	188	59	109	567	106
159	109	337	179	63	97	556	104
163	108	256	172	71	98	548	114
172	96	245	171	74	104	553	112
174	97	254	160	77	92	515	105
170	91	284	173	73	84	515	105
179	94	282	170	65	88	533	120
196	88	271	165	58	92	497	123
195	102	322	164	57	94	522	119
200	108	317	168	53	91	482	116
210	112	299	141	48	97	515	121
211	112	287	124	49	99	482	105
199	105	278	127	52	104	482	94
194	97	254	126	52	96	430	97
183	86	241	115	52	101	489	100
172	79	260	138	56	97	477	92
162	73	248	143	56	92	500	91
155	81	248	138	59	94	510	101
160	83	199	136	62	113	536	99
166	91	188	131	59	113	462	97
154	87	134	97	57	117	461	92
161	97	154	91	59	115	417	91
154	90	159	93	58	107	378	80
179	86	156	87	55	89	273	73
170	83	149	84	52	83	294	68
165	86	167	96	52	74	262	68
165	85	225	131	52	75	268	75
161	89	235	145	50	69	290	76
112	87	245	148	46	57	341	74
119	79	247	155	50	60	395	77
121	77	225	145	55	105	414	79
119	72	155	115	53	112	440	79
124	69	163	97	54	116	469	79
122	65	152	95	56	114	479	80
122	69	156	94	56	112	436	78
124	65	205	120	58	85	470	75
115	71	246	119	56	75	477	72
110	70	232	115	53	76	444	69
112	73	234	116	52	93	436	63
104	70	231	108	53	97	450	61
86	72	185	110	58	87	401	65
98	60	118	108	63	86	375	65
96	58	105	108	66	102	483	71
103	58	99	104	67	101	525	73
109	64	111	106	63	97	504	74
111	61	134	136	55	99	493	71
