0	1	2	3	4	5	6	7
226	191	177	142	117	353	683	219
217	232	193	157	122	326	623	233
300	216	237	169	139	419	637	275
302	226	235	199	215	541	581	245
295	231	233	203	237	545	573	222
314	254	235	210	237	527	452	215
322	206	222	236	260	534	649	222
295	212	165	240	261	533	643	207
275	208	174	301	195	401	603	203
267	248	266	422	187	418	597	203
277	232	266	452	243	474	657	230
342	234	264	457	214	551	566	276
297	214	258	487	217	590	500	241
386	304	272	443	220	640	594	294
452	300	192	332	232	622	703	308
516	306	233	283	200	651	676	301
475	301	232	260	215	710	651	242
490	320	237	232	213	635	682	250
417	247	216	244	256	600	638	179
350	205	216	290	237	610	540	165
254	203	181	327	300	587	583	148
246	208	171	326	319	417	523	135
269	230	194	303	319	435	488	142
301	236	213	321	311	452	602	175
307	233	215	311	312	517	649	173
278	223	189	270	239	569	664	181
309	245	248	268	209	560	654	188
292	209	238	298	217	598	704	175
288	185	245	282	190	595	628	143
290	182	244	251	191	553	572	137
290	204	248	268	186	439	495	146
265	188	210	337	228	478	627	186
243	176	238	394	234	559	685	212
232	242	238	401	231	651	665	208
219	306	271	396	227	616	657	216
229	341	289	497	250	642	782	266
222	337	284	467	387	777	693	245
213	348	289	426	381	813	587	224
291	374	273	424	398	800	583	231
364	385	257	420	409	827	775	243
353	345	232	280	432	820	738	176
357	351	235	276	297	767	738	166
356	368	197	233	303	645	724	158
288	333	196	202	269	539	733	149
299	256	156	217	262	543	617	195
312	260	167	233	200	611	490	196
331	257	161	233	196	532	580	197
345	234	165	236	299	644	582	211
338	200	181	289	352	755	542	217
262	201	194	314	375	774	632	232
266	263	197	301	376	714	710	239
236	318	202	277	369	690	623	240
215	329	204	444	298	723	664	233
220	342	173	446	287	679	664	225
223	350	187	495	289	626	487	167
196	302	182	532	311	761	449	146
225	233	179	534	305	767	521	174
233	217	184	415	346	621	467	167
224	239	186	407	356	576	467	165
197	262	180	355	351	712	453	139
200	273	255	321	438	622	364	164
205	314	252	370	501	631	288	161
297	340	240	375	500	670	307	164
335	309	254	342	475	701	490	184
358	291	249	355	513	677	533	205
399	335	217	382	485	619	528	187
414	305	247	338	461	586	510	159
381	285	266	320	477	592	566	187
397	290	292	335	483	692	501	207
393	339	305	308	450	586	451	201
349	299	285	290	485	589	542	225
315	293	258	286	465	618	570	229
289	288	298	306	445	644	526	206
246	311	280	418	505	591	468	187
221	331	354	412	524	593	510	167
252	343	350	384	478	715	579	153
251	353	372	431	517	784	649	181
282	372	356	436	510	727	643	192
290	392	346	317	447	630	633	184
288	333	306	315	418	629	714	188
264	317	314	345	397	504	605	172
264	329	308	290	387	377	554	150
260	305	307	283	498	373	570	148
239	254	347	330	527	369	572	145
246	244	313	337	542	460	430	140
257	245	328	330	541	458	545	159
282	248	348	367	555	438	571	157
244	230	332	366	479	430	576	141
247	222	301	354	455	476	576	126
245	237	286	369	457	379	579	130
268	313	294	363	573	342	473	162
255	363	294	351	543	334	371	183
249	386	314	386	635	497	406	217
242	389	332	438	671	626	467	248
242	386	397	430	732	650	485	249
216	346	366	466	671	654	470	217
181	287	333	480	707	670	503	193
200	271	306	502	617	650	457	169
182	276	315	472	585	512	460	138
224	285	336	512	504	476	524	159
226	269	356	475	478	537	544	172
228	278	358	448	412	656	532	174
208	282	406	418	402	623	567	185
221	272	387	449	385	606	536	173
185	261	300	386	364	609	583	176
164	316	279	415	369	646	577	179
166	291	278	424	373	547	595	180
167	290	248	409	384	486	549	155
198	313	253	352	490	484	618	164
198	305	253	351	482	535	523	147
192	219	256	300	454	523	527	129
193	213	250	281	444	470	496	120
199	215	200	288	437	464	533	117
153	166	199	314	307	497	444	110
214	155	190	326	344	500	503	121
228	159	194	341	411	427	501	120
223	150	183	332	415	441	513	126
219	114	189	302	450	437	484	124
222	112	160	246	450	399	535	137
144	109	165	246	445	384	488	130
129	102	145	282	390	368	475	134
148	110	147	294	375	379	570	164
147	103	133	298	288	382	563	168
165	93	113	370	306	382	512	179
162	94	106	426	390	514	520	174
158	101	117	417	396	538	509	168
140	96	111	414	450	535	382	135
157	89	103	416	477	561	395	141
165	108	120	394	498	607	385	126
161	108	116	315	405	461	313	112
157	100	113	305	401	407	360	116
210	99	120	313	348	392	410	121
246	109	164	294	368	389	447	127
244	101	177	297	339	392	436	111
247	104	187	305	348	430	441	125
254	105	183	316	346	433	427	129
219	99	180	309	345	478	409	124
161	91	140	330	287	547	343	115
120	85	114	288	286	494	356	118
111	85	111	319	311	457	362	102
100	89	112	331	316	492	372	107
104	89	113	331	356	479	369	111
125	85	107	331	374	420	366	111
130	82	99	336	358	402	344	121
131	79	89	295	344	394	382	121
142	76	84	251	365	389	406	117
131	73	79	268	313	355	376	112
110	71	80	246	286	295	413	106
102	82	86	234	282	283	428	91
114	82	79	254	243	280	418	90
107	78	82	240	214	269	630	113
112	78	80	205	233	342	642	128
115	79	87	214	225	332	611	130
147	68	79	215	221	350	647	126
162	65	82	193	240	356	635	130
172	62	79	197	198	422	516	119
193	67	90	252	213	423	590	128
197	67	90	252	238	445	604	127
198	70	98	238	248	444	598	132
182	69	96	233	247	460	658	157
168	66	93	225	269	493	590	145
146	78	87	163	238	450	495	125
141	75	82	172	218	429	524	122
104	72	77	175	201	463	484	121
104	74	78	201	200	502	394	89
