0	1	2	3	4	5	6	7
164	381	135	68	80	414	377	159
171	407	141	71	76	420	404	168
165	403	136	67	74	428	409	165
171	396	138	67	65	343	394	110
153	271	107	67	66	372	339	106
162	174	95	61	62	388	276	95
145	136	93	51	66	382	231	78
132	138	94	44	63	371	183	70
138	134	91	47	63	362	177	65
157	130	85	48	53	198	162	80
174	157	89	47	48	78	150	88
177	125	73	45	35	85	150	89
179	122	73	44	42	157	156	91
166	127	89	45	38	170	154	90
152	123	86	48	45	170	131	70
107	92	89	50	46	168	134	54
97	96	97	49	47	162	132	55
86	95	96	47	46	155	125	53
89	83	80	46	51	190	113	55
87	82	79	40	47	188	75	60
92	69	69	42	48	192	79	63
89	57	52	41	50	198	132	67
90	46	44	38	44	156	141	66
82	54	54	35	40	108	140	62
88	54	52	33	37	110	144	58
80	52	55	28	34	104	136	52
77	50	53	30	31	101	88	40
74	49	53	33	37	201	74	41
75	36	40	33	37	211	78	43
78	31	47	36	39	212	93	42
79	31	55	39	39	218	145	40
87	43	56	44	43	223	147	40
93	43	56	44	41	159	149	56
121	46	58	44	42	143	162	64
115	45	52	43	40	140	151	68
113	45	38	42	39	133	102	69
105	36	34	34	34	130	104	69
107	37	35	35	30	139	130	59
84	34	31	34	27	170	130	57
79	35	33	35	28	176	134	51
82	33	39	42	30	178	135	46
106	36	41	44	32	169	165	52
100	34	40	44	31	145	148	49
103	37	44	46	35	149	167	47
116	38	43	44	35	147	206	59
113	38	38	38	34	146	220	60
92	35	40	43	32	146	194	56
92	50	61	53	38	222	195	65
88	52	62	52	38	217	182	71
76	52	62	50	40	215	130	65
80	52	62	51	39	216	108	63
83	55	64	53	41	242	133	74
139	44	46	42	42	216	287	122
201	68	63	52	46	228	358	149
227	84	98	78	50	231	373	158
288	98	132	93	84	296	578	200
314	110	143	111	103	406	784	245
311	119	171	210	123	426	873	265
393	157	237	285	139	409	870	281
409	198	257	329	178	456	892	289
494	201	252	349	172	551	922	300
505	206	253	397	184	534	792	273
521	212	245	391	184	545	689	250
515	194	186	349	178	556	808	250
513	149	171	308	142	564	821	238
395	149	181	300	142	600	709	195
441	137	171	282	158	576	698	218
635	134	171	262	143	542	729	345
659	117	173	263	149	598	663	364
663	116	165	301	158	748	701	373
668	123	152	292	172	661	695	376
627	123	173	274	144	636	793	365
418	124	194	285	148	656	822	248
313	130	197	344	142	639	815	211
283	136	184	391	169	400	811	201
295	123	177	416	164	341	907	218
299	125	164	413	181	546	891	243
353	119	127	399	198	591	856	246
330	120	121	352	201	566	878	233
336	110	127	324	180	580	908	251
323	112	153	320	185	589	853	248
307	106	145	306	173	563	975	234
204	98	142	319	165	528	981	217
240	91	131	328	166	510	1036	257
229	96	129	283	163	507	1002	234
220	85	105	314	186	547	1009	217
300	92	110	341	179	426	842	217
332	98	128	329	179	373	797	230
294	86	126	316	171	373	753	171
288	78	116	299	163	386	767	178
301	85	123	254	115	308	694	185
238	85	124	205	105	241	754	184
198	73	128	193	89	280	847	187
189	84	135	193	99	334	817	186
192	90	141	188	103	371	806	180
195	100	151	156	95	372	892	188
225	96	151	160	103	388	841	173
231	101	133	165	108	369	811	148
240	102	136	157	97	344	831	184
269	98	132	167	95	255	849	186
257	82	102	179	119	270	817	174
219	81	96	186	121	249	820	155
210	76	92	174	115	255	777	159
202	70	83	173	111	209	674	113
161	71	109	168	111	214	602	106
223	76	132	152	88	177	528	128
221	89	144	145	87	160	562	129
227	96	172	148	85	113	533	138
300	111	208	163	94	100	537	146
317	118	207	162	94	77	540	154
345	128	207	158	96	109	585	164
431	128	219	153	90	128	509	184
452	135	219	164	92	131	545	184
420	145	224	160	85	151	635	200
412	144	227	172	95	168	645	204
388	141	225	175	99	155	609	201
298	144	225	177	105	141	633	182
262	143	237	181	105	145	633	174
240	118	207	166	106	123	543	146
241	119	198	159	94	107	605	152
180	110	198	151	86	108	571	122
168	119	190	141	81	106	526	124
200	175	178	104	72	99	580	128
246	195	231	147	82	139	664	187
275	192	254	214	88	132	582	183
302	204	276	257	98	124	582	204
310	214	327	340	119	134	604	217
328	169	325	352	122	142	643	232
312	150	318	343	129	111	716	188
300	160	384	327	154	168	774	197
279	152	456	369	152	175	772	173
298	125	446	327	139	168	768	162
269	126	442	320	143	222	832	136
262	121	422	322	147	230	716	139
239	105	360	310	130	202	649	95
253	105	254	241	135	201	673	109
237	107	209	224	140	253	720	151
232	102	204	239	145	327	559	230
255	116	229	223	133	332	604	239
248	127	254	230	129	335	613	246
251	140	294	249	163	351	632	246
251	141	315	282	206	554	770	240
245	147	320	293	224	535	895	190
229	144	306	307	234	536	932	202
255	147	285	325	235	532	932	216
241	134	230	316	215	588	1054	231
247	136	207	278	196	429	945	239
258	129	199	262	193	389	806	224
245	122	212	268	230	391	772	210
240	105	196	265	248	400	798	192
445	103	195	262	265	386	717	193
460	101	212	306	280	355	725	171
457	106	239	310	301	341	757	178
485	114	236	337	288	371	769	181
484	117	230	332	303	453	858	207
347	128	247	369	331	450	816	249
317	133	246	410	323	434	778	250
316	135	243	409	305	496	898	244
271	132	243	483	312	510	937	239
262	137	261	529	300	447	956	238
200	127	250	515	273	385	910	176
193	115	220	456	273	425	1001	175
250	102	186	459	305	495	1050	269
275	98	163	372	281	520	980	281
272	87	131	283	271	533	862	264
310	84	105	250	254	555	944	270
354	90	118	272	338	579	930	287
362	113	136	300	397	479	833	237
334	107	161	291	400	433	858	226
365	108	168	318	413	462	917	229
343	106	171	376	442	497	894	217
293	104	188	412	379	432	835	180
231	86	182	395	294	431	750	135
249	90	153	408	344	459	847	180
261	106	146	422	370	516	811	220
260	106	161	495	364	528	745	231
257	99	130	468	374	538	794	234
260	107	122	525	457	597	974	242
252	108	144	637	438	639	966	203
206	97	136	643	452	590	960	171
210	100	110	574	456	527	977	171
235	102	113	623	458	530	926	178
232	99	123	577	437	531	773	198
242	95	107	443	441	461	656	216
