0	1	2	3	4	5	6	7
221	180	225	198	93	220	693	193
229	206	240	240	99	257	710	199
243	211	240	219	91	297	839	206
263	218	237	262	105	335	763	194
286	224	243	304	132	320	716	180
238	216	238	299	134	328	633	129
239	165	215	259	128	367	617	132
225	153	198	274	128	348	425	137
188	128	204	227	112	292	370	127
150	113	203	198	82	293	446	126
174	125	199	199	83	299	433	135
158	129	180	227	111	253	448	146
148	132	182	223	133	266	481	131
148	135	207	249	138	250	474	128
143	140	205	223	131	264	399	123
132	136	199	214	125	245	403	108
189	138	228	258	102	208	347	90
199	138	234	250	70	163	262	89
199	153	200	229	65	162	254	95
219	144	187	238	72	121	372	132
208	129	220	275	77	133	465	137
168	131	206	232	82	137	478	124
156	161	240	270	95	138	478	124
152	151	236	268	93	162	508	128
139	153	240	269	89	179	467	111
146	148	218	237	84	163	385	110
159	148	249	219	79	164	366	119
171	119	238	180	58	174	375	124
178	101	232	174	59	185	402	130
179	98	231	183	65	197	378	114
174	95	258	233	69	193	403	105
159	95	225	224	65	183	492	97
154	85	189	208	64	190	542	92
156	94	199	220	68	190	546	113
146	117	199	218	70	163	534	124
145	136	162	170	69	165	510	125
140	127	156	166	74	192	549	130
143	127	155	169	72	223	505	130
130	124	158	171	83	220	442	105
133	102	169	167	86	215	451	94
134	102	162	159	89	218	462	97
137	117	152	166	89	218	352	97
127	112	166	161	88	172	376	91
136	110	178	155	73	144	396	84
155	119	195	141	60	137	392	80
159	98	191	153	59	137	376	85
153	93	187	167	59	99	399	78
152	102	191	167	65	98	419	81
149	103	173	155	66	92	404	81
123	88	145	166	73	98	465	84
121	91	141	160	74	95	534	79
123	85	154	139	68	95	580	93
126	76	179	175	64	91	612	99
116	82	209	187	66	103	653	99
121	92	213	178	63	115	700	103
128	110	233	171	59	114	741	106
129	131	238	167	60	125	759	110
120	135	231	142	64	155	866	128
128	138	213	164	71	154	859	129
130	148	231	200	79	142	787	122
123	134	215	202	83	155	778	118
131	112	205	218	88	170	706	111
141	117	211	216	89	149	506	79
139	116	273	217	93	145	610	91
177	128	272	185	98	157	685	105
199	158	285	187	95	165	604	108
198	166	290	209	97	217	699	108
199	165	289	222	102	247	822	122
198	163	259	208	92	249	769	112
158	146	238	220	87	246	737	105
121	113	230	215	88	261	855	117
120	99	227	188	94	256	795	129
132	118	231	160	87	227	706	121
131	119	219	174	87	228	708	132
136	120	257	175	84	233	705	133
144	130	267	182	87	210	584	121
157	130	265	174	84	147	624	106
186	111	261	173	92	176	628	127
225	110	274	195	100	174	578	119
239	107	240	214	112	160	541	118
239	99	236	213	110	143	547	115
248	104	264	214	105	146	506	132
238	105	241	240	112	105	496	106
198	108	211	253	129	116	536	112
194	104	229	231	144	130	621	140
225	105	220	227	149	144	655	158
201	102	185	221	147	139	666	148
174	113	278	237	150	145	636	146
189	107	320	203	147	164	672	153
183	102	308	206	121	229	736	142
137	106	313	219	132	227	681	128
134	104	318	241	153	232	661	129
143	82	266	213	161	479	723	133
157	74	229	216	182	504	659	139
153	89	231	217	192	501	517	122
150	78	223	217	188	522	572	128
147	77	215	198	180	534	655	125
147	86	185	193	174	359	651	132
122	86	159	169	138	358	655	117
107	75	152	187	134	328	638	115
109	75	145	183	125	293	607	117
107	74	140	189	126	294	550	113
96	67	160	217	136	300	534	111
77	75	181	264	140	261	519	101
80	76	183	251	146	275	567	106
99	77	199	252	147	335	638	110
110	79	203	313	194	355	595	111
129	88	210	380	251	332	535	117
130	86	190	381	277	319	650	124
141	79	179	374	272	320	774	137
128	74	157	370	275	363	700	122
130	69	158	335	246	337	693	120
111	55	122	245	173	323	714	104
119	44	113	223	139	330	631	97
112	50	153	250	148	333	397	78
115	54	164	280	182	253	422	74
103	62	159	258	181	247	454	71
104	59	160	238	176	248	546	98
108	63	160	296	222	351	625	110
100	64	161	299	235	358	655	114
97	63	161	281	218	341	633	114
95	57	160	282	218	389	630	114
106	59	153	307	244	429	511	97
103	63	155	244	236	364	374	92
100	61	145	249	232	349	319	86
