0	1	2	3	4	5	6	7
238	193	455	273	70	95	722	99
226	157	439	274	71	102	636	99
196	152	436	291	84	99	636	95
192	148	404	316	86	87	617	104
201	125	425	273	84	85	439	105
194	144	409	313	93	84	475	104
209	158	420	307	94	87	473	108
220	158	417	350	106	91	443	111
223	161	440	331	110	96	440	101
218	171	495	362	114	90	446	98
208	153	515	339	119	103	448	96
184	126	490	350	121	102	451	92
165	129	499	300	106	101	441	94
155	120	487	283	96	96	415	92
170	93	395	245	93	115	493	95
156	91	404	268	91	116	464	81
151	97	418	255	91	134	461	77
148	86	361	236	89	131	448	69
159	84	351	253	93	152	438	78
154	91	409	291	107	185	319	77
176	93	389	256	112	198	308	81
199	85	450	312	115	189	307	82
202	114	499	416	137	219	305	82
200	143	591	478	155	229	301	84
192	189	719	581	182	214	332	92
184	196	778	585	174	201	326	90
209	202	746	567	176	211	315	95
222	190	739	497	157	184	344	98
217	177	681	463	151	243	382	98
232	146	521	370	126	263	338	89
228	144	469	421	146	265	342	98
193	141	492	403	143	253	358	95
208	141	481	404	153	247	345	95
231	135	460	380	159	155	291	96
214	110	448	295	143	140	292	100
207	101	396	235	138	287	311	101
200	100	390	267	145	294	320	107
166	91	375	306	169	391	307	105
141	86	384	294	160	404	334	117
133	86	426	340	187	415	325	110
136	83	419	351	190	344	317	100
143	75	376	343	192	342	290	98
147	77	346	300	168	251	287	95
137	75	339	301	166	248	293	70
152	67	253	267	146	226	338	79
150	65	273	243	134	211	313	96
137	63	269	224	124	208	317	91
138	57	277	237	127	195	322	97
136	58	263	243	135	253	293	104
133	61	290	226	121	269	231	103
128	65	275	197	113	283	264	87
126	64	265	196	111	281	254	94
124	68	288	184	95	272	255	87
127	75	297	153	75	220	226	80
109	74	272	157	74	184	244	70
112	72	265	147	72	163	219	82
111	77	315	137	71	173	226	81
110	74	289	127	75	173	209	83
111	62	275	132	73	172	215	95
146	61	268	109	69	180	194	104
140	59	287	132	66	176	189	97
151	57	233	148	72	173	179	95
148	54	214	146	67	176	187	91
184	55	207	146	67	157	189	73
275	56	199	143	66	135	204	61
307	62	167	125	68	129	212	62
312	59	144	93	56	125	267	72
312	64	185	106	65	149	274	75
289	63	195	136	81	145	288	75
198	60	212	144	86	151	286	77
164	55	254	164	90	150	305	82
188	53	252	179	98	165	265	83
212	51	230	169	92	145	265	85
239	54	235	147	80	150	270	89
266	54	233	159	75	146	283	92
259	50	177	136	75	161	252	84
254	58	191	124	66	151	263	69
246	59	187	118	67	192	245	64
248	59	162	122	60	193	234	62
209	63	155	106	63	192	208	59
203	72	158	133	74	178	233	59
170	68	162	144	75	169	207	64
183	69	174	147	74	111	278	64
167	65	174	139	76	112	267	65
162	61	161	134	75	106	314	65
171	56	194	124	61	112	314	73
197	55	188	126	60	116	363	73
260	55	214	131	62	137	342	75
342	57	215	128	62	127	358	72
343	59	214	126	62	125	364	77
344	57	175	107	58	129	489	92
334	60	158	79	61	176	482	90
273	58	107	86	69	172	556	96
126	60	125	117	72	177	611	102
