0	1	2	3	4	5	6	7
221	286	336	207	78	101	492	115
233	285	285	174	69	89	446	105
245	290	293	205	66	92	450	126
241	320	343	240	69	111	570	123
242	289	311	228	68	101	532	117
231	236	374	249	69	95	506	114
273	272	388	259	75	98	577	123
260	259	380	217	74	99	586	121
323	320	396	246	78	82	476	113
323	335	417	253	80	93	460	120
341	359	356	238	78	96	456	131
333	349	338	228	79	97	378	139
357	355	376	253	81	93	369	136
348	273	289	189	76	92	323	150
440	310	286	180	79	112	330	152
448	338	274	169	78	117	329	169
479	321	299	197	75	113	335	171
503	399	402	184	71	118	408	174
543	495	428	195	78	263	544	240
503	498	425	192	77	313	591	256
501	489	450	271	86	319	590	249
500	601	583	257	85	330	600	259
506	560	555	293	99	352	579	262
444	490	550	328	99	316	531	206
468	454	543	345	117	288	504	203
482	447	541	315	134	301	636	273
545	342	400	387	139	303	639	299
576	334	361	364	138	299	743	302
599	322	337	332	143	362	834	342
597	330	362	324	132	343	839	354
657	345	381	340	121	335	868	329
611	294	380	356	131	327	892	301
576	310	381	402	130	312	819	309
613	391	465	452	138	169	688	278
584	387	505	456	144	168	742	249
520	352	498	485	142	145	609	210
578	372	615	555	137	157	661	235
588	460	828	600	155	160	687	209
578	414	902	637	171	173	781	229
610	476	985	718	180	181	725	250
614	537	1104	753	185	192	725	256
597	620	1147	776	199	186	691	225
604	571	1033	747	185	179	646	230
582	596	948	714	162	156	572	185
536	555	921	637	148	147	604	147
554	509	870	653	152	148	710	164
492	387	753	524	131	149	787	176
479	358	779	512	134	143	800	173
462	293	877	518	137	141	756	188
498	288	905	542	150	138	727	199
448	309	848	447	136	129	758	180
468	332	863	464	139	140	635	175
445	322	810	468	136	152	631	212
454	353	759	510	136	153	698	227
417	351	659	548	128	145	716	225
425	342	754	571	131	160	702	227
373	312	728	549	125	162	839	221
378	334	828	542	128	162	819	206
324	327	825	555	138	162	772	172
368	322	852	509	138	173	771	202
425	286	782	501	145	166	775	226
474	301	818	619	157	145	634	228
460	270	783	654	162	133	637	212
463	237	779	684	182	150	658	222
473	254	768	704	192	193	669	199
442	292	819	764	195	185	670	189
400	308	903	707	197	206	665	178
381	317	898	689	201	240	717	173
392	311	922	601	175	250	737	164
363	306	890	585	164	214	722	162
357	278	899	501	163	211	595	154
340	243	821	461	150	190	616	165
337	216	743	421	149	162	566	168
316	204	679	400	141	154	539	175
264	191	674	360	138	191	579	171
207	203	575	427	139	205	645	146
243	198	482	432	137	218	641	162
280	197	567	485	140	224	648	189
304	200	575	517	162	222	658	182
319	194	580	512	170	195	636	179
378	167	555	419	168	225	614	220
368	163	602	432	189	235	603	208
434	190	570	385	187	221	573	202
424	196	537	359	184	207	539	196
458	190	542	349	180	233	537	223
430	200	567	398	184	197	487	193
429	204	528	375	160	168	432	183
376	175	548	340	144	166	424	174
395	161	550	325	133	166	468	182
388	160	557	344	127	131	413	147
354	150	559	336	113	119	374	138
344	135	562	344	128	135	402	138
329	141	493	344	141	146	413	128
385	138	495	345	138	151	338	146
372	150	456	368	141	155	370	146
398	135	407	437	156	166	407	182
