0	1	2	3	4	5	6	7
95	187	117	55	70	429	78	53
106	141	119	55	62	281	56	59
105	153	129	59	64	282	58	60
106	122	120	62	62	275	58	64
116	104	88	52	51	264	82	64
117	91	79	50	53	304	145	64
133	93	75	54	51	271	158	59
146	64	53	58	50	246	190	71
150	67	57	55	49	266	205	69
144	67	51	50	49	299	217	64
140	67	52	58	51	301	186	59
117	59	72	71	49	285	178	58
142	70	84	94	47	284	149	78
140	64	83	103	57	268	184	85
146	64	84	105	57	230	170	91
147	60	84	103	51	111	167	94
148	60	69	93	50	151	162	93
122	48	53	68	54	273	157	74
117	46	51	65	49	290	96	68
112	43	49	65	49	294	73	61
105	43	46	64	48	297	70	60
129	47	47	69	52	273	88	76
146	47	46	85	55	230	107	70
139	43	39	80	49	218	99	66
134	52	44	80	48	214	99	65
141	53	41	79	49	211	100	64
153	51	39	94	47	204	119	74
147	55	43	90	41	256	119	102
153	52	44	88	42	277	120	104
154	42	36	87	42	285	120	105
166	55	40	86	41	287	120	109
150	56	40	70	39	345	143	91
148	52	35	51	32	284	137	69
142	55	37	53	38	256	134	78
149	57	43	65	40	258	135	81
162	45	47	77	45	260	136	77
152	41	46	74	44	193	97	80
143	39	44	77	46	223	98	74
147	38	44	72	41	222	101	64
159	36	39	77	39	213	100	62
129	38	33	66	33	214	107	59
125	39	40	69	34	209	121	57
132	37	41	64	36	154	119	60
131	34	40	70	36	156	119	62
116	41	46	63	40	153	120	80
127	46	45	62	39	163	116	90
130	43	40	58	41	200	167	101
131	46	43	63	39	208	174	100
128	46	42	60	39	232	173	107
119	45	41	54	36	252	178	98
115	40	44	57	38	279	176	96
114	43	44	55	35	277	101	85
95	40	42	50	35	260	89	85
107	43	47	53	38	238	104	72
132	42	43	49	39	227	92	74
133	39	44	50	40	186	108	83
131	41	43	49	42	202	104	85
146	44	42	48	43	220	110	85
152	41	36	45	41	229	97	90
129	37	39	46	40	223	99	82
121	45	38	43	37	233	88	66
123	43	37	46	38	190	90	64
111	42	40	52	36	169	106	69
85	42	39	48	35	170	108	61
89	43	34	47	38	214	113	66
95	39	36	45	39	209	114	65
116	39	37	47	38	212	115	70
110	39	33	43	37	233	83	62
122	47	40	48	41	225	76	64
118	47	41	45	37	266	78	62
117	45	37	44	36	258	67	62
90	44	36	39	34	256	74	55
89	43	37	39	35	259	80	51
97	38	32	45	32	261	84	56
102	40	34	50	32	247	92	57
99	44	43	51	35	288	99	51
113	43	42	51	35	289	98	56
126	47	44	51	33	267	133	70
113	51	44	39	31	263	135	66
129	55	44	40	31	193	126	69
127	63	42	41	37	337	125	70
126	70	58	47	43	343	119	76
111	72	60	46	44	353	85	71
117	67	58	44	42	356	96	71
105	68	60	37	47	408	130	76
131	71	60	38	42	274	131	78
121	67	47	32	37	314	134	71
130	72	44	31	40	337	128	64
127	78	53	35	42	342	117	68
130	81	57	37	38	289	89	60
110	82	64	34	34	297	82	85
131	86	69	34	37	262	80	103
122	78	67	35	33	226	86	104
145	74	62	33	31	212	134	106
156	76	64	34	32	235	142	111
162	77	66	36	34	310	144	92
162	96	80	50	35	317	153	97
233	112	86	50	34	336	167	146
236	158	87	51	35	347	134	162
251	178	93	53	34	337	163	172
259	182	93	53	36	255	192	240
349	356	104	51	40	248	263	346
356	396	110	65	58	282	451	341
429	430	122	79	92	310	608	339
440	529	119	114	134	304	636	338
439	567	133	136	171	304	641	308
403	560	165	246	308	383	660	190
391	602	195	289	334	359	546	175
353	651	215	332	385	343	420	173
371	640	228	364	438	404	401	210
387	649	236	364	439	446	414	199
481	666	235	319	399	410	357	205
489	632	232	305	397	404	382	214
496	599	234	265	353	452	421	254
500	631	299	324	416	536	658	246
506	684	298	369	520	522	716	263
421	681	290	441	513	515	776	261
444	717	292	442	529	535	829	263
426	741	281	454	562	574	932	328
426	731	204	409	502	477	923	467
422	735	207	373	403	473	907	486
430	677	232	305	376	450	875	483
466	638	258	293	354	468	888	522
567	637	286	286	307	380	907	526
612	688	365	283	301	379	874	435
672	744	467	346	361	409	949	431
799	830	532	351	383	411	981	492
820	877	543	368	387	363	996	523
795	994	548	372	396	358	950	483
820	962	514	368	401	315	881	450
838	967	429	332	358	244	758	435
722	916	386	309	370	251	732	411
726	912	369	348	433	249	768	469
705	824	421	371	463	240	651	469
625	899	554	436	487	296	604	470
606	871	731	488	485	318	631	474
719	916	719	484	472	310	601	464
661	924	760	497	473	382	535	352
675	896	757	505	478	390	635	348
758	934	799	480	469	392	648	377
715	896	655	408	455	373	686	370
621	833	640	407	446	451	983	417
617	848	637	352	388	404	984	392
569	847	623	312	326	378	911	376
440	686	461	242	242	360	894	348
401	616	440	234	229	421	863	341
315	592	432	224	218	450	465	233
272	500	329	184	167	445	296	204
235	398	261	150	146	451	289	184
214	326	189	119	131	430	274	164
200	337	150	100	113	415	182	139
187	357	143	102	108	339	203	173
160	288	148	91	87	424	169	166
145	294	167	91	83	424	135	159
142	264	152	85	77	428	122	160
134	235	147	86	75	390	116	159
123	190	140	74	64	373	61	79
117	198	136	75	60	371	63	62
111	181	92	63	56	373	60	61
93	183	89	61	55	369	71	54
87	221	106	62	55	360	72	45
117	229	117	53	41	358	78	68
115	220	113	48	35	317	68	68
105	185	109	49	33	314	66	68
108	186	114	51	35	318	54	68
104	133	94	45	35	322	52	69
73	98	68	44	33	286	39	38
71	85	65	49	37	210	38	33
73	86	71	52	39	227	56	32
68	74	65	48	37	220	59	34
68	73	65	48	37	213	60	31
57	71	64	47	37	204	60	31
71	80	66	40	32	168	59	32
71	74	58	34	29	129	43	30
69	67	51	31	28	159	52	26
66	66	49	30	27	154	53	27
69	92	62	32	27	156	54	29
54	84	57	34	28	150	52	30
50	84	57	32	29	156	51	33
50	84	59	33	28	127	35	34
50	85	58	34	26	217	48	32
48	65	55	33	27	243	60	30
43	61	51	30	27	247	59	28
55	71	55	32	26	240	62	26
58	71	55	34	27	235	63	25
59	78	60	37	29	156	51	25
54	70	46	34	31	116	37	23
54	73	48	35	32	154	41	25
47	64	52	36	32	147	36	25
44	64	51	35	31	149	39	23
47	53	43	31	29	170	39	26
46	50	43	30	25	163	36	24
49	48	42	29	23	132	32	25
45	42	32	28	25	188	31	24
49	47	35	30	30	187	36	28
45	46	37	32	31	247	45	24
45	47	37	34	32	257	44	26
41	46	34	38	33	254	47	26
40	44	36	41	31	218	47	26
28	38	41	43	31	253	48	24
35	48	45	55	34	225	57	29
37	49	50	63	35	241	58	30
38	48	50	61	36	243	58	31
44	49	49	61	38	246	59	32
44	46	44	66	38	241	56	31
63	36	44	69	37	216	44	42
68	37	38	66	37	197	47	41
80	39	40	65	35	194	46	50
87	42	49	64	36	200	46	52
100	45	51	60	39	192	53	57
95	44	54	52	40	178	81	79
105	43	56	47	39	172	93	89
110	41	54	48	39	169	119	92
106	37	47	53	39	158	120	92
128	33	43	49	35	186	120	100
138	32	34	40	32	187	104	81
133	29	34	46	30	184	92	73
134	27	38	51	34	245	89	64
185	30	37	44	36	277	115	82
179	33	39	47	38	282	118	77
168	33	41	47	38	278	116	76
180	35	38	49	39	277	117	75
191	35	39	46	36	246	107	79
144	39	41	49	32	215	106	70
125	40	42	53	29	157	106	62
137	43	43	56	30	194	111	66
126	44	44	51	30	194	111	67
109	45	38	47	33	204	106	65
109	40	44	46	34	227	92	57
109	38	41	39	32	223	87	56
98	33	38	33	32	188	88	54
91	33	40	31	32	188	94	50
71	29	42	34	29	223	95	50
64	31	34	32	27	240	100	54
62	31	36	31	27	241	108	53
56	31	37	35	25	241	108	51
56	30	35	36	26	242	110	53
59	31	38	35	24	177	126	55
59	34	37	39	27	147	113	47
61	34	35	50	30	145	119	49
57	34	37	49	32	155	136	48
46	33	36	49	32	183	140	47
48	36	34	51	33	182	144	43
45	32	33	50	28	183	147	41
47	38	35	39	26	185	157	41
48	38	32	36	23	172	151	40
66	43	36	36	24	197	145	56
64	50	41	34	26	230	125	64
72	63	44	32	32	226	121	74
75	73	47	31	33	226	89	77
77	84	53	34	34	227	65	78
94	139	74	37	35	182	55	89
134	175	74	40	41	158	49	118
204	247	87	47	46	156	55	129
230	282	92	50	48	155	54	130
246	282	92	49	47	154	58	134
264	280	83	47	48	170	80	155
252	275	90	48	45	175	142	154
224	275	80	40	38	148	173	147
223	261	77	39	36	146	182	152
217	269	76	40	38	146	186	151
190	268	67	39	36	119	184	116
206	288	61	39	37	177	142	90
217	304	61	43	45	258	151	105
210	297	58	40	44	265	159	99
203	300	65	50	51	311	163	136
212	309	73	54	55	349	165	140
210	279	70	52	52	318	173	138
175	197	67	48	47	304	138	123
168	176	66	49	49	364	143	142
177	177	65	40	41	343	136	109
190	221	67	35	39	313	125	107
184	224	73	37	38	314	126	107
189	223	75	57	52	298	164	117
180	228	82	65	56	234	159	95
166	212	77	64	57	239	168	150
171	178	68	63	55	241	173	158
287	284	76	73	67	257	172	171
310	387	90	81	100	228	163	170
326	422	109	88	109	272	343	180
339	431	118	94	119	284	425	144
348	449	135	129	167	298	583	150
306	467	138	142	191	314	598	149
303	409	133	142	185	344	647	197
299	428	122	154	197	335	670	237
337	460	160	194	242	342	659	251
366	478	162	202	243	362	654	252
391	436	165	195	238	444	701	294
382	455	171	201	251	447	669	268
405	454	190	229	284	441	620	241
374	457	162	205	258	434	640	263
332	444	160	213	277	567	657	304
275	420	180	232	293	521	646	263
265	435	186	251	312	515	650	257
265	460	180	236	299	526	647	374
267	438	175	240	311	555	621	373
305	482	176	237	300	461	548	342
303	569	210	272	372	434	529	339
345	588	217	266	362	435	560	374
348	536	216	265	360	413	608	270
354	546	235	259	345	383	596	268
347	502	235	241	333	298	564	265
337	418	187	201	242	283	539	264
300	370	173	178	218	250	489	212
246	361	162	153	182	281	356	183
316	330	138	149	182	334	356	160
278	364	139	156	172	337	280	157
270	353	129	124	132	329	250	153
269	320	129	120	123	344	255	200
309	382	127	132	139	323	322	229
255	467	135	146	152	254	312	247
281	460	158	135	150	254	334	248
284	458	179	136	154	270	474	271
331	499	191	229	305	282	546	324
346	556	197	251	336	271	534	314
352	531	210	241	330	253	565	310
340	486	183	240	328	291	582	314
338	480	163	242	336	332	476	299
291	436	139	160	233	520	385	215
237	304	132	123	191	548	350	196
176	206	102	157	222	559	257	165
147	191	107	158	219	542	166	145
140	177	115	155	204	520	151	136
133	166	120	153	183	304	127	156
169	186	124	144	168	227	110	203
200	229	136	108	120	180	125	204
293	422	143	95	107	144	140	215
325	455	138	89	101	81	144	215
353	509	141	80	84	74	141	189
389	708	145	72	71	121	145	229
440	735	138	68	59	124	131	220
424	702	143	86	72	126	116	220
426	729	149	95	81	177	302	218
413	704	143	96	80	227	310	230
445	529	155	105	97	218	429	163
421	641	148	127	124	256	643	194
422	669	176	143	163	298	869	208
421	646	199	197	250	301	857	246
495	689	223	207	273	307	951	245
460	790	341	261	377	377	1056	257
512	678	436	286	407	369	996	253
548	603	452	324	455	376	951	277
576	592	482	363	472	374	988	258
514	549	496	373	485	347	908	254
513	408	424	352	425	277	767	229
516	530	341	336	410	257	726	256
450	563	322	322	389	267	703	290
419	607	354	296	370	324	804	402
411	593	353	285	341	325	903	418
376	553	347	271	328	319	965	421
303	457	340	264	310	316	943	393
356	416	326	226	248	347	838	341
325	325	234	146	153	382	689	205
331	342	189	126	140	397	554	161
319	337	179	110	110	485	359	147
259	276	166	87	95	576	356	145
162	252	152	71	83	533	309	136
148	230	123	74	82	462	211	98
120	169	108	83	89	471	162	104
140	199	131	88	93	447	255	191
130	178	121	87	76	429	269	211
195	231	118	85	72	434	281	214
246	261	118	87	81	440	277	220
257	307	113	94	114	480	341	220
307	408	142	104	116	502	553	182
433	600	241	196	227	441	744	223
455	692	292	470	459	543	965	256
496	776	403	548	583	583	1104	275
514	913	493	671	676	576	1355	445
529	944	525	725	703	525	1384	473
539	999	667	808	731	600	1419	523
561	1005	685	723	685	532	1303	524
509	1047	638	686	601	496	1341	523
546	993	578	616	522	521	1172	400
505	978	574	556	493	604	1186	391
411	861	362	406	408	537	1077	290
362	812	288	348	286	518	1093	284
383	742	303	342	269	508	914	267
293	653	301	243	194	515	814	260
288	575	224	229	171	503	614	218
273	521	210	208	172	520	553	212
219	450	202	197	164	509	472	176
158	299	126	124	134	597	451	174
152	272	106	116	137	534	370	152
139	251	121	109	136	428	327	111
124	210	119	108	133	391	348	152
128	199	106	85	105	394	324	157
127	193	108	83	85	238	314	157
141	186	104	79	90	416	313	160
136	160	87	83	102	440	278	158
115	135	81	91	109	453	178	101
116	137	92	102	111	559	161	75
114	128	86	93	105	608	200	77
118	119	80	96	109	527	285	151
200	227	97	120	137	530	325	167
280	482	115	148	151	515	656	211
298	566	145	172	180	418	767	254
384	744	224	322	401	508	976	304
530	810	327	360	461	501	1128	299
532	797	358	371	475	490	1150	307
495	691	354	362	475	501	1040	282
490	623	347	373	491	509	973	253
440	422	308	256	338	375	777	187
245	289	225	222	271	341	496	143
192	259	165	195	241	353	461	133
200	227	166	197	244	383	401	141
186	226	163	148	188	382	382	126
147	196	173	148	187	347	326	124
127	176	136	110	143	335	323	123
119	175	131	107	121	307	246	91
94	158	126	102	104	242	154	66
100	177	124	104	97	174	120	63
103	161	105	107	92	170	115	58
100	159	131	143	90	163	87	49
124	187	154	177	90	126	63	41
212	213	184	175	78	74	40	49
234	214	182	173	74	58	33	52
253	250	181	169	69	65	35	66
262	251	163	138	67	189	42	74
280	245	144	79	49	299	99	129
233	221	97	62	45	314	108	134
274	218	80	59	46	330	115	142
365	194	69	58	49	376	225	144
382	196	65	52	43	371	301	150
440	257	72	45	46	330	298	122
448	272	74	46	48	333	307	131
425	264	76	53	56	529	345	128
364	245	78	68	63	572	566	141
351	273	99	89	91	581	832	166
273	221	129	93	97	566	855	173
300	264	167	177	192	634	967	202
470	443	234	192	212	518	1118	297
562	551	306	203	228	457	1076	316
568	554	317	203	233	422	901	308
560	546	306	213	243	430	906	303
545	522	298	168	198	377	802	282
414	384	250	151	178	412	611	186
272	238	165	137	180	414	505	149
271	198	164	156	197	421	451	131
273	194	162	141	181	530	617	134
265	207	151	121	160	502	629	168
242	206	147	119	158	427	583	169
213	187	143	127	149	409	562	156
182	178	104	93	106	425	572	161
191	226	115	94	109	351	362	153
177	216	104	93	107	341	293	103
169	212	108	94	102	335	264	77
160	190	101	71	71	325	256	80
154	181	94	57	54	318	212	65
112	109	74	83	52	253	116	57
103	84	85	98	57	241	159	57
91	84	83	97	57	275	171	69
93	81	80	95	57	397	195	71
115	96	90	97	56	388	196	74
116	92	85	68	51	375	196	75
128	120	87	47	41	379	157	76
122	117	93	48	39	429	147	63
127	118	94	51	55	346	172	64
117	123	100	66	74	333	183	62
115	128	110	75	77	357	211	62
106	106	104	96	90	380	345	87
155	124	136	165	126	528	519	103
221	321	184	199	150	564	802	140
226	329	233	244	158	569	883	144
250	348	253	284	182	557	980	158
283	367	329	351	245	563	1060	183
331	392	449	360	251	412	1044	184
306	281	444	352	248	383	859	156
319	289	423	325	244	389	804	161
310	278	411	293	230	394	703	156
283	262	354	207	194	413	558	110
199	211	156	142	170	416	493	96
170	180	116	118	150	519	479	97
127	147	99	105	146	610	469	81
106	130	96	100	144	617	425	60
99	135	104	83	84	590	363	57
94	140	101	68	76	630	290	53
93	150	100	64	70	583	258	43
85	147	116	55	63	479	149	38
80	140	145	79	56	454	143	41
65	130	155	80	62	522	119	37
91	167	164	83	60	551	170	54
94	166	169	88	67	543	182	63
101	171	182	107	68	549	198	65
103	188	206	113	85	674	242	73
121	192	201	114	89	705	256	75
140	227	219	117	92	727	243	72
141	250	225	122	101	790	318	76
150	264	216	111	109	847	450	78
190	274	195	95	110	863	591	78
207	308	217	108	109	872	614	90
220	392	285	142	134	823	617	94
284	454	335	139	161	867	730	167
306	482	344	150	174	959	799	208
414	590	366	162	182	877	827	226
441	608	366	178	200	816	862	228
514	589	383	218	250	880	970	231
578	658	354	232	245	815	1052	278
601	684	375	274	283	711	1142	262
578	669	445	379	330	715	1084	254
620	672	462	402	365	720	1137	288
603	737	478	409	354	756	1169	315
527	700	577	455	408	746	1133	251
605	777	643	449	393	689	1078	282
577	782	646	412	378	678	1087	294
613	893	752	395	346	851	1080	299
570	878	818	386	348	774	1069	281
583	874	785	397	343	743	966	291
523	825	801	494	417	735	833	273
513	776	778	472	406	880	971	271
389	617	691	470	396	749	937	229
485	522	560	472	412	670	806	242
482	441	509	422	364	635	775	220
413	332	373	268	252	699	762	193
401	302	325	227	227	571	558	204
399	334	275	205	224	495	459	207
278	311	259	136	126	494	438	178
219	313	270	95	86	503	415	167
240	287	252	95	86	449	390	173
235	290	235	93	79	347	276	128
212	222	187	85	79	340	227	115
176	208	183	70	69	336	193	105
200	176	126	63	68	306	175	113
173	173	117	58	52	173	164	104
197	103	79	49	49	137	195	118
207	107	84	51	52	216	195	140
211	104	78	49	53	236	197	146
261	111	81	50	55	239	192	160
268	124	92	49	55	243	178	154
238	124	109	54	52	231	125	145
230	121	103	50	44	134	114	130
260	128	104	52	45	131	135	165
201	135	99	51	51	134	138	149
195	137	90	52	51	126	138	151
257	223	97	64	62	140	186	166
369	320	147	98	90	349	497	181
459	493	302	132	105	358	659	217
497	582	345	159	137	391	865	222
507	623	355	187	188	420	915	237
524	639	472	252	238	456	946	245
578	724	570	248	237	365	965	295
508	639	514	251	243	359	944	265
530	568	512	242	241	327	800	283
583	621	546	232	233	293	761	294
580	601	458	194	235	249	740	289
472	446	315	202	244	221	606	235
490	415	305	204	261	290	524	222
441	448	281	210	256	297	499	216
410	322	207	206	235	294	531	209
371	287	177	183	193	307	509	203
423	297	173	169	177	291	583	221
452	439	184	137	133	206	556	226
478	474	209	171	141	196	531	206
476	503	248	168	137	196	515	203
473	507	252	158	120	147	537	261
462	530	287	175	141	135	420	241
427	442	276	182	154	133	389	233
384	368	238	132	132	131	412	236
333	316	193	123	130	240	394	224
328	304	188	115	125	260	344	168
292	264	129	79	87	268	303	178
253	247	135	63	59	271	303	188
238	216	145	56	52	290	257	184
236	217	139	55	48	208	193	186
226	212	129	53	46	182	171	167
206	213	145	54	50	159	138	151
209	189	130	52	48	274	204	229
215	230	120	50	50	277	217	251
223	211	107	48	48	275	235	244
232	213	118	56	49	295	251	243
196	181	91	53	54	450	270	245
213	188	97	55	55	412	220	161
251	152	98	55	55	399	288	142
236	153	102	57	58	404	288	141
229	139	88	51	58	402	312	154
224	150	98	50	53	267	325	187
221	135	90	43	48	226	320	186
218	157	85	41	43	216	249	175
219	156	79	37	40	212	240	172
232	179	107	35	42	407	219	179
382	198	131	43	37	404	200	218
376	202	137	52	42	408	200	219
376	225	200	79	60	414	201	226
380	232	206	85	64	416	203	227
376	223	196	85	69	352	228	230
230	274	204	86	72	360	207	160
213	300	236	84	69	367	200	154
220	273	188	59	65	372	196	146
371	263	189	82	67	386	194	223
406	273	196	89	61	276	133	226
409	220	190	87	61	258	154	242
421	178	147	89	60	245	157	247
431	165	143	89	50	254	153	265
330	166	136	63	44	276	149	215
280	142	137	61	45	288	143	205
293	92	114	63	44	276	312	215
364	97	109	57	45	271	341	243
346	88	114	54	41	252	373	247
328	89	119	57	37	214	372	241
324	74	98	46	31	174	398	228
309	72	85	36	27	135	329	195
249	88	89	38	25	135	321	205
241	110	84	36	28	182	291	174
236	113	69	26	30	166	298	178
237	114	85	31	31	168	262	178
231	115	122	34	31	171	215	180
208	102	134	32	31	204	186	141
194	77	137	35	30	174	205	144
194	69	143	39	33	191	207	133
201	65	138	38	32	194	207	133
235	86	126	37	31	191	184	124
208	85	123	39	31	155	186	87
194	83	120	37	32	167	161	86
191	90	120	35	30	159	173	112
223	91	117	34	34	150	219	114
191	70	93	31	33	149	222	117
197	67	87	30	36	148	224	124
193	68	86	34	33	102	218	122
194	61	78	33	33	58	197	97
160	66	86	37	30	52	151	91
207	74	103	39	33	82	170	94
209	67	93	39	30	101	208	91
206	64	93	36	31	102	208	80
201	62	91	40	33	103	205	77
194	55	81	37	31	116	196	70
124	44	62	36	29	121	166	57
96	53	71	40	32	190	93	41
95	60	69	43	32	247	84	39
89	64	68	42	32	252	75	32
100	65	68	45	39	255	104	41
100	68	64	46	43	247	112	42
122	63	50	44	41	213	163	63
131	56	48	44	42	158	176	67
132	54	55	41	40	149	180	67
115	53	55	40	36	134	164	65
127	50	56	43	33	127	238	75
114	51	63	43	39	141	268	69
129	59	65	42	38	130	290	83
126	59	62	45	41	131	293	84
124	60	62	43	41	136	293	83
114	59	60	39	38	137	233	73
114	60	51	35	34	76	156	64
94	56	45	35	32	64	96	48
89	51	41	32	29	57	82	43
92	53	41	32	28	40	74	44
90	53	41	31	29	38	65	44
80	52	41	33	27	29	63	43
72	45	41	31	26	28	69	53
73	65	55	38	28	29	113	60
64	67	60	40	28	29	123	61
68	72	63	43	28	30	126	71
124	78	65	42	29	32	147	111
134	83	67	43	32	33	145	123
135	70	55	38	32	96	119	128
138	67	53	38	40	112	124	134
142	68	55	45	45	113	132	131
99	56	51	43	45	114	125	100
89	50	51	43	45	114	120	83
134	56	54	47	45	71	124	80
132	61	52	49	51	45	112	88
159	73	49	48	65	44	113	115
247	79	55	57	76	41	101	127
270	82	55	64	81	47	128	131
253	77	53	60	80	46	160	130
264	78	57	58	74	43	165	122
247	59	61	51	57	39	159	98
157	65	62	45	42	39	156	82
119	63	61	36	34	28	155	73
157	66	79	38	35	31	110	81
144	63	81	39	36	31	99	81
149	67	78	40	38	29	98	82
158	53	76	37	39	28	103	84
151	52	75	42	47	28	82	84
129	57	63	44	50	28	109	73
127	56	63	43	50	27	120	72
123	55	64	44	48	27	121	69
145	60	61	43	50	26	116	80
145	64	66	45	41	29	144	82
136	53	59	43	38	29	163	93
139	50	51	44	38	27	156	98
145	48	48	44	38	29	155	99
121	46	49	45	34	29	166	92
120	38	41	41	33	29	148	88
111	37	39	46	37	39	177	89
130	41	41	47	37	43	182	82
125	41	41	47	38	44	182	85
116	41	44	46	40	44	173	78
124	41	43	43	39	44	168	81
124	47	43	35	34	33	112	61
97	44	43	35	34	29	104	53
114	43	40	36	31	29	103	45
115	43	32	33	28	28	102	43
104	47	34	35	27	26	102	36
110	51	40	37	29	26	129	48
114	52	37	37	30	27	186	60
119	57	39	37	30	23	202	61
119	57	40	43	33	25	206	69
121	56	42	47	36	26	210	70
120	52	39	53	38	31	237	61
118	53	44	53	36	31	236	58
89	50	46	54	38	33	225	60
88	51	48	54	39	33	221	54
86	59	53	56	42	38	216	56
83	59	54	51	37	34	169	65
76	55	49	54	49	34	128	57
112	55	48	55	54	35	134	60
126	54	47	52	56	38	139	58
125	44	38	43	54	45	135	54
118	42	39	45	61	51	139	52
125	47	38	48	58	55	149	60
105	52	42	63	66	63	147	56
101	57	51	67	66	79	197	69
107	57	51	70	68	79	217	73
106	56	51	67	64	76	205	76
95	55	55	63	59	75	192	72
97	51	52	45	44	68	188	74
135	47	43	39	45	49	187	77
140	45	42	36	41	36	171	78
169	46	43	37	43	36	169	74
177	44	39	38	46	32	158	71
172	40	39	42	50	32	166	70
139	42	41	48	51	35	100	60
133	44	45	59	62	41	156	60
97	43	42	62	59	41	183	68
78	45	46	61	57	44	193	72
80	46	44	60	55	47	191	71
79	44	49	56	48	43	195	65
96	42	49	48	36	39	161	73
