0	1	2	3	4	5	6	7
261	131	55	38	36	205	261	103
259	123	59	40	36	217	276	106
174	132	56	53	37	220	276	92
148	139	76	57	40	225	277	89
159	126	79	59	39	230	280	94
165	127	81	64	41	240	152	67
188	143	81	66	41	254	164	64
173	151	75	54	40	259	166	66
176	148	50	46	36	256	167	65
164	152	46	44	37	267	169	60
189	168	44	46	40	196	187	76
166	147	46	46	44	171	152	69
150	122	46	44	42	182	152	64
150	114	46	45	45	195	188	75
162	116	44	47	45	194	183	76
152	140	44	40	47	199	143	54
143	134	40	42	42	190	140	58
154	134	41	46	46	183	154	69
159	140	42	48	45	291	138	59
145	142	43	47	44	278	139	57
117	96	37	45	34	276	138	61
114	89	35	41	34	277	145	56
108	104	44	41	28	326	169	62
98	96	44	40	28	234	150	62
107	99	49	44	33	218	146	63
112	97	48	43	35	256	158	65
117	117	50	43	36	262	149	70
115	106	45	40	35	197	106	60
115	130	54	40	36	211	106	62
102	117	48	33	28	212	113	63
101	130	54	34	28	175	115	59
155	121	53	32	28	179	158	75
147	123	52	35	33	197	169	71
143	98	42	36	33	218	172	70
147	106	43	36	37	223	175	69
152	99	36	36	37	231	172	76
115	94	35	38	39	226	144	66
127	110	33	32	34	225	151	74
135	115	36	30	35	200	141	75
141	109	36	31	33	190	149	81
143	123	38	33	37	221	177	82
169	141	42	49	38	228	182	106
179	122	44	53	40	273	286	119
183	119	44	54	38	262	289	122
203	166	51	60	41	265	286	126
242	164	52	61	38	227	287	133
249	153	53	49	37	248	285	117
248	153	55	46	37	176	170	109
254	156	53	53	38	202	181	116
260	107	52	50	36	246	216	127
272	93	49	51	36	259	238	131
264	88	53	55	35	228	249	145
267	99	59	61	34	223	258	140
258	98	67	61	38	227	291	130
242	100	66	61	37	176	338	111
193	113	70	58	38	146	375	113
259	131	70	56	37	140	385	105
267	128	63	47	37	190	380	121
275	139	60	39	32	149	357	133
268	137	57	42	34	215	292	132
264	126	57	46	38	220	219	119
169	102	55	47	38	222	330	110
153	94	54	49	38	185	356	86
185	87	52	52	42	187	354	87
200	84	57	45	43	159	363	91
201	87	68	49	47	197	372	92
206	106	76	59	47	216	278	88
221	145	85	66	51	214	277	94
184	142	87	65	48	211	336	87
189	141	87	67	46	179	339	88
195	137	78	61	40	190	345	87
227	129	69	54	42	179	488	117
217	90	68	52	37	183	544	141
215	84	73	59	43	187	620	152
201	84	70	58	44	215	704	175
216	89	70	60	43	179	723	182
181	84	72	59	42	174	643	168
186	80	73	56	43	168	595	148
188	74	69	50	41	163	524	138
182	76	68	50	37	148	404	114
206	79	68	50	38	135	361	103
223	73	64	46	39	175	414	118
208	77	54	43	40	179	400	123
217	98	56	41	39	179	380	127
221	103	68	58	41	154	416	128
228	100	68	65	45	150	405	133
236	101	77	64	43	152	321	117
245	102	86	63	40	159	349	111
238	80	88	63	41	180	410	117
236	74	80	55	38	179	374	105
290	95	82	45	34	179	424	110
268	100	103	56	38	139	441	108
266	93	101	60	41	185	442	109
285	101	102	62	42	172	373	99
298	105	106	60	43	170	372	103
197	85	106	67	40	168	321	94
309	80	83	63	47	167	321	102
312	80	83	59	43	111	334	98
294	71	79	68	45	103	298	89
286	60	72	72	49	109	403	110
317	63	78	75	55	109	399	104
214	56	77	84	50	97	392	100
205	58	74	93	57	123	476	129
217	57	72	88	56	142	515	134
229	63	79	82	62	138	431	126
184	60	71	76	58	139	481	132
187	59	68	66	57	140	518	134
216	56	66	57	52	134	455	121
210	58	61	72	54	121	441	119
252	55	57	79	47	125	438	107
285	53	57	76	45	122	381	116
291	59	78	78	44	123	374	115
270	59	83	90	43	156	344	106
314	58	87	79	44	177	338	129
283	65	106	76	42	175	344	134
269	62	108	86	47	178	364	123
257	62	104	101	50	181	329	122
294	65	100	114	57	159	315	116
261	65	103	120	57	141	332	104
255	58	92	118	55	141	329	108
260	60	89	113	54	242	347	128
270	57	77	114	54	248	317	124
225	52	78	100	51	235	314	125
219	54	75	91	47	229	275	120
210	53	63	94	47	229	272	111
175	49	56	96	48	131	215	131
158	48	58	76	44	126	236	139
170	56	55	64	41	115	225	143
148	55	47	71	43	108	247	134
200	51	44	74	43	108	275	140
273	85	62	66	43	89	316	103
302	91	63	65	44	64	347	104
321	88	66	63	47	68	335	95
331	90	86	55	50	66	302	108
311	93	87	45	49	61	283	116
256	65	81	45	45	59	270	123
244	62	84	47	45	55	213	112
234	61	97	43	36	54	398	127
224	66	85	44	35	51	430	123
226	74	96	47	34	47	427	112
224	97	101	51	37	47	428	107
202	97	99	56	39	47	435	109
172	101	85	62	44	43	323	104
171	116	118	60	41	42	308	108
143	119	132	60	42	44	329	120
161	106	131	77	44	39	305	115
164	103	132	75	44	42	340	119
194	105	139	72	41	37	340	117
207	88	116	73	40	35	347	104
246	77	90	88	44	38	323	99
239	71	83	73	40	41	329	95
240	73	82	89	51	48	278	94
229	61	68	99	56	49	216	92
239	65	57	100	56	70	255	96
194	64	59	90	55	73	262	78
199	69	58	90	59	74	249	89
223	67	59	73	51	69	261	98
231	68	55	78	52	73	292	111
215	58	56	87	55	54	229	111
235	56	58	100	66	50	216	115
223	45	58	104	65	50	215	108
202	44	49	100	61	53	202	105
216	52	52	90	57	46	154	100
224	53	53	91	59	47	173	115
206	54	54	76	44	42	212	114
213	52	53	71	43	41	216	116
243	53	56	84	51	41	265	110
205	45	58	98	52	42	331	96
205	43	56	95	51	45	320	75
247	39	52	101	53	49	301	82
248	47	56	108	54	49	303	82
208	54	56	104	50	46	289	83
206	60	55	91	48	46	228	85
191	60	52	82	46	45	237	90
137	60	49	72	45	45	280	87
173	58	59	69	45	44	300	83
193	53	59	93	46	57	299	86
200	46	59	95	54	63	306	82
209	45	63	102	61	67	296	81
208	50	64	109	61	66	268	76
174	47	53	113	60	67	278	78
163	44	51	90	58	55	299	71
159	46	47	94	50	46	359	84
182	49	40	96	43	39	370	89
182	49	40	96	43	39	370	89
