0	1	2	3	4	5	6	7
103	42	27	24	32	220	121	67
102	41	26	24	29	168	111	56
93	36	27	28	29	156	111	51
92	29	26	25	25	215	111	54
84	26	25	27	25	218	101	49
94	55	26	27	24	199	73	44
79	66	27	27	26	221	73	47
78	69	25	26	30	206	87	52
75	71	23	28	30	147	97	48
94	102	26	26	29	142	78	47
88	102	26	27	28	140	77	59
87	96	24	26	27	156	76	58
80	98	26	23	22	180	65	57
85	99	27	22	22	180	55	57
87	74	25	22	22	178	52	58
83	55	24	20	24	176	58	46
84	55	24	22	24	128	106	43
89	61	24	21	23	91	113	46
84	68	25	22	23	131	112	45
64	62	25	21	23	137	113	42
66	64	23	22	23	142	114	42
77	64	24	22	23	159	71	44
73	50	22	23	23	157	76	38
89	41	25	23	25	119	79	38
86	36	24	25	27	164	84	38
85	34	25	23	27	171	83	38
78	34	24	22	26	162	85	40
79	34	23	21	25	163	61	37
65	27	19	21	24	179	54	37
69	29	20	19	25	137	66	40
68	28	20	19	23	141	63	47
64	30	21	20	26	140	59	42
68	38	21	22	26	135	61	41
74	38	22	22	25	133	67	43
69	36	24	24	22	145	54	43
76	38	31	27	25	147	90	39
75	36	33	31	24	176	118	50
73	26	32	29	24	176	118	51
74	29	33	29	25	163	117	50
79	29	32	28	26	159	113	48
74	31	27	25	26	155	96	49
76	49	23	18	25	114	63	40
94	78	24	20	27	111	64	41
85	80	24	20	27	158	62	45
109	120	27	20	26	156	66	44
110	126	28	22	28	147	51	39
107	120	29	21	27	169	56	36
101	107	29	21	29	177	71	43
102	107	27	24	30	150	81	40
75	61	25	23	29	173	89	45
74	50	25	22	29	181	93	46
73	50	24	22	30	192	89	47
57	45	25	24	27	189	78	39
60	39	27	21	28	177	64	41
60	51	25	22	30	148	89	40
73	82	25	23	26	134	104	38
73	86	25	24	26	127	112	38
74	85	26	25	25	130	111	39
79	85	24	25	26	127	112	39
76	77	25	25	23	136	83	35
67	64	30	26	24	168	59	37
67	61	32	25	25	148	70	38
76	78	31	24	29	150	98	41
68	81	31	24	29	179	101	40
90	107	33	27	32	181	105	42
114	105	35	26	33	178	109	44
119	117	39	30	33	173	94	43
131	111	40	32	28	169	67	48
149	125	40	32	28	139	77	48
138	114	39	29	26	128	76	47
125	124	35	27	24	107	71	43
131	142	35	28	27	191	80	49
117	143	40	31	36	200	82	41
96	134	41	31	36	199	66	42
117	138	41	31	35	197	76	41
110	122	40	31	36	187	81	42
103	96	35	28	36	114	81	33
100	97	31	24	28	114	79	36
105	106	35	26	28	152	79	42
81	93	34	27	30	152	67	43
77	95	34	27	28	152	59	41
88	97	37	27	24	141	42	45
86	88	35	27	23	129	39	44
86	78	33	26	23	137	41	38
87	80	32	24	21	155	54	36
91	84	35	29	27	155	57	40
74	95	31	28	29	159	58	37
96	108	34	28	28	163	57	38
86	108	32	27	28	118	60	38
87	118	33	30	29	117	47	38
91	124	33	26	27	121	45	39
94	121	35	26	27	114	42	41
72	114	33	27	27	99	43	38
75	127	37	27	28	116	37	39
76	117	37	25	27	144	43	41
73	107	33	26	25	149	41	38
88	103	33	25	25	155	43	47
88	132	33	26	29	173	45	48
87	125	29	25	29	193	49	46
89	124	29	29	32	167	42	44
83	125	31	29	34	161	40	46
80	124	29	28	32	155	40	40
90	89	29	26	31	139	40	41
88	74	30	28	34	155	40	40
88	81	26	23	31	151	67	47
101	88	24	24	30	149	67	48
87	74	26	26	32	162	69	42
76	70	26	26	33	206	71	43
85	78	25	24	29	199	68	47
83	67	27	25	30	198	48	41
117	68	30	26	31	197	47	40
134	78	29	24	28	189	46	40
136	84	29	25	26	181	45	38
131	83	34	26	27	168	47	34
134	99	36	26	28	165	43	32
112	101	37	24	26	165	45	27
94	94	37	26	25	163	41	32
94	90	38	27	24	139	94	32
95	91	34	27	24	118	99	33
88	75	31	27	22	119	99	37
61	69	28	27	24	168	99	37
64	79	28	25	26	166	100	35
61	81	26	24	27	155	55	34
61	73	25	24	28	164	45	35
63	72	26	23	28	181	44	32
66	57	25	24	28	141	47	34
63	48	27	24	27	142	46	32
58	41	28	25	27	141	48	34
65	58	30	24	26	126	47	33
65	59	28	26	25	98	48	35
73	60	29	25	25	96	46	35
73	58	26	25	24	92	44	34
78	61	29	26	23	80	41	38
69	44	26	26	22	76	40	38
69	42	28	25	24	93	42	39
77	67	27	24	24	87	39	38
76	68	27	25	26	133	41	47
73	67	24	24	25	142	40	52
77	68	27	24	26	156	38	51
79	84	31	24	25	153	33	48
70	82	46	29	24	156	37	49
66	83	49	30	26	127	119	47
66	92	56	35	29	124	229	42
62	91	58	35	29	226	593	87
73	79	60	37	33	243	676	100
63	64	51	34	33	241	678	99
65	61	53	39	37	238	677	96
69	57	48	50	46	235	659	97
204	160	72	60	52	121	383	70
255	234	90	66	51	71	219	59
263	256	95	68	52	116	432	76
273	264	101	69	55	224	587	119
310	317	119	61	49	249	624	123
396	429	168	96	71	260	676	135
432	431	198	105	86	328	761	145
441	502	207	106	97	429	795	165
459	559	222	141	155	568	1061	199
457	680	229	166	174	619	1156	229
388	641	205	164	172	766	1307	395
453	650	284	197	211	810	1409	483
537	702	350	317	357	789	1417	536
665	723	400	347	418	731	1260	528
718	667	457	389	470	795	1336	554
779	829	462	421	509	805	1258	568
839	1019	454	433	523	785	1139	528
827	1043	515	469	627	906	1242	484
771	1059	616	492	675	902	1217	505
790	1096	635	487	700	837	1077	513
804	1003	655	471	696	916	1054	404
815	927	645	469	689	996	1069	398
916	910	583	446	574	989	853	438
929	946	522	488	593	1046	984	472
960	940	472	487	560	1032	929	455
963	961	480	531	602	924	852	446
895	899	567	563	634	941	877	439
844	889	574	519	598	998	951	455
826	821	563	430	477	910	758	402
793	760	550	395	436	904	784	364
740	828	520	329	344	1014	921	366
717	761	398	240	261	1086	863	340
621	673	377	215	303	977	783	239
607	673	304	246	344	1010	737	209
511	633	286	244	340	1050	712	215
450	401	276	222	357	1038	571	281
392	392	257	207	344	870	532	306
367	425	235	203	317	846	519	312
316	441	360	209	292	797	510	321
293	436	376	219	294	771	473	310
275	430	379	214	273	742	410	258
248	416	380	212	272	768	386	235
232	363	375	196	250	733	354	235
180	213	197	155	215	731	342	218
158	166	158	141	196	692	332	214
141	155	131	137	165	436	222	165
134	140	127	145	169	538	192	131
115	108	109	135	153	585	168	77
86	79	114	125	135	614	163	68
90	67	96	118	132	616	157	69
84	56	95	118	131	623	154	68
113	69	94	140	171	431	114	71
110	65	85	133	161	328	87	68
109	66	79	113	153	449	80	59
114	66	81	114	154	476	74	62
108	65	82	118	158	463	66	59
83	52	78	105	138	441	60	54
96	51	73	97	139	439	60	49
114	53	74	97	132	230	44	60
114	51	72	95	130	190	45	58
117	52	71	87	126	243	56	60
112	42	67	57	86	244	53	53
110	47	62	53	65	238	51	55
104	43	43	54	60	242	53	52
91	43	43	51	56	231	48	50
118	53	44	50	48	208	40	52
129	56	43	42	41	196	44	55
122	50	46	45	60	239	46	53
124	59	74	45	65	242	51	49
124	57	75	45	63	231	52	47
103	77	77	47	65	211	55	45
90	78	74	48	70	251	61	47
91	79	72	41	52	237	61	52
79	74	46	41	48	229	58	51
88	74	44	43	52	245	62	52
113	47	39	41	49	244	59	53
114	40	42	37	48	222	50	50
116	38	43	46	59	266	49	46
126	39	45	48	62	275	52	43
130	45	41	46	60	269	53	53
104	40	44	48	62	264	50	51
106	41	42	52	61	250	53	50
103	44	45	44	52	176	52	50
91	41	39	38	47	175	48	54
94	32	41	39	47	158	45	50
95	33	41	36	43	171	46	54
112	34	40	31	39	165	41	62
119	42	35	31	36	158	39	68
126	43	34	31	34	147	55	68
167	51	33	33	33	154	124	108
251	73	63	48	40	128	225	146
282	79	74	67	49	142	249	153
292	98	139	90	57	191	261	173
375	116	157	107	62	219	264	183
500	137	173	113	67	215	255	293
505	215	244	121	66	320	181	296
533	260	276	116	64	331	160	332
652	328	332	122	110	534	200	371
732	356	396	118	119	557	206	375
658	400	401	114	118	558	195	302
711	405	394	109	128	523	469	413
776	387	379	133	144	545	579	428
714	344	319	143	127	397	638	392
685	316	266	163	128	381	819	415
683	261	291	208	134	445	847	432
681	186	253	221	140	457	785	343
599	173	255	208	128	474	728	308
636	136	249	208	119	434	703	318
580	135	209	214	112	408	639	373
618	141	155	183	109	379	645	402
561	153	140	233	104	417	608	382
562	155	126	284	106	401	617	365
694	199	218	344	140	442	638	467
745	245	273	408	161	441	494	495
743	260	323	444	175	465	533	463
734	277	345	498	192	469	508	458
788	277	366	509	195	494	635	527
639	246	326	501	182	457	711	445
626	242	305	446	171	462	723	367
592	236	309	413	161	415	668	348
575	257	362	372	162	374	690	349
486	260	340	339	166	322	555	252
551	262	335	309	156	316	423	337
515	229	322	343	168	307	431	323
536	238	367	386	172	291	419	331
546	200	307	344	170	317	376	337
536	202	342	331	161	287	449	329
502	208	342	314	159	277	576	260
490	197	349	275	142	283	574	259
457	162	256	272	135	294	617	254
458	145	245	282	113	207	627	258
443	133	213	290	106	259	601	248
380	122	240	293	101	250	468	224
312	129	239	344	92	265	497	218
402	118	264	325	98	253	479	224
465	126	275	317	99	242	506	217
477	125	329	338	108	198	604	221
515	131	314	340	111	239	610	210
521	123	305	299	116	244	574	181
477	119	283	286	114	235	618	188
481	104	294	287	111	268	660	290
507	103	211	247	99	250	595	309
441	127	230	255	94	206	648	307
446	154	255	241	90	238	705	328
489	151	258	215	77	272	657	355
435	153	315	267	100	291	620	273
414	157	360	340	134	323	581	251
426	137	357	336	135	331	562	241
426	102	357	341	135	304	600	241
344	110	370	362	147	287	583	186
318	116	323	475	177	255	541	188
334	122	298	463	179	214	568	195
399	109	319	480	180	219	617	257
428	112	302	484	182	214	583	253
457	157	367	480	178	200	662	253
475	152	355	326	139	181	668	256
569	148	345	274	106	175	664	329
517	157	333	243	120	158	577	295
497	168	411	292	130	135	529	276
486	127	354	295	140	149	513	286
564	133	351	319	165	160	592	337
486	133	363	334	180	160	799	301
480	143	491	415	238	164	794	301
457	213	441	402	253	175	794	300
447	218	425	387	246	170	813	301
350	219	468	388	224	153	820	257
309	218	570	415	228	154	583	208
377	211	483	328	159	149	645	239
395	134	468	290	141	127	678	243
474	124	475	310	148	110	605	240
486	124	486	302	155	115	583	234
472	114	373	253	148	170	594	231
450	103	346	266	157	217	506	210
537	111	394	335	187	288	467	225
687	151	450	390	217	345	563	371
692	158	407	417	246	362	582	385
689	164	384	422	287	414	641	386
679	169	418	546	354	448	777	374
612	170	430	531	346	414	757	361
368	139	431	619	374	463	746	204
329	129	421	607	394	454	853	203
333	124	425	608	361	395	811	209
331	141	527	549	306	340	728	223
349	124	482	551	315	341	732	269
315	119	430	417	285	238	747	260
530	120	429	408	259	267	613	256
566	129	444	443	318	264	624	256
559	102	278	418	320	303	693	248
559	100	339	451	362	389	738	208
575	99	346	455	364	382	682	212
460	98	350	512	387	366	693	217
440	82	336	479	345	388	748	207
438	83	334	516	390	356	696	195
454	85	279	487	350	257	728	198
492	87	293	537	356	256	762	240
414	88	321	555	455	286	730	204
398	97	342	586	509	282	734	223
462	95	356	582	522	379	758	233
472	107	378	601	580	429	838	235
476	112	416	569	618	453	857	186
481	101	465	486	537	427	850	180
469	96	461	480	495	419	826	166
472	98	445	435	451	354	845	211
480	97	462	473	380	297	733	219
455	84	487	439	363	256	745	248
460	87	431	451	386	283	745	259
478	89	429	462	388	350	725	268
