0	1	2	3	4	5	6	7
114	146	90	57	65	101	488	124
118	145	79	53	58	96	458	96
141	165	77	49	57	96	459	94
177	172	73	47	54	96	497	97
182	204	74	50	54	95	368	93
183	198	61	44	45	83	393	81
204	214	111	60	50	74	409	94
196	241	129	85	55	82	505	121
220	253	164	96	66	96	511	147
234	233	164	95	69	99	552	163
241	263	230	227	98	96	544	160
279	259	219	240	109	104	590	156
302	222	214	239	108	104	546	144
275	226	191	240	103	97	501	124
255	233	191	242	100	91	441	103
256	228	121	133	71	86	420	101
210	239	114	100	50	97	343	99
178	234	103	81	48	96	305	98
178	233	103	68	48	93	352	85
195	220	110	75	50	98	438	93
194	211	102	68	50	94	459	102
184	179	119	75	47	73	467	104
198	193	140	99	51	74	519	101
191	168	142	106	58	80	508	104
175	190	138	98	57	83	503	99
176	170	147	109	57	83	498	94
169	200	133	105	54	83	485	88
188	211	112	87	57	104	472	98
210	227	112	74	49	107	467	110
218	227	113	75	45	98	398	105
220	245	130	91	62	108	464	128
231	228	129	94	61	108	493	130
195	206	130	93	61	95	466	120
170	179	125	93	61	82	448	105
169	197	125	94	63	85	460	111
152	205	91	61	43	69	363	80
153	211	81	53	46	91	343	73
153	210	82	49	35	81	311	69
173	237	87	53	36	80	315	71
163	208	75	48	33	83	329	67
188	207	65	41	41	99	336	83
189	202	69	42	45	85	338	85
192	205	63	45	48	84	369	84
172	176	59	39	46	87	384	83
203	193	65	39	46	84	346	85
185	162	59	38	47	92	352	75
172	159	53	34	42	96	419	76
178	169	56	33	40	100	448	90
175	174	50	33	41	102	426	90
138	153	51	35	48	108	442	87
134	159	55	34	43	89	440	93
149	201	58	39	43	82	382	120
140	203	59	38	44	82	351	142
149	210	61	40	45	79	378	157
174	223	62	40	41	80	409	155
185	226	62	39	42	89	431	152
173	180	61	38	48	99	491	131
196	183	61	37	48	97	482	97
213	210	89	49	55	108	460	87
240	230	90	50	57	110	450	123
238	221	90	52	55	101	550	131
237	220	93	52	52	106	605	152
221	205	93	52	53	108	637	157
202	183	66	42	47	102	645	150
146	141	61	43	46	98	631	136
158	224	64	41	46	104	522	131
164	246	67	39	50	95	477	111
182	252	64	40	52	101	442	106
213	275	65	37	52	100	442	110
217	281	66	34	48	95	578	97
205	235	69	47	60	92	593	99
208	257	69	65	63	89	553	98
198	275	77	90	105	120	631	109
271	405	130	156	206	188	633	121
369	535	158	168	216	201	553	136
393	569	185	177	238	226	565	135
411	637	205	215	261	264	544	151
460	660	232	232	273	307	571	153
423	594	236	212	231	284	639	169
349	514	271	229	244	290	619	163
358	522	272	246	248	282	598	163
390	513	329	239	281	352	696	187
373	523	329	222	260	310	695	191
387	523	327	262	321	351	636	186
386	535	335	272	324	364	620	189
378	529	326	264	311	364	628	192
373	471	271	295	312	305	559	188
346	423	287	325	358	336	474	183
367	501	287	307	318	331	510	164
392	556	261	291	345	360	545	161
400	651	271	307	386	399	547	166
361	633	264	279	348	375	627	140
396	631	229	240	315	358	618	148
385	604	213	217	302	341	661	182
396	549	185	223	273	298	640	185
366	412	157	190	208	231	653	189
358	410	151	170	214	220	540	186
325	419	176	212	245	226	564	189
267	367	178	223	241	201	555	178
191	311	166	203	221	186	568	215
180	270	180	205	222	185	528	234
178	262	198	227	246	243	545	235
121	258	186	209	222	263	532	234
135	255	197	196	207	257	453	219
154	289	219	198	201	254	422	196
163	295	216	192	200	262	414	166
174	296	196	149	152	227	377	163
193	306	182	113	110	179	294	153
234	324	158	98	95	165	275	156
228	302	137	92	96	175	370	126
248	304	129	84	84	221	398	130
239	300	124	77	84	226	438	141
224	267	117	69	67	212	434	139
189	207	114	71	67	214	424	135
212	193	104	62	59	209	389	143
195	225	128	70	73	175	491	191
208	241	134	79	72	163	525	206
298	316	179	103	80	174	559	211
310	344	200	125	90	180	559	219
343	373	216	132	97	171	536	259
393	373	226	145	103	176	475	244
417	372	222	142	115	186	479	238
396	379	197	133	117	188	466	247
405	388	188	136	124	197	494	250
395	415	191	178	142	228	580	216
357	414	182	254	184	331	696	203
349	499	216	281	201	346	730	200
370	481	235	296	238	350	808	199
373	465	232	291	248	366	826	201
349	443	219	283	260	357	767	192
376	478	208	226	261	290	741	210
361	416	192	225	274	280	712	202
330	387	159	206	245	282	622	188
307	416	160	210	236	257	597	173
313	408	153	187	220	266	640	186
270	351	151	165	178	231	627	159
275	347	154	125	132	205	564	168
249	356	169	123	124	187	536	163
265	358	184	124	118	178	511	160
258	359	205	127	99	155	463	157
283	396	222	138	111	154	318	178
307	417	231	135	104	159	308	189
343	465	252	141	107	158	309	199
405	469	259	141	109	177	402	221
421	468	257	144	112	190	467	222
402	444	245	136	115	180	458	199
394	433	243	143	122	172	451	181
365	380	216	132	118	174	521	167
281	347	193	116	106	157	571	155
252	323	183	117	106	153	653	166
257	364	259	282	102	154	709	163
266	327	356	307	127	165	742	173
302	360	403	314	154	187	714	185
312	377	423	332	168	216	735	181
319	374	425	378	210	204	698	161
313	333	397	288	216	202	639	158
294	330	306	264	201	206	684	145
265	308	243	259	204	207	763	160
248	289	213	243	217	189	729	156
230	284	202	158	175	184	684	148
221	274	163	135	160	176	679	153
226	310	146	119	161	178	725	144
217	299	140	116	149	195	683	122
210	276	119	97	112	180	629	114
210	273	122	94	113	183	643	115
216	263	117	88	111	191	646	109
196	201	104	81	100	171	574	106
170	158	92	71	77	127	609	122
174	184	132	95	72	122	602	121
169	187	150	100	68	125	556	118
164	179	157	104	74	133	596	116
151	183	160	109	79	131	535	116
163	188	160	112	79	120	411	81
146	150	140	91	79	120	415	73
151	157	126	84	74	110	528	94
157	161	130	83	74	78	531	91
155	165	156	96	72	85	540	91
158	168	169	98	72	84	580	99
161	163	156	94	68	88	565	99
161	152	162	95	69	99	457	84
166	164	156	97	69	106	413	92
170	150	129	82	66	93	400	84
160	153	116	78	69	103	365	84
152	183	121	82	73	102	375	88
174	241	126	123	77	88	377	87
166	237	152	159	74	80	335	79
162	257	203	176	79	96	342	80
205	372	210	178	78	96	368	86
274	435	270	280	91	92	345	112
372	470	312	297	101	99	309	141
393	501	334	290	104	108	315	143
401	582	348	298	108	144	304	152
454	562	361	309	107	149	309	158
449	582	366	261	100	149	315	145
434	571	362	305	101	167	390	125
436	557	342	337	120	197	443	132
432	485	307	335	119	180	451	126
382	456	305	337	117	169	400	112
361	363	286	318	112	169	413	111
275	315	247	248	99	153	531	105
236	283	246	200	68	110	492	91
224	241	319	197	63	80	480	88
177	179	322	189	60	103	569	84
158	225	318	194	71	111	603	79
179	262	320	215	78	117	479	79
183	264	327	222	78	115	491	82
188	275	258	238	87	126	497	85
178	279	265	230	97	122	490	84
192	285	239	214	93	138	427	83
174	246	242	184	86	129	409	77
195	263	236	215	93	127	430	83
204	275	264	203	89	133	408	78
207	270	232	208	88	147	286	90
181	208	252	223	88	130	293	85
172	207	293	281	96	127	269	82
147	213	327	278	97	127	180	75
135	188	316	272	95	124	187	77
130	250	318	271	85	93	153	57
126	277	317	279	83	87	139	55
117	279	288	226	75	88	129	54
106	262	246	189	79	93	135	50
89	263	249	207	77	81	108	43
74	205	243	200	89	93	147	52
102	163	216	172	89	90	142	55
104	135	219	168	90	95	191	57
106	120	202	160	77	108	198	60
109	98	161	110	75	107	232	63
123	82	158	105	61	104	227	59
99	80	151	117	60	110	242	55
102	70	75	115	59	108	210	54
106	72	72	109	62	104	211	66
119	76	79	118	68	107	203	65
113	77	96	118	69	113	186	63
109	69	99	98	68	114	168	61
112	73	139	120	70	111	165	62
107	71	137	119	70	107	158	50
91	66	133	110	61	110	157	55
86	63	123	107	57	102	170	61
89	72	122	100	52	100	189	59
81	70	92	75	61	115	215	64
76	70	105	85	64	104	220	60
83	72	108	83	66	95	192	57
86	75	133	93	71	95	188	54
76	65	133	99	83	106	173	58
86	70	131	99	81	95	141	57
99	65	123	92	78	102	129	57
91	66	121	89	74	104	129	53
82	65	92	78	71	99	140	57
86	65	84	68	60	86	143	61
80	62	72	58	51	87	144	54
60	62	88	65	49	79	145	54
63	59	91	69	59	83	145	53
74	58	92	69	60	101	139	51
77	67	97	70	59	106	170	46
75	68	97	70	63	111	170	48
77	67	75	58	62	122	170	50
79	66	65	55	69	133	214	55
86	75	70	59	67	123	211	61
82	68	71	62	68	118	184	59
84	66	66	64	66	117	204	63
86	73	63	63	70	114	208	65
80	75	63	57	58	103	179	61
73	72	59	57	60	102	168	47
74	74	50	55	59	100	167	48
71	77	48	49	56	101	129	47
67	67	49	51	53	97	123	52
68	63	43	54	51	91	96	50
65	58	62	69	73	96	91	54
64	49	62	69	73	105	110	53
