0	1	2	3	4	5	6	7
238	127	64	94	60	241	200	96
259	129	71	101	61	290	213	92
284	131	75	97	56	336	191	96
266	132	70	78	41	300	190	75
251	107	68	74	38	300	259	72
212	104	65	73	47	293	455	108
186	97	59	57	42	273	462	121
135	111	47	50	42	211	481	118
147	108	48	46	44	195	539	124
154	93	49	41	43	203	548	126
165	94	45	54	40	193	414	103
169	96	43	60	42	202	433	92
186	80	52	70	43	205	460	103
181	82	53	73	45	209	397	97
184	85	61	77	44	203	375	94
152	91	59	68	40	210	378	94
149	92	60	62	39	184	343	90
130	86	57	62	39	223	296	77
132	89	60	70	40	220	292	83
125	83	51	66	40	214	264	97
129	71	54	64	40	197	234	82
134	69	71	72	39	210	307	91
140	64	81	74	40	157	317	96
131	57	79	67	35	171	321	96
111	85	89	74	36	183	321	82
108	92	86	79	34	180	357	84
101	98	73	83	36	136	294	75
121	108	67	77	34	172	297	72
119	107	64	81	37	149	296	74
118	90	56	81	40	155	279	70
123	80	56	77	41	185	267	70
154	78	55	65	42	183	272	68
132	63	66	60	41	151	221	67
137	71	72	57	39	151	212	59
137	68	71	57	38	167	247	56
135	72	76	57	38	133	342	73
95	117	117	70	40	137	394	78
110	129	112	80	40	166	396	76
127	161	120	82	40	169	463	89
198	168	122	82	45	132	460	97
202	169	121	86	43	164	394	92
207	142	89	89	43	215	363	89
208	135	94	113	47	205	374	98
209	94	88	140	46	208	342	116
155	81	88	150	50	226	395	118
255	78	86	152	59	273	391	129
269	75	80	156	66	279	381	150
265	68	71	141	62	269	395	146
267	63	69	129	72	278	375	129
317	63	62	134	73	313	336	158
259	68	70	141	69	302	312	157
248	74	85	132	63	263	301	138
244	74	84	128	65	267	296	148
234	79	78	137	60	256	260	143
172	84	82	134	60	236	207	108
154	80	77	149	64	280	247	94
145	77	64	150	67	289	243	96
182	78	63	149	65	288	238	81
204	76	60	130	62	285	246	86
195	79	77	140	61	281	260	81
192	74	78	119	63	286	236	78
188	70	87	122	63	289	267	89
161	76	94	125	65	295	251	92
188	74	99	123	64	298	255	90
271	70	86	98	59	304	245	99
289	72	82	87	52	351	241	119
290	65	67	80	51	355	231	110
293	60	56	73	49	352	246	113
264	59	47	64	47	355	239	113
189	54	39	56	44	354	242	107
187	53	37	56	47	226	225	83
189	55	39	50	41	229	227	78
241	54	42	53	51	232	271	90
255	56	42	79	52	238	336	97
248	56	44	82	53	209	342	93
251	62	48	94	49	197	358	101
248	61	48	103	54	169	346	104
193	55	44	105	44	187	297	86
171	53	45	91	46	186	296	88
167	51	45	96	44	165	291	88
140	53	47	88	43	160	297	123
144	53	46	80	38	148	285	123
152	62	55	83	46	107	324	133
148	67	51	82	44	71	259	129
151	75	54	74	44	60	246	134
162	69	58	68	43	68	239	97
184	71	57	61	41	82	250	96
177	66	52	57	37	81	201	76
177	67	53	62	39	124	239	66
207	58	55	71	41	167	259	104
241	58	46	72	40	168	241	113
267	59	49	97	56	164	250	118
270	59	53	104	63	163	238	121
280	55	55	103	65	136	316	127
265	57	56	104	67	89	383	113
224	59	55	104	67	115	394	109
199	59	58	88	62	115	425	119
202	63	56	88	62	116	439	121
192	70	56	86	62	117	368	119
179	68	55	107	74	114	310	99
173	72	58	126	86	124	305	94
140	70	54	123	81	137	245	74
132	71	54	115	76	145	271	82
123	65	52	113	74	143	262	78
121	64	49	94	64	145	237	75
125	59	47	91	56	162	246	71
148	64	48	96	59	165	365	77
