0	1	2	3	4	5	6	7
154	336	109	103	111	180	189	360
157	352	120	114	115	186	230	387
177	341	112	112	109	189	224	376
191	374	135	113	111	165	205	296
217	417	178	114	115	176	262	357
225	391	189	109	118	218	331	382
231	392	191	104	120	220	328	359
264	411	201	99	111	199	336	429
272	509	204	102	115	192	347	498
255	487	173	118	128	204	354	504
248	522	183	123	129	171	305	535
245	519	183	110	120	149	288	528
195	531	178	123	135	150	288	487
184	438	157	131	130	150	274	434
195	423	150	120	135	147	326	388
216	408	120	136	142	150	370	354
220	384	108	145	148	163	402	397
212	325	100	147	143	162	396	408
199	311	104	149	155	168	396	407
177	306	111	161	152	183	410	442
138	239	111	171	173	257	393	447
129	256	113	183	178	252	360	408
122	250	122	189	214	300	406	459
165	213	135	204	213	330	472	527
166	205	127	221	212	360	401	559
179	213	125	208	193	314	393	566
185	194	123	204	203	369	453	617
189	179	115	212	208	376	531	668
161	186	94	210	236	352	498	706
168	201	97	307	287	308	514	750
153	190	95	305	295	349	512	783
156	187	86	298	297	322	559	892
