0	1	2	3	4	5	6	7
129	255	112	44	45	263	109	152
146	257	123	43	41	247	114	154
132	278	132	42	43	254	116	183
129	274	119	44	58	347	120	179
130	226	108	44	56	347	113	197
212	275	118	49	60	319	101	242
220	296	120	56	67	349	113	290
223	277	110	57	64	347	131	280
243	277	120	61	60	329	166	368
277	292	121	72	65	338	208	403
285	248	118	115	122	374	341	452
275	218	107	125	160	510	528	555
283	205	106	147	201	601	549	606
277	233	112	180	218	580	552	567
286	259	144	210	291	773	549	589
244	239	145	203	288	815	531	688
308	273	154	210	278	764	438	638
321	319	168	228	268	716	433	627
337	303	166	214	268	768	462	718
307	266	140	189	194	622	466	685
296	273	134	183	188	606	432	539
232	268	130	177	186	698	372	565
206	210	104	138	181	758	376	565
225	224	94	139	166	704	323	445
242	250	98	149	174	682	316	453
235	254	95	139	157	767	296	489
238	226	85	130	148	688	272	411
247	272	88	129	123	615	222	356
223	297	83	111	122	659	239	356
208	297	94	80	106	638	224	342
231	314	93	84	117	578	242	316
247	355	108	103	139	530	222	293
229	327	108	101	143	529	218	300
210	289	109	99	145	534	248	343
205	286	100	126	177	535	253	441
223	313	103	134	183	416	215	425
224	285	91	131	174	407	219	429
221	271	88	126	171	434	232	537
223	266	78	129	167	408	195	526
284	297	78	116	148	391	190	443
255	289	99	132	144	407	196	460
238	270	94	118	136	612	324	522
243	278	100	127	153	637	333	491
260	299	101	125	150	601	323	480
243	294	107	116	133	598	319	473
247	255	86	86	119	628	346	478
249	296	114	168	167	556	324	413
282	317	115	173	166	519	320	415
262	303	120	174	164	513	321	398
220	252	112	176	165	582	334	471
248	274	117	177	173	568	322	482
248	243	106	123	152	529	245	490
216	223	101	124	139	518	232	408
211	212	94	121	141	516	228	441
203	217	89	117	138	498	205	411
171	182	78	113	133	555	174	420
329	203	64	90	104	484	161	400
327	219	93	70	109	461	147	391
339	223	95	71	126	518	166	378
339	219	98	84	169	549	233	449
329	225	101	91	179	496	234	379
217	186	97	87	174	486	216	378
206	150	68	84	171	497	226	409
187	147	61	99	168	500	222	421
191	150	55	89	131	406	163	376
237	151	58	81	105	342	147	372
187	169	71	86	109	354	165	394
188	178	76	86	112	355	166	407
211	178	80	72	104	356	199	405
227	211	99	97	104	358	200	330
176	243	110	113	129	371	217	348
180	241	102	109	131	384	208	335
235	300	102	109	125	384	217	278
228	311	107	108	125	329	206	259
224	295	91	82	117	320	208	269
245	255	74	66	99	367	213	394
269	263	79	65	92	364	207	396
253	283	85	64	96	369	189	403
335	296	96	63	88	378	224	449
407	299	132	73	109	499	238	495
395	306	141	75	100	500	238	513
385	318	140	76	100	482	245	520
369	261	140	92	103	475	248	520
291	251	128	90	104	494	218	521
196	300	102	87	84	479	212	546
203	337	89	100	142	487	196	429
184	318	87	100	148	489	194	416
190	310	82	91	167	581	199	504
253	356	112	156	198	650	206	523
237	327	103	156	202	582	184	443
282	303	104	148	172	539	187	459
294	340	120	167	177	601	244	547
300	363	125	177	163	629	257	480
259	340	102	138	151	568	265	402
253	333	120	146	153	562	272	404
196	314	150	174	180	636	345	500
205	282	142	173	205	686	474	451
198	246	143	173	207	674	513	502
243	242	139	175	201	648	497	513
255	253	140	198	218	661	518	582
258	269	110	185	216	675	600	528
269	262	106	181	193	573	492	493
279	284	118	198	201	470	445	420
258	340	167	218	210	577	493	487
248	334	166	201	189	577	481	468
259	349	166	209	169	479	312	426
228	356	171	220	171	487	297	462
210	343	166	200	158	543	325	528
166	255	123	168	132	463	265	480
228	262	123	161	123	440	248	421
212	233	122	131	114	455	246	455
218	227	113	110	116	539	241	465
228	238	107	110	128	508	218	404
242	257	110	108	133	460	192	374
242	257	110	108	133	460	192	374
