0	1	2	3	4	5	6	7
325	564	154	100	121	619	540	383
317	607	160	101	130	613	450	403
313	613	158	108	131	514	312	356
265	463	107	103	126	469	293	366
238	446	99	112	138	508	286	379
220	419	101	110	135	475	247	304
182	385	100	97	114	398	231	241
189	376	104	98	115	391	233	236
175	339	108	96	114	411	300	339
172	349	109	85	103	386	333	354
184	389	105	75	93	370	342	349
169	366	96	82	107	355	324	350
130	328	90	89	117	375	306	365
126	310	82	85	111	386	229	288
148	370	99	83	106	429	186	283
147	380	106	87	104	385	172	298
140	361	102	79	94	393	179	291
140	345	102	62	89	529	201	281
145	347	104	96	131	543	194	244
130	238	84	101	139	493	179	208
112	134	67	95	134	494	171	175
120	160	67	95	133	481	167	200
147	264	77	92	122	327	132	206
143	276	76	55	85	277	144	203
141	279	74	49	75	308	158	204
149	278	77	53	78	499	197	200
148	267	79	54	75	529	188	171
157	246	72	63	74	509	193	132
156	245	67	63	62	495	187	143
151	239	68	61	58	534	183	129
157	268	69	62	55	419	150	155
211	311	65	62	58	391	146	157
188	264	57	55	60	406	140	168
189	248	59	57	77	601	172	220
196	251	58	56	77	610	178	267
228	290	62	56	79	560	370	326
233	255	63	56	86	594	397	409
245	243	65	52	100	732	495	504
289	255	73	56	93	621	501	529
436	265	85	67	98	572	542	547
430	213	88	74	116	607	531	567
402	180	91	97	133	659	612	553
456	242	93	127	146	659	621	519
454	256	101	151	183	648	682	549
334	244	107	163	187	818	820	548
338	222	104	166	185	883	801	492
338	219	108	174	207	831	750	442
267	151	112	164	193	712	698	385
226	120	116	156	171	711	632	266
193	114	104	150	171	602	405	190
188	241	112	147	169	675	393	224
230	266	117	147	159	724	399	236
270	285	118	172	205	720	408	308
291	294	116	166	205	818	416	352
301	309	143	205	244	871	432	406
316	325	154	238	267	784	377	432
316	410	171	259	286	764	375	462
268	403	162	239	287	815	387	422
253	402	161	246	293	759	495	459
304	438	165	238	282	724	490	432
311	412	176	204	307	660	485	414
363	328	157	171	304	623	476	455
373	325	160	182	293	812	511	456
383	373	156	169	291	836	404	510
385	361	129	125	273	740	389	499
360	342	95	134	232	735	381	476
315	326	126	167	244	772	411	443
391	344	135	166	231	546	481	521
395	312	141	165	223	441	477	400
355	300	151	165	218	441	463	394
344	291	164	164	207	517	465	432
313	301	139	111	147	602	420	421
235	274	133	101	129	613	271	357
213	274	128	99	121	590	270	362
201	232	112	113	128	624	336	362
242	199	96	106	115	612	553	396
261	188	96	107	106	524	667	384
325	210	99	102	112	467	686	357
327	177	98	102	112	478	719	381
332	184	97	82	95	472	741	406
332	187	87	81	94	464	661	446
318	179	90	99	120	624	666	459
272	155	85	103	129	680	686	465
372	172	82	102	129	670	724	467
387	174	89	115	174	688	815	512
369	174	95	122	208	806	832	509
394	220	117	133	198	757	802	531
365	222	117	128	189	745	768	540
281	191	121	132	190	746	727	527
288	220	123	132	171	761	602	481
344	295	120	133	130	657	699	497
343	294	102	122	149	595	674	463
372	361	121	127	157	550	756	439
353	369	113	126	163	619	808	468
367	400	122	121	151	708	869	585
348	354	120	126	167	768	787	546
372	359	117	112	156	728	789	549
356	344	107	105	150	722	698	554
367	350	113	98	139	693	676	569
328	288	94	97	143	642	612	539
286	284	103	84	135	516	744	486
221	275	116	80	123	494	784	494
182	228	111	95	130	483	812	504
156	216	117	98	144	470	785	466
170	324	146	149	163	304	800	412
207	421	164	149	161	255	609	415
196	417	155	148	162	250	520	403
307	447	163	149	156	250	608	480
410	623	272	179	171	223	636	487
441	585	291	140	140	214	620	517
426	550	303	159	155	265	633	534
438	550	314	179	184	289	716	578
527	559	321	178	191	333	813	603
513	451	263	162	184	327	844	639
515	486	289	228	258	347	889	620
516	504	283	240	264	309	890	610
521	510	285	248	248	359	836	638
498	541	311	264	252	453	780	593
596	579	315	270	251	448	732	629
630	548	269	219	183	430	639	614
676	527	267	192	188	461	640	672
684	550	260	293	213	594	695	641
653	496	236	298	221	578	672	681
584	515	220	294	221	571	688	627
551	572	226	296	215	568	713	616
522	642	236	317	220	568	762	594
656	763	249	241	226	478	730	570
762	847	278	230	235	403	621	569
722	802	273	305	283	399	619	552
750	785	291	504	393	417	661	597
765	751	281	523	406	560	748	616
776	648	303	513	387	490	705	619
675	608	263	511	378	465	759	581
725	604	263	468	343	464	723	607
700	642	258	282	249	493	793	657
762	747	262	233	253	480	759	739
648	724	220	231	256	469	783	725
615	729	231	227	257	471	720	735
664	750	232	219	253	563	897	808
663	707	203	173	241	617	944	789
628	590	205	177	214	519	889	676
645	594	211	218	251	516	907	748
645	568	213	223	241	533	935	795
592	582	197	230	241	578	831	762
674	699	207	233	253	537	735	713
733	753	188	280	318	505	736	734
712	781	190	257	317	517	788	772
799	781	197	272	328	602	926	809
818	749	200	276	325	527	997	952
790	675	205	289	307	477	944	941
682	597	218	309	226	561	913	936
715	634	221	304	201	678	875	957
609	587	208	282	205	639	734	915
628	577	251	281	218	597	543	697
640	571	249	261	210	613	521	798
658	653	253	240	240	588	613	875
695	631	253	245	240	523	648	767
701	643	243	256	250	481	594	682
645	615	199	249	244	554	641	764
631	618	208	263	240	701	670	819
620	559	200	215	206	717	677	783
539	476	186	204	208	664	604	779
688	573	191	197	180	668	682	898
678	617	219	224	193	710	681	911
616	602	195	210	203	580	670	842
616	602	195	210	203	580	670	842
695	631	253	245	240	523	648	767
701	643	243	256	250	481	594	682
645	615	199	249	244	554	641	764
631	618	208	263	240	701	670	819
620	559	200	215	206	717	677	783
539	476	186	204	208	664	604	779
688	573	191	197	180	668	682	898
678	617	219	224	193	710	681	911
616	602	195	210	203	580	670	842
603	555	178	201	202	515	573	774
579	564	192	192	195	585	572	811
445	508	208	200	236	733	657	752
394	549	170	166	225	711	665	707
481	524	172	190	226	701	642	597
482	529	172	206	227	752	725	636
540	564	165	224	248	763	742	637
492	540	126	217	218	697	633	640
492	441	151	225	227	616	581	562
399	434	150	196	216	650	627	617
487	491	153	167	233	766	642	692
457	452	136	140	199	719	665	659
429	415	144	139	208	648	621	566
419	403	127	129	199	679	602	582
432	425	142	142	208	778	589	622
359	403	139	131	175	602	539	528
324	400	143	125	167	576	459	502
326	439	189	106	131	625	587	561
491	645	264	136	182	695	708	766
499	666	279	138	172	523	670	719
473	767	318	147	176	513	616	699
473	768	330	154	190	628	668	700
604	781	320	157	186	641	619	748
507	682	267	134	148	551	497	551
511	666	254	138	176	560	503	515
540	540	217	170	203	680	557	640
565	532	208	174	196	663	613	720
481	475	192	181	198	619	571	636
470	385	172	175	181	610	560	622
450	333	173	164	150	721	690	689
465	301	174	136	156	727	799	730
420	284	163	144	167	654	744	632
333	249	154	137	169	632	731	638
305	244	169	142	173	651	747	706
309	280	166	138	175	721	704	685
285	280	155	142	132	636	529	499
292	281	157	127	112	675	480	495
308	282	158	125	129	779	567	579
316	346	150	122	128	816	547	511
291	353	159	112	127	657	439	446
192	335	152	103	129	687	417	446
191	336	147	104	154	770	424	544
162	337	140	109	146	693	385	444
128	296	141	115	156	680	471	422
122	270	132	136	184	834	666	512
124	254	129	139	193	888	720	549
105	240	132	139	192	797	716	465
101	249	135	148	200	817	667	459
100	226	125	144	220	888	673	487
125	193	91	130	202	832	756	507
134	240	84	116	190	734	760	459
237	314	101	128	188	797	758	465
