0	1	2	3	4	5	6	7
177	238	85	70	66	243	76	60
159	223	81	70	62	246	124	61
170	186	123	83	46	241	135	63
172	189	126	85	50	261	139	60
143	179	126	87	50	230	142	62
135	122	126	88	51	252	160	57
139	97	126	85	48	252	180	62
152	121	72	59	50	274	182	60
153	127	53	57	47	258	182	61
160	130	52	54	42	272	178	64
159	150	48	64	40	243	160	69
201	195	53	71	59	311	97	77
189	179	47	69	63	337	86	74
191	178	48	64	62	355	83	73
197	192	53	69	62	312	80	69
200	170	62	61	64	318	78	65
151	120	56	54	50	255	76	45
159	154	56	51	40	204	64	56
198	205	57	48	40	151	61	60
189	200	54	43	40	162	81	61
180	204	47	47	41	176	82	55
182	206	48	47	47	282	84	61
160	196	51	49	45	282	89	62
128	151	52	48	43	280	105	63
125	142	50	46	42	309	93	65
124	135	46	38	37	293	94	65
116	128	45	38	29	202	83	59
112	112	40	33	28	190	74	48
101	91	35	34	29	197	51	40
114	103	33	33	29	202	91	37
130	129	34	32	31	221	108	40
148	150	37	30	31	286	110	42
156	154	38	33	35	290	112	44
143	150	37	33	36	290	111	41
127	143	37	32	34	278	134	43
111	121	34	32	32	283	156	56
106	117	30	29	30	207	155	54
104	128	35	38	35	224	154	56
108	123	38	42	40	257	156	59
127	117	44	43	44	245	118	62
191	117	47	44	45	233	125	76
184	125	49	49	46	235	174	83
186	106	48	50	43	232	182	86
233	109	65	59	39	194	219	113
277	113	81	79	43	170	256	132
267	144	94	90	44	211	287	133
336	145	103	117	52	204	276	135
355	162	112	121	51	204	276	149
326	176	105	120	52	224	247	132
340	187	92	113	48	224	205	120
358	172	124	112	49	170	117	114
311	203	166	86	45	201	68	125
289	259	183	76	47	298	93	170
300	265	186	69	47	318	115	208
254	259	190	63	48	316	116	208
230	266	179	62	47	317	119	206
275	231	139	72	46	300	121	222
303	152	115	78	47	252	94	191
370	126	119	79	48	270	66	162
447	125	117	81	47	277	93	226
466	103	111	77	46	277	92	228
438	147	151	70	42	295	114	206
423	153	154	68	39	371	140	206
360	153	150	67	38	338	176	213
299	166	149	71	43	340	201	167
254	168	138	63	41	344	257	167
250	131	92	58	45	331	419	182
249	120	76	53	44	213	445	173
345	144	86	53	41	192	443	187
368	152	108	47	42	172	444	178
394	156	114	55	44	172	421	192
397	159	112	50	41	192	276	177
441	179	113	52	42	140	224	186
379	160	102	53	42	137	235	155
334	145	75	53	34	159	228	143
304	189	66	49	39	153	234	141
303	199	82	50	39	129	238	167
262	187	85	51	39	135	249	159
263	183	84	50	38	134	273	162
273	202	85	48	37	108	315	166
265	155	87	46	33	109	323	154
280	166	73	47	33	97	316	128
283	166	70	45	36	104	311	130
273	169	70	44	38	103	272	117
235	138	69	43	39	110	206	105
247	137	69	44	37	105	199	95
293	128	73	44	42	99	182	93
289	121	70	40	37	69	168	79
311	128	67	40	38	66	321	112
314	127	64	41	36	43	329	107
306	130	66	40	36	41	321	107
291	113	61	38	31	45	316	116
270	110	61	38	33	52	352	156
299	138	64	42	32	62	319	187
300	175	69	42	32	63	322	210
299	171	59	40	34	63	316	212
265	168	60	42	34	60	356	213
275	169	58	40	34	56	327	195
214	138	58	38	29	89	251	150
209	87	54	40	31	101	253	120
229	101	59	42	29	101	268	114
214	103	54	42	31	101	228	107
191	105	52	43	30	101	243	90
202	109	51	47	35	85	219	82
205	113	56	46	35	82	192	78
212	117	65	46	38	83	166	89
206	109	90	60	36	84	151	76
214	130	110	73	42	83	108	75
232	130	114	71	41	64	98	99
294	125	117	71	45	46	142	125
280	106	117	72	43	49	176	125
288	122	109	59	44	55	172	140
332	106	108	46	41	56	173	157
346	109	113	51	40	59	173	153
310	113	108	50	36	68	143	149
326	115	106	48	37	66	105	150
347	101	100	48	35	61	126	144
296	108	82	47	35	57	133	128
260	101	64	40	34	57	145	138
262	103	72	44	34	54	155	136
292	108	80	52	36	53	150	144
306	114	81	62	40	50	152	163
326	114	99	64	42	55	175	176
324	114	105	66	41	52	184	178
332	120	105	65	42	43	169	187
303	122	100	60	41	45	173	183
274	120	105	54	38	46	186	167
254	105	85	51	36	40	168	155
274	139	104	50	36	54	150	141
322	137	107	50	36	59	151	131
327	133	110	48	36	54	145	140
328	131	104	46	37	59	108	148
327	135	110	49	37	60	98	150
333	127	98	53	37	47	87	149
255	120	88	49	34	40	100	141
239	124	84	50	33	42	112	145
222	129	87	48	29	31	103	129
238	134	85	43	26	30	109	123
211	126	85	37	27	30	130	118
225	129	87	37	28	29	126	122
261	126	102	35	27	29	134	108
256	116	97	33	30	31	160	116
241	117	98	30	38	39	155	123
269	95	93	32	43	49	147	147
291	91	103	36	44	52	149	135
246	82	80	35	44	54	189	129
245	80	84	49	44	87	179	120
240	74	79	74	47	90	190	111
245	76	81	86	52	87	212	82
214	86	80	85	49	85	206	87
228	90	83	87	51	95	167	86
285	105	87	91	55	69	221	122
295	99	85	77	50	62	216	127
291	104	77	69	43	61	206	135
297	100	62	69	44	63	210	142
289	99	58	71	46	53	214	143
242	89	50	65	41	68	154	117
278	89	51	67	42	88	170	114
249	89	58	67	42	90	154	97
235	85	54	69	42	88	159	82
271	85	57	65	41	89	151	88
308	87	58	61	44	86	227	106
267	91	63	56	43	70	210	102
262	87	58	55	42	64	207	103
256	85	62	53	43	65	200	103
232	81	61	53	42	60	193	96
198	70	57	55	36	54	104	78
274	72	56	54	41	49	117	116
292	65	53	50	39	54	117	118
299	66	49	49	39	54	127	126
296	68	47	47	39	53	152	129
285	72	44	41	38	42	142	125
231	64	39	39	28	38	133	101
207	58	39	38	30	35	138	99
220	73	47	44	34	32	145	88
235	73	45	47	35	34	161	93
234	70	51	53	40	36	163	89
227	64	47	51	41	38	162	78
242	72	53	48	38	36	160	78
