0	1	2	3	4	5	6	7
232	305	149	104	118	130	330	172
256	316	160	102	104	136	397	162
233	314	148	86	80	124	406	165
252	328	144	83	70	127	441	162
241	273	120	75	70	147	451	147
232	281	120	98	83	186	414	145
213	289	209	184	101	305	433	133
273	426	606	379	167	343	544	163
330	511	681	451	221	354	621	168
404	650	704	526	253	364	624	185
416	654	743	586	324	357	727	197
426	657	732	595	365	291	750	194
405	589	479	496	346	258	772	174
344	504	371	442	325	250	718	168
248	286	329	361	304	224	756	155
219	262	226	243	220	220	669	127
184	236	180	160	135	179	596	121
151	209	125	155	119	157	452	103
148	206	127	130	88	133	408	107
138	195	123	102	90	159	313	135
146	198	132	98	91	158	250	151
183	216	149	88	84	165	191	144
235	243	153	91	101	178	174	151
251	280	150	94	104	180	277	159
248	298	161	99	112	170	361	144
252	323	151	96	110	172	381	143
238	307	143	105	116	218	379	136
272	339	207	170	135	271	518	142
291	355	431	233	185	375	598	159
340	428	491	310	220	452	765	196
356	462	521	326	222	480	820	193
380	480	568	375	233	458	822	196
338	472	563	390	235	442	790	195
336	470	423	365	208	391	736	176
291	395	354	307	164	308	686	120
272	329	309	299	163	256	629	108
226	300	211	239	149	276	647	97
202	249	171	173	116	254	595	88
147	173	188	158	99	208	597	90
124	157	172	144	92	193	414	86
99	142	177	157	90	178	441	86
100	126	177	148	76	144	439	85
100	119	195	142	78	141	454	79
102	106	158	137	67	125	424	70
105	108	159	137	72	137	446	70
110	96	148	107	62	141	378	71
94	90	154	115	62	136	410	71
97	104	216	157	64	119	424	71
101	115	242	190	71	126	408	66
111	133	242	188	58	100	470	65
110	146	263	186	61	104	530	58
110	153	267	192	64	104	484	55
179	213	203	183	59	106	457	68
180	217	193	154	52	110	522	78
179	210	212	173	58	105	460	80
176	206	187	176	61	97	427	80
189	219	187	158	57	97	424	82
144	158	209	141	58	109	477	68
158	145	213	140	58	97	399	65
154	143	205	131	53	92	374	64
157	134	210	128	48	101	339	72
141	106	209	174	54	103	335	67
124	93	216	197	50	93	344	68
105	89	214	207	55	99	368	68
105	82	226	221	63	98	348	70
107	94	245	241	70	88	340	68
105	98	291	223	66	83	389	79
106	101	286	208	68	79	334	77
94	122	287	199	66	67	296	67
98	129	297	189	62	74	300	64
92	132	309	186	56	75	296	61
99	128	288	190	58	73	279	55
95	130	329	214	61	73	258	57
96	133	342	249	64	74	246	55
106	156	365	279	72	77	316	61
107	150	358	295	82	97	382	72
117	150	408	331	94	109	393	69
119	155	405	315	91	110	401	69
129	141	413	318	100	120	406	70
114	114	418	299	97	121	354	65
127	114	428	281	90	99	294	55
115	112	392	259	82	98	232	60
108	104	388	271	92	110	241	61
95	95	392	236	79	103	233	62
143	86	350	222	76	98	228	62
139	85	324	232	80	104	251	64
147	89	309	212	81	109	264	56
154	87	301	218	84	98	228	59
164	96	279	227	93	112	264	69
184	98	316	236	95	120	317	82
216	110	402	228	95	141	352	98
254	120	408	251	98	164	370	107
268	120	392	239	96	169	380	109
300	124	408	246	99	178	361	108
270	124	393	246	100	181	348	104
248	110	328	266	102	199	302	98
227	99	313	250	103	180	276	90
212	100	305	242	96	188	274	93
157	99	283	221	84	188	293	90
160	97	328	214	89	245	259	96
154	107	304	169	87	283	235	88
134	107	287	144	84	316	222	89
152	105	301	144	81	318	207	88
147	85	281	161	83	308	175	92
139	88	204	171	70	265	179	81
131	74	222	172	64	211	214	76
113	77	296	173	55	156	213	72
62	73	297	196	55	130	208	67
68	81	309	183	57	143	233	63
70	77	310	170	57	133	220	63
76	75	308	180	58	152	197	73
89	73	246	181	61	148	192	82
96	70	236	148	60	154	199	86
91	68	232	146	58	149	182	83
93	66	218	140	58	150	175	83
93	65	198	120	54	107	169	75
84	64	238	124	51	114	165	70
77	72	283	128	53	115	165	65
80	67	269	124	47	104	152	61
76	68	272	119	43	100	172	62
76	63	302	132	46	99	184	62
82	61	280	123	49	110	188	60
84	54	216	117	51	105	185	60
82	53	260	135	52	103	183	60
80	53	263	139	58	108	182	52
82	55	246	141	57	109	180	51
76	52	260	153	53	83	197	52
71	50	256	161	49	74	195	55
68	52	220	172	59	83	192	54
70	53	223	175	66	80	173	59
66	51	207	166	70	91	177	56
78	54	183	160	79	107	165	52
87	58	200	164	90	116	162	52
86	57	185	145	86	113	161	56
85	54	174	141	81	130	187	52
90	57	189	167	87	113	177	53
77	52	192	164	78	98	185	57
68	46	170	146	64	101	191	59
91	51	198	138	62	99	188	62
103	52	197	135	54	84	175	61
107	53	183	109	39	83	172	66
108	61	170	101	37	88	160	65
112	57	163	103	41	86	170	63
100	52	122	104	45	91	224	70
102	54	123	106	47	92	223	76
146	46	105	93	47	106	229	74
156	38	87	86	48	104	236	76
167	42	144	109	100	104	297	87
178	46	155	167	124	124	279	84
175	47	168	173	156	174	356	83
202	48	196	184	167	174	356	80
270	50	209	197	173	176	367	81
283	52	194	195	149	171	331	73
305	47	189	151	134	166	333	66
338	47	201	141	100	133	280	71
304	53	250	160	188	142	284	76
249	66	246	151	204	137	275	89
235	75	246	145	214	173	448	96
202	83	291	160	214	183	470	102
143	83	286	174	222	169	457	106
137	88	246	182	145	160	469	103
122	81	238	179	115	170	502	93
103	79	234	175	95	178	359	84
88	74	189	160	87	164	437	82
84	76	193	169	59	181	445	88
93	73	165	140	68	196	470	96
91	72	218	158	78	193	525	106
95	72	238	165	77	168	535	111
103	70	252	190	84	168	492	107
122	72	252	179	91	170	548	94
138	94	266	180	83	153	566	94
132	95	243	178	74	149	492	76
144	96	275	213	77	145	564	88
