0	1	2	3	4	5	6	7
594	811	594	276	285	566	461	365
697	872	675	277	288	621	512	487
710	887	758	310	312	598	495	501
855	988	752	345	366	581	489	520
940	1000	793	351	383	569	522	533
941	1063	831	359	383	594	499	612
917	1072	824	389	402	602	506	585
947	1054	776	372	378	551	473	566
793	983	777	320	309	539	476	542
666	912	708	274	261	634	450	557
606	783	618	255	250	688	430	462
522	690	466	221	232	674	408	394
399	599	388	173	212	678	410	362
345	515	271	155	200	677	385	370
311	463	245	159	189	651	406	330
292	491	234	155	187	578	351	415
294	447	247	129	165	590	282	410
284	452	253	122	155	580	266	408
268	475	293	133	170	571	268	411
267	506	315	137	168	505	181	441
266	488	307	123	132	569	169	403
286	470	293	113	123	532	159	399
265	448	267	114	131	534	155	424
270	446	218	100	111	533	155	425
263	410	189	75	97	593	134	376
280	376	195	71	100	447	126	423
216	344	179	57	94	406	122	423
226	412	168	77	112	413	147	434
231	393	167	78	108	439	154	426
230	439	154	83	110	341	148	415
203	575	163	89	114	294	131	240
173	571	172	90	109	301	128	235
169	532	177	74	90	343	131	232
159	519	184	76	92	314	126	245
178	523	184	80	96	288	133	255
165	375	167	78	94	275	139	263
180	367	160	73	104	393	180	300
210	423	141	74	99	438	189	268
247	473	136	69	93	430	192	251
241	419	167	64	88	427	186	246
242	401	182	57	82	451	198	264
243	443	186	63	67	413	175	254
230	405	183	59	62	315	142	258
197	370	189	59	68	307	131	252
193	385	188	58	66	353	151	260
180	373	168	62	69	446	131	254
232	324	175	67	76	421	121	206
226	321	214	72	79	415	117	181
212	321	210	73	74	462	120	238
212	312	184	68	74	533	106	276
240	346	198	67	75	452	101	287
170	330	191	55	64	424	92	289
156	294	142	50	70	428	93	300
167	268	131	55	78	410	103	282
163	249	129	55	79	369	105	266
139	233	123	51	71	348	108	235
153	257	111	53	73	343	109	236
162	274	114	55	64	367	117	227
164	320	123	67	79	371	111	349
175	334	128	66	74	281	103	328
159	331	116	69	80	281	97	332
170	314	134	73	82	336	103	332
165	308	146	73	85	433	101	334
182	317	169	58	65	407	101	223
193	314	167	62	72	393	99	221
219	343	176	63	66	394	128	254
203	334	164	54	65	357	124	274
208	329	172	53	65	222	130	351
223	325	155	55	64	213	137	335
229	308	151	49	58	217	135	340
208	264	162	45	58	301	128	322
214	264	159	48	54	312	146	350
205	306	135	43	50	317	144	284
246	270	118	42	55	326	144	282
263	288	120	66	75	385	212	344
298	289	89	78	90	428	218	399
330	318	94	84	102	474	225	391
352	283	100	123	170	553	349	463
425	264	110	154	196	721	506	581
465	288	114	164	205	717	517	560
486	307	119	181	212	706	536	530
475	293	137	200	254	850	535	530
472	302	146	197	262	834	484	490
386	317	154	203	273	752	469	347
323	297	157	202	274	846	494	344
268	288	164	191	273	826	474	342
283	339	157	183	256	659	470	361
264	339	148	184	234	700	470	351
237	335	133	154	202	876	354	415
225	334	125	140	192	803	274	406
221	345	110	142	188	785	299	415
189	326	98	129	162	826	314	388
238	323	92	99	122	790	342	419
280	313	104	156	136	558	337	384
296	321	125	197	226	600	384	450
316	296	149	213	237	744	384	482
319	239	152	214	232	770	411	516
286	219	150	215	237	777	409	500
360	298	151	191	246	924	492	491
359	276	138	158	179	936	481	509
385	374	110	129	171	875	474	511
408	378	110	175	208	944	447	501
421	388	119	192	214	973	457	497
332	358	113	189	199	826	389	471
330	363	109	181	181	831	425	434
284	258	103	182	184	830	517	462
254	262	97	170	188	684	612	452
230	250	91	155	188	598	588	443
227	216	78	140	179	632	576	466
214	207	76	138	181	587	581	455
212	263	97	139	185	573	530	374
198	289	125	129	151	564	446	362
203	301	130	126	140	579	489	450
199	296	135	128	153	576	531	488
269	311	137	132	159	590	583	522
263	330	124	137	144	534	623	531
253	299	96	125	146	562	720	516
259	297	116	131	149	633	784	470
253	292	123	142	167	655	783	481
192	298	133	140	156	592	734	405
208	263	141	136	157	605	681	414
211	259	141	127	156	594	594	466
193	258	132	149	194	571	466	443
359	285	140	161	215	569	510	374
483	365	149	164	223	655	480	382
487	364	145	161	234	823	492	428
499	384	148	170	250	861	493	520
550	443	150	157	237	823	523	501
476	434	137	147	200	786	446	569
343	382	114	146	222	933	486	612
384	434	119	150	241	946	522	593
374	419	110	127	218	905	489	481
303	377	105	112	202	916	453	497
289	369	119	151	293	978	429	476
349	364	124	159	279	783	428	461
329	394	143	158	256	571	386	441
337	415	154	158	262	669	370	430
342	389	146	163	279	765	404	474
342	417	138	112	184	720	405	461
294	404	144	111	221	712	364	414
247	275	118	107	217	777	384	461
282	332	116	122	254	809	425	518
318	393	135	135	254	746	398	466
313	367	137	143	268	702	383	428
295	402	138	157	244	802	382	509
349	495	163	175	262	854	406	595
366	470	164	185	252	803	389	591
325	430	152	183	249	940	425	612
327	443	154	196	248	1068	490	650
345	414	147	214	243	1044	512	594
309	334	120	210	220	994	503	449
235	295	118	215	211	1025	492	395
249	320	123	231	211	886	459	399
262	363	120	241	204	760	421	357
343	445	158	225	213	709	420	387
416	442	165	245	265	820	498	449
436	454	163	228	274	789	559	539
443	442	156	209	264	764	578	529
568	452	159	181	252	738	567	512
534	435	156	194	267	733	577	498
601	591	192	221	230	695	577	471
756	618	203	231	210	617	546	374
831	707	231	231	216	665	524	349
813	738	263	256	283	835	572	428
866	792	272	255	282	876	539	507
818	717	269	215	289	779	420	495
815	790	277	228	305	795	368	477
776	753	261	340	365	863	395	527
788	715	224	349	348	779	366	462
867	742	233	353	340	759	371	400
871	722	220	350	330	796	391	399
784	667	204	358	354	961	494	458
766	658	212	259	304	912	517	454
765	690	229	221	264	852	492	439
622	654	195	195	296	989	550	512
583	638	181	215	305	1033	555	552
574	612	178	196	251	875	466	509
605	619	170	185	227	827	404	461
518	570	155	181	244	888	414	529
475	466	142	192	223	784	359	449
507	470	164	161	217	652	306	376
478	463	175	140	225	687	332	379
420	394	171	156	236	770	411	471
390	436	257	158	231	734	403	464
479	492	256	142	205	674	405	450
533	488	265	142	193	692	414	444
509	490	268	135	196	718	449	457
517	519	312	165	241	689	479	468
