0	1	2	3	4	5	6	7
154	151	342	230	78	111	336	73
148	147	302	234	75	97	314	64
150	147	353	249	77	92	286	70
157	130	296	185	73	102	454	73
160	129	270	176	66	98	460	72
153	171	286	200	70	77	456	66
155	174	293	201	65	72	492	68
154	174	305	222	73	77	520	70
145	178	311	204	68	69	441	75
138	191	313	196	68	69	412	76
149	174	310	187	59	67	413	73
164	203	342	210	70	72	396	73
171	225	437	225	67	74	372	78
184	256	487	245	73	74	470	70
202	284	679	262	73	75	487	76
202	325	749	279	72	78	474	78
234	324	764	261	63	75	528	84
228	310	701	214	58	67	555	81
231	288	676	211	61	73	457	87
227	255	518	214	74	80	474	85
250	233	570	211	75	79	518	89
209	209	558	235	77	77	480	95
208	212	539	241	79	78	440	95
218	225	530	245	78	76	551	98
214	234	590	277	88	75	539	99
178	264	429	279	90	76	510	96
218	263	399	261	92	92	513	89
221	286	428	260	92	97	522	80
239	295	481	270	92	93	410	77
244	304	441	282	75	91	538	92
262	259	450	260	74	90	528	99
229	254	464	287	91	80	523	98
229	225	447	286	97	79	541	108
187	192	400	286	95	86	525	109
182	186	381	275	95	102	414	102
170	167	393	294	95	106	464	107
188	185	428	307	83	104	536	118
183	179	493	327	82	113	524	111
188	188	536	351	81	107	540	106
182	193	522	319	82	101	508	105
166	199	503	313	80	96	467	99
180	189	469	286	78	93	360	90
209	193	410	259	70	89	376	106
224	186	333	190	67	90	356	113
223	151	279	195	64	81	365	120
213	122	290	212	76	90	394	126
191	113	262	219	75	93	392	122
155	94	215	228	74	89	403	114
123	99	231	240	79	86	429	108
136	87	224	235	75	97	429	102
135	88	196	194	66	112	439	88
125	84	188	159	57	114	420	87
127	88	190	151	57	113	388	80
134	80	149	137	52	113	341	80
126	90	147	119	50	102	330	71
139	90	152	114	44	97	292	75
129	75	147	124	46	90	356	78
119	69	134	114	49	93	377	74
114	79	244	120	54	93	378	73
128	68	243	123	58	90	421	77
116	75	243	123	55	67	417	68
116	80	275	107	52	74	434	72
152	94	325	111	54	71	460	85
148	82	249	91	46	75	466	84
131	85	257	77	41	81	424	81
145	86	258	102	48	76	436	91
151	83	225	102	54	78	372	85
119	68	152	93	51	83	427	78
122	72	155	102	58	91	472	80
122	68	146	106	62	91	496	82
102	58	161	92	62	99	479	79
103	53	159	92	65	120	517	89
134	57	146	85	64	118	474	100
130	52	138	75	63	121	437	96
126	60	121	70	57	116	440	97
129	58	71	55	53	121	443	93
120	60	73	61	46	101	404	83
85	68	73	62	45	99	415	65
96	83	83	71	51	99	429	70
106	76	85	79	64	128	443	67
114	78	85	83	68	133	517	73
139	87	87	77	69	138	516	81
140	79	86	78	70	148	535	82
144	81	81	75	69	164	592	83
138	99	84	68	65	163	581	81
135	98	84	63	62	155	545	75
109	94	76	60	59	145	549	64
108	94	71	58	60	145	480	62
104	81	63	52	51	124	369	63
103	62	50	48	43	99	378	63
95	62	44	42	43	109	359	65
112	73	60	48	42	112	353	72
