0	1	2	3	4	5	6	7
138	360	203	110	153	561	243	300
137	339	186	115	159	411	180	300
148	328	165	130	162	359	162	301
176	360	155	115	137	378	184	314
169	290	112	98	105	484	199	340
181	292	105	98	96	487	198	290
210	264	116	94	86	467	211	272
209	307	136	78	82	454	217	275
169	246	138	79	80	427	208	288
166	252	131	83	79	318	205	291
160	306	139	87	83	339	199	256
130	321	128	86	88	311	164	243
120	259	103	79	82	335	168	238
113	252	98	82	92	441	192	322
111	263	101	79	95	444	207	311
101	198	90	75	91	389	196	305
92	172	89	69	81	389	197	304
95	178	74	69	90	385	200	323
97	194	68	67	87	297	163	226
124	207	62	69	88	284	136	207
138	245	67	89	110	333	134	215
134	251	66	92	120	408	152	272
135	246	67	88	112	511	150	310
134	256	67	87	109	501	173	306
169	325	66	87	105	496	188	314
165	293	53	65	84	482	210	337
161	290	51	61	72	442	208	371
166	317	52	62	77	297	202	327
174	312	54	65	78	282	185	321
121	204	49	62	72	448	164	310
116	197	49	62	70	500	139	379
121	220	54	69	70	492	131	306
141	206	61	75	67	509	121	307
128	197	65	72	66	550	136	322
125	219	68	77	101	450	149	354
118	226	75	94	115	417	152	247
122	218	88	108	130	473	156	298
147	245	88	109	141	538	191	328
206	245	88	109	142	525	360	388
231	250	90	109	126	542	417	385
247	261	92	99	120	653	575	575
249	239	80	87	113	675	596	587
272	188	75	88	102	659	593	576
254	216	101	89	102	725	521	579
246	301	104	96	125	778	517	604
253	395	107	120	145	686	350	431
268	467	113	126	171	668	337	380
220	468	116	135	191	736	344	428
199	460	93	135	198	653	336	380
218	401	100	142	200	564	266	316
206	342	109	126	186	533	268	348
185	237	103	119	158	601	285	487
189	249	103	106	137	510	264	431
222	308	109	106	125	502	250	431
206	321	114	123	148	590	340	505
204	287	102	125	180	722	416	556
212	352	104	143	194	669	391	447
222	386	102	144	190	628	397	453
196	338	95	150	201	672	414	475
178	325	82	130	174	692	363	450
234	323	86	131	152	584	270	385
257	266	82	115	140	575	370	416
261	206	86	138	193	741	394	531
252	195	95	142	200	754	387	532
267	259	92	141	200	676	389	505
234	253	86	136	191	662	376	494
234	237	91	149	210	729	323	551
238	263	112	189	210	606	295	470
280	318	115	187	198	544	325	444
304	293	118	189	201	549	349	424
316	289	117	189	203	605	401	457
372	309	124	187	188	523	370	445
371	288	102	124	136	473	445	415
414	281	95	111	124	469	430	417
417	255	88	96	115	579	516	457
479	249	89	95	114	513	509	539
459	260	109	91	111	462	542	509
459	259	114	95	110	461	621	528
467	214	122	101	115	512	694	573
510	216	133	107	108	402	653	650
439	222	134	102	107	459	724	573
452	230	126	98	99	482	763	575
463	242	128	107	110	538	800	583
419	239	127	107	113	512	751	633
353	260	131	115	121	495	805	540
369	275	131	112	112	449	781	599
340	245	115	100	113	485	810	580
369	233	144	85	103	515	843	571
347	225	138	81	106	496	859	485
341	244	129	62	93	470	802	477
357	252	129	62	98	443	775	430
340	253	140	70	103	503	751	467
327	249	113	64	110	494	600	465
366	409	150	72	102	487	572	446
423	414	181	83	117	485	597	447
415	401	201	89	121	540	670	432
411	401	201	82	106	461	646	390
385	413	202	84	94	367	654	382
342	256	180	78	92	397	700	393
252	257	171	70	78	413	789	500
216	264	151	65	73	465	865	579
197	255	161	72	87	521	967	573
215	258	156	74	93	534	931	573
219	293	194	71	110	545	899	566
222	254	201	68	109	575	850	467
249	277	213	72	105	494	713	329
365	390	213	69	98	474	503	416
369	465	222	71	100	481	652	509
364	455	202	91	90	448	700	500
363	470	197	94	104	562	780	499
339	458	189	92	110	681	784	565
243	380	201	95	114	635	783	533
224	335	214	88	112	614	673	447
226	380	271	84	109	649	663	444
227	356	261	101	120	560	653	474
455	551	277	113	126	410	676	403
500	594	293	122	124	396	699	389
547	586	303	127	119	408	727	525
580	580	274	124	115	378	714	596
711	804	376	144	105	315	536	580
675	775	391	143	94	304	493	593
673	780	379	138	95	294	482	562
724	795	395	150	115	406	483	553
710	792	400	154	121	389	520	574
679	644	353	132	122	378	601	569
612	624	387	130	122	370	563	539
575	645	428	133	130	404	558	540
472	729	476	141	194	464	606	524
486	745	474	140	206	525	647	592
350	718	475	141	202	527	644	593
353	699	441	152	210	523	641	599
383	709	434	150	211	511	756	738
452	618	363	129	141	405	744	696
537	640	357	153	166	380	697	595
641	651	361	195	247	394	705	629
643	613	438	227	323	400	758	643
622	579	432	248	328	392	686	534
711	659	451	259	340	366	626	575
701	673	476	257	334	297	624	572
603	642	487	269	360	263	551	549
586	711	443	298	358	250	501	554
623	731	429	341	372	246	446	541
545	734	415	348	368	231	543	514
498	701	403	360	362	210	525	582
524	710	369	373	372	229	588	568
558	664	361	362	322	229	581	541
566	645	368	316	319	225	588	496
530	537	395	365	325	239	535	480
503	513	399	406	358	283	501	406
487	513	372	384	296	273	457	408
576	530	358	388	300	377	541	484
549	481	346	440	398	535	596	615
616	488	315	426	431	585	619	601
675	533	290	410	432	565	601	563
696	573	306	411	427	601	574	569
668	554	276	379	417	589	504	605
708	732	287	312	307	459	605	659
605	752	324	264	243	378	562	632
626	754	322	191	177	389	569	633
659	747	351	163	149	338	634	654
635	716	368	187	161	291	649	639
609	601	376	188	162	301	507	447
657	614	334	207	221	315	528	512
614	599	351	264	341	477	713	536
603	705	386	275	440	659	840	576
620	788	399	271	464	762	829	517
682	760	382	275	470	773	808	596
662	778	406	319	509	937	867	557
