0	1	2	3	4	5	6	7
183	300	99	73	88	435	130	223
180	308	98	52	74	424	131	213
171	321	117	54	77	430	130	213
168	331	101	60	80	515	136	254
195	340	102	60	79	511	142	256
178	323	100	59	71	481	131	247
164	351	106	66	76	466	130	258
152	306	79	61	71	500	146	263
154	297	84	53	67	471	144	247
171	331	91	53	72	411	122	215
179	377	92	63	73	402	123	202
185	331	82	65	73	421	150	238
188	337	90	72	74	410	140	252
202	406	84	69	67	315	137	230
165	378	75	73	63	288	126	226
148	314	75	71	62	295	138	246
143	335	77	66	54	297	119	220
167	351	90	65	56	289	138	204
160	278	92	74	69	294	136	209
159	262	93	89	96	327	158	252
160	260	95	86	100	373	164	234
174	281	97	86	99	391	155	248
197	312	85	85	102	360	137	245
187	308	75	89	113	363	134	254
186	298	84	76	91	340	117	232
184	299	83	77	88	267	100	252
203	297	82	76	92	223	98	227
170	253	86	86	99	264	115	260
170	241	85	73	81	307	132	264
183	282	80	69	85	339	136	314
185	293	82	67	86	338	154	304
228	265	91	84	96	342	166	419
246	295	95	79	85	482	191	437
276	335	98	81	86	487	229	465
271	319	97	97	98	478	227	455
414	358	102	131	121	562	404	544
391	371	99	161	152	675	465	485
395	335	105	170	172	583	457	463
381	322	105	181	186	565	441	425
399	301	110	190	190	687	460	420
252	270	110	193	215	643	358	338
266	248	115	172	196	535	271	305
244	250	97	159	180	533	289	323
238	230	101	153	170	620	309	351
219	312	105	144	179	517	301	353
219	314	100	107	133	503	252	312
184	345	99	106	133	535	251	328
170	341	104	125	151	627	260	343
197	349	124	152	177	570	227	321
200	326	129	147	160	521	198	283
217	345	148	157	164	568	200	312
211	305	145	162	167	617	207	321
238	321	151	163	177	554	167	267
244	329	138	152	161	520	181	267
229	290	123	146	159	578	232	298
215	256	105	138	156	562	261	347
211	282	99	122	146	462	279	368
185	271	86	104	117	407	275	372
166	266	84	92	102	412	278	378
161	259	92	93	100	537	266	374
149	237	79	89	99	537	253	364
165	203	78	104	120	534	268	317
160	201	84	127	140	574	273	350
138	159	72	125	141	620	268	374
137	164	67	130	141	454	246	358
135	160	70	131	139	401	237	286
124	156	78	154	161	403	238	330
121	134	89	150	170	615	275	403
123	122	94	145	175	603	288	452
122	103	91	148	178	601	299	468
114	86	93	152	180	610	287	468
95	81	89	132	172	773	435	453
81	73	75	136	170	684	434	359
125	106	69	134	164	657	421	243
148	110	80	147	206	655	412	198
163	130	97	178	246	690	442	289
164	128	99	179	231	602	310	305
239	212	106	181	237	517	303	307
227	248	112	196	253	505	306	308
218	256	112	202	232	514	309	327
214	261	115	178	207	653	268	288
256	323	125	170	202	562	212	287
198	298	120	162	175	527	160	286
184	274	127	145	150	545	186	316
180	278	124	115	126	590	323	352
194	306	116	115	105	394	346	326
177	313	118	158	139	382	347	286
170	301	126	146	142	408	348	324
175	290	120	144	167	556	371	322
200	283	118	160	194	662	283	352
222	295	112	158	194	667	255	371
194	242	104	124	195	665	251	381
194	238	95	133	195	684	317	437
196	265	106	173	184	578	307	466
228	370	145	176	175	395	293	409
200	336	147	187	179	351	295	410
213	335	143	191	194	447	326	483
213	346	141	219	230	517	298	431
206	370	143	204	229	523	262	437
161	288	114	201	232	517	259	458
155	294	108	191	232	585	299	449
132	308	114	184	226	608	348	381
162	370	165	174	225	532	328	359
166	326	163	221	232	515	376	307
151	321	176	257	284	690	382	294
149	349	180	286	320	681	385	327
156	389	188	323	365	600	319	340
139	343	148	339	371	680	313	400
141	351	184	328	386	676	331	405
144	410	185	331	435	494	336	387
152	402	195	309	422	431	289	438
147	403	231	359	452	561	313	445
154	452	248	455	624	490	317	393
184	486	249	565	702	487	235	387
184	444	269	660	717	503	209	415
210	462	418	874	912	739	321	397
320	513	448	1039	1011	672	302	385
329	477	481	1071	1088	632	297	370
322	506	487	1089	1079	635	306	473
332	507	486	1062	1096	666	317	489
382	568	382	952	1054	415	212	439
342	584	362	785	986	395	192	422
344	583	393	732	859	436	249	473
424	612	481	813	932	515	326	425
440	652	487	915	976	457	318	386
421	620	491	874	854	434	311	374
444	553	537	975	929	556	359	412
480	558	490	995	921	547	361	457
416	468	385	904	825	490	299	396
393	427	370	781	711	497	310	390
352	352	352	833	770	499	311	432
274	318	237	745	623	360	273	456
241	329	222	705	554	349	302	392
234	410	217	641	520	313	314	463
227	376	218	631	569	425	353	554
225	444	261	579	577	465	372	591
239	475	276	522	582	495	395	551
174	447	262	512	623	477	361	574
155	391	262	494	612	534	356	531
223	410	242	513	581	453	328	467
240	370	195	515	576	427	309	432
223	318	187	523	581	446	280	654
229	331	200	501	525	498	318	620
231	305	199	491	513	431	294	618
167	310	226	515	502	422	268	643
167	287	225	492	405	454	342	690
185	327	203	421	341	476	363	518
172	310	202	482	404	435	312	537
158	313	230	500	422	452	316	528
171	306	210	463	383	488	386	664
179	377	203	477	379	456	327	598
189	368	203	550	513	351	285	620
194	385	207	482	455	330	273	598
203	386	183	466	439	446	285	683
199	383	187	436	426	443	261	543
179	322	181	383	423	422	278	599
152	289	174	320	247	447	280	549
143	281	163	293	233	484	302	562
