0	1	2	3	4	5	6	7
94	58	127	107	72	301	151	78
99	52	122	92	63	344	149	79
68	51	88	82	60	368	127	78
75	51	94	72	54	369	205	87
128	54	88	73	57	374	210	124
191	46	79	81	60	411	206	138
199	44	66	92	63	387	211	141
209	50	83	98	60	310	241	144
211	55	105	135	68	338	199	148
190	67	119	140	63	393	215	130
130	70	147	153	71	390	217	117
144	73	147	151	73	370	215	129
163	74	143	148	74	373	204	126
198	73	135	137	79	393	228	134
215	75	161	135	82	334	219	127
219	73	144	126	75	269	222	124
211	74	178	125	74	270	219	107
199	89	215	143	81	269	205	111
168	90	210	128	75	194	164	85
163	82	183	139	98	202	197	92
164	80	178	139	109	208	209	106
155	79	149	139	107	241	231	109
145	58	84	133	99	251	229	108
164	53	94	134	98	260	215	120
144	71	164	126	76	253	194	119
138	75	173	127	55	257	181	128
168	89	217	157	64	318	404	188
208	93	238	156	72	307	456	229
197	94	240	156	87	450	532	240
196	84	204	147	89	457	534	239
193	79	196	139	88	451	533	230
170	73	176	108	82	414	395	194
124	76	157	115	82	458	336	160
186	81	151	109	66	319	220	135
213	84	151	108	58	308	194	132
230	90	151	116	59	307	205	126
239	85	120	159	64	337	280	141
266	80	105	152	60	318	311	131
235	74	98	148	56	303	299	125
213	77	97	164	58	304	301	123
198	71	102	171	60	377	306	130
178	70	100	135	61	334	221	100
142	68	119	124	53	310	216	85
164	70	124	141	61	319	318	117
176	59	115	123	62	326	341	124
173	63	135	113	57	252	331	116
177	56	133	97	49	277	328	110
168	58	129	109	57	290	318	109
157	62	138	88	48	348	248	110
