0	1	2	3	4	5	6	7
277	377	150	176	210	546	386	214
278	385	164	94	131	480	379	213
254	369	152	85	110	472	314	200
238	353	142	80	97	476	250	190
184	337	134	78	74	337	249	101
172	291	131	75	64	308	243	100
144	226	91	75	65	334	275	98
138	163	86	69	64	347	257	87
131	137	71	66	67	298	252	87
131	133	63	64	60	222	205	90
152	127	58	63	60	251	270	106
151	123	56	60	59	246	274	113
172	113	48	58	53	226	278	115
162	118	55	71	49	242	279	105
161	110	60	72	50	300	321	101
134	97	60	73	55	350	284	92
135	102	59	75	53	353	260	88
104	96	77	74	52	355	257	84
121	90	75	62	52	344	256	89
154	75	71	61	48	305	203	100
169	86	74	60	49	213	193	86
175	77	76	62	54	224	175	89
178	74	58	60	59	265	161	97
171	72	56	55	68	336	155	99
151	74	53	52	75	364	176	89
141	63	47	52	79	389	224	104
140	69	51	59	91	513	260	121
132	83	54	71	102	524	268	125
142	115	64	87	102	495	365	132
192	121	68	92	100	516	395	156
243	127	76	107	145	644	383	155
250	137	87	117	147	562	384	141
262	145	98	125	146	553	449	146
258	126	92	114	145	622	520	145
238	119	92	110	145	637	585	148
187	111	89	110	100	527	589	158
201	103	83	120	83	504	635	163
195	82	66	114	75	538	665	164
195	77	74	116	86	527	637	168
195	79	76	121	87	489	688	160
192	81	72	117	80	447	689	144
250	84	64	97	86	440	663	149
244	84	67	104	97	497	648	159
250	78	57	122	87	447	660	151
239	82	60	130	90	422	528	134
244	89	59	151	95	473	606	156
178	83	69	150	91	539	601	148
177	80	65	140	75	439	552	127
170	85	74	128	75	409	464	123
169	93	77	122	77	578	564	155
204	87	78	87	75	559	480	136
179	86	80	88	81	502	446	134
225	105	99	141	88	498	490	143
288	112	98	146	127	626	550	190
312	112	109	189	135	583	474	197
311	122	120	203	147	580	480	219
320	139	138	214	153	591	561	219
310	142	132	198	160	638	632	253
452	150	138	209	132	538	640	282
482	175	138	200	137	484	619	307
497	184	146	228	133	524	732	315
505	182	135	264	134	571	730	325
591	177	134	267	155	651	719	354
566	185	138	286	204	729	710	366
725	198	151	340	274	838	729	380
734	188	144	378	299	822	626	374
740	177	140	373	303	793	720	393
686	175	141	406	316	753	674	363
616	164	147	448	307	718	642	309
369	114	122	430	239	579	653	256
424	110	124	396	201	559	690	266
482	114	126	389	199	663	635	258
508	111	136	468	187	662	594	244
498	107	122	434	159	617	584	251
539	124	130	404	166	597	598	286
549	138	130	386	169	615	575	280
507	150	130	387	182	615	468	248
477	155	116	231	152	563	481	251
512	175	130	238	158	599	534	319
581	160	129	259	176	658	496	311
524	163	130	291	186	662	465	298
509	172	135	323	167	553	451	297
499	183	148	321	162	586	486	313
626	177	147	295	169	536	516	276
587	190	148	318	160	439	586	259
571	201	174	334	161	418	571	261
624	201	166	287	170	447	573	277
729	200	157	294	174	552	568	316
611	198	157	306	165	601	485	298
583	187	155	282	147	596	531	305
647	180	139	234	137	583	556	373
650	187	150	239	132	569	670	396
540	173	145	232	130	433	727	344
543	166	140	236	119	365	763	330
533	172	142	223	123	366	673	320
510	159	120	214	112	381	706	250
529	136	105	209	114	410	674	211
526	137	114	250	132	413	594	210
506	166	117	212	132	384	558	206
503	163	109	198	135	379	632	215
472	159	104	195	141	362	666	227
375	167	110	207	140	330	685	231
369	203	116	157	125	254	682	243
368	196	108	162	128	297	728	252
479	205	105	164	136	332	712	285
477	205	112	177	134	319	665	341
505	209	117	164	129	269	650	373
504	184	119	158	134	261	637	370
510	172	119	154	127	229	577	362
455	170	134	170	112	193	554	328
444	166	133	169	117	213	644	251
424	151	131	155	104	200	581	185
441	157	144	171	92	190	588	172
446	152	141	183	96	186	574	231
391	158	154	166	99	183	519	227
408	167	159	165	84	272	342	283
474	182	166	171	98	294	284	273
458	166	151	154	98	300	289	272
522	179	160	151	105	297	422	378
529	186	182	185	105	298	453	388
523	230	217	204	119	225	484	357
440	239	210	212	116	226	514	363
455	242	215	224	124	253	524	373
519	262	242	243	136	288	649	273
529	302	238	228	134	287	668	272
505	285	214	208	126	265	660	249
508	271	221	200	121	242	652	251
509	271	214	188	114	260	644	262
517	251	178	170	114	246	483	216
579	219	152	239	128	249	502	208
599	250	177	314	137	255	489	230
621	293	177	342	145	282	511	243
622	315	191	367	166	266	750	234
522	316	196	371	163	242	726	269
421	329	195	339	166	252	696	285
420	327	172	281	160	241	708	277
500	303	168	251	173	270	716	285
479	290	168	267	174	401	635	273
442	309	189	336	261	412	643	233
535	294	199	419	311	405	669	252
646	282	191	428	382	453	885	320
571	274	196	560	429	575	948	301
574	259	200	571	460	522	837	305
587	253	188	545	426	530	841	313
609	252	185	485	444	583	930	355
476	227	196	486	404	674	730	310
486	228	193	415	367	569	654	304
561	253	183	376	321	551	700	351
546	237	176	355	360	621	799	369
442	232	169	366	469	633	754	302
561	267	172	357	477	515	757	359
558	265	171	247	492	501	749	365
466	247	171	245	509	533	756	328
564	238	168	337	534	572	685	331
566	224	176	349	436	575	643	357
460	237	240	401	417	566	630	290
449	243	237	455	407	564	633	298
508	243	230	485	408	547	645	317
418	238	227	426	372	458	603	296
383	263	249	416	393	382	530	245
376	203	169	394	411	381	537	248
400	179	163	365	393	500	744	311
356	190	171	382	418	525	767	289
337	203	202	407	447	484	762	277
331	157	190	401	423	473	754	276
343	171	193	374	417	565	790	286
307	181	200	383	429	476	570	194
275	177	195	322	393	416	463	170
300	162	161	326	369	406	465	167
424	176	136	367	364	452	505	222
460	163	145	412	370	452	632	244
490	155	156	406	363	452	677	275
489	136	150	404	366	459	672	277
544	138	161	397	357	459	704	300
469	112	146	359	346	468	800	284
449	161	157	325	358	380	682	255
420	161	138	315	377	376	630	217
460	162	148	370	396	405	680	224
395	159	139	362	379	521	694	195
380	161	142	380	393	522	540	163
349	121	130	371	383	498	484	161
402	134	135	348	363	493	519	243
448	138	144	340	410	498	495	282
471	154	152	408	392	389	421	277
484	153	146	390	355	313	501	275
485	146	133	389	375	332	631	275
436	131	130	413	427	446	640	230
349	117	107	443	402	573	621	206
300	104	118	462	399	580	611	225
376	123	155	476	402	589	576	257
409	124	159	476	403	675	634	256
427	131	163	483	354	668	700	250
420	145	181	441	292	531	704	218
421	145	169	344	298	522	713	207
345	126	134	304	300	551	723	178
326	117	137	336	276	457	672	200
307	110	138	369	290	363	559	182
311	113	138	348	311	365	527	183
295	106	131	348	309	395	590	178
308	108	149	403	339	414	668	212
254	129	177	432	393	395	555	186
241	135	170	395	406	390	584	200
281	127	154	410	393	436	645	227
284	127	163	432	389	401	601	224
270	134	147	396	347	355	474	194
256	115	110	320	245	353	461	173
264	104	105	311	187	356	428	171
