0	1	2	3	4	5	6	7
119	124	85	76	46	193	411	97
167	122	87	73	48	182	412	102
168	126	115	67	45	170	419	108
175	98	127	64	51	190	433	116
233	99	131	59	47	238	448	142
254	98	158	101	51	213	386	136
233	102	169	104	52	206	377	131
286	108	156	107	51	232	462	136
298	132	154	105	48	239	450	141
356	138	150	109	58	210	450	125
338	139	141	76	53	202	408	124
330	137	137	77	52	194	382	123
301	130	132	75	53	190	384	129
327	98	114	82	63	169	450	145
239	97	110	78	56	249	429	136
255	113	104	79	61	261	424	127
267	115	95	73	61	277	448	141
254	121	92	73	58	282	358	133
204	118	85	67	45	280	323	102
200	111	88	60	45	193	343	118
184	90	65	55	41	174	374	115
211	110	96	56	36	165	376	100
206	105	105	52	37	131	376	99
209	102	105	50	39	128	337	92
238	106	105	53	37	127	349	110
258	109	104	53	37	135	443	173
277	101	127	90	50	205	505	207
475	119	153	147	71	225	624	245
494	147	178	167	83	260	647	280
543	152	180	168	87	282	736	330
587	169	194	174	91	293	721	327
574	170	186	165	92	254	705	321
490	161	171	131	79	241	639	349
575	162	162	132	75	215	706	400
560	172	172	138	74	209	712	392
506	161	174	146	80	264	669	372
507	160	159	164	103	323	689	364
506	163	160	167	112	333	776	369
388	162	216	152	107	336	706	296
342	174	218	147	110	371	676	261
437	176	216	148	104	357	740	325
503	176	224	145	83	314	768	347
450	166	229	138	72	319	668	286
456	146	170	137	69	319	663	286
442	107	159	150	67	266	644	273
368	98	162	165	71	238	617	201
266	87	149	161	72	261	515	175
319	87	134	159	78	240	521	213
332	121	133	160	81	223	535	221
447	139	155	162	86	220	495	239
452	144	156	164	91	227	521	241
455	140	159	147	80	162	508	226
417	143	162	143	71	170	540	187
429	120	158	144	70	196	589	181
306	97	134	127	62	204	629	143
272	86	113	79	42	172	571	131
298	87	96	75	44	195	595	140
300	84	87	75	46	199	574	143
245	76	77	57	48	243	504	112
255	75	79	66	50	238	424	123
267	94	101	73	49	235	401	121
254	94	98	71	47	254	444	108
320	91	108	73	46	354	449	161
332	107	117	76	45	333	499	171
319	114	123	64	41	335	502	165
345	120	115	58	41	363	497	166
319	119	120	52	44	367	499	164
258	127	120	52	48	291	483	119
256	131	117	50	44	276	421	104
266	129	135	48	47	272	463	113
238	111	128	44	51	245	491	121
245	114	141	49	56	239	482	126
227	110	140	49	55	206	474	125
224	96	145	56	55	197	475	123
220	94	121	56	54	206	439	115
222	96	129	56	52	213	434	126
218	96	120	58	47	217	389	129
233	103	131	59	56	212	386	159
225	106	132	52	56	207	463	164
234	111	145	54	52	185	446	167
226	107	154	54	56	218	566	173
213	102	152	51	56	173	567	184
206	126	184	51	44	168	595	155
207	122	186	48	45	185	608	160
245	137	209	46	45	217	656	175
235	144	206	45	42	163	564	166
260	160	217	44	35	173	605	180
276	137	196	45	47	179	561	179
307	139	222	51	45	160	470	210
263	117	194	53	44	124	394	206
253	120	191	54	42	118	348	199
243	105	197	56	53	98	352	172
252	112	187	56	44	88	525	201
242	118	153	54	47	94	591	189
261	123	188	53	50	96	589	172
279	141	222	57	51	106	671	177
314	143	207	56	43	106	647	195
319	137	213	53	44	101	524	176
297	135	218	59	51	101	529	151
332	130	193	60	52	89	608	154
323	115	161	57	54	84	658	149
308	117	183	56	54	85	666	163
335	121	170	55	55	91	718	195
376	128	169	45	45	90	773	201
358	133	163	42	49	97	773	220
355	152	211	42	48	93	667	217
398	167	262	51	51	89	769	226
417	166	280	60	51	89	771	194
461	164	287	66	55	88	747	188
471	205	302	70	53	82	688	170
490	189	279	71	54	78	684	181
449	182	252	69	60	83	566	141
405	185	238	65	61	99	688	180
331	191	239	62	58	102	594	189
321	154	228	59	53	98	605	196
296	155	205	60	55	99	604	189
287	165	203	55	42	90	573	183
276	175	213	57	47	78	410	140
297	218	236	56	51	76	474	150
318	219	273	61	55	75	481	166
340	234	306	68	52	73	581	181
335	226	297	72	61	79	650	183
359	219	289	72	65	159	599	198
361	179	263	94	74	183	639	189
369	194	237	99	81	188	623	166
360	191	217	99	81	188	545	165
431	190	199	114	84	197	588	218
425	189	233	141	136	171	587	210
401	175	234	151	156	159	626	209
432	167	218	156	176	167	645	249
429	151	224	166	204	175	807	250
360	143	214	166	204	174	749	203
356	185	182	144	178	187	781	219
405	205	208	158	188	175	685	220
319	198	216	174	186	167	695	169
372	210	191	175	169	170	508	161
377	238	196	178	195	169	592	162
366	207	227	192	201	114	575	140
316	192	191	168	191	118	653	134
353	184	183	225	206	118	703	177
311	175	192	239	226	106	689	177
317	143	226	244	214	98	612	182
311	133	196	236	214	99	613	180
315	134	209	259	237	134	557	188
266	154	212	228	246	137	548	166
261	139	216	265	249	145	633	174
267	128	190	270	273	149	673	178
273	128	225	278	284	158	703	182
260	125	220	259	255	124	745	165
262	97	228	242	226	118	738	174
