0	1	2	3	4	5	6	7
127	238	35	33	42	179	99	98
110	225	37	32	41	181	100	74
108	126	41	36	44	188	97	85
117	119	46	36	47	195	97	102
117	114	44	34	44	169	98	97
131	114	43	31	40	162	85	95
152	115	45	33	44	161	79	93
151	101	41	33	44	199	76	88
143	97	35	32	43	215	67	75
141	108	37	35	38	203	110	70
146	106	37	36	39	203	129	75
138	97	33	35	40	218	135	95
130	93	29	37	44	217	156	99
129	95	30	38	41	210	159	101
132	82	35	38	44	208	142	119
136	75	35	37	43	189	122	127
137	84	35	34	39	178	129	117
142	80	37	32	41	153	105	107
141	79	44	36	43	163	102	102
139	77	41	34	40	180	80	86
247	104	41	33	47	206	101	82
259	100	42	35	50	217	109	81
258	101	43	35	45	201	108	82
274	110	42	35	46	219	123	82
311	114	48	40	49	225	160	121
332	88	54	51	45	224	279	169
358	112	77	67	45	219	290	231
381	128	104	74	46	269	337	240
471	137	120	94	79	364	347	259
563	146	135	107	96	411	415	288
653	193	161	154	123	429	400	342
724	233	208	218	138	423	442	355
778	256	221	252	163	553	474	397
735	267	220	280	187	547	483	394
676	274	227	327	197	529	433	383
630	249	215	332	197	526	459	398
567	202	163	294	193	549	424	379
501	170	135	330	206	466	378	341
492	154	153	443	208	409	375	364
497	138	134	416	196	412	380	362
516	156	122	399	184	420	311	334
477	163	134	426	187	417	340	319
461	164	149	495	156	387	396	314
495	166	124	399	114	375	390	295
620	184	134	396	109	352	412	401
577	177	150	413	118	391	419	376
573	183	148	389	112	430	411	371
583	182	129	229	108	403	381	373
600	187	139	218	113	410	399	371
438	172	152	297	150	534	393	231
347	159	154	379	163	511	376	177
369	156	153	402	178	475	346	178
460	169	158	405	179	481	287	235
444	177	148	396	179	553	288	256
436	196	127	428	177	458	240	255
444	202	110	368	169	551	226	267
568	201	106	347	154	634	430	360
547	194	110	345	149	658	433	354
539	192	110	356	146	593	408	337
572	164	107	258	127	596	425	338
577	156	129	262	110	531	443	349
553	171	208	354	137	468	294	323
527	176	211	370	157	437	308	316
525	161	212	371	165	451	302	304
521	167	212	372	170	461	265	308
589	183	204	385	185	455	294	323
534	165	133	329	179	412	270	277
511	155	160	367	168	396	251	252
507	174	165	354	155	437	306	258
486	169	166	344	139	391	320	254
418	147	160	331	120	349	270	256
548	157	153	330	90	344	275	268
551	154	118	267	81	334	298	270
573	132	135	273	82	253	259	273
600	160	138	272	79	338	241	298
586	171	135	243	91	335	232	256
471	169	134	208	96	319	261	223
483	171	139	240	96	324	245	216
434	160	111	252	100	333	246	208
387	128	110	285	104	260	251	166
384	114	116	298	123	237	296	164
333	95	115	302	118	308	285	146
376	81	97	275	122	298	290	175
404	95	124	279	120	272	283	172
437	114	188	254	121	250	277	187
450	118	190	219	92	243	256	211
478	116	215	227	107	192	265	222
458	131	245	224	109	223	276	197
469	135	255	290	112	226	269	196
457	122	229	334	106	230	283	190
495	122	233	339	118	253	385	180
535	119	210	323	104	218	385	224
511	119	195	381	95	166	368	230
508	103	175	408	126	164	382	238
506	119	163	372	136	326	419	237
448	116	161	372	148	392	318	228
339	114	170	442	164	403	281	171
379	98	163	415	169	408	292	189
396	102	168	364	148	434	324	203
476	95	163	385	170	373	304	216
487	101	162	420	178	301	301	225
488	108	155	395	186	283	293	222
452	112	154	395	200	281	305	194
424	112	138	367	196	242	273	181
341	104	123	350	174	215	259	161
330	104	126	312	154	198	250	157
342	96	126	299	147	193	287	163
435	95	113	307	145	197	403	226
415	112	113	318	183	254	435	233
511	117	126	360	185	219	422	266
541	115	121	363	198	212	427	272
625	127	125	325	206	321	469	326
591	158	173	411	221	409	381	318
595	163	209	513	288	387	365	318
576	161	212	495	312	383	370	308
613	169	216	550	330	417	414	390
535	167	263	585	343	400	366	365
497	155	274	522	345	319	359	337
592	167	267	414	275	329	350	375
605	170	271	399	325	470	394	360
538	181	291	390	373	524	407	261
524	186	271	412	376	488	379	234
598	178	242	406	380	484	453	283
512	157	225	416	397	529	447	216
396	149	210	453	361	446	403	209
400	141	187	442	298	360	364	211
565	133	164	428	273	396	459	304
521	136	152	435	305	571	443	290
529	143	222	489	323	728	452	293
540	162	259	512	315	771	487	295
559	159	275	492	338	837	591	318
467	163	266	472	365	932	564	242
441	161	307	483	347	863	529	214
423	157	267	468	314	704	574	213
441	151	249	443	315	680	684	231
483	152	249	424	295	637	693	244
408	155	280	480	290	469	676	226
406	152	236	498	288	423	681	222
409	163	235	444	294	421	745	257
432	168	238	424	306	370	761	271
392	188	213	458	328	292	671	230
500	216	196	421	319	275	702	295
558	231	185	377	306	495	812	337
591	232	192	521	327	591	742	358
555	277	233	616	422	611	610	336
541	274	252	605	424	613	605	343
482	253	235	579	451	749	576	316
394	266	254	660	499	688	467	275
314	261	267	604	510	632	414	207
316	217	239	534	441	598	459	219
335	203	218	514	419	598	581	266
308	204	231	509	426	654	598	242
318	167	238	421	386	595	609	245
378	154	216	358	360	561	613	275
406	145	204	397	355	610	617	280
365	128	199	428	375	668	733	235
352	114	218	518	363	453	735	235
339	109	193	505	358	465	692	224
282	107	181	498	387	515	697	191
265	96	170	429	372	562	708	211
