0	1	2	3	4	5	6	7
180	190	72	107	110	437	307	138
226	222	88	125	134	468	326	185
287	260	114	137	137	419	347	196
297	254	111	137	150	416	364	199
294	277	109	126	148	420	335	188
287	267	105	110	126	366	365	183
278	277	95	93	106	271	358	147
256	274	62	79	110	317	342	131
240	265	63	74	92	381	326	137
250	228	67	76	93	368	325	145
237	272	76	81	91	381	258	131
206	238	73	76	84	390	248	126
153	200	65	65	65	369	253	122
175	202	67	63	59	311	268	126
152	184	63	58	52	288	211	111
150	136	49	58	64	281	252	101
182	138	57	72	79	281	263	108
212	140	65	79	91	289	273	143
202	149	61	78	96	329	315	140
220	142	71	91	103	414	428	167
253	114	80	94	107	411	442	174
266	150	87	109	110	402	612	198
264	188	89	108	108	431	629	196
265	196	113	121	107	509	629	210
251	205	110	126	110	479	571	197
222	260	127	174	106	466	548	200
220	309	142	277	106	514	418	195
279	319	147	309	137	665	514	278
317	429	149	307	143	610	511	298
334	470	166	311	159	587	508	313
341	446	161	294	162	775	567	323
341	424	160	255	173	778	550	343
328	432	178	256	159	619	458	276
387	383	215	261	161	594	443	261
393	361	232	357	245	609	425	239
408	426	264	497	293	512	334	222
427	500	273	514	285	482	275	174
567	493	275	499	295	487	415	289
527	518	363	500	297	615	402	284
515	511	360	434	227	634	414	287
588	499	342	256	157	505	405	322
574	468	341	156	165	479	404	315
435	507	350	189	163	503	242	205
450	436	230	207	162	415	330	194
465	451	210	202	150	387	397	210
428	508	204	207	151	397	410	172
415	464	185	197	150	415	421	175
384	431	231	198	138	424	424	177
369	429	228	176	126	380	378	168
506	419	228	185	137	334	348	200
464	290	233	181	137	318	365	192
471	265	242	182	124	320	352	191
471	224	165	131	100	321	335	186
456	241	174	123	117	279	311	189
281	195	172	114	147	282	285	129
234	175	159	161	183	373	260	108
207	182	141	169	191	473	257	114
207	185	182	200	192	439	285	132
207	141	183	202	185	432	405	161
188	148	185	263	189	432	418	162
256	176	196	305	173	368	432	168
268	207	209	307	167	184	480	180
301	191	167	292	165	182	530	208
284	195	147	300	167	331	461	200
283	190	146	247	167	422	456	198
226	241	135	169	143	416	471	194
219	219	113	152	139	425	432	185
222	225	117	145	140	419	357	143
217	227	115	151	140	320	462	112
227	227	121	162	135	202	440	110
243	160	129	147	186	350	501	138
286	151	142	145	187	355	504	135
314	159	148	152	185	354	512	136
320	167	144	138	191	406	445	150
318	182	160	176	182	441	468	151
298	203	222	189	140	344	363	127
333	222	219	199	153	464	361	145
275	208	221	211	170	554	336	182
415	266	241	256	172	530	338	270
525	278	234	225	163	508	440	410
538	281	195	230	193	525	501	446
500	284	225	250	231	493	487	449
516	323	215	239	223	432	521	454
535	278	201	187	222	434	563	494
475	260	204	212	248	418	507	425
466	256	228	242	226	420	444	393
467	255	216	216	191	435	589	406
479	215	233	224	207	403	613	390
341	247	237	227	216	397	622	286
313	350	237	242	206	428	617	227
393	355	212	212	229	488	629	249
391	449	203	214	247	550	533	233
368	445	217	298	309	574	490	224
411	433	226	307	348	599	555	263
392	356	233	298	370	652	662	315
322	393	251	335	386	639	709	339
316	304	273	369	426	531	716	327
318	334	257	311	377	507	838	337
351	344	280	297	346	512	897	329
365	364	301	334	330	477	822	286
350	330	295	317	336	438	785	275
348	318	277	285	316	452	788	417
443	295	276	297	466	454	659	469
388	288	273	400	540	465	438	449
363	273	255	389	559	494	484	446
397	295	248	409	598	634	610	435
454	288	261	447	611	683	683	368
351	281	280	455	519	683	701	295
357	316	254	397	456	654	715	287
377	339	239	377	421	587	778	311
446	338	236	335	381	402	767	350
415	342	283	275	341	401	734	290
404	346	270	255	323	422	806	306
379	332	299	238	307	431	808	307
367	307	329	255	318	434	841	295
235	278	380	246	255	463	836	226
176	258	348	259	239	365	805	229
179	288	366	316	356	439	714	210
187	338	350	313	354	425	734	221
370	364	342	288	347	420	640	262
394	344	279	307	351	389	577	272
404	344	291	296	343	360	569	263
410	313	308	243	233	288	552	254
413	229	302	243	259	414	628	255
257	187	293	258	276	471	611	201
203	238	302	271	286	477	578	173
189	241	287	275	285	489	569	156
225	260	268	261	271	496	644	174
226	247	268	241	233	496	626	167
204	232	286	443	251	467	588	158
203	183	289	459	272	468	595	154
231	173	268	503	315	510	696	172
181	132	236	569	401	583	676	167
158	201	232	600	448	639	598	165
165	258	227	694	472	646	575	161
179	270	199	688	469	654	623	174
141	285	213	671	473	698	533	183
136	283	215	651	438	657	519	168
132	241	247	675	480	518	491	151
340	257	279	443	471	510	686	256
350	253	302	420	516	562	653	255
348	245	315	416	531	526	661	250
355	256	324	406	518	453	638	251
366	250	301	344	484	476	642	257
277	180	267	333	562	513	520	236
287	166	236	356	603	488	598	246
285	171	214	423	625	417	581	235
278	166	199	425	630	425	595	236
267	171	186	448	620	438	604	241
183	154	138	460	562	401	590	195
144	148	153	471	459	357	533	173
144	122	163	454	386	371	593	169
161	109	179	493	419	417	596	167
166	103	200	538	462	437	602	183
156	115	202	542	415	409	557	149
149	115	192	513	417	386	541	164
164	115	183	472	413	416	466	164
147	117	167	378	390	413	513	177
135	126	138	259	317	402	494	176
175	128	127	247	365	425	532	215
183	125	133	271	438	446	612	215
174	120	139	316	488	454	600	216
177	122	142	329	455	408	536	209
180	104	140	319	457	358	527	176
139	89	144	317	425	388	541	143
117	87	148	400	380	419	412	137
104	92	132	384	363	357	413	131
114	76	125	387	383	364	422	126
115	71	124	390	383	381	436	142
107	64	123	397	373	498	403	154
119	73	111	313	415	468	448	167
121	71	105	332	371	467	439	171
107	69	124	335	365	485	448	179
107	79	141	348	363	519	469	176
113	79	139	346	369	353	420	147
104	79	136	354	308	346	431	137
104	74	131	295	292	361	451	136
130	76	103	326	308	384	455	124
136	69	77	317	282	327	420	114
135	71	75	288	260	319	426	115
126	61	75	259	242	314	362	91
143	61	87	289	254	322	335	89
118	61	83	257	220	302	314	93
108	55	85	245	274	301	311	89
116	78	98	352	321	291	366	91
134	95	115	375	324	353	373	97
120	95	105	358	341	456	420	121
119	95	104	363	352	456	404	113
118	99	106	377	311	448	392	116
103	80	101	329	348	519	328	109
85	62	86	319	371	546	312	113
81	64	102	337	361	485	232	84
79	67	108	335	353	492	220	85
80	64	115	311	352	491	267	89
75	65	114	277	270	508	280	88
74	59	105	263	198	468	302	78
95	58	90	258	193	429	335	129
99	61	111	276	188	416	360	131
137	64	108	315	213	500	445	170
246	66	106	329	223	550	447	201
253	77	118	321	245	554	431	202
246	80	124	303	225	574	416	174
245	87	126	253	220	573	411	181
249	85	127	208	212	527	362	159
172	82	126	187	195	413	364	144
166	75	115	186	191	406	362	141
163	69	117	178	212	410	352	140
161	54	86	196	198	429	407	129
177	53	81	185	184	405	431	124
157	55	162	168	214	468	432	100
