0	1	2	3	4	5	6	7
206	272	155	54	62	335	190	252
251	317	152	64	72	390	199	231
233	318	149	74	80	378	211	227
211	324	162	78	83	364	194	225
182	329	146	83	86	377	201	218
193	314	125	85	95	352	214	278
172	225	115	79	87	211	192	264
187	243	121	68	79	179	164	263
184	214	127	90	100	217	206	271
191	203	117	89	99	282	212	320
194	264	117	87	97	304	191	260
159	290	128	89	95	299	198	276
160	270	137	96	98	331	231	307
178	279	118	78	85	380	202	318
208	306	128	71	83	357	184	280
217	274	128	66	72	338	176	259
217	269	123	64	72	337	182	272
215	299	111	53	65	352	137	256
213	315	143	47	60	396	196	267
185	315	137	47	59	368	202	253
147	289	129	49	65	367	212	269
138	276	121	49	70	370	207	249
117	248	115	55	75	345	210	237
173	314	89	53	66	224	149	213
200	385	102	57	67	213	148	229
217	397	122	55	65	219	136	229
220	397	119	54	67	258	130	288
222	395	121	47	63	264	123	276
191	330	112	49	63	255	110	268
191	209	96	45	60	279	115	274
203	297	77	46	61	311	148	349
224	293	81	47	54	286	285	338
265	333	84	59	58	322	308	366
257	323	96	63	64	395	341	539
236	356	109	71	66	473	351	546
256	290	136	84	79	505	351	504
250	296	154	93	89	624	261	534
235	285	178	123	143	729	344	563
257	440	196	143	164	742	316	413
272	489	196	146	164	697	310	452
289	509	187	161	168	725	399	550
305	511	179	167	183	825	560	540
332	532	186	223	227	853	570	505
328	472	173	230	287	835	590	505
356	394	173	242	303	987	640	532
335	410	164	234	304	969	595	474
343	545	173	230	301	819	450	444
324	579	153	173	271	704	369	561
313	559	135	172	220	798	392	583
294	574	130	165	209	636	307	520
330	582	138	181	213	605	293	482
310	461	124	182	233	791	321	515
287	379	114	175	219	981	327	396
290	395	120	175	248	936	283	365
288	430	127	176	296	949	291	356
229	393	119	160	294	1041	314	412
243	433	135	179	314	985	318	393
239	481	131	178	341	778	306	368
264	474	135	170	327	777	316	399
248	424	136	193	288	803	365	450
244	430	151	328	299	735	375	406
300	512	154	366	277	633	336	379
337	471	158	368	237	638	337	377
327	440	158	395	210	688	335	414
341	473	153	386	234	732	331	461
340	464	149	307	263	700	347	452
288	318	131	266	259	703	366	451
251	312	143	272	259	865	404	537
286	315	134	224	254	871	448	548
288	273	129	215	238	812	465	501
316	259	130	191	193	791	434	499
308	263	129	206	203	878	430	526
310	235	114	194	221	773	479	521
267	250	113	193	241	732	476	450
249	340	114	194	233	690	433	424
267	328	98	184	240	713	473	491
256	325	95	140	220	713	486	511
250	354	94	135	197	653	427	430
301	433	99	130	172	606	384	430
294	371	105	134	189	609	428	497
248	371	106	167	182	633	383	458
291	388	103	161	172	509	395	421
301	380	105	156	173	501	406	417
258	259	99	164	176	494	451	440
255	234	96	158	179	604	482	493
267	251	123	106	184	601	511	476
243	312	142	124	193	577	517	455
233	300	142	121	197	568	544	512
218	298	139	110	202	608	544	562
245	322	154	113	187	590	556	487
307	327	134	121	173	534	544	488
298	241	136	155	200	554	622	480
305	246	147	179	196	697	684	493
308	262	155	188	195	707	701	535
313	323	153	210	215	617	642	498
263	362	168	211	213	608	626	486
265	384	157	178	183	588	529	568
254	396	169	240	225	458	513	563
254	418	175	247	247	460	525	502
239	387	164	228	219	511	524	501
224	354	161	224	213	510	552	505
248	362	163	224	212	508	538	423
251	387	140	158	188	482	417	464
246	372	132	181	211	426	416	418
299	466	159	187	210	392	464	439
338	568	155	191	213	389	449	484
334	592	199	199	209	376	475	512
340	583	213	190	204	351	478	458
339	575	220	195	178	288	421	527
280	488	203	240	221	251	391	566
281	440	244	267	247	268	378	555
280	416	223	269	273	292	373	564
286	414	254	268	274	298	420	547
319	538	284	237	275	284	442	477
337	629	300	197	246	247	403	423
284	583	273	184	241	262	391	439
267	577	271	175	214	305	380	501
472	665	270	197	207	319	349	520
467	600	285	234	233	308	263	508
459	523	317	267	235	314	259	502
552	589	320	259	218	374	309	490
603	716	385	285	234	528	350	439
548	761	494	292	238	664	321	394
734	896	596	304	197	678	341	430
806	933	610	279	208	706	367	469
798	904	620	276	228	739	448	687
796	864	586	268	219	687	446	708
827	791	515	241	213	552	459	708
724	632	375	211	206	531	441	694
665	589	335	202	193	494	528	718
706	665	320	201	179	462	562	641
679	629	326	281	205	389	572	641
608	599	291	317	211	373	567	667
542	675	302	320	205	386	589	669
560	696	310	320	206	462	564	640
574	650	329	327	216	411	483	496
652	663	339	319	298	367	519	422
641	700	359	313	308	390	536	390
651	625	336	309	342	431	562	509
766	623	306	313	350	423	612	551
718	650	306	315	345	392	628	621
661	603	302	248	255	519	563	638
742	594	283	249	354	754	696	732
760	655	290	268	374	797	748	792
624	655	300	295	378	809	664	767
629	632	296	340	407	830	690	743
695	703	313	361	433	891	718	774
717	747	359	394	433	760	717	848
776	781	359	399	440	727	628	740
773	804	372	398	520	694	725	748
793	850	373	409	554	685	682	714
766	902	367	412	549	519	648	680
671	871	347	369	542	499	508	590
