0	1	2	3	4	5	6	7
126	134	136	46	45	188	221	181
137	149	153	51	47	184	211	163
159	126	166	58	48	179	212	160
168	122	151	58	47	104	232	158
185	120	144	57	48	131	212	104
179	120	144	56	48	136	198	106
170	82	120	53	42	137	185	101
148	140	118	44	37	135	170	92
127	143	108	43	38	122	148	90
109	144	102	36	30	97	132	129
112	146	105	36	32	85	132	126
102	144	120	35	32	81	122	126
93	92	98	33	31	80	123	125
92	83	94	31	29	77	131	125
75	76	96	29	30	78	122	71
77	73	90	30	31	75	119	68
76	71	69	31	31	74	124	57
74	59	55	31	36	93	136	56
71	58	46	29	36	100	121	55
70	59	39	30	35	84	117	58
72	53	37	31	33	83	107	59
80	40	33	27	33	84	135	70
90	43	35	30	30	75	198	90
89	39	37	31	34	85	293	98
93	49	50	32	33	85	300	96
90	51	52	30	33	86	309	91
82	49	58	33	34	85	301	86
75	47	59	33	31	80	262	68
75	55	71	35	27	65	158	58
66	49	65	35	32	109	183	56
62	51	64	34	32	120	219	65
58	58	65	33	31	121	226	59
79	61	69	29	30	117	233	56
83	56	55	26	29	126	276	61
92	50	50	26	24	91	258	64
92	49	50	27	24	77	234	66
94	39	41	28	25	75	262	70
73	32	31	28	25	75	252	66
69	32	33	28	26	85	204	60
57	35	34	28	26	94	221	58
69	31	29	27	26	97	223	53
68	31	28	27	25	97	181	48
66	31	27	28	27	98	187	52
70	33	27	27	24	75	210	59
72	36	31	28	25	72	250	62
78	36	30	28	22	70	243	61
76	35	32	33	24	70	254	62
83	37	35	34	25	69	257	59
82	35	34	35	27	69	256	53
80	29	33	33	25	65	196	48
64	30	35	34	26	74	209	51
68	37	37	31	28	75	212	50
65	57	54	28	26	78	234	57
68	68	62	27	25	73	226	66
74	70	61	27	27	66	262	77
76	72	62	25	28	62	257	70
84	73	66	27	27	62	260	70
82	67	70	28	31	59	256	65
75	58	66	29	31	61	255	57
71	56	68	31	31	71	235	45
71	54	66	32	30	67	236	45
55	48	60	28	29	71	225	41
53	38	37	26	26	73	204	40
56	38	52	30	32	97	200	38
55	44	56	28	33	107	183	38
51	52	63	29	33	104	162	39
51	53	64	29	33	101	179	42
49	52	64	30	33	100	189	46
48	48	50	27	27	76	180	43
44	44	42	26	25	54	189	46
44	35	31	26	25	71	237	47
47	35	32	26	27	74	239	48
52	36	30	27	28	72	239	47
57	37	31	26	29	74	239	50
57	36	30	25	27	79	231	43
62	37	33	25	28	76	201	41
74	37	31	26	27	77	188	39
76	33	30	27	27	81	224	44
73	33	29	27	25	86	235	46
75	33	33	31	29	81	235	52
77	31	32	31	28	86	223	51
63	31	34	32	29	83	220	52
56	33	34	32	29	80	167	49
57	33	34	32	32	77	212	44
58	36	32	31	30	74	222	38
55	38	34	31	30	55	236	39
58	39	32	28	28	51	229	42
59	40	32	28	29	59	231	38
59	40	35	27	26	61	293	50
64	37	32	27	25	77	369	84
66	41	32	30	25	78	356	85
62	41	32	32	29	81	361	83
69	41	29	30	27	88	366	85
70	42	31	30	28	83	285	84
67	42	32	29	28	67	166	53
76	38	31	25	27	76	174	52
78	41	32	26	23	75	228	54
72	37	34	27	26	69	228	52
78	36	31	30	25	68	250	46
76	40	32	30	26	74	265	44
64	38	33	30	25	76	274	43
64	36	33	30	27	77	241	50
70	40	34	31	27	71	234	50
63	40	33	27	28	74	201	47
60	42	35	27	28	108	167	48
68	55	49	33	32	196	143	63
71	61	60	37	35	224	124	58
72	67	63	39	39	230	153	68
73	66	64	40	38	236	149	70
70	64	62	40	37	221	184	67
67	58	58	39	34	145	221	55
72	57	50	37	32	99	207	54
66	51	49	36	26	101	180	40
85	57	53	40	32	91	226	43
89	56	53	39	33	90	231	46
88	53	45	36	30	87	198	45
96	52	45	36	31	80	197	45
100	54	43	34	34	76	203	44
85	49	37	28	38	156	162	42
82	57	41	29	40	163	110	39
92	68	44	30	41	165	113	36
79	103	43	27	40	170	152	36
81	106	44	27	38	168	155	37
86	107	50	31	34	107	142	34
97	104	48	31	32	101	156	33
85	98	49	41	36	101	148	33
88	61	57	59	45	91	105	37
102	115	68	62	46	151	94	40
177	305	84	65	50	177	235	63
256	398	113	69	56	201	272	94
263	427	132	70	65	362	408	172
266	446	169	57	61	405	489	186
307	475	228	93	80	443	596	192
327	469	270	93	82	486	660	242
348	429	270	99	94	540	742	263
364	507	293	154	142	463	735	232
374	642	340	178	162	497	877	231
403	699	401	183	161	493	879	264
484	739	412	185	170	624	1040	320
472	770	429	232	219	661	1096	358
486	765	589	269	242	701	1097	360
497	806	683	284	249	790	1133	402
626	772	673	309	280	871	1245	437
623	760	685	332	331	789	1171	454
646	825	745	323	332	773	1144	485
733	963	751	344	340	790	1247	532
753	902	691	385	396	700	1130	525
659	901	739	381	418	703	1051	526
696	936	783	414	478	997	1236	589
733	904	798	426	475	991	1217	569
744	910	745	402	505	960	1111	580
827	1025	786	354	475	939	1110	593
847	1076	905	350	448	870	1085	583
809	1118	870	321	361	551	806	559
830	1186	925	313	353	532	815	586
775	1043	898	307	320	539	810	579
703	959	969	310	334	837	910	703
676	968	857	317	394	995	914	742
677	1008	896	327	394	955	872	669
579	880	800	306	400	939	811	617
546	892	791	292	378	1013	785	615
538	823	624	295	364	858	647	530
530	740	568	274	297	690	523	476
466	514	481	218	271	674	461	477
452	488	413	202	248	759	492	477
416	438	365	216	285	698	491	427
331	370	318	187	259	627	451	286
257	295	217	177	245	579	468	230
207	156	138	175	239	590	456	203
152	139	139	173	230	460	339	174
137	120	108	105	127	348	292	143
132	116	108	106	133	441	365	133
95	107	102	96	130	453	332	87
87	103	101	92	127	439	329	86
91	99	97	89	121	430	332	103
94	159	147	127	136	427	344	98
94	160	150	138	133	262	194	84
164	159	152	138	122	182	161	93
186	152	148	138	125	203	167	91
185	144	135	138	126	200	175	71
191	79	86	101	102	191	156	66
189	67	74	69	63	195	174	65
136	66	71	62	62	201	260	60
98	76	68	58	53	164	279	64
93	76	69	57	51	165	269	59
76	66	50	52	75	340	269	65
71	61	43	44	76	357	261	69
69	87	42	47	76	346	245	67
106	78	33	42	78	349	218	64
116	86	32	40	79	365	221	107
142	86	32	40	61	321	214	121
158	89	35	41	57	292	201	138
156	66	35	42	57	294	178	136
131	62	32	40	55	306	199	136
122	52	33	37	60	329	198	106
96	64	34	37	55	264	205	92
67	64	31	34	52	259	247	72
70	63	29	27	49	260	203	72
81	64	34	49	61	294	265	74
92	66	33	51	54	250	313	75
86	53	34	55	63	222	316	68
82	47	36	56	65	235	284	61
91	44	36	61	72	317	298	69
120	42	36	51	66	295	379	103
120	40	40	49	67	293	376	109
121	38	37	48	58	306	370	109
126	37	35	49	57	305	427	113
131	35	34	45	58	252	582	160
103	35	36	42	52	238	535	148
95	32	31	41	50	279	530	144
92	35	36	52	55	300	534	143
95	34	36	54	60	291	496	139
76	34	37	53	51	262	377	79
73	33	33	53	55	256	489	88
70	32	34	52	55	253	476	88
76	29	27	38	50	237	476	89
71	32	28	36	48	251	506	90
71	34	28	38	51	251	476	82
78	54	38	43	49	251	301	53
130	75	55	57	53	253	326	73
143	77	73	93	98	409	350	80
151	76	79	110	106	485	384	93
163	86	81	115	108	493	349	92
250	78	83	116	113	523	404	116
284	83	95	136	130	529	527	197
291	95	125	149	125	518	615	232
317	108	161	219	147	447	600	246
323	126	170	299	151	507	613	252
431	140	171	313	169	725	694	407
470	141	173	326	182	823	777	400
519	148	155	332	182	844	800	414
530	165	132	313	165	845	831	423
583	155	129	258	194	902	909	438
556	149	127	268	202	752	905	347
503	142	113	286	193	647	802	332
455	133	106	273	193	551	813	313
507	114	90	250	192	629	767	313
454	108	92	240	160	526	764	298
350	104	108	295	135	509	776	238
380	105	107	268	123	533	755	224
579	102	101	265	114	621	793	401
532	111	103	262	118	680	862	441
522	116	123	414	146	701	772	439
531	119	118	376	148	678	691	442
509	112	117	375	155	701	751	448
271	110	122	394	169	651	753	294
221	87	143	503	191	573	684	197
292	86	125	403	182	531	745	252
524	171	119	391	180	536	804	322
554	190	127	389	167	462	780	318
546	192	130	370	166	452	764	303
557	195	108	224	141	436	828	307
536	192	109	182	135	439	864	274
334	120	109	181	132	430	836	200
283	93	107	196	140	440	813	180
287	93	107	190	117	461	708	193
280	83	95	155	110	406	713	186
314	116	251	210	132	374	609	175
278	125	280	310	179	374	547	150
283	126	282	309	186	392	635	171
338	125	284	309	196	475	637	182
439	140	288	317	202	485	620	204
411	114	180	308	184	485	710	215
418	104	141	208	134	496	828	217
412	107	135	188	121	484	875	215
371	110	144	219	104	315	897	203
268	96	141	212	97	278	912	193
264	95	127	173	94	287	928	181
328	103	118	172	100	285	873	241
328	96	136	196	102	336	862	270
318	100	127	161	99	326	923	262
325	98	172	173	97	327	921	252
340	104	187	178	100	312	869	262
279	95	216	181	95	346	900	205
287	95	206	145	92	277	808	144
325	87	203	146	96	267	716	162
314	87	202	149	91	259	757	181
300	109	231	164	86	260	785	162
304	122	204	156	91	191	733	167
314	124	207	172	105	333	783	173
325	125	211	174	102	374	832	162
355	127	197	163	103	381	743	171
349	104	179	179	113	387	749	166
390	91	223	183	111	382	770	180
383	88	234	178	98	252	782	190
391	95	245	193	102	208	817	187
349	94	237	184	98	206	904	162
371	99	226	160	102	194	954	160
316	95	191	147	106	200	987	152
404	97	185	148	108	194	954	134
419	100	215	151	125	186	900	155
509	110	241	153	137	175	932	181
503	101	236	204	139	194	962	190
500	100	229	226	153	235	877	179
431	96	224	237	158	262	953	184
468	88	192	248	156	259	933	192
365	73	187	267	147	253	846	188
368	83	190	245	163	254	846	216
362	80	202	258	175	265	978	222
398	84	200	291	189	240	998	248
277	79	206	302	214	236	989	236
273	80	197	324	257	249	1032	224
252	68	191	327	258	319	916	183
270	84	195	366	345	401	814	181
229	95	238	434	382	411	723	172
260	104	242	474	411	425	796	196
307	109	231	497	463	472	728	275
317	115	236	533	551	574	763	282
335	111	316	518	516	530	744	279
494	101	353	616	528	531	691	309
562	103	369	587	532	539	814	331
560	121	374	633	610	576	945	284
552	135	379	647	552	447	913	278
545	129	317	646	564	414	933	276
441	135	240	497	531	408	976	250
350	125	189	510	508	417	816	209
303	102	169	470	367	291	596	186
396	95	149	402	374	251	689	227
433	113	152	478	430	297	830	319
415	112	209	501	451	325	851	299
421	116	258	512	501	313	861	288
425	121	282	474	490	325	931	291
375	118	288	522	523	347	940	278
317	113	288	485	491	371	815	176
283	122	264	468	478	360	727	175
246	118	221	426	450	332	744	190
264	115	199	516	476	337	795	204
316	106	190	497	434	330	900	201
339	109	184	520	425	249	881	214
346	93	163	556	467	200	869	207
359	118	175	565	449	229	912	202
372	114	160	487	451	225	848	179
311	114	155	503	445	207	638	155
296	103	164	530	458	228	674	139
296	106	176	470	406	255	673	150
330	80	167	472	407	276	625	161
314	87	187	443	369	320	565	169
301	86	208	415	356	334	666	182
291	84	190	275	323	334	629	168
280	82	184	320	351	343	632	168
245	86	196	302	318	339	592	136
218	90	204	313	321	287	571	129
198	96	211	319	304	275	449	109
257	100	207	311	258	291	483	175
305	99	199	296	232	303	564	208
339	101	236	293	260	278	585	248
391	105	257	289	230	280	616	273
406	102	251	233	218	304	637	276
375	107	265	250	214	334	722	274
348	116	285	342	242	332	741	268
317	111	247	349	241	318	703	238
254	107	264	374	255	342	725	208
262	107	247	393	263	383	848	216
251	99	234	384	282	375	906	184
268	85	238	294	233	343	863	152
229	81	298	351	229	347	858	137
233	73	253	335	237	476	914	164
242	70	278	317	237	506	786	157
342	67	301	330	218	477	611	184
325	141	346	351	234	478	560	183
334	157	324	295	217	486	565	193
339	164	318	296	203	434	467	185
348	172	300	339	212	342	552	176
302	180	329	342	214	343	554	158
288	138	333	354	219	358	580	160
295	119	308	366	227	385	577	149
375	129	319	373	268	349	516	188
360	133	380	347	267	384	421	193
320	126	370	361	291	390	424	171
317	121	318	318	278	406	678	179
313	125	318	305	268	401	713	194
225	124	338	309	241	338	708	143
177	110	298	314	237	307	756	137
177	105	269	272	201	380	791	143
209	111	294	320	209	385	685	146
195	115	289	321	217	358	658	125
173	91	331	360	197	352	750	144
191	93	308	354	200	492	746	143
220	106	304	387	210	505	689	153
208	103	368	409	216	484	588	144
210	96	399	395	202	483	571	143
234	102	342	337	193	516	518	166
231	102	344	367	219	496	435	177
212	88	343	355	211	455	460	168
202	81	250	284	192	447	448	157
230	88	210	310	212	464	656	202
209	85	217	323	215	444	644	170
200	78	214	324	206	363	627	152
196	103	213	394	218	359	616	150
274	105	184	415	221	382	694	194
270	103	265	423	212	418	597	159
260	117	307	470	223	444	569	159
258	158	321	455	232	504	580	163
267	149	321	389	229	525	588	169
441	189	494	506	324	522	590	255
470	198	480	498	360	522	514	273
476	201	471	449	374	498	484	275
487	187	474	441	384	496	484	279
500	216	487	451	384	505	456	276
323	196	341	311	322	502	318	179
296	195	326	317	283	469	289	156
292	184	322	346	287	549	317	154
275	173	315	422	264	482	286	157
253	136	302	406	261	435	301	157
403	131	329	410	285	441	621	249
441	124	336	414	320	433	638	265
477	138	362	487	333	316	624	262
506	145	349	434	321	284	626	267
500	151	380	432	330	256	615	269
385	171	348	424	346	289	335	185
350	195	421	441	392	332	403	201
