0	1	2	3	4	5	6	7
280	220	187	202	99	119	537	141
293	224	188	177	87	122	510	140
299	195	192	172	72	171	554	113
337	207	217	172	77	188	684	172
383	209	268	183	81	178	651	197
314	215	250	144	72	176	588	192
347	226	243	132	72	178	589	203
354	217	234	133	75	130	650	206
318	183	217	140	70	184	552	160
272	150	147	107	65	188	590	128
285	138	126	113	62	195	657	132
244	119	182	118	61	245	699	118
217	124	185	108	52	283	593	111
210	128	176	107	53	256	539	104
224	138	178	122	53	254	523	103
202	131	172	106	50	267	422	107
208	124	109	99	56	247	380	109
238	119	90	94	58	202	474	154
243	134	140	100	58	183	474	156
216	132	227	99	67	189	467	153
230	143	238	110	74	189	501	155
221	141	239	117	72	214	470	155
177	142	245	118	72	229	395	111
169	149	222	111	70	227	456	105
155	136	127	93	57	221	473	106
131	124	106	79	51	195	464	97
158	121	106	70	45	166	517	92
167	116	101	73	44	149	522	98
177	118	85	64	49	148	483	91
194	115	82	61	50	146	494	95
202	117	92	59	49	148	460	105
168	113	93	57	48	123	383	103
162	113	95	53	46	114	433	112
151	71	101	55	39	106	536	132
162	82	107	57	38	106	501	129
152	77	99	69	37	103	508	112
161	75	95	66	36	75	537	111
175	79	86	71	38	88	502	102
234	96	114	92	43	115	514	122
239	90	114	98	50	224	558	135
236	109	123	104	49	235	570	137
307	117	127	114	54	236	622	150
309	127	142	122	67	244	615	153
270	124	133	134	79	247	562	125
277	126	165	163	89	159	530	132
314	152	177	224	100	145	514	155
278	165	200	235	100	143	427	148
282	176	215	234	92	117	410	143
292	179	245	230	83	91	432	155
306	185	262	212	69	84	394	138
275	156	274	153	56	76	504	111
247	152	266	137	57	75	528	106
253	151	266	142	61	74	552	112
247	143	238	132	64	87	613	105
204	138	215	127	61	87	631	108
195	151	227	149	65	90	563	113
199	152	251	165	73	97	553	119
187	147	243	165	76	102	529	127
211	153	243	162	72	91	496	131
303	167	265	229	86	93	584	129
328	186	312	280	95	109	664	130
332	181	297	282	92	116	678	120
327	181	331	310	98	115	707	106
377	189	351	353	104	108	684	113
325	188	341	323	104	113	614	122
351	163	310	305	96	101	572	131
359	156	320	301	90	84	542	141
356	143	307	293	86	73	558	139
291	151	305	274	89	85	492	113
268	142	287	287	86	78	495	104
202	135	273	251	82	73	407	87
201	138	263	256	89	88	397	76
236	135	268	239	83	95	322	77
297	215	256	210	79	115	327	88
319	278	338	200	72	119	346	99
326	284	375	200	75	121	397	114
315	293	375	195	75	113	402	114
296	302	377	218	80	113	396	114
235	253	374	220	83	111	446	114
202	206	324	201	80	106	436	106
199	213	265	200	82	115	424	91
195	225	284	209	81	117	415	89
215	226	264	169	78	120	462	104
195	207	256	154	70	96	406	95
196	200	231	150	69	100	367	90
234	195	222	156	64	82	359	93
233	185	183	126	57	76	381	102
210	185	177	123	54	74	463	112
234	192	227	123	55	79	495	119
316	230	229	141	63	74	486	127
301	247	221	128	63	78	474	125
301	274	234	140	63	84	496	131
310	268	255	171	65	85	426	113
310	276	222	172	68	91	450	108
292	253	236	173	67	93	453	100
280	234	244	167	65	91	462	97
279	192	240	161	66	88	447	77
270	196	214	132	60	85	457	75
262	189	208	132	59	75	383	73
213	174	191	114	50	68	394	71
215	175	180	107	50	69	400	72
212	185	176	94	48	75	406	87
228	177	200	115	54	67	346	84
279	190	220	129	53	64	339	86
274	187	225	148	60	67	366	93
270	174	230	162	63	82	372	100
290	182	258	169	67	77	372	100
297	239	220	154	63	74	362	100
242	229	262	144	58	76	373	98
236	231	326	172	59	77	386	97
233	239	330	179	61	70	392	96
207	223	317	172	54	66	358	83
171	158	346	182	54	70	349	83
161	143	298	203	62	70	356	95
142	114	226	170	57	90	353	102
152	100	215	158	52	90	353	100
157	93	205	167	62	91	352	112
156	100	177	160	60	90	420	116
159	114	178	126	54	92	443	107
152	115	163	113	54	90	412	100
121	112	159	98	53	79	389	97
110	101	144	81	46	80	428	110
119	90	118	76	54	157	382	111
134	75	107	80	58	163	341	110
142	81	125	100	58	155	368	116
143	79	120	102	59	158	382	116
148	86	139	108	58	161	336	92
142	83	129	100	52	99	315	100
123	77	136	96	48	85	495	110
142	68	112	74	48	85	493	104
143	69	114	69	48	101	506	108
135	60	86	63	51	95	520	111
131	61	127	109	51	83	547	99
131	56	152	119	55	87	399	95
101	55	154	116	55	89	392	95
103	57	153	116	55	93	350	86
96	54	149	117	54	97	328	80
97	69	129	79	50	98	297	77
106	70	88	58	51	108	359	80
111	73	82	59	50	104	333	72
112	69	80	58	51	82	329	72
133	80	82	60	53	86	354	73
148	77	56	58	52	110	342	81
147	77	56	59	51	104	260	84
151	77	60	62	51	111	243	82
152	85	69	64	48	109	236	83
137	75	64	60	46	110	258	90
149	78	81	56	51	107	301	96
142	77	78	53	44	98	362	105
133	75	76	54	42	89	390	106
