0	1	2	3	4	5	6	7
83	55	50	52	41	69	171	48
75	59	63	56	47	68	207	45
75	61	79	64	48	68	215	46
86	69	90	69	51	79	212	47
87	76	92	69	57	88	214	54
86	81	135	88	56	90	213	52
84	77	137	93	50	90	183	51
82	82	130	90	54	98	190	49
79	74	123	86	52	94	188	52
88	71	124	86	45	85	188	48
82	64	81	62	45	81	179	49
88	63	66	47	43	76	197	49
88	57	59	43	41	77	184	50
75	59	57	46	41	81	180	47
70	59	55	52	51	90	184	46
74	57	50	70	61	95	194	49
69	64	58	74	65	99	180	56
71	66	60	71	62	91	193	59
77	69	65	71	63	86	187	63
69	64	59	65	62	79	201	63
76	67	62	46	55	80	203	69
76	60	58	44	55	79	213	64
70	57	55	44	57	78	192	57
76	62	57	45	59	79	212	53
81	68	62	48	55	84	223	57
76	66	58	47	52	77	265	50
78	68	60	49	56	92	295	59
85	75	65	50	54	94	298	67
84	67	57	51	52	94	280	71
81	64	54	49	54	91	285	73
100	66	58	50	59	106	307	94
103	71	60	51	59	98	293	92
100	64	60	60	65	102	293	89
97	68	67	59	63	99	308	89
103	67	67	59	61	98	310	93
85	67	66	56	55	86	283	76
74	57	57	53	49	77	253	69
77	70	66	78	47	74	259	68
77	67	65	88	58	98	254	64
69	76	72	98	73	135	252	50
74	81	72	114	78	143	219	46
80	84	82	143	100	146	266	54
77	75	77	146	111	157	296	55
85	78	76	146	108	150	322	63
87	69	68	144	104	126	339	64
78	60	67	135	101	121	329	62
83	73	67	108	82	117	296	61
88	73	61	84	68	106	280	63
76	67	57	78	67	103	255	55
71	73	65	77	66	104	209	55
73	72	63	71	66	100	220	53
70	53	52	72	61	125	219	50
60	55	56	73	66	132	240	59
69	56	62	75	73	137	227	60
75	50	55	76	74	135	264	58
78	57	61	78	71	134	255	64
80	60	62	70	73	118	266	65
83	63	59	70	66	109	225	57
77	66	58	67	54	97	247	55
73	63	55	60	42	102	221	56
82	68	54	61	46	106	223	64
77	66	53	61	51	109	200	65
79	63	55	59	53	118	221	64
83	58	49	56	60	121	199	67
87	71	58	56	59	106	166	69
90	66	56	61	60	114	176	61
100	66	56	63	60	111	193	62
98	71	58	62	56	100	157	64
95	72	57	69	50	103	170	61
101	64	58	68	51	107	172	69
88	63	55	60	51	94	175	65
88	63	55	60	51	94	175	65
