0	1	2	3	4	5	6	7
99	145	55	58	49	327	184	69
106	130	67	67	51	322	162	70
97	88	63	59	47	244	159	68
94	88	66	59	49	259	121	64
101	77	64	73	54	271	133	77
111	77	94	78	55	268	130	71
113	77	88	81	56	250	130	66
118	80	94	79	54	325	128	62
119	78	96	83	52	290	129	64
113	78	102	93	48	279	113	54
118	73	82	96	52	281	111	57
106	66	82	88	50	341	115	66
100	56	74	86	49	276	108	67
105	56	91	92	48	264	112	65
108	88	90	75	47	283	137	70
103	89	89	71	44	316	142	69
98	87	87	71	40	256	139	63
112	86	88	75	39	235	160	76
107	90	72	71	40	229	184	92
127	70	60	66	40	224	184	87
122	64	53	59	40	201	193	85
121	63	47	61	41	205	209	86
111	62	58	59	38	193	189	77
115	56	53	56	45	219	157	65
88	38	63	61	48	239	143	61
94	42	69	64	48	244	150	74
98	41	69	60	49	244	126	77
93	43	60	79	56	251	142	73
91	43	60	81	51	257	144	70
98	50	51	79	54	247	156	72
90	47	42	76	54	228	138	61
87	46	45	77	53	219	135	56
91	55	60	63	49	230	121	55
97	61	58	62	47	242	115	49
96	54	55	60	44	238	87	56
92	57	59	60	43	227	79	55
89	58	56	58	41	228	84	53
93	54	44	52	40	218	76	53
88	46	41	43	39	192	90	54
83	44	64	45	44	230	91	50
88	43	65	56	49	259	92	50
127	42	66	59	50	268	132	56
124	37	64	57	51	296	143	59
119	37	75	62	50	286	140	58
128	41	77	72	49	260	152	60
130	38	85	76	43	264	160	59
113	39	89	77	44	263	125	61
108	38	89	77	41	224	120	58
151	43	81	77	43	238	112	67
157	40	65	67	33	224	147	61
156	44	58	59	32	226	143	76
151	47	68	59	34	263	145	75
153	48	74	60	37	254	171	74
228	43	87	70	37	272	175	91
307	51	87	76	41	321	160	122
362	60	85	74	46	355	289	132
421	58	75	77	44	324	316	149
439	61	74	93	41	345	303	151
432	66	67	97	43	374	311	179
483	103	79	94	44	366	345	248
583	130	85	96	44	326	262	272
574	154	97	103	52	352	231	267
573	165	106	90	54	385	242	268
553	168	107	76	55	339	230	245
494	163	103	75	53	316	169	188
325	152	109	70	51	355	212	169
273	129	98	51	45	342	242	212
247	117	91	59	43	292	235	218
236	114	85	68	42	299	236	220
235	92	84	88	48	295	236	208
286	74	70	95	52	291	205	197
281	73	73	96	51	287	178	146
288	71	72	91	52	278	189	137
333	72	77	87	50	270	187	152
295	67	76	67	46	276	210	141
396	68	74	59	40	213	288	237
439	67	69	58	38	197	304	252
448	70	66	56	37	196	293	255
429	70	81	59	38	216	299	252
438	67	84	55	32	203	276	250
339	73	89	57	39	288	205	163
292	73	91	68	40	299	178	140
272	72	92	74	43	308	180	132
266	71	80	71	42	288	177	134
300	87	77	70	45	292	187	162
367	86	78	67	46	214	259	188
397	85	76	56	46	206	329	208
403	81	75	45	41	214	345	209
435	84	76	44	44	272	343	229
416	65	74	42	42	271	383	215
330	56	69	40	36	265	362	191
304	54	70	55	36	282	312	177
301	53	68	57	40	327	301	183
241	46	56	56	45	359	311	155
308	54	56	60	54	521	282	197
318	56	51	59	55	531	226	202
328	59	52	78	61	522	217	204
410	68	49	89	71	493	310	217
433	67	49	89	68	476	314	219
394	63	42	88	64	327	300	205
392	60	45	93	63	321	297	190
402	64	50	73	57	313	304	181
339	57	50	61	44	348	213	173
307	57	50	62	46	348	217	171
312	60	52	64	46	329	217	189
337	70	60	61	49	317	234	199
330	69	54	65	56	353	299	203
334	67	55	72	62	330	347	195
340	69	59	85	62	336	341	194
314	77	60	83	62	340	338	142
299	66	51	88	60	353	357	138
270	61	55	81	52	347	301	149
289	68	71	77	45	345	235	178
297	70	71	64	42	281	223	176
293	66	71	69	42	266	239	176
308	68	77	102	66	297	230	174
340	71	72	103	70	291	251	182
396	81	67	102	70	279	250	188
390	77	70	103	70	279	265	184
404	74	72	127	75	247	249	197
423	77	69	102	59	183	226	198
458	78	71	100	59	186	209	205
389	65	61	101	61	172	204	175
379	68	55	108	64	198	211	179
360	61	48	83	57	249	200	162
310	59	48	78	57	255	212	176
218	54	45	78	52	220	199	149
189	54	44	75	49	222	196	144
217	50	41	68	42	207	168	158
219	49	42	59	45	212	183	162
245	51	43	64	41	203	159	143
244	52	46	69	40	208	139	131
284	52	46	66	42	203	140	133
280	56	47	64	46	202	154	105
290	59	49	67	41	143	137	109
263	54	44	65	43	138	143	93
245	53	46	65	43	151	158	96
212	62	50	67	45	156	173	99
186	58	48	64	43	148	166	88
162	62	51	72	48	128	168	71
136	65	51	101	54	128	148	69
138	72	50	100	55	147	130	72
100	63	49	101	52	141	130	67
327	75	52	104	54	138	148	125
351	74	51	96	61	136	151	133
362	77	54	80	59	129	158	135
374	73	53	78	57	66	171	132
383	73	56	75	57	61	153	132
276	64	53	74	53	57	121	87
354	71	55	80	50	57	113	92
364	88	67	65	47	53	101	100
376	91	72	63	47	50	85	98
369	89	68	64	48	45	86	97
369	93	72	62	50	43	91	102
274	89	71	54	39	37	96	92
251	63	57	52	49	37	147	85
228	58	50	52	49	36	175	87
240	60	52	52	47	36	179	92
217	49	49	65	50	36	184	84
213	43	48	82	62	41	189	96
233	48	53	81	58	63	173	112
226	47	58	81	60	78	187	108
208	47	57	88	60	79	206	103
169	50	55	86	59	78	203	101
169	57	54	79	51	80	197	93
164	55	51	80	51	69	204	72
186	58	47	84	50	53	185	91
193	57	47	80	55	52	170	87
198	56	47	71	52	52	165	89
250	52	44	60	46	44	158	91
242	59	48	60	41	37	133	89
240	54	46	58	47	35	124	72
236	58	51	62	43	36	117	77
231	57	51	63	42	33	133	72
165	57	51	64	43	33	171	61
174	54	49	61	51	47	175	65
148	56	47	57	48	48	179	65
150	53	48	54	47	49	194	63
154	55	49	57	49	53	218	70
167	51	49	57	49	52	196	81
142	49	51	70	46	41	207	88
144	49	53	75	49	42	198	89
181	47	47	71	48	52	196	87
172	49	45	65	44	49	167	88
188	53	46	66	45	52	170	81
186	51	41	54	40	52	148	67
196	50	37	43	32	49	156	75
172	49	37	42	34	42	157	83
220	50	37	38	35	43	149	76
215	48	38	48	36	45	157	78
235	50	37	48	35	47	156	86
234	55	43	53	38	48	163	91
236	56	42	53	34	42	157	82
