0	1	2	3	4	5	6	7
217	419	166	62	62	348	74	104
210	375	162	65	65	352	78	160
137	363	158	60	67	369	100	174
126	360	150	59	66	305	133	289
151	392	196	58	72	349	162	372
157	404	207	61	68	337	163	394
143	367	204	61	66	337	170	377
149	333	206	56	63	385	177	386
157	354	209	55	64	474	179	337
179	360	160	54	59	444	156	253
207	368	181	51	57	457	153	229
218	376	192	45	58	491	148	273
222	366	187	47	58	478	131	263
217	367	180	48	53	351	93	225
187	338	188	51	53	327	92	216
132	278	155	49	60	385	139	281
122	274	145	51	70	427	157	301
181	304	134	49	70	428	153	301
188	275	161	47	71	437	156	330
187	243	152	46	69	476	166	359
189	237	146	51	66	498	145	306
212	236	128	52	58	433	122	251
163	162	139	58	65	410	133	291
161	163	109	74	113	547	200	371
176	174	104	77	118	557	224	388
239	284	103	85	124	518	269	522
265	329	110	120	162	669	314	580
279	333	93	129	170	754	338	591
284	346	112	154	195	792	320	537
330	351	118	167	219	881	396	548
301	286	116	165	233	963	417	449
264	220	113	153	221	910	390	373
340	218	120	200	231	919	385	369
341	234	115	192	212	999	400	415
303	288	134	187	221	936	414	458
387	339	135	187	208	845	402	457
388	353	142	186	213	912	424	524
314	377	142	152	215	962	426	563
318	364	130	157	241	806	423	532
307	312	102	175	236	783	336	473
171	237	101	181	243	837	301	515
209	235	102	176	238	722	300	507
199	203	89	155	221	567	302	433
181	198	90	132	175	670	293	457
175	196	89	101	139	755	319	537
248	235	89	93	132	733	342	522
259	224	74	85	111	753	328	478
260	216	82	85	120	776	318	493
266	256	80	84	118	756	321	508
298	274	82	89	119	705	306	416
275	268	76	90	135	730	284	454
243	269	76	89	136	714	277	514
294	281	66	84	128	683	269	494
362	251	72	98	119	639	265	507
345	230	69	101	119	720	302	537
401	201	74	90	92	706	377	505
412	218	85	103	102	693	444	497
453	262	98	112	98	671	477	535
403	252	100	105	153	885	558	514
431	262	99	100	148	781	639	523
389	266	97	109	148	731	629	492
374	247	86	103	148	785	589	432
283	176	71	99	160	880	580	474
280	163	65	89	108	605	511	447
293	159	66	81	112	603	392	392
298	257	65	70	119	693	400	503
307	254	64	67	109	718	395	564
398	312	69	61	99	670	398	512
524	354	79	64	101	644	378	509
523	354	79	64	136	793	371	508
519	287	80	66	132	720	414	479
531	283	83	69	133	639	456	410
464	222	79	79	129	601	454	422
358	163	66	78	135	599	453	413
320	193	64	75	90	369	462	420
329	246	63	73	84	465	369	388
336	251	56	75	81	480	352	455
339	247	55	77	79	439	377	438
305	235	55	82	71	424	377	432
333	251	83	83	74	454	333	421
293	213	84	83	98	531	327	364
256	221	83	85	135	583	313	328
279	268	89	74	134	575	280	316
306	281	94	70	137	615	268	368
329	255	73	72	146	656	428	455
452	270	86	77	134	508	449	503
451	276	97	65	97	417	432	500
505	258	99	73	106	505	519	717
492	244	94	70	100	548	555	726
462	222	91	65	89	486	446	677
334	214	79	62	85	483	419	661
332	218	75	71	98	489	413	641
235	190	64	63	93	436	376	471
206	244	65	69	106	345	347	448
183	274	78	86	110	311	351	440
186	265	76	84	112	340	345	416
187	250	79	94	112	409	391	580
165	250	80	94	112	417	440	524
307	291	86	96	109	412	455	501
346	287	79	86	109	412	453	537
360	301	92	86	113	458	457	625
365	312	90	68	106	409	441	498
387	398	127	68	100	357	314	488
289	445	170	62	85	331	268	526
246	512	220	86	93	471	341	575
251	518	219	90	99	504	375	508
255	538	223	90	99	494	367	483
237	556	219	94	114	557	421	529
281	525	195	144	145	624	544	584
301	474	153	146	141	543	562	524
328	535	163	147	137	483	573	511
407	555	185	164	176	647	590	554
418	525	181	172	191	697	541	543
410	534	181	135	176	703	449	443
394	530	177	118	175	707	371	445
381	490	163	119	207	742	415	439
315	480	137	104	205	641	449	452
286	461	122	101	197	601	443	453
318	406	117	106	198	554	415	482
339	424	110	122	207	739	452	486
313	394	113	156	212	717	394	582
335	394	110	153	185	678	345	524
340	395	133	152	176	622	358	501
300	430	129	157	182	635	364	557
288	413	158	198	225	510	347	559
291	513	163	178	201	511	365	438
219	490	159	176	200	547	329	468
204	481	145	192	217	576	344	560
175	470	149	192	211	560	402	558
190	531	152	145	161	451	384	552
180	426	158	153	176	482	361	576
188	453	166	171	202	531	434	600
222	518	163	155	193	537	454	503
240	536	163	161	213	536	438	408
240	536	163	161	213	536	438	408
