0	1	2	3	4	5	6	7
81	66	59	46	41	75	197	52
80	60	56	48	48	106	264	63
82	59	56	49	51	121	274	65
76	61	57	49	53	125	284	67
79	56	58	45	50	123	401	63
82	58	60	45	49	115	400	67
83	59	65	41	42	96	395	62
80	56	63	39	38	81	404	63
81	54	62	39	38	83	451	69
79	55	61	41	37	89	359	76
78	62	63	43	39	90	350	77
95	59	54	44	39	84	353	82
95	62	60	48	41	89	364	86
97	63	62	50	41	102	362	90
97	65	63	51	46	110	363	82
117	61	60	50	49	114	367	81
113	63	59	52	54	122	354	72
116	65	54	50	56	126	386	73
118	64	52	54	60	133	321	75
118	62	48	52	59	131	318	81
97	59	50	52	55	130	319	87
94	57	51	50	53	129	329	98
102	64	58	55	52	134	273	131
103	63	56	52	44	145	280	133
106	67	68	56	43	165	296	136
115	75	68	56	44	174	385	132
113	77	71	61	47	173	412	135
128	76	72	58	45	174	420	109
125	77	73	55	44	166	464	135
120	74	66	52	41	140	494	137
110	64	60	48	38	125	431	140
105	59	55	38	31	122	396	132
78	60	51	38	36	111	387	131
71	60	53	37	36	103	327	96
89	58	50	37	39	107	256	89
98	56	49	38	39	106	268	85
97	60	51	40	43	112	310	114
95	52	48	37	41	116	313	105
95	54	43	39	43	102	339	107
84	59	48	43	47	104	383	120
81	68	55	46	50	108	388	121
84	69	54	45	48	105	337	100
78	68	51	45	47	94	406	106
83	68	53	44	46	89	406	99
