0	1	2	3	4	5	6	7
174	207	319	257	71	82	516	82
150	203	332	255	70	83	499	79
139	218	330	259	75	77	417	66
172	231	310	260	70	82	410	76
173	217	288	204	70	81	420	68
162	231	328	180	69	76	392	70
172	225	300	183	69	93	359	79
167	211	290	187	63	90	409	80
155	216	279	170	63	86	408	82
153	220	329	196	61	92	400	91
149	190	320	189	55	90	413	93
200	227	322	213	68	88	435	103
230	231	368	217	69	85	403	107
222	226	365	219	69	83	404	100
225	222	428	183	59	79	437	103
230	242	448	206	57	82	487	119
189	248	452	204	49	74	589	119
171	256	412	193	48	70	586	116
180	245	408	191	51	74	590	120
216	276	293	181	55	82	679	128
227	261	289	198	58	81	649	134
227	237	299	174	55	79	545	130
222	254	334	171	54	82	546	126
208	270	363	168	54	83	579	127
174	328	376	172	53	80	508	118
172	346	353	158	68	92	572	120
221	363	339	183	70	97	555	115
240	372	327	185	71	97	679	140
282	391	302	213	74	104	680	145
282	340	341	229	76	119	700	150
278	325	385	222	62	121	717	137
238	322	448	209	71	119	800	158
215	308	497	242	89	133	769	157
185	293	531	237	94	126	817	169
220	325	567	271	100	112	777	163
246	434	751	361	126	102	711	165
303	515	754	438	144	130	606	149
334	508	796	459	140	116	576	142
341	509	811	497	142	126	539	153
342	491	861	511	146	130	635	170
360	416	692	456	124	134	667	176
320	294	655	415	103	112	672	174
294	298	603	389	103	118	620	169
298	281	578	333	98	114	616	143
267	261	460	278	92	124	592	120
234	275	446	320	107	134	680	106
282	290	472	346	109	125	685	128
283	288	480	361	111	120	704	147
272	304	462	365	108	121	670	149
277	309	498	380	106	101	593	148
262	282	503	375	93	76	473	145
201	315	508	328	90	83	590	137
190	330	486	308	81	101	588	108
174	325	604	308	81	93	660	115
203	352	611	310	79	94	671	127
203	362	621	274	83	97	691	131
195	310	665	280	82	97	710	130
204	310	721	401	108	76	706	136
239	356	666	431	113	83	617	137
258	398	658	488	125	89	632	148
250	376	672	507	125	85	676	147
278	381	740	591	151	87	584	149
281	426	805	553	140	88	548	153
278	443	799	586	139	79	658	141
262	389	835	526	126	80	720	123
304	392	882	586	131	84	640	125
288	394	820	504	94	75	654	115
294	345	688	483	88	90	749	117
288	259	784	450	89	116	788	132
300	251	774	490	99	118	713	136
285	258	759	405	101	118	729	131
286	245	703	406	100	119	724	140
357	321	731	420	108	125	748	157
355	357	595	410	114	129	676	153
334	343	501	371	115	144	694	151
322	331	459	368	111	150	704	156
316	334	470	393	117	151	859	155
232	281	475	363	113	148	838	141
228	221	487	350	107	132	780	136
227	235	502	369	107	123	784	137
234	256	446	412	110	139	776	134
254	246	439	380	104	140	550	136
246	185	389	381	99	129	456	123
228	208	432	367	99	129	529	120
228	188	411	406	97	119	495	139
205	177	406	343	81	108	470	138
183	188	429	336	81	111	675	136
166	198	443	318	78	115	665	137
164	183	403	315	74	105	627	134
167	218	408	232	65	106	643	114
168	199	403	232	66	97	628	106
162	191	372	220	64	93	393	89
155	179	339	210	65	85	368	79
149	168	280	194	62	86	348	89
120	132	257	202	55	88	430	84
121	121	305	193	59	96	439	90
117	111	303	181	60	93	490	90
119	108	281	185	61	101	635	106
112	106	313	183	62	112	684	99
151	101	336	149	67	138	638	100
179	100	314	155	64	148	656	102
185	97	309	172	66	164	686	116
224	101	332	167	58	173	584	128
241	103	303	166	59	168	531	132
219	84	270	182	61	146	536	131
192	82	239	181	61	133	535	127
196	94	232	170	64	112	535	115
151	89	203	173	67	90	530	86
161	81	199	174	66	111	529	108
175	81	190	151	69	120	522	112
180	82	183	169	73	175	621	135
188	80	194	169	72	190	574	135
217	79	225	164	72	206	595	141
199	79	218	159	73	202	589	126
204	82	211	172	73	202	600	131
202	86	205	149	71	150	493	107
186	72	182	135	68	133	469	104
144	80	123	124	71	125	540	106
136	81	122	114	72	142	554	104
107	75	108	82	62	145	539	87
106	64	93	66	57	150	567	100
118	65	130	67	61	165	598	118
149	64	159	77	58	154	579	128
150	73	158	82	54	126	557	121
163	72	158	84	53	119	543	123
165	73	157	81	53	153	549	120
162	78	126	79	52	137	507	102
139	65	111	85	51	147	440	87
139	53	131	87	50	149	501	93
154	63	133	92	59	171	612	118
155	64	134	92	57	142	593	115
