0	1	2	3	4	5	6	7
160	471	178	84	60	360	226	388
122	361	157	86	60	364	228	397
148	370	139	86	65	402	224	409
201	444	145	99	95	446	145	287
204	502	165	92	93	441	129	273
215	491	156	76	86	440	118	267
221	527	159	74	90	446	161	273
217	519	161	75	87	446	184	314
205	531	171	55	57	275	172	263
218	463	142	54	55	256	172	270
212	455	142	53	58	260	177	277
207	418	131	54	65	444	181	281
222	415	140	51	77	484	159	201
208	376	176	58	77	483	158	201
199	369	178	59	76	484	162	215
196	365	191	63	77	529	229	340
397	393	188	61	81	540	296	383
390	428	175	65	81	501	424	417
384	389	141	103	101	635	452	473
382	367	147	121	111	714	471	484
393	375	149	133	112	742	469	459
242	400	166	137	121	671	438	421
260	387	167	152	146	692	370	426
268	380	147	134	144	713	367	434
272	376	162	133	146	694	420	438
304	442	165	131	158	660	400	416
268	394	157	149	155	659	381	418
260	353	164	140	136	629	402	419
248	350	164	137	126	512	377	348
258	363	151	131	125	531	327	336
226	265	132	123	140	754	420	492
240	267	120	100	147	756	459	543
318	277	108	102	144	757	428	530
329	294	113	122	159	726	437	546
326	293	95	114	154	721	426	552
332	369	95	111	130	448	340	456
373	405	109	109	115	405	281	387
314	406	108	95	112	392	261	425
308	387	104	72	95	530	355	528
312	372	105	74	91	485	362	518
336	322	99	71	87	473	345	471
284	276	89	66	81	475	347	474
266	272	79	64	82	515	396	499
270	255	72	49	82	479	384	378
317	260	76	46	82	431	381	369
271	217	68	44	80	434	395	421
263	200	53	47	84	456	390	479
257	193	55	48	77	429	333	418
272	236	67	48	71	310	232	408
291	228	66	46	69	302	218	407
332	228	69	47	70	306	253	388
345	224	77	54	80	408	284	315
347	224	79	55	83	400	293	299
332	186	67	53	78	386	288	285
288	169	63	54	81	411	280	337
235	150	59	54	82	425	267	299
239	206	53	48	74	303	326	400
238	197	45	46	61	279	304	388
225	182	51	61	66	287	328	444
188	188	52	66	74	475	352	466
187	191	53	68	80	482	353	481
169	148	52	66	84	465	270	427
206	143	58	64	89	469	351	479
211	141	54	54	96	572	374	451
210	131	53	51	93	433	359	408
224	160	54	49	90	410	351	380
223	130	52	48	86	420	392	363
191	122	50	48	87	428	359	434
250	129	48	49	78	304	374	495
273	128	46	48	76	269	426	534
270	94	45	63	75	258	414	557
266	92	44	69	82	298	409	574
301	104	44	72	86	297	383	523
260	120	49	77	90	262	327	459
224	121	53	79	91	283	280	409
212	116	52	71	95	289	304	384
223	130	55	65	82	257	266	376
178	172	58	64	76	229	272	356
164	170	52	62	65	224	284	366
183	179	48	78	86	364	271	403
188	183	50	84	98	391	306	428
213	186	49	87	105	377	313	407
203	138	42	87	110	394	327	402
228	130	48	81	120	485	409	470
331	137	59	71	113	397	488	489
394	187	67	73	102	372	472	477
381	185	65	71	101	388	472	479
378	185	73	73	119	480	460	480
369	181	70	75	118	431	419	507
414	225	73	67	108	409	320	466
355	180	64	69	121	427	312	457
350	176	65	77	134	462	325	460
360	177	55	83	123	393	321	545
365	181	57	81	121	391	280	464
290	160	44	81	124	414	308	476
305	163	50	71	107	405	305	468
299	163	54	61	106	439	296	494
291	175	53	51	114	523	328	413
283	232	55	50	114	521	329	434
198	207	53	53	112	504	282	395
172	209	45	62	116	501	261	409
171	217	54	77	117	508	301	443
174	248	67	90	116	388	283	477
201	215	81	107	135	351	293	432
180	228	83	107	134	368	331	488
184	251	89	104	134	489	350	533
193	265	85	94	118	404	325	493
215	271	79	86	104	392	309	426
179	271	67	72	83	471	314	484
203	271	73	86	125	487	345	469
206	273	71	91	128	386	338	433
209	270	69	92	130	381	324	404
176	251	74	90	133	454	404	445
202	276	70	83	136	551	449	436
252	366	90	88	102	553	406	411
257	449	88	80	94	535	389	374
256	459	91	78	91	572	386	443
259	454	89	76	81	547	339	421
249	446	90	78	84	381	245	364
196	395	65	55	85	337	242	353
188	280	66	64	99	459	369	414
191	248	72	65	104	443	406	383
208	255	76	100	122	424	393	377
202	235	74	100	110	406	404	422
177	174	76	104	131	640	540	549
185	237	79	104	122	564	479	525
206	279	77	115	137	541	450	523
230	271	83	99	132	590	438	576
230	264	84	102	137	710	449	609
241	301	86	110	128	527	267	503
252	279	85	114	126	519	255	483
224	250	77	112	120	543	265	497
181	250	63	106	133	528	360	478
173	296	67	102	124	353	375	409
181	315	63	97	120	340	386	396
148	294	62	90	122	431	392	418
