0	1	2	3	4	5	6	7
113	271	147	63	68	287	126	268
119	260	163	54	64	310	132	294
117	232	164	51	52	264	137	298
112	223	154	48	52	266	134	267
123	210	142	51	58	271	137	284
116	192	123	47	57	337	143	334
113	208	92	45	50	306	143	315
131	227	97	43	47	292	142	296
129	198	82	43	43	297	148	304
113	213	105	41	36	301	148	312
122	252	101	41	39	256	130	225
130	245	124	41	40	266	130	257
112	268	131	43	42	255	148	275
102	276	132	40	42	260	165	270
101	259	113	41	42	252	169	244
102	213	119	49	49	203	165	239
87	209	103	48	49	188	178	227
85	151	91	46	45	325	180	226
83	137	87	49	52	336	163	238
102	160	88	47	52	331	156	228
91	160	79	44	48	340	181	295
95	145	69	46	49	367	177	337
91	155	65	48	54	268	164	340
97	159	62	46	52	243	170	330
99	160	55	46	52	280	180	361
109	155	55	44	52	278	208	424
107	166	49	42	52	244	211	416
118	169	42	40	49	231	203	409
139	185	50	43	51	333	200	423
205	173	68	56	75	605	319	492
228	171	69	54	79	646	375	432
246	171	70	62	94	660	428	415
256	172	73	78	107	740	448	508
295	162	88	97	138	813	561	623
300	190	86	99	134	738	665	613
298	208	102	118	149	722	642	628
290	201	105	127	151	803	630	643
287	191	111	131	149	898	637	614
256	203	104	154	173	836	558	510
249	219	114	170	186	806	356	520
265	208	106	170	193	865	346	495
274	227	110	168	192	832	350	506
344	289	126	194	220	696	314	472
348	311	142	201	252	887	473	504
321	305	132	191	249	894	520	509
292	337	138	182	235	821	502	502
400	408	175	187	235	850	470	494
358	380	174	171	208	906	507	513
372	386	160	133	132	715	370	495
390	380	159	129	126	655	292	416
397	362	154	132	210	806	371	484
279	267	114	128	224	739	380	457
316	352	103	102	229	649	355	435
294	320	98	96	219	684	345	434
258	309	97	99	227	755	378	471
259	303	110	114	160	678	344	438
271	321	102	103	140	720	351	429
207	317	185	137	140	695	354	576
211	336	188	156	160	704	355	561
252	415	196	166	161	672	325	522
249	424	190	153	155	596	283	478
335	421	198	181	202	594	283	523
347	358	118	161	209	770	313	417
336	348	121	147	206	724	317	432
318	278	139	139	189	659	304	430
344	277	155	158	210	656	302	468
258	293	155	132	166	595	280	529
237	284	158	124	145	372	206	493
267	303	167	132	131	306	152	491
266	347	174	135	140	302	154	489
243	333	171	123	113	317	193	471
234	303	164	120	105	498	381	470
251	327	165	124	106	520	394	496
241	327	163	123	138	541	397	484
227	275	141	112	131	538	408	508
209	292	133	104	125	633	413	535
209	306	135	103	133	532	275	473
201	286	132	102	132	486	272	430
171	337	125	112	102	477	285	437
177	320	114	135	102	600	350	595
188	303	101	133	122	549	421	650
206	334	115	138	125	507	422	617
184	328	120	140	127	503	449	674
190	243	128	185	175	544	465	805
225	237	148	219	255	545	458	754
221	277	176	241	287	529	393	691
211	228	168	241	283	541	375	715
214	227	163	252	311	679	336	683
211	228	160	216	322	785	411	558
177	274	146	164	274	742	394	485
170	240	136	228	330	725	418	478
188	230	141	279	386	837	505	523
230	257	138	279	403	763	521	592
268	307	142	290	404	615	486	613
262	266	144	341	426	580	465	623
267	267	149	306	378	552	460	626
248	273	147	261	339	389	396	597
219	272	158	254	304	319	386	611
158	213	150	260	278	310	355	572
188	232	156	195	233	301	403	545
195	256	168	179	251	435	416	674
225	301	182	193	258	428	398	645
234	338	190	189	254	426	377	557
239	354	205	158	253	487	421	636
225	356	204	156	260	574	448	681
226	356	199	167	218	508	421	574
232	341	197	172	187	478	402	618
240	339	203	222	185	515	434	727
250	327	199	254	188	522	550	736
240	330	201	254	183	432	521	694
237	319	184	242	182	402	503	672
223	293	166	296	178	429	559	731
188	234	152	272	204	412	547	658
173	231	141	250	208	331	382	551
175	212	126	251	256	284	337	550
161	193	120	271	303	274	359	606
131	210	134	213	318	247	274	528
139	198	123	224	301	187	252	466
153	190	119	240	364	181	263	559
146	190	116	240	373	242	408	547
136	189	118	236	371	247	401	485
134	172	110	258	423	235	393	481
119	163	112	314	524	257	407	488
112	236	151	325	546	345	410	487
149	241	165	329	526	343	286	566
161	287	160	312	505	343	309	584
162	293	168	291	468	350	348	607
170	302	189	293	461	350	330	644
164	251	177	327	465	316	348	565
139	244	179	399	542	270	332	556
124	217	193	436	570	273	303	549
138	215	189	447	594	297	328	561
134	204	169	451	565	293	386	589
121	199	157	441	513	257	360	633
119	221	141	379	534	271	388	587
127	229	142	350	546	294	441	629
112	253	156	402	541	311	435	652
102	255	152	359	541	321	405	664
117	331	161	369	526	289	388	649
126	324	166	460	512	349	411	730
144	306	155	495	510	482	439	753
152	282	136	443	484	500	425	689
157	283	138	454	448	499	405	651
153	186	129	443	511	519	431	643
148	159	126	347	421	617	413	625
127	159	116	298	378	543	351	595
111	150	116	304	388	500	325	624
110	144	125	277	363	501	375	649
105	156	117	250	287	530	375	639
94	181	121	269	293	399	350	582
87	169	127	285	342	359	341	583
94	169	126	345	460	461	370	575
120	166	128	360	471	604	518	661
135	150	124	354	478	566	525	726
135	150	124	354	478	566	525	726
