0	1	2	3	4	5	6	7
679	543	600	457	139	201	751	463
648	529	568	590	167	197	807	419
677	548	570	612	184	197	833	393
780	432	558	622	184	235	851	390
692	445	598	629	173	176	788	307
636	470	664	647	187	190	812	269
771	527	726	608	171	206	800	342
729	489	737	608	174	203	806	343
732	490	718	622	199	160	797	353
714	451	829	781	230	168	681	323
842	486	875	860	246	175	880	430
829	443	820	848	255	204	915	427
848	436	848	908	257	201	912	436
834	432	901	933	245	197	907	435
829	434	856	841	209	209	993	464
735	384	780	789	201	203	814	397
661	360	887	907	215	161	734	357
703	354	894	920	203	174	742	367
810	360	929	943	212	182	802	400
818	370	911	971	233	167	725	358
785	359	941	970	244	160	706	332
833	344	891	865	233	154	689	411
814	342	925	818	255	189	723	464
636	368	906	779	251	190	720	473
605	361	889	856	290	183	728	467
611	347	900	859	304	267	833	486
523	339	948	866	337	307	840	427
456	332	913	821	323	282	774	337
517	286	934	804	319	276	674	336
487	275	966	707	291	323	743	346
524	357	964	878	342	277	631	333
543	341	933	908	373	260	581	350
567	360	949	932	380	274	582	375
526	361	954	938	377	298	624	333
542	339	892	878	364	260	536	317
490	253	984	765	296	251	528	301
433	307	1030	707	216	225	530	250
463	309	965	715	240	275	621	284
443	303	932	672	271	280	609	282
425	337	979	740	275	266	598	287
461	363	887	670	277	254	591	319
450	322	935	641	268	260	645	332
422	308	1052	599	247	185	636	298
377	324	1086	660	216	130	637	269
393	330	1036	702	240	151	613	259
368	305	1046	685	229	185	627	248
370	293	964	708	234	173	573	225
302	314	943	746	246	173	489	191
357	308	871	750	264	201	538	198
470	288	953	693	234	230	550	220
488	290	962	705	227	205	544	191
490	336	930	789	279	225	537	198
568	304	870	853	289	236	664	260
587	303	897	836	277	219	601	341
523	274	918	817	319	190	590	340
500	287	882	852	348	197	567	335
508	265	896	776	317	193	570	339
475	253	873	635	306	210	425	330
453	234	894	629	307	210	388	279
426	262	867	670	273	201	354	262
429	260	882	593	230	198	372	285
452	238	850	569	212	199	459	300
399	250	913	692	219	191	480	273
362	250	890	672	225	182	471	236
341	259	889	721	236	181	505	268
332	248	838	768	245	191	507	238
