0	1	2	3	4	5	6	7
211	40	34	39	33	219	72	109
232	38	30	35	32	224	76	109
242	41	31	39	36	254	96	110
204	44	35	47	36	199	111	90
196	46	33	46	38	213	118	92
196	51	36	43	38	202	111	95
163	48	38	45	40	202	122	90
165	54	37	47	36	176	137	93
155	49	36	45	35	179	127	84
160	60	39	45	35	194	126	85
161	59	38	45	36	198	131	75
161	60	40	44	34	194	124	75
152	55	39	40	34	195	112	68
168	56	39	36	38	204	110	76
176	45	40	34	36	179	105	81
157	49	39	30	31	168	98	82
145	51	40	32	34	180	91	81
135	50	40	33	34	160	64	72
132	58	43	33	31	144	84	74
120	58	41	31	30	138	82	69
124	53	40	33	31	161	77	64
137	50	38	30	29	154	78	67
145	54	40	31	32	184	81	66
126	50	35	33	32	190	74	60
126	47	38	34	37	190	74	60
118	49	40	36	38	153	82	59
105	49	39	36	38	192	86	57
99	52	38	36	33	162	81	66
119	52	38	34	34	152	64	67
112	55	41	36	30	151	62	67
112	52	38	32	27	166	71	65
120	51	41	31	27	148	70	76
117	47	41	31	29	149	75	70
108	47	43	32	28	200	75	67
104	52	42	31	30	201	77	63
115	53	43	34	30	193	63	71
114	56	45	36	32	198	59	74
115	58	44	34	29	206	67	75
132	84	56	35	33	181	75	72
152	104	57	33	30	192	76	74
217	174	74	41	34	204	71	67
252	194	80	53	39	195	102	59
423	342	114	60	49	194	193	99
521	474	139	65	51	178	294	133
549	530	156	74	57	169	313	152
577	590	207	82	69	192	358	170
584	610	232	83	86	308	600	189
590	595	234	90	96	509	693	227
623	545	266	147	127	533	738	243
656	598	304	201	220	535	768	259
651	686	306	260	330	557	862	261
694	733	378	348	449	634	820	265
659	816	442	514	668	760	1051	251
637	902	441	522	701	767	1055	248
615	968	454	510	681	813	1130	256
704	1061	477	497	666	913	1172	286
695	1138	500	495	628	901	1174	357
756	1177	550	377	426	734	1016	349
726	1170	618	402	453	733	981	350
849	1172	687	441	512	733	915	376
812	1118	786	494	569	599	876	367
846	1080	794	491	600	527	852	299
774	1028	825	454	581	590	905	299
776	963	829	439	552	704	964	314
725	967	784	413	507	733	1023	324
752	908	723	372	420	733	922	342
739	833	672	316	330	778	878	336
740	775	565	352	387	781	862	344
709	770	483	317	335	725	840	337
604	649	432	295	328	693	717	271
504	558	310	234	291	680	717	226
398	533	276	263	346	689	697	232
355	464	220	229	286	607	449	219
332	419	180	231	289	530	286	173
296	323	169	228	276	469	245	168
251	256	150	229	278	460	222	160
240	211	142	170	194	312	189	132
205	196	153	125	166	374	152	103
195	178	139	99	147	379	134	107
191	158	119	83	140	369	135	114
177	155	118	77	131	362	131	103
163	149	126	55	89	339	95	93
167	142	109	43	63	185	80	86
176	136	101	42	51	165	65	78
173	124	102	48	57	157	69	64
178	108	105	49	57	152	72	79
179	110	82	49	57	203	82	86
174	108	69	46	51	235	85	89
153	110	60	46	45	215	86	83
151	89	58	45	48	221	78	89
127	83	52	44	45	250	77	81
118	73	54	49	43	216	68	74
167	160	63	53	55	207	173	84
166	168	62	54	56	218	187	101
167	172	63	50	52	295	186	97
177	173	75	50	55	335	185	93
196	173	72	45	61	350	187	93
153	109	63	43	55	344	133	83
174	95	67	48	65	354	155	80
185	83	70	51	63	345	157	97
165	80	64	56	69	303	159	105
162	82	61	57	69	316	165	110
166	69	71	58	68	319	164	111
146	75	68	57	64	313	128	100
124	85	62	55	66	281	138	85
131	110	58	52	68	279	169	88
135	123	60	49	64	252	173	81
144	143	52	46	61	300	156	81
164	146	51	42	59	293	159	85
163	142	64	40	56	276	153	116
203	123	67	39	43	311	115	111
194	139	73	45	42	312	104	125
190	144	74	45	40	254	170	127
191	164	98	46	41	252	192	139
198	222	106	66	55	241	193	117
172	231	104	66	58	183	205	116
169	220	106	66	57	197	206	101
193	217	109	67	56	191	152	98
181	209	90	68	59	201	113	83
176	164	76	50	50	319	114	80
163	153	73	49	48	327	90	75
167	159	64	45	50	320	114	83
158	167	60	44	51	376	123	86
154	157	59	39	47	399	128	90
154	143	59	39	46	330	125	117
164	141	61	36	44	317	124	115
160	145	72	46	44	305	93	111
141	134	77	52	52	263	139	126
215	131	83	55	52	252	151	154
254	130	83	57	52	228	161	162
275	132	94	88	74	307	190	199
308	118	156	121	99	391	198	205
319	96	163	136	104	399	177	199
409	111	164	138	107	398	217	227
557	117	172	147	112	459	311	307
691	131	193	165	105	417	302	334
758	128	155	161	87	356	327	368
792	147	174	180	101	492	328	386
769	145	194	198	127	640	356	395
703	140	192	233	136	630	278	347
646	135	172	222	140	680	298	307
703	154	167	225	148	741	378	270
685	142	143	226	136	667	390	262
658	136	129	234	121	548	343	253
634	136	130	214	106	510	353	246
645	136	124	210	98	455	370	265
511	120	143	224	93	418	297	261
509	118	146	220	97	419	310	249
515	136	171	209	86	373	319	271
551	144	179	238	87	381	325	290
523	149	198	240	88	400	301	332
500	164	182	221	80	367	281	337
519	184	180	203	78	358	241	351
593	169	172	263	126	539	440	304
659	167	172	258	163	625	454	352
670	168	197	314	185	613	459	325
686	186	254	329	199	581	456	331
667	173	257	342	204	710	517	346
641	177	244	305	186	634	431	371
595	177	238	285	155	563	409	334
680	182	213	258	131	552	413	345
698	170	151	245	109	555	425	417
741	179	161	240	106	452	370	426
784	174	152	224	92	425	280	430
743	194	158	221	90	403	270	403
647	187	155	175	82	405	232	386
634	166	169	173	79	443	198	352
621	147	149	157	75	345	210	319
674	145	149	163	71	385	237	335
728	138	153	158	83	389	236	403
706	150	170	192	93	382	249	393
690	148	156	199	95	359	263	357
657	147	159	194	84	352	237	357
649	154	165	190	99	240	202	407
612	152	170	201	90	244	216	358
589	129	144	167	87	271	217	393
627	127	136	138	82	316	203	456
631	129	133	154	96	308	198	476
489	128	150	158	94	308	244	413
594	95	140	154	100	290	262	442
705	96	140	160	93	274	255	417
709	94	140	179	93	186	256	333
722	100	153	191	89	166	246	330
749	96	147	197	82	181	270	410
647	95	147	187	81	218	259	393
542	91	137	178	82	199	259	379
534	89	150	162	79	176	265	385
519	86	148	136	76	181	331	412
638	94	159	128	89	172	336	346
667	107	166	119	82	149	383	371
664	131	214	116	82	150	395	388
663	175	258	148	110	250	391	389
708	172	256	180	114	282	520	375
629	171	249	177	102	290	504	378
682	208	273	184	116	305	468	343
711	250	293	186	138	356	538	351
702	250	272	165	132	360	544	362
755	265	270	133	124	338	392	334
878	280	289	124	122	336	420	437
831	270	271	141	158	349	425	444
851	249	230	151	156	324	348	458
946	231	239	147	158	300	401	507
870	266	281	145	188	303	412	504
780	288	280	173	191	287	405	422
862	275	290	150	162	276	399	417
876	262	280	163	203	276	394	411
833	267	286	235	240	312	465	381
835	246	267	245	271	324	482	386
785	198	253	255	321	330	485	381
700	214	247	421	466	348	518	389
766	218	248	457	489	388	572	514
752	211	246	445	518	335	497	550
821	250	261	448	536	330	456	571
893	289	268	478	658	458	465	607
907	290	265	496	635	492	524	612
846	285	267	517	679	455	487	574
971	321	272	526	695	457	503	635
947	277	257	597	743	460	540	616
949	254	253	570	625	384	521	653
909	270	285	490	624	312	423	659
982	295	310	484	578	296	390	647
928	258	298	482	523	308	503	622
999	255	296	406	448	344	540	660
920	256	315	402	438	289	525	609
941	267	321	437	349	294	563	603
910	242	300	552	404	381	574	559
890	243	306	567	440	377	453	495
774	263	303	564	434	353	364	454
805	249	275	615	513	357	360	441
905	209	230	684	636	543	369	443
941	199	221	653	643	544	364	452
1046	196	193	644	642	536	344	479
1035	168	180	675	652	542	363	467
1027	158	173	668	612	563	517	472
1016	163	163	549	479	400	599	485
924	190	197	431	394	326	617	450
773	256	265	448	392	335	626	462
844	278	268	404	352	318	631	476
843	278	263	352	395	312	534	537
765	280	264	367	439	305	374	506
792	269	242	356	430	316	306	550
744	216	172	302	420	334	326	496
705	179	156	287	426	356	326	531
678	191	163	307	433	355	292	444
687	169	164	301	408	329	298	454
654	159	165	346	411	341	468	448
720	137	143	364	412	331	467	468
688	162	149	401	422	305	447	402
719	177	153	383	369	258	453	392
669	192	185	363	342	265	467	394
730	196	189	327	324	382	356	358
633	201	199	313	294	381	331	309
639	203	206	254	255	381	420	338
586	192	206	231	210	425	457	320
692	194	171	223	205	527	464	342
706	199	161	211	213	527	463	368
