0	1	2	3	4	5	6	7
602	236	437	271	115	107	824	280
656	220	434	278	123	119	873	281
647	213	428	290	130	124	791	311
645	226	413	277	133	155	696	329
706	232	387	231	126	165	736	341
689	185	309	192	124	172	670	323
659	221	326	192	126	166	724	319
611	237	349	193	144	195	721	288
634	236	352	202	163	181	707	254
591	266	375	219	166	181	662	249
588	273	322	211	156	188	718	278
593	239	390	243	155	195	671	291
595	222	390	230	136	161	626	297
561	237	439	241	151	149	673	293
583	205	411	234	166	198	727	319
648	206	443	227	164	266	664	297
635	231	389	185	161	265	610	275
653	259	389	190	169	274	616	273
675	236	341	192	191	467	659	254
636	225	366	279	265	533	668	206
543	222	381	413	366	508	660	208
515	205	408	450	379	510	642	209
526	172	426	514	435	539	650	238
462	166	443	527	468	442	723	233
586	184	428	544	449	406	746	370
618	205	401	478	388	408	714	400
629	206	361	488	397	406	755	410
577	192	311	424	332	380	785	388
551	193	290	417	264	327	801	402
504	184	306	343	221	236	731	318
525	160	277	339	227	228	777	332
529	163	319	328	210	283	743	323
524	167	319	376	268	340	698	310
566	164	301	375	264	384	566	315
571	144	289	391	313	411	595	323
599	135	295	387	295	433	544	293
598	123	246	381	376	414	633	306
680	122	264	369	357	422	668	326
642	133	318	360	369	384	687	298
519	133	318	341	367	357	646	228
442	119	303	438	383	321	625	209
435	123	386	492	317	336	561	210
303	123	376	470	327	258	505	195
334	102	324	479	320	239	486	201
448	98	329	487	343	244	538	232
477	104	348	425	360	297	656	241
480	89	250	371	360	326	657	220
474	85	260	370	338	314	732	213
521	122	335	386	343	307	736	233
518	133	352	409	290	356	731	237
533	134	342	378	280	351	675	240
520	134	348	371	281	346	662	234
529	135	338	430	289	376	591	236
467	108	284	416	272	381	571	212
388	95	273	407	281	371	681	204
310	83	283	441	258	440	647	180
338	80	269	499	230	409	654	205
363	80	264	453	223	391	653	205
359	76	251	451	223	390	597	213
333	70	211	452	208	376	437	181
358	73	184	399	182	263	515	180
389	76	180	289	202	271	649	178
376	80	235	330	208	257	625	172
367	76	247	314	204	250	635	149
440	82	252	292	207	370	727	158
422	83	249	315	223	365	786	151
401	95	316	349	211	352	660	129
385	93	276	313	208	375	708	135
393	90	251	322	217	418	849	160
315	88	260	328	203	409	829	159
286	92	288	333	188	473	729	153
232	84	262	312	187	464	722	152
239	87	281	294	175	449	716	143
265	90	291	283	158	419	678	144
284	92	279	320	166	303	595	136
307	91	251	305	149	180	617	162
317	90	209	280	140	195	690	167
499	85	185	290	122	237	780	227
556	86	189	339	143	366	680	221
565	91	227	364	151	381	679	222
576	91	236	406	159	383	651	209
576	84	231	409	156	413	615	205
573	87	248	425	155	414	466	235
542	106	267	419	168	324	471	266
553	115	253	352	152	306	495	287
535	124	248	313	150	351	537	286
545	132	253	316	164	346	536	294
602	140	300	429	217	324	510	284
565	126	292	430	216	302	487	263
540	111	287	433	212	311	472	245
557	98	313	441	209	272	510	245
537	94	319	459	213	224	532	249
357	91	298	368	168	275	550	203
456	94	292	337	144	276	577	209
486	94	276	337	145	264	633	208
474	90	262	333	151	252	580	231
537	93	260	292	143	281	519	237
495	77	221	240	129	211	506	217
507	73	230	224	120	207	633	222
