0	1	2	3	4	5	6	7
398	212	285	238	66	61	278	137
411	264	314	195	58	58	286	146
425	306	329	198	57	56	281	144
372	330	287	190	50	53	280	135
376	336	362	165	64	73	294	115
334	334	355	175	71	70	164	102
326	301	330	176	70	74	190	85
350	326	339	161	75	82	327	108
377	304	340	160	76	84	384	106
368	300	235	167	68	67	399	103
422	312	224	151	60	60	391	103
455	331	226	146	61	55	374	113
392	304	181	141	53	45	269	92
361	280	193	154	55	56	249	90
357	282	252	170	52	63	251	101
301	282	254	161	51	72	307	110
262	305	279	204	54	74	321	107
265	310	336	228	55	74	368	114
284	299	329	229	53	71	336	113
264	313	288	216	50	66	303	97
282	303	295	229	50	55	272	94
266	255	323	243	66	74	282	94
304	265	355	244	66	76	226	87
304	271	355	245	70	73	214	90
317	233	358	247	70	75	217	113
351	298	366	257	70	80	198	143
384	305	354	210	55	65	185	158
410	253	270	177	53	65	185	176
406	250	253	162	49	64	183	176
447	262	269	175	54	59	241	162
426	218	288	154	54	62	284	154
411	282	345	172	51	60	278	143
392	342	356	190	61	64	272	139
438	378	390	203	64	78	293	160
408	398	425	277	72	89	265	160
397	394	405	278	79	101	235	156
430	359	372	279	79	103	232	178
463	326	401	345	84	104	280	207
429	309	396	343	82	94	274	207
453	306	345	279	76	102	262	211
457	333	336	272	69	145	287	218
435	329	293	286	74	196	290	199
375	313	336	220	71	197	260	160
412	296	470	284	82	198	270	226
376	270	468	295	87	195	269	229
420	210	478	298	87	155	230	234
398	185	563	332	85	113	269	239
490	182	570	370	83	129	269	300
453	178	568	387	89	140	250	269
462	198	652	420	92	139	320	267
465	236	665	475	109	160	493	263
474	292	652	532	125	146	489	303
442	323	622	500	125	135	492	262
453	340	648	508	123	129	539	274
528	327	679	560	125	144	553	293
512	399	704	728	149	129	412	280
564	517	813	791	236	150	401	285
617	545	865	809	258	187	501	312
690	560	856	813	268	200	494	331
661	587	941	834	285	189	447	320
644	565	979	734	284	198	548	332
632	459	927	658	232	221	597	324
586	448	870	716	214	195	526	312
555	425	860	751	211	181	519	285
538	411	806	692	193	240	664	290
716	481	854	711	184	241	833	287
725	498	853	751	176	257	950	298
701	508	963	715	175	260	949	275
713	585	973	665	167	268	941	257
760	590	942	690	178	222	902	271
661	511	953	597	172	227	780	312
630	484	902	565	165	175	649	265
636	452	895	618	180	174	669	255
611	351	838	598	181	195	744	248
546	326	770	597	170	192	696	232
460	329	748	653	172	172	608	160
469	308	871	716	186	159	575	171
497	355	883	673	187	166	684	216
490	406	940	726	185	130	711	234
479	406	965	764	185	124	751	216
513	406	923	792	201	122	730	246
506	433	840	768	199	159	737	260
505	393	848	808	204	144	661	235
457	381	934	791	207	142	539	216
467	402	997	777	215	149	517	219
437	405	1018	761	207	174	610	187
418	372	1018	748	200	152	594	195
407	362	950	672	173	143	537	190
426	315	883	698	178	151	533	191
432	285	892	673	167	176	492	211
431	262	886	657	160	156	500	214
418	260	871	580	144	148	509	182
371	232	903	616	156	151	511	172
347	220	862	556	147	155	538	180
357	198	867	605	166	161	614	177
364	188	810	557	158	160	507	178
392	186	903	654	180	167	509	203
377	198	860	644	182	171	581	219
400	191	858	694	201	159	547	209
401	231	808	660	182	123	532	201
398	230	852	659	182	122	545	193
442	257	747	591	174	109	537	161
582	252	813	627	177	116	491	175
557	298	877	657	191	121	493	178
552	271	832	638	199	122	383	175
541	267	837	658	200	123	423	176
489	251	880	646	198	128	383	173
325	256	843	637	200	130	319	143
362	205	781	623	172	128	367	152
351	214	903	677	185	124	376	145
346	233	909	693	185	115	326	147
343	218	900	722	208	150	343	148
320	217	864	697	203	150	352	151
323	210	911	787	245	158	311	139
303	200	836	722	226	156	292	130
310	195	839	773	234	157	299	124
299	203	798	756	210	128	280	121
302	199	809	766	209	110	326	119
238	193	724	610	147	96	311	107
298	194	651	615	149	93	318	106
337	189	589	503	125	97	291	100
343	187	600	470	133	108	295	106
352	183	566	453	135	125	226	90
374	184	567	482	135	125	254	87
332	192	583	501	142	124	266	90
303	173	557	480	142	125	304	98
296	162	538	446	124	110	329	88
312	177	558	424	111	94	383	98
297	175	740	383	103	93	368	98
280	159	777	377	105	99	358	92
259	162	793	386	112	111	373	89
270	170	818	451	118	111	335	90
286	187	879	462	117	111	351	83
298	216	720	458	122	113	437	109
355	214	677	419	110	107	444	157
