0	1	2	3	4	5	6	7
156	124	53	59	52	94	188	44
124	181	61	64	52	134	131	57
179	223	62	60	55	199	185	64
210	255	71	59	63	212	212	85
212	251	70	59	63	215	213	86
232	256	72	59	63	221	213	95
279	248	70	84	93	207	250	105
275	294	75	80	91	158	209	106
295	407	86	81	85	142	305	95
294	412	87	81	84	135	344	95
280	422	85	101	106	140	353	92
272	417	95	104	110	317	401	77
250	368	96	110	114	344	421	66
202	215	81	107	112	345	340	62
199	208	84	106	112	351	299	59
193	177	87	91	93	356	293	59
126	181	74	61	60	311	190	56
186	209	71	47	44	287	136	72
213	207	73	56	51	289	152	79
271	269	78	63	72	293	149	85
294	283	77	61	75	279	142	85
290	267	73	60	73	144	122	83
254	240	65	57	74	212	103	68
228	232	63	50	75	225	76	60
152	156	51	40	53	212	124	63
182	211	48	39	46	219	128	63
209	275	54	51	59	236	135	66
216	289	59	56	66	181	162	70
228	300	66	58	61	159	165	75
254	306	83	67	64	195	147	76
260	263	87	72	64	290	202	92
265	229	87	75	64	297	222	96
284	232	95	74	58	285	212	104
283	239	93	71	56	287	212	101
349	363	116	93	84	274	212	116
320	390	123	124	122	234	157	108
319	398	135	127	129	239	372	119
359	467	176	138	135	256	414	125
411	474	190	160	159	261	418	128
368	452	179	151	151	254	457	133
442	489	189	156	168	220	506	144
495	532	215	161	163	212	384	170
476	500	234	154	158	186	337	164
437	506	237	151	154	272	341	163
443	479	250	164	163	331	314	155
413	477	250	137	120	334	245	155
398	435	227	127	117	325	222	130
377	395	174	123	116	337	220	126
378	385	153	106	96	317	236	124
421	437	138	100	95	314	276	119
481	435	148	100	94	310	273	114
453	446	140	96	94	310	264	96
455	444	141	117	110	298	273	98
460	437	144	123	117	289	270	109
409	350	135	106	97	247	200	112
333	370	141	108	99	235	181	114
309	354	153	120	124	283	264	138
309	392	162	106	118	421	328	163
325	390	158	92	106	437	309	160
336	442	159	89	106	436	307	162
355	436	151	90	105	436	313	155
385	543	168	107	121	442	293	144
385	536	187	107	115	414	238	116
396	575	194	109	114	393	234	109
427	541	194	110	115	383	234	106
394	511	184	110	120	406	283	114
363	368	162	80	71	478	287	104
355	343	126	71	70	400	268	97
323	320	120	73	74	391	278	99
299	357	178	89	85	424	290	88
268	346	168	79	74	428	246	68
277	365	168	88	90	403	212	63
389	432	183	92	92	461	206	73
411	429	190	92	88	451	192	69
385	394	143	83	86	419	169	75
381	365	138	86	89	405	162	79
405	375	151	83	80	364	137	80
332	298	132	79	75	295	152	76
313	258	128	85	84	295	171	81
304	279	126	99	95	338	180	70
309	304	138	107	99	369	174	76
273	279	118	101	98	335	162	71
237	264	115	100	100	324	143	67
318	352	147	125	117	328	142	93
337	335	147	108	107	335	157	97
333	314	134	105	114	369	174	93
366	327	146	109	114	350	177	109
387	353	149	111	114	347	184	115
333	365	229	96	115	376	219	92
328	384	266	121	130	378	232	91
377	402	273	120	122	332	253	103
372	408	280	123	122	326	255	90
348	408	283	123	120	324	251	82
311	329	203	107	100	365	218	78
288	291	147	77	70	336	178	75
215	260	139	75	71	321	146	52
151	240	115	77	78	325	137	46
147	211	102	77	81	329	141	45
150	209	92	77	83	423	138	49
158	226	85	77	83	408	138	58
172	262	88	75	79	397	145	69
181	244	88	75	94	421	155	77
233	259	94	94	118	492	181	81
232	238	102	94	118	363	169	81
288	310	119	117	150	363	169	88
333	403	137	129	164	389	179	108
338	415	185	122	151	388	200	104
301	403	186	113	139	300	174	107
301	405	181	111	135	289	178	109
243	349	178	86	98	314	177	102
154	190	163	66	71	353	139	70
176	176	104	67	69	360	107	87
182	182	102	60	62	349	102	80
174	188	103	60	58	341	96	76
179	182	95	62	65	338	108	73
204	202	91	61	65	254	109	73
159	194	87	57	64	211	93	51
172	194	88	54	57	232	95	51
204	209	95	59	62	232	94	63
199	211	95	56	60	261	104	62
177	200	89	56	63	340	116	62
194	191	92	71	78	330	121	64
175	185	88	72	80	318	132	63
147	166	83	71	78	330	131	53
140	158	70	67	75	309	113	50
170	193	89	76	79	230	106	57
149	210	81	59	63	224	105	51
145	200	77	52	54	218	95	49
140	188	68	54	59	240	98	43
139	191	80	76	81	286	113	46
135	160	60	67	75	281	120	41
132	153	65	69	76	293	162	40
189	203	91	84	93	377	192	60
215	269	116	91	102	390	231	122
283	377	119	81	85	360	300	143
342	473	144	88	85	353	327	170
358	484	143	88	83	354	308	180
361	479	129	76	65	289	292	180
414	513	119	64	46	386	275	155
390	532	125	58	45	376	197	142
396	582	136	56	52	380	161	142
415	597	152	60	55	502	242	162
417	616	164	61	55	506	268	166
412	619	175	69	66	424	326	167
442	618	193	113	105	411	359	179
404	569	180	121	117	458	425	164
472	599	173	127	125	364	388	137
508	645	171	140	138	363	397	138
502	643	204	208	213	367	375	134
544	641	248	203	201	460	551	177
619	604	266	204	194	458	566	187
609	586	274	212	207	430	576	196
599	535	274	224	220	421	589	200
579	548	256	181	177	670	675	205
556	476	209	174	188	621	528	171
496	475	202	176	199	597	473	155
432	463	197	172	192	597	466	140
381	480	199	161	179	603	433	132
395	563	182	142	163	320	324	131
505	681	188	158	193	364	328	178
490	693	191	162	201	401	407	176
495	718	214	200	257	537	575	179
547	754	251	229	293	533	619	197
548	766	302	276	342	562	691	191
399	684	292	268	329	555	706	149
380	676	275	258	319	543	663	152
419	675	270	301	369	455	533	158
359	604	233	280	345	453	498	134
330	437	164	232	291	414	336	131
308	394	155	229	284	392	283	103
291	347	174	249	291	372	265	99
189	223	156	163	170	294	261	86
177	220	153	149	151	401	224	81
179	247	160	151	144	397	209	100
184	244	157	151	142	414	202	100
241	295	177	132	139	408	178	106
243	369	180	108	106	413	128	104
267	389	187	107	102	311	95	111
293	390	174	104	106	364	117	103
316	463	178	97	94	338	111	111
275	479	152	81	73	337	114	130
286	447	139	79	70	387	181	153
279	424	131	75	69	380	192	154
342	470	152	80	64	295	315	154
329	425	146	74	64	418	337	149
362	390	129	63	53	422	341	133
401	438	129	66	50	376	325	118
397	465	128	70	61	412	349	134
382	446	123	67	69	438	246	155
418	441	132	70	67	314	218	173
396	450	180	136	141	472	242	172
370	386	183	155	168	570	238	167
388	392	210	165	175	575	190	149
320	327	202	164	175	554	167	114
273	331	198	162	173	549	162	86
304	293	152	114	125	414	117	84
295	287	149	103	97	266	128	134
277	243	114	90	82	219	164	136
297	311	125	96	81	225	172	143
329	339	125	104	89	215	210	159
329	360	140	123	113	244	350	184
364	393	154	140	131	314	433	152
405	436	168	158	151	318	537	155
439	442	188	159	154	328	728	166
428	492	193	169	173	385	887	199
425	585	196	172	182	440	913	208
457	638	220	169	198	396	891	232
422	626	213	161	205	376	881	246
480	742	235	239	291	419	800	313
549	825	264	269	313	401	692	343
600	849	272	279	331	361	611	331
585	837	265	280	326	367	625	341
688	856	266	294	355	371	575	333
640	797	234	250	316	542	563	278
621	736	220	254	360	619	465	219
598	780	209	240	343	618	471	226
597	774	183	254	373	630	575	224
497	765	241	246	348	670	692	242
516	739	283	278	389	539	777	232
615	725	355	314	387	458	796	249
638	633	365	322	392	438	798	257
609	603	364	299	352	447	749	227
627	638	325	295	354	422	653	228
639	684	312	295	344	389	475	260
509	618	217	226	294	360	447	227
439	546	201	212	274	357	462	206
432	522	202	216	278	381	368	211
356	439	199	210	269	373	303	181
287	287	165	186	225	370	278	126
247	294	146	167	192	371	252	130
237	291	134	159	189	371	149	127
261	363	146	159	189	297	192	144
322	381	169	162	181	268	196	145
324	412	161	126	140	253	188	143
321	403	179	132	136	226	192	141
341	460	207	143	133	195	185	142
416	486	205	138	126	189	129	142
379	465	187	121	109	211	184	138
353	449	183	119	96	203	205	132
496	482	179	114	93	219	213	154
487	415	139	100	100	401	435	164
489	344	162	109	104	446	500	155
510	391	162	123	108	424	479	157
528	397	201	216	223	431	483	175
401	342	202	244	256	489	502	162
398	366	211	253	260	383	541	164
310	351	184	252	263	358	624	241
315	427	184	249	272	498	823	277
355	467	165	203	236	607	923	288
413	516	167	234	295	582	977	299
451	603	201	275	376	605	908	299
467	602	239	296	404	664	890	239
537	592	246	318	430	607	830	267
574	621	243	309	416	512	765	259
552	627	245	275	366	606	715	246
522	538	215	228	282	683	830	249
637	591	190	221	254	631	791	256
574	661	189	222	255	606	693	177
510	609	187	223	268	662	670	152
510	572	167	219	275	622	816	174
554	651	199	236	288	526	690	207
405	622	195	250	303	531	648	200
384	480	201	231	263	588	651	205
365	459	187	212	229	545	629	214
337	460	199	237	256	481	392	205
249	366	192	268	288	468	359	165
216	320	183	243	269	445	360	159
214	300	174	234	258	359	318	157
196	275	170	233	259	454	296	186
186	258	156	194	209	464	247	179
156	194	121	118	125	449	213	162
153	189	135	153	154	452	200	161
135	186	121	157	166	457	156	161
165	241	128	151	158	300	130	109
169	229	129	150	154	272	122	131
215	270	135	150	156	327	133	176
237	283	117	92	91	351	145	183
258	367	121	72	63	326	140	181
264	410	119	73	62	326	137	184
261	447	121	69	58	352	133	160
336	458	117	53	50	367	152	108
353	478	121	53	47	344	140	93
370	433	125	59	54	339	242	106
369	378	124	60	58	355	366	120
373	336	127	70	63	395	401	131
297	314	130	83	75	327	395	152
297	319	132	88	86	344	414	184
467	312	135	113	118	348	582	311
556	380	174	158	153	429	572	342
670	464	195	184	193	382	555	345
712	483	201	185	193	400	572	352
778	499	210	194	205	530	606	407
743	497	212	196	215	605	554	432
703	494	195	208	250	570	548	433
610	450	178	198	236	613	610	431
576	460	175	205	244	769	704	431
476	427	159	203	238	694	681	368
429	451	168	197	224	632	708	244
463	397	152	151	165	618	694	223
503	396	147	136	148	635	677	237
498	491	183	190	159	444	722	258
532	495	203	207	183	450	851	302
548	605	209	201	175	468	752	311
498	659	231	243	224	475	745	307
495	763	347	381	298	441	747	302
633	720	390	388	309	457	783	368
675	781	390	378	299	499	734	434
716	729	403	383	311	475	747	463
751	701	430	363	274	452	766	467
791	605	360	234	196	460	846	540
863	603	298	179	176	435	730	509
833	509	291	207	197	343	633	433
762	451	269	221	186	432	668	390
717	420	242	212	199	576	778	385
660	436	225	191	204	629	786	334
439	399	219	203	214	663	823	295
422	463	229	176	188	668	825	287
469	459	219	146	176	625	775	285
482	461	175	142	158	515	638	281
459	395	157	134	136	379	514	275
636	388	157	111	88	336	426	379
623	308	135	108	86	390	497	387
615	298	138	106	82	393	534	391
654	306	142	115	83	374	608	393
683	317	151	118	88	377	679	365
477	280	141	102	82	327	644	284
461	357	149	94	66	259	615	277
452	343	167	95	80	249	691	280
394	352	172	93	81	225	721	267
481	349	174	103	96	218	662	273
497	351	179	101	104	281	666	259
545	284	169	102	105	300	673	256
528	363	148	102	107	305	624	244
585	356	144	102	106	305	543	273
457	342	141	88	90	299	528	234
444	330	131	82	79	482	529	214
384	317	137	76	79	527	530	223
407	318	147	77	66	539	470	216
311	295	148	70	69	545	426	178
442	308	152	69	71	550	404	217
468	321	157	72	80	443	446	240
469	344	164	75	88	404	451	239
465	264	159	65	86	373	427	253
471	275	144	72	83	369	425	262
405	263	168	85	92	367	411	241
513	251	163	83	91	330	375	235
536	239	172	87	84	284	347	246
510	237	159	88	83	277	358	236
496	214	160	81	84	353	410	220
527	201	129	69	73	463	433	229
417	194	125	66	64	451	422	223
422	174	109	55	62	444	376	193
559	182	143	60	69	450	406	218
593	197	202	68	75	405	437	238
548	202	208	69	78	297	405	269
559	208	218	75	77	277	415	261
566	195	212	81	84	271	411	274
512	166	193	126	116	260	368	261
477	151	136	137	120	261	319	263
466	142	120	134	117	332	397	261
461	150	108	134	121	312	381	261
435	159	108	133	117	309	392	263
368	173	119	108	94	311	400	254
500	166	123	102	99	309	367	262
525	224	127	106	105	214	302	237
490	221	137	107	105	220	307	220
479	222	141	110	110	248	292	212
476	211	127	94	102	255	316	238
409	205	113	82	85	231	446	219
378	139	104	76	74	217	452	242
381	120	85	72	71	203	467	255
380	100	66	75	64	209	490	256
471	163	67	69	61	223	493	290
461	222	95	71	69	224	394	275
455	224	99	71	74	210	356	254
484	251	103	66	71	291	378	340
515	275	110	56	84	354	394	351
501	245	111	66	94	350	428	340
465	222	93	62	87	351	421	348
469	221	112	83	95	351	436	358
436	198	112	88	99	313	386	266
445	162	107	88	92	225	377	266
334	160	104	84	91	210	310	219
306	119	101	88	97	206	313	284
308	120	86	67	86	213	314	279
364	117	86	67	85	164	373	288
511	131	90	66	77	127	352	319
546	147	108	65	76	116	363	316
565	149	115	64	73	119	341	261
556	142	113	70	77	103	328	301
526	139	111	70	74	112	308	304
414	133	109	74	78	125	351	281
376	125	92	70	68	124	336	279
362	127	90	71	68	114	329	287
382	149	107	70	65	112	319	228
421	154	106	67	67	141	281	264
330	194	123	71	65	136	231	248
338	190	125	71	65	136	254	258
356	191	123	67	60	135	279	246
342	170	103	85	110	274	282	248
338	169	99	87	119	262	308	227
363	118	74	80	119	258	348	247
393	112	75	84	122	264	341	250
429	98	64	86	126	279	338	277
435	101	63	64	82	160	343	271
392	87	66	60	65	198	309	249
421	83	62	61	66	300	299	234
459	81	56	51	63	309	294	255
413	87	57	51	55	305	291	222
409	88	65	69	62	296	289	215
405	88	66	74	61	271	291	231
394	94	71	76	55	151	219	237
398	99	69	76	51	212	285	262
401	104	74	77	49	233	315	255
405	99	65	61	46	241	308	248
412	96	61	51	43	270	299	237
390	91	55	47	49	317	299	258
311	87	62	49	52	337	277	208
304	73	54	41	53	334	224	211
296	75	55	42	47	332	225	219
281	72	52	45	50	307	232	224
252	64	49	41	43	289	221	169
196	72	50	39	43	223	163	160
225	76	54	45	43	206	156	168
200	71	55	48	49	219	160	164
199	73	57	43	50	265	166	148
221	79	59	49	58	242	188	156
343	89	62	51	59	288	226	194
393	98	66	54	65	286	276	204
411	112	73	52	64	278	287	208
465	129	86	57	65	270	304	207
462	130	86	57	61	270	302	209
386	115	82	54	60	227	266	176
321	134	89	59	63	236	403	193
354	138	90	63	62	230	425	214
283	125	87	65	60	175	407	259
324	130	86	64	62	185	449	272
333	134	87	64	59	150	457	276
333	109	76	56	48	135	323	268
278	92	73	52	52	146	313	261
284	99	70	54	53	150	347	213
234	100	75	55	50	122	289	183
220	94	78	57	48	117	283	162
191	94	77	56	47	101	268	138
217	104	81	57	41	84	226	153
227	93	78	51	37	76	179	155
244	81	72	48	36	59	157	155
236	87	71	48	38	58	146	174
258	92	78	54	38	58	133	170
277	105	77	53	38	125	203	142
278	107	77	53	38	135	227	150
259	105	77	51	34	135	232	156
269	111	82	53	35	138	241	135
254	114	81	50	40	187	231	138
255	96	76	48	41	166	177	157
262	116	83	51	42	164	144	151
297	123	92	56	44	164	186	145
346	115	83	53	48	163	167	154
345	106	79	48	43	107	177	156
323	108	80	49	44	78	202	156
333	90	72	45	43	84	239	159
306	85	64	40	41	85	277	173
243	90	66	41	37	117	280	169
240	91	63	42	37	119	280	167
219	84	59	41	38	122	264	137
272	80	57	42	42	144	270	134
268	75	56	41	42	172	221	128
259	69	55	40	44	175	225	116
275	63	58	41	49	177	290	136
295	66	58	43	50	175	302	149
242	62	58	46	48	191	281	182
275	80	61	51	51	176	273	187
285	83	59	51	50	156	278	189
264	81	56	48	45	170	210	178
243	83	59	46	43	175	182	166
206	89	62	43	41	140	165	127
185	81	57	38	37	135	248	133
195	76	55	36	36	158	283	142
205	78	58	38	36	182	282	129
204	72	53	50	42	185	283	131
198	64	47	54	48	183	275	121
155	55	44	53	46	194	185	102
127	55	47	54	46	185	92	93
160	53	43	53	47	145	146	125
223	62	48	42	39	157	152	130
229	63	44	32	32	149	153	137
236	69	48	36	32	130	154	126
235	67	44	35	31	160	156	118
203	65	43	39	35	171	91	86
121	58	42	41	39	150	111	81
118	57	41	40	36	152	108	70
108	48	40	41	38	150	103	68
99	50	45	42	41	117	131	65
90	52	45	37	35	113	135	53
86	50	41	34	31	113	118	44
112	58	43	35	35	111	118	46
136	55	40	31	33	111	119	50
150	59	38	32	29	92	99	56
162	61	40	34	30	70	96	66
178	59	39	32	28	125	86	65
162	59	41	33	25	127	102	69
145	58	42	33	26	154	103	68
136	55	40	32	28	161	109	71
137	48	36	31	32	204	137	75
130	51	36	36	38	180	143	86
123	46	37	33	36	183	130	81
117	47	38	34	37	188	130	79
111	46	39	49	51	236	120	72
119	47	46	60	65	222	164	72
110	44	48	58	62	221	166	57
117	46	48	62	63	237	208	59
136	48	59	67	66	220	223	65
164	48	63	62	57	163	226	73
180	50	71	57	47	150	181	61
264	53	84	72	58	187	232	66
278	53	88	76	63	180	208	71
272	53	84	71	61	180	209	71
266	55	91	74	61	212	248	71
253	56	111	76	57	201	257	78
163	63	115	70	48	180	219	76
144	58	115	64	38	186	224	71
146	57	114	65	39	184	227	77
136	65	110	56	36	160	204	79
159	63	101	54	34	178	208	83
164	54	117	49	30	187	258	82
157	63	123	48	33	164	262	81
165	61	122	49	37	188	262	74
160	52	122	56	46	178	247	67
195	49	107	56	50	208	256	61
196	46	73	49	49	199	214	59
202	46	59	54	53	235	215	60
197	48	56	55	51	228	202	63
200	46	50	51	47	260	204	69
148	47	50	47	47	292	174	70
136	49	44	49	54	332	155	73
127	44	40	44	51	317	151	77
117	43	40	40	50	317	151	70
113	45	40	40	55	336	144	63
84	42	34	38	51	304	143	54
84	42	36	37	46	266	149	51
78	36	34	44	55	284	125	44
103	38	32	46	59	357	120	52
123	37	33	47	52	327	120	57
121	37	34	48	51	308	124	59
137	35	34	48	53	346	167	70
140	42	34	41	43	351	166	69
127	47	41	44	40	279	170	65
137	47	40	45	39	272	178	73
164	47	40	47	40	282	181	85
270	53	43	48	40	253	174	109
282	46	44	55	43	247	175	112
283	41	40	53	45	269	202	112
269	41	40	52	43	310	189	107
257	40	42	51	48	315	201	101
124	32	42	53	48	320	162	64
89	40	40	48	45	297	159	60
78	43	44	50	41	267	135	61
74	43	44	50	42	270	146	63
75	45	43	50	36	259	124	77
86	43	40	49	35	234	128	82
85	43	48	49	33	249	130	80
89	36	43	43	32	278	143	82
89	38	42	38	33	241	134	76
79	37	41	32	33	249	135	51
92	39	40	30	38	258	130	56
93	33	32	35	45	299	154	65
104	35	38	42	49	282	125	62
112	31	38	43	48	290	131	66
126	30	42	49	49	321	141	73
122	30	44	53	46	349	140	68
169	29	48	51	44	305	155	72
172	34	50	51	46	369	258	88
172	35	51	54	48	357	254	97
180	36	52	52	47	341	250	97
173	36	59	63	56	312	258	98
129	38	59	67	57	329	246	94
113	32	74	84	58	244	146	77
120	34	90	110	66	274	142	72
106	33	89	111	65	297	185	69
108	37	86	105	63	387	287	79
102	37	112	127	67	473	303	78
104	37	100	122	70	501	300	78
98	37	92	107	65	488	302	70
82	37	94	110	75	467	317	70
76	33	94	111	73	398	238	55
78	33	85	83	68	280	216	52
80	35	96	80	67	274	229	64
66	32	96	71	63	296	229	64
69	35	107	105	70	402	192	62
70	34	109	114	72	390	171	63
71	35	90	114	72	461	184	78
68	34	82	120	77	512	177	76
68	36	81	132	82	518	176	75
63	40	79	110	70	457	145	73
76	39	77	105	68	474	144	73
87	37	91	138	75	411	113	69
85	36	95	149	71	381	115	61
85	42	97	141	68	402	119	61
88	35	86	136	65	384	122	65
126	40	137	188	86	390	136	81
143	50	141	195	96	513	143	76
150	49	140	187	97	521	126	78
177	48	147	186	97	478	125	91
189	65	164	199	109	487	127	107
184	71	130	159	94	484	133	97
176	110	125	123	77	356	117	96
175	122	121	112	71	296	112	95
224	169	112	110	71	306	135	149
239	167	83	81	52	360	151	154
229	166	71	54	50	337	133	153
237	178	78	96	56	325	166	158
251	179	82	120	69	307	174	171
223	139	78	121	68	311	153	150
195	136	83	122	72	232	131	133
192	137	84	135	71	225	129	131
172	97	113	123	85	215	90	123
166	137	110	122	86	236	91	112
175	162	152	128	85	233	93	100
187	216	189	137	84	277	96	130
272	233	194	128	87	339	146	182
296	233	172	112	70	357	171	206
293	224	189	102	65	333	163	203
284	240	189	123	79	328	164	193
290	211	170	120	78	280	165	178
255	286	259	139	85	225	124	147
273	298	282	147	88	239	85	139
288	325	279	140	86	304	96	161
303	423	325	113	74	308	91	167
304	541	394	122	82	302	91	175
339	559	389	103	71	279	88	159
328	575	383	96	64	235	75	139
317	579	383	96	61	127	50	110
295	516	342	97	61	86	44	91
294	435	286	75	48	51	31	68
243	408	229	69	45	47	29	67
277	399	217	65	48	96	27	69
300	460	277	83	65	339	117	149
375	465	270	87	70	388	125	222
459	557	244	96	74	400	131	236
504	609	300	115	84	407	136	250
476	623	311	112	81	410	140	250
460	569	266	106	72	268	88	217
430	691	271	124	79	205	86	146
340	643	282	117	78	310	93	124
251	610	223	98	69	363	103	111
377	740	384	135	87	371	105	116
386	883	466	136	84	360	101	111
384	885	522	136	84	358	100	109
461	930	560	146	89	268	95	125
455	931	566	147	88	224	90	111
361	833	490	114	71	204	86	113
382	701	429	114	79	207	92	130
380	599	366	97	70	195	85	132
281	499	343	91	59	178	74	118
307	474	365	106	72	113	57	117
313	504	368	123	77	75	51	106
303	472	355	120	67	56	38	82
277	448	351	116	63	49	39	73
264	473	316	107	61	77	40	68
239	441	266	90	48	168	50	74
228	409	234	63	38	177	47	66
245	417	224	57	45	178	48	70
225	422	215	58	48	181	47	66
245	358	187	57	48	172	47	73
284	408	204	58	44	85	31	62
281	441	232	62	44	62	34	64
227	448	238	59	38	57	32	58
227	431	253	69	34	48	31	61
239	422	255	81	36	39	28	53
214	431	253	85	38	33	55	59
264	473	211	90	39	31	56	57
264	463	195	85	36	29	66	56
269	455	159	73	35	31	82	61
243	448	155	97	41	30	82	67
237	428	159	117	49	30	68	70
177	280	156	116	50	28	66	71
177	258	146	117	51	39	59	76
166	241	143	118	51	38	37	79
167	249	142	88	43	39	38	73
173	211	120	60	35	36	37	64
171	221	100	56	39	41	35	61
175	213	99	65	39	31	27	57
175	222	99	78	44	33	55	44
228	215	98	90	46	33	57	51
233	206	91	88	47	34	59	51
232	209	117	85	42	28	60	50
228	231	153	78	41	30	61	47
236	224	162	67	36	27	36	43
203	222	162	50	32	24	32	40
175	205	160	44	27	27	29	40
172	180	139	43	28	27	29	40
172	164	103	41	24	25	26	40
195	204	137	46	27	26	29	44
188	225	146	54	28	28	28	41
185	212	150	56	28	24	29	41
216	224	150	56	29	25	28	45
226	257	148	60	33	27	28	48
204	326	128	55	30	30	27	49
228	330	119	86	35	29	27	51
219	335	148	97	39	29	25	51
191	327	151	112	40	29	26	49
282	314	160	119	41	27	29	54
287	243	156	119	40	22	29	51
305	265	181	99	40	25	30	55
326	260	160	89	38	27	29	53
339	260	167	80	43	29	29	60
258	232	165	76	44	30	27	52
282	210	151	78	47	31	23	50
250	138	107	73	46	31	24	45
244	143	114	75	48	30	24	46
238	165	159	79	46	27	24	41
246	169	165	113	55	31	25	46
279	159	168	118	56	32	27	48
278	166	169	118	54	29	27	45
279	259	178	115	53	29	26	46
273	258	140	107	49	30	24	45
295	274	127	70	34	25	27	49
228	272	123	68	32	25	26	47
230	268	124	70	35	26	26	48
221	176	102	70	32	24	27	47
218	169	97	68	33	24	28	45
182	150	98	64	37	26	23	42
170	138	98	72	38	24	23	43
179	135	98	73	38	23	23	48
159	121	92	74	40	24	24	48
155	101	86	74	37	23	24	48
151	82	94	68	33	21	25	44
181	114	96	47	30	23	25	43
147	109	92	42	28	23	24	38
159	113	101	42	29	22	23	37
170	125	104	44	28	25	23	36
191	131	82	44	31	24	25	34
176	125	82	45	30	23	26	36
176	142	106	58	29	23	26	31
164	146	118	63	30	24	26	31
147	140	110	64	33	25	26	30
139	136	112	66	32	25	24	30
132	117	111	67	31	25	23	29
121	94	90	61	32	25	24	28
120	106	102	61	30	25	27	30
121	104	113	59	28	23	24	30
87	98	111	54	27	25	25	29
69	98	108	52	26	24	27	29
75	99	106	46	25	26	26	30
75	89	76	37	25	27	25	28
68	78	52	33	22	25	25	28
113	88	55	43	24	25	24	33
157	97	61	47	26	30	22	36
159	93	66	51	28	29	25	35
171	115	74	52	33	31	28	39
173	120	81	56	36	32	29	41
154	114	79	48	35	32	29	37
118	116	85	43	33	30	29	34
111	119	92	39	31	28	26	33
87	85	81	37	27	26	24	28
81	76	77	31	23	27	25	26
70	88	75	32	21	26	25	27
120	86	63	39	25	28	26	41
132	108	57	44	29	29	28	42
139	133	69	50	29	29	24	42
140	137	70	51	31	28	23	43
190	134	70	49	32	26	26	43
239	145	71	46	31	23	25	31
248	140	62	42	27	22	23	30
255	126	44	33	27	20	26	33
257	122	40	34	27	20	26	32
243	120	39	33	25	22	23	36
177	101	37	30	22	21	23	34
186	112	33	28	23	24	26	37
188	117	30	27	24	24	23	36
187	130	30	25	24	25	26	38
172	129	33	25	26	25	25	34
166	145	72	27	27	25	27	37
183	148	76	24	27	23	27	36
181	146	80	26	25	24	28	38
184	143	83	22	23	22	24	34
188	180	86	23	23	22	27	45
183	188	56	22	24	23	24	42
132	173	50	25	24	24	24	41
191	177	44	23	26	23	24	40
212	210	42	28	27	26	25	41
209	186	37	28	27	26	22	32
207	166	35	26	26	25	21	31
217	197	35	25	26	23	21	36
176	193	37	28	27	25	22	39
212	192	42	28	28	24	24	46
207	188	38	28	26	22	24	43
209	186	40	28	27	23	27	43
208	172	40	29	26	21	26	42
203	171	37	29	26	22	23	40
141	132	30	27	24	23	22	31
150	169	33	29	26	24	24	36
154	185	33	29	25	26	22	37
143	168	31	29	24	26	23	33
161	165	36	27	27	26	23	34
157	181	35	26	30	25	22	35
146	144	32	27	30	24	21	31
145	134	30	28	29	23	20	32
171	172	32	27	31	23	19	35
149	172	30	26	28	21	19	33
150	152	29	26	25	21	19	34
143	156	33	26	25	20	18	35
151	176	35	26	25	23	20	35
151	168	35	26	25	22	20	33
191	183	38	27	25	24	22	33
196	183	45	27	25	25	24	31
201	179	43	26	25	26	25	31
193	188	42	25	25	24	26	30
174	189	43	24	25	24	26	30
125	175	42	24	24	25	25	31
136	174	34	24	25	25	24	31
141	174	38	27	26	25	25	29
139	143	40	26	25	25	23	30
139	109	41	28	25	27	24	25
129	96	37	26	26	25	24	23
100	92	39	25	24	22	23	22
84	84	36	21	23	21	22	24
77	63	36	20	23	24	23	22
57	49	34	19	23	23	23	23
92	66	36	19	21	25	23	25
128	101	33	20	22	25	24	26
139	126	34	22	23	25	26	30
169	184	44	27	24	23	26	32
175	219	47	28	24	22	25	33
167	226	48	28	24	22	25	32
173	261	55	30	27	21	29	40
185	263	53	29	27	23	27	41
172	229	44	27	25	23	25	38
188	211	41	26	26	24	23	37
189	226	40	26	25	23	25	38
165	193	47	25	21	23	22	33
181	178	47	26	22	22	22	32
204	182	49	26	24	24	25	34
191	169	49	27	24	23	25	34
182	139	50	27	24	26	25	34
181	107	38	24	25	26	24	30
149	114	36	24	23	25	26	26
101	111	33	23	23	24	23	27
97	106	32	22	23	24	24	31
126	115	33	22	24	23	23	31
149	183	36	23	23	23	23	34
149	199	47	26	23	23	22	34
149	194	46	24	21	24	24	31
149	195	45	25	21	24	24	30
128	189	44	26	20	24	23	30
112	128	40	26	21	23	23	29
164	109	30	24	22	24	21	30
160	105	31	27	23	24	20	31
159	102	31	26	24	23	22	30
186	98	33	26	25	24	21	30
