0	1	2	3	4	5	6	7
280	441	656	381	132	119	561	199
338	416	614	402	147	125	593	253
359	419	623	414	146	110	536	254
412	450	671	389	141	134	507	265
412	385	622	413	137	141	472	277
436	338	594	415	125	135	356	239
468	396	595	448	111	147	413	246
528	407	622	477	124	148	427	252
507	361	623	434	112	125	480	263
467	345	649	422	104	128	477	239
470	332	609	419	108	126	469	246
449	433	626	370	106	110	463	218
422	415	564	330	87	115	467	219
447	428	523	326	92	106	454	203
457	437	524	279	90	112	522	217
474	441	515	271	97	170	607	265
486	292	556	290	97	193	609	285
451	312	562	305	97	203	625	283
454	288	563	299	93	202	614	302
573	308	523	295	99	208	733	343
578	334	564	286	88	181	727	297
556	294	537	246	79	153	690	262
567	347	569	265	87	139	671	265
559	394	575	260	95	150	749	268
466	392	598	321	92	125	600	200
451	385	590	357	97	104	547	205
460	394	671	373	105	106	542	245
436	348	645	357	103	111	520	259
402	309	613	367	96	111	499	241
399	294	720	344	101	119	553	272
391	299	729	311	92	120	594	290
364	371	621	343	101	137	742	371
377	359	603	353	101	133	744	360
394	357	587	348	99	117	672	371
378	362	379	328	91	115	639	356
358	366	388	339	106	110	569	335
339	311	444	348	99	98	435	199
395	379	546	361	115	111	470	214
438	423	573	363	126	132	540	250
436	457	590	377	129	136	541	276
443	465	579	427	128	140	554	280
486	502	544	394	121	134	525	299
449	454	442	372	107	169	596	330
413	432	436	432	119	210	604	293
520	434	424	455	123	221	671	398
646	533	485	408	131	241	697	482
637	512	498	396	130	246	687	490
701	534	617	389	144	248	713	484
723	561	627	319	136	223	730	484
733	539	664	284	134	231	777	383
713	463	586	322	134	219	823	318
800	457	647	329	139	218	872	378
737	451	565	365	132	185	869	392
749	419	623	396	146	166	799	388
686	410	656	399	148	174	740	393
605	354	709	432	159	168	656	359
643	347	703	447	164	168	584	298
723	342	763	417	165	193	554	259
686	366	805	501	148	193	613	283
691	389	821	535	146	155	540	284
682	453	899	585	147	164	579	288
555	452	878	619	148	165	706	275
456	495	900	691	165	136	652	249
462	500	877	715	198	144	617	219
541	493	857	705	208	189	756	322
546	451	770	661	197	185	784	322
520	464	732	684	206	189	667	313
585	441	732	633	191	185	661	334
595	444	741	540	164	184	752	380
502	436	730	534	161	153	710	305
490	444	788	542	158	143	674	302
569	518	945	509	153	149	704	309
619	534	900	613	174	172	808	384
654	543	896	713	207	192	842	410
657	576	948	767	203	180	785	397
751	647	898	741	202	186	902	421
736	603	833	757	210	207	945	437
755	582	851	695	199	195	914	372
723	708	946	754	197	189	803	310
755	705	943	723	205	218	855	316
761	717	970	746	222	243	928	333
865	720	983	797	213	213	874	357
810	717	998	836	241	210	814	350
879	609	958	763	221	216	941	339
874	603	891	884	243	243	878	356
834	577	904	932	234	222	684	317
721	584	950	854	230	226	703	259
768	586	1028	819	195	235	793	287
752	583	990	856	195	213	643	290
736	642	1072	892	202	161	769	271
709	660	1139	825	201	149	858	288
691	652	1051	890	204	204	888	301
680	693	998	994	228	213	857	284
595	650	969	966	243	224	845	282
585	597	1103	887	240	219	817	280
599	513	1008	935	272	234	776	269
589	533	1014	999	298	185	733	300
622	474	1072	985	313	163	707	421
754	515	1091	965	310	219	768	530
763	500	983	928	332	258	710	568
754	497	994	881	303	246	615	563
752	463	1081	875	294	253	596	544
722	449	1041	842	281	263	634	501
620	431	1022	929	292	218	588	399
601	444	951	957	251	162	532	336
563	447	1054	1097	276	157	534	335
654	454	1004	1079	272	182	555	321
596	447	945	1040	265	175	478	259
562	499	1093	1051	277	162	458	218
580	471	1127	1037	274	168	457	219
665	472	1074	940	286	191	571	231
576	435	1104	1066	356	191	612	249
530	526	1154	1134	370	180	606	222
543	447	1088	1022	347	201	621	277
580	435	1045	993	349	222	658	303
499	417	1126	1077	365	232	576	297
493	437	1072	896	293	206	513	286
514	367	1052	893	320	273	528	298
494	351	1016	933	325	276	528	254
416	376	1030	1017	340	263	471	235
385	384	925	881	299	237	449	236
420	373	921	852	298	286	499	262
416	377	928	856	268	232	505	251
410	436	916	914	308	234	499	257
430	467	901	807	292	228	509	239
463	459	957	854	306	283	682	243
404	480	977	901	314	253	659	200
554	497	1060	866	303	250	631	218
584	479	1087	778	253	237	635	227
577	436	1149	823	241	255	693	258
572	441	1090	782	214	201	527	257
630	457	1125	732	198	179	492	261
