0	1	2	3	4	5	6	7
330	521	156	199	238	541	411	340
270	545	157	199	239	560	388	348
307	562	157	200	246	653	384	382
278	542	157	199	232	670	395	372
298	588	171	183	220	611	301	313
271	569	146	155	178	608	319	335
279	530	149	204	257	698	529	341
274	526	158	215	267	677	588	329
306	523	150	186	243	595	577	287
290	389	132	199	253	603	576	274
277	334	160	241	279	749	561	306
301	380	164	221	227	734	415	298
341	501	200	210	202	690	319	272
327	521	188	219	219	701	317	254
355	531	210	238	245	779	329	309
391	542	200	198	226	744	352	286
399	522	193	184	217	667	269	275
346	370	153	205	245	672	292	306
358	360	158	209	266	745	323	392
338	364	138	184	231	707	306	417
326	339	141	197	233	593	464	462
287	320	143	193	235	719	483	486
310	446	148	188	264	763	477	473
362	465	150	179	237	724	459	485
346	469	142	180	251	803	511	513
320	487	129	182	263	805	383	466
365	505	133	195	266	714	370	443
397	538	135	178	219	650	384	433
327	519	136	189	256	807	504	404
326	583	141	201	278	792	474	318
413	707	180	184	258	757	442	310
396	799	192	169	245	876	454	337
365	722	190	184	242	925	581	450
383	810	189	166	184	771	528	419
423	839	207	156	160	648	507	428
376	744	174	183	187	689	499	432
365	661	164	191	216	645	523	425
353	686	162	197	237	630	369	372
381	583	162	205	244	621	303	353
358	563	150	198	233	714	344	337
339	547	150	195	227	766	425	426
393	549	155	194	214	679	420	437
444	581	164	192	213	615	416	389
425	606	170	202	228	630	411	395
436	515	158	195	219	549	418	386
437	513	200	247	256	430	354	328
425	556	205	249	251	378	288	297
456	522	196	235	233	377	285	359
538	617	205	235	251	541	345	401
541	731	220	250	269	579	342	437
547	749	184	179	216	572	355	406
527	693	173	185	219	572	384	442
498	656	166	182	219	650	379	408
427	557	147	161	186	534	328	441
396	447	123	142	157	465	279	395
391	504	119	156	185	531	304	399
381	580	161	160	186	683	427	396
343	611	177	160	197	631	460	401
300	591	172	165	202	589	449	305
391	547	173	174	224	588	464	379
386	455	196	176	246	733	654	373
387	446	170	182	251	711	662	369
442	446	182	194	251	702	648	343
508	472	192	194	244	697	649	364
452	476	191	178	224	699	660	343
454	520	183	187	220	503	453	399
543	556	256	226	260	378	361	391
516	541	270	218	255	364	346	413
473	519	291	220	256	415	364	551
529	617	343	240	263	431	331	550
574	695	360	248	289	451	306	527
534	716	325	194	247	403	227	508
516	761	333	193	241	403	264	524
530	799	401	187	237	441	366	516
527	754	404	167	228	438	372	548
491	720	463	159	152	394	372	540
442	717	532	178	148	390	367	545
468	771	553	200	165	582	435	557
563	846	533	205	168	612	367	502
640	909	559	207	181	613	358	479
626	891	501	187	168	606	362	463
639	874	425	173	181	615	370	504
693	871	438	246	205	449	336	539
707	860	448	356	243	314	310	487
606	854	386	402	344	266	296	441
671	883	405	663	494	328	299	435
832	934	452	828	706	380	323	517
847	923	409	868	738	390	245	441
791	826	392	841	740	383	217	405
853	810	467	867	754	444	244	409
841	806	546	853	793	487	351	475
693	739	518	756	656	449	337	382
732	747	545	789	708	442	365	462
828	824	545	867	770	457	394	524
874	871	559	835	763	399	436	572
956	987	550	741	713	282	351	524
996	986	589	849	793	260	343	527
948	954	614	800	769	227	323	529
956	1014	635	782	777	220	300	470
882	953	660	921	769	292	235	412
850	826	624	894	742	307	248	479
985	853	659	860	653	305	237	447
1040	875	656	946	699	334	221	381
995	774	683	973	770	376	245	406
1064	774	664	949	765	360	239	471
1032	717	662	1047	795	365	238	485
922	747	627	1105	865	389	307	554
844	736	608	1117	899	402	335	617
855	742	549	1081	856	366	334	690
843	805	547	1007	852	379	410	686
874	859	599	979	833	403	485	687
938	851	596	931	840	436	498	756
999	878	672	862	738	402	478	758
1031	896	716	834	666	420	475	748
1046	900	679	911	717	408	480	805
1001	888	619	856	750	406	438	780
995	862	624	757	661	360	395	688
923	817	557	722	667	390	414	632
793	759	507	856	768	400	436	593
785	741	575	820	805	450	418	517
812	774	691	993	876	524	435	518
652	791	673	1029	883	540	431	490
752	849	679	1104	886	530	482	627
762	854	729	1024	835	559	460	717
798	854	723	984	804	516	418	700
810	782	619	806	701	406	374	686
838	692	691	840	732	428	387	720
812	641	665	786	746	421	301	605
876	723	655	775	721	405	284	547
808	692	664	768	684	388	257	630
782	728	654	748	633	389	257	628
757	765	637	696	616	338	241	648
715	710	656	624	587	333	316	712
684	614	594	640	555	247	431	787
609	557	495	619	498	222	474	847
605	501	478	592	471	276	517	893
655	454	369	511	387	305	585	872
611	446	333	491	334	293	547	824
586	460	318	397	285	284	467	750
587	500	313	387	285	313	446	718
534	550	348	391	318	301	417	724
503	527	347	441	290	258	315	785
500	509	331	415	327	294	357	836
532	531	337	518	504	408	571	945
