0	1	2	3	4	5	6	7
248	454	356	57	37	30	36	51
240	431	356	54	34	30	50	49
238	330	336	49	32	41	114	53
223	374	329	49	32	42	118	53
214	321	268	47	39	61	119	54
214	310	260	46	37	77	120	52
221	341	249	50	40	84	117	54
240	395	247	54	43	81	79	52
237	361	184	52	45	113	111	50
226	372	152	50	47	207	112	48
235	407	162	70	52	219	116	50
227	418	227	91	52	223	127	63
191	456	279	105	53	225	141	70
182	480	302	111	51	212	120	76
197	459	303	113	47	118	121	82
198	445	299	104	42	156	122	98
281	418	287	120	47	165	108	119
314	320	259	125	54	164	71	118
333	278	267	128	54	162	58	120
317	260	262	129	54	200	69	125
331	243	272	157	78	257	175	162
273	233	283	178	80	259	191	148
226	212	260	175	78	264	192	158
225	183	225	170	82	336	212	167
272	181	227	169	85	430	288	179
242	166	202	143	69	403	242	138
280	177	142	105	75	402	243	139
280	202	122	96	74	403	270	135
259	191	115	92	71	371	399	137
237	208	114	94	80	327	373	141
254	208	104	94	77	315	371	147
270	175	77	61	64	313	362	146
282	146	73	53	62	312	345	146
293	156	72	57	66	337	233	134
283	135	65	65	63	310	233	136
290	131	79	66	68	362	295	132
223	126	86	67	68	365	315	127
197	108	98	89	81	375	317	115
225	109	107	103	90	327	288	127
244	109	105	94	87	466	288	113
231	109	98	93	80	438	249	115
250	98	113	141	90	441	229	121
249	97	126	155	84	441	229	122
198	74	120	145	71	461	212	108
168	64	127	146	67	283	165	95
149	53	136	158	72	254	132	90
122	50	127	134	68	408	166	82
126	52	105	105	69	414	166	79
133	46	120	110	71	409	163	85
114	47	116	130	76	453	167	78
114	49	106	121	75	529	188	87
118	54	95	101	69	425	168	86
118	48	96	97	59	413	160	87
112	47	83	96	58	554	161	88
