0	1	2	3	4	5	6	7
184	231	45	50	50	324	137	163
182	243	47	56	60	388	124	163
184	243	48	54	60	366	120	188
187	246	50	45	54	384	137	326
203	264	54	41	50	376	133	339
183	252	55	43	51	377	155	403
179	247	62	40	48	393	169	430
181	240	67	41	46	361	263	434
180	280	77	48	47	350	270	355
232	257	74	47	45	350	269	348
234	251	77	47	43	380	258	296
242	274	86	55	37	337	251	286
242	291	104	62	40	327	139	281
252	280	110	58	42	421	139	274
197	371	140	69	60	558	316	281
195	385	144	71	66	583	357	254
191	378	150	75	72	596	367	243
199	389	138	73	72	656	572	352
184	379	136	74	71	655	670	365
158	309	130	74	66	583	617	396
168	294	136	73	67	625	596	400
202	349	123	65	78	772	615	409
241	398	127	71	88	808	472	368
279	497	129	72	96	864	348	347
348	594	153	93	108	847	406	420
406	703	225	138	142	836	418	459
451	735	272	169	170	786	486	488
512	802	310	192	184	773	728	533
665	836	343	238	209	698	821	604
767	976	473	353	386	769	951	567
879	1044	501	377	413	776	1050	622
921	1086	504	393	435	731	1078	652
985	1094	581	394	473	764	1031	738
949	1138	724	395	480	731	992	750
899	1005	671	307	370	661	856	740
826	1054	730	335	358	667	884	684
863	1037	833	348	354	641	930	712
821	1069	898	440	411	644	959	596
758	1044	876	449	435	707	1043	636
817	1153	956	463	449	704	1070	612
868	1203	928	458	458	665	999	629
865	1198	875	467	466	737	999	586
920	1158	794	427	385	708	1090	584
927	1131	771	517	486	703	995	477
845	1020	706	551	486	742	980	486
737	792	656	534	479	821	1020	473
618	765	593	512	457	908	941	427
503	777	599	480	461	973	739	440
484	757	503	352	304	932	717	408
445	720	432	267	264	908	686	393
429	737	471	234	231	848	533	344
416	707	499	214	204	682	464	301
283	602	405	191	177	507	324	288
322	592	374	191	201	498	279	273
329	573	342	176	218	478	292	298
313	504	262	176	218	419	295	329
301	471	169	159	216	448	319	366
301	447	160	138	196	488	312	370
218	406	174	163	206	479	311	372
225	485	187	167	188	516	276	356
216	445	185	150	181	699	273	354
208	454	191	148	180	685	226	315
204	487	192	150	182	622	191	219
197	459	177	99	118	632	177	215
173	423	168	86	108	597	198	294
172	422	162	78	86	366	180	274
167	417	171	86	90	252	196	267
151	377	171	85	87	304	189	255
146	351	157	78	79	341	195	296
110	329	138	72	73	388	191	251
115	364	128	78	81	380	183	236
113	347	116	68	69	375	144	236
122	336	99	60	64	431	151	278
116	322	109	64	67	513	167	237
127	310	113	62	67	482	133	215
115	266	108	52	59	470	138	215
118	257	111	52	61	484	152	231
109	258	114	54	62	413	161	234
118	284	103	50	59	284	136	252
124	254	90	47	60	273	130	233
125	245	91	48	57	278	130	233
124	264	83	47	58	318	135	218
129	290	81	50	59	328	134	171
127	291	104	63	67	306	171	182
120	267	116	65	63	319	170	186
121	278	123	62	64	312	166	188
121	259	116	61	59	361	163	191
113	229	109	59	57	438	153	193
128	230	91	50	49	440	143	152
123	269	89	45	49	432	148	142
125	264	85	47	51	474	153	147
125	280	85	52	60	455	172	192
140	282	87	51	56	423	177	200
139	264	85	46	54	416	155	202
136	213	70	47	54	412	166	212
141	220	62	46	57	376	166	226
148	214	62	43	50	313	150	207
156	242	64	41	51	277	140	183
150	281	62	39	50	278	135	182
170	309	68	43	55	271	125	220
168	309	73	44	49	284	139	211
166	301	73	45	49	288	124	224
196	335	95	52	53	237	127	253
201	320	94	52	51	229	129	257
192	314	99	53	50	237	120	225
189	313	96	52	45	212	112	234
236	321	94	51	46	229	264	275
242	282	70	43	38	246	292	286
245	246	71	50	53	284	335	320
243	223	68	54	57	486	434	332
251	234	66	54	87	620	629	476
332	351	78	86	157	770	830	501
322	389	114	125	177	793	879	528
361	395	113	126	185	925	969	551
380	401	114	139	219	906	958	588
424	557	131	169	223	829	887	509
356	575	137	210	281	864	690	509
353	543	123	211	309	870	652	500
325	599	135	223	314	742	502	477
331	621	154	262	338	732	472	429
279	545	187	280	372	917	437	569
314	494	188	250	327	843	414	585
356	528	190	244	309	814	377	579
349	467	186	244	310	809	578	571
334	462	175	204	302	796	599	583
361	421	134	158	265	658	571	421
313	436	126	147	241	524	571	327
253	424	120	158	235	563	599	324
236	420	114	144	226	578	484	396
237	405	110	130	166	603	478	373
333	559	111	127	149	490	490	368
341	526	123	139	185	522	503	390
340	500	115	117	187	574	506	482
356	523	111	115	191	625	468	424
350	519	105	124	208	552	496	420
220	319	96	119	205	612	499	422
206	313	98	106	169	644	485	547
260	325	101	98	144	595	457	484
300	286	106	97	133	491	437	502
377	278	110	87	103	490	412	521
400	252	110	93	111	472	418	569
448	221	90	97	135	439	466	504
418	195	81	104	143	406	482	470
399	177	86	110	147	438	563	450
358	150	97	105	145	487	605	442
342	144	91	98	135	446	587	381
295	165	90	91	121	468	648	340
326	257	103	96	130	608	675	365
362	278	100	93	127	698	683	484
364	273	85	93	127	650	607	483
361	274	102	92	122	637	619	476
344	259	103	95	117	608	532	452
334	306	96	97	104	503	577	466
293	303	99	101	103	349	499	364
314	314	101	104	103	342	522	368
312	317	90	104	103	351	501	380
314	328	92	105	109	359	491	394
305	360	98	103	109	405	377	368
301	366	93	98	114	417	378	361
253	378	93	97	113	421	384	450
249	410	119	106	117	420	403	489
301	415	121	103	102	412	403	538
352	362	119	98	113	309	371	597
385	391	124	107	107	262	446	590
399	457	130	118	124	443	578	537
396	472	113	111	128	582	607	495
409	545	112	111	133	586	620	440
517	650	141	128	128	578	645	339
489	633	142	131	138	707	639	504
493	609	162	126	144	757	691	540
513	597	189	144	151	776	694	592
552	580	211	152	169	807	675	581
443	452	200	137	163	810	692	584
458	452	203	125	161	751	661	508
448	486	193	127	177	849	670	552
438	542	179	108	180	797	650	492
352	513	154	94	170	749	646	487
303	490	152	95	168	762	667	508
346	518	142	94	167	740	746	495
420	526	151	108	170	541	623	397
494	548	190	135	183	472	601	422
487	545	191	161	200	470	656	409
549	664	192	160	229	635	656	563
636	700	221	191	253	697	748	632
608	683	217	198	256	632	731	654
579	659	250	201	257	624	745	646
624	710	281	191	247	628	730	666
606	602	293	202	238	548	752	620
687	620	302	194	217	506	571	576
740	657	306	210	211	483	531	547
737	614	279	352	227	477	560	670
716	610	267	387	257	558	689	737
753	739	291	411	313	453	739	698
612	758	270	416	343	363	727	646
524	705	260	409	337	382	821	699
615	731	236	337	350	431	829	810
604	739	312	338	340	358	705	792
635	731	282	322	281	411	567	791
738	771	345	323	274	423	542	817
775	829	363	332	279	434	428	845
720	820	384	297	263	442	496	778
810	817	320	252	242	406	539	783
844	768	322	225	234	348	540	745
789	764	267	302	223	347	543	768
803	764	286	286	209	495	559	710
783	791	276	278	180	469	532	591
776	759	284	281	183	474	506	521
697	774	286	284	209	475	502	515
724	682	290	265	246	466	524	494
702	805	260	320	278	357	492	545
832	806	245	315	274	354	414	491
814	861	230	304	284	337	385	519
804	832	225	317	283	375	468	581
798	839	199	246	235	533	475	605
821	779	212	166	206	558	550	590
754	758	228	310	280	567	571	616
720	716	230	333	298	586	649	611
707	683	225	325	300	620	663	630
643	697	228	354	298	525	731	643
691	637	222	362	294	493	681	624
668	615	196	272	253	476	756	635
675	575	185	324	249	528	748	691
652	588	192	356	289	468	767	772
