0	1	2	3	4	5	6	7
239	242	66	97	120	351	196	349
244	236	72	103	129	284	185	351
200	205	74	123	149	459	195	357
156	169	74	112	138	487	181	350
182	245	78	110	132	445	159	190
180	260	76	119	146	452	153	172
178	262	70	112	144	548	212	289
189	284	66	95	128	640	347	389
193	286	73	100	125	685	436	393
149	284	73	102	128	691	446	400
205	310	73	89	107	751	495	412
220	305	73	91	104	772	558	434
257	283	77	110	131	635	536	354
276	387	84	148	150	626	504	400
270	355	106	169	157	753	554	452
253	314	111	171	161	837	573	617
261	425	135	205	257	895	527	567
329	488	165	254	287	876	493	596
350	419	165	241	286	941	469	600
353	414	158	251	342	888	414	602
342	440	164	288	367	792	346	440
348	425	156	268	320	633	302	429
255	374	134	230	298	656	323	511
249	379	129	226	299	625	306	518
273	504	173	233	260	591	298	483
389	549	193	215	254	546	283	470
403	497	202	216	249	694	338	495
408	517	200	203	232	816	363	416
389	519	201	203	224	763	391	365
435	436	177	167	194	733	378	345
342	356	160	131	152	727	369	358
316	352	141	128	161	700	330	335
322	302	130	125	184	708	296	324
346	356	130	117	181	660	256	318
285	332	107	120	186	675	288	325
317	334	91	113	191	748	329	378
331	319	89	115	177	790	451	425
344	366	99	130	180	681	430	403
322	316	119	166	240	714	460	390
301	309	118	169	289	768	457	391
254	317	137	216	363	826	449	406
292	344	152	233	391	726	324	415
347	367	150	227	384	678	316	407
352	353	136	213	361	671	289	432
354	342	162	212	329	656	279	498
368	347	250	207	277	500	248	456
351	439	310	200	257	445	219	385
307	443	325	194	251	433	231	391
301	461	327	191	252	469	248	459
314	517	314	200	253	391	250	390
303	560	254	160	215	371	247	363
266	536	185	139	183	370	252	386
241	497	159	185	210	383	219	397
262	535	162	190	216	370	549	515
315	526	188	181	200	392	591	505
431	550	179	177	198	384	597	525
450	496	159	185	209	385	603	534
442	482	180	175	205	532	633	572
447	416	177	172	188	480	386	456
437	396	155	161	181	452	369	503
430	308	151	185	202	457	418	561
427	329	158	218	267	562	499	676
491	328	136	192	246	580	561	718
475	322	133	193	244	626	560	678
467	341	132	197	252	627	522	658
434	376	122	175	240	663	483	635
478	465	122	133	158	787	402	542
408	489	117	130	185	772	291	423
425	520	143	111	169	734	263	423
494	559	184	139	177	745	272	426
472	588	183	144	170	751	358	515
414	522	189	142	167	536	439	523
448	583	195	138	157	382	428	527
470	620	201	155	184	358	442	540
439	669	181	128	166	334	452	551
535	741	218	122	160	222	417	480
561	808	247	138	207	174	357	469
549	795	248	145	198	399	415	510
659	808	236	144	184	469	401	541
703	751	240	147	185	468	387	529
642	760	227	144	187	469	360	483
641	697	187	133	168	570	390	583
710	692	208	156	177	460	323	625
635	754	229	161	179	394	320	607
615	777	221	159	176	430	320	610
640	793	226	168	179	504	337	653
696	853	281	182	156	412	249	515
662	876	299	186	181	395	231	434
638	794	298	216	183	405	233	452
613	805	340	257	202	601	451	599
573	751	329	273	232	599	573	568
576	800	310	279	260	593	584	617
571	761	325	270	248	587	585	623
562	755	329	249	267	599	592	634
559	756	298	226	264	389	488	550
544	744	305	268	268	400	348	586
443	641	322	265	277	503	342	558
482	647	302	256	257	505	338	544
493	729	311	267	241	486	340	504
454	656	304	272	257	472	349	451
529	605	305	269	240	400	380	377
585	585	354	275	191	264	371	338
524	631	366	293	198	273	384	392
650	705	355	281	223	296	439	501
667	761	370	341	249	301	389	490
669	780	390	381	320	290	339	480
678	782	345	456	408	291	397	607
798	746	330	471	436	264	436	653
790	685	370	481	434	220	370	620
837	678	394	476	455	201	367	608
819	672	430	439	459	171	348	607
808	670	420	493	488	173	290	571
736	695	437	508	493	208	298	624
738	635	398	500	486	236	294	576
713	617	377	468	461	227	287	583
751	586	318	501	503	239	287	638
800	617	353	476	448	229	401	577
818	650	333	452	427	248	498	548
786	678	363	688	616	261	559	550
813	706	436	724	672	270	561	543
874	790	437	703	638	270	574	537
844	840	441	735	624	275	535	600
805	926	477	765	632	276	448	544
802	926	455	581	473	405	441	567
773	879	365	686	593	552	570	691
695	824	355	698	608	634	618	763
702	782	319	610	643	626	614	717
788	630	303	594	662	623	602	783
779	687	348	657	683	653	605	875
850	698	356	601	555	545	518	820
897	669	360	572	499	439	444	734
883	714	361	601	458	456	425	726
859	760	335	621	486	480	508	687
859	710	317	562	493	375	550	547
848	831	324	448	437	370	540	498
796	856	344	560	463	383	552	573
807	827	335	514	492	401	551	628
831	803	332	464	429	419	581	618
896	825	349	441	363	387	533	691
861	764	338	446	393	383	583	715
913	813	362	309	396	411	596	709
885	759	387	442	446	507	617	768
814	775	407	493	512	509	501	716
676	677	368	509	520	497	445	666
663	620	366	540	548	506	355	641
585	583	332	570	562	535	360	668
612	643	314	486	513	464	313	563
594	597	262	464	489	467	285	536
