0	1	2	3	4	5	6	7
133	42	121	112	69	359	194	77
135	44	124	114	70	412	160	82
105	63	136	116	61	442	129	73
95	66	114	100	55	460	174	68
97	68	156	102	63	472	176	80
97	71	159	100	70	480	198	82
131	70	157	100	75	462	230	94
143	56	162	116	86	444	229	107
152	50	189	155	104	501	204	111
155	44	149	154	106	512	205	106
154	44	143	154	100	501	208	118
137	49	160	165	105	603	344	118
114	49	151	153	103	593	365	108
105	49	119	120	106	572	365	106
146	55	130	137	110	539	371	123
165	51	129	139	112	543	399	127
152	48	112	126	104	433	262	110
150	48	120	143	104	407	223	107
216	71	161	158	90	486	267	129
196	71	154	147	77	517	284	115
181	89	164	147	70	474	223	94
212	91	169	158	93	521	274	127
232	99	162	146	96	613	305	141
188	106	126	123	104	582	258	126
196	109	130	112	113	545	234	126
211	99	117	110	115	591	242	131
206	99	106	93	99	569	184	121
211	90	104	96	92	472	126	109
201	68	121	154	79	380	117	100
218	73	114	158	73	431	160	109
211	86	115	159	79	452	159	104
204	85	117	162	81	415	211	130
183	85	125	163	80	437	229	136
180	101	126	113	81	609	234	136
163	104	123	94	75	627	207	130
162	96	119	92	66	578	205	137
203	101	127	98	72	565	161	128
221	103	119	90	81	561	139	123
223	84	82	83	83	479	135	123
208	116	78	84	80	411	160	130
237	154	105	84	85	416	171	132
233	250	112	80	100	475	360	152
264	300	123	77	94	453	521	161
342	365	155	110	126	334	568	175
382	391	166	128	144	383	766	169
403	415	174	135	147	451	920	230
421	409	274	143	145	437	924	223
437	549	309	176	190	438	887	234
440	614	485	223	257	466	871	227
505	652	516	226	263	457	754	239
496	682	529	257	301	471	754	327
645	754	490	280	329	439	687	350
666	676	495	313	354	460	705	352
686	636	357	300	322	482	718	368
622	654	329	317	337	467	665	363
645	628	332	327	347	383	464	258
471	569	368	364	358	410	572	219
407	565	335	385	414	567	658	327
344	563	306	415	446	621	688	338
375	559	303	461	494	620	698	345
409	593	333	493	509	630	691	342
450	614	330	517	550	618	626	346
481	594	358	487	500	548	705	279
491	560	379	492	495	476	671	263
478	535	375	460	456	458	673	253
441	485	365	415	422	483	684	238
438	401	328	332	333	578	792	221
425	493	308	348	357	527	644	178
413	503	272	296	319	487	627	158
411	446	254	257	291	481	614	157
359	421	177	229	276	578	585	156
305	408	176	236	285	598	406	148
260	281	194	221	259	562	274	113
221	237	189	198	243	572	264	89
238	226	206	200	235	674	305	93
262	236	216	199	224	637	341	190
253	225	202	184	215	546	381	195
256	194	178	140	160	557	374	199
248	166	180	137	149	548	370	202
207	165	195	122	137	506	364	200
181	162	183	121	142	500	339	118
216	179	201	155	156	509	282	119
231	242	187	137	138	564	335	193
269	259	198	130	135	622	334	194
305	303	191	129	131	557	292	191
346	342	194	128	121	491	270	203
339	339	175	70	71	451	248	199
326	302	169	72	79	542	178	122
297	292	145	75	80	533	194	128
266	243	126	82	81	540	190	124
198	173	149	87	79	516	186	93
169	169	145	87	80	608	187	88
174	152	141	85	69	640	213	92
146	135	133	81	63	595	198	71
119	124	116	63	54	601	189	68
107	105	65	51	47	632	182	62
100	90	71	52	40	564	174	59
99	115	84	58	42	347	104	48
114	114	80	52	42	332	72	50
113	109	71	50	44	380	95	50
112	108	72	50	46	340	90	53
112	105	71	57	45	311	96	54
94	74	52	54	44	331	119	63
100	70	59	54	46	360	126	60
129	59	57	54	45	319	113	61
135	74	62	57	42	296	126	64
137	67	54	45	42	313	127	63
139	67	53	37	41	366	106	49
123	67	49	36	40	373	102	48
107	83	67	44	44	389	165	61
105	79	71	43	48	405	196	128
109	80	73	44	47	385	200	129
111	79	72	43	50	384	218	135
112	82	71	44	50	433	232	139
94	68	54	33	47	389	200	134
103	85	59	34	43	374	163	73
108	88	58	34	45	404	158	73
104	92	60	36	43	374	149	60
99	94	67	37	43	293	139	62
99	101	74	40	43	292	130	58
84	77	60	36	44	340	128	61
78	74	59	33	42	313	136	60
82	70	60	35	39	280	116	60
89	57	50	34	37	323	111	57
89	41	42	37	37	326	104	61
92	43	46	37	38	311	140	57
94	52	51	42	43	390	233	81
106	79	54	46	46	388	326	89
107	92	62	50	48	348	346	89
108	92	59	57	48	345	347	87
138	98	62	78	59	345	344	97
142	99	61	85	56	287	353	88
143	87	73	105	63	281	308	100
177	132	100	114	66	267	288	111
187	138	103	116	76	323	304	117
237	174	109	110	72	310	295	117
257	200	112	106	72	264	204	115
294	241	109	90	71	251	149	103
294	282	113	98	81	250	159	108
324	285	112	91	71	219	129	102
292	264	109	83	67	251	142	104
305	249	106	82	68	272	155	102
280	237	103	78	61	278	150	105
277	159	80	57	47	282	123	92
254	169	114	65	58	243	122	104
246	168	114	65	57	239	189	97
205	165	115	64	56	228	209	104
244	149	114	64	57	221	206	113
261	158	112	64	58	215	206	109
250	140	85	67	48	215	208	97
259	140	80	69	58	325	157	97
273	146	81	70	64	345	152	95
313	169	82	80	78	349	157	104
301	161	80	87	79	352	157	101
304	161	68	79	81	377	178	106
294	160	72	75	74	306	172	107
311	164	104	105	75	293	158	114
235	161	127	115	63	292	162	93
244	158	132	113	59	292	165	101
248	157	135	115	56	283	181	107
251	183	136	117	57	277	180	141
220	191	117	99	65	255	196	147
228	168	116	81	64	313	188	159
223	174	128	73	63	327	245	166
233	184	130	72	69	317	217	160
226	163	128	83	74	265	211	145
220	141	127	82	70	280	187	167
197	116	110	88	76	354	196	158
184	112	89	85	76	450	242	156
253	162	103	90	72	457	258	173
290	242	126	97	93	460	256	204
297	252	156	105	99	465	254	182
300	255	155	102	98	438	251	198
342	254	153	102	100	348	177	216
298	221	143	103	99	351	175	206
270	130	123	110	93	351	171	174
284	112	76	104	87	329	181	168
302	131	69	101	83	295	185	148
288	128	81	107	79	292	152	142
286	124	89	114	88	270	149	143
278	118	88	97	76	262	168	131
