0	1	2	3	4	5	6	7
231	167	256	465	239	786	770	193
218	161	258	465	218	726	711	192
161	165	261	479	216	669	657	160
330	145	176	442	208	728	755	199
422	143	164	357	186	719	734	217
430	199	172	331	151	634	610	193
461	221	176	366	164	618	657	205
469	252	202	377	178	718	678	218
468	262	205	484	194	720	584	229
509	287	236	502	216	703	656	289
536	252	247	486	217	741	746	303
532	239	265	579	223	788	699	300
534	206	261	616	226	817	753	287
454	191	260	534	214	767	775	262
351	161	260	537	187	747	873	220
390	160	245	533	188	703	889	199
376	165	217	443	170	612	881	192
374	169	205	401	161	429	856	188
380	172	211	402	156	498	967	188
494	172	172	393	178	604	948	287
456	177	164	405	152	586	897	314
459	180	224	366	149	630	918	312
461	175	225	318	144	668	974	320
480	173	217	292	137	641	917	312
365	165	223	262	111	593	836	221
314	159	227	212	117	571	799	171
305	149	210	250	159	538	789	178
365	152	231	318	207	544	760	201
390	146	243	346	212	522	679	196
406	155	274	361	219	449	651	148
412	160	276	367	215	435	681	152
429	172	245	340	191	435	744	151
367	168	219	320	136	363	702	117
320	167	196	295	136	332	696	124
260	161	265	308	191	312	664	130
281	194	299	307	195	292	655	162
284	195	311	292	191	235	550	160
293	199	310	250	191	262	594	169
270	216	357	284	213	262	574	167
267	215	302	252	153	290	566	177
282	199	269	256	148	318	641	169
264	187	257	256	146	322	690	173
287	179	258	253	136	296	637	203
384	163	210	203	79	343	659	251
396	189	234	216	88	360	663	249
370	184	231	214	96	344	608	244
373	187	233	220	97	380	705	264
363	188	274	233	133	428	649	235
265	197	278	238	153	382	621	179
262	187	247	234	153	351	598	165
434	171	258	227	152	346	596	205
536	173	308	253	153	335	591	189
537	171	289	266	136	269	586	182
548	203	292	279	143	248	573	184
545	197	282	270	141	244	707	206
422	199	275	322	157	279	706	165
265	194	301	316	162	258	705	194
235	195	308	317	187	276	721	193
222	207	304	297	169	273	746	221
286	209	375	332	177	288	677	205
286	200	388	312	163	330	657	197
275	196	333	314	187	324	522	151
307	205	343	316	167	300	564	172
314	157	356	317	173	304	638	165
246	134	285	282	178	470	693	167
254	137	253	257	200	451	677	169
268	136	259	240	177	442	688	168
496	149	255	209	167	457	730	273
522	147	258	246	204	570	742	295
525	149	279	303	262	533	771	296
525	151	310	341	311	521	814	303
570	166	311	398	378	575	874	334
429	133	292	480	441	724	848	256
402	121	284	548	484	672	800	216
397	140	273	573	509	619	742	213
408	148	245	557	513	636	717	227
390	135	308	562	508	640	731	227
326	141	329	522	514	460	679	207
339	153	319	442	477	415	669	220
454	150	304	426	424	494	677	313
449	143	325	506	552	637	703	304
403	152	251	467	528	609	650	270
423	151	210	450	507	600	692	294
424	138	196	495	504	696	740	324
373	118	236	501	506	676	715	250
354	165	259	461	404	531	697	242
383	166	264	483	477	507	684	252
420	210	280	570	543	673	755	310
426	215	285	625	591	683	722	275
378	228	262	686	701	671	678	266
392	218	258	682	667	674	735	269
395	217	253	736	625	743	952	297
334	191	280	771	668	813	958	213
325	189	282	743	633	756	945	228
440	194	281	645	517	720	950	247
458	168	267	732	624	736	914	259
446	163	290	688	638	718	745	217
441	143	260	569	507	499	696	214
431	147	270	517	516	451	701	198
