0	1	2	3	4	5	6	7
152	161	59	76	74	281	108	135
192	144	67	84	85	323	102	140
180	143	65	86	85	356	105	121
185	144	69	87	90	391	116	97
181	154	69	90	97	385	106	95
214	199	71	93	96	396	107	99
169	169	61	87	89	394	93	98
163	174	60	82	92	398	94	97
167	172	57	79	87	338	70	123
189	170	67	97	96	360	84	130
175	117	64	98	121	446	90	126
170	110	65	96	121	427	92	130
172	117	69	98	121	375	87	133
185	149	69	104	123	383	93	160
168	139	53	81	111	412	101	179
144	122	50	70	77	313	114	177
146	123	49	76	81	319	148	182
152	107	46	75	88	354	161	193
182	72	66	73	104	484	171	178
189	81	68	68	103	461	162	159
210	84	75	70	106	468	162	166
239	84	72	61	111	521	179	165
235	87	77	66	102	519	207	151
213	90	69	70	89	456	200	132
241	83	71	83	108	526	211	146
245	86	73	85	119	636	221	138
231	114	99	101	131	746	275	142
265	118	102	112	162	737	398	164
339	112	104	111	161	720	425	201
375	129	112	109	177	790	541	216
370	125	109	120	187	823	646	226
417	118	92	114	186	712	645	227
419	119	87	166	172	727	597	222
349	116	80	173	180	826	612	189
300	120	86	183	159	806	531	168
312	131	89	185	154	812	418	195
370	123	83	186	138	863	388	202
360	117	84	140	136	924	344	190
369	117	88	150	143	967	384	185
420	95	69	161	143	963	434	206
547	109	91	159	131	905	435	226
600	131	101	194	145	885	451	272
611	145	119	209	159	920	494	288
618	145	117	198	160	857	424	293
582	146	130	225	173	799	481	278
477	128	120	226	195	919	483	246
504	110	123	200	193	903	477	265
506	102	109	213	181	801	442	264
524	107	111	268	178	758	448	273
527	106	94	236	165	891	298	266
510	110	92	246	157	939	265	257
393	107	85	244	153	917	286	203
394	102	83	216	148	947	273	185
364	115	86	155	151	991	256	169
359	116	95	167	155	900	288	182
370	118	94	149	132	702	290	179
304	112	94	148	131	712	232	170
264	118	95	147	134	764	238	169
252	110	101	139	123	742	240	163
410	116	97	119	120	696	236	177
398	122	94	119	119	650	221	180
369	124	89	120	124	682	284	148
368	122	85	123	128	611	330	153
419	115	73	181	129	510	371	195
286	106	69	181	125	489	355	184
358	94	64	188	130	487	372	193
408	85	71	197	118	528	346	201
405	72	66	193	114	560	362	191
357	72	64	136	98	546	342	145
361	97	83	134	93	533	336	134
335	116	87	123	87	538	313	164
323	120	79	131	116	602	334	175
349	122	83	147	118	532	279	188
346	135	91	142	122	534	262	191
319	120	91	144	121	538	263	185
289	100	93	150	131	680	354	170
254	97	102	133	116	556	374	157
244	103	104	120	105	534	355	147
294	119	108	139	114	543	453	179
320	116	96	135	121	595	454	189
307	124	93	120	114	452	413	192
295	130	94	120	105	408	365	189
297	127	100	155	105	431	370	190
243	129	98	185	100	448	277	161
212	134	97	193	101	386	294	166
307	138	95	204	95	345	273	201
307	155	127	232	93	341	268	202
299	161	132	226	108	367	263	218
310	144	133	203	135	463	219	225
309	141	138	200	132	478	186	221
218	135	141	205	141	473	179	171
233	115	114	200	150	494	208	176
229	105	107	214	140	500	222	170
229	95	103	227	149	369	246	186
230	102	106	221	146	327	253	190
220	115	110	219	153	345	240	212
203	112	104	205	143	378	392	212
209	127	107	208	178	369	516	212
203	127	104	205	160	362	508	182
195	137	109	209	162	365	509	170
202	121	99	209	150	375	550	196
315	118	98	194	151	430	541	243
310	110	98	197	158	477	449	253
320	108	99	189	157	478	447	259
332	95	108	288	180	511	465	267
336	100	115	297	190	607	482	247
351	100	126	373	236	650	500	310
395	116	136	398	274	596	489	291
387	119	144	406	305	613	497	289
388	117	138	378	309	698	535	289
425	121	142	400	310	628	576	291
339	128	151	396	294	499	490	164
284	113	142	371	246	482	481	164
278	107	130	358	208	691	488	212
285	101	117	328	196	612	429	224
216	94	114	305	204	596	311	203
201	89	95	277	230	605	270	198
407	89	86	256	237	636	312	227
420	99	96	257	255	649	375	212
460	103	104	306	257	641	388	223
461	107	116	340	270	654	375	229
496	108	121	319	264	680	383	247
375	97	118	326	258	806	410	241
373	99	136	474	316	680	331	221
338	108	146	508	330	657	306	200
337	101	140	518	335	708	312	203
287	109	142	540	336	819	460	192
254	114	150	550	331	765	460	193
233	109	139	436	298	737	459	192
173	97	138	424	323	760	487	187
166	100	135	385	328	728	503	184
205	91	127	336	308	597	404	197
229	87	121	320	314	464	396	177
230	84	113	331	286	541	434	180
237	84	99	282	237	632	512	174
286	85	102	297	252	609	500	194
270	79	99	306	263	595	469	173
245	83	111	310	262	684	433	166
269	94	119	319	280	628	440	158
278	100	120	344	290	663	344	155
230	96	119	364	256	661	350	122
209	97	117	364	240	718	359	116
201	94	112	365	244	754	408	139
168	98	116	348	226	803	365	181
174	97	121	414	250	702	347	205
187	101	129	395	272	727	342	209
186	100	143	425	280	750	378	225
205	109	142	419	316	698	324	212
211	100	144	456	355	609	317	178
215	119	158	485	358	694	329	165
214	125	155	481	360	777	351	167
227	127	147	529	381	727	317	143
324	124	145	536	365	669	319	246
331	121	138	524	325	693	316	255
316	100	119	491	378	634	284	243
316	94	119	500	378	552	251	231
320	92	118	437	369	503	271	239
234	94	130	448	347	518	255	146
222	91	128	435	352	631	279	126
243	89	124	329	268	609	303	173
235	84	123	301	245	551	312	185
234	83	119	270	235	568	279	174
200	75	117	278	265	577	269	165
187	77	111	255	253	419	271	172
199	90	120	256	238	397	257	135
192	86	111	245	221	406	255	121
175	99	128	281	214	485	262	127
178	107	122	250	169	467	270	115
181	107	119	240	166	475	246	102
154	99	109	237	194	473	221	108
150	98	118	328	200	576	245	108
160	100	101	292	213	512	241	113
211	104	95	289	230	527	256	138
219	110	109	318	227	538	252	135
207	111	121	317	250	738	306	129
207	118	126	260	269	736	280	136
198	114	144	336	253	761	295	137
131	103	200	350	242	746	270	111
126	100	206	348	270	819	294	126
137	107	224	407	242	668	337	127
139	104	227	421	225	580	319	116
135	95	228	381	221	551	303	112
167	93	202	391	224	617	304	127
195	97	194	372	205	574	334	110
239	93	212	366	201	543	275	117
404	129	226	391	187	579	294	190
508	147	231	384	199	580	300	242
674	162	263	381	244	532	331	348
689	182	444	461	249	429	313	366
689	188	445	428	244	461	300	362
615	164	436	370	246	557	314	337
550	151	431	387	258	563	315	316
380	141	415	395	236	587	325	227
642	140	247	323	220	750	482	427
674	140	248	345	261	747	500	467
668	141	260	383	305	688	494	464
659	146	328	418	312	805	609	457
629	144	327	491	426	881	700	449
330	118	320	490	428	749	634	249
239	98	311	476	410	749	631	185
380	100	321	476	390	854	661	214
374	102	290	457	402	853	573	212
379	100	291	374	259	730	441	189
374	93	280	370	307	849	406	194
413	99	260	366	304	918	603	206
510	119	237	399	379	819	656	350
537	138	200	372	391	685	662	369
548	140	173	334	427	776	733	378
567	145	161	329	402	767	849	380
562	155	182	375	413	744	726	390
375	148	219	430	363	724	667	244
426	126	233	510	411	837	708	232
426	126	251	526	388	868	676	240
562	131	253	524	402	782	511	279
551	148	317	497	402	713	590	251
553	149	332	413	383	875	620	261
491	148	327	373	325	798	742	243
531	161	328	368	315	698	756	246
346	175	334	362	304	700	749	205
316	161	263	382	355	879	749	199
421	160	223	379	384	805	773	215
442	173	215	351	364	797	626	222
389	194	214	350	387	798	648	209
400	182	198	366	403	918	698	196
408	175	185	370	373	774	616	200
331	188	193	345	340	685	536	193
384	180	187	295	328	810	603	258
382	148	162	276	322	945	611	256
366	142	176	260	308	882	624	254
361	142	190	280	367	874	654	251
374	121	173	290	373	989	659	264
316	112	154	309	413	956	605	214
310	141	171	372	411	871	523	218
321	156	162	379	399	864	442	215
306	202	146	329	359	847	446	212
303	205	144	361	379	759	492	187
385	212	152	371	327	784	630	216
466	193	143	318	336	823	665	248
474	200	166	314	332	775	672	262
492	166	193	317	285	874	678	278
464	242	237	272	239	862	641	267
382	258	236	234	234	751	448	229
341	257	232	211	177	692	388	178
316	250	216	185	155	705	419	168
330	252	226	157	141	615	441	166
349	177	222	155	139	545	431	169
349	185	240	168	150	593	448	173
311	225	235	170	156	611	444	182
320	257	252	161	150	571	400	171
290	333	302	157	145	516	284	137
267	416	290	136	135	548	267	130
264	435	330	114	123	497	241	119
308	432	360	110	107	370	178	90
315	503	358	101	103	351	149	95
328	539	296	90	89	367	145	125
369	642	309	92	87	315	139	127
384	642	279	70	63	282	106	118
315	647	274	69	57	258	86	117
304	626	267	66	53	243	78	111
285	590	272	62	52	196	54	69
222	418	246	55	43	204	51	75
171	393	217	60	50	188	56	75
188	489	204	52	48	183	54	71
199	463	233	55	49	175	52	69
212	432	236	57	51	172	48	64
297	534	326	93	64	144	47	76
348	631	343	105	67	107	35	79
347	559	342	110	70	103	34	77
337	543	326	110	70	110	35	78
389	575	338	251	87	126	39	81
428	488	337	272	93	99	41	71
403	380	336	275	89	111	43	71
441	406	352	282	94	153	76	140
459	431	381	350	110	158	85	144
433	435	372	272	96	145	85	147
367	470	304	243	84	143	83	142
368	489	303	241	83	134	82	141
355	500	269	233	75	82	53	72
329	498	244	113	50	54	39	63
293	448	234	108	46	50	37	51
238	397	212	101	44	39	33	45
217	368	207	113	46	34	36	44
124	331	201	110	48	31	33	37
122	311	170	102	45	31	31	36
130	328	184	101	45	32	30	36
166	323	182	101	45	30	30	38
164	288	190	95	36	31	26	38
174	240	203	107	38	33	25	38
232	225	200	118	38	32	31	45
254	288	193	124	44	34	34	50
239	295	189	124	43	32	33	52
236	292	161	106	44	33	33	50
247	323	198	109	53	32	35	52
225	308	224	116	61	37	29	46
210	221	214	106	56	36	31	53
262	252	215	104	56	36	32	54
271	262	208	103	55	34	31	54
263	237	197	95	49	32	28	52
245	234	183	80	45	31	28	52
265	237	184	91	43	30	24	61
218	185	186	90	44	28	22	61
212	169	185	88	45	28	25	61
198	144	159	76	39	29	25	60
188	124	131	63	34	26	28	65
140	102	135	48	31	24	25	46
122	99	128	44	31	25	28	40
105	89	120	43	30	26	25	42
103	83	93	41	30	23	27	43
98	89	94	39	27	22	25	38
85	66	99	100	36	24	26	47
86	68	103	111	39	25	24	52
112	63	104	112	40	26	26	57
117	65	107	113	39	27	25	56
127	64	104	114	40	28	28	55
122	65	91	67	33	26	28	45
123	72	85	50	30	26	28	43
105	78	79	47	29	27	29	33
114	96	72	46	31	28	29	35
123	101	69	45	30	28	26	32
122	103	59	40	28	30	27	30
117	97	66	39	29	28	27	29
121	103	66	43	28	26	27	34
107	106	63	42	29	26	27	31
80	106	62	41	29	26	27	31
92	105	85	49	30	23	26	31
94	106	84	48	31	25	26	29
101	119	87	45	32	26	26	26
105	111	86	45	30	23	26	30
112	117	89	46	31	23	27	31
102	121	78	40	33	26	29	33
152	148	82	42	32	28	28	38
156	139	79	45	32	27	27	39
153	138	76	43	32	27	25	37
152	134	71	44	32	28	28	40
152	135	73	47	31	28	27	38
107	121	108	70	33	29	28	34
90	116	120	75	34	30	26	30
101	109	121	77	33	30	28	31
109	110	123	77	33	30	25	30
124	110	118	81	32	31	27	34
126	91	98	77	32	27	27	34
120	106	88	77	35	27	27	35
149	141	88	76	36	27	28	37
171	256	95	75	37	26	27	35
186	316	91	68	36	22	27	37
184	318	73	48	32	23	27	37
191	312	71	44	30	21	27	35
176	299	77	47	28	23	26	34
189	225	93	50	29	26	28	35
171	152	120	64	30	27	27	29
191	155	127	65	31	27	28	29
187	165	128	60	27	27	28	30
175	175	129	58	32	27	28	29
129	161	142	56	31	25	28	25
116	157	130	40	28	27	24	26
83	168	146	40	27	28	23	26
73	170	146	51	30	29	24	25
125	161	147	55	28	29	21	26
151	172	121	56	31	31	20	29
158	183	120	61	34	29	22	31
157	167	96	60	35	29	22	30
157	156	91	51	35	28	20	31
119	155	92	49	35	28	23	29
85	138	133	100	38	26	23	28
84	129	144	113	40	26	23	28
78	135	140	113	40	26	24	27
75	134	143	113	39	27	27	26
74	134	137	113	39	29	26	27
71	134	95	72	34	27	27	25
59	98	66	41	29	26	25	22
60	106	91	49	31	28	27	25
59	121	99	52	34	30	26	25
63	129	110	50	34	28	26	26
62	118	107	46	33	28	25	26
64	126	107	47	32	29	26	27
65	154	115	61	33	27	26	26
67	153	117	59	33	26	25	28
65	147	107	60	31	27	26	27
74	152	110	61	31	26	25	27
81	169	120	61	33	25	25	27
81	190	107	43	30	26	23	28
86	208	106	43	29	24	25	27
103	219	108	42	30	24	24	28
100	227	105	42	30	25	25	28
96	258	114	41	29	25	25	27
99	245	125	42	31	27	25	27
103	252	139	47	29	28	26	30
86	270	149	49	29	27	25	29
80	264	151	50	29	27	25	28
75	263	144	50	32	47	27	29
65	242	128	46	28	91	30	28
59	283	119	43	33	104	32	28
59	262	120	38	33	106	34	27
60	283	123	39	32	107	34	28
87	297	153	45	38	102	34	34
118	331	174	49	41	69	33	36
131	301	210	66	48	48	34	42
149	303	206	69	47	44	32	43
182	339	257	81	50	45	36	53
176	299	238	77	45	40	33	48
170	280	244	74	42	34	33	50
161	262	209	56	33	29	29	44
149	262	207	68	43	31	32	45
111	200	144	55	42	26	34	34
120	261	155	58	44	27	39	36
117	253	122	60	47	227	45	32
114	262	140	61	47	245	47	31
108	255	135	45	38	248	47	29
104	258	127	43	37	252	43	30
90	191	111	44	37	256	40	28
115	184	120	51	34	129	32	28
116	170	105	56	34	90	29	29
115	190	124	55	34	83	27	29
115	189	143	55	33	71	26	29
108	185	141	55	33	55	26	29
57	183	133	47	32	36	25	28
47	199	142	41	28	30	22	25
51	201	135	45	30	29	22	25
50	179	120	47	31	29	22	25
58	177	116	45	28	25	22	27
61	171	114	48	29	24	21	25
77	183	109	51	29	24	23	27
73	160	100	47	26	23	24	26
77	162	97	41	27	23	24	25
73	170	101	44	28	23	24	24
75	198	113	46	28	22	23	24
70	183	98	45	29	23	25	27
81	220	144	65	33	25	25	29
81	235	176	70	34	26	27	30
85	231	179	69	32	25	26	29
89	201	172	71	33	25	27	30
97	188	173	78	37	27	25	28
93	153	136	66	36	27	25	27
94	143	93	65	34	28	23	27
101	197	123	73	39	28	25	31
93	206	120	68	38	28	25	29
80	192	116	57	34	26	25	29
89	189	126	60	32	26	24	31
84	175	126	54	30	23	25	31
70	110	87	41	26	23	25	25
71	154	117	41	25	22	25	26
87	197	124	41	26	22	34	27
75	193	112	31	26	25	94	32
78	192	110	31	28	25	100	32
77	195	112	31	27	24	100	32
78	156	86	29	28	24	103	31
58	111	88	29	26	27	115	34
53	114	88	30	25	23	84	26
53	114	89	34	25	25	78	28
53	106	87	35	26	26	78	30
55	98	82	34	26	27	75	32
53	82	77	35	27	25	123	31
50	86	82	35	30	26	127	31
51	89	97	33	30	25	127	36
59	97	99	32	28	26	168	37
55	117	103	33	27	32	178	38
57	131	98	33	27	32	140	35
68	163	115	38	26	37	134	39
66	169	112	40	24	37	134	33
66	171	112	44	28	37	81	31
66	171	119	50	32	34	53	28
67	200	146	52	32	32	48	27
70	179	135	50	34	28	43	26
71	176	132	52	36	29	41	27
70	181	145	53	37	29	33	28
72	196	141	53	34	26	29	30
81	166	111	50	34	27	31	32
70	161	105	51	31	25	28	28
67	162	101	48	30	24	25	26
64	150	77	45	27	22	25	25
61	109	66	40	27	23	27	22
45	100	59	45	26	25	24	19
45	124	54	41	24	25	24	18
48	139	66	41	23	24	26	20
48	145	68	41	27	26	25	23
47	146	72	44	29	26	24	23
44	138	69	38	31	26	25	23
41	128	90	41	30	25	25	24
44	121	95	46	32	27	27	24
40	113	95	49	31	26	25	22
39	112	95	54	31	25	23	23
41	118	98	55	29	23	25	23
44	93	78	55	32	25	24	24
40	69	56	51	30	22	24	23
39	74	57	47	30	22	24	22
43	102	64	38	27	21	23	21
49	102	68	34	27	23	20	22
48	103	68	34	25	20	22	21
47	109	70	35	27	22	21	22
48	109	66	33	24	20	22	23
44	109	64	35	26	22	25	23
36	115	62	35	25	25	24	24
40	125	73	35	29	27	22	25
43	130	77	32	27	27	23	25
43	137	86	33	28	30	23	23
45	154	102	31	26	28	21	23
44	151	100	31	27	25	21	24
41	140	91	29	23	25	22	22
39	135	89	31	24	25	21	24
43	134	83	30	23	22	22	24
44	93	55	30	24	25	21	26
45	87	53	28	24	24	23	23
45	86	53	27	24	25	23	26
42	78	48	27	24	24	23	23
47	65	41	28	26	26	22	27
45	71	35	29	25	24	24	26
46	82	48	29	26	27	24	25
48	88	51	28	26	27	24	24
50	88	50	29	26	28	28	24
45	92	52	31	23	28	27	21
55	112	66	32	29	27	28	25
56	113	63	32	27	26	27	26
53	167	84	35	29	26	28	26
58	219	104	39	31	25	23	26
54	221	105	37	32	24	24	27
49	210	101	34	27	25	20	23
50	220	102	37	26	23	20	23
49	186	92	34	25	24	19	22
44	133	69	30	23	24	20	22
50	124	69	29	25	24	20	21
51	134	75	31	27	27	22	22
52	145	75	26	28	28	24	21
61	157	72	29	27	28	23	22
64	182	80	26	27	28	22	23
59	200	99	27	25	28	24	23
77	192	91	26	23	25	23	31
78	163	87	29	25	25	22	31
72	162	89	30	24	52	29	32
72	148	92	33	25	88	34	32
74	129	73	32	25	91	34	33
56	137	87	34	28	94	34	26
52	162	105	34	29	102	34	27
55	148	101	32	30	126	35	25
67	126	93	30	35	121	34	31
69	137	95	31	35	120	34	29
67	146	91	30	34	119	36	31
70	121	74	27	31	113	35	31
68	117	70	28	32	77	29	33
53	118	66	27	28	48	24	26
51	109	64	26	28	46	25	27
48	101	53	23	26	43	23	26
45	106	52	24	26	40	22	26
46	130	70	28	25	36	26	26
42	138	72	28	22	34	27	28
40	147	74	27	21	32	25	28
39	156	77	27	25	32	23	27
36	164	86	28	26	78	30	28
37	162	79	26	27	86	33	26
45	155	80	27	29	88	34	24
49	163	82	28	29	90	34	23
49	165	82	30	30	107	38	23
56	184	89	34	34	104	37	23
71	179	88	34	32	105	39	28
75	178	88	34	31	105	40	29
88	163	83	35	31	111	44	32
93	157	86	35	30	108	45	33
92	154	83	33	28	88	44	33
80	155	81	32	28	79	39	28
76	157	82	33	29	83	59	28
69	152	81	33	31	91	119	38
65	141	73	32	30	85	130	40
61	106	56	29	29	122	158	41
62	98	52	27	30	128	165	41
64	99	56	28	29	140	169	43
56	98	56	30	30	133	133	35
53	110	58	30	29	131	122	33
54	143	61	29	29	94	83	31
52	179	76	32	28	85	66	31
46	183	76	31	27	53	33	28
37	199	81	28	25	43	32	25
41	223	96	32	27	31	30	24
38	202	91	31	27	28	27	23
42	189	94	31	26	27	28	23
40	186	89	31	27	28	26	23
41	178	87	33	28	24	25	21
35	145	71	28	26	22	23	21
39	162	77	30	25	24	23	21
37	148	62	28	25	70	28	23
38	147	73	29	24	77	33	23
40	136	69	26	24	82	34	23
45	137	67	27	26	101	50	27
40	116	61	24	25	114	54	28
39	124	66	25	27	106	55	26
39	117	54	23	28	121	83	25
41	114	54	25	28	119	105	31
44	103	52	23	24	112	126	30
48	94	50	27	25	108	201	36
50	54	36	27	27	106	238	38
51	58	33	27	28	87	236	44
49	78	38	27	28	91	229	41
51	85	41	28	30	87	218	41
53	94	44	28	31	87	169	43
57	98	44	26	29	76	110	45
57	126	64	28	30	72	97	40
66	174	92	32	31	66	93	40
59	176	93	31	30	57	87	38
57	189	106	30	27	36	38	30
53	202	109	32	28	31	35	27
51	217	118	32	26	28	31	26
42	192	100	29	25	25	29	26
41	193	100	30	26	24	28	29
38	181	88	28	26	23	27	29
52	167	85	26	23	23	26	33
74	150	66	25	25	41	29	51
73	134	61	23	23	51	30	51
78	132	59	28	29	94	43	51
88	128	60	31	33	107	68	51
81	127	57	33	34	120	88	51
63	89	48	33	33	115	113	33
63	76	50	35	36	126	120	35
62	61	47	31	31	113	126	34
69	54	42	31	28	103	119	39
71	58	53	30	26	90	108	37
72	95	55	32	26	89	87	37
73	111	63	32	24	68	78	36
73	123	68	31	24	39	62	36
56	126	68	29	23	34	54	30
49	130	68	29	24	27	47	29
47	133	82	28	23	27	34	31
48	135	83	29	23	23	29	29
42	127	80	28	23	24	24	28
41	156	93	31	22	25	23	29
40	170	88	29	24	24	23	26
38	156	80	29	24	23	21	23
36	145	71	27	24	22	23	26
41	157	80	29	24	23	23	26
39	130	66	27	23	23	23	25
41	104	66	29	25	87	27	24
45	98	59	30	25	103	32	27
49	98	57	30	26	105	32	24
46	86	47	31	28	113	36	24
50	80	46	30	31	118	45	25
53	76	44	30	29	92	71	28
52	72	43	29	30	78	94	30
47	65	41	27	30	76	97	30
48	54	34	26	29	63	100	31
47	72	31	25	25	51	99	29
44	95	39	24	24	36	82	29
41	103	42	23	23	27	53	24
40	106	42	24	23	26	46	25
38	111	45	23	24	26	38	24
39	124	52	24	25	29	31	23
49	110	56	27	24	28	26	21
55	119	55	26	24	27	25	21
56	132	58	29	22	27	25	23
57	143	78	31	23	24	22	24
58	162	92	32	23	21	23	27
49	165	88	29	22	23	24	26
41	162	90	30	21	22	23	28
41	165	99	29	21	23	22	25
51	178	104	29	21	23	21	29
49	145	88	27	22	24	20	27
50	149	88	29	22	22	20	27
52	153	92	28	24	22	22	27
54	139	80	25	25	22	25	27
46	99	50	23	24	22	25	25
44	95	49	23	22	23	29	26
41	82	44	21	23	21	28	26
41	59	31	20	23	22	28	25
39	59	33	20	22	21	26	28
35	71	39	25	22	21	26	26
39	75	43	25	25	21	26	27
39	79	45	26	25	22	27	27
56	103	51	27	24	21	28	29
57	103	50	28	25	23	28	26
59	98	46	25	25	24	32	26
65	108	46	27	24	23	28	26
64	119	56	26	24	23	27	26
53	97	50	26	25	22	25	26
51	101	54	24	26	22	28	25
50	108	67	27	25	22	23	28
46	113	77	26	25	23	25	27
48	102	71	26	24	25	27	26
52	106	74	28	23	24	25	25
50	103	76	29	21	24	23	25
57	115	68	26	23	24	24	23
55	103	55	24	23	22	23	22
54	97	53	24	24	19	22	24
51	119	62	23	23	21	25	24
50	119	57	21	25	21	25	25
45	102	59	22	25	21	25	24
41	99	57	20	25	22	25	24
42	99	56	21	28	24	24	27
37	74	45	22	27	23	24	26
40	68	43	23	25	22	23	26
40	68	35	23	25	22	25	25
41	72	36	25	23	21	26	25
40	75	38	25	20	21	25	21
44	64	35	25	23	21	27	21
45	70	36	25	24	21	28	22
38	61	34	25	23	23	26	24
40	55	33	24	26	27	26	25
47	51	34	24	26	26	27	25
47	53	34	25	24	26	26	25
46	44	35	26	26	28	59	28
47	44	33	27	25	27	62	29
51	52	33	26	24	25	63	28
50	72	40	28	25	24	65	32
46	94	54	26	24	24	64	33
44	116	54	24	24	24	35	29
48	143	65	25	24	21	30	27
43	145	67	26	23	24	28	28
42	144	77	30	25	25	23	24
41	136	69	30	25	26	25	23
48	122	71	32	25	27	26	25
56	92	63	31	27	115	36	27
57	87	61	31	28	130	45	27
56	75	43	27	33	274	62	27
69	80	58	31	44	392	106	35
69	77	58	31	48	404	155	43
68	108	76	33	49	394	169	47
69	129	92	33	52	447	188	62
70	128	93	31	48	394	193	66
67	119	86	27	43	294	264	69
68	119	83	27	39	289	245	66
67	94	66	26	39	289	247	64
65	95	55	27	35	191	234	50
64	104	58	28	34	151	232	44
53	117	62	29	29	115	124	35
49	130	82	30	28	84	113	29
38	151	92	32	26	49	82	29
39	135	85	31	27	41	77	27
41	159	90	35	28	37	58	25
42	164	93	35	27	34	39	23
49	173	100	107	37	34	34	27
52	157	103	116	40	29	32	24
52	186	114	116	38	26	29	24
53	195	125	118	37	24	28	27
55	214	130	120	39	25	26	28
48	221	133	66	30	49	26	30
46	219	124	48	25	84	33	31
51	198	117	48	35	292	110	39
53	169	102	44	48	346	236	47
51	131	91	39	47	354	266	51
51	94	59	35	48	357	284	53
57	94	59	35	48	356	305	62
52	81	54	33	46	290	296	64
48	82	47	27	36	249	238	62
45	87	41	27	36	240	209	61
44	95	54	26	35	234	191	56
40	93	53	28	35	229	162	47
37	120	56	29	31	132	150	38
35	122	70	30	26	70	99	29
37	120	71	29	26	63	91	25
37	117	61	29	26	56	75	27
34	122	62	30	33	39	55	24
35	108	64	30	32	26	35	22
39	193	107	34	36	25	34	25
43	264	154	38	38	25	35	25
44	271	158	41	38	25	33	25
57	275	159	39	31	24	29	29
60	286	168	39	31	26	24	30
59	241	141	36	26	23	21	29
59	155	87	32	25	38	26	28
71	140	82	31	28	79	279	49
61	128	80	30	31	89	324	54
61	90	56	29	30	91	401	70
65	64	47	31	31	91	407	71
63	67	45	31	30	86	411	73
52	63	45	30	27	52	308	63
54	138	82	38	25	33	266	57
49	172	108	48	28	27	128	38
46	197	145	61	28	28	108	36
85	212	163	65	30	28	90	35
88	230	165	69	32	25	70	30
94	229	181	78	35	27	49	29
96	239	205	79	33	27	37	31
97	225	188	71	32	27	35	30
65	228	182	67	33	27	32	28
57	214	180	62	30	28	28	28
56	184	151	47	27	26	24	27
57	187	98	38	29	25	19	24
53	208	105	32	29	24	18	25
71	263	130	37	29	23	19	29
74	261	131	36	30	25	21	29
68	267	137	36	28	44	26	29
69	237	134	32	27	79	99	31
84	213	119	35	29	133	193	49
77	119	77	32	30	137	244	53
88	129	80	37	31	142	313	62
89	105	65	38	30	141	328	69
102	98	61	38	31	126	322	81
91	98	61	37	33	76	285	78
87	110	82	40	31	71	245	75
87	219	139	44	33	63	154	71
86	248	156	47	35	59	127	64
69	266	166	48	35	59	111	46
68	270	168	47	31	48	86	32
66	275	165	47	32	43	81	29
74	250	146	50	32	40	66	23
74	238	139	50	33	33	46	23
75	239	134	53	31	29	31	24
81	284	157	56	33	31	32	27
82	296	158	57	32	32	33	27
65	265	142	50	30	31	34	27
63	255	132	45	25	28	30	28
64	252	132	41	27	65	31	27
57	204	111	39	28	85	30	27
54	164	93	31	27	117	111	28
48	136	80	29	28	124	138	34
50	133	76	31	29	126	146	33
48	91	62	29	28	128	297	40
51	75	46	29	29	158	319	48
60	74	46	30	36	186	379	61
59	71	43	31	33	194	377	58
54	77	50	30	34	196	380	58
56	131	66	33	35	186	281	54
54	209	83	50	36	154	257	46
56	235	119	65	36	93	117	29
65	261	138	86	39	62	89	26
72	280	200	105	41	53	64	31
80	295	205	111	41	49	49	30
85	257	215	106	39	41	44	31
79	247	202	102	34	28	35	31
77	244	215	88	34	26	36	33
73	224	168	66	29	29	31	29
61	179	157	55	29	28	28	28
63	214	157	58	28	25	25	29
61	209	153	49	28	25	23	26
59	189	116	41	24	25	21	26
55	194	115	40	25	24	24	24
54	201	118	39	27	26	25	26
49	159	96	32	28	25	24	26
48	150	107	34	29	25	26	27
43	145	105	36	29	24	25	25
45	155	104	36	31	22	21	26
44	150	104	36	28	20	20	24
39	152	100	36	26	21	21	23
39	163	92	37	27	22	23	23
38	166	95	34	26	22	22	23
40	161	98	34	23	25	24	23
40	175	104	32	25	26	25	22
38	165	100	28	23	25	24	20
37	154	95	23	24	25	20	21
42	151	93	24	26	25	23	23
37	128	75	24	27	24	21	22
41	148	80	26	26	23	20	24
40	146	80	26	27	24	21	24
44	139	78	26	25	23	21	24
41	134	77	26	24	23	20	22
42	135	77	26	25	23	24	23
37	75	52	24	23	24	23	22
39	77	45	24	25	22	25	23
32	84	45	23	26	23	25	22
34	91	52	25	26	24	26	24
38	89	48	24	25	22	23	24
39	91	48	23	26	21	25	23
35	84	47	24	25	24	23	22
40	90	53	26	25	24	22	21
36	97	43	26	24	24	24	21
33	103	51	26	28	25	25	22
34	117	68	26	28	25	23	23
37	117	72	26	27	22	23	24
35	111	68	26	27	23	24	26
35	97	66	24	27	22	22	24
34	104	63	26	22	22	22	25
34	91	50	24	21	21	21	25
35	97	59	26	22	22	22	24
33	131	78	26	22	23	22	24
35	156	94	26	22	23	20	24
50	213	160	39	26	27	23	27
72	266	183	53	32	33	25	30
74	275	195	56	34	32	25	30
141	344	238	94	51	42	34	54
147	381	263	99	52	43	34	55
146	366	242	97	52	42	33	56
142	412	297	106	55	42	36	55
151	447	310	112	56	45	37	57
99	418	325	92	46	37	33	41
93	396	343	91	48	37	36	62
90	397	353	93	47	36	34	62
84	364	315	82	40	31	30	63
93	362	344	80	41	33	33	63
85	370	303	72	37	32	30	59
