0	1	2	3	4	5	6	7
290	328	814	648	151	142	498	164
345	303	913	776	195	147	541	166
338	295	969	797	229	149	363	153
343	299	911	749	230	141	348	141
370	303	952	754	230	150	373	148
456	334	1033	764	241	169	388	141
431	364	942	702	228	160	295	137
430	375	892	696	212	162	310	139
429	355	871	692	213	191	395	147
410	364	822	839	295	227	443	156
288	340	734	766	279	216	426	136
253	331	820	723	260	211	432	137
282	308	833	716	259	206	424	147
278	307	888	796	277	188	387	146
231	326	924	695	213	128	285	126
259	320	957	730	219	123	368	137
268	321	1024	796	234	133	385	135
268	321	1024	796	234	133	385	135
