0	1	2	3	4	5	6	7
211	467	352	135	153	770	410	398
195	451	351	127	145	560	295	270
277	442	322	116	124	408	241	228
286	382	291	100	120	523	275	219
287	357	276	96	128	714	307	283
288	380	250	89	122	724	290	300
371	411	267	79	111	717	294	306
297	366	237	69	102	719	291	311
292	394	221	81	108	647	262	312
295	408	219	82	89	479	223	289
308	443	223	87	92	376	204	257
207	392	197	85	88	361	198	237
197	387	197	89	100	441	221	367
184	358	194	86	90	450	228	394
189	402	210	83	90	389	199	371
166	358	201	86	104	364	194	376
160	385	213	87	104	391	202	414
175	467	213	77	93	425	182	358
175	458	216	67	93	410	184	327
175	408	192	63	85	409	192	334
181	392	195	60	68	459	201	336
192	410	201	76	73	466	206	301
178	327	209	76	72	368	198	263
169	302	191	76	76	352	180	245
166	303	188	79	86	363	152	259
173	313	191	94	126	432	142	292
203	357	153	81	124	398	122	287
207	348	124	83	123	378	141	266
206	349	134	87	128	389	175	291
223	434	176	91	131	522	253	326
215	422	157	72	92	445	268	292
172	354	149	76	98	437	272	275
172	359	150	82	104	458	286	310
182	375	148	92	114	589	297	326
210	326	101	95	124	541	243	291
209	352	116	93	123	522	264	303
205	330	120	92	127	542	289	327
201	341	123	88	122	625	293	315
226	401	114	77	104	521	268	288
181	362	106	75	83	447	269	267
181	336	96	74	87	550	302	302
186	339	90	74	84	655	320	466
188	378	103	83	90	574	306	462
167	294	99	85	89	558	309	459
164	283	102	132	144	748	334	560
175	281	115	166	163	789	322	545
187	329	126	181	182	721	326	409
235	272	129	190	186	722	331	397
244	293	137	269	273	944	365	511
273	363	150	275	311	852	412	505
318	523	145	263	321	772	383	508
319	529	136	258	329	797	373	533
293	539	129	256	351	882	532	638
336	585	124	197	303	673	520	545
332	591	114	195	262	641	475	476
315	513	133	225	246	711	547	642
320	504	174	283	291	779	585	635
394	547	186	280	278	674	448	553
370	524	204	273	275	823	473	684
370	499	203	253	264	823	477	678
406	485	199	223	262	796	493	531
407	493	174	192	238	711	480	545
333	444	164	205	266	775	537	580
308	405	137	202	293	670	579	460
312	420	153	223	309	798	590	456
398	436	172	273	356	907	519	540
392	409	169	251	329	938	565	603
453	433	167	245	313	999	612	585
495	471	192	255	286	1002	584	603
489	467	184	248	280	938	586	611
401	425	177	225	294	1023	649	557
462	462	212	212	307	1037	597	449
408	461	249	344	337	984	584	511
375	425	234	346	340	1046	624	539
368	396	245	354	366	1029	624	525
409	422	242	347	332	937	561	485
361	377	224	398	346	996	615	602
386	478	190	310	313	997	558	527
438	594	206	301	310	929	494	486
451	628	189	283	262	1042	516	550
398	610	171	275	232	1022	550	616
401	621	171	187	180	923	465	526
384	534	183	188	209	940	432	506
309	398	171	197	221	1017	508	464
325	396	187	207	246	900	617	404
325	470	184	200	253	784	612	298
297	439	167	217	273	882	662	373
290	460	141	199	248	867	763	585
351	546	145	190	253	722	716	603
320	559	151	168	226	733	623	592
300	499	161	175	229	871	659	646
292	591	167	153	199	803	612	670
312	597	179	140	196	736	541	523
230	527	168	132	167	718	545	505
222	463	153	157	199	776	516	562
225	484	156	158	190	797	448	559
319	466	158	159	188	739	430	461
304	439	163	198	251	805	415	488
349	471	185	225	294	832	508	633
362	590	178	217	290	793	550	659
408	599	178	211	283	597	532	613
349	564	190	221	307	598	535	608
342	553	213	306	417	658	551	579
356	574	213	299	408	687	512	571
402	506	227	300	399	613	461	487
352	479	231	314	411	619	467	490
397	494	230	312	400	620	479	707
435	512	220	380	365	534	434	734
404	479	233	396	390	487	357	616
402	441	228	406	407	471	343	610
417	441	226	395	393	713	447	658
403	461	214	397	397	928	481	435
386	568	205	226	267	898	448	360
393	593	203	177	204	881	428	369
339	598	215	159	186	919	423	373
406	652	217	153	197	913	359	408
479	657	245	138	176	700	280	395
501	579	236	125	171	687	282	398
483	543	234	151	204	824	535	420
512	551	236	145	221	886	609	459
507	561	229	148	227	711	572	329
418	501	198	147	227	751	574	352
387	470	193	158	252	840	594	440
440	524	220	131	236	880	448	496
415	537	268	123	212	778	342	454
426	489	280	126	204	791	337	466
430	532	285	182	305	829	345	532
452	571	305	204	325	812	402	489
453	655	284	210	315	618	323	419
466	656	277	217	322	630	325	417
413	648	299	244	377	765	408	434
515	814	365	237	339	662	428	362
495	822	358	234	328	565	355	331
465	732	360	256	347	562	350	318
462	722	331	277	334	554	349	316
605	771	330	309	304	355	246	381
517	677	318	297	272	376	200	352
499	651	317	318	276	402	367	357
585	700	325	340	324	552	519	429
626	754	321	331	341	587	595	459
468	704	337	283	310	555	597	377
566	653	301	320	351	588	606	384
623	664	299	313	347	643	544	509
661	697	284	384	353	527	417	468
658	653	284	543	435	496	412	453
702	731	301	675	640	579	493	509
710	750	309	689	646	547	491	510
705	772	351	689	644	470	457	400
625	765	392	712	688	478	468	448
703	837	408	711	742	729	391	529
764	890	439	673	602	673	289	532
703	834	444	689	639	659	279	534
733	864	434	705	661	647	286	532
724	854	405	707	631	707	282	540
648	807	479	646	535	520	335	529
527	660	411	568	518	527	340	483
571	682	411	505	428	521	331	553
507	593	406	494	404	548	393	705
619	570	424	441	378	587	588	840
658	550	374	372	320	522	616	851
668	598	408	367	296	528	628	853
702	651	385	377	301	654	726	860
784	717	365	406	367	688	794	863
691	699	332	338	307	606	718	756
694	701	292	355	325	607	666	705
714	659	278	374	409	597	671	714
705	748	306	368	418	600	606	754
719	774	331	304	340	592	611	675
745	756	336	298	347	591	550	649
681	743	330	273	337	566	558	659
699	762	307	274	266	629	577	697
674	647	285	318	301	560	570	659
565	556	247	309	387	517	410	591
528	513	227	325	389	479	419	623
514	474	205	351	476	651	584	751
558	487	202	347	492	664	627	750
490	462	196	309	473	614	599	699
469	454	201	365	418	627	652	753
460	598	220	371	402	697	650	772
553	684	219	332	304	607	533	812
463	670	224	395	291	527	431	772
493	673	227	429	330	586	461	782
486	680	328	470	389	707	460	750
518	612	319	462	405	647	441	700
414	536	319	478	396	641	509	538
446	610	317	423	393	690	522	598
526	600	311	394	416	649	539	605
552	602	205	291	370	473	472	595
513	579	225	301	417	548	465	593
548	571	229	378	491	747	421	593
577	525	216	409	507	735	461	655
479	491	211	436	481	750	428	658
464	465	252	481	497	777	447	636
495	468	256	535	510	731	467	664
475	491	260	591	557	562	505	670
