0	1	2	3	4	5	6	7
679	335	503	382	98	209	695	455
541	404	418	411	107	180	758	425
539	390	457	441	117	222	953	449
524	414	544	445	130	272	1132	469
533	458	556	444	135	286	1242	483
530	511	624	512	188	284	1258	448
692	687	722	494	187	307	1335	539
681	706	719	507	200	292	1308	517
712	701	667	504	198	245	1133	469
827	675	796	539	203	247	1076	450
832	701	903	494	169	224	1142	495
823	649	896	523	182	191	1049	400
827	698	902	559	176	179	940	421
839	717	944	594	181	188	984	419
782	739	810	575	188	193	912	412
727	697	750	541	182	204	770	343
608	552	757	545	186	209	723	294
650	519	757	515	180	228	742	288
632	501	754	469	177	240	946	314
552	498	795	478	195	233	965	314
597	498	771	572	189	225	994	316
640	533	872	560	189	240	1069	328
655	534	886	537	196	229	1042	325
623	552	923	659	242	255	913	351
636	539	990	785	242	242	906	339
633	558	958	748	257	237	868	361
604	511	815	796	258	222	865	366
634	490	835	861	282	212	850	347
642	476	918	851	249	149	744	293
671	484	958	837	243	152	735	311
706	511	1009	884	242	186	721	337
688	508	1128	895	250	179	685	332
558	492	1153	902	236	182	747	325
615	496	1052	992	288	183	777	346
626	466	932	1027	299	198	765	384
581	445	884	988	291	179	756	348
562	486	865	930	274	171	675	323
617	485	823	967	272	184	582	395
595	475	860	904	241	245	610	394
534	489	1025	849	234	276	609	359
465	494	1066	867	241	265	558	320
462	442	931	851	252	273	596	327
395	421	934	742	257	298	673	259
338	398	910	694	260	265	605	255
313	385	781	638	252	237	601	229
311	319	696	661	249	241	708	228
350	310	721	692	255	253	702	247
393	274	746	755	263	228	629	231
374	265	768	776	258	210	618	202
436	244	805	782	259	195	673	266
454	201	832	755	256	223	624	279
423	202	1005	821	284	231	610	275
421	212	1032	1002	372	245	604	262
421	250	1119	1005	377	254	615	277
373	269	1079	1015	403	278	583	230
377	279	1092	1037	424	253	516	225
386	289	992	1024	405	233	568	235
370	347	974	914	357	263	680	246
414	329	859	893	333	261	695	262
401	339	832	864	290	230	647	254
378	336	758	837	280	230	656	243
410	338	672	770	265	222	652	258
387	298	617	677	215	140	613	289
325	285	613	687	235	153	583	270
339	272	645	731	258	165	575	275
410	264	715	721	253	189	617	292
433	264	851	828	294	199	574	259
426	246	846	806	293	197	463	200
427	271	887	771	296	182	434	188
457	264	867	738	283	187	586	205
466	312	833	824	314	184	601	216
410	307	731	750	304	206	559	222
393	333	745	745	310	228	554	223
444	335	703	729	292	250	576	284
431	325	732	744	291	252	451	274
