0	1	2	3	4	5	6	7
119	115	57	61	39	150	289	85
125	113	64	67	48	180	315	88
123	117	62	66	50	169	338	96
119	101	58	66	50	170	440	99
114	102	54	65	49	145	465	84
107	100	77	76	49	142	482	85
105	96	72	75	47	113	521	91
119	101	83	77	44	95	504	92
125	85	101	82	44	95	447	89
121	84	104	84	47	97	491	96
122	81	106	61	43	98	486	94
125	79	162	89	41	95	449	82
131	91	162	94	42	83	440	69
125	95	168	93	42	82	422	75
120	92	176	98	43	85	396	77
122	97	190	103	44	83	450	90
131	100	157	87	45	95	447	99
128	99	158	90	45	93	458	101
126	96	140	92	46	92	503	96
134	96	148	90	45	94	470	96
148	94	127	83	44	104	402	89
139	97	140	96	52	96	435	91
152	97	185	114	53	97	440	89
201	109	196	119	53	97	384	92
219	135	190	117	51	111	414	99
228	141	205	126	61	129	410	102
226	143	221	141	58	124	366	98
220	155	219	178	74	134	395	101
218	151	231	185	78	142	416	106
214	151	244	189	86	149	400	98
232	196	277	200	86	131	390	90
236	211	296	207	88	129	377	83
229	210	289	172	75	121	330	91
216	231	278	170	81	129	421	100
207	238	309	174	77	109	452	117
198	208	271	172	75	98	476	122
227	212	222	150	71	103	584	136
233	204	205	137	70	103	628	134
212	189	291	180	63	79	548	123
223	207	263	186	70	78	508	112
234	257	295	191	66	94	565	112
212	256	340	194	62	92	461	96
214	257	339	204	68	91	396	89
220	281	287	175	67	94	505	94
212	270	324	191	63	90	510	85
175	224	335	186	76	81	492	94
202	240	475	306	106	87	557	102
224	284	651	324	108	87	565	110
251	302	721	332	115	101	562	129
254	309	717	319	118	135	560	138
282	345	747	317	117	148	520	129
290	376	731	237	95	143	445	129
278	372	609	231	94	143	447	129
273	358	524	233	87	140	495	109
282	345	595	236	80	114	518	99
290	332	580	283	76	93	493	102
309	284	532	268	77	91	505	95
313	274	533	264	83	101	554	94
344	262	545	272	90	100	412	119
366	267	559	314	90	89	419	138
377	291	568	317	90	97	466	149
384	291	537	312	87	149	480	160
409	285	604	342	82	143	444	159
383	286	603	333	75	145	475	142
397	310	542	333	84	146	445	135
372	307	497	297	82	155	405	138
342	298	492	294	87	108	429	143
343	298	405	279	89	116	389	146
355	326	439	287	86	108	349	146
313	302	400	237	79	111	355	147
302	251	460	245	87	105	326	141
287	250	462	258	83	104	245	133
271	243	423	226	74	95	252	127
244	183	376	205	75	93	311	122
224	178	360	218	74	92	301	111
211	178	263	213	61	86	329	99
211	176	274	229	65	88	320	85
150	137	309	223	66	84	357	83
149	124	307	221	59	85	322	88
158	99	336	286	68	83	324	90
174	125	344	285	69	71	321	94
155	127	311	255	62	70	332	95
160	126	307	258	67	81	280	100
153	125	314	255	70	94	287	95
162	131	312	181	57	93	287	87
161	116	321	176	57	92	325	78
177	116	316	170	56	106	309	82
182	118	301	184	61	100	318	98
174	120	295	197	59	89	334	100
165	119	272	191	63	101	321	100
180	111	271	177	58	100	272	103
168	103	277	180	65	94	349	96
158	112	268	182	64	95	338	76
163	113	266	172	68	91	297	77
159	105	258	169	68	79	300	97
131	94	218	164	70	88	328	102
130	87	195	169	64	75	247	108
129	73	183	137	56	83	258	108
128	74	140	127	57	93	300	107
132	74	117	109	58	89	325	104
133	73	137	117	58	94	289	96
134	71	160	115	58	97	310	93
132	72	160	113	56	90	323	89
128	64	167	107	54	92	294	91
113	56	157	101	49	98	261	80
106	63	143	85	50	83	286	81
102	56	128	64	53	119	317	84
138	66	138	70	61	253	307	110
181	67	134	79	65	260	361	114
184	74	181	118	71	264	407	111
184	80	200	150	79	269	415	125
197	83	201	172	79	257	433	132
178	75	184	176	73	130	434	113
132	74	179	176	64	129	441	113
142	72	141	157	63	124	446	124
143	59	120	133	52	133	429	105
128	54	97	106	51	149	387	102
128	59	107	96	53	169	394	114
126	59	140	102	55	159	337	111
113	55	134	97	55	165	324	110
107	54	127	88	58	154	341	110
114	55	125	86	57	176	340	102
114	52	120	80	57	163	384	90
130	52	80	73	56	160	387	88
133	53	85	88	54	150	350	67
136	57	92	93	54	165	375	78
135	56	91	90	57	171	386	86
134	59	88	90	55	174	357	91
126	61	88	80	54	171	369	89
115	63	78	59	52	174	371	90
131	60	69	53	53	171	365	105
122	64	62	52	48	136	357	98
117	58	59	54	53	122	360	95
107	57	59	56	56	124	359	99
116	56	60	56	61	140	395	101
110	60	58	52	56	154	378	77
134	59	58	52	60	152	370	80
134	58	56	51	58	158	354	77
138	57	52	49	60	167	380	77
139	58	50	47	55	157	401	79
124	53	48	47	56	128	382	75
114	52	47	53	57	117	370	76
112	51	51	63	56	119	414	79
112	55	60	73	57	112	384	82
109	57	64	79	57	111	386	81
111	66	89	90	63	115	421	95
90	67	88	88	61	112	461	98
