0	1	2	3	4	5	6	7
138	40	34	36	25	145	59	86
139	38	33	36	31	157	72	92
144	39	35	36	31	166	79	91
175	40	31	34	35	179	81	101
183	35	31	29	36	199	86	100
154	31	29	31	38	203	88	74
150	32	28	30	32	201	72	66
161	35	33	29	34	200	62	71
129	36	34	29	32	218	73	79
123	36	36	29	29	242	68	84
125	37	36	25	31	236	60	90
130	37	36	26	31	233	70	92
110	31	30	24	32	225	70	89
100	28	31	25	31	201	59	69
91	30	30	25	32	195	60	59
80	31	29	25	30	214	67	51
95	34	33	27	31	225	54	50
95	34	30	26	30	219	67	47
92	33	31	25	32	236	71	42
88	31	30	25	32	235	70	49
88	30	33	28	34	216	65	54
62	34	27	25	34	189	65	51
109	68	33	31	34	210	51	71
117	78	30	31	30	206	43	70
116	79	33	31	32	173	45	64
120	79	35	31	29	184	42	62
122	78	37	31	29	195	57	67
85	51	32	33	31	183	57	49
90	36	35	34	33	172	64	60
95	61	33	34	31	189	70	70
96	61	28	33	31	210	75	74
101	63	28	31	30	206	65	74
101	64	30	25	30	218	67	75
87	64	28	26	30	242	63	70
84	43	29	26	30	227	54	61
84	41	29	24	31	201	47	62
80	36	28	26	33	218	50	57
81	32	27	25	32	238	54	58
78	29	27	22	31	223	53	52
78	24	27	23	30	223	60	53
95	75	29	26	32	237	89	61
95	75	28	29	30	232	91	64
93	87	29	30	32	217	87	66
106	92	28	31	33	219	88	74
118	94	28	31	35	243	94	84
123	63	25	31	37	241	74	75
123	63	25	28	41	261	78	74
133	70	24	28	40	241	85	79
139	63	23	27	40	223	87	77
126	69	98	33	45	234	75	66
102	117	123	36	43	251	71	63
100	132	131	38	40	212	59	60
117	122	134	38	40	221	49	64
128	124	136	41	40	242	56	70
191	120	101	42	38	229	84	91
209	83	72	44	43	223	93	96
210	56	57	44	47	234	107	99
200	57	54	44	45	226	110	90
192	53	50	44	47	233	107	83
132	55	48	46	48	235	88	66
102	44	46	41	43	209	98	56
109	49	49	39	39	203	109	60
98	43	46	38	39	208	107	57
85	43	46	37	37	231	113	66
88	41	37	27	38	258	116	61
93	34	34	27	38	263	107	63
81	27	29	26	36	263	116	57
86	29	29	27	39	262	121	59
107	28	26	27	38	241	117	48
129	27	25	28	34	201	135	53
126	24	25	26	34	198	131	52
144	26	25	26	36	194	104	54
142	25	24	26	36	196	98	50
122	25	25	27	35	171	95	48
95	31	34	26	31	150	65	41
94	67	75	27	29	144	57	40
63	77	84	26	28	151	51	33
69	81	89	27	26	140	49	41
69	83	90	27	26	167	52	41
72	83	90	25	29	176	56	40
70	61	63	25	28	178	56	40
98	47	49	26	28	187	58	46
102	41	43	23	25	184	63	46
123	39	40	22	29	163	82	55
123	37	32	23	27	154	80	58
129	33	26	23	28	155	85	64
131	36	29	24	31	200	103	63
125	33	25	23	32	221	103	59
107	30	27	23	31	211	86	51
129	30	27	25	31	210	95	61
124	30	26	23	30	209	92	61
103	28	23	22	28	154	73	58
100	28	25	22	28	136	68	57
101	38	27	23	29	141	66	58
66	42	28	23	29	145	55	45
76	43	29	24	30	146	54	39
81	43	29	24	31	155	53	48
102	60	32	29	32	157	77	50
117	78	47	31	34	170	107	69
164	244	79	45	39	253	118	91
208	279	100	52	45	252	136	102
231	290	116	56	43	247	146	110
235	296	122	58	45	236	134	112
227	293	118	57	42	237	135	105
200	186	101	49	45	170	136	91
202	187	90	45	45	205	134	88
198	209	105	52	59	218	135	86
216	329	112	54	66	221	142	100
351	427	142	64	71	233	181	136
380	456	159	67	72	277	432	149
415	574	166	89	89	290	469	167
429	601	152	101	107	282	478	166
499	626	163	105	118	292	496	166
472	680	172	124	133	304	541	146
551	774	243	125	134	263	488	143
600	876	319	135	149	232	469	124
609	873	330	147	158	246	528	130
638	924	364	157	167	261	612	139
666	905	429	162	199	301	626	208
695	935	492	227	244	319	667	222
665	955	553	236	253	337	801	225
681	1030	576	270	285	346	836	241
704	968	664	272	290	398	868	247
736	1016	636	280	309	377	913	277
678	955	586	249	310	374	937	303
719	859	577	269	348	392	869	322
821	914	625	262	345	401	925	347
822	1039	644	283	374	338	896	384
787	1000	659	300	408	372	892	333
835	989	761	369	481	399	902	331
815	1080	732	391	500	412	951	332
828	1033	737	386	484	441	949	325
788	986	654	371	463	465	963	289
830	974	666	344	406	437	990	298
859	1028	713	303	325	426	929	288
847	856	689	237	234	385	865	270
713	833	663	245	278	333	738	240
707	741	669	244	275	437	850	256
699	715	670	277	296	506	817	283
580	662	530	229	276	504	808	256
583	679	526	237	283	497	839	250
572	577	481	200	233	492	835	238
512	539	441	216	252	456	633	201
375	490	390	200	254	393	546	145
333	368	293	199	241	391	466	141
217	301	274	195	230	395	316	129
213	284	245	191	224	399	309	129
208	233	208	160	185	302	284	129
179	203	156	133	153	277	208	114
185	206	137	121	129	232	208	114
184	209	121	106	113	221	210	114
166	185	118	101	109	197	186	108
154	179	112	93	100	189	170	82
146	181	107	63	59	161	140	67
127	149	113	59	46	248	151	87
111	108	96	56	48	255	138	91
130	127	87	52	47	259	137	93
125	122	86	50	45	250	126	91
123	115	80	45	40	225	119	87
113	107	65	33	37	115	74	58
99	100	50	35	41	99	75	48
65	68	51	40	42	126	82	47
63	67	53	42	44	128	73	46
104	64	50	42	44	127	88	56
113	58	49	44	47	126	83	53
114	58	53	41	36	148	80	51
115	52	47	38	35	121	76	48
117	46	46	42	40	121	71	47
87	43	44	41	41	122	47	37
74	41	45	39	38	121	46	38
72	32	35	36	36	78	43	36
63	32	35	33	39	143	37	36
58	32	31	25	35	211	67	49
49	32	32	27	34	220	71	54
46	35	32	27	34	223	72	52
49	39	39	29	35	224	71	52
59	41	37	27	31	202	66	54
64	40	41	29	28	129	36	44
67	39	40	28	28	112	31	34
66	35	39	29	28	109	30	35
70	33	35	26	27	112	33	39
65	36	40	28	28	111	35	33
57	38	37	30	28	122	41	35
55	40	38	30	31	122	41	35
56	40	37	29	29	121	40	36
51	38	35	32	30	135	39	33
57	38	30	32	28	113	40	36
56	34	28	29	28	102	33	32
55	35	33	31	24	100	29	32
67	48	35	35	25	98	29	30
65	49	38	34	24	93	40	37
59	49	43	35	25	92	40	42
68	53	46	36	26	100	42	42
72	67	52	44	28	125	44	45
68	64	55	42	29	143	48	51
84	66	57	44	28	178	39	61
97	70	58	45	30	178	36	57
161	79	61	44	29	175	34	79
229	93	63	37	30	162	44	85
311	117	66	41	32	152	157	106
344	121	64	42	35	148	249	133
346	123	67	41	35	170	282	137
335	116	63	48	38	188	292	128
465	107	59	62	41	239	313	228
464	120	76	77	58	332	324	223
469	125	92	83	85	366	310	207
473	146	104	81	86	358	286	209
530	161	119	79	103	558	308	240
517	174	210	80	118	634	330	214
500	157	211	67	110	603	293	220
576	155	207	76	95	580	283	235
645	145	208	98	128	745	442	319
691	130	208	110	127	674	447	357
609	106	138	104	115	605	561	331
600	101	141	123	119	603	578	341
550	96	150	132	119	621	572	357
503	90	153	133	89	496	470	288
372	101	148	123	73	412	450	215
409	108	131	130	71	398	257	204
506	117	125	131	82	505	310	217
530	122	119	129	95	591	304	177
525	115	109	128	119	642	300	185
523	111	139	153	126	638	334	191
567	122	168	166	140	650	391	235
508	128	221	188	160	631	431	283
510	135	246	183	168	581	452	324
531	176	290	174	158	569	465	340
628	192	290	186	155	617	475	341
583	188	279	210	149	636	488	317
563	176	262	288	141	583	472	260
491	173	314	323	128	535	489	207
475	196	346	345	125	459	579	215
386	192	370	385	155	523	609	226
385	193	378	372	151	526	630	233
364	199	384	301	134	509	588	218
437	208	342	299	158	514	562	223
400	147	285	291	153	555	546	180
387	127	241	221	122	483	552	152
400	119	240	217	122	429	487	146
416	108	217	227	120	446	519	156
434	86	193	193	76	454	549	211
471	87	195	178	80	359	668	258
448	101	207	189	84	288	757	270
412	103	208	196	81	286	760	267
443	102	198	175	83	389	764	279
401	95	195	162	92	389	797	232
423	91	183	159	87	379	731	202
417	95	216	160	86	375	595	184
411	96	226	140	81	370	589	171
394	103	252	155	87	258	572	150
387	104	262	175	101	251	562	198
396	133	255	175	100	242	452	221
429	143	223	166	96	241	559	248
557	145	223	203	125	361	648	331
560	143	244	216	120	398	663	346
550	148	261	202	102	389	619	331
492	131	265	210	104	388	627	296
482	115	296	198	106	468	618	285
379	110	275	169	77	412	532	210
360	104	245	161	80	366	596	185
345	107	244	197	100	373	607	176
337	101	256	223	118	406	633	179
340	128	321	252	131	369	578	182
275	140	360	280	137	353	586	152
245	165	363	269	136	379	470	134
257	174	381	267	134	425	657	132
354	177	393	261	147	405	663	189
321	162	327	251	135	353	632	169
319	150	324	238	139	359	724	203
338	119	318	261	140	323	747	208
317	99	291	237	130	278	571	199
205	90	260	213	103	289	567	159
225	81	277	219	101	280	613	187
240	92	302	197	85	253	521	168
224	93	303	173	87	260	546	170
221	96	307	183	90	218	600	187
250	92	305	193	96	180	634	180
224	90	313	191	112	187	602	147
212	80	299	218	120	187	610	135
258	83	288	221	116	181	605	147
266	83	275	216	113	212	633	147
232	86	271	230	151	262	614	144
243	90	236	233	153	375	604	143
234	96	183	252	228	438	569	133
196	135	212	468	327	492	589	118
202	145	220	473	369	490	600	125
219	159	238	486	357	549	692	142
205	159	244	511	423	480	720	152
206	164	268	580	427	449	736	157
183	138	283	479	367	437	729	153
328	128	265	513	332	582	895	189
363	116	312	536	353	521	809	207
365	108	313	513	276	523	815	209
376	89	284	437	208	521	807	220
397	87	254	387	211	537	873	240
286	81	262	386	225	397	654	203
281	98	276	376	206	376	616	200
424	110	276	375	210	465	661	250
537	122	282	356	225	562	781	281
552	122	309	353	226	596	675	279
551	127	318	298	208	573	649	287
523	122	268	302	305	586	672	266
436	121	271	346	407	551	652	230
282	107	258	450	460	448	519	194
270	107	218	469	469	321	529	213
495	114	210	468	482	336	690	267
527	104	189	471	443	431	676	291
514	107	171	523	373	401	677	281
516	111	174	483	323	401	735	278
491	107	185	481	345	457	784	245
272	90	170	569	347	505	652	171
358	87	162	544	322	455	640	185
521	91	181	475	306	469	621	296
567	96	182	475	334	599	640	310
580	99	182	488	327	628	691	320
577	109	187	411	308	593	682	317
501	107	178	401	308	632	716	295
357	90	140	428	355	664	787	253
319	92	225	376	397	680	710	232
298	87	254	442	414	640	577	225
324	78	251	435	437	707	606	280
494	78	254	448	452	732	741	369
536	79	287	418	454	719	623	325
516	66	253	478	388	618	640	324
519	67	220	411	334	618	704	328
504	67	238	412	337	556	744	293
339	66	245	404	326	436	564	151
216	72	208	441	266	382	560	145
197	75	172	374	305	420	602	147
364	82	168	359	332	393	562	183
374	81	157	361	308	365	534	173
367	84	182	364	299	356	552	176
375	78	185	315	293	404	581	185
382	79	183	324	255	395	553	189
296	85	196	314	236	406	605	146
290	92	246	291	275	399	608	142
289	94	241	286	274	406	612	137
290	97	247	286	304	446	608	130
305	97	253	270	327	397	616	153
240	82	277	314	326	373	534	147
208	70	246	332	282	365	448	140
218	69	222	339	281	397	468	157
247	74	214	338	241	310	506	164
215	99	289	372	225	291	448	139
202	100	269	347	226	303	456	134
239	107	249	347	268	371	474	140
243	105	248	379	312	343	526	137
208	98	251	404	330	347	584	135
211	69	149	398	301	339	609	125
244	68	124	385	288	345	705	141
218	58	131	397	261	264	698	143
217	53	132	378	208	242	656	130
232	53	128	340	177	196	569	130
232	62	129	349	192	218	652	160
207	61	139	341	191	230	550	148
279	66	148	360	208	223	589	149
274	72	165	355	228	302	696	175
250	70	175	376	246	319	693	168
248	64	187	342	239	342	729	165
267	61	191	360	246	362	729	167
