0	1	2	3	4	5	6	7
298	200	96	60	74	225	107	167
270	196	99	49	71	268	109	149
235	197	116	50	73	358	118	153
243	255	128	52	78	360	130	151
240	254	126	54	76	360	171	151
244	264	128	51	77	378	241	173
279	267	125	54	89	491	309	185
294	267	113	62	100	488	316	177
303	203	114	69	94	465	321	184
323	189	108	71	98	478	303	200
337	160	101	79	113	521	446	202
315	152	94	87	108	403	432	186
298	146	92	83	91	327	437	166
326	127	71	78	98	408	428	169
284	100	76	80	99	506	425	168
276	100	80	86	87	461	289	152
272	99	81	82	86	457	280	158
271	90	77	82	86	477	319	165
239	76	74	82	89	503	384	157
284	78	74	95	101	440	397	167
272	70	67	92	101	456	403	175
279	77	67	94	99	469	427	182
276	84	81	101	100	528	437	182
240	86	81	103	92	537	398	182
186	80	82	92	78	505	407	155
208	85	80	85	69	480	378	138
191	76	77	78	67	486	335	119
197	80	65	67	69	428	293	109
206	87	73	64	74	321	273	90
247	92	77	63	67	311	341	103
222	89	86	76	76	330	347	93
221	89	95	86	90	325	369	102
225	78	96	106	113	430	370	147
233	83	100	115	115	546	378	150
203	81	94	116	116	551	382	142
202	84	88	107	112	552	381	146
186	94	92	120	106	570	368	141
202	116	111	123	111	532	454	133
191	110	106	123	110	408	447	135
220	149	128	164	116	432	422	135
248	159	134	177	130	563	518	175
321	178	151	180	135	533	552	207
349	173	148	177	113	473	520	256
381	196	183	219	118	539	543	269
519	179	179	214	120	608	588	384
522	178	186	241	125	545	549	393
487	165	185	252	141	544	574	385
457	170	182	303	186	588	538	341
431	156	158	390	248	668	567	335
228	164	162	387	257	650	628	199
210	169	155	370	251	610	686	166
236	196	173	482	259	616	633	146
231	193	174	472	247	704	646	152
229	187	170	384	191	603	663	136
222	175	162	388	173	549	558	142
248	172	163	404	182	553	426	135
216	139	152	437	195	587	451	135
221	155	166	498	178	522	512	126
231	159	156	508	170	516	461	139
253	158	150	506	171	500	423	145
284	168	166	541	167	483	407	158
290	170	156	449	177	526	400	176
322	162	143	376	181	646	344	193
345	156	151	376	177	643	406	206
338	168	171	377	179	677	440	196
279	153	153	343	189	694	461	166
273	150	144	296	138	751	481	158
263	138	137	267	144	672	549	156
232	149	142	330	172	657	504	131
221	140	123	331	181	624	487	133
224	141	136	298	164	643	490	141
220	138	133	338	160	528	486	137
217	131	138	371	152	418	382	126
214	123	127	303	127	409	388	128
212	118	123	289	118	414	461	129
221	113	100	290	124	346	627	150
218	120	118	386	171	282	615	149
177	137	112	376	178	239	616	142
198	139	114	382	177	236	628	146
250	165	131	421	197	286	572	137
248	173	134	449	203	275	362	105
280	177	134	365	171	271	364	116
297	176	134	342	155	276	376	134
298	179	141	335	165	303	357	167
257	158	157	302	155	280	378	167
289	156	186	247	142	275	404	167
274	143	182	253	148	274	477	174
270	134	195	263	170	369	581	195
267	122	185	290	164	353	589	159
319	123	193	295	151	319	589	155
333	116	174	296	153	319	606	157
323	109	171	234	138	370	617	151
316	105	159	247	114	271	498	131
308	103	188	250	108	247	470	148
253	94	160	252	103	243	582	153
194	94	150	262	104	282	567	160
200	105	150	259	103	204	542	170
210	128	154	271	127	190	612	164
205	127	150	276	130	189	614	150
237	131	149	250	126	199	527	157
251	134	169	261	122	160	545	160
238	127	176	271	122	163	486	134
234	101	177	238	90	166	423	129
232	100	163	204	93	167	407	142
224	106	160	206	92	150	354	135
199	125	151	217	114	120	283	120
232	125	152	247	133	110	278	122
227	126	149	257	136	109	341	108
226	136	167	247	132	173	397	99
213	125	191	243	130	185	437	89
228	107	217	250	125	188	448	137
196	109	215	253	113	188	446	138
187	105	212	258	119	242	414	138
202	99	196	261	116	238	449	144
182	103	182	264	118	227	416	147
165	98	147	258	151	240	479	124
200	104	138	224	143	291	532	157
452	120	147	248	162	254	578	330
477	115	163	288	175	229	548	350
477	123	172	302	181	241	562	353
482	140	166	280	153	405	594	350
484	142	172	285	155	528	606	342
352	141	180	305	147	558	566	216
305	138	165	313	160	557	618	178
382	149	156	313	193	719	664	232
484	140	159	403	238	704	717	297
553	136	159	416	254	635	790	316
538	125	178	393	242	614	816	313
565	149	196	364	243	626	785	318
530	154	218	438	252	518	886	291
454	148	212	398	232	442	814	243
387	148	219	376	220	394	732	227
404	157	219	363	230	426	746	214
450	182	208	390	251	490	787	232
484	167	191	325	231	432	645	230
473	189	260	276	226	434	768	211
455	190	291	306	252	426	834	239
430	186	287	322	298	555	795	249
369	156	314	361	397	588	853	261
312	154	319	413	516	596	889	254
302	130	276	423	528	591	777	252
325	139	290	421	528	607	751	223
469	145	278	415	511	685	799	256
467	133	250	367	483	625	673	225
466	127	236	332	362	597	635	223
465	128	231	347	341	606	640	235
453	109	151	327	366	623	596	234
290	103	165	422	444	394	572	181
262	118	194	466	481	373	565	181
272	125	209	461	509	383	624	197
369	129	206	467	518	590	645	238
375	147	251	526	574	571	650	226
358	152	260	447	524	569	681	221
368	151	286	425	456	569	683	239
402	158	274	414	419	641	690	236
357	168	304	471	418	527	763	206
339	164	279	414	322	515	791	208
329	161	273	431	325	513	793	203
342	145	219	508	406	557	875	189
286	130	218	569	465	495	890	181
251	108	196	499	458	390	791	152
275	107	195	509	442	382	732	153
317	95	170	510	428	436	680	161
295	96	167	410	346	393	598	158
288	94	177	368	260	350	460	145
259	89	173	408	273	391	539	149
266	74	180	453	319	521	607	162
222	76	196	463	346	502	754	189
205	78	198	473	328	491	734	176
213	81	198	423	319	489	759	176
237	90	173	380	301	496	708	179
187	80	147	292	271	428	662	161
176	75	123	289	255	384	472	131
177	71	114	255	242	366	490	124
207	86	95	295	271	451	577	134
189	82	97	375	266	422	573	125
190	86	109	388	253	356	565	121
197	95	113	373	218	344	564	115
198	99	123	382	219	388	598	141
161	96	158	403	228	359	611	135
162	99	166	373	234	372	624	141
149	99	178	373	213	367	599	140
133	95	195	376	218	370	641	130
128	110	230	374	227	359	675	140
136	112	245	368	187	332	624	141
129	115	262	364	213	333	621	139
131	124	265	368	247	382	730	149
202	123	255	385	240	412	720	158
236	118	291	422	246	397	677	148
236	113	269	427	245	362	619	153
238	109	254	443	227	376	620	156
240	109	255	475	280	557	558	160
191	117	281	476	293	591	506	157
157	123	258	515	313	612	452	138
145	123	273	475	317	620	447	123
357	136	287	443	309	656	532	240
407	144	299	405	247	525	540	303
411	149	368	407	253	501	523	305
419	140	385	366	235	468	553	304
486	140	377	360	227	487	571	358
473	149	384	385	257	491	603	389
451	140	404	444	247	469	541	360
453	136	366	431	265	454	610	370
454	135	325	381	241	533	673	377
414	132	321	412	253	547	719	345
288	106	343	425	256	481	705	246
256	111	315	405	269	472	701	211
241	102	271	406	253	478	670	193
323	115	319	581	448	427	753	285
330	133	360	621	553	432	765	307
314	132	359	643	546	450	685	292
316	125	359	619	552	450	678	291
315	127	354	618	567	460	684	291
245	122	346	555	541	568	562	234
179	134	351	532	485	614	456	171
200	141	320	569	502	608	448	177
366	153	307	588	497	600	476	232
405	170	328	582	490	599	482	233
393	181	303	564	428	499	384	203
391	166	269	585	376	401	360	206
420	163	253	491	353	400	393	219
