0	1	2	3	4	5	6	7
86	73	131	57	43	112	553	78
92	79	164	101	44	117	563	72
88	66	151	105	45	105	470	66
96	69	146	106	44	93	414	67
81	64	138	106	43	85	384	59
93	65	138	105	48	107	370	59
89	53	91	67	48	106	318	65
90	58	98	60	43	106	392	65
82	55	98	58	47	117	449	69
89	56	94	57	52	144	420	67
78	51	94	63	46	134	459	70
87	67	106	72	47	129	517	64
93	62	100	70	46	137	497	63
105	65	104	72	43	130	490	60
105	70	105	71	38	128	600	82
109	67	90	57	42	147	649	97
106	68	76	50	44	146	623	101
122	95	81	50	48	142	670	117
128	116	85	56	59	195	751	138
129	119	87	65	59	187	685	133
125	123	101	73	60	176	623	122
130	124	121	100	63	175	612	119
124	112	127	107	61	173	542	106
113	95	134	107	57	124	412	75
107	90	145	116	59	113	409	62
106	87	212	122	56	105	341	56
104	83	203	103	58	123	325	59
102	88	222	108	58	130	311	63
96	81	219	112	52	108	376	69
110	85	230	116	52	104	371	76
130	97	199	115	53	98	411	90
129	93	196	111	46	75	438	93
123	103	179	111	49	74	444	90
125	111	218	171	55	81	352	84
113	112	242	184	53	80	331	81
91	104	223	181	51	89	335	68
84	106	224	182	50	89	328	63
81	126	221	184	47	88	351	59
105	131	243	181	49	86	397	63
112	129	212	159	48	82	449	62
113	132	204	160	50	76	431	61
108	139	224	250	71	83	437	53
122	150	242	313	86	76	517	70
146	167	186	296	89	85	519	101
146	173	178	296	91	102	478	100
144	176	243	299	91	102	479	103
156	176	231	239	78	105	526	112
211	159	223	168	70	123	456	108
207	139	251	215	67	116	476	83
204	135	255	228	67	106	503	83
220	196	226	268	83	125	595	85
215	199	231	272	94	130	541	79
161	187	235	266	90	125	515	75
140	185	262	240	88	127	477	71
151	190	275	285	108	135	453	68
134	146	271	275	103	119	316	66
146	135	296	269	95	107	407	81
135	131	314	260	93	98	415	89
123	136	306	254	93	93	446	88
108	164	352	236	71	83	470	91
110	149	337	207	67	84	466	87
100	154	325	202	64	100	402	71
112	168	358	216	63	94	403	58
128	203	354	215	64	101	377	68
139	183	310	191	69	97	360	73
142	180	340	190	73	114	356	77
148	184	380	213	75	96	327	82
178	193	353	228	85	100	327	84
225	176	338	233	93	102	337	94
223	171	337	223	89	100	287	85
221	168	310	227	86	87	271	87
213	165	262	247	100	91	283	81
181	159	282	278	105	90	337	80
118	128	264	272	107	109	286	58
203	129	269	290	116	136	291	68
325	135	293	316	123	137	368	67
353	130	280	288	114	141	364	66
588	107	247	258	115	144	294	68
716	135	405	292	114	125	291	72
739	133	403	272	109	108	304	67
876	125	392	249	117	120	219	63
1104	121	398	251	127	127	217	64
1122	119	412	293	132	123	211	65
1201	94	308	281	142	137	196	57
1410	85	358	293	144	138	167	58
1474	90	355	300	134	126	182	59
1435	101	348	296	141	149	198	69
1539	103	314	238	137	170	206	68
1631	101	276	205	151	221	217	78
1571	102	186	198	179	331	223	77
1468	114	201	180	219	455	196	78
1378	116	191	185	303	563	162	69
1261	113	189	222	462	746	182	82
1137	110	182	230	592	781	170	79
1126	109	186	214	666	745	176	82
1233	101	199	212	668	676	172	80
1332	84	240	226	632	581	169	78
1369	83	297	205	524	298	141	62
1245	76	302	202	358	110	147	58
1106	77	323	245	153	49	144	47
979	61	384	257	57	31	140	50
905	64	375	340	29	20	136	50
770	69	343	419	21	17	128	59
802	73	359	478	17	18	142	75
788	73	338	497	16	18	149	77
815	76	256	518	16	26	151	83
685	114	365	640	255	296	193	108
630	146	424	678	424	332	207	109
608	159	453	763	609	388	189	103
612	161	490	800	765	428	178	114
470	161	494	892	899	461	183	133
464	144	402	811	899	363	142	120
412	115	345	744	866	369	128	118
381	92	300	655	755	321	129	118
336	90	240	603	610	283	121	109
322	89	222	474	405	242	149	90
329	78	246	470	357	304	238	94
365	106	333	519	595	413	306	115
409	125	371	658	721	478	317	120
446	143	458	829	924	546	321	122
576	189	576	1001	1250	677	340	125
650	225	716	1069	1383	710	296	121
647	225	697	1126	1357	666	238	108
613	236	806	1103	1358	644	250	106
605	230	794	1019	1243	606	272	114
488	195	738	986	953	461	237	116
407	156	658	920	812	409	222	112
435	139	651	856	746	371	221	104
464	101	484	817	668	344	201	102
433	94	433	768	647	314	161	92
430	92	391	555	581	309	165	86
443	96	275	570	514	298	177	106
395	91	227	529	459	313	164	103
