0	1	2	3	4	5	6	7
356	232	492	300	84	108	886	150
373	238	542	337	93	118	1017	169
318	238	719	415	96	158	1003	175
329	227	871	426	91	145	1039	178
313	265	873	450	108	150	1051	188
288	240	840	438	109	149	930	178
266	267	885	472	117	145	800	163
265	296	769	412	115	103	760	161
241	278	599	404	112	112	746	161
197	241	520	328	91	107	719	127
221	277	523	340	91	100	764	122
229	310	405	262	83	101	852	131
235	283	440	264	84	97	926	132
229	291	441	296	88	99	979	145
244	316	479	316	91	94	941	145
200	297	518	287	85	93	1046	145
188	236	502	274	75	97	1027	146
190	250	446	259	72	100	962	152
199	264	446	218	73	92	937	141
175	222	421	264	92	111	935	137
197	230	366	281	91	115	818	139
197	258	428	305	96	109	766	134
188	239	444	342	98	104	684	118
177	210	441	341	92	117	612	117
178	224	582	351	84	118	649	117
163	216	591	459	106	159	623	107
157	175	590	467	114	172	567	97
162	203	664	479	116	176	633	102
191	211	660	473	118	168	711	106
219	189	566	445	114	173	872	114
212	177	567	346	103	159	899	117
237	171	564	316	87	147	883	117
247	137	474	264	83	153	900	129
237	129	503	261	80	193	883	132
254	117	493	280	84	188	683	135
253	111	462	342	87	173	687	130
230	123	415	395	107	168	712	139
224	132	398	433	121	164	755	135
219	139	440	440	125	115	750	138
180	168	397	503	138	103	784	143
194	194	415	451	139	101	742	156
209	196	439	431	130	101	700	163
199	224	512	442	122	98	581	152
263	237	499	448	135	134	621	157
274	227	530	372	124	148	596	152
264	211	522	372	119	147	582	141
247	204	501	347	115	148	606	122
252	186	569	281	110	144	627	127
206	161	523	269	95	161	545	136
197	149	503	236	90	159	573	161
211	124	502	221	88	175	562	162
221	125	563	233	99	192	533	168
263	97	437	240	111	250	489	163
297	97	505	238	125	297	444	134
290	104	501	233	129	356	412	89
303	102	482	242	140	473	482	96
325	98	447	230	138	598	479	125
356	86	416	217	143	690	493	144
346	77	318	223	149	680	497	153
405	66	300	219	139	650	445	163
470	65	313	225	131	565	334	156
473	78	264	216	129	421	361	129
443	86	243	209	134	184	399	132
443	84	241	179	146	70	397	122
396	85	227	164	198	32	413	109
292	85	196	124	243	98	439	128
259	72	159	119	277	301	468	155
242	67	178	134	284	342	392	140
196	70	163	138	268	345	382	148
181	64	156	142	247	360	414	176
210	62	177	137	216	360	391	181
209	56	175	141	170	227	323	160
213	56	184	136	151	170	316	163
258	70	194	137	153	173	334	172
272	69	188	137	135	156	281	154
244	68	180	141	108	132	281	136
256	71	180	133	106	146	295	146
239	66	156	108	93	151	296	152
191	46	143	119	87	151	259	139
206	52	149	113	73	138	255	133
