0	1	2	3	4	5	6	7
115	92	100	43	28	87	235	73
122	100	99	46	32	75	200	62
113	106	72	51	36	76	242	71
100	104	77	50	33	73	271	73
90	82	73	47	33	60	298	76
91	94	69	46	36	94	279	73
83	123	66	42	33	100	277	75
69	116	63	37	29	100	250	68
72	121	56	39	31	105	280	79
147	136	99	54	31	106	292	86
159	146	117	74	43	121	379	100
160	126	122	90	56	157	513	134
164	135	154	104	71	161	526	134
217	190	205	180	99	236	558	142
210	193	226	188	115	281	760	197
219	185	226	187	115	322	758	204
283	186	233	192	112	305	708	194
325	180	222	201	116	328	762	258
297	117	181	156	106	323	777	266
280	112	140	157	95	319	699	237
279	109	174	183	123	283	742	244
267	113	185	199	140	314	903	254
221	114	186	195	139	324	863	193
230	130	188	187	134	315	829	170
266	140	205	191	146	305	794	179
266	143	185	213	147	338	769	155
215	139	174	210	132	329	551	124
236	175	166	210	129	333	528	145
227	171	172	217	132	316	558	153
187	154	168	224	121	362	520	136
174	154	167	195	88	322	526	139
218	165	164	183	88	316	551	148
213	132	167	178	84	307	619	128
218	125	167	165	80	304	644	136
213	126	147	155	73	268	639	133
266	169	132	131	74	271	607	139
270	162	117	114	73	258	601	128
257	157	151	141	92	231	571	131
254	164	150	169	122	294	635	144
324	165	150	162	121	281	615	146
293	115	151	180	122	277	611	138
264	101	152	192	124	320	643	143
272	95	113	169	110	327	619	135
282	80	93	139	70	261	468	106
194	75	83	136	69	274	438	93
177	72	81	116	70	322	435	99
180	75	74	101	73	304	422	99
198	91	75	105	90	294	583	109
179	88	75	144	105	288	620	103
180	84	76	146	105	308	631	101
182	82	69	145	104	262	611	95
170	78	67	139	98	279	599	99
140	55	67	150	84	274	549	103
217	75	71	119	62	302	528	105
224	75	71	117	57	363	536	116
231	75	68	117	53	365	540	117
235	78	67	120	56	330	535	129
322	88	68	107	50	336	556	151
308	76	68	108	60	334	566	167
314	76	71	111	71	220	547	164
308	74	72	111	74	212	631	167
330	86	74	110	74	222	623	168
335	96	125	111	78	213	579	178
330	98	142	128	73	181	571	171
326	108	148	127	62	185	589	169
339	115	167	150	95	349	514	176
318	124	197	164	129	377	621	166
222	116	173	164	135	435	623	143
226	116	177	166	152	438	629	172
262	128	178	164	154	437	618	184
266	131	170	139	136	324	622	181
292	124	136	139	115	299	709	203
318	142	158	136	129	219	735	223
297	198	178	179	147	312	732	198
269	221	227	182	147	578	782	189
320	226	279	192	157	639	856	229
314	229	300	182	159	675	721	216
285	281	298	256	165	680	726	189
302	266	277	242	238	761	753	199
294	239	240	245	260	827	814	225
223	275	184	296	273	831	826	193
327	330	158	310	277	799	835	191
516	290	183	285	265	797	838	226
544	293	198	286	197	692	827	221
557	351	298	327	278	428	721	208
582	328	317	299	282	410	742	233
533	284	341	294	273	476	821	286
372	282	337	280	286	475	761	260
406	301	358	290	325	488	811	280
406	245	307	487	431	545	924	310
363	257	284	506	476	535	864	312
350	240	257	514	498	512	792	263
333	254	241	506	501	516	801	260
229	213	211	585	501	491	738	239
237	218	205	424	364	364	638	194
253	189	205	387	291	273	712	164
273	217	232	379	258	195	682	161
290	195	245	382	272	322	675	182
269	189	230	249	247	370	726	198
336	220	207	221	236	377	718	235
389	253	228	232	245	373	642	230
388	249	260	240	254	411	674	226
377	252	290	237	253	366	740	209
394	262	303	191	217	365	684	196
335	232	299	182	247	361	742	160
297	234	316	202	243	369	719	190
292	235	282	210	236	364	718	232
313	251	240	220	219	367	726	289
322	245	230	225	243	469	783	327
299	244	242	280	225	476	712	322
271	232	237	316	264	474	744	315
268	222	236	315	317	475	742	301
225	215	249	386	357	479	657	251
194	249	247	436	415	422	604	215
216	258	232	401	408	440	688	259
269	242	209	379	421	441	661	273
264	235	207	396	424	414	631	261
261	217	190	386	395	362	614	255
255	172	201	335	339	274	632	239
298	133	205	364	496	259	596	205
245	120	194	360	469	262	598	166
222	118	181	325	433	258	561	155
241	128	198	286	431	242	600	161
246	114	198	280	438	262	585	163
246	119	190	240	256	263	517	130
248	117	193	235	266	253	450	112
251	108	186	247	296	253	480	111
236	88	181	238	381	335	491	133
238	80	166	232	361	350	561	145
149	74	170	250	382	365	624	145
131	78	195	298	380	368	635	146
136	74	195	310	384	377	662	157
139	73	171	300	310	416	809	163
116	75	165	351	319	431	846	161
125	92	165	396	355	411	788	157
143	91	114	377	362	407	861	202
147	96	109	373	351	418	847	203
139	96	124	391	348	309	659	180
157	103	133	353	334	228	537	172
155	98	125	283	257	190	541	176
142	90	117	261	271	181	444	128
170	86	106	246	261	170	504	166
313	91	114	269	263	180	558	173
313	85	138	323	323	199	573	169
313	79	149	343	323	240	580	166
315	80	157	365	297	271	606	181
297	78	166	381	281	306	551	143
156	71	159	349	277	314	549	132
136	74	187	431	267	301	500	128
135	73	187	480	304	274	463	128
135	75	184	455	294	253	527	114
184	79	181	485	297	200	572	136
193	78	174	499	313	191	575	135
192	71	116	390	262	186	590	130
185	66	157	312	245	186	686	146
192	73	159	321	240	236	694	177
154	66	175	288	253	237	720	169
128	79	220	293	226	239	698	182
128	78	220	296	237	261	691	183
139	76	186	295	211	256	618	182
159	67	202	292	226	209	501	153
147	71	191	289	222	193	414	142
144	73	145	271	203	191	368	121
150	75	150	269	202	194	585	171
170	77	174	305	212	232	712	178
