0	1	2	3	4	5	6	7
170	461	116	49	45	144	341	119
186	462	96	49	52	184	381	158
189	461	95	54	61	184	375	164
193	454	92	57	62	182	334	160
166	340	83	55	61	187	340	155
194	195	79	56	59	175	279	148
198	167	76	49	57	122	276	107
200	146	70	41	51	163	284	99
186	132	53	35	49	229	272	99
186	125	50	35	48	244	247	84
168	131	54	33	46	246	230	73
208	213	56	39	38	247	167	90
215	216	59	40	37	254	140	86
226	237	58	47	40	199	150	87
227	240	54	46	41	178	144	85
222	255	53	46	42	170	162	84
163	195	55	43	41	165	141	62
162	195	53	41	37	104	136	60
159	171	53	34	33	118	125	57
157	179	54	31	30	116	134	63
163	151	48	31	30	118	95	56
152	144	43	28	33	115	94	56
156	145	45	29	33	165	98	55
155	146	43	28	36	153	102	56
143	135	39	28	37	153	93	49
137	131	48	27	35	153	101	52
143	130	52	30	31	153	119	60
132	133	51	30	31	110	119	61
141	152	58	33	29	100	119	59
155	150	58	33	27	95	142	73
158	149	53	32	26	93	144	71
147	147	45	29	27	92	155	63
133	134	50	31	28	68	168	64
127	98	41	26	26	63	161	63
127	93	43	28	26	63	138	43
121	112	45	30	27	63	155	47
121	111	46	32	27	60	131	47
158	132	42	32	26	64	116	63
149	146	42	33	28	72	154	65
137	149	45	33	29	74	172	71
131	133	45	33	29	70	148	67
138	144	46	33	32	74	145	67
119	132	45	32	31	71	148	59
126	118	49	33	30	62	117	56
131	147	51	33	36	240	114	61
177	192	65	39	46	262	128	104
202	193	72	43	46	264	132	114
209	194	74	42	45	266	163	115
231	211	75	43	47	270	315	136
260	191	73	45	49	144	388	146
242	163	78	51	46	116	389	122
227	164	87	64	46	171	402	120
245	164	127	112	58	233	519	163
275	148	130	115	66	425	535	176
284	162	138	122	69	445	507	188
304	164	183	146	90	451	535	196
491	164	255	219	121	463	614	248
503	159	246	209	117	476	626	256
477	160	249	223	117	337	605	246
457	158	265	248	123	314	585	227
465	165	260	246	118	303	577	228
315	152	188	192	90	308	536	173
284	148	193	208	91	305	399	116
290	163	214	208	101	301	322	96
296	169	204	194	96	298	346	107
371	153	173	182	86	317	365	170
347	164	232	186	92	294	328	177
335	189	271	187	105	230	328	176
355	237	256	182	97	236	371	191
394	233	245	170	97	273	428	216
310	247	272	271	114	271	398	166
285	257	256	292	116	241	407	156
316	280	252	288	106	240	444	172
354	237	280	287	113	219	533	223
321	238	322	291	109	200	487	200
298	252	318	204	91	173	475	194
296	264	312	168	83	174	436	191
291	231	277	154	80	183	478	191
224	222	267	161	65	184	347	103
225	250	248	151	68	162	326	94
251	218	233	147	65	161	423	100
252	182	216	144	69	169	480	106
289	176	224	144	70	153	424	113
302	200	210	123	76	139	411	122
287	155	183	115	74	193	516	128
312	153	177	115	81	202	477	135
341	163	200	133	84	195	437	130
294	162	191	129	80	216	441	109
283	140	182	129	74	226	476	117
296	152	194	130	71	180	382	114
261	150	200	123	59	237	359	102
224	140	163	86	71	254	428	119
226	135	154	110	84	242	438	134
213	117	172	126	85	236	399	120
229	102	168	134	87	242	473	117
252	101	154	135	88	189	471	130
250	102	158	135	73	169	464	123
251	103	168	117	65	159	509	103
240	107	158	130	69	174	528	101
251	108	130	118	64	153	467	104
228	104	124	119	67	140	626	102
268	108	122	131	109	286	601	100
288	107	109	136	126	308	562	121
288	95	90	109	124	297	555	124
297	85	86	110	124	302	618	131
324	91	87	107	127	308	542	148
295	79	79	91	94	209	567	149
272	82	94	78	72	195	570	130
323	80	97	83	75	193	672	139
349	79	108	93	84	208	673	151
318	77	108	95	78	193	637	137
339	85	115	117	82	233	605	137
340	91	104	127	86	243	662	143
297	91	103	123	90	267	693	174
236	87	102	137	104	275	780	176
234	83	116	146	112	285	749	172
209	77	168	145	107	237	796	170
219	84	183	144	111	212	826	171
222	110	190	146	111	284	721	145
217	110	194	157	121	314	642	145
235	113	185	156	118	314	678	157
250	118	150	148	124	314	767	188
235	108	144	143	116	319	721	193
220	91	146	142	114	234	718	182
214	94	138	177	128	192	797	167
289	93	141	201	145	206	840	241
273	91	141	196	140	189	725	221
308	98	158	193	139	188	735	223
334	96	169	196	139	184	832	235
331	108	171	144	104	163	710	241
283	113	196	96	72	170	722	165
291	120	189	107	81	200	706	182
263	128	189	115	85	204	692	180
370	138	178	115	96	252	807	265
402	127	196	134	115	253	848	306
387	145	189	136	117	225	780	303
386	149	242	132	121	203	812	302
414	140	231	123	118	200	801	308
353	128	233	118	104	150	592	230
349	132	229	96	91	145	660	170
347	133	238	168	113	173	882	194
354	159	238	183	117	173	854	172
314	167	229	189	124	199	832	147
287	172	223	191	162	266	818	162
248	178	217	191	163	267	711	160
331	205	210	149	157	260	614	232
335	199	210	150	170	268	718	260
346	192	213	162	186	316	778	268
328	188	221	193	168	313	834	259
360	194	230	264	208	317	829	281
277	150	217	268	307	321	711	199
279	130	169	260	317	330	662	195
303	145	204	298	416	286	597	204
297	158	203	341	510	261	516	201
273	198	205	328	504	282	601	178
318	218	215	324	475	313	764	233
311	223	210	331	487	328	719	219
273	212	182	325	430	316	706	202
297	207	176	329	391	297	809	224
314	156	169	335	417	270	755	222
287	122	191	350	433	229	618	165
273	104	181	370	411	206	656	158
285	121	186	348	387	201	658	158
285	112	183	306	315	185	636	152
284	112	189	269	276	198	726	164
275	116	158	337	267	196	687	162
263	115	168	364	278	165	667	155
248	104	187	391	315	158	668	154
262	106	192	384	318	160	641	155
219	96	167	377	344	199	545	136
214	94	163	408	328	210	522	133
214	85	209	379	323	218	503	132
214	75	180	357	299	223	588	148
160	66	176	359	292	223	586	144
161	118	178	355	256	180	570	140
155	117	173	227	213	151	565	140
148	121	128	216	233	136	543	140
247	125	130	202	217	128	520	157
279	126	139	193	231	117	430	139
277	80	140	208	290	97	408	140
275	88	140	228	357	96	399	137
277	89	129	227	360	100	413	134
205	81	122	226	372	115	394	113
234	80	108	222	363	112	397	125
232	86	209	232	320	117	413	122
229	75	213	237	252	125	459	134
236	72	212	224	222	132	543	161
229	71	214	245	193	120	524	157
166	69	216	246	198	128	514	144
167	65	139	229	201	118	496	135
175	68	130	198	199	108	467	127
180	65	124	200	191	108	517	102
190	64	117	168	182	110	506	82
194	67	112	162	166	103	531	87
187	62	83	163	154	95	536	89
184	59	104	164	171	95	527	86
174	53	94	149	170	99	463	85
179	64	115	169	184	110	466	99
190	64	133	186	213	111	492	99
221	72	174	212	235	117	583	137
226	81	178	214	225	117	602	142
227	86	212	221	240	125	610	141
208	80	203	205	245	107	615	133
249	81	192	182	238	119	607	162
233	74	187	165	222	122	552	143
228	70	175	179	229	130	574	143
232	66	137	187	230	123	616	176
256	73	149	185	214	148	602	188
197	69	156	195	207	135	549	160
176	68	148	191	199	137	549	153
176	61	155	187	172	137	521	153
169	66	175	190	185	161	412	125
179	64	181	220	218	144	447	120
167	64	201	238	224	147	484	123
166	62	195	232	211	139	440	115
169	68	192	217	213	140	413	109
182	61	171	197	181	109	396	94
151	61	186	167	131	106	437	89
144	61	174	148	90	173	429	92
145	60	169	143	97	177	426	95
157	56	169	140	108	182	434	106
210	61	193	156	122	228	420	141
215	55	168	177	145	272	310	142
211	61	199	223	165	271	249	134
224	68	229	304	192	275	251	138
230	72	228	321	204	312	254	141
183	73	210	358	214	357	266	111
178	80	234	384	221	352	271	112
185	76	232	358	213	331	271	114
220	74	201	293	190	331	303	112
244	70	198	284	174	311	379	118
234	67	204	237	152	320	408	112
226	64	196	211	139	301	393	105
285	67	172	227	140	306	469	141
354	64	187	242	145	333	521	166
351	75	200	244	149	342	541	176
385	73	209	252	166	265	495	175
387	70	233	227	164	270	501	171
352	64	221	203	153	285	452	145
311	66	219	187	149	322	389	149
291	52	246	205	145	316	304	131
248	62	265	245	181	304	305	130
277	69	229	250	182	312	283	153
315	71	230	260	186	329	251	186
271	80	219	296	220	319	316	191
261	103	222	313	246	329	303	188
271	122	196	370	231	343	310	197
238	121	196	382	227	370	341	187
170	120	190	378	231	392	352	155
152	117	222	367	220	375	289	120
176	107	201	353	189	374	300	119
188	82	202	256	179	390	374	123
188	76	205	242	179	471	384	119
227	83	211	253	179	452	394	157
231	76	187	238	156	441	386	166
216	65	171	214	162	433	473	176
