0	1	2	3	4	5	6	7
178	130	197	165	65	76	523	106
162	140	198	165	65	69	460	88
165	139	192	166	69	74	462	80
154	138	184	136	63	73	422	78
144	133	170	130	59	71	556	89
152	109	158	137	57	71	540	77
158	101	191	178	61	74	530	78
149	102	200	190	60	72	517	78
155	99	196	166	54	73	499	74
179	113	197	166	55	65	461	66
163	116	205	163	55	61	463	71
178	123	190	120	54	56	492	87
195	114	212	111	52	53	511	90
195	112	240	123	53	66	539	94
206	119	262	139	54	68	458	92
203	126	248	135	58	79	429	89
222	138	275	161	60	78	414	74
217	160	277	182	70	78	407	73
241	183	312	177	73	68	396	79
243	186	299	164	74	84	428	82
233	181	324	189	73	71	402	82
201	186	292	225	79	73	351	80
228	211	294	245	78	76	364	79
210	192	285	251	74	75	364	70
217	179	287	258	73	55	331	61
221	182	263	253	75	60	322	60
225	166	266	217	66	57	348	65
198	109	241	212	61	58	389	69
186	106	179	211	62	56	368	66
135	102	160	206	60	65	419	66
123	90	157	190	56	62	443	67
106	87	151	183	54	60	467	70
80	80	152	139	47	57	452	66
74	77	148	152	54	61	512	66
92	91	158	171	61	63	494	76
97	94	219	211	61	77	599	81
99	102	248	214	63	79	643	81
108	104	247	212	66	80	614	82
115	110	253	195	61	87	637	87
109	99	279	193	56	82	619	80
110	107	236	172	54	70	509	72
114	95	195	157	51	68	424	63
107	87	217	190	49	72	431	61
115	87	216	193	48	58	342	65
119	88	183	177	44	57	345	62
119	79	181	145	40	58	344	63
121	80	190	151	39	58	349	63
126	93	174	139	54	49	377	63
128	88	162	137	65	92	391	55
124	87	187	134	64	92	375	54
118	83	194	152	66	90	379	53
116	80	202	168	71	90	354	63
115	64	185	136	58	95	347	68
104	57	193	131	45	56	295	68
106	68	164	157	52	55	337	67
102	70	160	142	52	59	316	64
97	71	141	120	46	57	378	58
93	74	141	125	48	53	349	55
86	74	144	125	49	52	361	48
73	58	140	102	44	51	309	50
87	57	130	106	48	63	307	55
90	56	126	99	49	65	281	74
85	58	125	93	48	67	319	77
86	61	110	91	48	69	400	84
92	66	105	71	53	82	458	87
92	73	132	99	63	102	573	91
90	72	194	140	70	124	591	78
93	67	199	145	68	136	653	98
96	64	203	146	69	142	641	95
104	71	204	148	64	135	602	95
96	68	184	128	47	127	596	99
110	67	114	82	43	113	582	99
117	75	123	81	46	100	517	73
115	79	129	81	49	100	496	70
113	72	119	79	60	111	504	74
112	66	111	72	61	102	397	64
101	66	110	70	56	100	377	61
102	62	91	66	60	105	344	66
106	56	66	64	61	102	366	74
99	54	59	62	57	99	405	73
98	56	61	61	61	107	423	83
96	55	59	58	65	104	419	87
84	51	57	51	58	98	424	85
74	50	55	48	52	96	389	77
70	52	56	44	48	136	353	74
70	47	53	43	42	155	362	60
64	49	57	46	34	166	417	57
83	52	53	47	38	170	411	52
95	61	59	65	54	171	425	61
98	59	56	74	77	190	543	77
103	60	55	76	78	185	560	80
107	60	56	77	81	180	538	85
