0	1	2	3	4	5	6	7
213	291	197	130	38	77	270	113
199	250	207	135	39	76	294	119
214	244	188	176	60	70	315	110
262	244	195	181	66	68	322	136
297	246	188	193	71	70	314	136
335	240	369	219	71	66	271	129
352	250	371	228	72	67	259	132
343	242	384	198	61	63	252	135
346	253	384	190	63	66	262	114
316	236	387	222	66	61	251	108
324	254	247	207	75	65	265	144
310	230	241	193	77	76	291	138
339	228	224	182	71	68	270	139
306	214	237	233	79	68	249	135
327	332	253	261	94	71	244	132
289	317	260	258	90	72	258	118
359	326	359	323	101	59	290	178
353	338	364	329	105	61	312	187
383	442	354	317	107	68	331	194
440	375	452	287	98	100	359	225
514	389	523	308	110	112	381	268
507	411	465	242	101	116	346	252
514	435	470	238	98	116	330	246
513	364	493	238	96	119	338	257
485	372	400	227	96	98	375	246
558	394	306	228	86	98	347	222
556	380	361	230	97	106	367	214
571	373	394	345	116	109	399	226
558	359	437	380	112	101	389	219
568	346	466	457	115	101	326	229
430	279	559	482	120	82	307	205
415	279	676	634	161	87	368	215
481	309	777	742	194	162	507	208
473	322	799	774	202	181	527	206
534	334	896	776	210	186	657	261
562	406	948	807	221	196	727	278
562	463	990	760	195	202	737	268
562	430	989	688	187	163	654	273
596	419	1000	676	185	155	659	284
520	456	981	651	180	162	605	228
482	445	1010	725	190	160	560	192
499	420	1113	765	208	197	567	222
455	426	1149	708	188	232	791	246
418	463	1179	692	179	230	902	265
395	431	1195	851	210	233	861	258
486	400	1175	884	240	242	846	264
525	413	997	845	229	208	836	256
546	411	991	868	232	161	623	240
567	416	1037	866	245	177	535	246
596	465	1045	720	231	196	700	243
569	478	1013	567	180	180	775	251
508	467	1099	624	205	172	763	230
447	459	1097	621	205	181	841	228
431	447	1038	617	203	171	803	193
396	410	1071	712	201	136	680	187
317	377	1131	741	206	137	590	167
330	407	1169	773	209	165	612	193
408	527	1120	825	209	151	570	192
405	578	1073	889	213	139	538	182
392	613	1084	826	201	132	507	190
429	642	1078	888	210	145	548	193
435	663	972	910	191	130	608	183
393	628	1003	931	199	151	575	166
395	569	1113	908	202	151	605	161
434	611	1009	979	246	172	666	168
440	603	945	937	250	169	697	187
446	579	972	874	242	170	671	164
425	542	968	821	247	158	650	167
408	525	894	811	241	155	636	157
361	420	989	776	205	174	735	156
318	400	1012	785	209	176	690	134
277	367	1061	734	209	168	651	133
255	340	1023	676	184	160	675	140
250	408	1051	715	188	168	671	141
296	399	1008	689	189	156	616	138
326	460	1074	681	193	152	591	134
342	426	962	686	187	151	577	128
369	457	1010	809	208	154	550	134
404	413	928	807	208	163	551	149
373	431	959	819	222	143	414	135
351	378	922	778	196	133	437	133
352	373	910	773	197	135	399	142
339	324	841	701	181	138	351	131
321	306	887	624	170	117	300	131
365	275	829	533	132	112	332	135
366	243	695	573	141	108	302	136
339	227	805	626	145	108	350	138
323	249	991	677	188	124	357	127
309	299	1058	731	232	143	372	113
387	298	1068	779	244	143	357	128
409	311	1097	769	238	154	367	133
458	332	1026	829	268	158	316	131
472	336	906	813	249	140	334	134
476	334	960	849	228	133	406	131
398	333	901	879	236	127	365	105
393	341	934	907	256	139	380	126
354	344	958	877	241	137	420	137
