0	1	2	3	4	5	6	7
491	186	221	277	121	482	625	259
517	199	200	263	145	489	538	213
451	214	237	317	160	441	549	191
526	226	258	300	151	419	741	254
554	202	251	295	147	401	726	270
532	198	251	290	143	395	709	265
539	190	255	285	137	376	792	274
611	175	211	192	121	400	816	333
474	156	213	199	121	411	707	311
466	163	205	243	130	416	664	307
517	162	200	247	137	409	690	355
606	164	198	248	120	327	680	388
548	163	197	252	104	305	678	351
544	159	186	258	102	311	593	340
584	149	189	237	94	328	621	344
557	158	186	208	85	296	597	297
576	168	200	211	94	285	585	288
584	164	190	190	85	270	546	262
631	148	193	173	105	394	520	270
589	145	193	151	125	461	546	292
631	166	195	167	127	461	512	335
592	174	207	158	122	523	459	323
606	189	236	172	140	535	587	336
565	214	233	166	124	471	645	320
630	290	267	159	99	381	648	295
653	275	274	145	114	467	721	252
587	264	280	152	126	502	824	283
615	272	277	157	139	502	734	293
654	258	270	157	147	473	726	301
655	175	234	159	149	480	779	307
675	172	220	154	137	416	861	449
694	180	203	156	134	290	751	416
647	169	207	167	112	261	836	416
620	185	209	183	112	258	825	430
645	207	219	181	110	333	841	464
600	293	342	197	124	341	841	375
613	384	405	195	115	337	862	359
672	397	416	177	109	344	803	355
679	386	419	163	107	342	808	398
657	382	420	165	107	278	796	363
696	351	356	157	120	264	637	357
755	275	277	145	131	266	650	395
770	305	311	136	130	245	743	462
804	313	309	128	136	239	716	451
754	321	345	136	149	261	775	472
742	292	331	125	121	236	898	489
700	266	332	119	104	219	876	481
662	231	288	114	108	212	827	401
640	222	295	180	173	216	923	430
703	218	264	237	216	192	809	423
641	300	271	274	236	169	670	365
569	298	264	287	258	216	665	336
574	275	238	312	303	436	677	388
644	284	260	332	347	512	650	437
634	292	252	312	337	506	726	453
654	314	320	368	393	519	797	477
683	321	329	550	558	633	929	480
625	322	331	627	598	565	1016	452
558	325	335	635	582	517	954	375
515	313	370	742	645	525	907	436
508	221	331	762	749	582	954	439
482	207	324	714	742	536	963	468
670	206	320	651	711	508	958	575
663	195	369	812	764	528	1047	595
648	184	334	733	712	511	1080	541
677	197	320	680	563	461	987	526
710	205	319	641	415	356	832	516
642	207	391	663	477	325	668	416
622	248	362	594	467	334	523	349
605	246	360	600	502	555	608	315
701	219	345	609	526	564	684	361
687	225	401	603	562	558	864	420
591	268	417	624	573	551	846	395
557	224	400	633	635	534	998	408
605	222	402	742	727	478	1068	424
474	218	398	734	728	471	1119	455
453	203	361	723	711	468	1000	404
456	133	319	730	712	470	1018	391
532	122	289	604	591	455	876	372
628	133	284	489	565	294	668	409
605	129	323	505	787	272	489	311
683	142	325	553	836	320	526	288
791	165	289	609	828	392	588	379
811	187	279	668	867	400	604	399
713	183	310	682	827	406	633	338
704	192	278	690	657	389	624	338
706	205	249	719	644	456	767	385
661	196	253	634	680	420	809	341
590	190	265	574	665	400	803	310
570	185	256	593	655	384	756	304
600	188	254	587	646	392	836	325
607	163	250	502	593	308	679	294
600	148	220	548	546	276	573	265
