0	1	2	3	4	5	6	7
164	288	80	57	60	319	183	306
177	288	80	60	62	368	194	393
194	292	76	73	77	329	188	420
205	331	76	73	86	298	158	413
165	312	72	77	90	283	152	419
163	285	70	74	88	345	140	412
160	305	64	73	83	403	216	359
188	337	61	59	74	423	233	331
197	323	66	56	74	433	240	319
213	345	71	52	74	459	255	326
218	361	76	53	70	414	259	270
215	350	80	51	93	441	192	235
211	358	83	64	108	425	176	234
200	326	74	67	105	415	172	236
181	275	68	64	103	443	147	290
181	259	65	69	107	492	148	386
212	304	68	67	89	378	131	384
183	285	62	57	63	359	118	385
164	259	63	58	66	379	124	389
160	259	61	61	73	408	141	354
198	252	68	59	79	417	152	252
176	199	61	58	79	411	146	223
171	169	64	60	79	413	175	223
178	181	64	60	79	454	267	278
253	188	69	63	82	470	412	294
302	290	67	59	72	413	433	310
320	308	91	79	97	471	485	376
347	314	106	101	122	563	521	457
359	313	111	105	131	704	659	496
341	315	114	106	132	700	621	482
292	238	116	119	140	721	608	488
272	229	124	175	235	837	612	523
243	264	123	183	247	834	604	555
336	350	125	183	244	689	484	509
321	359	133	207	282	686	446	521
312	353	141	207	282	742	474	518
366	390	153	160	208	621	426	442
371	372	150	142	181	570	401	330
277	299	156	149	186	718	386	326
275	280	147	112	132	730	501	337
322	295	138	106	133	656	474	330
267	268	102	108	130	614	491	353
263	263	112	149	178	608	508	353
289	283	96	144	188	623	456	405
310	427	110	146	183	608	307	383
262	427	105	142	178	604	325	357
247	404	103	138	195	762	501	419
262	453	85	92	163	757	499	449
244	495	99	103	164	601	490	381
220	383	91	99	161	589	500	381
228	383	102	116	162	673	503	404
324	433	113	123	146	496	310	414
331	378	111	116	132	487	281	364
333	328	112	159	199	626	540	491
328	368	111	168	221	627	593	548
326	409	120	159	222	558	586	549
237	414	116	153	217	556	580	507
226	423	125	176	232	580	607	567
222	410	114	135	158	566	479	493
266	416	112	128	128	531	425	432
275	372	98	129	130	495	424	408
315	335	97	129	136	585	438	410
412	404	110	100	118	661	406	400
417	471	124	120	145	715	335	391
419	501	122	124	142	705	314	397
428	506	121	123	144	754	310	440
399	495	115	123	139	773	301	421
359	518	95	124	136	709	293	370
381	481	72	91	101	537	286	352
355	417	76	83	101	546	278	363
334	413	81	104	128	600	279	372
361	435	87	106	130	590	317	374
345	352	91	102	124	568	324	474
314	307	95	112	133	569	296	474
320	320	106	111	131	593	281	520
351	347	115	140	135	554	273	517
356	374	123	148	147	431	210	528
329	408	124	148	145	420	163	421
438	455	124	141	140	451	187	415
424	457	113	142	148	510	227	496
406	438	102	107	124	486	363	522
387	403	90	92	98	479	410	495
372	368	81	88	102	479	413	493
227	301	74	90	107	442	518	625
227	265	76	85	107	349	585	622
206	249	72	68	98	267	553	605
189	222	80	68	110	351	566	619
232	339	83	71	121	388	604	659
287	417	105	80	128	410	560	620
314	438	116	91	136	522	632	595
324	447	123	101	136	526	769	689
397	482	133	137	167	486	750	721
384	390	136	139	160	465	762	706
361	342	159	151	169	619	819	714
388	391	165	149	164	595	921	794
430	405	184	164	176	606	846	756
396	372	185	154	164	616	864	753
392	379	183	156	205	621	843	830
432	480	163	143	196	517	922	804
417	489	161	152	199	421	751	701
407	582	141	132	197	381	697	648
375	575	141	117	217	345	708	737
434	610	165	125	202	427	754	708
460	574	156	129	201	347	659	709
471	551	145	110	194	343	692	685
461	438	139	142	188	364	733	726
463	455	133	193	157	539	793	709
441	470	108	206	148	569	783	665
355	406	115	228	159	565	702	645
324	404	116	235	160	563	658	753
298	436	124	221	191	644	652	820
306	426	114	177	188	542	697	841
389	406	116	153	175	437	697	843
396	412	114	110	180	451	701	915
406	438	134	152	238	469	734	907
423	413	131	194	253	367	794	875
443	478	151	198	247	357	666	778
341	477	154	198	242	358	619	813
375	519	158	204	233	365	626	757
386	645	144	173	174	383	715	739
372	697	154	194	103	355	631	651
358	677	138	199	110	301	617	702
416	679	170	233	150	310	724	843
392	658	176	242	168	301	747	910
355	507	187	262	179	233	702	842
376	527	193	220	203	237	689	889
370	528	199	265	207	255	716	899
296	546	178	245	204	379	758	903
301	560	169	268	226	368	755	849
323	575	169	275	238	363	654	867
312	540	159	269	218	371	654	899
313	579	159	214	214	502	668	937
308	540	149	210	213	402	524	786
327	507	144	256	199	414	558	800
315	466	136	248	200	545	700	835
286	399	125	299	274	671	842	791
311	357	150	354	309	600	858	694
336	456	177	406	310	595	850	676
297	455	182	381	352	654	868	641
283	458	187	432	418	616	901	651
285	468	200	428	393	511	821	623
229	453	196	395	409	487	765	602
169	328	185	356	430	563	795	776
189	409	210	393	416	519	782	869
321	437	218	335	383	453	642	805
321	437	218	335	383	453	642	805
