0	1	2	3	4	5	6	7
87	89	62	47	37	196	284	60
85	74	51	46	40	236	303	69
87	61	41	36	40	279	305	69
86	72	40	33	38	298	266	67
82	81	41	32	39	261	283	72
96	79	46	34	43	256	310	83
94	74	54	50	42	254	323	76
99	78	55	58	45	215	367	79
106	76	81	69	47	188	410	81
164	85	105	88	51	217	449	100
218	89	106	91	54	302	492	127
221	91	118	96	64	282	520	134
224	116	138	139	84	289	545	141
254	130	161	175	106	348	668	188
231	136	170	195	111	362	660	191
182	165	206	213	124	311	683	177
356	184	221	225	134	311	724	280
395	174	214	200	122	342	785	293
377	171	194	178	107	298	692	267
377	162	181	174	104	257	698	262
382	132	143	154	86	245	667	273
299	102	108	128	63	257	594	188
254	91	140	179	77	223	446	162
271	80	139	244	96	233	400	167
267	70	135	254	107	248	354	170
268	67	141	255	106	256	437	159
221	71	139	268	105	262	525	147
220	70	101	255	106	272	589	160
211	64	122	195	109	276	624	180
228	78	125	171	99	260	641	177
321	85	125	170	104	257	658	232
314	95	167	197	111	268	602	234
309	107	190	258	125	259	621	246
303	112	183	259	110	269	632	241
291	112	182	257	109	281	708	246
180	107	189	285	109	284	637	195
228	93	153	258	101	260	653	206
238	92	161	183	76	225	642	191
238	109	192	187	72	218	621	174
240	107	196	190	70	260	532	166
244	113	194	142	62	291	591	180
222	114	196	135	59	288	610	171
245	107	189	149	51	292	549	179
241	86	197	143	56	266	509	180
234	117	201	124	57	318	520	175
240	118	194	128	62	349	586	178
189	118	196	134	65	350	541	153
136	115	177	112	64	350	554	127
170	125	137	95	53	352	551	123
173	101	167	143	64	279	627	141
159	91	168	140	61	223	491	118
162	96	178	133	65	229	475	116
158	108	183	137	74	231	501	134
308	133	180	138	75	222	566	135
360	140	140	99	89	285	464	125
358	163	156	97	92	283	448	111
366	165	150	98	89	291	522	123
375	167	145	86	87	300	606	128
290	140	141	93	88	315	647	159
235	124	155	101	83	239	655	162
235	124	159	110	85	275	644	159
218	126	167	111	89	363	622	162
234	120	169	116	93	369	555	185
299	130	178	155	105	362	453	168
301	140	182	166	93	364	448	166
301	143	176	179	130	368	459	165
301	203	188	201	150	458	416	164
291	256	185	203	159	471	357	151
217	262	184	182	177	477	466	177
231	273	204	187	203	498	496	211
262	275	224	214	205	496	506	232
268	239	237	227	242	479	763	259
263	201	260	226	242	480	759	246
293	224	264	226	232	476	684	233
315	298	264	215	247	473	654	210
292	304	256	197	276	642	666	198
300	305	250	165	278	588	463	189
362	298	233	179	291	587	583	238
333	292	241	181	295	593	615	244
313	234	224	222	371	668	773	260
325	212	207	268	446	708	860	307
313	224	196	311	436	684	812	287
344	277	199	306	435	683	755	289
352	288	204	303	431	675	831	297
343	289	227	272	356	587	678	279
340	292	227	211	228	294	682	247
362	285	274	173	221	323	687	280
270	232	266	185	198	331	657	241
295	192	243	186	218	369	733	238
383	151	215	202	210	462	771	246
394	167	230	327	241	461	666	221
395	169	155	319	264	426	668	202
388	195	151	316	276	399	722	204
347	211	185	370	264	386	585	185
357	210	191	363	269	369	674	205
350	202	177	259	225	364	674	231
382	194	216	250	187	347	670	217
382	193	225	240	192	339	620	216
399	190	213	160	196	329	638	233
315	192	236	167	198	305	596	295
306	235	267	173	219	295	596	273
292	269	263	174	218	301	626	284
402	270	276	180	382	328	734	314
409	321	292	167	395	439	686	311
396	321	300	190	389	406	801	243
406	352	292	239	386	423	810	243
391	341	274	255	390	421	806	238
293	377	264	250	216	401	708	228
283	380	238	251	186	277	786	272
342	476	223	228	189	452	667	291
387	461	196	166	172	462	731	343
370	485	203	199	155	467	707	338
372	443	211	223	233	482	706	321
353	417	216	230	260	580	638	277
313	307	186	226	256	451	661	263
271	335	221	239	279	435	662	216
278	283	216	208	276	437	703	211
260	309	205	208	239	440	739	203
274	304	203	206	232	315	706	198
361	300	202	224	249	329	745	290
341	221	158	208	226	332	713	279
357	225	177	193	225	325	803	281
365	192	196	165	198	299	794	281
364	162	192	145	182	270	798	307
266	170	197	128	178	234	749	201
257	154	197	151	172	262	745	204
244	137	165	157	188	287	669	207
245	151	135	210	194	375	667	239
230	153	133	227	178	466	758	240
236	154	157	260	229	455	702	246
251	178	167	322	246	444	701	267
223	191	187	341	273	463	650	269
244	178	177	347	274	405	612	272
263	174	173	348	271	309	549	248
240	167	146	321	218	305	604	236
267	150	132	286	287	282	680	230
292	150	118	273	279	235	773	257
270	233	187	228	304	230	822	280
242	241	205	219	307	202	781	274
266	233	204	230	308	229	788	296
233	230	232	197	244	373	735	282
219	237	260	182	251	384	641	251
205	184	252	199	258	378	572	183
246	175	242	204	268	382	737	227
226	180	241	201	304	430	733	229
223	171	240	246	402	314	812	230
209	164	219	250	394	285	805	220
208	132	177	268	405	274	836	223
178	123	166	271	429	292	776	217
172	117	185	296	435	292	760	237
156	132	165	259	349	283	596	225
163	114	169	260	340	294	592	227
163	108	176	271	341	308	629	234
162	102	181	270	410	293	661	201
160	101	171	278	388	205	612	150
150	101	160	280	381	199	648	152
161	97	131	300	407	203	651	161
203	106	129	264	372	193	650	183
210	119	143	269	255	182	580	194
216	135	188	240	255	168	586	180
217	125	190	273	267	152	582	176
211	125	191	250	240	147	596	168
192	118	190	262	254	149	591	135
180	113	177	279	279	178	582	122
181	91	125	286	283	194	600	124
187	103	130	267	317	219	686	126
214	102	127	289	298	208	675	145
209	104	128	292	301	230	666	158
196	98	127	262	273	232	639	160
187	103	140	262	249	234	713	188
200	96	133	264	178	221	653	204
168	94	133	230	189	214	651	194
165	86	128	210	181	213	612	181
175	92	144	245	186	199	628	175
173	89	132	231	185	184	506	143
