0	1	2	3	4	5	6	7
239	111	154	130	97	267	602	168
213	113	175	171	104	262	559	167
216	148	175	188	107	256	521	166
223	151	185	194	108	306	569	185
232	148	186	263	103	303	547	182
169	135	182	313	106	287	452	148
187	151	171	320	109	299	556	150
179	124	212	324	108	361	556	149
161	123	216	331	108	321	532	119
148	125	221	310	124	310	541	115
146	154	230	267	120	306	522	129
181	153	260	246	117	319	609	137
203	157	277	253	117	261	641	134
207	156	294	294	127	265	615	134
209	164	277	280	122	260	606	133
214	137	264	270	108	264	591	132
159	113	232	297	122	291	393	107
117	106	188	290	128	280	363	96
102	123	163	225	114	223	361	98
171	135	155	204	102	239	535	113
177	134	157	198	105	280	606	128
174	138	201	147	82	229	608	130
173	144	205	117	66	220	597	131
171	123	191	117	68	254	607	131
91	89	191	137	71	243	472	129
112	99	224	149	66	191	354	99
115	100	192	148	75	188	359	94
158	89	187	161	85	235	449	113
173	88	181	161	86	277	475	118
182	85	204	145	79	272	462	108
153	82	240	155	86	271	438	102
161	78	233	146	77	261	497	111
129	75	225	127	62	240	457	99
109	78	226	132	72	157	434	89
98	119	232	130	72	154	464	87
128	114	166	103	61	169	462	91
161	118	165	104	65	174	427	82
162	120	175	143	75	145	388	76
170	123	177	144	74	158	371	84
170	100	150	138	75	168	346	88
152	107	154	157	83	161	404	87
131	100	164	165	86	154	432	108
155	95	143	149	82	174	452	107
145	92	136	158	82	170	456	99
145	88	136	164	91	166	490	105
153	87	124	179	105	151	492	109
154	83	101	185	117	179	488	95
130	87	101	180	119	159	465	95
132	99	121	171	120	134	459	92
199	115	126	172	125	127	436	93
204	111	126	159	114	202	392	85
192	118	125	143	102	187	319	75
208	127	142	141	104	190	347	79
222	127	139	149	101	196	513	102
171	99	119	150	86	223	546	108
169	95	109	131	99	171	592	121
181	96	136	155	106	166	600	132
194	84	136	180	141	173	634	143
193	87	130	179	160	212	553	138
201	101	134	172	159	182	534	133
195	116	143	174	169	173	485	134
207	126	138	189	209	168	522	140
200	138	137	165	189	160	508	137
202	129	144	159	174	147	574	150
218	135	140	164	177	146	598	152
222	128	168	172	164	147	627	157
207	121	196	174	157	159	610	150
183	107	200	186	160	209	572	140
180	108	194	183	167	201	589	167
209	95	211	195	180	204	580	170
219	100	190	220	190	210	572	174
212	99	170	199	164	204	563	170
219	107	165	214	203	226	588	176
209	104	167	214	203	297	571	143
194	108	188	224	197	315	688	142
194	116	192	201	183	315	761	145
218	108	175	200	174	320	760	151
221	129	207	180	134	278	865	200
243	131	203	178	127	316	843	204
237	127	177	168	124	303	742	213
228	122	205	222	154	310	781	223
208	128	211	225	160	305	772	222
217	109	182	214	145	299	657	181
237	114	191	218	145	213	726	234
297	144	208	229	219	341	732	255
396	149	185	185	215	378	708	292
432	150	189	173	210	382	835	312
427	154	191	183	219	392	831	313
406	180	283	189	217	360	755	265
375	158	269	183	143	232	777	256
394	151	270	163	133	180	808	215
478	153	297	164	141	176	732	230
492	144	307	176	181	177	751	242
507	119	225	178	196	180	753	256
495	122	235	150	199	175	801	234
442	126	245	191	208	179	751	213
323	128	229	211	210	175	729	163
299	145	222	202	163	148	756	140
357	133	227	202	162	158	906	165
359	139	234	226	164	163	829	187
317	136	240	216	190	165	786	193
300	131	254	198	188	175	763	192
322	117	280	240	209	178	791	201
234	126	311	244	200	172	703	184
232	113	299	274	213	169	728	176
261	121	284	282	185	137	786	201
291	134	256	288	182	119	861	251
295	142	241	275	176	131	789	252
285	140	196	298	201	124	688	245
276	141	188	265	208	121	711	244
321	148	182	243	208	115	692	229
308	132	191	231	214	113	629	179
289	115	170	198	220	110	692	192
287	105	161	179	211	120	686	188
291	102	161	175	200	140	726	175
353	90	163	192	200	164	764	295
347	89	146	305	250	168	740	299
356	104	134	339	253	162	681	287
380	107	136	330	244	165	729	282
375	110	134	339	257	167	695	299
281	113	162	362	273	135	573	182
316	112	158	294	220	131	637	190
357	100	154	258	207	140	684	204
339	104	160	264	208	123	652	207
