0	1	2	3	4	5	6	7
192	327	117	50	65	237	215	230
170	321	123	50	61	209	210	226
145	291	111	52	66	234	197	290
132	287	140	53	67	229	165	256
160	260	139	58	69	237	171	253
170	299	159	58	62	225	164	245
176	311	154	59	59	223	191	253
177	317	160	58	52	225	191	215
196	403	141	59	55	203	208	202
195	406	132	58	53	165	162	197
179	409	133	61	56	168	169	208
183	411	132	58	56	179	148	195
186	422	123	56	58	154	167	165
175	331	119	52	56	267	157	159
155	304	126	46	52	270	175	236
167	254	97	37	48	286	182	249
207	309	106	44	51	308	191	254
218	308	105	43	53	308	172	251
213	309	99	48	55	219	162	288
223	394	95	52	62	271	170	305
212	403	94	53	63	270	165	299
201	376	76	51	63	247	192	347
188	414	87	70	75	376	210	457
210	430	103	90	85	371	233	458
229	403	135	94	86	349	340	572
267	460	159	103	104	411	392	577
243	436	165	142	116	509	506	575
274	388	165	151	135	472	557	498
271	378	153	146	139	535	556	494
293	336	122	149	161	693	510	341
332	226	96	149	159	667	602	472
341	300	115	137	158	610	514	452
378	300	109	124	143	622	460	478
379	291	108	167	223	700	488	568
344	297	114	167	220	620	490	556
290	307	111	164	216	614	328	453
278	233	80	151	222	635	320	469
197	220	88	154	226	728	386	558
175	278	107	106	143	642	343	459
187	282	104	104	129	578	325	458
173	255	102	109	131	607	316	486
182	250	107	110	126	589	304	511
188	265	103	103	117	437	207	402
210	201	90	97	110	375	205	411
194	161	83	104	129	439	254	448
219	173	91	103	133	559	381	522
218	167	84	91	121	568	396	479
209	155	81	86	116	557	399	466
199	158	79	86	114	605	405	460
210	199	78	73	84	714	401	552
209	207	96	79	83	646	308	446
242	237	99	80	81	624	305	447
248	281	109	87	86	628	302	453
256	284	110	94	100	664	312	564
279	265	116	92	103	539	285	473
353	262	115	83	95	496	271	488
378	275	139	89	104	512	302	557
388	279	139	99	136	608	322	649
400	294	141	95	137	563	323	578
422	301	155	98	135	523	322	553
366	317	147	102	146	519	373	644
370	359	126	114	150	594	379	672
408	349	122	102	117	550	366	590
464	399	132	103	110	515	395	571
461	403	110	97	107	503	414	586
457	386	105	96	121	561	376	592
430	340	107	82	125	595	331	522
426	345	104	84	130	535	330	509
350	326	84	78	126	523	293	512
328	312	87	83	130	530	303	618
328	322	86	80	111	467	293	516
326	316	82	71	99	360	304	478
302	326	102	68	96	379	309	470
328	286	102	68	96	376	324	455
332	284	97	62	96	414	300	392
341	283	96	57	87	405	312	420
384	291	101	59	77	340	329	428
366	268	97	63	71	298	319	426
341	271	105	68	79	432	331	532
314	272	108	84	86	593	413	487
309	268	110	84	96	622	425	460
287	262	111	81	95	612	401	451
304	256	102	78	98	622	413	505
334	221	90	72	91	583	513	456
376	231	88	52	81	566	452	451
374	225	85	48	63	536	428	451
394	223	73	50	63	539	432	451
368	218	67	52	61	528	427	419
347	240	77	61	67	538	257	400
308	229	76	73	74	334	331	348
286	221	78	79	86	304	336	338
274	196	73	76	83	300	339	333
297	169	65	71	80	315	343	403
288	151	71	65	77	207	348	442
288	136	74	58	73	170	293	491
310	145	70	74	71	169	323	521
251	147	75	79	78	169	350	583
220	147	78	83	95	185	334	524
229	160	72	87	95	176	325	491
240	167	66	100	127	178	400	469
263	165	69	103	159	203	469	503
262	162	74	107	170	272	486	504
267	354	113	116	177	263	487	499
255	363	118	119	179	258	484	457
240	383	129	127	170	271	404	441
232	398	139	120	168	469	454	428
267	419	138	119	170	455	496	413
282	354	110	111	157	442	499	434
306	366	107	121	174	445	524	480
327	366	94	107	163	451	610	564
342	395	85	130	164	218	650	592
436	457	109	129	161	171	623	559
440	405	111	133	170	189	642	575
432	395	120	183	182	325	644	629
421	401	131	188	197	439	697	568
436	511	134	176	178	450	591	541
408	501	137	194	184	497	564	596
417	503	138	206	239	603	638	713
442	515	136	156	220	569	630	668
480	506	125	157	222	617	485	685
450	383	127	185	243	640	566	674
395	326	113	189	239	623	710	657
381	324	108	175	192	544	638	498
355	316	110	184	223	640	648	521
308	318	110	176	220	626	686	486
300	321	106	164	209	625	677	543
279	314	99	164	212	617	515	503
281	316	103	194	241	640	522	562
308	321	101	184	226	636	518	567
309	340	106	187	227	601	541	552
293	355	103	170	220	606	524	496
297	343	102	177	223	679	540	615
371	403	130	180	209	714	626	617
342	396	127	180	209	627	625	581
332	375	126	177	202	661	559	603
