0	1	2	3	4	5	6	7
198	290	104	155	135	660	503	491
227	304	110	163	158	670	492	488
233	366	145	170	157	670	503	474
218	348	154	171	166	797	513	575
220	345	159	197	211	791	487	544
317	368	171	192	224	603	401	515
295	379	169	188	218	571	266	525
284	297	147	178	209	618	247	606
274	265	144	205	211	471	232	498
274	273	135	173	187	387	204	435
167	252	108	155	172	411	199	467
195	233	105	155	173	422	206	446
186	226	94	157	182	369	225	337
175	208	81	108	168	304	202	333
183	185	74	123	169	345	196	354
179	200	76	152	176	429	216	413
153	190	88	157	179	539	216	392
155	184	95	152	169	531	171	385
175	194	95	150	168	546	183	442
194	217	103	145	155	589	261	502
219	227	107	117	139	535	256	411
212	226	92	97	120	422	248	406
226	224	96	118	141	485	265	440
263	224	116	135	144	550	283	453
255	197	109	127	136	480	248	377
228	223	105	130	133	454	234	361
248	237	111	132	134	500	269	393
242	236	99	111	113	548	274	394
250	287	103	119	111	504	251	313
246	302	106	119	99	499	222	305
253	263	105	116	95	511	250	404
238	249	105	137	113	476	225	471
250	265	115	153	144	370	221	466
204	199	91	130	135	313	223	473
193	171	84	126	133	311	219	483
174	171	79	121	147	310	204	454
174	237	83	115	169	283	249	413
147	253	83	107	162	221	234	404
444	359	111	114	162	224	226	421
512	398	114	112	163	246	244	511
586	418	123	123	159	288	417	689
606	390	124	134	135	315	444	711
608	371	115	132	131	329	462	702
438	276	88	134	155	362	471	700
368	235	87	138	158	382	517	743
250	207	75	131	155	419	530	581
258	251	98	162	186	438	513	524
256	260	105	169	177	433	496	543
260	280	104	173	169	454	500	585
263	313	111	184	179	437	464	509
292	312	117	194	184	367	288	482
310	413	124	153	154	376	254	513
328	427	126	146	154	461	305	553
355	530	155	139	150	411	296	504
393	532	150	122	136	404	281	458
405	546	159	102	120	396	312	473
373	477	153	120	106	388	345	564
412	495	170	122	138	307	329	517
388	460	163	123	149	313	326	504
467	492	177	123	150	305	313	469
455	593	176	158	173	302	282	474
501	651	173	139	175	258	268	407
465	644	150	131	156	287	281	403
485	614	139	142	140	325	292	404
409	716	156	153	142	323	318	467
421	676	194	115	117	323	335	483
357	646	239	136	128	310	291	408
355	648	251	142	129	245	240	390
380	633	255	146	140	184	216	393
411	478	238	157	151	278	201	351
392	427	222	164	155	287	215	289
386	381	172	146	138	269	214	268
542	452	223	141	139	269	211	290
585	504	237	245	204	327	270	476
539	563	270	303	220	289	267	464
529	577	273	319	226	288	246	463
525	630	344	327	232	303	263	489
492	627	323	328	264	360	277	500
504	738	343	268	217	329	212	353
496	701	329	280	285	312	197	346
528	766	360	271	301	319	259	406
561	821	383	289	309	459	408	410
459	803	405	333	357	478	422	385
491	714	390	334	377	465	428	388
563	810	431	383	400	471	440	503
537	740	419	393	419	519	416	475
618	705	346	431	486	394	299	502
676	763	352	400	449	325	290	521
641	839	365	391	433	327	288	513
593	751	382	460	400	303	269	396
651	771	378	501	480	189	246	474
620	735	383	486	496	213	221	475
604	722	391	492	485	197	202	455
549	683	407	533	502	212	220	446
543	741	475	552	574	385	255	518
484	803	505	655	623	531	379	441
483	864	545	667	586	540	421	450
514	833	553	668	616	541	434	463
565	763	543	664	708	626	497	568
564	719	470	681	775	585	527	668
570	679	498	641	721	464	490	734
516	594	446	612	698	444	449	726
526	613	412	618	688	460	455	753
477	621	422	628	604	438	434	806
489	585	414	545	519	396	395	696
609	702	332	552	557	396	342	647
607	707	359	559	560	391	348	655
534	665	361	568	566	386	383	662
521	697	364	598	576	359	383	570
561	726	358	552	470	351	395	631
469	588	348	492	373	327	388	624
446	558	328	508	374	337	381	619
508	562	329	567	395	364	329	607
538	495	295	505	352	282	257	587
490	532	251	474	374	266	214	516
479	572	324	436	332	272	251	521
486	564	335	457	349	402	360	490
442	597	320	391	288	419	387	508
446	663	351	417	291	405	387	478
440	626	351	450	276	399	380	510
403	554	283	416	271	434	365	530
408	555	254	362	249	394	309	564
443	551	261	326	230	363	295	531
457	505	211	260	196	364	331	545
516	557	222	244	209	502	360	584
511	559	240	251	218	581	398	610
