0	1	2	3	4	5	6	7
324	227	493	264	79	100	741	133
370	249	537	306	85	113	758	142
400	259	576	288	81	108	818	147
395	257	567	253	70	91	758	138
390	263	526	248	68	94	806	138
392	227	462	249	67	102	910	143
323	215	433	206	73	104	861	149
275	212	375	231	80	112	807	144
279	226	421	240	84	123	849	159
256	213	545	236	79	125	869	150
245	229	555	227	79	118	794	163
277	217	539	244	75	97	801	149
294	223	504	252	81	88	823	153
280	212	459	244	79	83	790	145
265	206	292	226	78	73	708	152
256	192	286	216	78	80	650	130
233	198	265	182	75	85	645	135
232	178	286	136	61	104	631	129
261	156	303	139	62	97	589	114
308	171	308	172	74	113	719	94
297	200	333	232	79	112	721	97
282	193	321	253	80	112	804	90
275	202	274	255	83	105	887	92
272	199	278	252	80	103	899	97
228	177	313	230	72	89	876	109
241	164	288	188	68	99	874	113
258	165	309	152	56	95	814	115
316	153	365	194	58	101	792	128
303	164	352	202	62	109	765	125
285	174	322	208	60	104	700	114
273	143	301	198	58	89	806	108
294	149	288	246	67	96	782	121
269	166	219	214	63	79	690	112
297	153	188	211	60	73	773	117
305	155	225	220	58	84	811	128
300	160	255	229	63	97	749	130
269	149	234	180	61	92	712	119
257	129	266	192	68	89	723	114
238	130	316	196	71	90	667	109
248	115	317	184	75	87	693	99
264	100	303	172	71	81	622	95
265	101	321	198	70	83	647	90
254	121	338	238	71	84	645	93
237	132	384	239	71	87	691	90
264	126	411	264	81	93	643	100
257	129	419	268	80	93	659	112
271	131	451	278	75	92	667	120
261	116	438	241	73	105	745	123
317	102	359	227	67	102	678	125
303	106	326	247	71	108	655	120
293	100	317	244	73	103	684	119
281	95	264	213	73	100	659	110
299	94	226	200	68	87	598	104
254	86	258	203	67	84	653	110
244	84	254	135	48	85	626	119
278	86	246	124	44	115	588	129
289	82	235	134	59	131	722	130
272	77	238	134	63	135	756	138
293	85	209	135	69	137	719	152
293	79	171	131	71	143	747	151
400	83	161	129	75	149	799	217
410	84	143	105	63	153	690	241
480	88	151	224	89	157	630	269
475	82	145	230	88	158	642	268
479	84	148	231	88	153	753	263
399	94	150	239	91	153	737	222
414	112	177	244	92	144	725	198
343	105	182	142	66	149	680	151
341	108	180	148	67	150	682	148
360	115	178	141	72	184	533	155
340	106	173	126	66	178	504	130
334	84	157	124	70	174	520	127
316	81	130	127	70	163	558	134
294	72	120	94	67	159	557	118
250	65	114	94	59	112	640	121
259	62	115	90	55	105	679	143
216	61	120	93	53	100	676	143
218	63	135	77	55	111	695	142
238	62	132	74	56	142	696	148
234	55	134	75	55	149	572	137
217	53	166	98	59	141	668	123
221	62	222	117	63	142	715	142
218	54	212	120	66	143	743	161
201	52	214	118	63	124	765	159
