0	1	2	3	4	5	6	7
172	282	97	95	111	289	148	256
156	242	110	100	121	280	148	255
153	257	106	96	122	258	140	263
179	297	122	109	125	259	142	280
183	308	118	95	117	284	130	279
202	329	116	97	117	282	115	341
213	344	107	93	108	235	109	327
207	350	117	99	106	229	96	315
183	331	104	86	101	299	117	349
176	330	102	86	93	289	129	325
186	314	99	73	80	286	189	245
194	352	87	67	73	305	229	306
198	338	86	98	123	354	243	399
197	329	84	105	126	324	237	368
222	342	90	104	130	305	230	365
215	383	89	107	135	314	194	377
215	338	90	110	136	397	175	351
211	366	77	79	91	379	168	293
211	359	75	64	82	354	161	280
173	333	78	65	75	344	160	277
149	256	81	61	64	341	148	253
144	282	84	57	63	239	141	229
184	274	91	53	52	241	158	203
233	306	109	61	72	282	176	203
243	313	111	72	79	292	212	292
261	348	109	92	96	334	238	447
271	343	113	104	107	353	232	496
306	357	140	115	123	342	223	502
281	358	155	128	128	439	259	547
278	364	155	141	153	576	323	622
306	447	178	151	178	601	332	573
340	574	206	170	218	598	327	534
312	578	196	172	214	744	329	537
316	624	177	174	219	708	292	524
358	709	179	177	222	612	198	415
416	724	189	185	236	587	150	354
394	704	167	198	277	611	176	355
383	733	173	195	301	509	165	333
391	723	191	226	336	473	167	278
383	687	193	219	332	457	149	217
283	668	178	200	305	437	161	290
257	599	168	180	238	435	179	320
292	569	157	199	229	349	192	313
269	521	149	177	191	357	201	320
229	451	140	170	181	379	226	365
352	387	136	174	181	380	235	427
392	388	149	173	199	356	278	454
377	339	147	152	176	368	290	473
400	388	137	127	141	560	312	500
409	428	136	125	137	604	414	502
390	507	154	149	196	596	486	429
363	499	145	168	229	618	466	400
352	498	158	183	269	643	468	385
351	494	169	187	280	644	453	361
394	491	173	206	297	604	367	329
324	396	163	188	275	643	298	436
369	483	165	164	240	653	318	452
421	592	167	155	195	615	304	463
407	600	154	153	201	442	347	460
391	605	187	206	274	595	458	550
405	625	193	209	264	609	473	492
404	628	192	208	258	619	445	484
375	553	182	216	269	631	444	499
383	513	184	219	269	696	459	609
364	511	173	168	201	591	372	571
410	499	156	171	208	547	357	562
378	406	163	192	238	692	532	572
424	399	186	187	276	845	722	773
419	420	195	186	279	819	734	721
449	447	174	172	263	798	729	692
390	419	164	161	268	870	742	744
423	487	156	154	252	784	676	786
362	510	130	135	189	616	528	626
361	499	108	120	165	630	501	605
313	492	125	137	187	807	562	785
336	551	139	148	173	759	549	781
314	590	136	126	169	677	489	744
298	544	126	125	172	655	433	713
282	554	136	133	179	648	411	719
274	549	114	120	156	413	307	515
238	534	119	114	161	340	256	416
203	444	118	110	145	366	282	459
235	602	132	114	145	353	309	483
270	678	138	155	148	249	324	576
305	687	167	164	167	233	358	579
338	764	165	162	162	216	387	611
366	774	169	160	162	172	405	624
374	664	160	166	155	218	427	606
397	569	160	121	145	250	508	539
406	580	148	112	145	259	527	569
392	470	137	104	141	302	550	604
402	492	137	109	143	338	559	542
407	512	150	181	169	307	545	530
372	505	145	196	180	293	481	494
342	440	131	194	156	314	530	510
404	458	171	210	170	341	601	560
363	379	168	215	173	331	611	526
346	401	169	153	181	334	586	504
358	447	169	142	165	326	561	547
374	592	187	217	179	374	559	599
298	548	165	252	192	306	547	527
296	564	210	267	199	273	527	548
304	600	238	284	177	270	530	608
295	616	244	328	294	275	574	677
290	602	277	380	467	155	571	587
465	732	332	409	532	177	484	595
487	834	314	407	572	176	454	593
476	866	320	404	576	178	498	724
522	963	375	417	584	224	531	712
575	945	358	369	470	217	439	733
433	871	379	366	419	218	418	707
444	807	387	399	387	217	420	728
519	791	381	399	399	211	361	587
472	648	352	395	379	166	351	526
408	600	334	376	521	252	549	570
473	686	280	356	623	255	639	596
442	688	321	371	634	257	643	567
347	650	347	403	636	265	645	527
338	701	339	430	640	250	618	493
317	731	366	465	533	147	464	420
215	665	421	465	455	192	348	481
230	772	467	470	503	281	378	487
276	796	513	601	620	330	407	579
281	762	521	575	651	399	522	579
305	740	554	565	676	423	596	595
329	760	546	557	643	397	577	491
314	649	557	612	646	354	582	482
301	716	498	556	526	322	631	402
389	814	560	548	485	259	534	406
463	928	583	582	462	231	427	439
497	958	590	579	474	235	500	503
513	949	547	488	395	216	474	633
532	891	550	388	470	226	399	630
481	879	507	390	421	213	364	617
395	743	440	303	399	195	376	565
423	781	498	280	355	354	396	710
408	790	567	295	343	442	521	651
415	857	651	397	298	438	506	707
405	760	689	376	289	431	495	713
446	795	740	379	274	457	534	802
400	873	709	419	306	414	583	738
455	908	668	464	309	343	552	804
477	974	637	397	261	330	551	747
588	1111	631	394	255	339	565	777
598	1110	675	386	261	308	593	733
591	992	659	347	223	220	485	679
547	934	633	246	220	187	387	559
493	756	571	184	219	223	448	617
382	651	554	257	266	337	485	620
323	693	426	256	261	354	409	571
285	656	448	252	261	348	401	539
277	663	455	241	250	412	458	695
300	708	478	255	267	453	521	780
384	657	448	189	223	395	492	752
384	581	432	191	216	385	480	780
389	625	354	201	258	400	469	841
