0	1	2	3	4	5	6	7
60	41	35	55	41	148	140	47
67	41	38	57	41	139	152	48
105	33	34	54	40	147	146	59
116	35	36	45	34	156	112	64
123	34	36	36	31	198	126	66
124	36	38	40	38	205	134	62
131	35	34	35	37	196	125	68
108	30	31	34	40	219	146	65
116	36	28	33	43	205	174	67
134	46	38	32	39	168	166	71
136	44	35	29	36	230	173	77
132	44	39	36	40	270	179	77
144	45	40	42	41	259	164	75
134	38	40	45	39	267	134	73
117	34	35	49	43	287	151	76
114	35	34	53	44	288	153	70
129	39	32	54	46	281	162	74
113	41	31	52	42	284	169	79
108	43	32	51	40	274	177	77
105	40	29	46	37	260	162	66
118	43	29	42	35	243	160	69
94	39	28	37	30	239	153	67
89	47	33	34	33	219	162	62
96	49	41	48	35	238	212	72
134	88	67	82	50	238	312	98
134	90	74	89	56	220	312	100
135	91	74	90	55	206	307	95
142	94	74	93	56	199	313	96
223	106	80	91	59	175	365	138
232	87	71	69	47	180	415	192
247	101	73	61	41	140	435	201
256	107	83	63	41	166	442	204
281	102	88	62	42	205	452	235
264	88	82	58	36	252	395	222
265	91	78	58	35	247	278	186
360	111	105	64	41	249	276	198
420	108	106	72	42	214	272	209
410	116	109	73	41	198	235	171
395	122	111	73	53	164	286	172
408	122	111	71	58	179	275	162
335	92	82	65	57	238	290	142
277	94	75	61	57	251	341	162
292	85	69	78	60	251	351	173
326	90	69	78	52	260	308	165
344	84	65	76	46	283	323	164
361	83	64	78	47	374	474	182
410	91	63	81	51	393	483	209
412	93	58	74	51	388	478	210
376	85	60	93	60	376	474	216
381	89	66	101	70	356	511	242
358	89	62	98	69	278	366	231
312	80	61	93	67	285	321	207
312	79	63	94	62	284	347	204
320	82	61	77	57	312	349	200
254	73	58	69	46	309	284	157
256	74	62	69	41	261	287	157
222	71	63	75	42	208	262	121
248	81	64	71	46	206	231	140
253	77	60	65	38	145	228	134
258	77	57	66	40	161	342	141
249	71	53	64	41	136	340	141
243	76	54	59	37	132	345	137
202	60	48	50	39	125	349	109
190	70	51	56	44	168	362	115
201	69	54	56	40	144	255	140
200	76	60	56	42	148	212	143
209	86	62	58	43	147	210	185
204	97	73	59	40	150	198	184
212	92	72	57	37	138	182	184
216	94	72	63	37	162	166	175
267	102	79	66	38	163	259	186
281	93	75	61	38	164	263	151
277	87	66	61	37	168	298	153
271	83	66	67	45	185	295	143
292	84	73	66	45	189	309	127
284	87	72	66	48	189	285	164
276	91	76	71	46	192	280	164
274	94	78	81	50	200	239	160
270	96	81	134	62	245	267	168
263	96	76	137	70	241	280	181
212	83	69	137	66	238	265	139
232	81	65	136	68	263	280	146
303	87	66	133	70	271	305	153
337	89	67	79	60	311	328	176
317	85	64	72	51	319	383	165
391	83	65	75	55	327	409	164
397	80	64	75	54	310	412	170
367	71	62	76	50	308	413	179
338	71	54	73	42	256	480	162
335	70	52	67	45	247	454	165
250	72	47	61	42	245	465	156
219	70	51	58	44	269	455	133
181	66	48	52	41	287	449	112
220	72	49	51	45	245	343	121
229	78	51	53	43	229	306	126
247	76	51	67	47	230	266	151
237	77	55	67	44	201	276	161
227	76	73	70	47	153	261	159
189	66	75	67	42	127	272	138
211	60	75	71	44	158	313	148
204	62	75	58	40	162	294	136
205	65	83	59	38	157	287	146
228	69	78	55	35	155	293	149
244	73	83	58	34	152	275	154
253	70	87	53	29	108	260	145
254	76	88	56	27	84	275	135
299	73	78	52	33	98	294	123
297	75	70	57	36	109	310	131
298	78	63	59	40	114	373	137
273	84	61	56	39	112	364	128
289	84	63	55	41	99	335	123
331	85	68	59	42	121	403	134
345	86	77	54	41	135	404	146
337	82	81	54	40	131	340	139
358	84	82	60	43	131	318	140
338	80	85	61	43	133	342	154
245	75	80	60	41	156	240	151
229	66	81	60	41	144	199	139
223	61	76	53	39	148	258	138
240	50	70	44	34	147	253	153
233	54	71	43	36	146	230	135
246	63	73	44	34	80	224	131
241	65	77	48	35	115	234	124
306	64	77	52	35	169	167	130
279	72	88	55	38	177	208	110
347	70	85	56	41	178	219	130
382	67	103	54	42	180	227	160
391	76	108	50	39	156	221	172
370	85	116	58	43	122	223	182
357	80	109	62	46	119	188	183
325	83	113	62	40	121	190	208
311	80	98	62	40	120	218	208
294	81	95	70	48	139	210	214
276	80	90	66	53	172	227	200
289	80	91	65	57	176	249	212
276	75	84	64	57	176	246	183
258	81	80	66	57	203	253	163
292	73	66	135	84	249	271	163
275	69	68	229	124	252	272	169
258	75	74	252	130	252	249	150
274	73	74	253	130	254	302	168
258	67	72	255	130	260	272	158
276	67	64	227	115	222	257	143
305	71	66	144	72	190	239	145
487	75	58	97	57	212	240	225
499	82	59	94	58	211	210	212
506	80	58	89	59	175	216	214
495	78	58	82	55	155	222	220
479	75	44	58	45	175	225	220
303	63	40	60	40	154	242	156
248	52	37	62	41	151	203	160
242	53	39	80	44	201	243	169
204	63	45	78	51	209	252	162
235	60	46	79	52	182	249	162
252	58	46	86	54	168	232	152
288	66	50	90	55	173	259	158
326	67	49	74	52	111	213	155
329	70	48	75	45	144	197	148
358	76	47	75	47	151	199	138
337	77	52	67	44	156	185	127
308	73	53	63	42	171	142	118
264	74	55	66	44	178	142	99
296	65	53	65	41	141	162	101
255	63	57	65	40	128	175	110
265	61	52	66	41	120	210	112
254	62	53	86	46	145	198	93
255	62	52	90	47	140	210	99
220	63	59	90	48	173	202	91
195	55	55	88	45	183	213	79
244	59	55	84	45	186	211	99
273	56	52	69	44	148	331	97
291	62	62	75	54	147	331	95
277	64	54	70	51	127	336	99
