0	1	2	3	4	5	6	7
197	95	80	82	63	361	186	94
187	94	83	94	59	260	197	113
180	87	83	100	62	299	183	112
210	84	97	109	60	296	260	125
233	79	93	108	58	275	413	161
244	71	91	112	73	350	474	165
313	70	84	101	74	351	487	173
347	78	91	92	69	318	499	178
354	75	76	81	69	316	487	178
329	74	76	98	86	353	354	151
328	70	70	99	86	305	284	136
292	71	69	94	83	295	276	110
301	69	59	89	85	332	275	128
273	71	55	87	96	425	354	149
303	70	54	77	96	466	386	153
292	68	52	63	84	456	374	152
267	73	50	61	83	472	367	148
260	68	45	68	84	468	357	133
255	77	52	73	76	385	245	99
222	85	68	65	59	297	197	95
240	99	74	70	61	264	218	110
236	98	82	77	66	276	275	110
178	96	87	76	72	274	311	123
176	93	86	70	64	265	341	138
181	85	71	70	65	269	334	134
165	79	71	66	61	318	350	128
183	70	66	72	60	281	364	131
204	70	60	74	53	259	328	121
244	65	57	72	54	265	291	102
237	65	60	85	67	394	349	104
232	56	52	88	83	431	314	111
215	57	51	79	79	447	236	111
197	57	54	74	77	474	266	100
156	54	54	73	75	502	352	100
152	51	53	56	68	430	315	94
139	48	51	43	45	363	319	80
148	45	46	44	45	345	374	91
159	48	50	48	49	319	370	97
163	50	51	51	49	274	296	97
184	53	50	53	48	281	303	129
224	76	55	66	61	318	359	174
264	87	59	72	63	361	373	175
287	100	61	73	65	349	391	194
337	102	70	101	73	361	421	225
428	120	98	110	89	360	504	236
460	117	111	118	103	453	546	243
537	125	135	134	109	449	598	298
542	164	183	166	109	475	737	322
574	182	185	172	127	578	794	356
568	181	182	187	127	708	794	404
614	231	193	190	119	803	825	452
648	241	198	213	131	841	909	451
671	219	157	215	132	835	900	435
636	208	163	293	148	899	875	409
589	213	173	454	193	851	886	360
507	153	155	467	193	704	854	269
562	138	130	465	185	645	808	310
636	134	133	493	188	658	717	409
660	140	167	476	176	584	667	397
670	122	205	585	184	525	609	385
776	126	214	602	197	525	662	439
751	130	214	594	197	526	629	504
743	145	210	574	199	613	721	481
729	139	202	605	196	505	760	497
718	146	171	440	137	483	749	505
664	146	159	405	113	500	719	504
605	134	156	414	123	542	681	379
520	121	186	433	141	477	541	298
491	135	222	373	154	479	520	263
532	140	209	274	154	468	577	285
488	138	213	271	159	476	537	222
439	150	237	279	161	487	524	232
428	167	265	389	200	424	548	244
460	161	228	415	209	425	595	270
441	152	221	417	209	480	538	238
418	155	222	435	216	463	561	224
372	145	199	454	224	402	581	212
363	122	133	369	195	401	636	216
400	111	130	335	165	447	684	287
443	120	161	343	164	405	714	322
484	129	153	357	162	388	719	337
495	134	179	320	149	384	707	350
510	136	175	273	117	371	668	351
449	140	157	251	115	326	562	276
382	133	126	225	114	294	598	269
330	150	138	183	111	257	638	264
358	151	141	218	117	240	645	270
346	156	165	226	133	247	629	259
353	154	168	224	135	240	628	258
411	155	172	241	135	280	682	269
419	124	170	229	118	288	616	260
375	150	236	209	105	282	556	225
392	151	238	193	83	267	622	263
445	145	244	197	88	228	625	279
402	142	250	198	98	147	543	228
378	147	271	197	93	138	529	210
402	118	227	193	101	133	528	216
384	111	226	208	118	228	561	177
385	114	226	204	115	247	671	231
365	121	272	200	108	248	652	235
415	114	254	184	109	244	644	233
405	113	233	171	102	261	749	238
388	100	224	141	78	200	714	231
368	107	239	176	81	157	670	150
370	105	190	201	106	167	679	151
305	103	180	215	108	215	682	163
292	112	178	210	104	202	585	177
315	108	179	219	111	188	522	174
255	103	149	210	113	198	515	172
331	121	151	180	97	201	519	180
358	134	179	204	120	147	496	166
374	123	168	205	125	144	534	157
364	128	167	208	119	220	635	179
382	124	165	201	115	221	617	188
321	101	146	194	117	216	605	208
320	84	138	199	111	250	691	220
351	94	145	222	135	325	779	226
387	95	137	231	150	304	718	211
384	114	153	244	152	304	736	204
384	116	171	276	171	316	783	193
472	122	155	318	195	481	784	247
454	117	149	335	221	513	648	255
524	137	218	407	346	506	711	288
525	126	217	436	368	575	839	289
530	126	202	477	402	672	978	315
512	131	208	556	409	574	989	391
706	220	276	558	512	530	1101	559
662	210	244	605	509	544	1110	571
672	209	241	601	530	510	1016	574
666	211	251	587	524	466	826	557
636	218	258	541	556	457	834	507
415	156	223	589	522	442	754	312
400	161	247	502	484	476	711	304
483	169	251	489	452	431	862	441
514	166	243	458	494	434	891	464
474	153	237	417	473	444	809	431
455	132	206	354	423	484	902	468
428	126	165	430	406	463	939	465
532	124	175	432	429	497	751	450
507	136	189	440	364	398	729	432
523	137	187	542	541	392	742	437
525	132	195	637	608	348	613	426
532	139	187	611	627	335	630	411
295	136	171	665	654	315	690	290
342	132	168	716	675	322	746	295
372	139	163	663	521	326	795	305
513	139	154	660	436	321	765	360
549	156	146	665	430	295	764	429
557	156	145	606	368	273	740	428
518	149	124	538	319	421	702	416
551	136	109	492	324	444	768	437
534	154	130	384	297	448	824	424
488	133	130	353	256	446	723	342
512	124	129	439	279	552	747	349
528	127	137	484	333	560	787	354
483	135	165	515	345	530	719	329
418	111	210	506	358	515	632	230
427	103	224	537	396	522	654	223
395	106	221	481	376	433	717	199
373	130	256	490	338	282	752	187
337	127	248	450	328	302	691	161
356	124	194	419	316	324	701	161
365	133	187	342	261	362	731	193
398	143	193	371	276	336	662	232
409	116	141	377	275	360	542	236
420	107	137	369	298	381	574	245
449	117	148	427	289	390	586	307
431	107	142	457	293	352	525	307
402	100	144	456	297	350	463	295
393	108	147	429	303	333	470	314
507	115	160	495	325	463	524	350
538	113	159	494	361	479	609	380
547	119	167	480	367	481	655	370
533	115	162	434	349	476	667	352
549	109	155	405	334	529	684	348
453	110	142	371	301	432	757	324
280	99	157	363	250	423	682	204
255	85	149	377	221	414	648	185
324	92	145	431	222	515	678	211
299	92	147	415	255	475	760	193
268	84	167	392	234	435	637	151
