0	1	2	3	4	5	6	7
99	65	105	111	74	398	180	73
103	69	85	104	77	412	193	74
87	70	87	102	75	407	195	75
86	71	86	106	72	320	183	73
98	68	91	117	80	239	181	73
106	67	129	128	82	221	143	83
93	63	173	139	82	226	146	82
96	52	172	138	84	384	144	85
96	51	171	138	84	408	135	80
104	50	166	127	76	410	140	70
103	49	166	121	58	404	132	62
108	45	121	108	49	448	128	65
106	43	119	108	46	318	132	61
108	54	122	106	46	301	143	64
90	58	125	109	45	328	137	58
85	57	84	82	43	373	136	52
79	61	73	73	45	344	143	56
75	61	72	74	44	339	214	62
68	53	70	76	45	370	210	63
63	54	62	76	46	356	227	63
56	53	66	77	48	310	228	63
57	55	84	73	50	279	230	65
58	57	89	72	55	295	212	57
69	59	86	69	53	244	211	58
72	55	84	68	52	216	194	61
108	56	87	64	52	214	211	66
107	54	78	69	55	220	212	68
111	56	76	74	55	257	166	72
113	58	80	76	61	258	214	86
121	54	93	86	60	261	222	89
94	57	104	87	58	263	216	90
102	55	100	80	54	320	205	86
96	51	93	72	53	309	232	89
102	44	97	74	48	291	205	79
96	46	84	60	46	289	202	76
100	48	64	62	46	301	204	79
91	47	64	75	51	280	224	90
91	46	66	76	50	297	192	83
77	46	65	75	50	313	190	80
81	49	65	77	52	317	184	80
77	44	64	74	55	383	172	70
79	42	68	62	47	352	159	51
81	41	66	59	44	333	206	62
88	50	58	49	42	327	192	66
87	51	59	44	43	332	210	65
93	50	75	49	50	375	210	71
111	49	72	54	53	380	211	77
117	49	75	53	54	365	191	78
121	43	76	55	53	359	266	100
142	64	89	82	55	361	353	102
237	79	113	102	55	231	396	126
237	85	122	102	58	203	419	127
245	92	122	107	69	236	416	126
265	94	123	110	79	254	401	113
263	83	117	103	79	239	330	112
191	78	103	102	77	220	274	82
216	87	94	102	74	232	230	94
218	101	100	99	63	237	214	95
204	99	98	95	52	273	168	89
243	154	113	86	53	285	170	102
244	158	100	59	44	285	174	101
234	158	96	62	46	288	185	86
235	152	89	59	49	256	190	91
225	156	92	59	51	188	194	96
170	104	65	59	45	197	178	85
159	94	75	72	48	203	184	92
134	92	76	69	44	177	168	95
136	83	75	70	44	232	187	93
151	83	74	72	39	243	181	87
156	82	76	68	40	220	174	89
152	80	58	58	40	215	173	86
149	68	53	54	40	230	206	86
160	66	51	52	38	164	222	79
160	61	48	50	41	175	250	84
169	71	50	47	42	176	259	80
172	71	52	46	40	203	261	76
192	76	53	51	43	216	251	86
171	90	60	51	42	202	250	82
159	90	57	50	40	192	244	73
159	89	61	52	41	196	266	84
162	88	58	45	42	165	269	87
144	103	65	45	40	115	252	72
145	93	62	45	39	113	220	70
145	95	65	47	39	150	214	77
127	88	58	45	36	161	186	75
119	93	59	47	33	161	198	72
113	77	50	41	31	161	209	72
121	83	50	43	31	165	238	73
152	88	49	43	34	148	211	71
162	94	60	42	34	129	202	60
164	88	60	40	43	140	197	64
171	85	61	37	43	175	238	72
154	77	59	35	45	184	221	79
111	67	61	33	39	155	252	76
93	56	51	36	42	181	256	80
85	53	51	46	35	204	280	87
70	55	51	51	38	187	242	79
73	56	58	52	35	174	236	76
98	55	53	54	38	187	201	80
96	51	51	56	39	186	197	73
94	55	50	49	45	163	148	57
98	59	62	48	43	152	165	66
101	53	53	46	43	192	188	64
95	51	57	47	47	185	213	76
108	55	58	43	48	178	252	80
118	48	58	44	46	176	272	80
115	43	47	45	47	186	270	78
115	46	55	49	50	189	283	85
100	48	50	57	57	225	277	75
92	48	49	57	58	248	233	70
108	53	50	60	54	246	243	82
108	54	46	59	54	243	262	80
106	50	35	59	51	215	228	72
108	51	41	56	43	202	214	68
108	52	45	65	37	181	232	68
105	49	44	69	41	175	202	68
116	52	53	72	45	172	158	67
135	57	61	83	47	175	158	79
149	55	62	90	47	181	178	88
158	64	61	89	48	176	185	94
150	65	62	87	46	183	176	87
147	61	62	88	40	187	183	93
131	59	56	77	42	226	180	93
134	64	53	65	39	195	175	92
124	53	53	76	56	214	138	95
115	54	53	90	64	220	138	92
115	60	49	88	68	213	136	88
111	58	47	89	67	184	153	88
140	59	53	90	75	203	169	106
160	66	49	98	66	170	176	112
160	65	58	94	66	154	179	112
162	64	66	96	64	161	178	115
170	68	70	96	67	194	184	105
126	64	66	100	68	185	153	77
97	58	69	101	72	181	152	54
99	55	64	99	70	181	142	55
91	50	53	100	69	181	170	49
99	63	69	104	68	134	211	53
108	64	72	105	59	187	218	62
109	67	77	92	59	190	228	66
108	69	77	81	55	194	229	65
101	67	76	75	56	192	209	59
110	55	69	75	59	181	168	68
153	55	79	73	57	158	168	71
177	48	76	62	48	166	156	96
201	50	75	63	49	161	163	110
203	48	76	69	47	155	163	113
195	45	70	83	46	169	176	109
176	42	54	76	55	195	180	110
167	50	58	80	54	241	188	103
172	47	60	81	55	252	216	97
172	49	61	77	55	256	255	99
166	47	64	68	61	247	234	99
163	44	67	85	67	270	233	92
147	38	63	95	77	244	228	77
110	38	63	108	84	239	226	69
130	50	67	116	89	264	206	98
200	61	72	133	91	329	200	114
197	66	78	131	92	345	194	115
204	65	74	125	86	345	200	113
208	66	72	114	80	345	190	114
197	56	66	109	76	340	164	97
137	50	58	97	74	425	181	80
138	46	55	99	75	398	188	83
135	45	52	94	73	386	174	84
144	45	50	99	70	383	187	84
155	47	50	95	69	378	190	74
150	42	46	79	66	203	179	76
141	38	36	60	57	166	207	75
145	39	39	70	58	180	248	82
139	38	44	70	64	204	221	80
127	41	43	75	71	211	226	83
127	41	40	74	66	220	234	77
124	41	43	83	71	238	200	71
119	43	48	80	74	232	143	63
120	47	46	76	70	234	153	69
119	49	49	72	68	222	175	69
116	55	51	68	65	212	157	73
116	57	52	56	59	185	159	73
130	63	47	61	54	184	183	77
136	59	43	59	53	152	177	77
135	55	41	60	51	159	152	79
152	50	45	66	55	164	167	76
152	51	42	73	47	171	160	75
134	45	46	69	51	161	143	71
122	44	50	75	54	163	175	60
133	42	49	76	54	161	163	55
115	51	45	82	51	165	162	52
113	50	47	97	56	148	215	54
120	50	47	102	61	143	212	56
116	49	45	100	57	144	203	59
106	52	46	98	55	127	251	54
101	42	48	88	53	110	266	54
98	41	47	66	50	133	236	58
90	41	48	62	48	151	268	60
97	52	51	56	48	146	260	60
97	53	51	60	52	160	217	76
110	52	47	61	53	183	216	89
111	58	46	59	55	158	206	88
110	55	46	74	53	164	163	86
102	45	41	79	54	166	174	86
