0	1	2	3	4	5	6	7
227	208	209	134	103	298	641	151
228	204	209	152	105	322	684	148
230	206	214	171	114	326	689	154
236	212	226	167	109	321	586	127
272	145	166	149	100	353	488	141
236	107	150	173	85	316	478	148
233	97	148	179	97	290	479	159
229	97	155	187	97	276	438	151
245	87	137	198	101	366	575	197
186	88	153	211	100	339	561	184
169	97	182	185	92	314	562	182
154	106	181	165	74	296	508	171
176	112	175	153	59	307	541	190
164	105	172	138	50	294	367	132
187	100	162	119	63	323	532	185
239	89	146	121	70	332	582	207
290	83	149	127	79	375	604	213
277	78	138	108	80	387	593	199
266	92	136	103	92	327	636	209
255	96	135	111	85	303	540	179
218	98	124	103	80	299	548	162
211	100	145	117	73	248	537	158
217	95	152	124	81	206	538	153
256	82	150	139	87	316	607	150
258	88	151	133	96	358	649	135
266	85	147	150	102	377	617	119
327	90	120	149	115	379	652	128
331	106	147	159	114	408	700	153
320	123	177	156	121	442	614	145
327	135	184	160	125	423	533	142
337	146	180	142	122	401	514	149
261	139	182	125	110	411	474	131
273	133	179	140	135	392	459	108
257	135	170	165	159	286	438	102
248	152	178	160	156	271	435	95
230	143	185	169	160	292	569	148
205	143	186	181	165	286	570	153
211	137	185	165	152	291	592	187
214	145	187	218	160	238	611	191
191	135	205	230	183	414	645	195
182	152	200	230	184	486	547	166
200	160	201	225	190	496	615	183
311	170	200	229	193	494	643	192
314	153	192	152	193	493	627	198
323	135	168	171	203	441	610	195
327	177	179	276	444	597	596	186
318	198	197	298	466	611	627	185
211	200	201	291	468	616	636	189
211	205	198	296	481	636	659	183
226	207	225	283	471	637	645	183
316	198	229	180	260	462	650	183
332	183	218	152	257	434	617	176
316	206	227	202	274	433	498	168
318	211	222	202	239	445	518	180
304	209	190	223	289	441	541	181
286	174	206	243	348	409	619	204
409	173	210	319	355	414	660	243
439	172	181	329	371	498	724	224
444	179	181	369	418	509	687	213
452	249	227	380	410	433	783	220
417	260	219	383	392	428	746	202
271	257	222	340	395	532	657	195
214	235	250	317	458	512	600	189
247	232	279	281	448	464	662	226
245	169	248	260	436	469	540	241
229	161	232	284	424	459	487	243
235	166	216	290	424	355	461	211
256	195	193	318	475	254	480	212
217	229	213	319	475	254	486	198
224	223	221	334	487	381	538	187
342	223	221	315	499	458	702	316
352	219	225	287	475	451	740	321
346	206	238	248	359	445	725	320
340	196	206	244	311	442	653	302
325	245	209	206	286	326	598	299
185	246	211	185	250	276	488	185
197	260	212	183	251	256	581	185
243	252	195	165	188	265	619	206
243	267	208	178	208	269	624	214
256	237	200	182	190	276	624	203
261	256	197	193	195	213	663	188
236	255	190	190	185	216	642	202
175	279	192	197	195	222	620	193
183	247	166	187	179	221	660	197
165	257	155	189	209	228	681	198
159	244	161	169	191	228	611	190
157	266	174	203	207	228	537	157
162	242	175	261	198	323	593	148
178	235	163	258	206	412	627	184
225	248	170	263	206	404	689	197
227	259	189	261	212	399	670	192
233	222	186	258	227	394	682	217
235	216	175	208	237	371	680	216
239	211	178	197	225	318	658	194
199	154	192	186	210	318	603	197
200	118	179	189	215	355	590	199
193	132	190	165	181	373	556	168
188	134	191	167	168	327	495	166
202	138	194	165	169	326	787	171
232	139	165	159	204	340	774	154
238	124	143	179	185	306	783	149
236	102	136	196	216	288	893	174
233	108	143	177	237	315	920	173
190	97	125	183	232	268	644	154
166	108	129	189	202	263	669	163
165	111	128	180	205	259	690	163
187	111	120	150	177	254	722	154
207	100	101	178	171	238	766	172
209	96	99	206	186	249	775	169
191	81	91	203	190	248	806	165
217	103	115	192	190	246	862	178
224	110	121	219	193	248	756	172
214	115	138	211	230	287	676	147
216	118	141	195	254	308	682	150
220	117	142	216	251	302	648	149
207	94	139	244	276	323	630	138
203	87	154	251	284	355	592	130
192	81	141	304	272	329	566	130
196	79	142	324	294	303	639	161
209	98	147	344	311	302	606	157
210	99	141	325	298	290	541	152
192	92	105	313	308	255	669	168
187	88	100	306	299	217	685	172
175	89	96	326	254	208	592	138
161	74	92	299	217	246	680	147
160	80	83	352	281	228	665	156
168	90	99	361	310	295	533	137
174	95	101	320	309	311	499	127
172	101	110	284	358	319	509	120
170	95	112	300	416	301	461	139
180	87	112	262	383	354	526	147
