0	1	2	3	4	5	6	7
219	270	198	164	89	391	370	93
240	269	170	174	99	310	331	106
262	257	158	165	100	259	304	127
255	242	185	177	100	244	294	130
268	261	187	186	109	257	299	157
259	255	176	162	94	498	250	157
308	296	197	150	82	543	254	145
288	291	214	165	89	551	239	136
330	292	197	152	87	551	315	149
320	290	222	144	78	584	409	191
332	281	237	150	75	391	423	197
272	213	230	172	77	302	411	210
317	222	227	172	79	290	448	284
362	268	270	180	86	414	444	279
349	274	279	178	86	356	357	249
354	303	288	212	101	356	364	249
422	309	335	225	107	363	407	287
454	348	340	217	102	426	362	268
447	334	333	279	101	315	305	309
466	340	374	322	120	304	338	316
489	336	365	310	109	310	324	320
445	339	315	283	101	313	294	290
431	288	306	314	113	255	277	252
411	276	335	313	140	239	319	201
433	334	329	297	126	230	374	189
458	407	348	296	138	210	370	197
529	451	370	298	141	189	382	234
541	462	367	264	141	320	436	282
556	479	321	224	111	335	460	308
530	431	291	217	118	342	444	317
530	380	282	216	112	349	509	332
460	349	279	227	128	420	524	402
413	351	295	223	118	347	499	389
370	326	353	284	141	341	480	377
510	388	371	307	170	411	541	430
534	397	387	315	180	418	531	450
670	381	389	335	170	351	521	418
748	442	390	373	185	302	514	461
789	449	339	316	171	295	530	490
760	438	310	305	153	183	446	484
793	443	333	319	148	166	403	448
764	489	363	328	146	164	476	416
708	440	478	350	132	160	473	346
717	506	530	349	143	191	569	322
748	482	590	391	130	185	627	259
811	476	713	458	160	197	668	388
762	573	737	463	164	198	603	409
774	598	672	477	189	212	652	421
758	552	652	496	184	178	604	421
729	574	645	526	186	191	686	461
641	602	541	470	153	163	671	414
641	528	552	562	162	163	702	418
660	498	643	533	142	168	745	415
634	532	793	601	156	182	771	398
755	610	808	625	180	187	689	360
746	600	905	678	204	200	754	338
748	550	890	628	202	203	793	281
732	595	910	680	215	204	765	280
773	564	873	662	215	197	878	297
610	459	874	596	197	172	865	288
593	523	840	531	183	163	788	256
587	658	868	519	202	195	841	275
601	658	807	463	178	199	872	311
558	655	809	403	163	207	755	309
565	663	802	438	166	214	770	322
519	637	765	502	175	216	794	331
514	488	764	477	142	183	710	349
603	604	796	498	164	175	668	345
646	618	763	559	176	177	737	397
799	635	734	566	175	222	803	467
817	623	720	591	177	224	891	464
797	648	702	601	183	219	891	441
764	522	803	614	174	216	902	411
745	534	837	654	182	246	915	374
587	524	880	673	187	202	832	257
565	482	914	615	168	193	728	224
613	484	952	687	167	193	728	247
565	454	906	749	198	186	717	268
553	412	902	744	201	169	589	245
530	358	911	718	188	164	596	237
512	372	890	831	206	165	578	242
483	340	975	763	214	196	715	235
460	362	969	666	188	256	710	254
431	371	940	632	178	239	663	241
440	410	1039	675	204	247	695	240
523	379	1201	677	197	311	842	286
497	422	1169	769	228	301	798	270
488	384	1146	808	238	249	800	233
492	391	1209	829	245	236	815	246
572	366	1182	793	243	301	856	360
506	425	1085	735	247	255	750	325
507	389	1063	721	232	248	649	324
479	386	1066	754	231	253	603	328
449	372	1017	743	220	270	673	323
325	399	988	824	226	200	622	207
337	352	887	823	234	177	591	204
346	349	841	797	223	183	617	273
419	376	874	794	225	192	671	314
453	359	856	797	237	182	592	304
548	358	889	785	220	181	536	310
546	358	1004	877	232	188	545	312
541	367	1069	858	255	198	532	268
514	362	1117	897	255	187	504	250
485	402	1117	889	244	172	495	245
465	380	1078	934	260	168	495	239
509	383	1004	796	230	182	501	262
498	398	1070	869	225	180	487	245
475	395	993	847	250	190	473	220
513	414	1093	881	280	229	499	226
436	405	1051	832	288	236	483	215
412	424	1106	942	318	231	515	189
407	458	997	952	322	223	487	182
445	494	1019	911	295	211	476	173
490	462	907	939	292	198	460	178
501	488	969	1011	320	208	463	182
468	467	921	965	315	199	356	184
519	452	945	961	305	203	471	220
503	391	895	945	324	235	487	224
450	387	892	920	355	243	483	215
415	398	940	781	316	226	470	205
406	401	962	737	298	227	511	214
356	342	971	681	302	248	421	186
360	365	1088	763	308	227	376	161
365	390	1103	684	249	190	338	158
386	341	1024	729	248	191	362	169
468	363	1056	830	242	198	339	156
481	382	1067	816	221	162	334	153
493	392	963	749	194	169	355	172
451	399	1014	780	187	183	401	186
487	393	1067	788	208	187	379	189
418	364	1028	780	234	187	364	183
435	342	948	751	240	221	396	196
