0	1	2	3	4	5	6	7
253	352	236	84	77	585	209	233
266	366	217	81	78	592	219	237
238	371	244	95	100	678	221	184
241	375	231	90	97	580	173	167
240	410	210	90	93	502	149	167
219	394	215	86	90	489	149	163
206	364	209	76	92	514	138	203
261	371	193	83	89	418	191	182
261	379	208	87	93	346	185	177
259	358	247	85	91	316	186	181
249	344	225	93	103	325	190	214
252	351	246	96	98	345	192	196
242	415	229	83	85	311	120	190
249	411	217	77	81	293	102	191
212	392	188	76	81	308	104	204
228	446	204	77	77	297	103	193
249	491	171	77	75	240	105	171
208	470	169	70	69	236	96	169
202	573	173	70	72	245	100	175
209	722	155	71	68	276	106	172
205	684	145	56	59	297	112	148
241	643	147	57	59	291	104	141
243	640	160	54	57	330	127	187
240	565	152	62	59	405	141	195
244	396	170	70	73	418	151	197
245	487	165	83	86	435	164	189
178	483	164	80	86	422	167	211
174	456	147	92	93	408	161	183
199	431	157	87	89	371	154	184
209	433	136	84	94	370	141	164
188	330	119	81	87	336	120	202
187	350	132	81	88	511	132	228
213	414	136	72	85	536	123	239
189	430	122	72	87	524	112	235
160	406	127	73	71	493	101	237
171	421	150	63	69	574	135	263
172	420	148	58	75	485	133	249
152	356	142	62	76	458	132	235
158	378	179	73	85	449	141	260
163	364	183	95	105	510	168	272
151	347	159	98	104	472	179	252
225	359	161	100	103	421	180	226
220	353	169	96	100	417	178	226
210	281	141	91	96	437	189	214
220	306	142	66	80	443	177	245
229	308	148	64	79	450	155	228
165	289	132	75	82	449	149	260
172	278	152	82	86	532	168	331
239	289	148	90	90	572	192	398
295	306	150	92	85	511	187	387
301	328	145	95	88	468	183	397
304	313	165	109	86	620	221	396
347	311	156	117	96	578	265	388
428	410	151	120	100	531	276	326
438	423	147	168	203	599	301	386
454	420	159	189	220	675	325	488
454	437	143	185	230	686	354	486
473	495	149	195	243	721	354	460
385	417	154	194	260	845	362	548
334	377	158	174	242	920	362	556
330	401	153	171	247	867	338	486
326	405	153	164	240	788	290	517
241	367	140	165	242	863	275	554
232	368	157	166	238	829	244	493
287	410	160	166	210	763	225	441
261	398	160	152	205	917	276	422
282	377	156	152	207	910	283	398
348	385	154	135	182	803	254	330
335	364	132	136	172	743	259	276
290	305	133	132	157	843	304	368
336	301	136	137	143	724	297	379
349	306	147	136	141	698	299	365
282	265	144	136	158	740	313	369
298	290	145	132	152	800	305	442
312	329	137	130	144	625	295	378
264	352	135	122	145	569	271	355
228	370	136	140	170	629	284	356
222	355	131	135	161	720	439	408
272	390	134	127	154	661	457	345
283	390	146	109	155	659	432	313
277	339	144	122	156	651	428	359
267	306	128	99	132	637	428	407
266	311	124	97	130	492	308	410
215	240	116	101	129	432	284	390
208	262	99	124	135	439	283	430
223	270	101	106	126	468	301	478
233	294	115	164	148	415	280	435
241	309	121	170	156	350	224	382
264	349	122	176	166	406	214	394
235	290	114	161	152	490	211	364
259	333	105	160	155	566	190	270
334	318	102	106	128	572	235	261
343	296	98	120	127	571	326	332
313	242	99	111	149	686	348	331
306	241	95	108	158	636	366	348
270	164	91	107	150	533	359	321
150	139	80	125	190	538	330	314
149	156	89	126	188	646	288	358
160	156	87	166	182	474	256	399
212	253	103	174	185	463	226	373
251	340	104	174	186	466	221	375
256	361	107	165	154	470	235	388
236	365	98	154	159	459	185	385
232	376	98	115	138	473	246	430
188	324	74	102	125	471	250	444
143	274	131	111	131	476	260	450
133	246	130	106	126	500	239	450
147	222	128	114	139	379	220	368
146	206	126	170	200	411	170	262
155	194	128	188	234	574	321	402
170	116	73	187	245	604	328	407
189	161	70	183	240	559	327	398
174	176	79	199	234	569	326	397
177	165	85	155	207	736	368	419
185	167	89	141	178	628	326	397
164	194	91	144	166	590	309	405
144	187	104	141	166	619	312	408
150	180	98	121	156	680	324	425
162	215	91	119	146	487	288	445
226	301	98	127	149	488	192	333
234	298	96	121	149	502	201	310
237	362	104	135	153	487	209	306
256	443	124	197	165	406	194	280
265	530	143	207	157	378	148	168
294	562	175	208	159	466	160	214
304	594	193	216	174	509	172	210
318	577	190	214	182	490	156	199
311	582	184	173	177	481	156	199
299	520	194	192	201	654	168	235
227	455	171	187	213	652	225	371
246	436	151	177	209	634	215	381
246	406	142	174	215	658	220	389
233	315	137	156	223	817	264	400
255	339	132	130	214	699	271	438
279	333	125	141	203	645	219	318
247	286	122	146	198	659	250	312
243	282	127	153	203	761	297	430
258	314	131	208	236	608	286	502
236	275	122	233	248	597	273	468
201	291	154	235	264	640	271	466
200	300	164	255	296	764	401	525
187	302	168	259	306	785	424	442
184	281	161	235	284	768	426	352
180	269	151	227	302	838	484	341
262	335	124	268	308	885	507	468
286	425	111	255	285	780	440	455
290	453	109	250	281	665	395	447
290	448	108	240	279	709	436	468
294	442	100	223	260	648	391	477
246	387	83	225	240	539	366	344
237	309	82	227	235	641	384	279
231	274	76	227	238	672	388	285
233	314	77	224	224	617	321	259
229	329	78	218	192	583	305	240
187	314	74	165	186	586	313	338
207	300	74	189	187	498	231	381
279	343	98	220	157	415	217	393
272	312	106	221	153	482	215	403
271	284	108	221	156	526	243	420
287	325	114	210	153	546	251	365
256	329	115	181	168	500	248	321
164	280	90	135	168	598	279	325
151	255	80	125	185	563	291	314
152	251	73	131	193	543	268	301
126	188	70	127	185	545	255	276
117	157	71	116	155	587	255	270
136	149	69	132	189	504	228	269
189	154	72	126	183	491	211	245
192	155	76	125	171	528	213	236
193	152	74	127	173	495	200	273
195	151	70	138	174	424	178	251
193	151	74	123	136	430	170	203
146	145	79	131	127	505	226	261
141	164	80	136	160	552	300	284
138	170	75	131	162	542	314	246
131	184	105	128	164	553	327	246
112	172	110	125	155	543	323	258
106	187	107	115	153	559	284	223
97	285	176	99	110	457	202	190
97	330	191	87	91	447	211	193
111	360	184	73	85	489	217	221
117	391	213	80	94	517	235	225
115	404	216	82	93	407	232	201
108	343	166	80	97	398	227	197
93	303	153	83	115	494	222	275
78	317	153	82	112	492	214	310
59	292	120	78	113	456	195	312
68	266	112	73	106	475	211	341
79	258	116	78	123	660	232	345
91	257	117	88	137	768	287	299
91	173	102	87	140	753	304	242
93	155	85	78	133	756	328	225
93	207	103	85	134	761	362	223
101	210	98	78	118	627	355	240
96	262	155	71	83	390	313	221
92	273	188	78	75	341	301	343
101	322	224	101	95	375	313	389
99	343	227	96	101	407	310	403
85	376	231	102	103	386	327	391
92	359	206	98	106	415	349	448
90	360	185	95	115	449	439	361
87	336	142	76	128	474	489	374
80	288	128	79	136	439	536	351
77	246	119	76	132	424	536	360
64	237	95	72	135	541	629	297
78	219	80	75	151	675	654	312
75	199	98	74	147	664	717	236
72	205	97	75	136	645	712	214
88	209	98	76	140	676	764	194
88	199	109	83	138	567	778	260
95	229	113	79	126	425	768	335
97	237	114	100	114	386	799	354
121	323	156	109	123	473	947	383
130	349	177	115	124	448	917	401
141	340	175	113	116	496	935	381
138	324	175	127	117	506	990	355
144	328	167	112	160	717	967	385
126	286	149	111	160	674	807	355
110	259	124	114	160	667	787	335
97	269	126	128	168	659	740	315
96	271	137	154	227	740	786	272
124	282	145	167	214	572	701	217
165	294	128	176	216	581	708	212
181	326	159	187	228	645	740	255
207	469	163	184	265	764	711	370
224	551	163	156	219	668	540	364
213	558	160	156	209	627	522	384
203	548	160	157	215	698	482	402
198	544	131	150	209	785	491	407
202	427	132	158	200	669	570	369
186	344	129	173	253	732	525	382
201	310	122	172	252	809	513	412
200	276	125	172	260	786	686	455
208	273	151	170	275	663	708	462
184	286	163	179	260	638	596	415
179	265	174	168	235	752	637	405
157	270	190	199	291	811	781	369
170	276	195	217	317	831	722	321
162	309	180	221	327	869	667	274
156	310	184	229	350	962	751	287
173	300	171	229	334	872	758	306
204	325	163	252	329	802	650	302
