0	1	2	3	4	5	6	7
371	208	58	61	73	416	464	359
376	202	72	69	91	514	555	418
385	243	93	88	157	775	597	442
407	294	99	87	153	771	630	454
459	317	96	82	153	757	661	433
352	334	100	87	165	832	574	448
423	339	99	96	172	861	557	547
470	341	102	159	193	699	533	528
468	344	120	201	225	678	535	535
422	329	126	208	243	740	506	576
416	314	124	209	241	684	486	545
406	433	133	223	263	588	489	419
385	489	167	204	249	679	512	460
343	461	164	176	244	809	508	472
348	477	162	166	225	818	483	415
389	511	180	179	238	782	466	397
327	414	177	175	225	905	434	438
292	326	140	162	211	879	566	463
333	400	134	166	184	769	561	493
346	374	141	190	222	709	543	473
306	346	123	186	217	777	543	487
305	360	121	169	205	638	531	470
299	379	119	150	180	527	347	386
269	393	110	142	213	621	433	365
263	441	114	115	189	706	482	449
280	436	109	101	178	661	504	462
295	465	108	112	174	654	479	422
286	464	102	147	206	692	469	432
273	380	105	144	187	730	426	454
255	333	87	139	175	676	440	394
259	390	92	137	171	654	417	367
249	341	83	125	171	670	411	425
245	314	83	107	146	778	437	451
246	299	84	124	159	690	380	375
303	342	84	130	175	664	497	390
290	326	91	133	185	744	559	519
341	335	109	159	215	773	600	477
350	344	114	159	222	660	587	458
365	380	129	147	210	603	597	463
351	346	138	162	242	745	490	489
346	303	135	175	262	818	516	451
302	315	131	166	253	777	495	454
306	360	141	171	257	733	488	439
420	356	143	171	258	755	491	451
411	371	137	154	226	761	516	561
415	389	142	167	214	625	452	581
403	382	140	153	189	638	428	575
397	377	145	133	171	638	448	577
290	352	128	124	166	653	533	640
266	351	129	145	180	513	721	531
304	323	124	126	153	470	732	456
301	302	123	131	159	556	749	468
301	245	119	132	153	597	783	515
299	265	123	128	145	603	753	529
357	260	134	117	112	566	525	511
333	243	130	119	166	681	490	536
340	248	134	168	214	691	566	589
360	301	132	170	219	686	558	568
342	321	167	181	222	649	498	479
269	299	167	174	219	637	515	509
242	303	170	167	179	512	532	474
281	306	175	121	114	390	435	423
262	289	171	131	137	337	408	471
263	288	136	115	136	368	465	552
308	331	163	136	141	380	529	510
353	338	167	135	146	366	539	489
329	376	173	134	161	380	611	520
377	359	181	131	203	652	778	548
401	369	192	145	224	660	784	470
362	353	189	134	226	647	720	470
326	341	191	140	234	647	690	472
321	311	184	156	229	653	658	507
370	433	194	178	191	386	401	422
437	463	207	199	170	317	341	412
479	461	194	225	233	353	426	532
494	482	202	223	225	358	462	592
526	495	210	210	219	302	400	511
477	392	190	220	230	273	435	497
410	334	184	337	313	262	463	594
364	367	222	637	494	263	550	623
337	380	262	777	584	264	554	700
280	376	287	799	623	301	592	737
256	438	310	805	626	341	666	776
297	468	308	762	596	352	694	738
320	452	326	578	503	329	699	703
316	522	388	541	547	317	837	602
327	537	380	626	569	281	847	573
340	511	378	650	622	261	805	570
340	488	383	687	638	272	818	654
326	496	363	836	746	390	791	589
377	538	490	868	720	467	699	591
489	560	551	886	801	475	660	577
489	587	614	930	801	493	659	596
491	611	632	962	876	579	655	581
545	751	675	852	762	901	574	579
667	812	675	931	836	1055	471	560
623	862	662	961	794	1230	465	562
634	893	672	914	951	1250	469	580
704	944	689	948	1108	1211	421	549
751	944	760	941	1288	946	449	549
685	945	753	878	1271	723	471	531
740	1053	794	833	1231	325	482	639
851	1030	764	833	1079	138	493	667
825	1070	752	730	826	73	438	574
812	1002	681	686	466	45	406	565
856	915	575	491	185	35	373	617
861	718	472	600	85	214	357	557
851	753	466	640	197	426	252	551
828	667	471	772	497	437	230	565
789	634	412	840	661	453	212	557
702	621	408	859	688	470	257	565
637	687	457	758	713	454	298	533
538	694	419	748	719	347	340	509
573	650	390	683	612	415	355	523
661	716	382	650	563	424	409	523
681	763	356	645	564	422	453	610
774	712	290	669	666	434	509	694
835	731	338	723	693	384	555	634
815	718	414	894	840	371	603	688
772	683	424	909	825	531	647	826
864	678	474	953	828	594	655	742
869	706	482	899	782	581	599	650
864	619	490	862	786	617	551	634
926	665	429	635	597	587	510	618
917	636	407	567	557	434	519	497
830	569	353	608	589	337	497	567
794	592	351	606	543	310	510	585
754	621	309	601	492	254	517	662
638	584	306	599	478	258	497	610
719	595	298	651	445	290	448	602
719	619	293	551	375	344	471	562
673	599	287	676	429	354	522	650
658	610	257	656	432	338	522	611
756	622	242	710	530	352	546	663
783	619	265	726	631	384	531	660
893	645	321	776	718	368	510	616
890	653	333	746	737	380	457	550
892	605	355	787	745	407	458	550
838	642	386	761	803	408	503	638
791	671	385	771	745	356	565	671
751	624	330	713	671	323	519	676
