0	1	2	3	4	5	6	7
70	46	64	64	60	231	100	58
77	47	76	67	59	242	103	62
68	38	75	64	52	260	116	57
66	40	73	63	55	268	112	53
65	39	74	51	43	289	116	54
74	42	68	51	37	350	144	56
66	38	53	47	32	303	141	54
66	49	89	83	42	299	122	52
77	54	116	108	45	298	124	57
77	52	115	109	49	316	124	60
70	51	114	108	48	241	107	60
76	50	115	109	50	245	107	60
74	40	92	89	45	232	100	61
61	33	59	62	41	242	101	56
61	36	82	60	41	284	104	52
57	33	84	60	42	265	101	44
46	37	87	62	41	253	96	41
46	35	85	55	38	246	97	34
50	33	83	47	39	259	113	47
47	42	66	44	34	158	120	44
44	41	60	48	37	159	112	44
70	44	55	48	39	168	114	45
70	47	55	49	39	206	111	48
70	47	53	47	39	181	118	44
101	67	42	44	40	175	115	52
107	70	44	36	37	193	115	55
94	67	42	30	33	197	113	59
94	65	42	30	33	174	110	58
92	74	59	32	32	261	85	59
63	57	59	31	29	329	75	56
65	54	61	32	31	329	80	59
68	55	65	37	33	326	97	64
68	53	64	42	31	316	114	69
68	44	50	42	29	271	116	67
58	41	49	44	31	193	112	65
47	41	46	43	31	201	99	61
44	39	43	41	28	204	83	54
44	40	46	37	28	233	85	49
45	36	46	47	32	197	92	49
48	30	66	57	35	190	93	53
52	31	68	60	41	209	95	52
50	32	67	59	40	203	106	46
56	33	71	62	43	189	101	53
59	33	75	56	40	195	88	57
68	31	60	52	39	203	114	56
65	38	116	104	42	178	123	56
76	48	209	117	57	231	135	64
81	51	216	119	61	245	146	60
93	53	224	120	60	242	150	57
87	55	231	120	59	249	140	58
97	58	238	100	55	236	154	76
110	58	206	113	46	193	179	101
236	58	198	112	47	318	297	184
308	67	191	114	55	410	329	198
327	91	192	112	55	408	329	200
335	90	158	94	53	411	324	196
335	86	99	62	53	455	310	183
262	89	95	57	47	365	187	107
171	90	93	51	42	257	132	82
149	67	77	52	42	278	179	80
128	74	95	53	43	276	167	75
115	74	94	56	42	210	165	74
116	68	95	60	42	215	170	81
129	69	93	71	41	215	161	78
112	72	89	75	39	171	143	73
107	61	59	74	39	155	154	75
104	64	59	71	36	174	146	76
103	65	61	71	39	361	159	64
77	68	56	71	48	391	197	81
81	80	52	63	48	394	171	86
87	81	56	61	49	400	161	87
135	80	54	58	49	404	158	87
139	81	66	60	47	291	143	93
169	76	72	61	39	282	151	98
172	63	70	64	39	282	182	101
185	62	67	69	37	287	199	112
161	67	70	76	40	318	213	118
186	66	53	73	37	286	230	116
164	57	47	69	34	280	201	107
200	55	54	68	34	277	173	106
225	60	58	67	35	266	271	100
241	56	55	64	35	243	307	125
246	64	63	60	39	233	291	129
257	62	63	53	40	204	297	131
264	70	61	50	41	224	335	140
247	73	76	46	49	238	276	136
234	84	77	47	51	219	229	107
224	82	74	49	49	224	244	107
250	85	75	45	48	231	322	133
230	82	73	47	51	269	284	134
221	81	57	53	43	299	266	139
211	74	79	53	41	288	271	141
231	67	78	55	41	285	266	135
205	66	77	56	41	293	187	103
195	62	73	59	44	284	217	92
198	56	75	54	46	245	223	91
208	55	61	56	46	229	234	92
162	55	62	57	46	228	249	90
150	53	61	67	59	234	227	95
143	53	64	73	56	207	207	86
147	56	62	73	55	199	210	80
157	55	55	67	53	200	202	84
170	56	49	68	55	206	222	92
157	63	55	64	46	225	230	81
167	68	55	57	45	199	233	81
156	66	57	61	46	194	248	90
142	63	54	73	53	186	266	86
165	65	54	70	54	207	237	94
182	59	52	67	50	170	223	111
181	53	49	63	50	194	216	120
187	55	47	62	50	200	196	115
186	53	48	65	45	201	156	113
179	57	51	77	45	162	190	115
175	57	49	75	45	155	213	103
176	65	61	76	45	120	223	102
173	64	61	93	46	121	228	103
200	64	61	84	45	141	247	112
187	58	58	73	42	149	246	108
178	57	55	89	43	132	241	107
162	54	49	90	42	154	227	95
162	56	49	71	43	153	219	94
186	57	46	67	45	136	202	92
188	65	53	95	52	131	201	87
206	68	55	93	57	130	181	93
206	66	56	100	61	169	183	95
222	68	55	100	57	185	201	104
201	68	56	109	55	186	201	99
241	67	52	90	50	182	173	97
240	63	63	77	42	179	300	100
264	64	61	66	36	175	343	107
257	65	65	65	35	156	335	99
249	65	65	52	35	155	331	104
218	60	64	42	35	176	346	106
236	63	55	43	36	179	249	97
228	60	55	58	40	118	218	121
214	58	64	63	44	110	218	119
222	55	70	97	50	135	229	129
274	62	76	99	51	112	232	150
255	62	79	101	53	111	268	149
243	63	81	102	55	107	246	126
250	58	74	100	52	106	291	138
268	65	81	71	52	69	283	135
214	58	91	71	54	58	261	111
209	57	87	69	56	54	230	125
245	58	87	59	51	54	239	131
247	55	86	58	56	49	236	124
211	52	78	58	55	44	239	111
214	59	65	54	52	54	229	117
250	62	76	75	54	66	265	127
222	63	75	87	62	116	276	121
219	66	77	88	60	135	299	118
227	67	74	86	54	136	305	122
245	64	72	88	52	132	305	125
211	61	69	97	57	158	278	109
223	60	72	117	66	141	315	143
224	58	68	126	66	124	257	148
247	58	70	129	68	149	248	152
225	54	67	130	70	159	267	143
223	54	60	114	63	149	256	134
208	59	52	93	50	139	189	105
249	62	54	91	58	146	300	121
243	57	50	94	63	139	304	132
