0	1	2	3	4	5	6	7
612	367	877	592	170	123	468	195
658	358	877	580	174	142	593	223
594	352	729	599	158	114	562	200
537	348	717	599	159	117	608	199
579	329	865	649	177	133	618	202
569	333	884	621	170	144	643	223
557	303	880	653	186	208	562	211
520	301	922	665	188	213	534	197
495	324	994	671	187	211	488	186
540	314	907	667	178	207	496	224
512	267	888	683	190	236	478	235
509	278	824	636	162	166	458	240
507	319	915	712	171	157	446	243
525	300	861	713	169	163	441	259
444	298	794	648	161	162	472	235
404	279	836	587	141	120	436	191
339	245	862	580	137	112	388	164
358	202	795	494	131	114	478	158
344	193	827	471	127	109	549	179
319	190	945	556	144	113	523	176
282	215	898	557	139	97	521	173
275	231	881	636	147	113	509	181
331	224	857	609	148	154	444	191
318	224	805	625	151	157	348	169
304	232	728	590	136	149	334	165
328	229	695	592	140	149	467	162
417	252	729	539	135	164	635	238
375	246	745	548	122	131	648	240
383	244	741	537	129	128	650	225
390	259	750	602	141	126	701	219
405	240	720	583	135	132	618	226
410	204	639	530	128	105	452	142
408	190	616	486	125	99	437	131
414	182	640	489	115	102	426	140
435	139	561	329	90	110	320	146
422	131	580	355	86	101	343	153
368	126	649	379	82	89	356	166
361	138	618	383	85	108	450	153
358	130	578	365	90	111	501	154
345	132	621	376	107	151	555	188
325	136	620	354	122	159	538	177
318	134	562	394	141	163	535	164
394	150	683	396	141	180	510	211
414	163	703	421	143	175	477	239
388	174	698	476	144	144	424	211
385	182	741	505	147	143	422	208
417	183	754	558	151	142	405	213
333	156	645	549	150	123	349	171
290	163	672	573	154	133	325	118
314	153	643	514	142	126	333	109
311	143	620	488	134	122	406	113
276	148	587	413	119	125	397	129
285	156	554	422	118	107	397	130
297	136	472	352	109	104	409	134
325	142	461	400	119	116	393	140
358	140	391	412	119	119	319	152
313	141	367	504	147	121	304	128
301	134	391	486	145	119	246	121
311	137	397	502	143	110	270	124
335	120	405	483	134	109	320	174
346	121	421	480	126	98	321	183
347	118	463	366	80	81	317	177
369	117	430	381	78	97	509	187
346	112	457	355	80	105	501	182
301	132	494	382	97	105	488	146
296	135	541	411	113	137	543	143
311	137	565	427	121	140	571	159
292	134	578	442	131	128	445	151
298	140	584	449	127	119	424	155
266	122	540	438	130	111	392	141
220	112	529	412	119	88	432	125
237	89	514	396	113	87	397	121
239	86	587	410	102	84	365	120
230	85	641	433	107	84	366	109
236	96	704	429	94	84	364	112
267	111	689	403	94	90	351	114
241	117	680	363	88	90	379	95
256	144	621	356	99	93	377	99
263	142	555	326	93	93	381	104
269	133	440	291	88	89	417	103
284	126	421	321	87	84	293	96
299	127	402	312	84	83	255	99
315	126	510	327	76	79	290	97
328	153	591	379	89	84	291	133
320	156	610	416	93	89	268	138
314	172	777	422	86	81	307	163
335	176	806	451	103	88	339	168
307	164	746	423	109	94	318	173
280	145	707	400	102	99	371	148
309	159	778	547	133	122	467	165
288	145	633	563	141	117	443	135
242	147	705	655	158	113	435	128
227	152	728	671	163	109	430	120
261	185	746	753	184	117	479	159
233	192	706	698	194	96	380	147
274	237	799	701	194	95	393	174
376	302	857	775	224	114	437	205
399	310	1005	840	225	126	477	224
389	307	1013	803	223	120	416	215
423	324	1067	819	212	117	423	223
436	450	1161	870	234	121	532	214
465	426	1085	790	210	117	567	210
504	469	947	740	217	108	546	225
534	488	976	777	227	127	523	245
549	501	916	746	231	132	523	233
548	393	668	665	211	135	449	229
487	396	769	630	189	136	377	215
433	350	825	641	185	136	371	181
432	313	770	575	161	112	366	138
455	298	816	665	166	104	494	188
488	280	835	685	169	116	526	231
499	274	807	749	206	116	505	232
508	277	744	728	200	113	518	254
527	330	807	773	212	136	578	298
510	345	838	692	216	165	493	317
488	405	905	690	234	168	404	285
499	465	843	603	211	185	409	289
554	543	925	595	224	210	506	283
553	549	873	595	236	221	449	254
524	603	810	603	229	201	409	198
493	603	723	593	210	185	430	202
495	572	682	573	231	237	506	224
435	510	673	575	231	221	384	216
382	479	660	477	212	201	364	201
376	413	620	405	198	202	374	227
413	400	657	463	200	225	385	234
356	416	658	436	160	207	269	195
351	424	520	387	130	214	269	183
383	444	614	439	125	225	303	187
403	414	617	480	139	296	398	179
402	368	568	395	121	314	438	171
411	360	545	399	122	433	444	178
458	371	528	396	127	463	500	216
481	363	536	354	117	462	516	248
507	459	527	295	99	425	462	273
477	472	520	285	118	445	394	279
499	441	511	280	134	365	376	281
522	479	541	345	152	341	449	269
560	462	394	346	152	349	454	372
517	400	389	338	144	346	429	349
518	396	394	337	135	306	448	341
480	386	429	332	135	236	474	344
425	325	457	305	125	208	343	364
401	330	460	258	131	189	293	237
479	285	468	292	161	187	320	253
483	311	497	313	159	153	297	254
505	365	530	441	166	126	245	248
567	386	555	529	194	119	243	224
517	408	541	527	188	228	310	215
437	419	513	510	171	239	272	178
434	419	527	526	177	251	297	195
418	390	530	435	161	256	411	210
289	382	481	302	123	264	472	183
258	402	542	304	118	204	424	169
271	390	555	299	111	254	478	170
245	359	523	237	89	274	465	144
223	359	449	221	98	505	371	102
234	327	409	198	95	543	285	119
308	261	298	173	98	538	278	119
401	271	251	165	114	573	313	193
570	279	242	181	140	586	449	259
606	290	248	172	136	420	481	277
635	333	225	163	128	379	475	268
690	353	256	348	180	384	563	279
669	342	257	349	198	308	549	264
544	339	234	351	202	362	470	201
501	337	250	353	199	365	442	180
489	273	267	378	208	360	661	184
371	244	232	261	173	394	607	202
316	236	244	288	148	382	566	161
293	227	254	278	124	340	562	156
306	178	241	274	119	348	625	181
435	172	242	248	130	431	629	246
464	239	264	202	117	400	634	221
482	402	293	157	109	396	641	216
486	450	282	149	134	379	632	224
488	503	287	153	155	391	568	206
366	523	289	156	141	309	277	117
352	528	284	152	139	293	217	98
369	461	248	138	140	322	205	104
428	422	243	131	143	311	185	103
440	390	355	305	162	253	199	105
484	372	434	380	170	223	257	243
488	334	431	413	178	230	392	263
464	292	429	417	174	201	423	276
407	315	443	417	150	216	415	281
383	294	362	323	121	221	410	281
283	276	250	242	115	225	388	180
219	270	217	181	103	232	279	161
231	254	215	170	101	228	214	139
226	212	160	165	105	446	229	138
253	233	137	131	84	509	220	133
267	236	111	68	64	516	192	128
261	234	115	61	64	512	138	110
218	349	134	70	78	552	135	136
