0	1	2	3	4	5	6	7
283	148	203	142	64	67	256	124
262	134	224	150	63	59	240	114
243	145	233	180	62	66	281	102
233	144	228	181	65	73	311	108
228	128	215	157	61	71	322	105
208	137	234	157	59	73	322	98
273	140	301	203	69	80	317	96
251	125	304	196	72	74	287	80
235	159	325	206	70	63	245	64
249	167	323	209	70	64	220	80
263	171	323	226	71	69	246	89
204	163	254	208	59	67	255	98
268	282	294	227	63	64	218	106
325	334	291	223	67	67	222	135
378	368	286	236	75	70	229	132
389	371	279	218	79	73	176	130
429	385	304	192	79	71	196	148
579	377	281	171	75	90	322	188
584	371	264	200	81	92	335	198
563	402	343	197	72	92	332	211
581	406	414	244	77	96	338	222
591	493	493	271	82	101	332	239
514	455	496	279	81	104	223	217
506	442	541	308	87	105	198	213
542	498	556	335	101	112	226	225
530	535	583	331	98	115	279	239
510	488	536	339	101	121	267	239
447	487	577	338	101	112	268	237
440	481	545	301	100	184	286	232
373	366	494	260	86	212	279	207
365	299	399	224	92	319	328	208
407	258	603	322	89	403	565	194
461	272	663	413	98	407	637	211
531	397	782	518	119	385	662	247
559	520	811	554	135	376	773	258
639	567	840	563	134	339	755	252
626	564	746	562	150	269	649	260
667	584	786	514	148	274	585	291
651	521	683	419	126	278	588	260
686	510	765	463	148	272	550	269
707	530	786	521	166	281	804	352
803	591	879	509	158	250	777	429
842	694	878	535	161	236	793	408
824	733	975	673	186	227	831	427
849	725	974	707	182	224	766	436
898	766	992	679	180	147	545	409
823	841	947	714	196	148	557	319
818	801	942	716	202	151	550	340
857	791	850	622	191	157	531	322
895	798	777	560	177	153	526	303
798	741	729	572	164	124	504	237
826	651	685	503	138	118	523	234
737	624	593	470	126	116	639	231
705	675	561	442	120	104	617	230
602	680	584	477	132	118	620	237
641	674	649	446	128	122	584	293
704	655	582	439	131	117	563	362
699	619	624	452	128	118	455	350
742	565	815	551	132	114	400	360
752	596	867	556	169	137	422	383
773	636	864	643	186	134	470	356
716	638	939	705	196	128	456	283
710	671	981	718	210	137	546	269
686	651	932	785	230	147	562	257
697	616	913	756	200	130	548	241
791	562	971	706	196	133	529	240
760	521	953	662	185	138	564	245
756	477	959	707	180	142	469	242
745	547	952	595	169	135	448	250
777	485	914	615	169	133	442	247
578	490	948	672	160	131	447	243
580	488	1007	730	184	137	400	247
658	488	974	726	193	136	346	276
667	374	984	776	181	139	411	276
681	347	1033	832	210	139	408	292
673	359	955	821	226	144	347	277
649	358	967	789	223	142	360	270
590	348	977	817	223	165	425	263
525	324	920	738	221	162	400	239
440	300	924	723	195	149	387	187
541	299	1017	800	200	143	394	195
541	354	948	869	227	155	466	195
531	340	884	826	222	127	436	157
544	348	998	876	234	121	430	180
602	363	947	857	231	121	432	190
604	345	832	863	243	147	440	225
590	289	793	824	225	152	400	226
586	296	878	871	249	168	391	229
600	306	714	842	245	171	350	209
515	310	735	794	246	190	378	202
443	280	709	665	213	175	402	156
454	304	779	643	196	152	352	141
460	311	708	535	150	123	318	133
494	295	740	519	141	131	343	171
533	269	873	536	138	121	323	175
547	270	920	548	134	120	284	169
600	311	918	518	124	111	258	167
591	304	909	604	143	110	253	170
547	337	906	701	186	107	295	135
506	372	796	708	185	103	317	135
514	408	816	692	199	116	327	132
440	363	790	722	204	130	324	135
453	357	832	658	194	134	335	131
484	359	916	628	164	125	305	128
481	332	916	612	163	126	343	127
437	302	973	620	151	112	332	131
436	280	985	547	139	100	325	140
465	278	977	554	130	97	334	174
421	246	931	462	106	111	314	170
397	248	951	477	110	96	229	166
389	247	889	506	114	96	224	161
402	269	902	603	151	104	257	170
317	281	905	596	160	108	258	150
326	267	866	619	166	93	242	149
