0	1	2	3	4	5	6	7
518	327	396	511	165	174	357	271
533	412	406	599	195	186	344	276
587	435	408	581	169	185	341	294
624	521	412	588	177	183	409	303
662	558	492	552	170	207	464	304
639	564	498	574	178	187	456	298
611	557	528	530	158	166	450	308
585	540	480	500	161	180	498	316
494	449	481	468	152	190	598	306
447	415	506	480	154	154	551	303
504	407	555	509	160	153	579	304
569	414	591	547	161	159	598	299
652	405	666	605	186	171	584	302
729	445	715	635	198	161	445	321
785	486	763	623	199	171	485	353
775	467	761	630	182	156	560	350
796	417	727	575	183	168	569	333
701	407	684	568	169	135	556	308
673	403	671	600	199	164	625	319
748	342	576	594	209	177	607	311
801	361	544	536	222	193	547	363
748	339	585	585	224	183	521	359
758	340	570	519	209	191	573	348
707	329	687	417	166	180	542	328
603	328	713	436	175	180	507	296
500	314	721	456	170	165	470	212
453	324	710	429	177	179	629	220
459	353	767	495	191	183	611	242
497	345	667	545	202	185	614	224
439	404	726	531	191	167	634	207
529	422	753	615	191	171	658	218
543	441	855	594	172	173	524	240
546	446	831	563	166	187	482	223
597	422	843	546	158	181	438	230
594	384	780	638	172	176	445	230
513	328	795	560	175	191	397	206
522	326	692	584	171	171	367	163
509	377	884	595	166	168	357	152
444	378	896	688	186	179	399	156
432	357	898	627	179	196	411	184
413	364	910	664	168	174	435	183
465	389	948	689	176	178	470	186
478	328	778	746	188	159	460	204
471	321	749	640	164	158	446	215
484	321	831	629	157	148	413	196
484	349	864	712	216	168	389	196
401	319	945	730	229	182	429	199
421	300	927	688	248	245	487	196
419	285	993	756	257	233	425	162
389	279	906	763	250	227	449	150
409	267	852	685	228	240	468	162
428	236	713	620	218	235	397	154
353	237	792	658	206	176	368	124
322	254	788	620	191	175	385	130
334	261	824	639	199	170	321	132
292	235	794	598	190	170	318	122
271	222	819	641	188	166	329	131
256	217	783	600	165	162	285	152
327	219	756	553	167	162	306	175
333	214	763	565	183	185	355	170
355	200	810	567	158	146	336	164
360	191	808	531	154	141	321	159
386	191	785	538	160	144	412	153
332	168	706	585	176	156	445	133
317	166	701	536	155	132	406	140
295	206	747	552	159	130	397	153
284	219	749	577	170	145	492	190
414	212	738	569	182	152	483	256
425	220	798	526	162	138	441	252
425	213	811	509	149	127	446	246
437	189	805	523	146	140	458	253
472	222	978	475	144	138	351	236
351	220	967	461	123	119	243	157
337	218	963	583	150	135	265	162
387	217	967	583	160	159	284	180
399	216	962	600	181	160	295	187
380	173	789	691	189	153	292	186
