0	1	2	3	4	5	6	7
392	326	246	134	93	386	477	185
409	450	298	152	90	390	483	189
387	446	317	157	92	400	471	180
331	452	272	161	98	353	378	150
293	451	275	162	101	297	307	122
281	410	288	123	100	295	260	119
363	278	265	113	102	292	254	183
375	320	238	113	107	333	252	186
363	345	232	107	99	309	406	203
371	336	242	102	90	318	420	208
399	377	228	112	94	318	495	212
323	381	180	107	102	360	555	172
304	342	176	99	88	322	552	169
305	309	186	106	89	293	430	143
299	306	166	106	91	278	488	150
218	215	148	91	92	307	405	138
201	246	137	84	81	341	320	121
212	244	134	82	80	334	338	122
217	238	120	72	71	322	369	126
212	244	109	68	67	325	259	117
229	310	124	81	66	293	288	122
237	284	130	84	65	224	412	148
217	274	153	93	68	241	404	150
200	281	146	95	70	258	369	141
201	281	151	97	71	279	371	130
211	242	134	83	61	278	399	143
192	249	153	83	60	291	302	119
189	265	130	72	56	285	293	111
192	244	167	72	55	288	296	116
214	239	167	77	54	276	326	110
173	240	176	81	60	264	272	94
175	217	160	78	61	242	239	93
201	207	164	80	63	232	286	99
211	221	200	88	62	206	299	97
190	233	203	85	64	196	271	100
192	189	195	83	59	203	282	91
194	199	201	90	67	193	306	99
238	197	221	132	79	202	466	124
301	179	153	129	99	234	746	257
319	195	179	146	100	314	777	265
328	190	238	154	104	323	770	263
327	203	250	195	115	353	774	262
285	246	233	190	126	382	794	273
346	353	289	214	135	409	711	244
359	346	390	245	149	347	706	243
370	375	412	266	154	380	705	251
379	390	424	287	153	367	730	254
390	379	448	372	162	428	624	245
289	346	424	367	153	439	414	169
300	368	329	346	142	431	489	161
359	363	258	339	140	401	653	292
360	330	250	298	140	415	652	315
352	312	233	267	128	318	634	304
392	332	231	266	130	243	667	302
372	298	230	275	136	259	721	322
305	267	244	283	148	378	765	241
282	278	251	332	139	383	738	203
291	384	240	272	136	387	736	217
375	317	229	264	149	397	797	321
432	319	217	272	156	414	805	333
436	332	246	264	150	310	649	310
442	331	267	243	185	289	656	311
485	281	278	235	195	290	810	335
393	297	279	247	183	321	881	244
317	295	284	245	207	302	839	208
301	284	281	244	204	289	870	207
305	298	293	221	173	259	860	211
211	226	276	216	173	262	734	149
190	205	277	248	187	235	569	138
204	193	275	264	159	222	498	157
207	209	245	267	161	228	511	167
220	190	209	263	164	223	724	203
214	181	202	265	141	231	802	214
217	164	205	219	106	196	798	208
190	162	204	171	103	186	792	187
219	138	209	146	95	296	875	205
211	121	166	147	91	377	725	173
208	128	174	150	94	371	621	163
190	133	182	157	116	382	719	182
256	154	184	162	136	430	970	300
243	171	213	183	144	416	935	311
240	190	229	182	161	386	919	306
280	203	234	194	170	380	990	318
289	201	233	244	165	384	1002	329
243	189	261	259	167	398	809	252
228	191	253	281	185	342	730	212
221	185	235	283	190	323	873	221
180	172	221	269	185	398	937	251
172	170	219	227	187	408	848	225
210	180	184	212	163	346	784	188
226	166	177	181	161	370	812	194
221	156	207	199	148	467	704	193
214	151	202	202	160	549	588	151
242	167	197	209	163	537	571	149
256	156	210	216	187	540	596	162
266	146	224	209	174	526	634	173
278	193	253	240	185	428	631	185
313	202	291	376	254	284	599	197
324	195	293	391	410	352	618	229
293	234	321	408	426	372	672	239
276	263	315	423	440	368	719	238
297	232	281	421	453	375	715	230
295	251	253	301	421	382	701	213
275	312	283	285	270	350	743	185
322	308	274	290	263	331	727	170
354	339	264	275	270	382	752	193
337	354	275	267	337	449	838	264
314	358	289	364	358	433	848	272
302	367	300	425	389	421	896	286
308	379	294	430	407	443	942	290
290	347	323	511	482	466	922	272
291	349	312	519	486	742	828	196
284	350	303	505	498	766	897	201
300	292	301	550	513	776	820	183
234	280	292	586	517	814	815	180
213	295	272	552	455	790	726	181
291	376	308	531	411	494	786	202
447	432	322	539	469	426	810	233
449	455	325	542	565	590	801	257
446	445	333	507	600	674	856	256
455	432	350	508	595	687	861	251
448	401	341	532	622	685	874	269
311	326	341	538	582	699	804	226
294	301	378	490	610	602	815	192
292	320	376	492	576	463	696	186
273	342	352	465	572	435	693	189
258	326	359	449	549	427	631	139
254	326	369	399	545	406	672	145
271	328	295	379	470	391	780	188
300	372	338	345	457	348	945	229
302	352	340	334	462	396	975	232
254	307	315	316	436	384	982	233
259	399	309	287	405	379	1010	244
233	437	340	233	294	331	976	222
193	386	315	220	280	383	834	191
211	420	319	203	265	314	813	190
252	496	319	189	260	331	915	234
253	426	302	225	286	345	834	241
252	385	272	197	265	342	806	241
263	390	278	242	294	289	780	242
258	351	297	261	314	291	786	237
232	260	287	273	307	274	665	205
237	252	287	266	279	259	677	169
261	250	305	288	287	213	617	158
277	296	291	262	237	165	581	142
294	320	294	273	190	186	574	158
276	306	295	309	323	281	603	175
251	307	306	339	486	325	535	182
228	301	306	430	540	323	555	180
225	275	302	471	584	351	741	211
205	242	304	515	682	522	835	210
210	224	330	558	684	547	890	198
209	220	372	561	602	521	901	189
234	225	359	493	560	538	919	191
229	182	363	511	537	567	880	170
215	174	343	487	425	442	762	177
205	175	323	434	345	354	693	165
196	167	270	401	320	366	769	175
181	155	277	390	295	346	761	175
179	138	256	340	246	300	786	189
171	124	252	295	210	251	778	166
175	134	251	272	261	281	768	162
194	132	255	317	291	274	778	164
174	114	242	316	302	347	798	171
163	110	224	291	313	331	662	148
174	113	234	292	364	321	660	147
174	96	225	293	362	303	698	141
159	91	218	288	435	345	625	143
194	86	224	319	435	272	589	139
204	81	240	341	439	257	581	128
205	96	223	334	408	265	578	121
206	108	240	318	377	258	544	137
230	106	223	321	244	184	497	123
216	108	206	292	234	201	591	130
191	116	196	283	263	232	585	139
241	112	230	307	281	255	583	142
248	102	213	328	300	250	563	126
228	116	221	311	397	279	599	132
217	117	235	352	425	258	480	120
220	111	247	331	397	253	672	136
181	120	224	307	378	322	717	158
199	118	216	355	415	335	698	162
218	113	211	341	329	310	695	157
266	124	211	308	316	368	734	173
270	127	198	326	323	360	566	152
260	125	204	341	342	277	536	133
237	131	203	271	277	256	498	133
242	124	202	284	290	271	497	129
181	113	176	275	323	199	585	117
189	111	192	311	332	220	591	122
198	92	172	301	331	230	650	137
239	90	177	305	365	232	788	155
222	114	193	285	353	206	765	160
215	108	197	277	296	196	713	151
205	108	165	208	297	166	744	159
192	110	161	236	275	151	728	160
180	105	208	312	302	147	626	150
191	107	247	366	344	176	700	163
199	111	259	405	416	185	635	159
213	113	259	416	414	240	681	158
211	108	265	393	414	249	692	155
171	111	232	329	356	251	661	150
162	82	166	284	350	274	600	129
188	101	149	244	268	283	666	146
187	103	171	234	241	231	594	141
199	104	167	230	235	270	517	153
227	95	155	254	247	275	564	186
234	93	170	223	203	240	552	191
213	71	227	289	213	264	582	195
