0	1	2	3	4	5	6	7
190	122	173	72	43	84	380	87
173	120	169	71	41	80	389	92
164	116	130	59	41	85	397	85
143	96	100	51	39	89	362	89
150	78	104	70	39	103	356	86
152	81	98	69	40	92	278	99
147	83	93	69	38	92	278	94
152	82	97	74	37	87	280	99
152	84	97	72	37	85	294	101
119	72	69	49	35	73	316	94
112	67	83	56	32	79	297	92
124	73	91	67	34	82	284	97
149	105	117	77	41	90	283	101
158	105	122	78	41	90	238	93
161	110	140	77	44	93	200	95
161	125	136	74	45	80	230	93
172	134	133	66	47	77	229	91
172	114	111	58	45	75	224	112
181	125	114	68	50	79	274	117
180	125	93	73	51	74	279	112
177	110	92	69	50	74	248	105
176	90	112	83	53	94	292	112
147	88	133	88	54	93	280	83
141	87	149	100	52	92	258	84
152	103	199	116	52	89	257	86
167	106	205	122	53	100	281	96
144	111	197	115	49	93	303	83
165	157	187	112	45	91	308	81
168	173	170	100	42	86	274	74
168	170	105	80	43	86	321	88
158	170	132	89	42	78	325	80
157	173	133	88	41	60	256	74
155	146	139	84	41	59	260	75
143	124	140	81	41	69	263	76
128	118	143	78	36	70	229	61
146	130	106	59	34	66	220	62
163	134	99	55	36	93	233	64
178	135	82	49	36	105	274	82
182	150	82	46	34	101	300	90
216	178	80	47	34	104	338	100
208	172	78	64	44	116	353	112
240	222	135	161	90	105	413	122
344	393	209	178	116	94	513	133
488	437	245	209	148	130	570	146
512	483	322	308	257	205	550	170
522	508	346	352	295	211	585	165
588	600	399	380	343	263	583	167
560	515	447	379	353	310	587	165
472	522	443	391	351	305	559	158
466	493	460	325	284	280	572	159
484	513	467	297	252	279	532	165
395	399	417	236	178	234	492	158
357	390	342	268	164	183	429	144
312	390	357	306	164	181	407	141
263	416	293	327	177	157	418	102
258	363	266	319	176	157	550	95
285	351	278	309	164	198	634	108
281	349	265	288	147	192	598	107
286	274	220	206	122	187	629	133
283	184	180	170	112	201	605	144
235	179	158	146	102	209	538	143
169	157	103	136	99	172	429	131
158	177	94	102	89	172	426	129
139	190	82	95	90	185	365	108
133	188	81	77	72	173	353	99
128	184	85	77	59	148	227	93
134	188	92	82	58	141	324	99
129	158	95	80	56	129	307	98
129	135	99	82	54	99	346	88
125	129	94	73	46	103	387	82
121	133	86	66	47	107	394	82
121	135	90	54	45	100	326	78
116	127	78	47	43	100	325	80
119	130	75	42	43	124	332	78
132	136	74	43	47	127	311	74
133	134	73	41	45	126	339	75
121	134	72	44	44	129	339	73
113	131	77	46	45	142	332	76
130	144	90	50	46	139	264	75
116	137	89	47	41	144	237	70
123	139	90	51	46	144	329	70
126	138	84	47	45	162	343	72
130	137	81	47	49	156	369	68
101	118	70	58	65	185	669	71
126	127	134	99	111	276	809	124
131	110	221	293	141	300	823	155
135	111	242	317	152	301	847	159
134	107	253	333	163	304	868	163
151	117	270	355	178	285	664	161
140	114	275	357	171	198	553	132
126	125	231	238	154	177	572	111
127	124	212	209	146	156	552	112
129	124	208	197	137	147	505	103
115	122	268	170	115	141	597	101
115	127	262	155	107	155	599	106
115	121	262	144	99	135	558	92
122	106	268	145	97	139	549	107
116	106	273	138	94	143	578	115
112	102	195	119	91	139	522	122
116	104	164	108	72	128	506	112
122	121	140	99	68	154	453	121
110	134	124	91	64	157	434	106
109	137	92	66	66	159	542	106
106	133	83	58	61	178	538	98
94	121	79	55	62	294	533	107
88	103	62	52	73	333	591	105
89	68	96	83	79	341	633	107
103	67	96	101	84	344	525	103
109	77	113	123	120	341	581	118
130	108	129	144	148	260	605	121
142	118	152	161	166	213	626	115
160	188	153	178	220	250	636	119
156	199	168	176	222	248	636	115
180	200	160	167	214	245	676	115
166	194	157	162	207	229	688	126
166	203	150	174	229	240	665	137
145	147	147	167	188	184	685	131
145	154	150	176	204	198	730	138
110	162	186	189	216	211	698	149
131	217	197	183	214	215	812	165
181	313	222	175	199	219	781	171
220	383	290	180	231	239	743	170
246	429	308	199	228	264	762	180
260	436	297	220	222	262	780	204
253	414	320	277	245	256	653	185
235	359	312	283	236	235	713	183
199	285	259	278	218	226	722	181
182	210	254	269	211	198	716	185
175	205	270	258	209	183	649	151
182	199	237	208	179	174	623	147
154	174	231	189	171	166	565	133
158	183	221	182	149	241	537	135
138	168	193	161	154	259	472	119
120	150	158	131	142	260	430	93
95	144	148	104	131	269	385	87
90	126	136	114	172	362	352	114
92	100	118	114	180	384	365	144
113	119	120	111	164	365	331	157
127	143	119	114	163	370	322	159
126	142	114	113	162	367	311	158
134	157	109	89	103	359	303	180
128	159	101	68	81	395	388	175
110	154	102	70	82	416	399	165
99	126	131	136	80	415	416	164
103	127	136	145	75	413	427	166
100	109	132	145	77	349	457	130
104	105	136	149	67	211	357	110
108	97	131	148	62	151	360	97
99	89	91	87	49	132	344	95
98	82	84	71	49	128	426	97
98	78	86	73	45	97	390	80
101	81	88	80	43	106	377	66
86	61	90	88	41	113	372	61
106	87	110	92	40	120	414	69
122	102	114	88	41	124	355	61
118	105	118	87	43	125	338	57
117	116	121	82	46	112	381	65
123	122	119	71	48	119	378	70
111	108	102	62	49	123	346	67
94	95	92	63	53	125	354	75
92	98	85	60	50	138	363	84
87	80	68	47	45	152	405	103
87	73	59	42	44	164	422	116
83	70	57	42	45	176	445	118
78	63	57	39	40	173	397	121
82	55	53	36	39	173	410	121
86	66	68	42	43	178	360	108
82	68	68	41	44	172	427	113
98	89	66	43	47	178	422	170
98	91	65	44	48	176	430	177
114	121	80	53	54	174	462	182
106	115	73	50	57	183	502	181
128	129	86	54	65	335	496	191
124	122	91	53	64	372	494	156
132	129	102	55	64	384	521	146
116	109	95	48	63	448	543	139
120	114	104	51	64	486	536	139
112	111	107	54	66	468	478	147
127	115	114	54	68	555	454	141
126	134	136	54	70	563	420	136
129	136	137	56	83	641	415	142
134	146	137	58	94	655	382	140
128	171	144	59	95	631	522	116
117	188	150	65	96	546	544	108
121	175	124	66	104	587	570	113
124	181	131	67	92	490	535	104
124	178	127	65	82	450	587	121
131	153	113	60	76	422	465	111
124	124	95	55	75	418	453	111
122	124	112	66	74	340	541	114
125	109	107	75	105	355	555	126
124	120	138	128	141	331	479	123
119	162	165	181	198	343	505	119
150	286	182	185	208	336	557	129
161	309	196	217	248	350	534	124
170	349	200	224	246	269	511	118
194	354	192	222	257	265	524	105
220	352	184	203	243	252	498	110
229	284	194	222	241	229	433	102
229	263	177	192	211	214	336	111
245	219	173	189	211	213	354	112
315	269	185	185	192	208	340	120
350	356	182	186	173	181	368	116
348	387	160	174	169	179	383	124
355	433	168	193	162	154	387	117
351	438	187	195	156	134	457	123
277	407	176	203	164	160	463	115
219	339	175	233	203	165	473	119
256	307	206	265	225	190	548	114
256	431	243	278	247	208	538	130
265	454	238	289	285	239	489	128
284	467	238	305	321	231	634	138
294	481	264	388	342	291	666	165
298	494	270	391	352	309	683	193
309	428	255	379	335	303	700	194
316	406	247	383	327	304	691	194
304	391	243	369	309	297	562	186
306	367	218	257	281	250	483	160
260	356	192	261	255	207	359	123
260	252	162	265	259	212	433	106
230	233	161	244	226	194	415	101
244	253	163	239	204	219	425	187
227	239	145	226	156	201	431	194
220	195	128	163	145	208	442	199
200	180	132	165	176	204	366	202
207	197	186	256	255	273	426	217
175	170	179	249	246	293	411	160
170	179	183	244	245	314	417	157
170	183	180	243	243	353	393	157
146	188	173	228	222	503	364	157
163	195	110	104	118	506	299	141
187	246	115	80	94	497	278	127
218	240	111	79	96	492	281	119
238	244	115	75	92	483	348	112
244	245	111	67	74	363	374	104
254	247	109	60	73	321	368	96
239	200	93	54	71	309	377	96
223	211	94	54	66	340	354	95
204	234	84	50	73	385	435	109
220	237	84	50	62	384	405	118
199	269	78	49	55	377	423	120
226	269	80	49	60	370	433	125
207	260	72	44	59	390	465	130
212	260	73	43	48	328	337	128
234	261	80	50	54	323	335	133
250	221	103	59	59	330	311	141
268	252	104	59	57	329	274	140
294	279	117	69	67	264	211	137
356	303	147	75	70	241	189	129
363	314	159	79	89	172	233	121
405	335	160	87	103	135	210	118
395	316	163	89	104	119	224	126
395	296	155	83	101	84	250	133
356	275	137	82	101	113	299	134
364	277	124	82	86	127	255	131
303	256	124	99	70	135	266	118
326	248	124	110	75	134	275	113
339	270	124	112	74	148	311	110
324	272	118	113	73	129	259	100
280	283	131	122	89	125	254	99
324	314	146	113	98	126	272	96
295	328	146	106	101	133	286	107
257	317	153	113	115	121	243	101
265	317	167	131	134	131	252	106
293	362	157	121	123	126	299	113
246	384	136	121	148	156	303	120
255	396	138	130	167	170	430	118
275	395	127	122	159	187	626	155
355	394	134	147	193	286	800	183
425	364	156	176	235	362	911	185
461	393	160	178	230	377	921	211
478	444	182	195	240	393	928	217
476	441	203	226	268	394	960	224
461	451	213	222	251	351	949	231
440	535	255	230	263	378	908	263
403	509	267	232	260	362	945	239
385	457	249	215	245	344	900	231
383	465	234	185	220	373	820	216
361	479	215	161	219	387	773	305
285	369	144	119	161	297	732	289
306	333	123	108	150	290	682	298
285	314	126	100	133	304	745	298
271	294	126	97	125	275	723	303
215	254	118	85	97	226	616	183
220	240	108	75	88	222	578	154
171	204	92	67	89	210	586	139
155	200	88	66	91	183	533	136
154	203	84	61	87	152	515	97
161	169	84	61	76	145	537	87
136	148	89	61	67	119	514	85
154	164	102	77	57	124	481	80
201	186	126	90	60	126	447	71
210	236	170	111	67	131	355	73
219	262	181	124	70	154	390	73
270	275	197	130	75	156	396	84
270	264	192	129	74	152	451	84
271	311	234	129	79	164	459	90
287	281	221	153	73	159	459	87
290	276	235	163	70	131	378	89
318	339	237	192	72	127	433	80
347	362	247	190	88	165	521	98
347	391	237	277	81	134	493	88
351	407	240	271	83	130	484	91
353	420	325	332	96	129	508	103
323	394	322	323	97	145	573	111
316	401	326	330	86	98	494	94
321	372	349	276	87	90	501	109
403	400	478	321	98	94	545	113
412	437	437	254	94	121	578	111
402	423	457	247	90	101	471	117
386	418	477	260	95	110	447	134
384	408	450	255	94	114	430	129
272	391	318	185	85	129	405	129
254	326	291	186	89	134	376	122
259	324	271	244	91	136	375	118
304	299	232	229	84	126	336	100
283	275	225	216	84	128	323	107
285	245	222	241	81	129	320	118
296	242	262	260	64	98	267	128
274	253	311	209	65	101	291	123
240	261	315	206	65	105	306	123
235	237	349	215	61	104	353	119
237	238	350	192	58	104	390	105
207	220	323	170	60	103	391	96
215	206	268	161	55	100	397	94
189	193	250	149	53	94	407	96
197	216	211	126	52	101	487	89
197	193	203	157	54	81	436	83
225	224	190	148	58	81	445	77
217	204	169	158	63	83	419	74
207	199	177	165	68	87	399	74
190	172	142	163	68	77	260	71
172	164	119	115	61	73	296	73
129	133	116	111	58	80	275	77
120	128	138	104	50	73	265	76
119	123	132	93	44	74	309	79
119	125	139	99	45	70	294	80
116	125	137	100	46	67	276	85
111	95	129	86	40	60	304	78
109	75	105	77	43	68	315	74
96	79	112	89	40	68	277	65
112	80	108	84	40	67	283	66
122	81	97	83	38	69	267	61
123	79	99	86	43	84	236	64
114	76	98	78	42	86	253	72
118	79	82	66	47	96	288	70
102	78	77	60	45	100	294	66
107	76	72	54	45	106	283	67
103	81	78	60	44	100	285	70
109	88	81	83	59	97	298	72
110	93	77	82	61	88	309	82
108	86	75	83	62	88	341	88
96	86	80	107	86	92	343	84
93	81	74	105	88	107	359	85
96	75	68	91	84	182	364	94
112	69	66	87	83	217	328	91
113	77	70	89	93	268	292	89
124	79	66	73	83	272	313	92
124	78	64	70	79	290	298	89
127	77	65	68	74	256	269	81
122	73	73	73	74	231	273	73
122	62	64	68	61	173	307	69
123	57	60	51	46	164	331	70
146	64	68	50	45	117	355	77
146	68	75	56	44	109	352	74
135	66	75	58	55	122	367	77
139	69	76	61	57	123	350	83
127	67	77	65	62	123	338	78
99	60	72	68	68	128	324	75
106	56	65	67	73	174	319	75
105	52	59	67	70	222	337	76
102	50	61	72	77	227	358	75
