0	1	2	3	4	5	6	7
253	278	553	252	124	109	44	92
254	284	582	255	126	131	43	64
263	268	546	212	121	177	41	68
217	251	509	241	140	190	37	93
204	252	478	222	126	174	38	91
209	247	426	192	127	176	36	89
210	246	516	209	152	160	35	88
213	216	533	217	183	149	33	80
191	204	502	200	191	149	35	67
199	215	517	205	198	162	38	89
183	245	536	198	222	164	88	97
195	247	435	209	227	199	90	96
185	245	404	201	203	178	91	97
183	254	471	222	199	165	94	96
159	247	453	234	217	155	94	73
226	216	431	258	203	152	51	77
224	225	480	229	188	116	176	83
261	244	508	223	194	185	185	89
302	400	448	184	178	209	189	92
314	543	482	165	133	326	278	344
308	651	549	150	127	335	280	379
359	652	504	177	116	334	236	388
338	678	465	180	105	317	241	397
315	650	467	196	107	313	241	438
343	600	473	203	105	202	155	429
345	494	410	173	102	188	162	525
309	497	415	153	129	219	155	529
326	482	457	156	135	192	158	525
362	462	466	148	141	184	159	493
337	372	474	157	151	180	139	377
300	393	517	179	145	214	132	199
270	423	504	179	127	207	119	176
243	393	489	177	117	223	105	163
161	333	492	172	102	212	128	152
153	326	436	144	99	201	123	152
151	279	347	118	96	178	117	88
187	223	336	114	93	163	115	76
175	222	298	112	98	163	99	70
220	220	230	100	106	162	53	71
214	224	227	101	94	158	48	64
219	240	270	97	95	154	47	58
198	215	259	82	95	173	47	53
222	228	278	74	95	159	98	51
172	256	274	79	109	180	102	46
177	284	266	73	104	195	104	46
226	277	206	69	106	199	110	58
224	302	219	82	98	174	108	56
213	347	262	85	113	174	68	55
219	327	274	89	95	159	61	55
240	308	289	88	94	224	62	56
219	325	288	83	88	227	95	50
213	296	287	72	86	228	103	50
224	233	244	77	104	224	104	53
227	288	234	70	111	218	107	55
201	274	211	67	109	164	105	55
169	273	214	74	111	148	68	52
198	296	201	77	131	143	57	52
182	312	216	70	106	153	91	50
177	307	330	70	106	174	92	49
195	312	339	71	111	206	92	49
214	355	358	70	129	206	97	44
232	361	360	66	110	207	98	43
246	380	372	65	104	255	60	42
247	360	292	59	94	269	57	39
237	365	284	55	114	236	110	47
247	302	280	47	97	234	110	51
227	310	317	51	99	232	109	52
227	275	331	56	103	169	111	48
232	254	322	60	118	163	110	50
239	257	322	60	96	176	58	43
235	279	318	61	90	190	50	40
219	272	312	69	88	190	55	39
238	306	278	74	97	192	73	45
227	306	253	74	80	166	112	51
209	309	283	73	77	135	115	49
179	294	265	74	78	108	124	48
197	287	266	81	100	132	122	47
154	285	257	73	90	127	111	49
163	319	291	77	90	124	70	42
179	362	277	77	91	132	90	50
