0	1	2	3	4	5	6	7
211	285	315	159	121	73	110	69
216	252	330	206	162	84	104	69
201	266	376	275	194	97	100	74
204	252	364	283	197	96	79	104
204	259	379	293	206	92	65	105
164	261	389	291	213	105	75	113
167	296	391	293	190	107	82	117
180	310	352	236	168	92	80	116
179	320	381	223	160	94	150	93
181	315	369	223	157	92	158	100
179	312	393	220	146	77	159	91
181	319	413	196	165	63	157	88
172	291	417	202	151	66	159	91
165	268	353	186	147	60	100	98
182	305	344	199	147	73	90	102
168	310	310	221	150	77	77	97
171	267	285	228	116	70	69	97
180	276	270	230	121	72	85	113
191	257	277	235	118	77	86	125
181	243	282	232	166	66	80	116
176	228	302	229	180	62	83	131
161	221	314	214	177	63	83	136
189	209	324	213	187	58	67	124
178	219	321	209	182	54	54	129
175	191	322	186	138	51	52	134
177	274	297	190	126	69	93	137
198	320	282	226	139	77	101	142
196	319	293	216	142	77	98	139
208	311	286	254	168	76	99	123
207	313	282	275	194	80	109	121
216	246	274	281	213	67	114	121
217	187	291	261	209	68	120	126
194	223	268	261	234	66	120	136
179	224	317	226	240	85	121	132
195	215	379	209	226	97	114	135
185	268	400	187	212	92	76	112
181	277	372	205	222	88	57	106
164	260	412	206	192	102	62	111
188	270	385	224	163	94	64	111
