0	1	2	3	4	5	6	7
142	187	311	183	160	55	101	110
126	209	394	199	168	56	108	107
114	220	390	202	156	52	112	94
111	228	425	209	155	56	89	100
136	219	432	218	171	46	84	120
139	223	451	229	168	50	119	125
136	209	415	223	157	54	116	131
130	193	439	212	181	63	125	139
134	190	402	223	194	75	167	149
114	174	402	206	203	75	165	132
110	152	393	216	203	74	153	146
109	150	422	207	211	90	162	148
107	161	418	217	202	88	185	145
94	150	421	231	203	76	154	141
102	174	426	237	195	95	174	141
111	171	422	216	209	99	165	113
125	174	406	218	204	86	175	130
129	159	379	216	200	87	164	132
149	163	375	181	179	98	177	121
142	139	401	174	161	83	161	145
139	166	437	191	140	82	170	152
129	159	438	171	147	93	181	129
131	160	468	215	149	88	164	133
121	150	484	221	142	113	206	130
125	165	442	212	142	117	231	93
119	169	398	208	136	115	227	99
116	184	381	213	143	107	204	111
106	174	360	170	138	119	210	99
102	173	337	210	179	89	159	106
141	166	325	219	199	85	118	119
137	146	338	222	196	87	129	106
145	131	299	216	194	87	133	100
155	134	318	210	224	75	142	113
148	133	311	182	199	74	144	108
110	137	325	184	191	82	145	113
115	132	327	178	198	88	134	115
105	131	350	193	194	86	146	115
97	147	323	193	172	83	132	102
116	164	347	197	167	76	124	111
107	158	369	189	153	58	110	111
105	161	363	197	156	57	113	137
112	163	359	200	149	54	90	144
106	203	341	218	147	56	90	146
92	198	315	210	152	59	109	152
88	212	300	219	178	62	113	147
104	213	347	247	203	56	115	146
133	215	348	243	208	59	115	152
134	164	351	224	196	53	105	149
136	152	347	242	208	52	90	140
135	130	338	248	191	58	103	153
150	144	327	220	188	59	111	134
164	133	305	227	209	64	116	126
173	164	315	227	217	69	118	135
188	214	358	220	200	72	121	136
234	219	351	217	207	69	141	115
234	203	293	201	182	78	143	119
213	202	284	196	187	76	137	116
205	185	301	199	205	74	136	104
205	133	260	171	213	95	198	109
179	163	283	184	207	96	180	126
158	164	299	205	223	85	170	132
168	177	316	195	206	83	172	136
181	216	292	202	183	85	194	139
171	223	311	214	178	62	156	137
167	193	300	194	220	73	155	117
168	201	294	164	209	79	171	109
161	208	307	193	198	82	169	122
157	206	359	197	211	79	152	127
168	209	348	185	209	79	115	122
151	228	343	190	167	73	112	132
150	231	357	192	181	67	84	135
153	222	363	174	175	61	105	109
149	197	340	198	169	61	119	101
133	215	316	195	172	58	118	119
139	205	334	183	158	53	113	113
152	214	365	203	150	65	132	100
159	215	336	193	156	68	125	109
159	205	311	183	152	66	105	120
159	215	349	221	160	66	108	104
146	209	344	223	161	69	128	107
140	211	313	206	173	62	120	107
165	228	352	225	188	60	118	104
180	242	385	206	213	71	127	98
186	208	373	181	240	75	143	91
199	225	388	206	250	68	129	93
206	223	422	237	233	67	119	110
170	209	392	212	240	69	116	117
150	192	390	258	216	77	112	114
139	195	373	251	186	74	124	124
137	170	346	231	179	74	126	120
140	158	278	235	179	87	142	122
136	144	294	260	181	94	162	123
149	148	260	209	190	82	169	127
151	162	274	214	215	81	148	116
164	227	308	218	218	85	159	117
