0	1	2	3	4	5	6	7
232	240	646	406	127	88	319	128
200	253	667	444	133	77	162	107
176	254	715	450	137	74	141	91
201	217	704	429	144	81	186	101
203	211	602	403	138	77	191	107
192	218	589	282	125	63	174	91
235	228	582	210	160	59	182	124
235	242	517	204	170	58	187	128
231	267	517	186	163	56	154	116
221	286	463	186	181	68	183	111
218	271	411	183	185	68	185	115
179	277	398	202	153	68	175	98
186	300	471	224	149	66	143	96
171	282	482	225	157	62	129	100
178	259	465	222	144	51	142	114
186	283	523	228	141	60	170	120
182	280	507	230	139	61	172	106
177	252	434	209	128	59	182	107
175	262	498	251	159	63	184	104
181	273	507	246	158	62	134	85
167	227	459	259	159	62	88	86
166	212	436	237	176	63	82	97
187	218	427	231	181	65	53	97
192	207	360	179	141	60	65	98
177	186	360	186	148	65	90	101
184	216	355	186	141	62	111	102
169	212	387	188	118	61	117	93
148	182	375	179	112	63	124	100
133	178	339	172	142	66	119	118
130	194	352	163	128	57	98	120
139	168	380	154	122	57	74	111
163	168	349	153	143	79	77	108
161	263	366	161	148	78	67	107
169	270	391	164	148	78	119	96
198	259	367	164	160	87	125	116
196	254	307	154	157	83	135	141
244	259	326	152	146	74	135	152
241	191	309	145	151	71	136	156
255	196	258	151	131	69	94	152
236	208	257	155	139	59	93	138
228	214	312	151	153	58	79	114
145	209	304	141	153	44	106	102
166	227	360	162	149	47	107	88
148	225	399	176	159	52	107	106
152	221	396	169	142	50	107	99
163	222	387	213	146	58	110	106
167	261	424	235	139	53	72	116
196	241	384	223	149	50	70	117
191	238	368	224	136	48	112	111
191	246	429	240	146	55	125	123
186	246	418	202	133	50	125	116
196	212	367	188	145	55	128	112
169	181	365	190	134	62	172	132
167	180	336	175	154	63	151	120
159	204	283	157	140	60	146	117
168	195	280	170	145	62	144	117
157	177	347	163	136	59	142	105
137	190	348	167	139	59	91	92
144	195	388	196	130	71	92	106
143	163	380	217	153	72	94	94
145	174	385	222	194	72	95	116
161	190	341	220	196	72	98	116
162	206	342	226	193	72	102	113
150	191	359	214	203	61	149	108
148	174	346	217	190	60	140	109
123	175	334	216	133	64	142	88
115	182	352	214	139	63	140	99
107	205	381	234	143	61	138	89
118	223	343	222	139	68	96	82
121	258	353	199	164	68	101	89
135	255	357	243	188	71	105	95
136	284	321	245	200	71	109	84
141	276	267	233	194	100	140	90
132	261	283	237	196	114	131	88
137	238	287	260	194	113	128	94
134	268	276	221	198	109	122	137
129	222	274	221	205	109	128	138
131	212	288	210	203	83	114	133
138	259	253	207	195	55	131	140
136	259	275	185	203	75	136	139
139	232	300	184	187	76	167	102
137	241	312	195	162	80	162	112
136	220	303	200	166	88	158	117
136	178	311	185	160	106	159	111
135	172	275	192	130	94	175	120
131	170	310	171	123	90	149	108
153	171	340	194	135	88	152	104
