0	1	2	3	4	5	6	7
142	237	466	242	132	32	44	152
168	240	462	226	165	34	39	148
188	239	410	244	200	35	40	118
191	285	421	305	199	37	37	83
228	316	430	308	212	38	42	110
234	310	407	276	223	38	37	124
219	316	407	273	210	48	42	134
220	318	416	261	190	48	40	136
233	296	381	189	198	50	43	141
188	256	352	166	181	51	40	125
197	280	393	182	166	53	41	107
209	276	380	216	175	47	40	104
210	273	383	195	154	47	41	111
201	250	429	209	141	46	39	109
208	237	444	216	154	43	39	120
200	189	417	202	155	42	41	125
192	177	400	171	130	36	38	143
189	177	437	289	154	35	39	149
256	176	362	279	182	36	42	163
264	181	379	283	170	35	46	163
264	173	404	305	195	36	49	186
289	210	455	306	206	39	51	174
295	213	414	224	203	38	53	174
227	223	441	217	182	36	53	161
211	221	436	216	190	36	55	161
228	223	446	187	171	42	54	131
208	216	408	200	177	40	54	134
224	259	414	188	190	41	49	127
235	259	386	213	193	43	47	121
240	274	359	222	183	49	47	136
241	294	315	224	180	46	51	147
247	281	290	225	171	44	48	149
242	255	291	230	167	43	50	153
243	284	287	226	187	47	55	169
240	279	273	235	204	44	59	149
219	265	283	253	209	47	58	159
199	261	298	228	245	61	59	155
163	256	328	248	317	73	62	149
151	226	377	240	316	75	59	129
194	224	387	244	327	76	52	152
267	242	429	292	323	73	58	130
281	273	439	294	298	63	59	118
298	259	414	268	209	53	62	121
310	243	377	290	203	46	59	151
285	246	387	287	165	47	61	140
239	234	404	220	197	47	54	140
220	234	487	226	205	46	59	156
211	230	497	216	198	43	52	153
198	258	544	189	183	53	62	135
195	240	538	163	182	47	59	121
211	237	547	204	143	49	68	131
223	236	465	209	133	49	63	118
207	273	449	238	152	49	64	115
213	246	383	226	163	36	60	116
211	244	358	225	186	36	60	115
177	228	287	211	185	34	51	125
156	200	300	222	173	31	57	125
163	167	324	196	178	31	57	137
167	203	358	201	165	31	54	131
190	210	369	235	182	44	63	145
188	241	385	224	209	52	81	132
187	245	391	216	296	65	78	127
180	227	397	235	306	68	80	145
161	235	373	238	311	71	80	158
159	295	378	201	336	70	75	148
167	309	388	191	327	67	58	150
195	301	402	196	262	58	58	160
204	321	360	175	262	53	55	138
216	317	358	195	303	59	56	126
234	281	359	239	311	64	56	126
230	269	318	255	344	64	53	135
211	276	274	270	350	60	54	138
207	259	272	286	383	62	56	133
223	233	307	279	355	52	57	139
184	220	315	287	308	41	65	140
224	191	314	289	309	38	59	120
239	185	319	279	325	45	59	104
262	183	374	274	267	47	74	121
239	211	363	267	271	51	72	126
265	226	348	242	285	56	69	122
226	239	373	230	254	64	79	137
223	238	398	208	210	63	84	139
196	253	350	189	207	62	69	136
196	253	350	189	207	62	69	136
234	281	359	239	311	64	56	126
230	269	318	255	344	64	53	135
196	253	350	189	207	62	69	136
201	226	325	205	204	62	70	129
201	237	347	199	211	57	65	139
220	212	350	230	212	56	61	127
234	222	320	238	218	54	55	129
234	222	320	238	218	54	55	129
262	183	374	274	267	47	74	121
201	226	325	205	204	62	70	129
201	237	347	199	211	57	65	139
220	212	350	230	212	56	61	127
234	222	320	238	218	54	55	129
229	207	329	279	251	62	55	114
240	226	389	275	261	64	63	107
231	176	426	285	234	60	62	96
219	182	388	256	215	54	59	111
189	186	396	302	252	58	65	106
215	247	423	313	242	53	69	110
193	255	439	309	265	48	62	112
183	267	381	313	277	49	64	142
200	295	375	319	283	49	62	130
216	301	388	271	280	46	64	124
193	259	361	225	286	49	58	150
215	277	276	245	265	50	59	165
219	299	293	264	280	53	66	136
238	269	291	277	280	59	67	137
230	266	272	277	254	59	58	158
230	266	272	277	254	59	58	158
240	226	389	275	261	64	63	107
230	266	272	277	254	59	58	158
