0	1	2	3	4	5	6	7
244	453	285	187	158	112	224	128
308	573	305	168	138	98	226	123
314	609	327	170	138	98	224	141
324	633	361	185	129	92	237	157
302	625	304	179	91	85	237	148
288	572	317	174	69	69	237	154
236	469	338	177	92	71	242	179
212	482	403	190	121	66	236	162
233	444	401	175	125	62	242	142
243	493	455	172	125	81	240	163
271	495	504	187	128	82	236	167
264	451	487	180	122	76	245	135
265	386	460	167	100	88	248	151
243	384	447	174	99	94	232	164
226	297	456	160	98	86	227	143
204	314	451	144	107	82	152	128
215	346	516	140	116	88	126	138
225	362	541	148	122	77	124	122
214	361	551	129	116	65	106	120
209	384	500	148	120	53	109	127
208	391	473	157	126	67	144	133
191	357	421	168	109	60	137	128
211	363	395	184	109	71	137	127
208	370	377	206	128	72	145	131
199	349	392	207	134	72	136	120
198	386	375	204	123	113	149	133
230	382	398	208	129	154	147	123
210	349	386	204	141	155	158	124
210	317	400	218	129	159	158	104
223	309	457	205	126	164	167	113
212	202	454	211	133	134	135	95
207	180	458	231	159	85	140	91
200	159	495	224	149	85	125	88
205	156	528	206	183	80	115	93
195	139	548	227	191	67	119	91
199	166	571	239	200	75	113	100
151	173	578	215	186	82	116	114
154	173	558	242	188	68	119	131
128	189	578	281	163	71	121	127
142	217	564	284	187	73	135	119
126	221	646	313	175	67	138	116
136	266	604	332	182	76	139	114
129	274	595	345	205	85	138	93
133	290	575	313	254	89	140	102
126	283	564	310	235	92	133	128
127	300	464	280	241	94	137	124
123	275	524	254	237	89	129	113
133	261	538	223	219	82	134	111
128	238	545	275	151	86	151	133
110	229	507	321	202	103	179	124
106	202	484	346	217	129	184	124
99	182	464	356	227	127	185	130
94	202	448	355	287	134	185	161
103	192	405	319	313	190	176	155
109	198	382	256	299	215	157	147
102	179	439	267	318	202	149	155
102	188	463	274	312	207	158	155
100	168	460	269	256	207	155	126
172	176	453	275	241	159	147	100
171	165	479	277	219	116	125	129
172	209	435	233	167	127	134	136
169	257	377	226	198	118	132	140
214	262	377	234	192	121	131	159
183	262	356	224	171	115	131	170
191	265	404	243	190	110	122	157
197	253	403	270	196	94	126	151
223	199	395	257	152	86	128	156
187	204	404	243	151	79	135	142
178	213	426	250	160	81	150	130
221	211	415	243	155	89	179	118
228	186	420	203	143	84	163	119
212	194	454	202	140	91	151	103
281	196	448	197	143	93	159	90
287	191	421	191	141	91	151	99
258	189	398	206	117	100	138	131
289	209	387	232	120	99	132	119
354	308	457	243	149	92	132	144
306	315	476	264	172	84	128	150
296	331	498	263	170	77	121	154
314	339	503	251	209	70	119	141
282	328	511	235	236	91	130	153
192	225	425	229	231	107	139	137
181	222	375	217	227	107	127	135
211	193	376	225	238	115	140	128
182	186	356	243	202	113	139	121
182	203	367	229	175	98	128	108
186	204	343	223	188	86	121	94
214	224	411	259	185	107	138	132
206	231	423	266	185	112	139	133
203	252	414	242	183	109	130	127
227	248	435	249	174	113	133	122
221	250	479	266	160	114	137	140
206	227	427	226	156	114	131	108
184	234	431	201	160	116	156	115
187	234	436	226	174	123	153	145
167	220	387	235	199	120	150	152
165	225	355	238	203	143	149	147
150	212	380	250	196	129	144	149
177	209	382	256	190	137	165	148
174	182	360	238	180	131	166	118
161	195	357	229	155	141	175	121
180	199	391	231	168	122	169	111
215	209	354	217	173	144	174	107
196	228	331	227	158	256	114	114
202	274	389	276	171	280	120	120
204	271	402	274	174	296	108	112
251	268	354	255	161	307	116	125
230	286	374	264	186	299	105	125
223	262	369	270	190	203	103	111
211	214	315	232	187	188	119	103
208	209	283	224	187	162	132	125
138	203	332	256	209	132	130	115
139	169	413	236	174	130	133	110
157	159	401	222	174	131	144	138
181	168	438	223	184	99	115	168
192	164	506	252	183	94	139	156
196	178	509	222	158	97	140	165
190	171	435	254	191	96	133	193
197	175	440	250	187	115	138	176
185	162	416	230	168	130	144	152
207	176	383	194	162	129	105	154
200	198	367	217	155	134	133	152
213	224	401	209	150	132	133	124
240	233	404	207	162	117	119	123
240	231	421	242	164	96	112	126
212	220	401	249	190	90	128	118
232	204	376	229	198	84	108	137
213	186	366	226	179	94	183	135
180	180	362	236	171	118	188	135
187	199	318	217	208	128	188	150
202	212	315	222	196	133	187	167
172	188	353	237	183	149	186	143
197	190	368	227	178	149	171	161
188	214	383	246	182	133	183	162
196	194	463	234	131	129	185	166
192	182	492	230	111	133	179	155
223	227	488	215	153	121	172	176
206	229	470	238	166	129	115	153
206	204	472	208	166	140	126	151
215	204	439	217	167	138	123	126
208	209	468	211	174	162	118	125
182	179	440	207	152	161	134	106
188	179	450	212	155	172	140	110
211	170	540	248	159	165	131	105
178	175	539	239	181	170	132	99
179	168	484	249	199	137	140	91
171	149	504	248	209	143	129	72
186	167	512	234	196	159	129	88
152	191	410	197	191	191	102	87
154	192	454	219	175	201	108	93
169	207	463	228	154	215	108	94
174	212	454	231	124	215	112	139
152	208	607	218	162	194	113	149
175	187	633	241	166	171	124	156
