0	1	2	3	4	5	6	7
106	166	264	190	199	187	126	122
123	161	241	204	225	195	115	98
145	152	264	220	245	206	116	98
158	142	238	213	276	180	124	101
178	138	309	252	276	155	111	117
280	155	337	281	293	160	124	140
309	172	447	342	289	152	122	146
352	185	454	363	278	161	120	162
351	199	477	364	241	175	115	172
358	193	440	340	213	175	128	155
284	181	437	324	193	150	105	133
292	244	342	242	212	147	109	132
237	263	323	193	255	123	109	115
239	263	316	162	290	78	118	98
252	259	326	166	345	85	122	101
256	258	286	170	341	82	118	109
204	244	269	237	342	80	119	102
206	248	298	242	319	74	115	102
209	250	316	241	322	68	130	106
170	285	414	273	285	68	108	106
219	288	442	288	318	64	115	116
231	253	519	246	369	64	118	122
261	276	531	265	372	72	144	119
276	302	554	308	349	87	122	131
282	289	532	318	351	100	121	147
274	288	518	346	324	109	116	130
293	307	451	394	233	108	124	126
264	282	457	379	218	106	116	139
246	316	401	347	207	102	123	137
234	362	325	319	188	85	121	120
198	370	331	276	176	73	122	116
160	351	357	193	179	77	136	115
190	373	316	189	169	74	120	108
222	353	329	196	163	69	117	92
223	292	350	212	181	62	116	87
236	307	362	203	182	64	111	102
277	317	331	211	179	66	144	124
248	290	322	236	182	69	150	134
223	267	326	230	179	64	144	146
244	289	304	198	148	65	145	148
250	275	305	183	132	62	167	159
213	272	329	172	123	54	127	144
214	262	351	141	116	52	122	130
217	271	336	143	112	48	126	119
248	257	363	136	79	46	123	126
236	244	353	145	80	46	109	108
219	230	359	131	92	44	122	111
242	233	352	162	83	38	125	117
282	206	357	171	81	39	123	113
258	189	359	176	83	41	122	116
252	181	380	180	83	58	126	106
292	208	347	187	59	55	106	102
279	191	337	145	97	55	102	106
231	171	326	143	102	57	103	111
230	199	284	152	106	54	102	99
243	202	284	136	107	39	113	98
202	170	277	134	112	37	103	109
208	175	379	165	98	46	108	113
209	174	391	165	95	46	107	110
188	148	423	158	91	50	137	106
161	153	493	161	106	47	112	104
178	181	539	217	114	50	111	142
163	208	488	199	100	41	106	131
162	216	531	191	100	39	115	132
171	245	543	204	131	37	103	139
175	277	513	231	153	38	104	157
149	365	479	196	204	58	109	131
176	364	468	222	223	67	112	124
178	370	447	262	274	73	130	132
167	349	433	250	270	80	117	131
167	319	363	233	260	84	115	128
175	208	441	236	252	80	113	119
134	202	470	256	243	76	134	122
120	201	539	257	223	72	109	141
114	206	556	275	227	70	106	134
144	203	567	287	240	76	105	127
135	211	508	287	238	75	105	127
141	190	586	253	262	76	93	127
169	187	508	225	238	76	102	102
173	177	476	198	224	71	103	107
161	210	468	198	213	63	101	102
177	211	527	189	215	55	104	89
187	225	406	204	188	50	98	92
197	225	401	213	194	69	92	107
196	239	421	233	210	77	96	100
182	207	426	215	201	92	110	90
179	206	355	218	155	94	116	94
162	185	374	234	178	104	120	101
122	186	368	214	187	93	115	84
139	172	368	215	181	89	114	111
147	203	406	271	194	74	103	115
138	224	430	281	218	78	121	131
212	237	430	284	200	69	108	127
237	265	472	280	187	64	108	120
242	272	483	275	183	75	108	101
246	258	465	249	184	77	137	110
262	265	474	228	161	73	107	87
211	267	485	201	171	76	106	84
181	244	487	202	171	81	110	96
159	253	457	183	164	68	104	99
207	252	438	140	153	62	88	98
205	288	408	143	155	56	94	114
213	293	448	134	153	48	93	130
233	293	404	126	143	38	87	129
255	299	399	153	159	47	92	124
220	335	458	157	153	51	116	127
210	298	444	172	174	53	116	124
211	290	432	172	154	52	116	108
203	301	411	181	153	57	117	126
193	294	431	191	138	50	129	131
227	263	427	200	161	47	100	125
233	251	421	180	138	51	98	112
230	246	426	196	147	58	103	118
219	234	503	254	144	54	102	95
199	234	491	258	173	60	83	108
187	250	434	251	160	66	113	113
173	227	483	290	158	61	113	120
172	243	418	295	190	56	107	128
167	235	347	242	194	59	106	124
172	219	348	245	172	56	108	115
123	193	368	263	190	51	58	102
145	244	312	230	193	55	97	97
138	224	312	209	152	56	100	77
140	225	295	211	143	63	102	88
190	235	298	179	141	125	104	90
194	255	284	153	117	126	108	95
181	210	358	147	107	134	114	94
194	207	352	156	120	142	116	96
212	206	351	157	124	144	118	94
170	199	339	153	136	107	114	92
178	174	327	143	123	127	111	100
175	162	245	144	122	120	98	100
167	160	285	121	111	140	93	105
162	165	273	105	142	144	90	96
193	180	279	124	126	153	97	98
184	163	311	130	125	143	96	86
179	165	313	118	125	170	109	91
174	179	303	128	150	209	116	87
167	173	326	164	140	213	119	87
132	154	350	172	144	205	115	82
139	174	324	199	153	210	114	95
161	225	338	212	161	190	86	87
166	223	412	242	162	122	96	89
159	218	419	228	152	133	94	95
156	231	391	215	149	130	93	92
150	231	431	201	144	122	93	74
120	183	470	203	154	130	102	93
165	196	428	180	131	137	97	94
169	201	426	177	127	112	97	92
171	191	476	185	125	109	97	93
189	240	470	176	139	97	128	122
206	243	413	177	120	122	117	116
197	243	375	165	120	129	108	128
194	247	362	156	116	131	109	132
196	236	418	150	138	139	110	143
200	174	385	149	123	140	105	123
183	203	381	116	120	108	110	117
154	185	387	120	142	100	107	101
152	173	428	153	151	93	109	113
176	176	300	156	138	114	105	91
160	197	314	165	142	112	78	91
170	195	366	173	164	111	74	89
185	198	384	168	149	97	73	101
212	199	329	148	140	99	70	79
199	204	382	150	164	68	68	84
207	191	362	157	162	78	67	106
210	211	355	197	142	78	110	125
205	236	324	198	138	86	112	124
223	234	328	196	142	88	114	137
216	236	313	215	124	81	115	137
203	226	338	227	130	68	117	125
196	187	299	198	156	88	103	107
199	159	323	199	162	89	111	106
147	176	333	236	155	92	108	96
150	195	331	224	168	99	107	104
170	202	336	204	176	102	142	105
217	220	336	219	153	92	122	118
212	218	356	226	166	95	117	112
209	204	399	222	197	118	120	117
215	193	372	241	192	117	121	106
222	186	366	238	173	116	95	119
184	174	377	225	176	110	108	116
198	183	332	232	156	102	107	119
215	187	267	206	131	68	105	109
226	173	279	178	128	66	111	110
199	174	284	197	151	94	93	103
189	160	306	204	144	98	92	91
169	156	328	189	148	98	101	84
150	169	340	179	161	94	103	84
178	186	359	182	148	90	102	107
196	217	327	159	134	58	102	102
203	220	283	155	138	57	82	101
210	227	254	149	158	58	90	102
205	215	271	164	130	64	96	105
164	212	266	154	131	64	91	96
143	177	278	180	133	69	93	90
151	245	286	170	143	69	91	93
141	225	342	170	124	66	75	91
172	243	309	157	127	60	98	104
