0	1	2	3	4	5	6	7
210	531	348	224	271	75	336	62
206	528	351	230	276	80	407	61
229	543	378	196	285	83	427	71
292	528	408	152	267	71	359	100
323	524	429	132	171	67	329	118
325	477	480	140	137	63	326	127
346	452	508	138	138	47	202	125
338	435	489	141	139	37	133	122
288	372	473	155	157	36	102	100
259	333	463	166	168	40	84	98
278	267	449	181	175	42	82	110
262	304	459	212	170	43	67	142
255	281	493	214	137	46	101	150
265	335	472	207	137	46	100	156
300	304	461	228	129	41	102	153
259	307	425	229	146	51	103	162
281	272	398	220	257	49	103	139
289	274	391	244	275	54	69	138
304	223	379	266	282	57	65	147
294	217	373	240	284	69	75	154
320	225	431	243	281	65	73	139
298	224	448	237	208	72	76	168
309	254	414	204	222	70	73	167
290	252	447	263	213	68	69	155
271	227	463	270	209	56	57	151
230	204	449	265	239	54	54	142
230	198	449	292	223	44	48	100
201	165	500	318	199	43	51	120
220	172	535	264	199	46	55	128
235	187	537	277	221	45	44	120
257	231	509	275	188	45	44	127
265	272	494	230	193	47	45	144
272	276	439	217	196	49	41	127
254	299	359	230	190	45	38	123
266	298	335	256	189	44	48	151
251	294	388	243	199	45	48	146
262	263	365	258	218	44	48	138
280	281	370	254	228	49	59	145
284	260	355	238	227	51	60	143
268	307	381	209	212	53	53	111
