0	1	2	3	4	5	6	7
192	167	462	232	73	75	89	82
195	179	526	232	111	77	88	66
223	187	651	255	120	108	93	65
161	209	638	255	123	120	94	62
153	223	589	239	134	133	98	64
166	210	552	191	130	142	65	62
168	195	508	190	109	139	57	66
128	195	411	180	119	116	97	64
132	199	513	177	126	128	97	65
203	215	546	191	123	126	96	67
196	224	636	193	128	133	104	60
203	228	656	193	117	137	106	56
244	224	647	195	106	148	66	59
258	219	600	182	105	147	105	58
278	208	612	168	110	160	106	58
276	218	577	174	104	146	99	61
282	273	564	172	107	142	97	60
250	310	516	177	141	187	95	62
284	328	538	195	130	193	60	84
233	352	566	207	127	180	84	90
259	361	539	200	130	180	84	90
287	473	556	213	133	192	96	142
314	532	565	200	90	153	108	154
281	549	537	185	91	131	101	144
289	562	469	155	78	123	113	140
288	573	442	144	71	126	112	140
265	498	401	133	68	130	103	98
243	437	378	94	63	147	105	156
263	433	331	89	58	160	120	180
238	439	294	82	58	162	144	250
247	427	281	80	60	156	157	319
252	386	310	77	55	141	164	329
307	455	401	83	83	103	173	325
289	504	412	100	89	77	183	315
306	498	410	103	93	122	153	289
274	500	425	119	97	131	147	226
267	499	382	138	123	124	140	220
193	423	284	138	107	122	121	184
178	348	290	127	104	124	87	180
156	318	278	137	104	74	69	137
156	301	274	125	106	56	48	108
128	310	309	110	74	55	60	70
113	288	297	108	107	51	85	62
106	257	272	103	106	42	88	49
70	225	266	102	106	38	89	36
67	230	238	109	108	46	91	35
106	200	188	101	123	45	81	33
101	210	198	107	95	45	49	28
103	183	201	109	96	45	40	28
112	177	203	109	101	44	37	29
111	184	186	100	95	37	33	25
67	193	180	90	99	42	29	25
64	196	156	91	103	44	25	27
60	211	189	102	99	42	86	29
38	208	186	90	94	42	89	25
33	174	185	92	106	37	91	29
30	158	185	93	91	32	92	28
32	135	185	92	96	29	93	26
28	133	169	77	101	30	46	23
48	131	184	89	102	35	39	25
50	132	186	92	106	34	34	20
50	126	195	94	102	34	31	20
52	166	216	102	103	36	28	21
52	160	231	104	111	37	22	22
35	164	248	106	111	33	22	24
33	159	241	111	123	34	24	25
33	162	238	109	124	37	23	27
32	121	229	93	114	33	25	28
32	107	219	98	107	31	28	28
33	141	192	93	119	33	30	28
30	147	235	88	114	33	29	28
30	147	254	86	109	29	31	28
28	148	241	90	109	30	28	27
27	150	239	80	107	30	27	27
30	108	252	70	92	26	26	23
32	103	221	75	90	25	27	21
32	123	217	83	90	27	23	19
33	123	240	80	91	27	23	17
33	140	225	83	90	31	23	16
28	140	195	83	108	29	21	17
26	140	207	78	90	30	20	18
25	153	193	76	88	33	21	21
20	145	167	85	88	35	22	21
22	136	166	81	105	44	23	23
28	137	168	80	116	44	22	27
29	144	137	83	119	47	25	32
28	106	142	74	120	46	27	31
30	108	187	73	117	44	27	34
29	98	186	77	145	36	27	34
26	109	225	99	120	34	27	30
28	99	232	90	114	32	23	26
30	105	220	91	114	34	24	26
114	132	184	84	115	35	32	28
122	161	180	83	51	32	50	30
132	167	176	70	78	35	53	31
146	207	239	74	84	34	56	32
148	212	253	74	85	32	56	30
116	226	300	71	85	32	54	31
113	231	328	72	86	37	39	31
102	238	304	59	66	34	39	31
82	211	257	58	85	36	35	32
78	206	242	63	93	37	34	32
52	184	196	73	95	46	34	30
59	177	202	85	96	53	33	34
68	165	233	91	97	59	31	34
113	161	232	89	103	70	31	33
115	167	243	84	98	77	29	36
119	195	242	79	97	73	27	36
145	202	230	79	94	66	25	33
158	199	201	86	92	63	26	31
135	215	196	93	80	50	25	31
148	213	178	95	96	41	27	28
166	186	175	97	99	41	26	29
160	175	175	86	98	38	24	27
146	177	203	78	103	38	21	27
147	161	201	76	84	42	22	26
138	162	203	79	103	56	22	26
111	163	217	75	108	56	25	21
137	158	229	77	113	61	26	21
140	166	207	69	109	61	29	23
147	157	217	64	109	63	28	25
144	184	219	61	103	49	31	29
152	186	192	57	96	53	29	29
128	183	132	49	93	62	29	33
136	179	147	53	97	64	29	32
127	211	170	53	99	60	33	34
156	182	170	56	102	63	31	32
150	191	167	58	102	71	32	32
127	181	165	55	109	65	32	28
123	172	161	54	110	64	33	31
131	139	120	53	110	64	29	27
139	144	119	48	105	62	29	27
137	123	130	48	103	64	27	26
143	125	130	55	104	64	28	28
134	137	107	53	103	65	25	28
127	147	109	53	124	65	25	32
73	151	110	59	107	67	25	33
84	162	100	60	114	63	26	34
73	165	98	61	109	67	27	32
148	171	102	63	126	66	41	38
155	158	105	65	107	67	40	33
168	154	109	60	102	65	39	32
179	140	111	59	100	60	38	36
191	135	111	53	98	54	36	37
151	108	115	51	88	61	25	30
145	111	117	47	89	64	26	31
139	113	112	58	92	63	27	30
143	106	117	62	84	60	29	27
140	119	119	63	97	61	29	25
134	138	163	70	93	66	25	27
