0	1	2	3	4	5	6	7
306	222	299	182	244	56	82	113
314	216	396	189	266	55	107	126
249	203	403	233	271	63	113	114
237	204	412	248	306	65	121	104
236	202	396	259	300	126	127	113
193	194	435	256	247	138	125	114
168	179	372	256	244	187	113	92
155	181	380	214	231	198	134	101
167	181	395	217	204	229	132	110
161	160	402	211	230	207	120	93
155	154	351	209	236	204	136	87
176	150	406	249	258	179	164	86
178	153	381	272	276	169	158	89
156	165	360	288	278	138	157	84
166	177	352	284	283	129	159	83
172	195	367	299	278	127	159	91
162	208	306	278	294	105	118	92
159	238	405	253	328	102	129	77
158	250	447	247	329	87	130	102
180	248	475	258	324	79	128	98
195	261	542	242	343	86	123	115
189	269	621	250	337	89	122	122
189	242	591	281	316	89	108	129
208	223	566	266	308	87	103	112
202	255	554	259	303	89	102	136
224	273	518	310	345	72	88	123
246	275	424	313	329	59	125	124
284	369	474	296	307	52	116	126
278	406	512	332	325	55	119	153
272	389	492	325	319	65	128	135
246	380	456	317	284	72	150	140
258	376	473	314	282	72	124	138
235	292	412	326	300	76	118	135
240	226	384	306	291	73	120	112
231	215	404	344	311	74	140	125
239	182	490	334	273	68	113	129
224	169	473	323	249	67	112	134
229	211	468	302	201	61	147	146
252	221	567	312	155	61	147	156
284	276	567	264	104	62	132	153
313	308	496	215	111	61	139	144
322	319	494	218	118	60	186	145
324	296	510	209	133	58	159	135
330	307	414	160	137	55	159	123
318	263	452	222	142	56	163	121
303	228	459	220	159	56	164	123
310	218	551	230	156	56	128	125
297	225	557	240	148	59	129	147
262	226	527	244	144	60	125	147
245	246	541	208	131	58	140	148
270	263	540	213	123	67	136	149
251	250	442	190	131	71	118	146
252	224	448	183	132	70	117	120
274	222	469	175	132	70	114	109
280	219	430	169	139	59	99	129
245	220	459	159	147	55	106	128
239	227	439	157	137	55	107	130
248	231	409	150	129	55	104	136
288	226	402	156	131	58	142	141
311	226	352	159	134	58	127	131
311	208	369	176	99	57	123	123
311	205	372	194	108	53	122	130
327	193	355	197	108	62	151	129
264	204	314	220	123	65	127	124
243	210	436	256	122	66	126	115
234	215	400	256	135	71	124	134
233	214	419	257	159	83	142	126
186	226	410	287	251	98	136	121
201	196	453	273	264	100	134	155
195	202	396	236	268	99	131	152
180	207	372	271	267	100	136	134
170	201	351	267	260	96	117	126
189	197	380	244	204	79	95	133
173	203	362	240	200	83	114	99
199	166	390	263	230	92	143	106
261	146	411	240	269	98	139	123
259	151	468	252	282	116	141	138
247	176	485	244	262	117	136	134
243	198	537	316	281	113	146	130
246	203	586	325	286	188	131	137
190	200	585	312	257	204	138	140
182	201	572	415	290	194	133	127
197	184	589	440	308	196	160	142
201	156	570	420	297	197	141	142
153	143	487	418	303	123	133	125
155	208	577	431	325	93	123	106
177	215	587	331	295	94	154	113
186	212	551	297	295	114	146	89
210	213	569	256	289	120	138	121
218	263	618	245	259	129	135	143
211	225	518	237	217	128	171	149
204	231	511	239	201	127	152	148
184	243	530	251	219	107	136	150
172	276	546	261	237	92	136	128
215	254	498	249	234	82	166	124
217	255	527	254	238	79	144	117
223	251	580	247	228	74	137	123
243	248	586	237	207	70	136	131
270	229	522	239	164	72	148	138
246	234	511	233	150	72	116	130
274	254	487	209	134	71	97	164
283	284	397	197	136	72	98	163
302	280	377	193	95	70	120	157
280	294	385	167	78	70	102	156
304	285	368	147	67	64	105	183
329	288	402	128	64	61	109	161
327	260	432	140	59	58	112	158
299	258	431	145	49	62	141	153
321	241	546	144	52	60	141	152
306	264	605	154	56	56	142	121
290	253	617	153	84	52	138	112
321	264	586	144	86	57	140	126
315	260	650	144	86	64	117	134
281	242	611	146	89	66	122	138
277	216	560	133	105	70	123	142
252	214	567	138	95	67	123	153
231	198	564	151	95	66	119	143
238	197	479	142	96	53	111	133
241	203	393	138	113	69	109	125
254	181	380	144	106	68	102	121
259	151	339	154	109	69	100	115
233	166	350	152	132	87	137	108
233	167	336	149	153	120	126	111
233	158	345	151	142	121	133	111
199	167	351	175	147	131	143	145
170	166	392	170	171	134	149	137
172	134	378	183	174	133	125	151
188	138	385	193	175	130	121	152
211	131	371	223	182	138	114	155
232	121	401	228	181	153	145	113
240	178	357	282	194	166	143	116
248	185	383	291	189	167	139	121
283	193	423	295	172	163	137	149
271	209	497	318	186	156	177	152
253	217	495	345	234	147	149	163
259	196	516	307	215	215	172	173
250	188	532	301	228	224	177	165
239	243	544	331	253	217	180	145
249	247	491	304	253	225	156	151
255	267	489	275	237	239	152	147
270	311	508	276	239	183	121	144
264	336	495	270	231	169	119	144
272	342	462	231	215	174	127	143
333	383	469	222	208	163	121	138
362	384	454	203	174	125	121	139
359	381	411	196	165	101	118	133
367	384	446	212	150	92	138	125
344	355	484	206	157	86	132	130
274	316	471	196	148	92	129	135
231	315	466	189	160	95	131	132
234	264	479	183	150	92	133	125
233	236	446	162	144	100	135	123
228	244	437	182	117	92	132	111
225	238	461	187	109	87	124	101
239	212	440	187	128	150	122	88
235	213	431	184	135	172	128	92
241	211	432	179	133	182	88	117
227	168	379	150	133	212	131	120
252	146	347	135	129	223	130	117
238	163	366	162	115	193	134	122
212	184	345	172	108	185	134	135
192	188	330	168	113	177	137	113
225	189	316	172	128	147	124	108
233	190	297	242	139	128	140	119
228	171	316	233	131	139	140	123
241	148	369	223	175	132	136	109
236	156	355	230	192	145	135	113
232	190	394	260	193	139	139	124
191	190	453	208	219	145	136	125
221	197	440	195	250	145	130	120
208	188	374	211	225	151	132	129
251	210	402	219	212	146	134	127
229	186	407	209	230	152	112	121
259	206	362	248	211	144	106	107
253	248	381	255	168	126	109	107
267	272	409	243	171	133	160	103
242	253	398	246	193	139	160	112
241	274	361	249	169	138	151	130
225	260	345	213	159	144	148	131
213	221	337	215	181	145	146	124
194	215	357	260	182	130	152	136
215	205	335	249	163	154	151	132
218	174	353	255	160	170	150	112
233	176	351	297	174	178	149	113
265	213	359	312	180	178	167	112
310	198	353	295	202	175	123	119
301	205	383	289	198	171	124	119
301	277	358	283	204	173	159	122
301	273	367	231	198	166	155	123
297	282	341	198	170	166	139	128
265	304	350	175	134	167	157	97
265	304	350	175	134	167	157	97
