0	1	2	3	4	5	6	7
206	279	481	220	163	274	158	66
227	299	480	213	155	278	169	68
187	291	528	215	151	293	168	68
233	285	525	214	149	302	171	65
229	294	544	194	143	207	135	64
227	283	559	183	140	198	118	52
219	277	543	198	139	187	97	56
216	269	508	193	146	190	97	56
213	276	515	220	157	193	95	63
212	246	525	250	159	194	126	58
249	250	506	254	153	196	123	59
245	243	549	238	150	203	103	52
247	247	583	249	173	213	110	50
304	224	565	226	173	228	119	40
310	233	575	210	168	244	91	42
289	300	597	200	156	239	118	42
301	353	540	231	150	254	148	97
354	441	490	227	110	249	165	120
314	483	442	218	91	239	184	292
335	656	471	208	84	230	210	352
342	691	452	194	71	240	206	373
335	678	418	172	72	236	219	401
291	690	431	162	122	239	224	508
256	669	432	186	127	221	211	490
239	585	359	198	139	225	193	505
230	538	385	203	149	215	195	495
225	550	381	199	159	192	167	482
251	496	377	187	135	190	152	366
246	484	373	161	132	217	147	289
243	371	331	138	122	191	132	173
224	321	302	138	112	193	110	161
232	278	298	123	92	194	94	100
186	223	266	132	91	165	66	83
196	244	266	125	97	131	94	70
192	247	263	109	96	161	99	66
195	263	230	95	89	158	105	69
172	267	224	98	88	157	128	62
183	326	260	100	99	164	147	60
181	315	257	131	100	156	123	61
162	320	280	138	97	168	143	57
197	305	288	137	100	170	140	45
209	315	276	125	103	163	120	44
219	244	295	119	105	156	118	43
249	235	316	90	96	164	135	45
280	222	312	80	98	195	113	45
257	231	315	86	97	214	143	49
270	207	329	85	95	220	146	54
266	247	296	77	91	217	131	55
225	286	312	77	94	224	127	57
189	290	287	72	98	167	146	54
225	303	275	67	102	150	135	49
213	306	258	63	121	155	134	52
216	285	251	56	126	164	135	56
221	268	241	51	122	147	124	51
235	286	242	54	115	146	100	52
188	275	244	61	111	136	100	53
196	276	248	78	97	140	144	47
218	271	248	83	112	143	150	53
222	250	252	82	116	148	154	54
205	230	254	87	117	153	158	56
205	234	259	82	115	148	141	57
186	259	263	71	116	162	93	58
174	257	265	65	111	176	79	49
171	240	217	62	108	195	66	52
175	226	260	57	108	192	175	50
180	238	268	59	111	203	176	47
208	238	267	61	120	203	180	44
177	230	290	68	95	190	184	45
184	234	293	66	94	172	186	49
205	273	277	66	91	171	87	50
204	272	273	66	89	157	119	51
204	245	279	65	97	121	154	52
202	300	280	67	90	141	154	50
209	307	276	72	90	154	153	42
189	293	292	81	108	165	157	41
189	273	289	86	118	167	137	42
185	265	307	85	97	170	89	44
206	220	309	91	99	173	139	54
230	281	356	92	98	166	152	55
