0	1	2	3	4	5	6	7
195	235	347	214	175	86	69	118
230	229	353	206	179	87	78	111
243	242	339	208	193	82	64	111
258	262	341	212	195	79	63	101
252	221	349	201	168	85	83	117
258	230	379	165	169	81	83	121
232	236	365	166	155	80	87	129
200	235	385	144	132	77	91	136
187	237	397	153	151	76	93	136
182	227	425	163	159	78	74	136
170	209	394	160	153	77	72	122
147	208	410	194	156	76	58	125
216	206	430	197	147	77	62	126
246	196	419	194	129	72	62	128
256	228	385	204	136	62	66	106
258	240	382	221	136	68	66	124
265	230	401	255	139	79	73	122
233	228	387	299	156	74	67	106
209	242	354	316	160	76	67	109
201	236	407	344	171	78	72	117
213	251	404	342	189	80	74	105
230	280	447	303	181	70	63	102
211	274	469	258	167	70	62	104
199	257	471	244	182	77	59	120
209	273	423	199	166	79	62	124
200	258	432	179	150	72	59	118
197	249	363	180	178	70	76	124
197	257	308	183	179	74	90	124
198	273	339	165	155	93	98	105
213	235	406	151	167	94	104	105
200	221	397	175	177	95	104	120
215	189	375	177	201	94	94	112
219	209	393	186	206	113	91	109
220	191	380	178	205	108	86	128
202	219	376	192	209	103	77	123
210	239	393	186	237	101	76	119
205	254	405	186	207	99	79	133
193	229	416	192	206	87	80	140
191	243	432	197	204	83	75	123
195	226	382	181	210	82	68	143
221	220	356	202	181	82	66	146
205	232	361	205	195	82	67	146
203	229	320	186	199	70	50	138
201	234	302	215	221	67	58	138
189	243	342	224	196	75	78	117
188	257	366	202	197	92	93	121
165	234	368	191	196	94	89	102
189	252	394	203	195	97	98	121
179	251	420	204	178	92	102	129
192	252	406	196	197	91	100	133
186	244	374	206	205	72	92	124
210	254	366	205	190	84	93	128
207	249	356	205	203	77	90	117
230	212	298	201	234	79	85	119
236	217	298	198	237	79	72	118
226	248	318	186	224	88	74	112
220	270	326	221	277	75	75	108
233	284	362	231	273	72	68	100
224	303	385	211	245	72	71	87
256	315	386	229	244	67	69	88
261	291	388	239	265	66	68	102
274	287	380	202	222	74	68	116
255	275	341	220	240	87	84	119
255	262	340	217	266	80	87	123
205	231	320	201	272	91	92	119
194	233	289	198	254	93	92	112
171	245	319	223	241	89	89	96
210	282	331	214	260	76	77	98
221	289	371	214	240	79	72	93
228	314	406	242	222	62	63	101
231	314	422	244	290	96	74	125
223	308	404	225	290	99	76	138
200	270	378	223	255	100	85	144
188	294	356	228	262	104	81	149
188	261	335	195	261	106	83	147
203	265	347	263	178	75	76	122
217	298	434	283	205	74	95	124
203	292	458	260	237	78	86	115
202	269	444	255	223	71	87	119
229	306	420	264	253	80	88	123
216	314	393	198	257	76	85	122
211	280	304	195	272	78	59	121
232	276	285	223	251	76	61	118
255	286	281	250	253	88	71	114
231	303	284	263	229	86	69	118
229	286	310	269	241	83	64	131
233	283	304	288	214	83	70	117
229	293	305	284	204	87	84	119
209	276	303	258	212	79	74	118
225	220	321	236	218	72	76	112
226	258	294	229	253	70	81	95
226	261	355	215	254	67	87	104
