0	1	2	3	4	5	6	7
384	445	439	234	149	163	178	225
388	489	445	229	137	248	186	334
365	473	494	228	119	258	142	299
326	476	503	198	98	259	154	313
323	603	488	135	89	264	156	335
347	619	527	145	89	251	178	427
295	587	554	146	83	181	200	399
294	566	535	141	101	170	203	420
264	517	468	154	105	160	223	424
236	360	433	168	102	148	220	410
205	346	425	167	102	174	204	319
199	325	395	174	103	150	160	252
189	305	400	175	146	214	180	184
194	308	380	161	148	238	146	130
196	293	395	152	152	243	152	102
183	248	379	145	151	229	152	59
200	295	376	137	167	235	149	58
194	313	361	151	114	182	109	72
237	317	345	153	109	202	161	76
238	326	337	141	103	209	157	81
264	356	313	138	138	205	171	83
240	337	331	138	121	196	173	80
255	335	315	149	132	193	170	61
224	345	322	150	129	177	146	56
250	362	311	156	132	167	163	66
234	345	303	157	128	167	166	70
237	333	334	176	135	171	161	72
214	323	341	150	129	161	161	71
199	299	322	141	128	154	134	70
172	272	316	130	137	178	138	55
177	282	366	136	125	178	167	66
179	254	336	128	114	176	172	67
172	259	335	158	114	174	170	68
171	252	351	160	113	308	169	67
216	284	352	160	130	307	147	62
207	280	374	148	126	334	119	56
199	259	377	175	130	340	123	64
202	239	409	150	127	340	126	65
206	241	406	150	126	206	125	66
142	220	458	160	106	258	132	71
149	212	390	158	99	250	101	67
161	234	378	105	96	238	88	59
189	240	329	120	98	243	81	57
208	247	341	117	129	242	155	54
211	224	273	105	122	165	153	58
194	214	275	103	118	106	154	50
187	236	251	106	118	97	155	51
175	256	278	92	118	83	155	69
148	235	245	92	99	125	82	70
158	272	250	104	105	152	69	78
183	300	288	109	104	161	128	84
190	276	301	113	103	161	170	81
199	294	273	108	97	165	173	66
230	321	288	101	108	139	174	64
217	297	350	110	107	103	173	44
280	281	353	137	108	93	132	48
277	277	343	133	107	106	66	56
270	250	340	130	108	105	57	60
244	252	383	130	104	138	54	63
