0	1	2	3	4	5	6	7
164	238	368	120	113	111	116	92
176	214	382	113	126	89	112	83
153	198	411	131	122	66	106	68
207	189	351	122	123	52	109	76
201	203	378	129	125	53	108	75
199	180	384	138	99	53	110	80
197	179	374	166	106	65	111	104
192	185	357	164	115	96	66	99
191	176	385	175	116	102	64	93
193	143	405	171	148	110	105	96
202	158	404	179	169	140	104	92
220	173	483	163	154	141	112	68
237	158	544	176	165	141	113	66
235	185	552	188	168	153	137	69
287	186	530	194	182	154	133	67
331	226	524	198	197	143	132	93
362	257	458	261	241	165	125	114
386	270	423	261	254	175	125	127
400	284	412	251	254	175	183	129
380	280	391	253	239	208	171	151
347	267	506	329	243	212	174	144
314	282	530	304	210	206	179	137
279	283	518	297	191	200	182	128
235	261	523	315	205	230	109	130
214	275	547	316	192	202	110	102
209	265	457	242	155	198	108	99
198	265	432	212	135	184	97	92
187	283	480	213	132	172	96	89
175	276	529	201	124	217	119	77
200	285	540	212	127	240	139	77
215	294	584	230	126	234	181	75
209	274	589	251	138	259	189	69
214	259	611	275	147	266	191	69
214	331	715	280	186	200	184	79
249	351	795	277	207	165	176	91
279	367	779	251	210	251	183	107
327	368	775	225	204	254	184	107
352	404	714	185	190	250	184	164
361	519	620	156	139	267	189	220
377	649	511	135	101	278	206	255
360	653	467	141	86	270	170	255
330	680	484	161	84	258	187	274
330	682	479	160	88	292	189	318
327	584	372	153	85	281	209	362
324	436	331	149	81	297	198	363
325	448	336	134	83	254	216	434
336	402	333	112	83	242	273	474
318	392	323	106	100	241	296	500
343	427	438	101	120	233	277	505
281	451	473	110	129	202	268	507
286	424	523	131	142	181	256	450
269	445	499	131	147	176	173	399
259	468	510	132	150	103	147	309
222	425	405	131	138	120	132	197
215	384	349	133	132	122	132	135
167	373	278	120	116	126	123	105
138	349	323	119	120	127	116	88
123	294	322	130	118	126	78	75
100	279	351	128	115	108	72	68
105	254	356	114	113	143	60	53
125	264	327	92	111	139	55	56
112	238	268	91	100	144	110	52
114	219	252	77	105	157	114	45
127	244	245	104	99	157	116	46
148	271	275	103	98	111	115	49
129	266	291	105	100	105	111	44
154	265	286	97	126	96	57	46
151	258	275	97	106	179	46	47
147	238	268	71	106	177	42	46
120	217	288	82	105	184	42	43
114	202	276	81	117	188	85	44
81	199	290	82	107	189	89	40
158	220	300	74	114	156	103	40
160	247	300	69	115	159	106	37
164	228	255	48	115	153	116	40
166	249	258	45	99	148	88	43
208	256	241	41	70	149	84	45
163	269	233	62	91	95	91	45
161	236	202	71	91	104	111	48
164	242	185	78	93	111	104	47
163	214	192	84	94	118	109	47
151	213	185	81	118	118	109	45
152	198	181	70	101	118	90	43
145	204	197	65	102	103	63	42
136	216	201	60	102	116	71	41
155	235	267	71	115	112	92	43
147	256	278	78	113	114	97	43
158	229	285	76	103	115	101	43
158	240	273	71	99	153	106	43
157	235	281	68	102	142	99	50
138	234	218	50	88	145	72	45
117	207	215	55	83	142	63	45
111	221	205	56	89	135	58	47
121	205	211	60	92	127	91	45
126	200	193	58	95	157	92	40
161	227	191	58	108	156	100	44
179	225	202	52	113	157	103	45
168	238	268	63	116	156	103	43
162	240	272	61	116	125	68	46
190	295	266	62	109	103	77	44
171	273	249	60	124	107	79	41
150	279	245	58	110	106	84	41
170	279	210	53	109	112	88	45
172	302	221	51	109	125	89	42
143	263	237	58	118	140	77	47
129	249	257	60	114	146	69	50
127	284	276	56	110	148	65	54
142	275	274	49	106	146	100	53
141	254	289	55	107	143	101	56
140	251	302	50	98	113	101	56
166	261	290	50	90	113	98	49
215	249	269	55	94	144	95	45
194	266	324	58	100	156	53	44
192	273	307	56	117	157	45	41
203	328	299	51	139	152	60	50
186	330	337	56	126	169	74	54
117	326	328	49	126	146	96	55
109	312	281	59	119	130	99	53
144	309	286	61	123	121	102	54
142	242	272	66	100	125	93	47
144	253	220	65	101	123	82	48
148	271	262	78	99	132	53	48
173	263	271	82	132	131	42	48
152	250	257	79	116	132	67	54
156	295	258	77	115	136	121	51
173	288	265	74	118	147	123	50
189	271	235	63	130	143	127	49
177	270	240	50	106	145	129	48
179	297	242	55	101	144	118	41
185	248	252	54	106	146	66	51
170	244	301	59	104	112	111	57
173	232	321	61	85	100	113	61
176	273	343	58	97	101	115	61
203	268	384	59	98	99	116	60
204	332	408	64	90	94	114	49
224	328	384	60	86	83	67	39
