0	1	2	3	4	5	6	7
183	142	380	235	195	91	140	117
179	182	372	248	166	86	145	139
183	244	403	232	170	86	129	137
172	246	410	225	166	79	122	137
192	252	433	220	162	89	123	155
215	292	451	198	123	71	118	148
217	260	463	182	135	75	110	125
225	214	452	154	117	71	70	116
223	209	446	189	120	70	66	114
215	247	494	195	114	50	49	110
183	201	435	180	113	66	173	116
203	219	467	176	75	68	178	120
199	226	518	183	62	68	182	124
234	230	524	152	53	68	185	139
234	181	486	139	49	69	186	121
243	171	515	149	57	52	113	110
222	144	497	152	84	50	123	119
243	116	477	150	88	62	131	147
274	148	548	176	98	64	125	160
265	155	627	223	105	63	134	167
269	182	681	231	104	63	134	168
270	200	676	249	116	67	116	162
254	225	674	243	133	72	106	130
226	218	627	235	136	76	126	97
225	227	558	222	133	85	137	107
211	218	517	246	162	86	132	105
201	207	563	255	166	94	137	102
189	197	646	274	160	104	151	101
173	179	665	268	170	140	144	101
206	185	734	278	197	142	126	69
195	180	758	257	183	143	121	57
201	214	747	269	181	162	154	58
230	211	677	285	187	213	182	66
208	232	698	338	184	197	176	59
195	236	666	335	189	212	182	62
218	255	632	339	203	225	180	62
213	241	703	312	192	237	150	56
256	261	751	302	189	193	93	69
302	251	747	239	187	206	95	75
325	240	790	226	171	231	110	76
338	235	845	230	203	260	105	96
359	237	785	231	209	243	104	97
337	221	727	217	202	241	105	88
323	238	716	219	203	231	99	86
298	232	631	212	195	204	101	88
306	225	563	226	145	166	103	71
289	216	638	256	153	176	102	83
321	214	631	273	153	232	195	124
361	191	598	268	153	232	217	128
423	242	552	263	140	229	209	129
420	351	508	228	127	233	214	190
440	514	377	191	90	226	220	329
410	571	396	138	88	177	146	320
364	577	407	130	59	183	131	335
289	613	454	118	61	173	123	343
275	587	438	129	75	162	124	383
228	480	418	112	78	258	125	333
207	462	369	118	84	274	161	415
219	513	409	121	81	281	170	448
220	524	420	128	84	284	180	482
213	592	443	131	79	280	183	449
223	579	470	136	85	184	178	411
249	538	474	134	115	144	145	330
229	486	429	132	122	108	115	265
250	423	366	118	122	93	92	183
243	257	328	94	121	88	63	124
239	243	272	92	116	85	54	99
207	260	237	75	75	77	46	65
195	255	199	106	66	73	44	57
144	219	203	121	101	77	38	46
117	232	187	121	105	76	36	46
106	227	171	117	110	70	31	46
125	211	175	125	115	73	30	42
171	211	169	105	111	72	30	37
194	238	164	92	82	95	31	38
196	235	155	96	96	105	28	35
189	234	166	92	91	112	28	35
174	284	206	84	90	112	29	35
118	287	199	69	94	114	30	34
73	261	186	61	110	91	30	35
64	247	212	68	98	69	31	35
58	242	259	72	103	52	30	30
58	205	250	70	106	49	28	32
55	221	260	68	103	47	27	32
51	231	283	68	118	45	26	28
44	260	269	56	113	41	27	26
38	258	217	51	111	37	27	25
33	273	186	51	105	37	25	24
36	279	189	53	136	38	26	26
41	285	162	50	111	58	29	31
43	260	156	46	109	64	30	35
47	299	162	51	105	66	30	35
44	292	159	51	107	62	30	32
49	295	160	54	113	64	29	35
43	290	155	56	113	48	28	32
41	286	161	54	113	46	26	30
42	251	169	82	121	45	27	32
41	217	191	83	127	44	26	34
34	209	195	83	96	39	24	28
35	212	192	82	91	41	27	30
35	209	186	84	93	37	27	33
34	218	165	62	86	38	26	32
37	214	145	59	105	37	24	32
37	217	141	58	99	35	27	33
39	202	150	71	103	30	22	30
39	201	168	70	104	29	20	24
37	188	169	64	105	29	20	23
32	183	158	62	103	33	24	25
35	166	142	58	103	35	23	26
32	169	129	45	99	36	26	27
37	179	129	55	98	34	28	29
35	165	127	62	124	34	29	29
36	179	125	63	110	32	28	27
32	172	152	66	110	29	27	24
37	188	158	65	114	28	26	26
33	189	147	65	115	26	25	25
35	222	149	63	110	25	26	28
56	225	160	64	107	26	28	27
57	206	130	64	108	34	28	28
57	196	155	78	104	37	29	26
60	198	153	73	103	40	28	25
59	163	151	71	96	40	29	23
43	150	151	66	108	38	25	24
