0	1	2	3	4	5	6	7
294	302	391	225	151	172	114	66
368	276	318	222	142	173	98	68
381	303	404	263	113	182	102	78
346	280	420	266	147	182	99	78
377	355	407	251	143	211	102	74
358	366	391	215	141	224	132	100
297	387	433	221	137	232	142	108
287	383	359	168	129	226	149	103
305	402	363	155	79	230	156	100
271	361	338	154	70	185	152	100
269	357	335	161	70	125	112	71
248	412	301	130	70	97	95	84
216	460	284	119	65	127	109	96
184	514	244	118	65	175	105	228
171	501	292	109	62	183	110	249
172	515	441	117	77	195	144	283
182	485	429	101	94	196	155	326
195	463	476	146	97	172	155	347
195	397	508	144	108	117	160	280
183	408	514	169	123	102	157	264
195	375	426	170	120	101	121	230
191	343	418	183	116	96	106	154
173	298	366	159	116	97	76	87
167	296	332	170	127	92	50	82
169	244	276	160	118	90	43	73
124	240	236	155	119	56	43	61
113	229	242	140	119	50	35	43
107	201	251	134	139	48	34	37
92	141	231	115	119	50	30	29
95	140	227	102	115	52	30	49
143	134	208	85	110	55	84	61
141	120	182	111	118	100	86	63
140	103	133	107	98	137	86	63
149	114	123	118	96	141	88	65
149	99	139	113	104	144	89	51
103	87	133	126	135	143	43	34
95	77	126	109	127	117	39	31
95	79	127	106	122	71	41	29
85	61	115	106	127	60	38	26
105	138	109	105	122	52	33	24
103	167	109	88	112	45	30	23
98	174	119	79	107	43	30	25
102	184	175	79	106	34	23	25
95	185	175	113	100	34	23	25
62	145	181	137	140	31	24	26
93	112	211	142	126	32	24	25
91	102	205	142	124	30	24	24
106	110	160	141	122	30	24	25
105	108	150	105	141	30	27	25
128	150	186	154	112	30	24	24
107	155	150	162	120	32	24	23
108	158	158	168	136	31	24	23
89	146	163	169	141	31	25	23
95	149	170	166	122	31	23	22
102	96	117	101	109	30	24	23
102	88	186	100	114	25	24	24
104	124	201	106	98	28	22	26
106	118	206	107	97	28	21	24
125	128	206	113	98	31	21	27
