0	1	2	3	4	5	6	7
170	171	268	214	224	217	94	109
188	203	276	233	226	220	92	113
191	193	304	261	215	237	87	97
174	182	296	244	199	221	114	103
196	187	315	240	184	179	118	121
166	195	325	234	162	189	124	120
154	162	309	234	178	215	136	122
147	152	282	205	193	204	134	131
141	158	284	222	206	184	137	131
155	170	264	205	213	187	133	113
155	174	279	218	212	178	151	102
159	175	324	220	215	148	142	110
158	173	324	221	240	145	144	100
172	163	354	205	221	149	137	91
154	161	347	205	207	139	136	93
211	247	317	181	199	101	109	93
207	264	298	136	189	90	108	98
234	269	292	137	140	70	104	111
280	301	278	139	132	50	142	117
281	306	302	153	177	50	151	146
262	245	314	160	210	55	155	150
271	250	329	193	209	60	161	142
258	251	354	196	253	63	162	134
206	223	413	210	252	64	111	145
195	212	395	207	257	63	95	125
173	200	392	204	253	60	88	113
162	180	369	205	251	55	82	109
164	216	343	205	205	55	83	103
173	214	302	230	230	52	91	85
173	226	325	250	314	49	132	76
187	233	385	293	330	63	157	90
202	262	383	284	381	74	159	113
196	285	435	299	387	81	167	117
187	293	398	266	387	82	169	123
219	310	386	269	311	87	142	127
231	334	372	251	295	80	120	136
213	324	399	260	262	79	114	119
211	301	349	233	254	74	100	113
212	329	357	229	240	72	104	130
183	330	356	203	214	63	108	126
168	306	337	175	185	59	103	121
173	300	279	152	135	42	100	123
187	290	256	138	121	38	138	137
195	272	235	139	107	39	116	118
196	292	286	163	121	39	111	116
187	307	242	162	124	36	109	112
186	311	265	150	100	32	109	114
171	307	281	155	124	39	61	107
184	285	348	168	130	43	56	104
175	244	312	159	121	43	75	116
176	226	345	159	110	43	94	120
205	212	354	158	109	44	94	113
203	212	383	151	110	37	90	107
189	255	326	138	106	31	91	112
199	265	320	115	105	29	74	99
191	267	292	109	105	30	86	86
151	276	295	110	107	31	92	83
160	263	282	125	93	30	91	83
145	230	296	141	98	35	95	72
144	213	348	149	99	35	92	67
152	211	354	152	116	36	122	70
156	190	331	154	129	37	123	82
140	186	306	145	120	36	125	80
140	196	316	152	157	37	125	94
117	214	288	187	167	41	129	110
140	196	321	190	180	46	82	110
149	202	414	217	217	53	109	115
153	215	460	223	227	59	107	120
184	193	516	219	211	58	108	114
188	171	519	190	214	66	114	121
175	187	529	227	214	64	117	125
165	176	469	208	172	61	93	112
161	163	456	213	199	62	95	121
173	155	449	227	190	64	96	121
172	152	464	229	187	64	90	119
159	133	451	188	168	62	90	109
176	146	477	187	171	61	97	123
179	151	478	191	127	57	97	112
155	181	413	168	134	66	102	111
151	172	390	173	151	93	126	102
160	190	384	169	158	161	131	120
150	181	365	166	150	167	121	109
138	187	332	164	165	185	133	113
119	188	338	176	175	223	125	129
116	179	349	174	166	220	120	123
109	187	333	185	197	187	125	109
128	197	325	213	215	192	129	105
145	185	314	200	216	201	120	107
138	170	358	190	215	162	151	98
139	185	313	186	209	151	138	97
179	165	312	183	173	156	123	93
159	164	290	151	147	149	121	95
152	165	289	153	133	117	139	98
153	155	231	155	153	121	117	81
151	161	291	170	150	121	114	83
155	149	295	179	183	101	110	90
175	138	285	194	205	99	120	98
177	133	288	193	215	93	135	95
178	128	296	186	190	73	126	91
180	135	287	187	201	70	123	100
173	161	288	195	194	103	122	99
151	171	315	218	215	101	137	97
148	172	299	254	215	132	111	96
155	172	295	256	220	135	115	112
178	192	283	271	227	139	116	118
159	184	279	264	223	127	134	128
163	185	305	242	234	166	114	130
161	198	320	234	264	150	100	137
161	219	335	248	265	177	145	137
153	195	344	236	269	177	155	126
159	196	349	242	265	176	140	113
170	192	335	232	225	147	137	123
184	191	378	234	199	144	149	111
229	177	356	236	210	124	112	98
228	180	345	229	215	148	112	108
211	168	328	220	227	139	122	119
198	211	332	236	231	151	134	101
196	231	283	221	220	175	135	102
134	233	317	221	209	180	139	110
184	235	292	210	201	160	131	102
184	264	319	205	191	166	133	87
190	227	340	196	185	153	152	94
