0	1	2	3	4	5	6	7
205	277	259	209	273	62	99	112
209	273	270	213	295	65	67	119
242	277	253	216	227	67	93	150
219	315	316	232	213	67	94	150
216	296	328	259	206	75	95	150
208	264	364	252	217	75	97	157
219	256	363	249	170	74	88	147
216	269	406	225	171	80	84	110
222	243	396	208	208	77	93	123
203	232	390	180	238	67	91	116
221	259	391	226	240	72	92	103
214	284	390	246	257	85	92	114
189	271	343	251	262	82	121	118
174	256	315	284	240	83	117	111
175	281	326	281	214	102	118	119
171	250	286	254	227	103	118	112
173	239	276	227	218	93	147	109
217	250	272	220	199	92	111	118
231	266	386	198	216	92	112	119
271	248	386	226	235	73	112	123
285	255	383	243	214	78	114	141
277	258	410	244	216	83	104	140
248	265	420	246	239	79	102	136
251	288	299	215	218	74	98	131
234	296	305	190	197	79	98	123
211	301	338	183	191	75	109	108
235	311	348	234	219	69	109	106
224	285	365	240	211	79	113	95
213	248	369	258	221	83	115	94
178	237	368	266	242	80	117	89
191	234	347	248	251	71	101	87
163	205	306	201	260	85	111	91
186	220	308	190	260	77	106	94
214	239	315	198	253	77	103	96
241	233	314	182	240	75	103	127
224	218	321	217	248	108	126	131
227	218	356	224	212	114	94	135
241	304	354	245	227	120	99	159
246	303	355	239	228	121	101	157
222	306	338	260	226	128	117	133
222	320	382	321	370	113	98	131
260	311	377	333	385	101	98	137
233	239	355	339	380	99	96	109
208	292	349	337	406	104	122	116
216	304	385	332	407	97	108	135
224	296	362	265	271	87	103	132
174	316	338	262	237	98	101	116
169	329	374	259	216	96	100	122
193	263	410	286	177	92	116	120
189	259	393	275	186	111	114	99
191	277	362	268	178	108	115	104
186	265	381	298	202	93	114	101
210	233	348	279	204	89	117	84
223	294	295	239	191	97	85	94
222	326	316	249	203	75	85	91
216	308	377	265	231	84	92	102
224	324	355	225	245	90	99	129
209	348	377	243	253	95	116	138
