0	1	2	3	4	5	6	7
382	449	474	194	102	282	215	298
318	417	484	186	102	315	195	269
295	370	508	196	127	319	187	251
251	342	538	235	136	323	153	246
252	361	531	295	146	323	260	252
226	316	531	361	149	354	293	196
227	295	608	469	169	322	345	149
236	327	711	537	197	329	362	137
226	318	754	579	225	339	372	134
209	310	772	548	239	349	323	134
233	331	770	516	251	257	298	128
239	336	722	447	244	242	223	121
228	304	619	367	215	236	210	118
200	282	514	277	238	244	198	115
215	315	382	273	237	239	166	85
190	439	437	265	230	197	246	65
195	506	472	241	237	191	290	77
195	522	459	222	239	169	317	73
292	529	463	202	184	165	326	92
313	531	471	210	154	181	360	105
335	422	413	231	168	171	298	111
331	390	334	215	167	170	251	111
329	420	350	217	160	173	200	113
256	428	328	215	153	138	184	99
228	405	327	188	153	109	106	92
194	429	335	191	156	108	89	92
206	400	376	227	143	104	109	83
219	354	375	240	140	101	112	98
307	394	362	245	137	126	101	109
314	426	380	260	139	112	100	109
344	411	349	240	101	114	97	112
322	417	352	199	96	129	75	122
327	423	396	180	123	128	67	129
281	385	426	191	135	93	62	121
285	324	390	176	158	94	124	125
276	313	396	168	168	93	156	126
305	275	351	203	177	74	157	120
305	244	372	242	166	69	155	108
297	241	387	236	175	65	159	110
290	249	437	237	159	66	117	110
297	286	489	245	149	75	69	120
290	301	519	229	141	80	58	120
286	295	481	221	165	85	61	113
278	285	483	228	169	94	58	122
278	321	451	228	163	93	60	119
259	304	385	232	176	91	60	113
237	319	356	220	177	88	56	127
229	346	321	182	148	100	101	130
212	355	253	184	159	91	101	125
238	322	239	185	172	94	102	136
217	311	272	182	157	87	102	141
225	313	289	183	170	91	105	129
222	277	279	196	185	89	77	142
236	257	299	177	158	99	86	137
207	257	314	163	143	96	83	127
210	243	339	186	164	99	91	135
212	198	313	182	156	100	87	135
231	211	343	188	153	85	73	115
216	211	370	223	193	82	59	127
218	208	374	227	192	79	57	130
218	245	330	201	182	85	45	103
271	253	347	205	191	88	56	142
266	263	345	201	182	89	60	151
269	288	318	219	161	86	59	144
250	356	298	213	167	87	61	142
268	357	320	211	170	89	63	158
237	351	368	229	159	76	53	119
235	353	381	217	169	77	64	137
252	399	379	166	145	72	66	134
282	400	390	198	155	84	69	131
284	389	398	199	157	86	68	120
266	393	348	175	163	86	71	121
260	384	312	185	186	84	60	96
236	324	343	183	204	83	62	99
194	256	335	150	191	69	60	96
163	242	308	140	203	83	65	106
181	233	329	172	203	86	64	108
182	232	363	221	174	84	63	107
186	232	326	223	174	89	93	110
222	244	358	232	180	91	92	135
229	254	358	237	167	73	90	119
212	254	354	216	166	81	93	142
216	281	331	197	180	81	96	145
231	350	415	199	179	91	83	141
204	363	379	192	202	92	81	119
220	370	391	209	195	107	90	128
252	417	409	207	187	108	93	104
257	405	460	185	182	115	97	111
252	355	402	184	159	109	83	132
273	339	438	194	129	108	85	135
254	351	432	220	170	89	74	125
224	301	424	226	179	87	65	126
216	301	363	207	168	87	70	121
203	342	335	210	178	82	64	99
208	326	287	224	171	82	61	104
242	298	331	177	149	90	72	115
254	314	308	179	157	88	86	113
260	335	303	191	184	94	76	114
260	267	418	211	193	98	81	118
273	294	447	195	194	99	88	127
256	290	404	186	184	95	83	135
246	274	417	187	183	93	71	139
236	262	437	190	172	80	81	149
252	284	329	163	162	72	86	147
251	247	315	182	180	86	100	136
234	241	324	194	174	92	100	128
235	245	298	187	169	92	108	129
267	255	291	184	166	89	97	115
247	243	317	228	164	91	93	133
229	271	319	226	142	89	73	142
236	291	335	220	140	87	69	145
264	289	337	251	176	89	63	141
233	285	364	251	159	94	73	149
312	298	384	205	160	102	71	139
323	285	366	180	171	100	80	138
