0	1	2	3	4	5	6	7
173	178	380	248	211	38	45	85
137	143	396	244	209	42	46	82
157	167	415	256	210	42	47	89
164	165	372	249	232	43	49	95
174	196	385	239	213	39	54	108
176	190	348	241	205	40	55	103
177	200	366	229	210	38	59	109
152	196	384	259	203	38	63	107
141	221	461	271	168	45	66	104
130	216	466	269	194	43	54	105
137	223	435	268	179	45	54	99
142	213	424	263	169	45	51	116
147	205	399	226	192	48	51	118
159	220	296	218	236	52	65	110
155	232	263	199	225	56	67	101
154	236	277	202	233	63	68	119
172	247	314	208	240	63	67	102
215	275	318	195	223	61	65	101
212	258	313	232	206	55	56	116
219	256	372	233	196	57	70	122
210	249	380	229	205	51	70	103
202	251	371	219	203	53	69	101
162	216	374	255	225	57	118	112
186	211	438	220	217	56	125	112
184	187	417	228	227	54	121	117
194	173	414	224	221	51	120	143
185	175	376	223	217	51	120	142
209	180	373	175	191	43	73	129
182	189	321	195	168	44	60	115
178	184	281	197	132	42	49	105
170	190	395	216	157	48	51	66
168	212	416	257	151	49	52	79
143	208	426	262	184	52	118	109
163	197	418	228	206	53	116	113
163	209	458	232	214	63	116	116
180	203	390	206	194	57	118	117
188	185	381	174	219	55	120	120
169	181	389	189	216	52	63	91
192	181	382	194	210	49	58	95
200	172	391	192	221	32	97	109
197	185	378	239	228	33	104	109
186	177	381	251	207	42	107	98
209	181	358	239	214	55	110	105
191	187	381	263	218	56	111	118
185	193	388	262	204	55	101	99
176	234	399	231	190	55	106	105
174	223	412	216	190	55	106	118
159	227	403	236	154	43	100	116
171	242	374	203	136	44	98	99
165	242	352	202	132	52	75	98
178	211	325	204	138	56	74	100
189	235	300	194	160	52	69	87
202	276	323	173	206	59	72	85
184	271	359	210	210	57	106	82
185	263	324	211	223	52	111	106
185	272	357	208	215	47	100	112
192	284	378	206	203	55	103	112
170	247	369	198	177	49	102	114
168	231	331	158	172	50	66	120
184	246	322	169	168	55	83	119
174	223	281	157	179	56	86	111
167	192	283	164	177	47	85	115
165	212	292	212	169	53	84	112
161	212	302	230	198	59	85	131
200	218	407	222	188	55	88	128
210	238	401	268	186	53	98	129
216	243	376	265	198	54	100	149
227	220	428	245	183	49	98	152
262	221	436	248	157	40	110	138
237	257	340	237	159	41	94	150
243	255	368	211	164	43	106	147
236	253	397	235	151	42	108	124
240	254	325	216	157	46	114	130
238	264	309	239	156	46	106	127
221	223	329	250	170	52	105	106
220	208	326	240	169	55	107	120
226	208	314	221	177	56	111	122
217	211	354	222	179	54	109	114
201	206	350	182	173	56	106	121
204	203	334	187	148	53	109	122
186	247	328	178	140	53	82	112
173	262	355	167	166	53	85	109
181	254	322	184	193	54	110	111
182	261	347	177	191	57	112	114
193	256	377	178	193	57	117	109
194	218	396	187	201	52	122	116
192	197	355	217	172	51	121	112
188	199	358	221	214	52	103	109
186	189	371	240	234	50	115	111
176	191	346	234	231	46	107	109
181	184	309	228	250	50	97	101
186	209	382	244	254	49	95	106
177	246	463	231	192	45	118	109
158	265	440	227	190	48	108	134
159	254	470	225	197	54	111	140
159	259	495	222	160	55	112	136
157	255	455	186	156	58	107	141
167	214	373	217	172	57	80	149
166	242	357	205	156	49	94	118
179	250	414	200	150	43	91	124
202	254	395	208	152	37	100	135
205	227	397	206	148	32	96	136
202	240	406	177	137	35	88	127
197	181	422	184	131	38	106	125
191	178	329	199	143	41	111	132
155	173	346	209	149	42	101	120
141	203	355	212	164	41	102	110
158	200	366	219	169	41	102	136
176	203	353	226	230	41	63	134
171	204	337	217	223	41	65	116
165	191	317	209	222	42	95	113
167	181	302	196	212	50	104	120
166	196	280	201	226	51	111	86
149	210	284	234	241	58	109	89
152	237	320	226	281	60	101	100
167	233	344	245	280	63	77	105
171	232	339	250	295	60	111	103
162	212	321	244	290	62	110	112
193	213	332	216	240	55	114	115
178	175	336	224	200	52	115	106
172	191	313	269	233	46	118	123
183	215	321	278	245	49	79	128
183	240	337	272	232	50	128	133
156	228	343	308	283	59	125	137
172	244	308	318	316	63	128	134
195	241	312	311	317	62	125	121
194	222	345	334	306	66	124	118
203	196	362	354	344	66	66	108
219	198	367	333	331	58	87	94
225	205	417	325	305	57	85	105
