0	1	2	3	4	5	6	7
231	438	330	156	132	63	196	112
235	468	344	161	132	77	138	93
242	494	343	169	167	73	167	94
254	529	294	179	171	85	275	105
321	489	345	179	171	93	278	102
331	488	379	178	170	94	283	101
357	444	357	173	166	105	291	101
371	406	366	124	77	107	317	106
367	388	348	106	63	109	259	103
311	474	319	115	78	105	255	113
304	470	269	101	92	105	256	101
269	480	291	116	91	82	241	102
252	482	296	124	93	76	169	94
233	458	299	136	92	61	126	113
235	345	295	124	91	67	151	105
250	337	320	133	83	63	142	112
253	301	335	139	94	65	141	136
261	333	395	134	104	67	133	133
264	400	421	127	110	61	124	112
260	385	440	125	119	83	113	115
243	359	438	136	138	86	115	117
241	354	483	124	149	92	119	95
222	337	448	152	168	90	117	95
229	257	444	188	169	91	131	98
212	226	419	206	201	68	121	107
189	219	432	201	199	85	124	97
174	240	379	203	192	82	125	86
149	276	425	225	172	92	206	92
165	277	415	204	171	100	224	96
169	289	411	216	136	98	234	82
180	363	481	215	114	83	252	99
180	362	495	240	125	81	252	117
170	317	489	224	148	89	201	110
134	304	507	240	152	111	200	105
144	301	513	236	180	117	281	131
148	274	494	245	202	120	267	135
131	261	491	234	207	126	271	130
127	270	466	240	219	124	269	131
128	293	490	235	233	108	280	146
104	294	529	235	229	118	202	122
103	229	496	273	236	129	250	114
116	227	476	268	271	141	253	142
128	219	495	258	279	133	264	144
131	236	455	242	315	129	245	130
130	236	410	249	312	114	225	133
128	253	430	200	301	100	188	142
183	326	461	204	280	74	185	119
192	337	415	205	271	82	166	116
200	337	475	206	211	76	147	117
203	330	484	177	184	71	148	125
195	352	473	173	205	64	118	112
163	320	477	160	179	75	133	112
163	364	481	135	150	62	142	125
169	373	456	158	171	65	140	131
187	407	481	165	211	66	151	122
195	423	457	170	191	69	165	131
186	436	458	207	196	50	147	125
188	413	451	224	205	54	252	121
237	420	424	215	196	52	287	119
249	395	391	219	154	51	289	129
272	375	446	228	177	47	277	120
273	358	475	199	187	46	279	127
269	348	517	201	187	46	234	128
219	305	514	208	181	52	194	123
270	303	524	199	212	55	178	109
254	283	471	183	182	57	181	102
259	280	406	173	164	61	180	101
256	256	395	154	169	58	178	97
284	266	383	162	191	49	172	95
231	295	438	166	161	49	193	107
223	288	471	168	163	49	206	122
247	264	509	211	185	51	201	110
280	300	485	236	180	51	139	134
255	300	500	222	158	60	169	139
238	261	436	233	155	61	158	144
243	258	424	253	177	60	135	152
226	290	428	222	156	75	157	157
187	288	491	199	138	81	186	130
200	317	521	199	132	89	171	136
201	369	522	199	138	92	175	139
208	371	518	196	109	99	194	118
182	353	477	193	110	87	191	139
173	315	404	187	108	101	169	144
143	271	366	182	115	103	158	138
136	205	350	164	118	142	150	126
94	193	347	145	113	145	142	141
80	205	402	155	115	156	128	112
67	207	398	169	131	157	120	108
66	212	389	175	150	160	146	111
74	222	404	184	140	133	147	129
79	226	390	175	144	127	142	114
126	187	397	187	137	116	144	112
131	182	411	186	151	108	154	138
160	162	472	226	135	96	157	136
156	184	475	216	138	89	154	114
154	179	471	221	135	105	167	117
133	170	439	201	167	99	161	129
140	192	425	210	168	93	159	102
138	194	357	182	176	104	172	108
158	149	361	176	184	108	188	162
173	148	394	169	192	93	171	173
181	158	414	234	194	96	189	171
183	145	410	235	212	146	254	174
182	159	391	269	315	180	238	179
164	152	447	271	343	220	228	135
151	165	418	343	371	233	249	122
182	179	360	324	375	241	247	143
212	184	349	327	356	227	187	140
212	177	378	293	289	220	173	129
236	179	299	293	249	181	180	167
247	187	283	232	212	172	144	165
230	177	313	216	200	169	126	143
222	181	315	192	225	231	155	157
207	184	266	185	192	235	172	158
199	203	226	180	188	238	162	114
214	195	237	154	171	240	161	119
206	213	196	134	148	234	157	124
188	204	203	144	136	178	105	111
198	209	215	137	128	150	103	106
216	198	234	158	125	146	124	122
206	182	274	143	132	144	135	130
212	159	291	138	146	155	136	135
244	249	290	127	126	140	154	133
257	257	288	126	120	137	154	133
244	262	285	99	121	142	136	126
239	285	272	99	137	134	130	120
243	308	276	105	120	121	130	111
216	271	405	181	115	106	158	107
225	317	411	185	114	91	149	115
219	334	462	188	130	69	155	117
240	344	505	193	117	69	170	114
244	337	531	194	114	70	198	109
251	360	478	137	138	80	164	142
228	341	489	155	155	81	157	141
222	327	507	184	156	78	161	141
203	326	509	199	163	79	151	155
181	317	513	239	181	81	113	186
165	294	517	237	164	89	116	174
186	275	577	241	178	96	128	171
206	301	626	227	188	98	119	184
196	303	592	264	180	99	119	172
193	338	605	236	161	105	128	138
194	317	627	247	186	100	151	124
178	313	602	284	189	97	146	126
174	320	560	306	182	99	146	105
178	305	597	268	182	96	150	125
233	287	587	263	201	123	148	153
244	297	556	249	180	188	136	150
240	300	531	191	154	202	132	144
224	266	482	187	168	223	141	146
225	292	421	175	165	243	153	141
174	296	399	200	160	239	165	114
148	309	378	210	164	199	158	129
159	300	367	209	194	204	158	147
187	292	350	166	172	197	177	140
199	262	349	196	178	208	171	125
216	245	329	176	177	208	165	127
226	208	310	170	168	209	159	119
229	195	306	203	145	231	169	98
237	197	297	208	157	228	155	111
224	190	299	190	190	219	147	126
220	157	286	192	177	224	132	123
231	267	285	188	177	222	132	118
230	284	263	153	183	179	165	127
204	312	280	162	187	244	175	136
200	310	298	166	143	248	172	126
211	325	296	159	144	233	176	128
213	254	301	160	162	231	179	142
212	265	316	152	143	274	158	141
217	312	359	140	119	213	128	138
234	328	360	125	130	192	131	138
225	323	358	191	163	194	150	137
198	333	358	189	151	220	188	127
219	322	348	225	169	173	180	145
226	244	322	248	190	175	178	130
233	259	356	267	204	165	176	145
223	265	353	237	182	172	195	167
240	292	364	244	194	167	169	167
211	298	383	244	198	165	167	168
199	321	359	231	198	156	175	170
174	296	333	216	200	160	209	162
216	318	361	195	198	150	184	141
221	277	360	202	190	120	177	142
216	264	341	181	201	121	201	120
217	243	324	182	189	124	202	119
218	247	325	195	174	121	169	116
198	195	286	197	186	133	168	118
206	227	281	256	182	144	173	127
209	236	288	250	157	146	198	122
201	217	312	250	182	151	205	124
200	198	312	267	186	166	202	113
170	207	311	289	175	167	226	106
166	160	300	225	178	151	237	91
180	148	303	232	180	157	189	93
186	177	286	251	191	156	181	99
187	235	243	236	191	154	178	117
207	241	261	231	200	150	146	113
211	249	263	237	200	161	113	127
215	250	242	243	213	158	119	150
211	257	247	216	179	161	142	142
205	262	272	196	172	182	150	128
191	284	276	199	168	190	145	148
168	289	311	211	189	197	148	140
150	318	405	193	168	189	158	116
152	354	413	208	178	219	199	115
166	350	415	238	194	193	201	141
177	327	398	232	188	215	199	119
206	336	380	222	171	202	221	116
205	313	333	235	175	208	224	113
223	301	349	237	203	176	180	136
241	325	339	225	202	181	172	115
238	355	386	215	233	154	212	121
209	341	396	212	243	155	197	118
208	333	349	246	247	149	184	131
183	308	360	233	224	148	173	106
164	286	387	211	258	157	178	100
149	262	369	216	227	146	141	123
136	259	366	215	222	157	128	122
129	282	389	184	228	155	125	106
140	269	383	213	224	170	173	133
121	236	379	226	200	167	192	138
129	258	361	238	211	161	185	123
162	262	380	271	194	151	186	119
174	251	384	273	182	153	198	142
177	254	409	254	175	153	164	124
186	266	416	251	134	145	140	133
197	231	433	224	131	140	134	159
194	241	416	197	160	159	166	162
205	238	414	209	172	172	155	157
201	261	375	216	170	167	174	173
195	257	365	246	181	161	175	167
183	276	355	247	186	165	187	134
178	274	323	229	160	149	161	142
244	279	348	206	177	162	157	167
248	296	344	200	183	157	122	145
251	299	331	168	185	157	131	143
248	281	318	166	187	180	133	173
239	300	342	184	203	173	147	173
162	306	317	194	171	143	150	139
150	266	318	184	189	145	162	138
149	256	331	187	192	186	166	153
141	269	344	204	196	165	163	123
152	254	331	194	226	171	141	111
215	257	320	191	228	167	148	113
232	263	320	196	206	175	182	142
