0	1	2	3	4	5	6	7
132	199	335	179	173	69	79	92
128	198	372	179	199	74	83	103
89	212	330	164	206	74	80	99
91	201	337	201	213	64	62	101
142	207	323	206	211	61	60	101
154	199	276	203	219	63	70	98
181	206	279	227	185	74	63	91
184	202	304	222	190	83	85	82
214	209	315	213	166	79	88	89
182	192	382	264	174	78	93	83
179	193	364	274	172	73	80	85
160	209	328	260	165	58	85	92
179	189	317	270	205	43	67	94
165	190	399	285	219	46	67	113
174	199	392	272	238	47	64	121
186	202	389	259	237	57	71	113
189	181	418	261	239	59	73	125
178	166	424	259	199	58	72	132
162	165	347	243	184	63	82	122
175	164	321	198	167	65	82	136
167	154	340	190	175	61	79	135
173	218	333	269	198	57	76	136
170	236	353	261	206	63	81	129
173	231	397	257	217	72	82	120
161	274	391	293	226	74	80	113
145	284	406	312	230	76	86	128
129	235	391	244	229	83	106	134
127	216	385	245	237	79	103	139
133	232	328	249	230	65	93	139
130	201	307	224	201	55	97	132
149	212	262	215	199	81	110	129
154	229	279	221	191	78	88	115
175	236	258	224	193	77	86	148
166	232	293	224	218	77	92	150
157	213	310	225	233	83	88	143
204	204	329	247	235	55	61	155
201	211	317	255	222	74	76	150
180	263	315	261	200	75	84	108
203	246	279	241	195	75	78	115
205	240	299	242	170	73	78	126
158	259	299	225	198	84	85	102
164	298	281	234	209	63	80	129
164	257	288	223	227	68	73	130
133	277	314	236	245	73	78	136
136	284	301	248	256	73	101	148
138	254	281	268	232	75	129	151
152	206	281	249	226	83	128	124
168	200	274	263	214	85	130	129
173	193	289	261	195	88	138	113
187	200	293	239	191	94	123	93
180	207	287	206	191	87	87	91
163	187	295	214	213	96	126	88
145	212	311	191	220	90	125	99
164	213	282	182	201	87	115	101
163	217	269	212	198	87	131	100
166	252	286	223	204	97	161	102
174	265	351	218	211	86	141	103
197	251	329	218	210	88	140	88
189	238	338	237	251	88	141	92
179	246	335	214	273	95	134	88
168	216	317	221	282	101	98	101
178	208	253	252	261	99	87	104
171	196	278	267	274	101	100	102
