0	1	2	3	4	5	6	7
197	241	315	150	159	81	132	98
218	195	318	145	159	81	136	95
205	193	372	118	136	71	141	108
203	194	380	136	138	65	102	115
215	221	374	130	110	68	98	100
211	218	380	131	103	58	91	102
157	227	367	164	123	58	99	109
201	250	312	172	150	72	118	107
205	249	337	160	133	71	132	123
214	228	343	164	132	68	153	138
223	237	322	167	132	72	162	135
227	231	341	139	117	76	156	140
197	204	426	125	106	65	156	137
212	199	442	128	100	69	146	122
196	193	436	115	103	63	122	104
190	196	426	147	106	73	126	118
185	195	442	145	123	74	147	111
184	185	357	148	106	73	126	110
164	183	313	140	106	69	124	102
189	175	295	150	105	72	152	112
213	183	303	116	110	84	170	97
217	191	307	114	102	80	153	97
211	187	375	129	108	79	157	93
203	177	379	138	109	90	198	102
170	191	420	129	119	100	188	113
137	193	440	144	115	81	162	132
133	217	442	151	106	86	160	126
128	239	402	135	109	86	173	137
136	253	422	142	117	75	128	147
133	241	428	180	133	64	131	129
130	224	482	196	135	61	126	110
205	199	459	211	134	65	151	117
225	183	503	216	122	61	124	108
239	186	484	213	129	64	127	101
241	211	446	189	101	64	141	112
247	256	348	175	104	68	172	123
193	311	381	157	115	57	156	135
215	316	329	149	122	59	160	145
193	313	337	143	138	67	179	138
199	301	349	162	161	77	161	144
187	255	418	184	172	81	133	149
194	175	410	204	180	84	151	130
145	180	405	242	227	99	173	123
152	169	450	259	262	98	160	130
146	182	483	272	269	93	153	115
140	177	421	269	287	102	176	93
139	193	451	303	291	107	167	97
140	182	465	303	270	101	161	85
138	179	472	304	232	96	153	106
134	155	453	277	215	98	170	118
134	155	445	259	187	131	172	129
123	132	386	201	168	129	172	142
127	142	373	185	148	126	157	143
144	185	337	165	140	131	176	125
138	196	292	171	134	140	173	119
158	209	384	233	161	97	161	109
153	211	408	241	178	100	157	96
154	191	387	226	197	143	172	97
132	155	356	234	208	170	169	104
145	154	360	244	207	161	171	110
144	142	314	199	178	166	162	119
146	160	312	201	188	165	163	113
140	197	302	194	181	134	151	120
151	194	308	180	168	89	132	117
163	190	329	161	178	90	122	111
158	214	289	220	194	86	116	107
158	231	365	225	180	84	107	119
150	209	378	228	179	77	141	112
148	220	365	224	210	86	148	101
155	219	345	233	227	90	143	105
155	223	355	202	216	83	146	116
157	209	261	194	216	98	179	104
156	227	318	191	208	99	160	96
167	233	329	217	177	96	154	107
152	251	343	219	171	89	169	112
144	254	377	274	174	95	177	94
153	255	370	283	167	78	141	94
176	262	362	286	162	84	125	120
165	248	355	280	161	82	136	128
172	282	369	309	142	81	132	118
186	264	427	247	142	73	114	118
194	259	424	238	151	70	118	120
193	259	397	233	168	59	121	115
215	287	525	233	187	77	130	99
230	265	518	197	182	75	110	91
219	271	524	176	181	77	112	101
213	281	529	177	176	85	119	107
198	281	556	194	183	91	144	94
180	283	513	190	159	78	128	99
165	296	506	192	165	82	126	110
167	293	452	190	177	88	126	112
158	282	538	180	173	83	150	108
166	258	525	165	150	88	134	117
166	276	454	148	174	98	132	119
143	246	469	129	173	95	136	117
131	256	469	156	162	96	189	117
131	259	421	171	168	103	176	120
118	266	426	190	197	101	171	114
127	246	449	208	174	86	179	107
130	239	475	225	174	88	182	126
139	215	438	229	181	94	141	120
145	232	370	226	179	95	143	118
148	231	341	222	148	84	151	108
125	198	348	217	152	101	176	106
142	202	332	213	157	98	174	94
157	206	335	192	142	86	163	101
148	179	370	190	133	83	153	100
152	163	387	259	127	94	151	108
166	152	365	257	144	88	116	126
170	128	331	250	141	112	122	126
177	139	329	253	135	159	127	118
175	144	452	241	169	157	135	118
172	153	460	164	174	154	132	127
160	157	466	153	157	155	129	118
145	156	472	151	148	153	131	107
141	167	488	153	178	149	143	116
153	151	369	157	151	147	154	123
159	162	361	183	150	161	153	112
154	159	347	208	147	169	149	108
144	176	323	204	178	165	171	104
147	164	343	199	147	133	164	117
145	156	336	227	154	173	141	107
152	144	308	201	167	182	134	112
167	172	304	182	167	182	151	115
183	192	422	222	150	174	120	116
161	210	423	238	165	179	110	95
155	218	419	221	153	147	124	95
184	225	439	221	146	121	137	84
176	222	467	218	146	98	146	72
177	205	453	178	129	104	142	68
186	221	439	161	120	89	140	82
213	246	471	162	123	82	127	82
205	241	450	164	110	78	115	83
203	236	416	172	120	80	143	80
198	239	336	176	138	88	157	94
193	211	320	176	137	86	156	94
175	177	269	171	142	83	161	96
159	191	319	192	158	81	192	93
167	207	328	199	152	78	151	107
161	220	306	191	134	78	135	95
177	209	301	184	125	84	138	77
158	213	337	212	117	84	140	68
154	214	346	189	91	89	94	74
168	202	343	168	115	89	102	60
174	182	344	172	111	84	122	61
163	191	385	187	114	93	121	84
164	207	361	149	118	90	119	109
193	195	320	150	124	100	124	115
177	255	304	163	134	105	125	113
172	279	344	166	139	100	115	120
177	302	335	148	133	82	114	113
180	330	336	177	133	87	129	99
146	325	352	171	143	75	132	113
169	270	374	168	119	67	127	115
173	265	343	188	146	72	133	114
174	243	328	194	145	81	135	108
186	193	348	171	146	96	114	106
213	250	362	171	141	99	106	102
196	269	349	165	137	100	93	100
219	274	355	129	106	97	87	92
208	266	404	126	126	91	86	92
201	275	390	135	120	87	102	89
