0	1	2	3	4	5	6	7
275	399	353	209	149	44	166	185
288	398	418	240	160	44	153	188
287	412	434	245	139	54	147	188
278	388	459	245	132	52	127	202
241	301	451	227	111	45	103	136
206	391	533	332	125	46	64	159
192	413	563	328	121	53	70	162
171	395	566	318	112	58	121	165
172	387	622	389	112	82	226	173
224	405	695	503	192	110	308	179
235	335	659	508	195	114	345	157
218	306	651	531	274	116	345	153
263	316	650	561	301	117	344	154
311	323	678	525	322	111	310	144
304	308	626	451	344	88	235	134
299	273	610	385	370	86	181	130
321	291	567	343	326	87	192	135
299	276	625	330	311	100	191	135
268	262	519	317	310	96	152	106
246	251	535	298	276	92	143	112
255	274	555	313	234	89	139	115
252	272	518	351	238	92	130	119
281	268	434	323	229	79	133	126
281	265	510	344	197	79	155	133
283	282	485	329	141	81	158	132
273	271	449	320	143	81	181	132
323	279	477	316	119	77	181	134
299	279	491	323	150	69	157	143
284	271	406	286	176	61	135	130
318	262	326	272	183	64	174	129
313	250	434	273	190	69	161	143
242	219	425	227	208	63	157	145
255	241	452	224	204	69	153	127
267	265	466	240	208	66	151	135
233	281	538	246	205	61	95	131
245	276	470	222	213	55	66	122
247	271	531	228	186	65	105	117
227	249	602	225	173	66	127	113
222	224	609	197	150	68	132	108
231	217	568	195	166	68	135	102
247	231	566	191	144	65	137	102
269	229	523	181	154	57	124	125
269	254	420	176	160	43	98	125
261	313	445	201	155	51	98	130
250	328	491	205	149	60	108	137
284	336	481	203	176	63	131	132
251	351	462	191	171	58	115	111
248	341	493	204	192	74	131	110
262	293	452	214	227	68	126	105
249	268	422	241	240	60	116	105
192	277	421	255	230	60	92	110
202	254	420	297	235	63	116	119
221	259	362	290	233	55	111	122
209	270	364	277	209	58	113	115
248	258	344	259	200	62	123	118
260	229	332	250	203	64	121	127
278	247	342	215	207	63	107	112
275	280	349	223	176	66	103	116
279	282	368	236	172	65	110	133
256	290	332	230	157	64	138	125
245	287	315	231	149	61	134	116
232	293	305	226	162	58	127	112
233	280	296	216	177	51	127	106
234	285	298	200	180	49	127	103
237	294	300	198	202	47	117	105
248	332	352	191	193	49	119	97
248	313	363	203	174	51	118	109
226	293	425	220	216	49	116	118
236	314	503	227	243	56	111	111
