0	1	2	3	4	5	6	7
175	241	378	186	63	71	88	88
187	222	417	183	60	77	91	93
176	178	467	181	60	192	78	71
235	146	533	198	61	200	72	117
235	155	508	207	69	204	74	126
220	148	501	162	84	211	103	126
220	159	548	174	93	215	104	137
231	179	621	179	98	120	104	136
192	177	682	194	110	107	102	118
214	176	701	197	138	105	103	111
214	193	727	224	136	92	82	109
236	216	808	291	129	78	77	97
238	221	849	297	137	68	78	99
223	224	821	290	143	70	80	85
200	255	854	296	143	61	77	77
252	278	886	371	143	181	69	97
257	297	915	360	146	186	74	93
264	286	816	414	152	191	74	107
304	298	764	412	163	206	74	112
322	288	814	426	187	214	81	114
289	258	796	369	198	136	67	100
263	322	642	340	209	156	68	118
256	356	701	313	208	227	69	110
245	376	758	329	205	224	65	111
241	424	684	308	167	231	61	110
244	441	693	325	150	254	62	120
245	381	822	348	153	239	57	96
250	353	779	326	144	198	52	91
242	359	749	322	125	225	53	90
256	317	716	330	126	223	53	92
264	297	728	295	165	199	57	90
259	291	662	286	153	263	62	89
281	335	707	275	151	257	66	101
303	397	704	263	152	230	183	91
315	405	720	243	149	230	194	114
373	486	704	236	112	249	213	184
584	675	705	232	136	391	334	459
577	825	693	258	172	434	366	595
581	850	687	269	178	520	354	627
587	920	734	268	177	582	366	648
576	905	698	301	182	581	369	710
377	811	607	285	168	472	266	585
383	723	581	245	140	444	233	473
357	676	543	221	132	397	196	453
330	618	486	215	135	305	167	437
288	664	547	188	120	292	165	297
272	656	573	178	119	288	168	283
244	580	526	167	117	260	155	243
229	543	518	162	110	153	140	199
198	500	470	163	105	123	135	153
211	380	398	135	99	110	113	135
207	314	382	116	84	114	101	109
206	290	398	113	103	128	95	72
195	313	385	109	109	145	92	60
247	305	391	103	111	178	92	74
217	308	360	82	106	179	81	79
215	335	420	91	107	169	82	80
234	324	449	133	109	164	80	79
246	299	453	144	120	176	82	74
221	270	461	143	119	154	75	61
219	271	438	146	122	155	100	56
217	244	339	134	121	157	102	57
186	255	264	86	106	146	105	56
164	254	248	63	96	160	104	55
149	240	236	71	94	173	104	49
168	252	247	65	95	204	75	81
194	320	230	75	109	205	70	83
211	320	280	83	100	218	66	85
211	314	334	82	94	208	64	84
191	360	348	80	96	208	59	82
162	372	338	84	95	206	40	46
126	357	330	81	87	228	44	41
92	390	291	74	80	282	48	39
145	408	252	73	83	279	47	42
163	368	220	67	83	267	47	41
164	343	209	57	89	251	49	43
160	297	195	50	108	235	41	39
218	262	297	54	106	178	36	38
203	281	282	54	104	172	35	34
205	277	271	65	103	171	34	35
220	318	298	69	96	165	32	33
225	335	324	71	112	167	33	36
179	329	235	70	111	149	32	36
205	298	270	81	112	128	33	39
188	307	279	84	115	157	33	37
167	287	259	86	142	158	32	36
166	257	258	87	114	158	32	32
184	254	301	92	123	156	31	29
147	254	274	80	125	148	31	25
152	264	280	72	133	147	35	31
208	285	328	67	123	196	35	30
225	310	316	64	120	194	36	30
215	311	328	66	120	196	37	33
215	307	341	72	116	201	35	32
233	309	331	75	132	185	30	30
198	284	283	80	119	128	30	32
