0	1	2	3	4	5	6	7
49	156	82	39	54	566	248	162
59	191	118	45	48	438	255	166
71	189	120	44	45	430	263	165
92	304	131	47	56	423	270	204
95	336	178	52	64	493	255	195
98	336	178	53	80	456	272	189
97	322	170	56	82	425	266	205
90	325	181	57	85	526	280	211
89	229	209	56	80	540	293	193
87	178	175	50	73	480	268	168
87	183	191	57	65	547	282	177
85	180	188	54	64	618	261	160
87	170	181	62	63	544	253	153
65	135	140	67	58	520	238	134
65	155	151	70	61	533	253	190
59	157	152	67	53	499	203	184
66	154	150	63	53	442	215	182
62	159	154	60	73	507	204	177
69	191	176	50	91	561	224	214
76	216	168	58	103	568	210	177
74	212	154	57	109	583	208	168
72	218	161	68	109	555	225	186
84	230	200	84	98	607	245	197
87	264	263	97	85	591	250	175
82	226	267	92	72	673	250	168
84	257	276	96	57	636	250	164
90	266	277	91	60	629	231	142
86	265	252	74	81	680	268	128
80	206	163	95	81	654	260	126
79	220	163	103	78	550	268	119
81	215	148	110	78	535	263	116
68	228	149	119	81	620	274	147
60	231	149	122	61	487	231	181
56	231	153	97	58	474	208	173
56	225	151	90	56	446	188	176
49	199	148	78	62	474	200	179
50	163	140	66	57	372	180	152
55	159	145	61	53	297	182	170
64	160	142	61	54	339	167	159
66	154	129	64	60	351	179	161
70	145	131	67	56	363	168	158
77	154	148	65	56	445	194	197
75	130	127	61	55	451	186	168
74	131	125	59	57	482	202	170
69	138	130	55	53	541	204	163
75	121	121	44	58	573	220	190
69	106	99	52	56	505	210	166
66	104	107	62	61	497	199	155
62	99	124	71	68	570	193	155
72	93	117	70	66	516	205	172
62	113	116	69	185	441	193	164
76	119	104	67	219	588	212	155
87	125	102	61	242	644	207	145
94	126	81	50	244	545	227	165
98	122	91	61	247	559	209	156
101	108	89	86	178	620	205	143
94	97	86	82	136	482	174	143
88	83	82	81	104	408	206	180
84	74	81	87	95	415	180	170
74	70	74	78	97	540	184	177
68	79	74	50	92	491	276	269
63	92	75	54	87	488	274	268
57	95	70	55	65	490	246	249
87	104	68	48	79	657	294	259
86	105	77	54	69	577	289	254
93	93	78	60	71	565	210	149
96	88	79	67	73	607	213	146
99	85	79	69	83	650	218	139
73	89	82	67	75	499	156	126
74	98	67	60	71	464	163	119
66	103	70	57	75	494	157	118
69	107	83	63	76	485	171	119
70	119	89	62	68	463	185	171
75	120	89	81	65	450	174	175
69	110	93	87	66	457	160	175
77	109	93	93	67	544	203	176
78	99	87	91	65	597	228	207
96	90	86	108	64	606	224	173
115	82	97	104	66	615	253	182
119	82	101	105	76	618	257	197
118	84	99	104	74	529	224	212
116	89	91	99	74	421	183	246
103	89	86	81	77	473	175	257
81	77	85	71	73	527	146	248
79	79	87	71	71	511	141	237
74	72	82	66	74	563	166	246
71	67	86	62	73	622	186	187
72	61	91	60	67	543	196	177
73	73	94	59	77	505	230	185
76	67	82	50	71	521	236	184
73	65	91	47	62	441	221	149
89	81	102	54	71	510	244	151
88	78	118	54	78	517	250	169
84	79	116	55	69	479	210	145
92	83	116	57	73	574	250	168
93	92	117	65	79	650	254	168
76	76	103	57	75	534	233	191
72	79	78	54	70	584	223	174
73	74	59	53	74	629	223	173
56	72	68	88	71	594	179	158
54	60	84	88	69	572	171	155
85	66	94	109	68	578	195	164
82	67	100	117	65	523	185	153
82	59	102	118	88	663	279	163
86	59	98	95	86	612	293	181
91	69	78	95	85	553	295	208
70	65	73	77	85	555	275	169
74	64	72	77	86	586	293	178
80	64	75	80	63	408	243	204
89	74	76	80	67	396	221	183
92	63	100	76	63	391	213	154
96	65	100	75	70	427	205	153
93	64	98	65	81	452	203	164
86	60	95	66	83	402	193	143
78	46	93	69	79	400	194	146
73	50	74	68	80	475	194	145
60	47	69	69	74	440	195	150
72	40	67	67	61	374	200	165
75	40	65	70	52	359	178	148
71	39	66	61	58	386	176	142
66	40	59	61	57	289	189	144
69	43	64	63	57	278	180	138
58	57	80	64	62	282	167	123
52	68	87	57	65	355	188	132
49	73	85	70	62	356	207	136
49	75	98	69	64	371	197	134
51	74	94	65	60	362	200	139
58	66	101	66	70	444	196	147
58	61	107	65	73	499	181	141
74	57	109	66	82	535	193	144
75	61	94	76	81	531	189	145
75	62	99	76	84	539	195	160
73	73	82	78	77	609	217	144
83	71	75	77	95	532	206	142
73	72	84	80	93	469	182	141
71	66	85	74	95	474	185	143
67	78	78	94	94	477	197	140
72	69	92	143	90	287	183	170
70	82	98	150	67	324	174	167
65	84	97	154	61	318	164	167
66	82	98	156	78	433	166	170
69	73	98	148	81	500	233	227
62	78	89	164	81	499	216	202
46	65	76	171	79	473	221	209
47	63	78	166	80	504	234	212
50	70	77	164	62	480	239	212
46	78	79	163	62	411	194	179
43	80	69	103	61	391	187	168
55	86	67	86	67	405	207	166
59	88	48	79	64	441	214	160
55	83	48	74	59	359	216	173
60	77	49	72	53	348	179	126
64	77	55	62	64	351	178	128
58	71	70	55	72	448	148	116
60	74	86	67	72	437	155	131
63	77	88	73	79	500	193	144
70	81	96	106	81	501	196	148
65	76	103	119	70	504	217	149
68	82	103	120	59	432	226	146
72	84	91	114	59	418	232	174
97	81	87	110	65	358	188	151
96	76	80	73	61	361	212	153
99	72	72	52	70	377	190	152
103	64	59	49	76	407	211	177
103	58	66	61	77	406	206	171
87	59	90	80	66	398	206	172
81	77	86	105	74	421	193	167
81	80	82	111	68	431	203	172
72	79	97	120	60	365	180	163
65	78	98	113	74	310	154	147
59	77	90	101	77	377	170	399
58	59	89	89	80	500	162	453
57	62	96	88	80	485	160	471
54	61	84	79	79	479	196	487
57	64	86	79	75	486	198	487
54	63	73	99	75	436	201	320
57	68	79	100	66	266	194	241
53	64	69	93	66	234	213	201
52	66	67	89	68	228	203	168
65	63	61	92	62	294	218	162
72	66	71	76	88	321	211	151
74	62	70	56	89	308	213	143
77	125	70	58	91	321	185	143
93	135	72	68	96	374	209	157
87	142	78	65	93	371	193	153
80	142	69	68	64	334	189	153
76	142	64	82	64	337	186	153
81	90	75	83	66	359	193	154
65	78	75	78	58	358	186	167
59	83	73	82	60	371	186	168
58	91	78	78	64	404	186	169
64	89	78	63	61	407	186	168
66	90	68	62	56	408	208	184
71	88	76	65	55	457	177	164
73	72	88	67	59	460	171	156
72	71	92	71	55	430	169	152
75	74	106	80	56	421	191	172
70	95	111	94	61	472	194	169
64	98	106	142	59	429	182	133
66	97	119	189	53	390	176	129
69	98	113	187	54	387	175	137
67	93	101	184	55	413	211	151
92	75	96	179	57	408	187	142
91	64	92	151	58	385	182	148
93	62	64	104	58	364	183	148
90	51	64	106	59	388	262	200
84	51	68	106	62	435	228	183
53	45	70	105	61	400	232	180
70	49	74	105	60	402	262	193
67	61	65	83	59	405	288	204
76	70	111	80	58	386	220	145
76	72	131	78	51	399	221	157
73	74	135	80	43	360	211	152
65	76	135	64	40	343	238	170
74	73	135	64	39	345	206	158
68	62	107	65	43	343	208	160
76	62	85	78	41	250	203	153
78	63	77	77	43	246	217	160
78	69	76	75	49	277	178	163
77	69	79	86	57	330	183	170
84	64	66	84	56	346	182	171
79	66	56	77	55	335	198	172
95	74	54	75	56	353	217	198
90	68	63	79	52	343	197	176
87	63	60	68	47	304	248	187
82	64	69	68	47	292	249	187
86	64	73	87	49	279	269	202
74	53	90	109	53	299	243	181
74	55	82	138	60	302	239	175
78	60	82	141	61	286	204	159
79	62	79	147	64	308	218	191
75	60	87	141	61	310	180	160
70	56	72	124	60	345	180	156
70	49	82	90	60	332	273	210
63	41	80	97	56	343	261	212
57	54	78	88	53	313	248	188
60	61	65	75	55	315	246	192
56	65	62	70	52	409	268	210
66	73	59	66	43	448	175	147
73	87	60	51	42	434	166	140
77	77	76	48	42	436	163	146
75	74	84	63	49	490	166	149
80	75	87	67	52	416	204	177
74	73	86	67	55	377	195	178
68	63	88	61	53	386	209	183
66	73	74	60	51	403	214	183
66	70	64	46	55	359	248	200
62	67	73	45	53	336	210	155
60	73	71	47	51	354	219	161
59	79	69	45	52	353	210	156
65	85	72	49	52	334	233	182
59	84	75	54	39	332	200	162
67	86	66	52	37	274	176	161
66	78	79	48	38	240	173	164
68	66	74	54	41	259	211	195
62	46	70	51	46	280	184	165
69	45	65	50	50	266	171	159
74	52	67	54	50	272	204	176
79	60	44	53	45	276	202	172
77	57	47	51	44	261	219	179
73	59	50	51	40	237	215	173
69	62	57	43	38	226	214	172
52	52	54	47	44	261	215	184
47	40	61	68	46	259	232	202
52	46	64	69	56	347	187	168
55	43	65	72	55	353	184	168
64	44	65	72	54	347	193	174
67	45	71	67	53	325	176	158
66	44	78	52	61	392	174	148
73	40	76	49	54	337	164	144
96	42	77	47	54	326	165	144
111	38	70	52	56	335	193	171
111	36	65	53	56	376	173	149
113	46	52	47	46	294	158	159
106	48	53	54	46	251	153	163
82	51	52	57	45	256	167	169
50	53	57	55	43	269	145	152
46	57	55	54	43	242	190	173
52	52	58	52	50	245	186	149
51	50	64	47	51	276	189	147
54	46	65	43	55	297	214	175
54	60	62	42	54	349	207	158
52	56	64	39	50	312	175	144
36	55	63	44	46	328	182	145
41	55	54	43	46	364	208	173
39	53	53	46	47	369	172	138
42	39	50	44	49	329	169	147
44	40	46	44	49	330	173	143
46	44	42	48	47	360	173	137
44	42	40	50	48	434	183	138
44	54	41	46	45	448	184	136
43	61	46	46	45	447	177	136
44	62	51	45	46	453	160	132
41	65	58	38	49	461	160	130
42	70	64	35	47	378	144	107
43	68	61	43	46	342	162	111
43	90	61	46	44	315	164	97
39	179	57	49	44	308	165	96
42	191	46	53	47	283	199	157
41	194	40	52	65	393	218	174
36	198	40	47	82	538	236	170
37	186	39	48	85	597	250	198
37	102	40	46	90	629	250	205
44	71	43	40	89	631	218	169
43	61	44	46	76	565	196	146
44	36	43	46	58	436	174	159
42	35	45	46	60	397	171	158
46	34	46	46	56	381	176	151
37	37	42	47	53	339	175	151
36	39	45	43	50	324	164	144
36	47	47	44	59	455	208	160
41	48	42	46	55	448	197	129
44	47	41	48	50	423	195	129
44	47	45	49	54	426	202	124
44	43	41	48	55	462	215	173
50	43	43	48	48	343	159	147
50	47	45	43	42	306	153	144
46	49	46	40	42	303	147	147
45	46	43	41	46	403	184	179
45	46	52	50	52	434	155	130
39	39	51	47	49	427	150	133
30	32	55	46	49	428	148	137
28	29	54	49	54	457	147	131
30	32	55	47	55	494	125	102
32	31	44	42	52	476	146	131
37	30	45	45	56	508	149	126
39	36	40	44	56	508	150	125
39	36	39	42	51	489	172	136
37	37	42	39	54	472	180	168
37	40	43	36	54	445	162	149
41	41	41	34	51	406	176	155
43	36	37	34	55	429	199	154
48	36	38	32	55	442	205	187
48	36	36	32	47	352	200	165
48	36	34	34	44	318	204	173
41	36	35	36	44	377	191	170
41	36	40	39	46	530	199	172
37	41	41	39	49	548	221	169
43	45	43	44	44	537	200	151
43	42	44	44	45	564	198	149
42	44	44	40	47	550	196	152
41	48	40	38	56	541	223	168
43	45	40	48	59	570	199	154
42	39	31	42	62	577	203	158
43	39	43	38	63	568	204	153
49	39	49	40	65	560	209	155
48	39	52	39	58	497	150	133
48	38	57	31	56	443	121	98
44	41	58	34	55	443	164	137
43	42	51	39	53	410	161	133
38	37	47	41	49	386	176	134
41	35	45	43	44	366	176	141
38	40	37	40	41	358	174	139
36	38	43	38	39	364	152	122
39	39	45	33	40	385	179	138
43	40	41	28	42	390	165	131
40	44	43	35	41	355	159	134
40	43	44	39	41	347	164	133
42	45	44	42	44	370	155	147
39	42	41	43	47	359	135	134
36	41	42	43	45	349	131	137
36	33	43	39	57	467	139	129
38	35	42	38	63	544	179	178
43	34	39	36	62	545	186	166
39	37	39	35	59	540	176	168
41	38	37	36	58	541	171	164
40	43	38	37	45	445	167	162
41	41	41	39	42	408	132	115
36	39	41	38	46	383	143	134
38	39	44	35	47	389	148	131
36	40	47	36	52	417	159	137
40	35	51	34	61	463	166	202
38	39	49	31	62	453	168	231
39	37	48	32	60	473	146	230
39	36	47	38	60	478	139	231
41	40	46	37	61	480	167	253
38	40	35	35	56	436	158	208
37	35	36	33	52	395	152	185
42	34	47	36	52	383	143	158
42	34	45	31	51	376	141	155
39	25	44	32	55	394	99	105
39	25	46	35	55	397	141	135
37	24	48	35	54	400	134	127
29	29	42	33	55	375	140	129
26	32	46	33	55	374	142	130
29	33	48	30	52	427	139	132
27	36	46	29	47	455	97	96
27	37	49	37	49	456	157	124
28	32	42	51	46	477	158	134
30	30	37	53	49	485	162	146
27	32	36	53	47	422	165	145
33	29	39	53	47	342	186	156
35	31	29	46	50	404	156	176
38	43	41	34	49	408	158	169
41	45	40	35	46	399	181	162
41	43	39	36	43	385	214	167
38	42	39	37	40	391	195	158
41	43	44	44	53	471	233	175
55	37	41	42	55	462	230	173
59	33	44	39	57	471	217	172
61	40	43	41	57	474	197	170
60	44	42	42	57	469	197	167
59	45	38	34	50	478	136	91
44	41	43	33	48	512	131	84
44	44	43	35	65	673	145	94
43	43	47	32	71	703	126	93
43	39	47	29	75	774	148	96
39	36	50	32	73	706	142	85
40	36	41	31	75	682	174	166
34	33	40	30	59	524	157	164
35	32	39	31	55	501	181	173
40	38	38	32	51	434	166	172
39	39	36	34	53	412	208	217
37	38	37	34	51	394	181	177
33	37	37	33	51	383	181	179
32	35	34	36	55	375	165	166
34	31	34	37	62	400	166	174
38	34	32	33	60	417	152	147
39	36	36	33	58	421	153	132
37	36	35	35	57	422	148	125
38	39	36	29	57	539	157	129
31	37	37	27	49	479	152	115
27	35	35	32	50	451	121	74
32	35	30	30	51	441	117	68
33	34	35	30	53	446	150	111
34	28	32	41	54	325	200	144
34	34	31	42	52	321	210	153
36	30	40	41	51	325	208	153
32	30	40	41	54	330	212	154
39	36	39	42	52	321	205	140
37	38	42	31	52	396	182	118
38	35	45	29	56	442	184	122
39	38	44	25	55	438	181	119
38	37	45	23	54	432	178	117
31	31	42	23	57	443	180	108
34	30	41	25	49	349	174	137
34	30	39	26	44	290	162	128
29	27	31	27	40	282	163	128
32	29	35	27	38	280	166	129
34	29	34	30	52	432	164	124
31	37	39	31	57	450	190	142
33	36	40	31	62	464	189	144
33	37	44	32	63	459	191	148
32	37	40	32	63	460	190	149
32	38	41	29	53	354	188	183
35	32	37	32	50	316	136	141
34	31	37	34	45	297	133	135
38	30	35	32	43	309	125	137
38	30	36	32	43	315	128	137
41	30	42	34	55	466	185	135
39	33	45	28	55	480	173	132
38	35	43	24	53	473	177	140
37	33	42	25	54	464	179	137
37	36	41	26	57	460	179	140
35	37	35	23	45	470	170	172
33	31	30	24	43	438	167	176
37	30	29	25	45	438	163	175
36	33	33	24	45	441	162	173
33	28	33	24	40	444	185	208
35	25	32	23	42	343	189	187
34	27	31	26	44	375	197	192
33	27	32	24	45	384	202	192
34	26	27	27	44	379	203	192
35	25	28	27	45	387	201	154
40	27	32	32	40	321	178	144
52	25	31	31	41	342	180	142
54	32	31	32	42	330	175	140
53	32	30	31	41	326	172	140
54	34	30	31	41	309	167	140
49	35	30	32	48	334	151	152
39	37	35	31	54	350	148	146
37	32	33	31	52	351	147	145
39	36	38	47	55	369	159	150
36	34	35	207	60	446	147	148
36	31	38	224	51	408	164	145
37	38	33	232	43	362	158	143
38	36	40	236	42	365	162	143
38	33	37	235	42	363	155	139
37	33	39	122	36	321	148	139
36	34	35	89	37	343	142	127
41	28	37	66	41	354	147	125
36	31	30	52	42	352	150	130
34	29	33	48	39	339	152	137
38	33	31	41	42	337	181	143
44	33	33	34	49	383	143	106
37	32	35	31	43	365	162	149
43	28	39	32	44	370	158	146
43	30	39	28	46	369	156	144
42	27	41	27	48	463	148	137
41	29	42	30	47	444	204	199
42	28	39	31	51	441	192	174
37	29	35	29	49	430	191	179
40	27	34	30	47	428	191	176
40	29	32	36	49	343	187	182
36	30	26	34	45	335	126	111
36	28	25	33	43	333	176	155
36	31	28	33	43	333	178	148
32	31	26	35	44	346	175	146
28	32	26	32	42	359	163	141
29	34	37	32	39	418	176	160
28	33	37	28	39	423	151	151
29	34	38	26	41	433	154	152
31	34	40	27	39	424	154	152
35	30	39	25	35	363	158	151
37	34	34	27	31	241	145	132
36	41	40	29	32	268	122	89
36	38	39	31	30	256	131	106
36	39	40	28	35	267	147	134
34	42	42	32	34	279	137	132
31	35	39	31	36	246	139	142
32	33	35	31	36	199	123	137
31	37	39	30	36	212	157	173
29	38	40	34	35	277	153	173
28	38	38	32	37	344	154	173
28	37	39	32	42	374	154	175
28	35	38	31	39	377	156	177
31	33	31	33	39	388	104	127
37	31	29	34	40	364	109	114
39	31	39	33	42	344	151	150
39	32	39	31	36	312	147	137
40	30	39	32	40	319	146	139
39	30	40	31	40	308	147	138
34	31	38	32	38	292	140	131
32	27	32	31	43	331	132	107
32	31	33	33	46	383	163	137
31	31	32	35	44	377	163	135
38	33	39	35	47	381	168	144
43	33	40	30	48	382	164	140
53	33	36	30	41	334	151	139
58	31	34	31	42	308	160	151
59	32	35	31	42	325	203	195
54	28	30	29	40	306	203	193
49	31	31	32	38	317	209	210
36	35	34	31	37	286	198	203
29	33	34	33	39	323	186	204
25	31	34	34	37	313	136	163
27	36	40	38	37	314	127	158
26	34	37	35	38	289	128	140
29	35	34	36	40	300	135	142
30	37	34	30	37	246	144	135
34	38	34	27	36	230	171	151
33	37	31	26	35	226	177	151
33	36	34	27	36	240	182	170
32	31	33	24	33	233	176	166
32	31	36	26	34	219	168	148
28	32	36	28	35	255	184	170
28	28	34	28	37	289	199	182
30	28	32	30	34	286	187	160
33	31	34	31	36	258	187	164
33	32	31	30	31	297	205	184
39	32	37	33	30	355	186	161
38	35	35	31	31	358	179	152
37	39	35	35	32	354	178	151
36	38	39	36	33	366	177	149
37	34	39	39	36	323	129	104
33	36	32	35	37	274	207	149
37	37	33	34	37	247	204	161
36	33	37	29	38	255	208	165
34	32	36	29	35	256	209	163
35	33	35	32	32	261	212	167
32	38	43	32	31	226	132	120
32	35	43	35	34	267	156	143
36	35	40	33	35	288	152	139
38	37	37	32	39	280	155	144
36	37	37	25	38	273	152	148
35	30	31	25	41	304	164	158
32	27	31	21	41	282	163	154
30	36	30	25	40	251	161	154
37	35	34	28	35	247	157	154
39	36	33	30	37	256	177	150
41	36	32	30	39	230	149	136
39	36	33	30	34	265	130	122
41	30	34	28	38	266	160	140
32	29	34	25	39	263	164	154
35	34	35	29	41	271	171	162
33	37	35	30	36	247	172	164
36	38	34	30	37	178	192	176
41	35	34	28	32	170	175	173
43	35	30	33	34	212	182	161
39	32	32	32	33	258	159	151
61	32	30	30	32	258	158	145
67	31	32	29	32	258	143	127
68	35	37	33	33	255	140	117
67	36	40	40	33	242	148	124
67	33	40	41	34	255	151	134
50	32	39	41	36	276	159	145
40	33	42	41	34	283	139	121
31	30	38	41	34	281	131	111
35	29	39	31	37	328	167	149
36	27	37	28	36	335	166	144
32	34	39	28	37	322	160	139
33	33	37	29	38	317	154	139
34	33	34	27	38	320	154	140
36	33	30	27	35	291	187	225
35	35	34	28	39	315	193	233
35	25	33	26	35	313	201	241
38	29	33	27	35	310	204	246
37	28	35	26	34	311	207	248
33	30	36	25	34	292	127	142
38	27	33	25	30	184	161	170
38	33	35	27	30	164	153	157
35	30	33	26	30	167	153	151
34	30	34	27	32	231	152	150
35	28	33	32	33	266	148	143
34	32	37	33	34	264	173	141
34	29	35	31	34	270	173	140
36	28	40	32	38	287	170	141
38	32	40	33	37	276	169	140
40	32	40	27	37	284	196	187
36	28	38	26	35	301	137	152
35	26	43	25	36	298	134	153
36	25	39	25	33	276	166	194
40	26	36	25	33	235	185	202
36	27	35	27	32	210	158	161
36	27	35	26	35	185	150	163
37	29	23	27	34	184	151	162
35	30	30	28	32	188	111	103
35	27	35	25	36	284	167	147
36	28	38	25	34	278	177	149
46	29	36	28	33	293	253	175
45	29	39	30	38	296	256	174
46	30	36	29	37	300	274	179
42	30	36	30	38	280	232	136
41	30	33	30	40	372	265	186
33	28	37	29	38	366	197	155
34	32	36	30	34	365	193	155
34	35	36	28	36	377	185	157
33	33	34	26	32	350	244	215
32	42	38	26	28	258	201	177
32	42	35	24	29	255	204	188
34	40	35	22	29	255	206	195
33	38	34	22	29	229	207	193
33	38	38	34	32	250	164	171
