0	1	2	3	4	5	6	7
107	329	144	49	33	50	24	31
110	335	146	49	33	54	25	31
131	322	149	50	36	55	26	31
125	351	172	48	36	55	25	33
124	279	137	50	36	54	26	35
132	299	156	49	38	36	28	35
151	300	164	56	38	30	26	40
130	294	162	54	37	25	26	38
129	306	154	59	39	27	27	41
136	291	152	57	38	33	26	39
125	255	131	55	38	52	23	38
104	260	126	49	38	53	25	35
110	278	136	49	41	55	28	39
124	228	137	49	41	56	29	37
122	207	139	46	40	54	29	35
153	243	169	53	43	37	31	40
162	262	170	55	46	38	31	40
187	285	182	60	42	36	30	44
181	270	165	54	40	33	27	45
181	337	178	60	43	31	31	47
164	317	152	57	41	31	29	43
159	330	151	57	37	29	30	50
121	316	138	51	37	32	31	44
128	311	138	52	36	32	33	43
128	246	119	48	32	31	31	43
136	271	140	63	39	35	36	47
144	258	144	60	40	36	35	40
160	243	135	59	41	32	34	41
154	267	149	61	42	32	35	41
153	273	157	64	41	32	33	40
184	259	144	55	37	26	30	41
179	235	143	56	35	23	28	37
223	283	158	60	38	27	29	43
223	270	151	60	36	25	27	42
221	264	131	54	38	26	27	42
217	257	141	64	37	30	24	45
229	322	149	63	39	31	29	46
181	280	128	64	35	30	29	44
190	296	130	64	37	31	30	44
198	298	134	66	37	33	32	45
161	291	121	51	38	31	32	37
143	211	111	52	37	32	31	36
144	204	116	46	40	31	31	32
137	183	110	48	43	36	31	31
116	171	106	44	41	35	29	30
130	168	100	45	44	37	32	31
138	189	109	45	47	36	30	34
133	189	106	45	48	40	29	37
133	227	120	51	49	37	31	38
136	248	117	50	52	37	30	36
136	272	122	57	53	37	29	37
127	257	127	55	51	39	30	38
155	270	148	58	49	38	31	38
152	233	136	52	48	39	31	37
163	219	147	57	45	38	32	38
158	222	160	51	41	37	31	37
158	274	193	51	41	34	30	35
122	266	176	51	40	32	28	34
122	262	175	51	38	31	27	37
104	285	167	45	36	30	26	34
143	294	160	47	38	29	25	35
149	274	128	50	40	31	28	35
164	281	150	56	40	31	28	40
182	289	156	64	39	27	28	42
204	276	183	66	40	28	29	43
223	285	184	65	37	29	36	49
228	282	183	69	36	25	32	49
233	273	173	69	36	28	34	45
237	278	177	73	36	29	33	47
220	257	151	72	36	28	32	49
182	323	150	72	39	29	27	45
170	310	127	69	40	33	31	46
148	306	121	64	38	30	30	44
161	325	132	54	40	33	32	42
193	355	162	63	44	37	35	45
184	258	153	61	39	36	32	43
184	263	156	58	40	33	31	41
185	278	163	56	40	33	30	43
168	324	187	53	38	31	28	41
140	298	161	46	35	29	28	36
139	302	170	47	35	31	30	35
138	296	182	43	32	31	28	36
171	409	202	47	39	35	33	41
168	386	198	50	46	39	33	40
166	405	220	58	47	38	33	39
176	406	221	67	49	36	33	43
183	428	215	70	50	36	34	45
168	310	190	67	47	34	29	40
151	264	157	64	40	30	29	40
162	236	126	57	41	31	30	42
162	237	118	50	41	32	29	38
183	230	104	46	40	36	30	39
175	265	108	48	38	35	30	43
173	264	100	49	40	39	31	43
168	264	121	51	38	37	32	45
169	252	122	45	38	36	32	46
140	219	122	46	38	32	31	45
137	218	129	46	35	32	29	40
141	217	145	50	38	25	31	42
141	229	128	45	35	26	28	36
138	270	130	53	37	27	26	37
131	279	137	60	38	28	24	35
121	247	124	59	38	27	27	35
122	253	116	58	36	34	27	34
113	253	132	59	38	34	27	36
108	210	136	55	35	33	30	33
104	207	141	46	33	31	31	32
116	230	138	47	37	33	30	35
115	232	144	43	41	29	29	34
176	253	170	52	44	32	31	42
191	255	164	51	46	32	31	44
224	256	158	53	47	33	32	46
221	230	160	56	45	35	33	47
236	273	177	58	42	33	31	48
194	251	137	46	40	31	29	40
178	245	136	46	39	31	27	38
142	240	135	45	39	30	27	36
152	260	143	41	39	33	28	35
157	210	103	34	36	32	29	36
176	213	103	37	34	31	27	36
180	231	120	36	34	32	28	36
179	252	121	41	32	31	29	35
173	264	116	44	35	25	29	32
142	255	118	46	35	28	28	30
157	248	119	48	34	26	29	35
151	241	96	48	36	24	30	37
150	232	88	44	38	27	27	38
162	212	98	42	36	29	26	40
168	230	106	43	34	26	24	39
169	349	118	51	40	32	25	42
216	403	126	53	39	33	26	43
218	398	138	59	38	32	29	44
210	396	130	60	40	34	31	43
217	392	143	73	44	36	34	48
196	311	160	67	38	31	34	41
155	252	165	70	36	29	31	41
154	249	158	65	36	28	30	40
147	242	160	68	34	26	29	40
145	359	239	56	30	28	26	36
144	350	229	55	33	30	24	35
131	335	226	52	34	40	24	31
125	328	231	49	34	40	22	31
131	351	229	45	34	40	22	29
118	235	128	44	37	38	26	27
118	217	116	46	34	37	26	28
114	206	112	44	40	31	28	31
130	227	107	44	40	35	30	32
147	274	131	46	47	36	34	40
146	267	128	43	45	36	33	41
133	276	140	39	46	38	32	41
138	295	142	44	41	34	31	41
134	279	137	46	44	30	29	42
118	219	130	47	37	31	23	36
118	226	133	44	36	28	24	35
124	214	123	46	39	28	30	36
209	282	129	46	42	33	33	39
208	289	131	50	42	34	36	38
206	281	125	52	42	33	37	43
209	279	122	55	41	34	37	45
206	338	143	61	39	36	33	45
138	347	180	65	39	32	32	45
140	345	183	61	36	28	29	45
138	349	188	58	35	28	29	40
140	349	205	68	39	28	28	43
160	298	197	66	44	33	38	46
141	221	160	58	43	37	38	42
132	205	150	59	43	53	39	43
131	205	151	61	43	55	39	43
127	228	142	48	41	58	38	39
104	287	185	47	33	53	28	35
113	280	190	48	33	51	25	34
115	302	194	49	32	35	27	34
113	285	182	44	30	32	28	32
123	259	168	43	32	30	31	33
141	258	139	44	34	30	33	40
137	256	136	47	40	30	34	42
132	241	135	50	39	28	33	42
132	246	141	51	39	28	32	43
127	261	166	53	40	25	31	43
127	199	145	52	39	26	33	37
147	225	147	48	35	25	32	36
152	224	164	45	36	25	31	35
158	259	164	45	41	31	32	36
161	298	148	49	47	33	32	39
145	298	150	46	46	35	28	36
132	284	147	50	46	34	29	40
126	281	131	48	44	35	29	38
125	261	128	45	41	29	31	38
116	217	126	42	33	42	28	34
111	204	119	43	31	43	27	34
97	183	103	40	30	62	23	31
98	195	94	39	32	62	25	32
104	188	95	41	34	66	23	32
94	175	101	39	30	58	23	31
118	194	112	41	32	56	28	35
157	204	147	45	36	55	31	38
164	251	164	43	36	56	31	38
158	241	166	46	38	55	29	38
169	235	162	46	38	55	30	38
153	273	180	47	39	54	26	37
129	267	163	44	34	37	26	31
128	221	150	44	35	38	28	31
138	346	179	49	37	34	32	37
131	349	175	50	39	34	32	40
136	320	153	48	38	39	36	40
136	347	154	48	42	37	36	45
132	342	151	51	42	35	35	44
164	237	122	49	40	35	32	40
160	239	131	47	37	38	31	37
167	245	127	50	37	31	27	37
161	212	119	51	34	29	24	32
166	249	129	49	35	28	23	33
152	280	143	44	32	27	24	35
158	283	140	46	33	25	26	36
148	269	139	41	34	26	24	33
144	265	142	38	31	30	25	31
154	253	165	43	32	30	26	32
140	217	152	48	31	30	25	28
135	198	145	47	32	30	25	26
132	239	168	50	32	32	26	29
134	243	167	54	35	30	27	31
113	235	143	50	35	33	31	37
90	226	143	42	36	33	33	37
98	275	173	43	34	30	32	38
100	365	197	40	38	29	33	37
109	364	194	38	36	28	32	36
116	397	199	38	34	23	28	32
126	399	201	40	33	26	25	31
120	378	180	40	33	26	26	30
132	272	128	38	26	25	25	29
122	293	141	39	28	28	23	27
118	228	123	36	27	27	22	25
108	235	121	37	32	27	25	25
104	230	124	40	32	27	23	26
112	224	123	45	33	27	23	27
127	234	122	47	33	23	26	31
115	243	130	52	33	23	26	32
119	236	137	58	28	23	24	31
119	254	148	57	28	26	24	30
110	261	154	56	33	29	27	29
120	248	150	56	35	31	25	32
124	242	142	53	35	31	26	34
125	229	128	43	35	31	26	34
128	204	122	44	34	30	27	35
113	190	117	43	31	27	26	36
79	153	108	42	28	24	25	31
97	201	145	42	34	25	26	29
119	258	194	45	37	24	26	33
119	262	192	40	38	27	27	33
122	258	194	39	38	29	25	31
148	265	205	38	39	29	26	32
134	231	182	36	32	28	25	33
111	178	135	41	36	30	26	29
117	205	139	44	36	29	26	30
120	202	135	47	35	30	25	30
107	210	115	47	37	31	28	31
112	213	110	49	39	31	28	29
124	210	120	42	35	30	25	29
116	187	111	39	36	27	25	29
115	188	116	38	36	24	26	29
111	212	141	44	32	25	22	29
112	217	153	43	32	29	23	28
105	206	136	41	28	28	25	28
112	252	162	49	30	31	26	30
140	304	170	52	34	35	27	34
135	281	148	44	34	33	27	32
159	278	136	45	36	33	27	34
165	310	180	50	38	32	30	35
163	284	167	48	34	29	29	33
137	238	160	44	32	25	28	30
135	250	174	47	31	24	28	31
101	249	180	44	29	25	29	28
89	291	162	47	30	28	26	29
91	273	147	44	31	32	26	29
87	268	142	45	30	32	24	28
86	256	136	45	33	33	26	26
104	257	154	48	34	31	26	31
101	166	128	41	32	27	24	27
120	171	136	48	32	25	24	35
130	191	156	52	33	31	28	37
133	180	151	52	33	31	27	39
129	172	131	51	30	32	26	38
129	165	129	51	28	36	27	39
129	189	120	50	28	37	28	37
121	154	91	44	28	31	25	34
116	171	102	42	28	32	26	37
105	169	104	44	30	32	27	35
142	173	107	49	33	30	26	37
126	137	99	40	32	29	23	31
144	188	119	47	35	34	26	38
147	172	101	47	33	34	27	36
159	178	95	45	32	32	42	38
145	200	109	51	31	29	62	40
143	202	110	51	33	28	78	40
126	163	93	48	31	23	77	35
141	235	142	51	33	27	78	38
134	237	143	54	35	30	71	37
124	215	133	44	35	33	54	32
124	212	136	47	34	34	28	34
133	209	134	47	35	33	27	35
136	117	97	60	41	32	28	38
135	109	97	58	40	30	27	39
123	105	96	58	38	28	29	37
128	161	117	56	39	30	30	40
133	191	139	56	39	30	30	39
133	199	137	50	40	32	26	40
129	199	133	49	41	34	27	38
131	211	139	47	42	32	27	39
125	173	123	46	42	30	27	35
115	135	106	50	40	31	26	35
87	123	95	37	32	28	25	25
90	121	93	41	28	24	25	28
92	105	114	45	28	27	23	30
93	102	111	49	27	27	21	32
79	90	99	42	27	29	23	30
80	93	105	48	29	33	22	31
73	102	108	43	32	35	20	30
70	120	84	40	33	34	24	30
84	127	87	41	31	34	24	32
87	139	95	42	32	33	24	34
87	139	90	37	30	29	26	32
88	153	89	37	28	30	27	31
93	165	89	44	30	28	27	30
98	171	93	44	30	32	30	30
99	163	88	43	30	37	29	29
93	160	85	44	29	37	32	30
91	138	86	47	29	37	33	29
83	107	75	39	28	39	31	29
61	98	78	39	28	35	28	24
77	103	95	46	35	30	32	29
77	100	94	44	55	31	28	28
78	97	92	40	57	30	26	29
93	109	95	43	59	29	26	30
107	101	80	39	61	28	28	29
97	104	63	31	57	27	25	24
95	107	67	35	39	26	24	26
103	116	73	43	36	26	26	28
104	109	68	41	33	25	25	26
97	109	73	44	32	29	23	26
104	106	71	43	31	32	22	25
105	107	68	40	32	32	25	27
102	124	73	36	30	31	26	25
90	127	78	38	29	30	27	26
80	137	92	41	29	27	30	29
86	133	92	48	30	27	30	34
98	180	139	51	35	26	31	33
98	168	136	49	37	29	29	33
99	159	136	49	40	34	28	32
101	153	131	51	40	34	27	31
87	161	134	44	39	34	26	27
76	120	94	46	37	37	27	28
76	119	93	50	37	37	28	28
84	128	96	56	36	32	30	29
78	129	94	50	35	33	38	27
83	127	101	52	36	31	49	30
93	112	95	48	33	32	49	28
127	142	105	49	30	31	49	34
129	140	104	45	29	32	48	32
138	135	102	45	31	29	42	34
224	131	101	53	39	29	29	32
261	135	104	64	49	29	28	32
258	104	97	61	53	39	106	111
294	110	103	62	55	42	113	118
304	138	115	74	69	51	119	123
248	135	112	77	71	57	123	131
203	142	115	68	65	59	125	131
184	136	108	68	65	56	72	77
112	121	99	65	63	54	59	66
66	133	108	54	49	53	49	57
63	141	100	46	45	63	130	106
70	130	99	46	48	94	156	134
75	151	110	47	46	103	160	136
78	163	121	52	51	104	162	138
83	146	118	56	51	102	163	138
87	171	133	59	46	94	107	96
96	184	132	67	44	61	62	50
113	173	131	63	42	43	51	41
133	167	129	62	39	41	43	37
149	162	121	62	40	39	36	37
165	143	110	58	39	34	29	36
169	133	110	51	41	35	24	32
158	149	110	54	41	30	25	33
154	147	100	51	38	30	24	32
134	141	96	46	35	33	25	32
117	128	88	43	34	34	24	29
131	131	86	43	29	31	25	32
225	114	87	44	35	32	25	32
245	153	102	50	36	34	28	30
249	154	98	49	35	27	28	31
255	161	105	50	39	28	26	31
254	175	108	48	42	29	26	28
174	204	107	47	36	29	24	30
132	174	106	38	36	23	23	31
133	173	112	40	37	26	25	30
124	164	110	42	33	25	24	32
94	141	110	45	30	27	29	33
110	117	117	44	29	26	29	31
129	142	119	44	28	27	31	32
126	157	122	47	26	29	28	33
131	159	116	45	26	32	30	32
144	160	121	50	27	29	28	34
135	140	107	50	27	28	27	36
122	121	95	54	27	28	27	35
122	120	101	55	30	30	29	35
117	119	105	56	31	26	27	35
127	114	99	51	31	27	26	33
123	114	97	49	32	28	28	30
125	108	100	54	37	32	28	31
156	93	116	82	45	36	32	40
155	125	124	81	45	37	34	38
140	162	128	85	47	37	35	42
145	162	132	86	46	37	35	42
142	166	131	82	43	34	32	43
115	179	117	63	37	29	29	37
118	159	111	71	41	28	34	44
111	133	102	64	37	26	32	38
111	138	101	64	38	27	33	39
127	157	107	68	42	32	35	38
131	164	108	61	38	29	33	36
122	208	120	50	32	27	26	29
136	216	124	50	36	29	25	31
140	243	155	52	37	32	22	33
132	266	175	53	33	30	23	34
116	260	170	50	33	30	24	31
116	250	173	55	37	31	24	32
106	260	183	60	36	30	32	35
116	237	167	61	41	30	33	34
109	228	146	59	43	31	32	33
124	217	141	57	44	35	33	34
134	191	125	56	43	36	50	35
133	221	210	55	41	36	49	33
133	250	217	54	39	36	50	34
128	231	215	49	36	40	53	33
118	237	216	48	39	43	51	33
134	260	245	64	41	42	42	36
134	214	171	64	42	42	40	33
136	354	250	73	41	40	39	32
146	368	262	77	43	38	36	31
183	367	267	94	44	40	48	38
173	376	268	84	43	48	51	37
175	390	271	86	46	49	54	39
175	294	216	94	49	58	55	48
191	272	206	100	51	74	56	53
165	354	259	97	54	76	50	52
192	636	473	143	86	83	58	72
224	674	530	159	104	90	67	89
235	690	549	158	109	91	70	87
234	700	569	161	112	78	70	86
250	693	575	168	116	74	71	91
232	509	427	133	96	62	74	77
213	520	368	118	81	57	96	58
199	506	330	134	71	46	100	54
190	524	308	146	73	59	103	52
178	509	280	134	73	57	105	52
177	455	249	139	73	59	96	53
169	483	253	132	68	60	63	59
210	616	288	117	71	58	51	65
249	692	362	107	64	53	48	73
246	723	381	117	58	66	58	69
283	824	408	114	57	67	73	72
295	918	498	138	68	66	76	76
298	917	627	136	77	80	80	78
273	875	599	133	85	76	79	71
279	877	586	127	96	72	73	69
265	828	612	129	99	72	57	68
278	762	564	117	91	67	62	62
253	767	407	119	86	68	60	67
246	757	389	109	79	69	56	68
229	709	375	103	62	62	54	65
205	649	324	99	57	59	55	64
179	670	332	90	61	59	53	66
166	549	335	84	62	49	53	52
160	526	367	82	63	46	60	51
160	559	467	87	69	50	65	54
156	613	511	95	65	54	65	51
155	545	487	95	65	58	61	52
153	556	493	92	61	49	57	50
165	585	537	117	71	47	49	70
179	564	469	122	71	49	42	71
189	559	491	125	99	60	66	81
184	476	481	125	98	58	66	79
182	418	458	123	98	65	67	78
168	367	407	107	93	70	69	79
156	371	432	97	90	67	74	92
127	266	338	80	59	56	52	91
127	243	329	82	73	64	59	94
139	279	374	97	72	66	60	97
152	335	441	87	73	68	59	96
172	333	416	107	75	74	54	88
176	330	405	112	79	73	56	78
188	350	444	118	72	70	49	77
211	399	430	113	75	65	57	82
213	403	380	117	72	57	57	72
207	400	355	104	69	46	52	71
205	396	361	106	69	47	54	73
210	438	371	106	67	43	76	74
185	446	427	101	77	53	81	68
175	480	520	107	80	66	86	70
168	482	559	105	81	67	86	63
176	488	559	99	79	66	84	62
148	473	528	88	72	63	61	58
146	409	467	86	56	55	51	59
152	327	354	79	54	43	41	61
230	360	337	96	51	45	51	82
243	426	377	97	50	46	51	81
260	422	380	97	54	49	52	82
279	522	426	104	70	56	54	84
307	556	420	115	70	57	56	84
256	522	384	102	71	58	53	68
240	470	359	102	73	58	55	68
220	449	353	102	70	56	53	65
209	361	316	100	57	48	50	65
174	282	276	102	56	54	53	62
167	297	286	100	58	49	49	65
178	346	274	99	61	51	45	66
184	399	314	97	62	52	46	70
166	381	290	94	59	49	45	65
148	429	304	93	63	41	37	64
146	431	324	92	56	42	35	58
177	385	356	93	62	55	49	62
185	346	338	100	82	75	59	59
180	333	341	95	88	77	55	59
181	280	312	78	84	79	56	52
180	280	329	77	87	82	59	53
148	301	297	72	79	74	57	47
135	265	264	66	56	50	49	42
131	260	306	69	53	54	53	42
124	261	304	71	51	48	54	39
121	262	269	71	47	44	56	44
112	255	251	77	46	41	47	45
111	300	303	73	48	42	45	43
112	321	322	74	42	40	44	41
119	342	321	69	46	47	63	43
136	394	311	78	54	48	60	41
132	396	334	80	55	47	62	39
155	410	307	90	63	52	64	44
158	411	251	86	63	51	63	43
155	405	275	88	64	51	43	44
150	333	274	106	62	49	44	43
154	359	247	181	66	53	48	46
122	310	219	193	58	48	45	41
133	339	230	203	56	44	47	51
138	315	212	201	55	39	45	51
158	398	359	199	52	40	49	59
150	365	364	132	43	37	42	60
152	365	376	108	52	52	43	62
143	400	418	88	59	56	47	57
143	410	420	90	56	57	46	57
119	391	373	67	61	55	38	48
141	400	382	62	62	56	40	45
148	450	393	57	88	44	40	44
147	413	341	58	95	39	32	38
139	426	357	59	102	44	32	37
136	477	362	56	102	48	39	38
113	475	354	55	103	47	38	37
100	423	329	54	76	46	35	36
112	435	353	60	67	50	39	44
116	407	325	61	57	43	41	44
107	289	246	59	49	39	34	40
121	304	314	62	50	38	36	46
120	352	328	63	55	36	39	44
108	293	289	57	45	35	35	36
102	297	293	54	43	37	33	37
111	316	283	59	41	39	34	37
98	317	225	54	36	39	31	28
98	253	197	52	28	38	27	26
93	260	193	46	31	35	29	27
137	265	204	53	36	32	29	38
131	229	182	44	36	29	28	36
128	219	179	54	40	28	29	37
130	256	198	57	41	32	31	41
132	247	212	58	42	33	30	42
143	231	209	71	43	32	31	43
152	245	242	73	45	32	33	46
186	247	230	84	49	38	37	51
202	236	235	88	49	44	45	52
200	260	233	89	51	47	46	53
166	283	227	75	46	48	45	44
161	298	203	79	46	50	42	44
123	278	192	63	40	47	37	37
123	269	202	69	47	42	27	37
121	256	200	71	45	40	30	38
156	316	216	74	52	40	33	49
172	343	253	89	62	43	40	58
173	350	251	88	62	43	40	59
160	348	231	79	55	40	39	60
161	332	219	77	55	41	37	58
128	279	201	74	52	42	38	54
101	205	142	50	41	37	31	42
111	371	257	50	45	39	37	46
96	369	261	51	47	37	37	41
123	394	275	62	51	41	37	45
128	426	313	64	54	42	37	42
133	426	324	66	50	44	39	42
121	309	237	63	49	42	33	39
131	336	251	67	49	44	34	41
118	317	243	64	47	41	35	41
114	278	216	63	40	40	31	41
106	292	226	60	39	39	28	39
107	268	226	60	37	42	28	38
95	226	220	55	35	43	26	35
84	232	225	50	32	41	25	33
74	193	207	47	34	38	26	28
73	217	180	46	34	38	28	29
