0	1	2	3	4	5	6	7
33	166	43	68	126	64	36	173
32	187	45	76	140	51	40	180
31	191	46	77	132	63	43	185
46	221	51	78	138	66	37	171
138	268	59	86	138	64	38	158
143	224	49	86	135	63	37	154
146	210	51	74	118	61	30	148
148	210	56	91	116	42	26	151
148	196	58	91	106	37	26	150
78	148	53	85	86	39	25	151
149	244	57	85	83	38	25	152
262	352	121	107	81	39	29	123
283	387	131	90	73	45	32	122
283	382	132	85	54	63	38	126
286	383	132	85	61	62	39	131
258	344	141	83	56	63	39	131
145	361	221	74	69	70	39	129
97	341	237	74	72	66	36	116
94	357	241	76	75	50	29	89
82	365	245	76	68	48	27	55
75	362	246	78	73	44	27	47
68	246	155	63	60	31	22	31
62	225	163	62	59	31	22	32
62	199	158	65	68	30	22	29
55	173	158	64	67	31	23	29
39	142	149	60	63	31	22	45
35	153	137	54	59	32	20	116
45	157	88	56	62	34	34	161
45	159	113	50	47	36	35	166
44	156	115	49	45	35	35	167
45	162	119	49	43	35	41	165
45	136	158	53	49	48	230	134
36	143	162	48	45	53	270	91
45	143	145	46	43	50	271	84
45	146	139	45	43	49	273	81
44	165	135	43	41	49	277	77
46	168	86	34	30	35	166	63
52	157	62	35	27	23	86	36
50	172	59	41	35	26	89	33
60	179	55	42	36	27	85	44
69	229	60	42	34	28	71	44
70	236	68	47	34	27	60	45
67	240	70	44	33	29	87	52
68	230	68	39	28	29	173	60
68	236	77	63	39	33	283	63
101	191	145	93	51	39	326	75
126	231	172	114	57	45	374	84
135	236	194	116	56	44	374	87
139	254	209	118	57	48	358	81
149	275	229	118	53	46	280	82
146	274	221	106	49	43	238	76
138	265	309	92	46	40	212	66
169	331	345	100	49	40	265	67
230	333	363	100	51	39	273	79
257	336	361	92	52	39	318	93
258	353	407	102	53	41	379	101
284	369	362	121	62	49	440	115
336	318	446	141	64	63	556	164
350	317	514	162	68	78	661	180
358	324	577	166	69	90	817	180
389	345	567	161	66	89	840	178
435	449	576	143	56	87	847	180
406	496	498	136	59	85	824	138
376	499	419	150	64	77	748	125
385	571	377	196	75	71	612	118
431	592	399	201	75	72	741	128
384	526	438	267	103	77	740	169
397	500	501	277	107	84	744	194
441	524	557	273	106	87	799	201
485	484	621	302	121	136	803	222
434	503	657	312	123	142	737	249
456	609	748	275	107	140	740	226
453	652	775	307	110	137	759	212
481	639	926	317	111	137	800	247
438	619	932	274	86	85	922	239
449	595	987	378	114	97	959	233
432	557	978	382	124	119	1019	252
470	529	984	358	122	116	1018	272
416	574	902	392	147	130	1040	254
440	570	913	444	170	134	982	298
495	546	1002	358	163	123	943	304
578	487	1009	372	172	112	899	321
560	490	1007	397	174	116	924	312
570	418	1011	390	161	101	935	312
642	456	1022	362	143	113	978	280
642	496	910	372	140	126	958	266
661	479	829	350	121	119	991	231
667	446	803	315	123	115	939	228
713	457	918	429	139	151	988	260
659	421	948	426	141	138	964	248
626	400	952	444	146	138	1033	329
569	380	1032	462	149	141	1034	351
554	389	1006	465	144	142	1074	359
542	433	896	360	136	130	1008	346
538	467	976	466	178	146	1020	372
580	481	973	452	187	162	1084	344
575	487	912	447	207	162	1044	335
575	528	933	438	209	163	1068	319
536	482	894	417	204	152	1026	307
507	476	863	289	170	157	997	280
435	479	881	396	178	127	860	248
402	513	1013	463	204	166	940	243
415	521	1047	483	214	172	880	289
371	543	1118	504	259	170	880	286
410	495	1028	489	267	161	821	288
449	459	1105	427	266	168	783	264
455	429	1069	345	251	141	752	329
435	380	1020	352	272	141	715	304
508	402	1072	332	271	130	784	306
520	410	1050	340	282	123	842	339
520	394	991	293	269	122	851	341
581	379	925	314	256	174	851	302
624	408	997	322	340	189	918	326
570	422	878	354	402	202	916	347
549	439	879	334	396	230	910	348
520	454	798	371	406	237	973	364
479	446	773	348	421	219	1043	342
512	422	759	357	339	214	1106	328
551	379	757	353	226	211	1074	360
567	399	881	354	232	181	1096	348
618	430	878	335	210	189	1135	324
621	476	900	375	211	171	1050	352
584	448	832	340	216	165	942	364
578	500	837	299	209	186	1014	322
564	494	665	314	241	188	960	314
540	488	670	317	282	172	852	316
507	502	734	320	285	160	864	268
559	514	748	344	291	151	889	236
550	460	765	362	303	129	801	240
620	455	834	409	293	151	813	257
595	437	810	471	336	154	838	266
602	406	722	466	338	159	819	272
554	404	719	482	339	166	811	268
537	417	629	473	381	162	805	252
558	429	667	480	409	157	804	212
575	452	671	414	345	155	753	228
593	435	611	376	322	155	690	242
586	441	608	368	392	155	672	255
645	435	684	373	414	174	595	288
540	426	569	319	405	157	681	291
536	409	601	342	470	156	730	284
561	476	610	389	487	169	810	307
541	544	646	355	429	159	808	295
554	559	560	348	363	148	875	261
609	579	580	347	344	145	789	265
701	627	498	318	260	141	798	270
676	570	546	257	225	134	766	226
713	525	473	276	227	138	735	234
692	529	572	241	215	112	676	237
639	583	549	213	169	110	628	211
657	521	552	189	146	112	596	212
688	541	552	225	142	100	655	225
687	526	579	195	116	91	690	215
655	500	500	246	147	111	790	215
753	402	497	302	173	131	831	230
639	394	589	373	204	123	784	222
579	373	561	408	227	152	768	218
521	363	532	411	232	163	759	213
514	367	641	396	277	151	645	201
355	363	704	380	290	144	656	230
390	365	626	365	292	147	694	237
398	381	634	319	287	125	585	240
454	417	636	345	303	113	648	263
462	430	593	345	263	119	650	274
520	452	525	322	227	122	623	267
493	452	529	259	199	113	569	251
517	483	495	252	215	105	583	239
532	452	520	240	191	113	493	229
558	506	468	269	221	105	542	210
637	521	415	313	232	90	563	183
691	519	432	325	237	91	604	187
685	551	440	345	206	83	566	187
650	577	438	326	200	76	586	160
660	523	390	321	160	91	584	215
570	487	410	284	155	92	537	226
557	487	413	271	150	94	642	223
552	417	605	248	153	93	704	223
557	413	588	244	155	92	690	238
592	439	622	256	160	76	698	229
589	450	656	242	153	86	734	222
542	453	667	250	145	82	605	217
521	485	546	246	145	89	584	231
502	461	560	243	144	94	563	223
439	436	519	179	109	89	562	182
388	403	559	187	113	76	545	197
541	416	546	180	112	77	550	204
566	418	545	170	108	70	507	202
