0	1	2	3	4	5	6	7
229	271	521	233	162	64	355	134
240	310	509	235	159	69	333	139
282	337	416	213	144	65	371	148
258	327	415	214	138	58	409	135
271	333	432	204	137	65	391	137
281	332	418	182	134	66	360	120
279	324	423	178	174	65	381	106
239	287	411	189	196	65	332	88
243	265	420	169	193	73	295	88
268	261	393	163	186	64	306	89
263	282	435	163	192	69	340	101
267	254	429	159	165	62	290	101
313	254	463	158	134	63	284	114
312	266	506	164	138	60	286	111
274	266	483	173	175	69	307	109
284	242	418	165	189	64	299	94
307	249	428	174	207	72	320	105
272	269	487	205	261	79	318	101
290	262	506	207	255	80	332	108
292	246	541	208	240	81	313	108
263	243	551	216	236	80	326	114
223	223	563	215	233	74	320	105
231	204	488	183	211	66	330	108
210	181	453	187	229	72	322	102
202	203	464	171	228	66	317	99
229	199	455	160	222	70	308	88
257	218	437	147	202	70	292	108
272	219	516	170	196	77	389	97
281	234	503	166	179	68	386	95
286	210	625	184	176	65	393	97
296	221	658	187	187	63	364	130
276	212	664	188	191	63	382	112
257	198	620	171	169	60	282	112
292	212	666	192	162	57	265	130
294	215	541	229	165	60	278	136
268	205	525	233	169	63	330	123
262	205	526	250	183	64	346	129
255	212	510	256	182	63	388	157
204	207	443	261	194	68	389	154
205	220	420	230	247	70	392	147
200	224	430	226	265	76	354	144
205	269	485	216	258	77	309	141
207	283	527	230	253	76	237	111
195	284	577	199	257	73	222	96
214	279	575	189	212	76	230	108
205	289	560	189	176	64	254	101
196	265	540	182	172	62	243	102
177	249	565	159	170	62	240	111
196	260	598	169	144	61	241	113
164	276	671	215	159	59	281	103
188	282	680	235	156	64	274	115
206	262	642	246	162	66	293	114
233	298	614	258	189	65	322	105
227	270	536	255	205	67	402	112
244	249	488	228	184	82	354	132
274	270	591	239	192	85	395	129
279	293	593	234	198	84	393	127
286	353	642	254	186	84	379	125
297	357	634	264	186	91	300	117
286	369	651	289	199	76	303	107
249	353	603	268	194	72	266	119
227	346	615	269	206	74	278	130
213	290	526	237	209	76	275	136
209	305	549	232	224	69	264	138
201	325	517	193	209	71	285	146
197	330	465	200	210	71	267	127
230	325	515	207	234	73	264	119
220	292	523	206	246	71	285	118
226	295	496	199	232	70	306	127
250	294	583	193	247	73	296	103
256	297	581	183	240	67	311	109
247	314	541	178	196	61	305	115
243	316	527	193	161	59	302	126
233	346	526	205	191	63	289	127
221	340	417	204	213	56	342	133
224	324	386	206	222	59	316	135
226	347	491	192	247	62	335	137
216	357	502	203	258	60	346	126
227	336	575	205	232	64	359	136
211	320	604	208	204	70	311	135
195	321	644	215	204	67	322	124
182	293	556	230	180	67	287	115
190	302	631	219	193	72	295	113
176	313	605	213	191	71	316	124
187	305	549	208	189	70	353	145
193	301	609	195	203	73	355	149
202	296	660	190	213	79	408	162
201	274	612	203	194	77	399	177
235	231	640	195	193	76	372	174
259	227	648	193	187	73	323	157
270	237	590	200	170	76	332	168
266	268	553	194	177	74	279	157
267	289	592	166	184	74	324	147
260	296	515	162	190	71	332	124
268	309	617	164	189	70	350	125
264	330	583	174	181	76	346	113
270	311	575	158	152	71	356	113
283	294	512	162	156	68	338	103
269	301	582	165	145	68	339	107
260	315	520	173	177	66	324	106
260	311	555	151	178	48	302	107
251	299	594	182	188	50	399	122
263	304	589	189	173	54	366	124
284	308	551	179	171	56	351	123
269	285	520	194	144	54	346	127
276	281	484	239	147	68	361	118
292	293	486	241	149	69	253	100
263	279	468	237	160	65	241	99
256	271	438	250	170	68	257	100
273	314	428	231	172	75	307	102
280	303	521	188	165	78	361	107
268	297	478	160	199	77	348	117
278	302	547	191	195	85	351	114
280	306	567	185	201	83	374	113
259	315	576	209	223	81	344	110
233	327	561	216	235	78	291	111
220	332	578	225	202	78	295	118
217	362	511	192	199	69	319	126
184	365	527	184	182	65	312	123
167	317	532	175	165	59	311	116
183	292	480	175	156	57	341	132
183	280	447	190	159	64	359	137
