0	1	2	3	4	5	6	7
196	307	831	172	137	61	330	157
230	353	804	166	138	67	396	172
261	400	775	174	136	68	395	161
245	398	707	177	147	65	424	149
241	383	662	157	143	72	476	145
232	338	652	150	112	60	509	157
205	349	545	157	137	64	471	135
184	304	685	183	173	81	491	153
172	326	736	214	188	91	472	164
198	343	826	230	194	91	425	158
199	376	845	265	206	98	360	141
203	339	869	291	217	104	377	157
190	353	752	274	199	96	375	145
193	337	735	261	192	89	350	149
158	343	715	257	193	90	409	167
172	367	745	234	191	95	429	177
168	376	755	201	164	89	400	180
173	391	757	193	164	89	351	177
223	434	747	185	140	87	355	173
232	484	682	177	158	81	234	173
219	476	673	166	162	69	215	178
239	475	637	195	165	64	233	166
230	512	765	213	167	65	260	190
244	594	832	226	184	74	247	184
252	557	869	230	158	76	255	195
282	578	825	226	139	75	331	197
267	638	903	199	133	71	317	192
286	611	808	204	113	63	319	167
268	622	813	192	94	55	348	192
273	659	777	179	98	54	354	163
249	651	789	197	103	62	306	146
286	621	683	223	103	62	330	156
274	686	789	202	116	64	305	168
298	607	850	239	129	67	299	166
298	603	938	239	126	68	311	173
298	585	969	223	122	69	298	183
270	585	985	196	123	75	267	177
316	500	913	199	111	78	382	184
265	468	824	202	107	78	385	159
254	477	766	209	116	85	387	165
282	479	685	230	126	84	393	170
293	484	724	248	125	83	398	168
267	476	733	270	128	76	287	153
289	532	730	239	125	88	393	180
297	473	805	241	122	78	377	180
272	485	965	244	115	73	353	158
263	464	1020	224	109	67	350	161
263	475	1023	190	105	71	359	160
262	421	1038	193	92	56	327	130
255	457	1022	181	85	60	329	119
271	442	883	153	76	63	367	137
272	408	820	156	82	69	389	134
251	395	898	173	83	66	430	143
225	383	885	167	91	65	347	140
225	405	819	187	97	69	357	163
193	385	879	195	103	83	469	161
201	415	920	190	100	82	458	159
217	430	822	201	108	91	416	158
214	443	857	208	114	96	430	158
226	430	906	196	112	93	417	142
243	486	894	207	113	79	259	133
224	476	809	207	116	83	257	139
195	446	829	185	104	72	262	126
255	429	772	172	89	59	266	142
237	412	785	184	94	64	307	132
229	349	706	158	88	59	309	136
271	323	740	159	93	50	290	160
288	360	691	176	108	50	282	157
251	358	677	163	106	57	283	140
251	325	641	151	108	51	241	142
265	327	674	154	111	64	242	132
233	321	715	173	114	64	249	94
217	332	709	159	111	68	326	94
207	348	742	164	118	64	328	91
208	344	663	157	107	66	334	91
200	358	645	167	106	62	337	116
190	375	625	145	99	60	345	118
223	334	682	142	92	55	288	128
236	316	744	156	80	54	283	146
232	312	873	161	91	58	371	167
238	293	953	157	98	56	386	164
237	302	930	182	98	56	385	163
202	327	1023	201	122	60	388	165
206	348	946	182	142	62	437	175
200	369	867	178	138	53	366	156
205	384	805	173	133	63	352	153
199	377	812	146	138	64	371	156
214	354	717	121	124	62	386	188
209	337	724	140	106	63	339	171
214	302	739	145	153	71	330	174
185	287	733	140	164	58	334	177
197	321	767	162	163	67	371	177
187	330	829	164	157	72	350	127
161	321	821	170	163	78	349	136
158	332	768	178	145	78	371	130
158	311	758	186	150	87	457	114
172	261	797	172	174	85	416	110
161	265	756	160	177	79	423	104
162	269	774	137	173	72	409	77
159	266	824	139	214	80	420	74
154	298	829	158	217	77	316	90
122	302	754	184	203	78	326	110
113	314	837	218	247	90	322	115
150	362	892	227	261	96	409	125
158	352	864	247	221	89	393	125
177	342	899	242	268	86	377	116
202	345	898	225	278	91	356	117
228	347	735	201	278	87	401	125
205	319	689	208	277	89	357	151
207	330	708	188	275	84	348	163
213	354	746	183	235	80	390	167
194	430	768	177	224	73	448	155
170	403	819	205	188	65	425	177
177	412	819	204	171	53	481	157
179	418	833	212	178	72	482	151
159	415	868	207	151	76	458	152
153	333	842	211	142	79	457	166
175	341	842	184	132	79	455	151
192	357	885	193	144	82	361	155
194	344	835	196	146	79	367	170
192	308	695	190	168	91	441	159
190	295	662	187	169	87	396	149
167	283	661	200	200	86	397	141
147	230	542	230	237	108	463	143
137	274	546	223	233	108	478	135
170	321	566	226	216	101	501	179
200	357	548	223	230	103	497	174
206	399	496	225	197	103	495	173
209	422	519	206	159	80	428	167
226	400	582	207	186	81	409	176
213	421	546	232	197	87	282	142
183	415	555	236	187	84	282	151
181	394	539	225	207	91	303	147
191	384	507	194	196	93	310	149
183	428	367	180	174	90	334	124
162	370	427	176	171	79	458	148
186	348	467	189	172	83	472	142
250	342	451	184	165	77	459	150
242	338	578	192	167	69	462	147
234	286	604	203	185	64	443	150
241	314	589	194	215	70	334	115
231	330	580	195	213	68	314	106
154	318	570	189	201	68	297	100
174	289	545	198	194	73	321	96
207	295	575	194	195	72	323	95
206	274	683	197	155	64	296	99
203	300	765	187	174	63	314	118
214	296	867	240	184	76	412	130
201	302	949	242	187	80	404	148
235	285	943	240	183	83	479	179
237	273	869	232	185	85	525	199
267	335	916	238	165	81	516	193
277	353	903	207	158	69	457	195
271	377	814	250	193	74	457	193
235	400	885	269	199	67	388	170
242	419	1007	275	209	75	363	174
244	364	941	305	229	80	384	185
233	357	911	296	248	90	402	170
250	355	964	312	242	95	468	191
231	349	934	362	241	111	518	187
253	380	872	379	249	148	659	207
253	355	864	379	261	160	732	225
259	363	869	426	279	159	756	224
254	371	806	409	277	153	754	203
277	343	800	363	284	146	735	218
273	395	855	347	266	120	684	187
248	439	880	329	253	111	613	157
237	433	867	273	222	108	644	186
224	458	917	330	228	126	638	187
199	460	877	327	209	132	650	166
165	387	777	324	208	120	566	174
153	350	800	357	195	119	650	171
154	348	803	361	187	123	699	141
172	287	693	302	240	109	663	126
161	328	712	377	257	98	668	136
151	321	666	374	263	100	730	126
163	377	563	374	282	90	670	136
170	366	548	390	338	86	565	130
182	359	584	391	307	85	565	129
195	352	557	369	304	87	527	127
204	339	546	370	306	92	451	108
193	267	595	369	303	94	454	102
178	271	682	350	267	95	460	107
148	279	695	347	284	97	443	116
131	266	759	339	344	114	500	133
141	271	788	408	391	137	528	150
154	268	765	397	399	143	532	149
151	288	754	388	385	141	505	155
144	289	733	386	361	133	527	161
140	273	653	340	324	125	483	136
127	300	638	258	298	95	462	121
109	294	618	207	275	91	415	144
112	296	509	215	269	89	417	141
115	299	466	192	309	97	459	131
129	326	525	200	310	93	449	139
120	311	519	220	288	92	437	144
135	296	515	257	279	89	439	120
139	303	572	258	279	89	423	115
140	305	570	254	264	90	405	132
147	267	519	248	214	82	448	150
164	292	548	228	201	81	423	149
170	318	572	196	303	78	405	152
176	296	503	186	314	73	446	159
179	316	500	186	283	67	398	145
181	320	663	213	329	96	366	124
191	289	668	210	361	97	384	118
178	279	638	209	325	113	502	172
180	309	614	238	347	120	490	186
182	292	641	243	380	127	607	194
188	299	461	218	369	112	600	195
187	360	412	242	354	119	623	192
220	390	478	272	329	112	591	162
242	370	510	274	309	120	605	164
259	383	500	280	289	117	690	174
252	427	494	286	261	115	772	192
300	411	490	306	257	102	779	197
289	467	472	324	259	96	766	181
279	467	508	310	252	86	771	168
299	476	479	321	304	82	653	152
308	451	487	328	303	87	575	130
288	431	467	289	300	87	542	124
298	401	525	254	299	89	534	117
314	440	499	268	311	93	556	114
286	444	591	261	258	97	557	113
269	430	710	260	312	102	568	113
240	449	733	269	320	113	549	113
230	392	667	245	306	108	539	124
202	376	664	223	287	107	527	129
193	345	605	201	276	100	459	122
263	399	468	189	211	89	470	120
264	382	498	233	242	88	485	125
265	387	494	258	258	111	475	124
252	404	576	255	253	102	471	114
261	429	617	269	239	101	495	128
198	383	624	256	234	109	440	126
204	354	630	216	176	102	462	122
224	376	627	205	182	75	523	123
252	378	536	204	183	74	532	136
257	370	475	203	194	80	521	156
267	376	427	201	221	65	515	159
254	390	340	190	224	61	501	159
240	358	381	183	247	75	460	156
223	311	377	191	282	84	410	149
227	294	399	188	289	83	396	132
224	276	432	210	291	90	442	140
216	265	502	235	284	91	432	149
199	279	494	258	371	105	405	145
255	258	524	265	367	115	417	150
259	232	555	254	356	110	411	135
267	280	636	258	345	113	361	119
288	338	644	260	415	113	371	112
286	347	671	247	316	100	391	127
256	402	689	228	294	77	416	126
234	484	657	223	310	78	414	127
226	475	590	201	325	71	461	135
199	485	551	174	232	70	475	132
241	487	523	155	212	58	450	125
234	481	531	155	215	61	417	137
234	397	570	160	205	68	429	139
228	375	621	166	191	69	414	133
225	335	590	188	207	67	404	129
204	354	551	202	211	71	425	135
178	346	528	219	203	70	416	112
177	348	564	234	236	76	462	122
188	354	596	240	232	77	419	124
207	356	626	231	215	80	385	125
191	343	630	236	285	77	378	112
192	328	608	231	289	85	502	124
198	325	639	216	278	89	538	137
179	333	599	215	267	88	584	147
171	319	635	247	341	98	619	154
149	290	719	248	307	116	728	182
148	260	733	288	370	121	676	193
149	263	667	326	390	122	662	176
143	289	655	356	420	126	663	165
124	325	718	345	369	125	678	166
128	340	644	336	362	110	585	141
125	355	637	314	314	115	565	110
115	387	628	297	320	109	545	113
119	420	663	258	281	110	533	112
144	375	532	242	278	110	544	103
177	406	602	249	271	111	544	126
185	401	653	245	296	105	553	135
194	369	624	229	254	106	600	144
193	309	529	239	258	102	618	144
185	337	553	220	285	96	698	152
168	296	479	205	305	102	698	134
197	283	393	207	284	93	691	131
210	295	463	197	295	84	624	123
210	283	599	185	300	86	630	134
214	283	597	214	286	87	570	144
217	310	632	219	294	86	556	136
192	350	626	244	311	94	575	129
160	342	623	243	294	96	600	126
190	378	533	245	281	95	565	109
177	358	594	245	299	91	480	84
182	331	556	248	279	86	462	98
190	315	575	213	235	73	417	117
214	328	534	213	254	77	374	116
203	291	492	225	277	74	346	119
225	290	371	208	238	73	377	119
220	294	380	190	239	86	398	112
209	274	475	197	259	86	378	95
187	268	484	204	260	85	376	90
169	278	530	189	241	86	407	88
161	358	526	201	255	90	455	102
216	344	536	202	273	86	448	103
228	344	633	187	259	82	436	95
230	343	699	237	238	80	438	104
234	330	706	242	269	76	435	108
238	263	714	226	266	68	385	85
183	261	750	294	250	55	366	93
161	274	620	307	257	67	386	94
161	283	520	263	299	66	381	82
171	296	482	285	285	81	433	82
151	341	565	328	321	90	389	98
152	340	527	335	345	92	395	102
173	329	541	340	375	91	389	115
177	308	572	340	334	88	381	125
159	314	563	318	318	77	333	128
161	241	560	307	298	72	333	123
147	272	595	291	295	69	318	115
123	283	549	266	263	61	316	101
107	311	528	270	274	68	352	96
122	319	547	277	285	69	275	88
125	371	518	241	256	60	310	79
125	361	486	192	218	63	354	73
143	409	495	207	208	73	371	86
161	424	510	208	199	70	346	89
158	416	578	189	179	72	383	92
140	402	637	201	220	78	351	97
143	419	618	189	205	76	317	97
149	415	630	245	208	79	305	99
139	383	640	310	269	87	370	96
133	394	584	320	281	88	382	112
140	389	525	320	306	89	388	112
164	423	586	328	322	90	395	111
152	418	600	286	316	82	382	109
145	422	631	235	268	71	358	108
157	416	736	252	288	78	337	88
152	399	762	261	233	84	346	85
120	336	697	241	217	82	350	88
109	273	674	241	209	97	396	101
114	265	647	230	211	104	358	104
106	262	539	218	195	99	394	104
103	241	449	235	210	95	405	113
107	257	497	239	211	101	384	111
115	289	496	236	226	90	366	94
134	305	523	236	228	89	396	90
134	296	514	269	226	95	390	100
148	341	530	258	243	92	377	88
151	324	510	268	282	96	380	107
143	327	620	284	315	96	391	103
113	307	601	279	314	94	378	102
106	312	615	241	305	88	345	92
97	263	634	229	348	84	334	93
96	296	690	246	334	73	478	81
106	324	595	223	305	80	508	87
107	345	593	223	302	90	491	85
105	347	590	246	305	89	487	87
101	371	587	266	301	88	507	87
128	381	521	235	282	86	381	74
124	358	528	230	286	80	302	64
161	370	522	226	292	63	298	77
174	363	533	191	315	67	308	76
174	349	565	159	247	73	359	85
159	319	598	170	256	79	364	86
166	303	594	175	246	76	363	96
138	276	631	177	280	77	408	93
125	268	613	184	264	76	422	93
120	283	537	173	264	72	365	87
111	276	531	183	262	76	372	91
102	258	511	180	289	71	414	88
90	294	463	187	248	74	396	85
88	291	488	175	235	77	357	100
89	306	531	180	274	77	389	99
97	311	489	171	268	74	423	102
106	318	560	199	237	74	381	97
138	283	537	191	241	84	361	100
151	340	533	204	274	79	389	94
160	357	568	213	279	78	342	111
175	369	573	201	274	75	291	105
168	365	505	184	274	76	288	103
156	366	524	171	299	63	293	116
150	330	467	162	279	67	276	111
148	294	357	179	239	68	267	114
135	311	467	188	261	63	267	117
140	374	540	181	319	69	329	124
163	386	525	198	338	81	342	109
159	374	636	211	340	80	331	107
160	428	660	190	334	79	334	88
179	418	625	193	376	78	301	82
186	395	624	226	337	75	260	73
168	393	690	210	282	66	285	80
177	407	644	213	270	68	297	84
179	383	647	212	326	73	303	83
155	367	621	209	279	82	323	84
177	406	551	171	267	81	314	102
214	431	555	208	277	78	322	98
220	447	561	185	272	68	347	92
226	470	590	188	201	61	345	98
235	471	567	183	179	48	335	97
218	416	629	199	229	56	359	79
194	475	604	195	229	58	328	81
186	490	553	197	242	63	300	97
191	448	521	186	247	65	296	101
183	456	531	184	275	67	289	105
173	489	484	180	258	60	243	107
154	387	445	146	260	53	224	108
152	355	495	149	244	46	221	94
158	360	495	162	252	49	326	96
162	345	490	161	299	54	348	104
183	296	590	145	293	55	350	113
186	324	676	138	287	62	364	108
177	333	654	141	292	65	381	106
169	299	692	130	289	63	292	91
182	307	735	144	226	58	278	90
164	304	725	188	266	61	373	78
153	311	658	194	269	55	364	80
155	320	632	183	277	53	355	81
137	322	587	193	316	73	354	87
144	333	578	193	369	89	370	89
139	319	473	161	343	90	337	99
157	289	450	181	357	92	399	110
158	278	475	197	425	97	391	109
158	270	555	191	414	85	424	108
132	262	615	236	377	75	441	111
132	314	674	253	377	81	445	102
146	363	744	251	368	86	424	95
172	336	760	248	309	85	425	103
170	412	802	242	279	95	405	108
163	420	744	191	258	88	403	96
171	416	716	173	297	90	352	91
157	412	681	186	305	87	322	113
129	428	681	188	273	82	330	117
142	383	633	203	331	68	321	118
175	396	636	249	352	75	309	134
170	363	620	285	342	71	325	140
164	318	716	296	348	78	302	127
172	282	697	325	421	91	325	126
170	238	671	320	375	90	358	118
143	174	694	298	349	88	339	115
135	193	706	279	359	83	363	109
127	203	563	247	362	83	364	105
118	209	599	213	286	68	357	98
104	279	585	214	364	79	334	113
92	280	571	254	450	94	356	99
101	268	600	260	439	104	337	98
104	323	615	288	428	107	340	101
112	321	567	289	509	124	334	98
114	277	530	294	487	128	351	95
113	284	472	264	420	116	362	99
123	283	399	251	415	108	359	107
134	200	493	254	485	108	355	103
129	196	509	238	404	91	379	122
137	226	509	235	383	77	360	114
146	250	616	225	424	87	321	112
129	264	661	222	422	93	298	105
115	267	556	218	364	95	304	114
102	271	577	253	402	102	299	103
88	233	611	270	428	110	297	106
70	214	666	277	377	107	298	97
86	240	662	299	368	104	296	103
95	276	678	318	384	106	313	114
148	284	661	295	341	98	266	109
158	292	673	309	291	89	281	102
164	281	610	303	352	83	293	112
173	267	605	277	379	81	295	123
174	248	576	268	392	67	356	100
136	251	620	289	423	71	352	100
123	247	564	261	455	85	333	105
126	245	523	321	462	97	348	104
113	240	494	323	453	95	371	89
100	225	583	290	420	95	304	94
117	238	537	309	385	91	304	104
146	255	564	335	397	85	324	116
141	281	579	341	422	87	310	110
149	269	644	399	455	111	275	107
146	262	604	406	458	120	289	104
140	235	598	392	502	122	305	95
115	242	577	384	491	123	308	75
120	211	520	344	422	113	305	88
107	213	441	285	398	100	353	87
112	234	435	285	405	95	328	88
111	242	432	275	345	97	303	83
109	328	431	265	304	88	303	82
111	340	401	243	352	86	346	76
105	331	454	290	338	79	313	73
107	322	482	281	315	71	308	78
100	320	476	266	324	70	319	77
99	242	542	292	425	73	365	80
81	257	551	301	384	79	317	77
84	272	531	252	414	95	311	75
76	274	471	262	417	95	311	88
86	269	504	265	419	105	328	97
111	228	521	244	321	108	303	120
118	194	569	249	358	104	337	130
120	180	533	230	343	89	345	135
120	194	529	243	344	85	352	122
133	198	517	272	365	76	339	120
126	216	464	255	377	72	301	94
126	243	433	256	335	75	378	78
125	287	439	291	359	75	385	75
126	299	539	273	382	76	400	80
130	290	565	254	348	69	405	74
150	277	546	263	351	72	444	80
148	254	550	264	362	70	354	78
153	204	622	242	307	71	335	79
164	170	535	241	345	79	310	83
149	185	494	274	351	83	294	89
118	201	476	252	385	78	245	90
114	223	444	229	398	78	230	87
104	223	318	209	399	72	290	86
122	214	353	240	320	62	302	81
124	236	405	201	341	80	337	76
119	223	411	207	331	82	337	71
125	233	400	207	342	83	354	95
133	242	419	221	329	83	310	91
104	242	430	199	382	85	307	91
93	239	423	238	412	83	353	99
94	256	430	257	385	82	340	95
118	217	415	258	356	78	352	76
107	194	404	249	389	85	449	88
106	201	398	255	347	84	479	89
120	187	382	218	275	66	429	87
123	194	391	193	320	68	435	93
108	206	417	202	326	68	417	92
111	218	403	202	295	61	344	89
132	213	367	173	287	60	286	86
123	216	344	164	395	75	275	72
134	193	335	209	365	78	264	70
147	188	327	203	365	80	249	74
151	210	340	241	390	85	233	79
132	242	365	254	401	90	242	82
131	240	377	269	297	82	240	85
138	237	413	285	270	79	239	88
126	245	429	293	274	81	234	90
133	222	475	267	225	81	238	93
129	204	479	275	201	71	241	89
132	198	487	281	207	77	243	91
120	202	451	245	315	80	234	89
117	210	457	233	340	77	268	96
113	200	418	252	356	69	289	84
126	221	459	286	417	74	289	94
138	231	478	322	471	88	287	95
134	274	502	317	426	98	310	94
137	256	504	320	450	103	349	90
132	264	565	306	448	105	314	88
124	230	519	278	437	105	305	76
115	218	471	229	405	86	324	74
114	169	457	230	427	71	326	77
102	193	415	234	379	60	253	66
101	177	312	274	367	68	252	73
102	171	329	254	363	70	299	79
116	159	359	249	348	76	295	84
128	144	431	276	313	82	307	78
133	174	492	304	314	85	319	84
141	192	504	271	326	89	338	89
147	200	523	271	319	88	305	90
133	209	557	271	305	88	299	86
125	225	508	266	308	81	273	92
136	179	468	254	358	85	291	103
134	167	467	284	354	82	288	95
133	189	481	306	332	77	292	92
130	196	439	309	364	77	291	95
122	188	444	283	344	77	301	95
97	185	439	268	299	72	291	79
107	186	409	277	337	71	276	79
116	171	365	265	343	79	268	88
137	166	357	276	380	78	261	81
151	176	305	278	402	78	237	82
158	177	456	262	384	76	219	82
145	182	513	284	436	72	228	83
152	172	520	273	413	64	214	70
136	166	516	256	387	61	213	71
124	137	519	254	378	63	244	69
126	143	416	254	389	63	242	68
137	142	462	172	329	73	215	70
113	166	444	186	346	78	219	78
121	174	519	184	304	79	234	80
119	191	517	201	323	76	199	80
115	183	501	200	307	77	188	82
109	184	413	224	331	66	212	79
143	170	530	209	316	63	288	78
139	164	498	199	311	59	285	97
163	147	518	180	293	61	291	98
198	151	521	184	289	67	314	100
206	137	513	170	262	61	290	108
187	130	389	176	292	57	215	105
198	132	326	185	291	61	232	88
184	165	357	184	307	58	232	85
143	169	336	186	307	52	204	83
138	178	378	176	245	49	212	72
162	184	431	190	241	59	224	76
157	186	535	217	264	57	192	79
153	170	504	225	269	70	183	80
152	176	519	227	285	69	247	76
148	181	508	286	342	82	273	74
120	214	505	295	385	77	269	72
124	207	405	303	384	83	309	71
127	198	411	325	383	77	324	77
127	246	493	353	385	92	298	77
128	298	497	349	400	81	278	77
129	374	473	341	370	88	340	83
113	378	495	313	373	79	304	71
127	417	514	322	385	78	289	62
131	417	520	329	390	68	261	58
139	403	647	319	380	69	254	63
140	319	669	336	367	67	159	60
137	375	709	397	393	81	153	62
121	340	701	376	423	87	193	64
121	308	671	359	433	87	210	66
100	296	555	370	409	89	231	61
104	299	550	351	435	84	250	69
110	240	487	319	446	88	260	89
121	255	549	349	393	89	244	98
123	279	589	365	397	86	242	106
134	294	677	364	381	88	232	106
152	306	693	398	346	90	209	109
159	351	698	391	309	77	222	97
177	379	650	381	313	70	218	93
174	373	616	355	298	72	211	85
170	397	488	342	316	64	221	84
179	402	456	314	358	66	215	73
174	448	473	323	402	75	214	70
150	429	463	354	421	88	230	72
152	447	448	372	425	83	231	73
154	424	588	340	410	86	220	80
143	425	591	335	424	100	256	78
164	335	593	314	396	96	278	89
168	340	619	285	365	83	272	81
176	340	666	262	460	100	301	83
170	349	561	270	462	104	308	78
149	320	535	275	409	91	302	76
116	315	528	313	411	94	267	61
110	315	529	334	465	102	249	56
107	357	554	375	356	89	205	49
146	350	646	383	350	83	236	64
148	365	741	435	436	93	219	65
149	390	785	458	476	99	220	68
148	421	826	461	436	95	280	84
144	378	830	464	522	106	331	86
114	399	811	505	560	119	297	82
109	447	820	487	518	115	297	79
112	460	811	492	482	108	303	79
127	441	769	471	482	113	272	76
131	440	690	440	393	115	316	80
124	402	694	442	354	111	336	70
124	383	671	453	435	108	340	72
136	364	643	398	411	104	348	73
137	380	629	398	392	97	366	74
127	423	647	398	398	86	285	70
145	437	616	334	427	78	272	88
146	433	565	288	321	84	291	91
130	419	526	294	344	87	327	95
112	374	601	278	437	94	295	97
112	362	576	258	415	88	295	95
96	346	690	314	405	87	295	82
146	370	721	330	460	85	321	82
170	381	771	327	463	87	304	80
175	403	759	329	383	79	324	73
181	374	783	339	407	77	346	85
186	436	759	336	438	81	366	97
156	431	743	316	361	74	377	101
135	425	724	334	313	71	401	107
152	421	706	338	424	72	389	109
165	403	744	369	421	81	384	106
154	371	692	378	391	79	376	104
150	350	671	402	427	86	382	106
163	371	650	380	463	93	387	105
157	386	613	399	438	100	390	101
136	405	663	423	474	107	382	102
137	412	745	407	501	106	386	97
138	409	735	373	480	102	358	90
123	396	756	400	504	97	313	82
102	375	784	405	469	87	310	81
107	352	708	378	432	81	318	77
124	314	637	364	367	79	330	75
122	305	678	358	366	80	374	75
124	306	675	374	328	93	360	78
148	288	629	383	299	98	364	77
148	306	692	357	293	93	352	81
139	289	633	344	421	98	324	86
139	268	605	401	456	116	280	87
152	289	678	436	506	130	275	94
122	320	759	404	515	136	275	98
123	319	683	413	518	138	297	97
147	385	709	417	415	131	351	113
174	430	733	427	382	118	330	122
175	417	669	364	283	91	355	114
189	437	663	354	366	85	358	119
200	436	738	351	367	77	368	126
200	457	753	360	366	81	331	108
187	452	791	299	366	82	316	93
178	482	786	275	363	87	348	112
195	466	732	280	266	90	347	104
189	465	669	280	262	95	364	94
173	420	614	256	314	94	361	92
177	422	496	275	314	94	406	97
173	485	541	304	312	96	360	76
151	483	559	313	313	87	361	78
141	503	669	313	313	84	324	84
148	518	683	312	279	83	341	80
141	492	718	292	338	99	325	85
140	409	682	355	383	104	367	103
146	427	671	415	422	103	442	104
149	387	567	421	446	104	454	99
143	354	568	489	451	108	524	108
140	376	546	518	588	125	543	113
145	350	575	493	638	120	536	98
134	336	641	449	722	120	487	108
128	389	698	530	800	127	468	109
143	430	670	526	842	136	365	109
171	402	636	559	900	125	388	101
176	398	574	539	899	131	361	99
188	403	521	546	946	139	357	98
193	378	417	464	912	138	379	107
192	357	561	407	899	133	431	112
174	406	670	541	936	145	366	108
180	426	668	620	980	147	372	108
175	455	630	691	893	160	378	99
181	434	625	693	858	156	382	85
205	422	532	709	941	164	371	89
209	391	438	593	779	152	390	120
202	373	439	562	687	146	460	125
203	322	539	507	697	125	507	123
230	406	606	546	828	136	499	125
211	410	642	581	809	140	483	120
197	447	618	595	827	139	541	100
204	451	616	545	958	136	516	100
202	472	619	499	954	134	487	100
180	466	626	514	924	138	504	100
