0	1	2	3	4	5	6	7
313	335	502	168	95	53	252	133
347	319	556	178	95	53	248	140
397	379	590	180	100	55	312	181
385	405	548	162	86	56	315	162
393	415	641	148	78	53	337	170
408	354	693	183	86	59	352	172
359	355	657	172	77	54	367	175
358	302	624	176	77	54	318	167
389	316	659	180	84	56	271	178
412	325	579	194	88	55	229	170
403	333	453	184	84	51	198	164
409	348	503	183	78	55	272	167
373	351	526	171	72	54	298	145
347	330	456	179	78	50	318	131
252	333	460	164	73	58	360	154
272	326	517	130	77	58	357	161
285	305	487	162	88	55	287	147
290	418	513	178	98	60	254	137
381	413	548	164	92	67	251	154
420	430	539	172	98	64	292	152
482	459	551	170	90	63	301	147
501	459	536	142	83	64	326	160
498	420	532	153	86	62	346	169
449	442	572	178	95	56	352	162
439	424	648	242	105	58	277	141
400	411	599	253	109	60	272	139
366	413	603	252	109	65	262	133
468	364	573	243	102	62	255	129
495	361	561	222	89	64	303	112
480	372	482	147	66	59	329	130
453	374	576	145	68	59	343	127
481	384	578	160	82	54	333	137
438	357	638	178	82	52	337	146
401	344	588	183	85	54	305	154
410	350	581	175	84	53	285	145
395	359	511	170	89	53	260	152
384	373	506	158	73	50	348	143
340	395	567	146	67	49	371	168
348	382	568	141	65	44	358	166
379	377	566	170	76	54	363	182
431	373	640	175	67	52	386	177
431	401	630	176	76	55	323	174
444	405	536	193	81	57	311	137
434	416	584	202	84	59	297	138
428	419	596	185	83	51	285	119
441	392	489	198	87	52	277	131
460	381	489	206	91	49	276	132
423	372	438	176	93	55	258	130
428	398	405	205	102	53	255	133
452	435	376	210	104	56	265	136
407	466	438	188	100	57	349	135
361	441	497	187	96	58	356	134
377	442	553	215	110	59	338	141
377	449	561	243	125	66	395	156
353	513	567	239	127	70	399	148
337	496	535	242	133	68	365	143
344	492	498	244	134	70	363	146
323	498	427	224	118	68	372	147
311	463	436	174	95	65	334	139
260	341	469	182	91	56	333	134
273	333	528	182	82	59	324	127
349	379	590	196	92	66	336	130
380	384	617	201	97	68	331	130
392	381	590	189	92	67	358	142
414	364	640	177	84	68	363	153
464	358	681	171	82	67	327	182
460	363	640	147	68	74	353	205
462	358	761	128	60	78	369	215
489	366	795	146	80	76	329	216
484	369	782	174	99	77	350	220
433	368	717	220	123	81	358	226
424	316	711	220	126	67	302	210
425	300	561	239	131	57	296	194
408	348	564	236	126	59	305	187
427	350	535	228	124	57	261	176
431	396	613	212	113	52	258	174
431	406	606	209	108	51	283	174
456	396	612	203	104	56	308	174
434	387	559	222	101	49	293	162
422	381	545	215	90	68	338	165
421	350	420	199	76	69	334	131
382	332	538	210	93	76	344	164
338	322	563	197	93	77	339	199
388	272	566	178	98	87	357	206
476	284	592	204	102	76	321	214
472	288	616	211	103	79	332	214
478	301	613	200	87	72	318	185
534	330	589	200	85	73	290	195
512	354	593	186	75	65	260	196
461	365	573	161	85	65	251	193
484	371	602	150	89	64	254	193
482	351	546	183	95	65	290	194
440	336	535	191	95	57	312	173
428	303	544	217	102	56	323	170
375	281	580	216	90	64	369	163
428	275	529	223	85	61	376	168
423	354	561	215	91	62	348	191
388	360	657	216	94	68	354	174
430	385	680	196	89	71	364	165
460	412	630	186	90	63	371	196
404	420	623	166	86	63	356	197
462	376	536	140	72	62	359	215
489	383	530	137	69	60	338	239
446	363	578	147	68	59	343	247
416	325	661	146	63	60	339	234
401	294	738	157	62	60	326	245
419	299	746	156	63	63	320	211
420	341	663	163	66	64	351	179
490	340	663	154	66	62	338	220
522	348	651	166	88	79	313	214
518	353	587	178	94	78	339	199
494	333	649	178	100	75	317	197
467	362	725	170	99	71	303	201
407	390	670	177	100	81	378	169
418	399	629	169	79	64	381	175
416	416	651	168	84	67	361	175
371	435	610	169	77	68	365	199
379	395	542	190	93	73	362	212
408	395	557	196	93	66	282	210
401	389	525	196	96	64	285	214
409	366	520	197	94	59	290	217
447	361	484	200	98	67	355	203
465	328	466	176	76	61	331	202
425	292	456	174	74	57	390	193
371	290	453	172	71	58	404	192
380	308	410	162	71	64	426	188
329	319	404	170	67	53	371	174
320	307	425	165	67	54	379	158
350	301	425	142	70	51	327	161
412	326	529	135	76	54	285	135
405	301	630	155	78	48	252	145
431	281	671	145	88	53	274	176
439	305	656	154	95	56	303	176
448	316	672	164	95	62	385	169
391	284	621	167	91	67	390	180
405	287	536	141	90	66	399	171
392	304	552	136	79	64	392	145
349	306	585	176	95	69	376	154
337	308	605	180	108	64	293	163
331	359	633	188	105	54	273	157
315	386	673	198	106	59	300	154
292	365	652	220	123	65	284	150
309	344	687	197	108	56	275	145
290	353	675	196	98	59	372	146
304	296	623	196	107	62	397	164
291	275	607	194	103	58	393	174
319	288	652	190	88	48	402	187
339	317	570	177	92	58	426	196
354	299	568	169	88	56	362	187
379	314	671	191	87	61	351	187
373	302	643	179	86	63	316	183
363	309	575	157	80	64	302	168
410	287	714	175	85	62	275	164
406	282	697	196	91	63	276	156
391	306	626	175	91	57	259	135
421	309	635	193	94	56	284	130
451	276	691	206	98	60	293	139
381	280	586	193	90	53	311	134
359	281	566	187	82	51	292	153
360	264	576	200	79	53	292	168
336	252	626	210	81	59	291	189
269	296	586	200	74	56	316	183
430	287	575	200	74	65	338	181
437	283	570	181	72	66	339	184
437	247	545	163	63	66	337	173
451	258	461	136	65	61	351	150
456	232	429	153	70	62	366	170
324	241	446	195	77	56	350	164
327	229	542	197	86	63	342	145
315	256	523	191	87	64	338	148
267	251	594	191	84	62	316	155
257	242	616	196	89	70	286	138
383	256	631	174	86	75	382	168
383	301	604	180	79	66	381	169
419	334	667	244	117	71	423	164
431	356	618	250	121	74	421	173
464	388	648	236	116	65	451	200
371	392	652	237	118	59	368	175
402	387	691	252	122	60	377	185
380	348	653	204	99	50	334	197
383	333	701	201	98	47	367	190
396	300	696	199	103	51	372	170
469	299	686	184	100	47	352	194
461	304	661	167	96	51	340	193
469	327	671	161	85	59	398	177
472	314	596	148	76	58	413	180
440	339	616	141	74	54	385	184
351	328	614	156	70	55	383	193
369	308	586	151	67	57	380	192
394	312	587	144	61	51	369	209
398	312	636	152	64	55	325	202
415	298	625	176	57	57	294	218
449	313	604	202	72	61	308	211
463	308	605	196	75	63	330	202
441	309	586	195	77	60	292	194
464	314	616	190	77	60	297	200
504	335	575	175	80	62	311	187
492	324	669	130	75	61	321	168
503	325	671	151	80	60	319	171
499	328	662	169	89	62	318	160
529	335	613	173	90	61	298	166
505	314	662	176	95	59	329	155
484	321	610	214	110	58	329	153
440	315	566	223	121	61	313	194
422	278	578	230	122	64	307	210
347	276	647	267	123	63	333	207
396	273	671	276	126	64	314	245
417	241	626	257	116	62	297	258
442	342	676	252	102	56	299	229
460	377	736	255	106	57	318	230
494	388	717	217	102	61	306	231
429	389	720	235	97	62	300	180
421	415	748	236	95	70	304	154
390	365	732	226	99	71	360	157
383	349	692	222	99	69	330	133
355	327	665	252	125	72	322	120
352	334	707	241	130	74	313	163
326	306	689	224	127	65	375	159
297	275	654	229	134	68	343	156
286	261	603	210	124	65	338	160
298	297	652	183	109	71	359	165
314	284	595	156	101	69	389	154
316	290	586	159	103	70	399	153
326	295	629	154	98	72	406	165
356	293	676	166	113	72	408	166
346	282	652	155	104	58	380	160
403	306	670	180	108	64	434	135
459	322	671	193	107	63	386	156
458	340	658	186	94	63	359	170
505	376	680	172	80	65	413	185
506	365	653	176	80	68	459	184
449	371	552	147	72	62	376	192
422	380	643	161	76	63	353	183
429	395	647	173	80	58	366	164
343	388	609	182	78	60	347	145
307	388	606	181	84	61	315	146
326	361	658	199	85	61	342	162
351	376	571	197	90	64	366	162
387	393	546	190	89	62	403	154
381	376	536	190	88	63	383	165
398	369	576	197	79	58	379	181
418	360	557	191	77	61	421	157
392	320	588	241	78	60	410	159
405	332	590	255	78	57	376	161
439	382	574	249	77	57	358	160
468	413	586	272	85	57	361	153
441	428	686	277	106	59	287	149
416	423	725	234	119	67	281	161
398	428	787	235	122	70	253	181
361	376	869	247	127	68	274	179
382	359	823	223	127	71	256	176
386	354	719	264	120	62	266	183
408	354	654	252	98	50	268	170
426	311	603	247	97	50	268	166
424	310	495	238	92	46	267	163
417	325	534	267	91	44	279	160
421	320	535	219	82	51	270	166
452	327	651	227	93	56	265	194
395	307	710	217	90	57	260	181
397	303	709	222	97	62	269	183
345	306	671	190	91	64	291	179
330	304	679	207	100	73	304	171
281	295	660	191	88	73	330	146
295	292	616	222	93	75	330	151
341	284	624	223	93	75	360	140
355	255	707	210	93	73	344	168
328	229	702	192	84	62	322	162
302	236	608	205	94	61	283	171
305	232	621	167	85	58	325	167
246	263	699	149	73	53	282	172
208	257	653	146	79	54	280	155
241	364	674	128	84	62	303	189
253	358	704	117	74	60	304	178
289	381	664	130	79	60	302	182
327	382	672	190	100	63	315	180
373	401	659	200	104	62	319	171
381	341	653	205	96	52	341	161
376	341	650	195	95	51	345	157
337	313	661	194	98	52	323	164
324	294	549	159	80	50	308	180
354	258	591	173	78	48	356	192
352	238	568	174	87	49	318	171
406	266	533	181	91	57	332	184
433	253	538	184	87	56	323	186
420	262	566	180	95	64	377	182
387	293	475	180	98	63	317	186
383	271	541	189	95	62	360	195
349	255	550	185	97	56	348	180
321	277	483	177	100	55	374	171
362	279	529	165	93	52	302	160
398	253	545	162	88	53	299	153
391	250	469	144	81	55	249	143
376	244	477	152	77	56	352	147
371	264	574	194	85	55	346	143
352	241	496	210	90	55	388	158
305	247	505	220	94	56	378	153
318	256	554	224	100	58	439	146
340	258	566	215	99	53	388	146
364	249	611	175	90	58	367	158
351	300	621	158	88	51	371	146
314	295	642	134	82	50	458	138
297	332	681	131	80	53	399	143
272	330	642	135	79	58	381	144
239	320	616	140	72	54	385	161
222	301	635	151	76	56	447	158
231	330	604	140	74	60	365	153
245	323	572	140	69	55	363	177
239	328	622	177	78	58	348	203
313	322	564	192	85	60	390	184
330	307	609	188	78	58	316	195
351	281	694	201	74	56	309	201
393	254	682	207	79	61	320	190
403	243	676	179	72	53	323	165
358	236	671	158	70	49	314	174
352	276	592	167	72	52	274	199
329	294	565	154	72	50	333	197
381	329	518	154	66	42	348	186
401	337	487	144	60	43	431	196
408	341	598	167	71	45	398	184
443	322	641	159	75	44	387	139
453	304	576	180	78	50	361	159
381	257	584	185	81	50	340	213
357	279	557	198	91	58	279	209
350	279	419	191	90	55	297	210
301	267	415	198	89	55	303	224
293	268	404	180	87	50	286	227
312	259	445	165	85	50	272	200
300	221	467	149	76	48	247	191
308	207	508	133	67	53	243	191
315	197	595	112	61	49	252	175
304	193	603	129	67	46	256	151
249	194	597	135	81	49	256	122
313	241	639	155	86	45	230	137
299	257	677	163	87	49	337	148
287	252	600	186	87	51	335	155
293	243	676	173	92	51	346	160
353	253	644	201	89	47	372	163
329	207	604	194	89	44	395	153
329	211	543	186	87	40	371	168
343	236	533	163	85	39	398	179
344	258	460	154	75	42	375	173
277	259	533	143	66	43	353	179
244	270	539	140	76	46	327	174
264	247	528	138	79	42	236	142
245	221	525	154	88	43	222	114
245	262	547	173	98	43	226	119
325	274	465	154	100	44	227	125
