0	1	2	3	4	5	6	7
173	287	534	241	142	45	245	63
190	321	588	257	148	56	226	64
190	324	598	241	152	57	226	66
208	335	666	265	144	60	219	68
209	355	673	279	120	56	229	80
212	331	624	283	125	61	202	83
214	305	626	299	150	52	211	82
213	290	661	316	144	62	298	85
203	279	685	351	145	58	360	86
201	257	764	363	150	58	354	77
181	358	775	366	155	65	357	74
181	361	784	388	148	71	354	82
185	361	754	381	177	68	316	85
201	357	679	344	178	73	269	86
170	343	561	312	177	73	256	92
171	245	504	307	198	68	243	87
161	271	420	242	199	64	251	81
165	311	452	221	169	57	285	74
142	332	422	184	164	54	276	69
162	381	463	177	163	58	278	59
183	407	497	200	139	55	297	57
179	387	512	196	112	63	387	57
184	368	535	226	126	63	349	63
180	346	560	270	152	68	371	62
176	363	543	272	169	72	381	68
171	401	657	363	192	84	365	69
184	384	697	392	215	89	285	68
206	459	766	459	274	130	336	72
208	471	791	463	301	140	318	75
217	444	839	485	307	142	344	70
210	398	816	442	301	140	370	74
244	437	822	446	292	137	362	73
258	375	742	374	249	102	335	74
267	373	714	354	204	92	324	83
252	349	656	343	179	90	286	84
243	396	640	322	161	87	260	84
222	373	590	298	162	84	266	85
202	394	651	326	136	86	225	77
192	383	632	330	130	83	241	62
196	385	675	330	125	83	262	66
205	415	662	371	154	85	276	70
178	404	665	365	157	90	275	69
166	411	629	337	171	86	271	68
158	429	718	363	215	87	275	72
178	451	729	360	238	89	252	69
194	376	687	318	224	87	236	56
190	381	794	392	227	88	201	54
180	390	760	392	216	87	202	56
188	395	726	404	188	84	153	54
169	474	704	421	176	82	169	54
140	488	717	444	185	93	160	61
141	500	718	429	202	101	190	62
126	481	738	435	214	105	192	64
117	464	696	412	201	103	195	63
117	351	709	400	199	104	185	64
134	319	772	417	212	94	186	64
166	323	642	358	179	75	153	61
164	275	604	354	175	69	156	69
165	275	620	331	173	65	157	66
163	335	605	330	165	58	148	64
150	379	476	240	116	50	153	60
117	388	546	267	138	52	165	69
145	408	614	251	149	53	181	60
149	471	641	377	182	69	173	63
155	429	635	378	203	75	168	58
150	397	671	388	206	75	154	56
146	388	663	402	195	75	151	49
126	421	656	410	191	76	132	45
179	367	592	302	179	94	186	61
179	389	541	268	145	87	187	67
178	374	521	268	149	90	192	71
181	351	562	280	155	92	183	70
178	305	481	269	150	94	167	69
122	272	466	252	133	92	206	55
103	248	453	247	133	101	271	48
105	247	416	223	122	111	279	48
250	232	226	129	106	117	284	59
307	201	234	107	120	112	301	76
340	197	237	93	128	97	282	80
347	197	230	87	132	93	223	97
360	273	208	83	131	100	258	128
277	320	233	79	124	113	266	137
212	341	206	56	82	146	309	196
142	339	193	43	46	146	297	265
122	329	200	38	31	145	294	268
71	356	309	39	42	129	257	256
68	401	347	41	50	109	242	249
58	418	369	43	59	81	160	202
73	463	386	53	61	84	114	119
93	503	378	54	63	111	126	112
99	464	311	53	58	114	123	126
103	434	248	55	57	117	130	128
123	454	224	50	52	107	124	128
117	425	188	41	53	99	118	102
103	438	200	40	52	60	95	87
99	473	234	41	50	55	83	55
100	469	245	41	44	48	69	47
76	474	255	46	43	58	70	67
70	464	264	44	38	76	83	65
68	405	267	51	39	79	85	64
61	358	222	48	39	80	81	61
50	348	207	44	43	80	80	57
65	325	167	39	40	65	72	32
66	314	141	40	45	43	54	32
72	323	121	37	47	38	36	31
73	313	110	39	52	36	31	31
85	290	90	39	50	33	30	31
104	243	108	41	70	32	27	28
112	298	168	44	87	31	24	27
118	418	340	59	94	33	25	27
118	445	359	62	109	33	26	29
108	441	381	63	116	39	27	30
76	444	382	65	106	38	26	30
63	411	366	64	94	37	26	30
43	292	223	50	86	32	27	29
44	275	216	46	78	34	27	27
43	336	208	54	74	30	24	24
47	328	211	54	80	32	25	23
46	350	225	58	101	31	25	22
43	353	221	59	112	36	23	21
38	328	216	61	110	36	23	21
40	254	193	68	116	41	24	24
34	240	197	70	124	39	24	23
38	202	174	69	107	40	24	23
46	174	161	68	103	37	25	24
216	162	136	70	104	37	25	29
264	142	129	65	95	30	26	46
314	156	117	77	85	37	27	58
325	175	110	78	121	43	26	68
382	178	158	81	121	46	32	88
349	185	162	79	117	47	32	92
340	189	163	74	114	45	30	87
316	164	149	61	111	42	29	82
321	131	162	58	92	37	29	81
267	106	124	55	91	32	20	63
251	102	124	57	89	37	23	57
225	90	113	62	96	43	24	56
196	89	111	62	139	42	23	54
170	75	83	64	126	41	23	42
170	68	68	64	128	41	25	38
137	48	63	79	226	41	21	35
123	46	84	87	251	47	24	29
125	40	83	93	237	46	25	26
147	36	83	91	258	46	23	26
114	35	87	91	264	47	24	21
112	33	80	82	205	46	24	21
110	60	120	79	197	35	21	25
106	63	137	96	222	37	21	24
91	73	147	104	241	46	23	28
136	73	155	112	241	52	23	35
142	72	178	123	236	53	24	39
141	60	199	137	236	57	24	38
149	120	230	175	245	56	26	41
139	126	241	200	252	48	24	39
91	151	240	204	258	41	22	33
82	153	224	209	255	37	22	28
79	185	203	202	261	35	22	30
60	171	170	159	225	33	19	30
68	173	161	129	193	32	20	43
86	156	152	117	184	31	21	44
120	157	154	92	186	30	20	45
131	116	116	78	149	26	21	49
