0	1	2	3	4	5	6	7
312	296	543	122	66	50	186	103
345	271	550	139	78	53	171	109
362	229	622	138	89	61	259	106
372	245	695	158	95	58	267	123
348	258	708	159	103	58	281	131
372	314	714	135	98	59	301	138
371	332	768	150	114	59	316	131
359	328	797	168	124	63	240	133
301	327	756	154	132	66	242	122
290	324	695	160	129	65	271	115
295	298	726	166	132	65	255	116
269	330	647	146	113	64	239	115
261	338	610	158	99	58	229	105
263	396	702	167	79	53	222	97
266	404	728	166	83	54	168	107
236	390	769	185	97	56	156	108
247	383	788	209	111	63	228	103
270	383	739	182	117	60	231	98
276	325	729	189	125	60	229	90
270	342	783	199	156	69	282	75
278	333	773	192	156	68	324	66
253	290	750	164	174	68	339	74
213	311	795	179	173	63	352	73
230	333	726	191	193	68	353	91
267	377	769	178	166	61	317	96
258	382	649	171	163	60	312	105
265	417	707	206	135	53	300	105
278	420	789	211	138	67	315	115
258	406	791	240	125	77	334	113
212	412	791	274	210	91	354	117
230	432	801	273	212	92	393	108
265	446	829	290	216	94	369	109
279	443	747	307	213	87	353	115
282	488	774	278	208	86	409	118
286	482	786	245	133	72	403	116
274	461	829	276	148	71	362	131
272	451	747	248	151	74	362	155
282	477	745	242	165	79	357	148
290	433	699	251	173	79	293	138
340	452	651	265	195	83	304	134
347	462	577	233	187	87	309	133
338	478	735	224	181	83	309	104
313	462	723	207	175	81	307	99
293	444	724	193	167	90	298	109
291	366	637	246	159	111	389	118
274	365	697	263	154	120	401	111
316	371	612	269	158	120	416	147
321	342	635	291	161	123	492	150
353	387	704	316	204	121	505	146
313	385	764	292	207	102	441	144
311	372	728	316	217	95	412	154
280	372	736	306	217	101	409	129
288	406	755	282	210	94	351	126
257	353	819	331	194	88	325	141
254	383	910	335	208	86	291	144
255	445	897	307	202	80	323	124
212	433	841	325	204	75	301	121
186	417	811	363	213	87	308	139
168	424	711	301	204	81	308	128
149	392	660	312	178	83	326	116
156	318	668	306	204	88	278	128
139	318	685	308	217	101	354	131
128	393	707	264	211	96	368	122
141	412	740	254	192	94	367	115
153	455	616	212	175	90	364	117
142	467	652	221	140	84	366	122
171	466	791	244	156	77	302	148
176	468	748	255	148	77	243	145
176	471	722	278	157	84	262	146
249	497	729	322	177	89	292	198
296	492	767	319	178	103	420	208
326	463	640	282	148	106	474	206
345	403	655	290	159	106	487	209
369	377	641	275	159	107	524	214
338	302	630	209	155	107	567	167
306	306	598	212	175	104	523	148
272	298	571	257	181	107	468	124
255	270	533	248	195	116	468	115
216	285	558	237	189	109	448	104
188	275	551	244	181	108	407	107
198	288	469	231	166	101	380	102
207	359	502	187	155	87	414	93
198	373	580	175	148	77	483	88
215	394	502	172	150	82	478	93
214	419	557	190	163	81	440	97
189	402	553	261	192	76	426	101
168	340	515	280	207	92	409	104
207	317	453	286	212	106	542	121
222	290	465	307	222	118	557	132
222	290	532	317	216	119	577	127
222	287	544	259	179	123	580	127
223	348	589	343	212	123	569	119
181	360	613	354	245	113	356	102
135	363	697	349	247	98	355	98
146	346	605	343	254	96	368	106
159	378	623	347	254	90	366	111
165	320	554	310	228	82	394	114
235	448	500	281	191	108	459	114
292	500	377	291	287	175	587	124
295	508	348	315	451	201	777	117
311	512	365	412	547	210	894	149
321	526	420	380	553	211	927	153
297	443	458	393	548	200	921	188
279	391	568	492	538	171	855	187
295	365	569	474	415	144	710	199
272	338	598	419	299	136	622	172
265	315	564	421	341	143	553	174
255	291	598	419	368	140	563	143
231	273	548	300	334	123	642	127
208	320	569	306	328	117	660	113
214	343	519	304	330	111	608	107
203	334	526	335	378	110	668	105
185	348	458	332	368	110	691	97
170	405	403	326	351	108	655	111
196	382	504	369	433	143	691	114
191	368	512	378	461	163	729	127
190	397	525	345	401	161	685	122
185	406	612	353	402	161	693	129
173	363	633	351	401	161	673	121
186	387	560	311	351	137	637	127
223	475	587	308	347	123	624	117
239	546	709	327	404	138	710	116
298	568	682	343	459	174	751	111
313	586	643	364	504	278	922	131
329	570	666	436	698	358	1091	121
321	496	619	419	716	378	1114	124
310	402	467	388	674	373	1055	122
260	374	437	386	631	363	1033	114
272	349	461	378	645	289	888	91
237	333	383	268	405	191	766	105
220	336	353	244	339	173	763	95
220	345	315	243	331	180	775	96
216	326	284	186	321	200	782	140
192	309	235	121	195	323	843	135
161	335	244	185	157	324	726	121
147	339	308	198	118	317	735	124
145	340	314	215	107	350	922	156
149	360	255	219	102	349	984	237
134	385	261	217	99	254	976	329
134	379	268	150	81	255	983	446
134	377	196	117	60	254	959	473
158	370	182	78	78	203	786	468
173	333	187	73	79	253	634	425
171	292	171	77	115	255	571	441
176	262	127	77	120	277	681	350
180	226	108	73	116	289	652	337
152	193	103	69	102	286	623	342
110	155	76	56	110	227	598	338
104	228	105	44	85	225	526	225
85	289	134	41	81	198	292	177
89	359	139	60	114	164	213	133
130	392	139	77	126	159	210	97
166	419	140	91	120	146	188	88
210	412	126	92	114	112	188	80
242	400	93	95	113	76	173	77
256	376	93	84	79	69	170	62
242	373	98	72	68	64	164	57
225	360	112	57	97	63	159	54
210	321	124	77	117	47	133	44
197	350	191	81	134	39	103	39
178	428	269	91	142	41	95	95
180	429	303	92	140	42	92	135
172	426	309	97	125	41	91	190
137	432	330	85	123	38	76	212
114	555	367	91	112	43	66	297
103	493	339	91	114	38	58	323
78	526	444	109	124	42	54	318
93	565	571	150	153	48	44	294
96	571	599	156	154	51	55	307
91	447	627	165	162	50	68	358
91	485	644	178	162	53	68	359
104	444	584	177	160	55	78	377
102	544	609	143	132	105	86	426
107	587	620	137	125	190	86	517
99	600	599	118	113	206	78	458
101	568	591	145	141	211	89	452
88	574	607	146	147	210	81	434
77	465	475	146	146	190	74	384
70	421	412	149	158	106	63	215
62	417	341	155	159	75	60	164
59	435	313	138	135	58	40	93
61	512	371	145	139	54	36	70
57	479	357	160	146	52	29	58
49	458	360	156	129	52	26	46
54	427	386	159	138	56	25	40
55	491	419	139	153	62	25	32
56	440	339	126	157	65	24	34
58	466	344	109	155	65	26	34
57	479	336	122	176	64	24	29
54	469	309	116	194	57	23	29
48	360	243	114	188	55	22	28
45	286	192	107	179	54	24	23
45	232	150	102	176	50	25	22
71	190	139	119	169	59	26	24
152	157	132	115	145	61	32	35
160	151	154	122	169	65	32	38
187	128	148	130	182	67	35	43
296	141	144	132	194	77	198	86
301	140	134	115	184	68	217	94
272	145	132	135	179	67	218	90
277	131	114	124	145	59	221	91
275	139	114	127	123	57	223	90
194	128	127	133	122	45	113	53
205	135	128	134	140	47	71	41
204	129	123	112	151	45	65	40
195	127	108	108	151	45	56	36
171	114	95	91	143	41	42	32
120	91	67	84	157	37	31	27
66	54	67	85	146	39	28	24
71	43	77	95	129	34	26	24
109	38	76	98	133	36	27	26
137	43	75	100	139	38	26	27
142	85	98	101	134	39	27	27
143	86	112	123	131	40	26	26
145	88	105	130	134	41	26	28
113	88	123	128	129	40	26	26
77	88	122	127	121	38	24	25
65	48	103	121	84	35	23	25
62	45	82	80	63	30	22	25
43	42	78	49	51	27	21	23
45	41	72	45	74	25	21	22
41	35	87	45	78	25	22	22
42	39	121	53	78	27	23	21
40	38	123	53	80	27	22	20
36	37	125	53	79	28	24	21
32	35	115	52	56	29	23	20
33	35	107	47	47	27	22	21
33	27	67	38	42	24	20	22
37	27	60	37	38	26	19	22
54	28	102	37	38	25	18	22
52	34	109	40	39	27	18	24
51	36	107	46	49	27	19	22
51	41	118	51	55	29	21	21
49	43	123	50	58	28	22	23
31	45	93	52	58	27	21	24
32	43	107	52	80	25	21	22
32	41	108	49	88	26	20	23
30	36	98	45	83	25	21	24
26	33	96	42	84	24	20	20
25	30	95	48	91	26	22	19
24	28	69	53	79	26	24	21
24	31	70	52	66	24	24	19
25	32	67	52	70	22	22	19
26	32	62	56	69	22	23	21
24	36	113	50	60	20	22	21
23	35	116	45	49	20	21	20
24	33	115	43	47	20	22	22
23	33	122	43	43	21	23	23
24	33	131	41	35	20	22	22
