0	1	2	3	4	5	6	7
341	389	653	366	369	122	706	234
349	376	756	433	361	119	668	218
310	394	856	436	354	116	640	203
328	408	849	449	339	120	683	261
323	374	799	430	339	132	639	257
276	390	832	443	331	121	618	237
290	382	768	425	352	130	606	233
290	336	618	399	360	140	618	242
278	341	586	371	339	137	618	174
275	332	610	417	317	147	628	158
280	343	601	423	322	143	683	163
269	422	664	480	423	145	679	175
246	449	802	527	462	149	669	160
227	466	776	521	460	152	647	162
242	487	776	480	451	129	708	150
241	478	816	523	540	115	675	144
217	416	741	438	456	108	753	152
417	387	621	374	408	96	739	157
469	391	745	407	422	90	696	173
465	362	759	431	478	144	690	206
462	386	745	425	405	165	659	203
544	504	804	466	422	175	617	218
502	519	849	517	482	189	685	243
479	516	841	529	525	203	698	246
471	572	875	562	503	194	669	224
483	601	911	597	516	231	657	236
488	510	933	598	510	236	663	245
399	522	863	561	482	233	629	223
403	522	827	615	473	243	643	213
432	511	924	673	515	255	663	255
436	461	912	640	471	220	643	262
323	464	844	625	484	211	621	239
326	467	847	615	454	198	657	254
320	465	869	548	399	172	676	254
302	459	752	423	299	121	705	209
284	488	731	407	297	102	755	204
301	495	829	510	301	119	736	195
322	525	884	552	327	132	720	201
305	576	843	530	348	135	807	203
277	559	831	532	356	158	796	215
267	569	851	552	420	178	800	191
282	564	780	476	407	168	779	193
259	538	739	475	400	189	807	202
347	481	865	693	548	251	730	250
362	466	941	743	547	249	725	249
374	434	947	723	475	236	665	254
410	439	934	697	456	230	680	266
435	453	917	655	435	204	589	250
391	466	812	442	259	120	588	194
399	451	763	465	304	113	504	181
431	449	659	433	315	114	579	174
366	442	763	501	328	109	558	168
348	398	816	547	349	127	631	144
310	346	797	524	300	131	598	151
277	357	822	515	290	123	644	154
197	346	836	518	298	130	596	161
247	401	734	454	273	140	730	169
222	403	733	416	237	124	679	167
221	424	701	429	246	126	733	156
237	434	662	337	192	128	694	152
235	430	674	323	163	117	649	137
220	416	656	298	152	108	476	98
207	406	556	277	156	137	510	137
192	378	521	240	149	186	531	138
164	359	371	151	138	184	542	136
161	352	272	123	122	181	549	138
97	300	226	124	120	238	604	181
135	313	208	93	106	270	557	283
176	399	187	78	83	303	439	352
187	500	207	90	65	349	404	460
187	513	202	82	84	381	407	470
181	541	231	93	123	355	319	458
149	553	217	96	129	322	263	393
101	510	203	90	129	259	218	335
137	478	223	85	129	204	226	191
164	542	254	88	118	187	197	175
203	567	261	81	77	186	193	162
216	586	270	79	76	186	182	154
264	598	280	81	76	182	157	146
262	561	259	76	83	165	98	92
345	506	226	70	71	102	82	75
327	457	232	64	77	75	65	82
380	415	235	67	83	64	63	118
363	465	238	74	84	56	62	130
366	485	229	79	81	48	56	181
280	472	258	91	102	43	44	190
282	471	259	97	123	43	37	188
205	508	285	97	122	45	33	199
181	489	372	102	124	54	37	359
142	477	437	118	124	129	76	413
130	572	528	124	138	160	84	484
112	592	526	125	128	196	88	579
109	582	526	150	141	243	124	692
106	605	534	158	156	336	144	684
106	625	500	164	199	352	143	694
118	571	412	174	203	382	171	833
117	565	448	174	199	395	221	898
127	572	471	159	186	421	219	882
124	501	514	165	175	382	208	913
127	474	529	145	139	360	204	918
119	429	527	132	114	318	184	776
139	437	521	145	152	281	123	639
115	388	502	145	181	192	92	582
110	395	380	139	219	118	88	454
103	498	410	152	230	79	73	360
100	508	395	168	248	73	58	305
70	488	379	176	232	67	45	267
91	496	388	180	225	71	42	121
89	486	392	168	203	74	37	93
96	316	304	164	186	70	33	67
101	286	304	145	165	63	31	47
111	242	251	115	172	64	31	41
96	275	204	115	166	59	28	34
107	291	183	130	148	59	27	34
101	340	246	128	151	58	28	33
98	343	246	126	143	55	25	32
85	328	252	132	143	53	24	31
81	286	253	115	141	48	24	31
75	265	275	99	146	40	25	28
82	202	222	89	140	48	25	27
77	180	208	82	145	45	24	25
75	175	219	72	145	54	24	28
75	144	205	81	145	55	25	25
66	134	175	93	140	59	26	27
50	133	192	116	138	51	26	31
44	136	203	137	146	59	28	35
47	135	194	149	150	57	27	33
60	124	188	141	149	59	27	34
63	118	177	132	142	54	25	33
133	90	158	107	144	55	25	41
145	84	136	81	128	45	25	50
178	81	133	63	95	41	26	53
186	81	154	75	88	40	25	53
188	80	159	78	91	47	26	54
149	79	144	78	105	47	25	47
137	61	136	72	114	48	23	35
91	48	150	68	113	43	23	30
58	84	164	58	106	42	23	30
50	112	169	55	109	35	23	29
38	118	176	57	89	36	23	25
37	120	184	66	76	40	24	24
30	121	161	62	76	42	24	24
29	99	119	55	75	41	25	24
24	65	111	55	88	42	23	24
28	54	107	63	85	40	25	23
27	48	95	55	86	34	23	23
26	40	92	55	84	32	22	22
25	38	91	60	80	33	23	22
26	36	77	59	55	31	24	21
25	35	69	55	50	33	21	22
26	34	65	54	39	33	21	23
26	32	96	67	46	34	22	23
26	29	112	64	44	31	21	25
25	32	117	64	46	32	24	25
23	42	118	57	44	28	22	24
23	44	116	55	45	29	23	24
22	45	88	40	38	28	22	24
21	46	64	45	38	29	22	21
23	45	75	46	35	29	21	22
22	38	84	57	36	32	23	24
23	62	87	60	34	31	23	25
23	64	83	58	34	30	23	24
24	67	89	58	34	30	23	24
20	69	94	54	35	30	22	23
21	70	121	51	35	29	20	22
22	52	152	57	41	29	20	22
23	49	155	60	41	31	20	22
23	44	155	58	39	30	19	23
