0	1	2	3	4	5	6	7
44	25	27	23	23	65	39	211
37	29	28	23	23	66	32	196
37	29	28	22	23	67	31	199
35	28	27	21	23	70	34	214
36	27	26	25	23	43	45	222
35	27	26	23	22	40	44	231
36	27	24	25	21	37	45	227
36	31	24	26	22	37	46	199
39	32	24	27	23	31	43	170
37	32	28	24	23	25	31	142
38	32	28	26	23	28	29	179
37	30	28	25	24	28	31	184
36	29	29	25	25	28	30	186
32	29	31	25	23	29	31	186
31	30	29	24	22	28	31	204
35	28	29	24	21	26	32	157
32	27	29	25	19	26	33	170
33	23	27	24	18	26	35	171
36	25	28	23	22	27	36	268
36	24	27	25	23	27	39	278
31	26	27	25	22	28	40	285
29	25	26	25	25	29	42	277
37	26	26	24	25	30	41	313
35	22	24	24	24	30	45	238
34	24	23	24	24	32	42	201
35	24	23	25	27	30	39	224
36	27	23	24	25	26	36	226
27	27	26	26	26	25	37	209
28	29	24	26	25	24	31	200
25	27	26	27	27	22	28	189
26	26	26	26	26	23	32	176
40	30	31	25	27	25	33	197
40	30	30	23	27	23	33	185
40	30	31	23	26	26	33	191
46	30	31	23	23	28	38	207
47	31	33	26	23	33	42	194
39	28	30	26	22	34	41	222
42	29	32	26	23	35	41	331
42	30	31	27	22	34	41	343
37	30	32	25	24	35	37	337
38	29	29	23	24	29	32	362
34	26	28	23	24	28	33	345
29	26	24	23	23	31	33	235
29	26	25	25	24	30	37	217
36	27	22	25	24	29	39	247
32	28	25	23	23	29	36	223
32	29	25	24	23	29	36	225
37	31	30	26	25	26	34	216
36	34	29	24	25	30	33	213
33	32	31	26	25	33	33	259
36	32	31	27	25	32	35	269
36	33	31	28	26	32	35	268
32	29	29	25	24	33	35	284
32	26	30	25	25	29	37	322
31	25	28	28	24	30	39	285
30	23	27	26	24	31	40	264
30	21	29	27	23	33	45	254
32	23	26	26	22	35	50	248
31	26	24	26	22	34	48	240
29	26	27	22	21	31	46	221
29	27	26	23	20	31	44	220
36	28	24	22	21	29	39	211
37	27	26	24	22	29	36	245
41	25	26	25	23	29	35	217
41	27	26	24	22	31	34	216
43	31	29	25	24	33	35	223
41	32	29	24	25	35	40	247
39	34	27	24	25	34	38	200
40	34	27	23	24	33	36	198
39	36	31	25	25	33	38	187
38	31	28	25	23	30	40	237
39	30	25	25	22	33	39	234
40	29	27	27	21	34	38	235
37	31	28	27	21	35	37	267
37	27	23	26	21	32	37	274
35	26	24	24	21	33	33	238
32	28	26	27	21	32	33	216
30	28	24	24	23	30	35	210
29	28	25	26	23	29	38	152
30	28	24	27	24	31	39	177
30	31	24	28	23	33	45	176
29	30	25	25	22	29	43	180
30	30	26	28	22	32	43	217
30	28	25	28	21	34	42	233
27	37	25	26	20	34	47	214
29	46	26	27	22	36	44	201
32	59	25	26	21	35	44	215
39	63	25	27	22	35	41	198
40	68	26	24	22	34	41	207
40	67	26	27	25	31	36	194
42	92	27	26	23	31	34	215
39	114	28	28	24	32	34	197
34	119	29	25	24	29	32	208
33	118	28	24	23	28	32	195
34	119	29	24	21	29	34	214
30	97	28	25	22	28	37	186
30	66	29	24	23	28	37	186
30	167	29	27	24	26	38	149
61	170	30	28	24	27	38	232
85	239	31	28	25	29	42	270
106	263	34	30	24	29	38	279
118	274	39	30	24	29	39	281
128	234	37	27	22	34	42	287
122	242	37	27	24	36	48	244
110	177	36	26	23	36	44	184
98	199	37	26	24	35	44	191
89	194	31	25	24	34	43	188
77	196	33	31	27	36	46	186
70	197	38	32	25	35	42	186
71	204	38	31	26	34	41	186
69	163	36	30	25	32	39	169
71	155	36	31	25	33	37	178
70	157	36	28	24	29	31	177
87	165	29	29	25	33	32	189
90	184	32	30	25	34	33	199
90	173	34	30	25	34	35	199
107	201	37	30	27	35	36	205
146	212	38	31	26	32	35	202
155	242	47	34	29	30	37	167
164	232	49	37	32	31	39	222
186	321	48	36	31	35	44	232
210	331	52	39	33	36	46	274
189	327	53	41	33	35	45	278
197	313	48	37	33	33	40	270
211	328	43	34	30	31	37	217
204	301	42	36	31	29	37	227
174	299	36	32	28	30	37	164
177	303	33	29	28	29	37	171
156	297	33	30	27	32	39	184
124	287	33	29	27	31	40	178
109	252	35	29	28	31	38	174
107	249	33	29	28	28	38	192
103	274	38	30	31	29	37	194
109	339	41	36	32	29	41	220
121	347	44	39	34	30	41	220
117	339	44	38	32	29	42	218
125	349	46	38	31	31	41	225
138	343	42	38	28	34	44	214
143	293	38	33	26	32	43	213
155	320	34	29	23	31	46	250
160	321	34	30	25	30	43	356
163	293	35	30	27	31	45	369
149	290	34	30	28	30	43	401
164	273	35	27	28	34	43	390
145	225	35	27	30	37	42	418
140	225	33	25	29	37	45	353
130	228	30	27	28	37	48	332
128	189	31	27	27	37	48	345
92	195	32	31	26	35	57	440
94	220	34	30	25	34	61	526
102	243	37	33	25	34	58	524
102	248	37	32	25	31	56	541
106	254	36	37	26	30	61	583
116	245	34	34	26	31	53	514
118	212	32	32	25	30	45	393
134	173	33	32	29	32	64	379
133	190	32	30	29	33	67	386
135	210	33	25	28	32	61	283
130	208	34	26	29	31	60	299
125	224	39	29	30	29	65	309
95	246	35	27	26	28	50	342
101	214	35	26	28	30	45	368
97	200	35	28	29	34	50	368
93	233	35	30	26	32	48	367
107	224	30	28	26	33	46	472
109	222	29	30	28	32	45	462
116	231	28	31	30	26	48	449
111	224	29	29	30	24	48	520
115	211	30	28	31	27	49	533
126	208	36	31	33	30	53	477
127	182	36	31	32	34	59	477
122	217	39	31	28	34	61	521
125	249	37	30	28	33	59	445
118	247	37	30	29	30	61	487
98	263	34	30	27	27	57	518
95	264	33	28	25	28	56	504
81	230	34	29	28	31	54	460
84	209	37	31	26	31	52	483
90	188	35	30	24	36	63	494
86	180	33	27	24	37	60	408
86	174	34	27	23	36	55	413
95	182	32	26	23	34	55	407
91	168	29	24	24	34	56	385
78	165	31	24	23	33	42	296
79	140	32	26	24	33	43	298
81	153	31	27	24	33	46	354
73	146	30	28	24	33	43	325
71	139	33	28	25	32	44	346
81	156	30	28	24	29	47	336
89	167	29	27	25	28	49	367
100	158	30	25	26	27	50	325
97	151	30	24	25	27	54	311
100	154	27	23	27	27	53	270
92	132	27	22	28	26	48	279
80	121	27	25	26	28	47	234
59	127	25	25	25	29	45	344
55	138	27	26	26	31	41	348
57	133	27	28	23	30	40	357
55	134	26	27	24	30	41	360
55	126	27	24	23	32	47	365
61	121	27	24	23	30	46	231
67	114	30	27	24	29	50	300
64	116	29	25	23	29	49	306
69	117	30	26	26	29	49	298
71	128	32	27	26	30	45	294
65	119	30	27	25	30	43	375
61	112	28	23	25	30	39	330
54	104	29	25	25	31	39	321
52	102	32	26	22	31	42	331
57	113	30	26	21	31	40	356
65	107	32	26	22	32	42	287
64	125	30	28	21	32	45	309
89	140	31	27	22	32	47	305
86	141	27	26	23	31	46	311
81	127	31	26	25	25	45	295
76	128	35	26	24	30	43	278
75	117	35	23	25	28	40	236
50	116	34	24	25	27	39	314
58	123	35	23	23	31	36	313
71	123	32	23	22	34	41	292
81	143	29	25	24	32	41	290
83	140	29	27	24	32	40	292
84	124	30	30	25	33	37	380
78	113	29	30	25	33	39	361
72	117	29	30	25	31	40	360
66	91	26	28	26	30	42	379
68	112	27	27	26	31	46	386
65	111	24	25	26	32	47	229
66	112	27	24	25	28	43	302
72	103	29	24	25	27	39	313
69	96	29	23	23	28	36	315
66	71	29	22	23	29	32	325
74	70	31	25	23	29	39	321
80	69	29	26	23	31	42	248
75	90	27	26	25	34	42	336
71	91	29	28	24	35	44	343
70	87	28	28	23	31	45	329
67	94	25	25	25	31	40	345
59	99	24	25	25	28	39	345
53	104	27	26	25	25	39	294
58	107	26	25	23	25	45	396
62	109	27	25	24	30	42	393
55	103	30	24	20	28	42	382
57	121	33	27	23	31	49	388
57	101	31	27	22	32	49	360
59	102	30	26	25	31	41	202
55	102	31	26	26	28	43	223
53	107	29	26	27	29	46	214
60	93	28	24	26	28	38	220
67	91	27	22	27	31	40	270
61	91	30	24	27	29	44	346
64	102	28	23	27	29	44	343
78	115	30	24	27	29	40	342
74	109	28	23	26	32	43	342
65	108	28	26	25	31	41	301
68	110	25	24	22	31	38	235
72	125	28	27	22	31	40	214
59	112	26	28	22	30	42	225
59	108	30	29	21	25	39	254
64	109	34	29	20	28	41	287
62	123	37	32	21	30	44	360
54	96	40	30	17	30	42	359
61	93	46	32	23	36	45	364
60	93	49	32	26	36	46	332
57	93	48	30	28	35	45	307
55	107	47	28	29	37	43	193
67	110	43	28	30	36	44	256
60	112	35	28	26	33	39	263
66	116	27	26	26	31	40	276
69	113	23	28	24	31	38	287
75	104	21	27	24	30	38	299
68	105	20	27	24	30	38	255
68	107	21	27	25	28	42	312
63	100	19	26	23	32	41	301
74	100	21	25	25	29	43	301
70	93	20	24	24	29	45	296
68	87	25	23	24	29	47	292
70	84	27	22	23	29	47	235
70	86	28	24	25	28	46	245
55	84	29	25	22	29	46	340
59	94	31	25	26	29	48	334
63	99	34	29	32	33	47	355
71	114	33	28	34	35	52	341
68	115	36	28	31	33	52	354
76	116	36	28	33	33	51	287
72	90	34	27	30	33	48	288
75	115	29	26	22	28	51	282
69	104	29	26	20	29	45	282
71	107	29	28	21	32	47	378
62	109	29	30	21	31	46	374
62	118	29	32	20	32	46	380
55	124	33	30	20	34	42	465
51	122	33	32	23	34	47	478
49	117	49	30	23	42	43	411
51	115	54	28	22	42	43	413
53	105	92	31	22	49	45	465
51	59	110	31	24	51	61	385
50	63	121	33	20	67	62	368
49	69	146	36	21	71	65	418
47	73	200	39	26	102	65	401
43	76	199	37	31	142	69	326
47	103	210	39	35	160	62	413
62	222	322	46	39	159	68	421
84	332	380	60	43	224	75	417
88	438	432	62	42	230	83	472
99	547	504	68	45	217	87	500
100	620	509	67	42	214	83	476
109	621	456	62	40	213	77	518
102	617	419	51	38	146	70	475
108	570	343	46	37	119	60	426
101	515	221	38	29	102	49	396
101	428	192	37	28	80	45	367
87	382	164	36	29	73	42	326
87	303	114	31	24	57	37	310
76	265	103	31	25	73	45	380
75	171	87	31	23	80	54	397
76	165	80	33	26	87	54	362
73	159	75	33	26	91	58	334
63	154	64	33	31	94	62	363
61	140	61	32	32	79	57	364
59	110	55	29	34	71	48	350
51	79	54	28	34	61	47	377
58	62	46	25	34	58	45	429
56	56	36	23	31	52	40	417
56	49	27	22	31	67	36	412
