0	1	2	3	4	5	6	7
64	73	38	29	30	289	100	77
50	74	39	28	30	281	92	102
53	69	41	27	29	304	94	86
52	70	37	29	34	372	86	82
65	81	37	27	34	351	94	85
65	79	32	29	33	353	100	81
68	80	36	29	33	354	97	54
68	77	37	31	33	352	95	52
64	83	36	29	33	247	96	51
64	81	36	27	31	246	85	47
63	73	34	28	32	232	76	47
62	78	29	28	32	217	55	74
71	90	28	29	33	205	89	97
72	87	27	29	30	328	93	102
65	81	34	34	29	413	93	102
62	77	33	33	29	444	95	104
68	68	37	36	30	497	102	83
61	66	36	37	28	506	82	53
62	74	38	38	30	442	80	49
60	74	31	34	31	355	98	98
61	80	34	36	32	334	98	101
55	83	35	34	31	264	89	103
53	75	37	34	32	271	80	105
51	66	40	36	28	262	91	105
47	73	50	38	27	298	73	60
57	73	52	37	29	357	70	80
54	73	48	38	30	363	90	86
60	82	49	39	29	356	91	84
66	80	45	36	30	388	82	104
70	77	38	36	30	452	97	105
63	76	36	37	28	424	105	86
64	74	38	36	30	429	92	80
56	69	37	36	30	444	90	80
55	71	36	36	29	442	92	48
52	68	33	35	29	389	92	44
57	67	33	35	28	413	88	46
58	67	33	36	28	407	86	46
57	59	35	34	30	390	90	83
56	76	39	35	31	373	101	84
55	75	39	35	33	346	85	86
58	78	39	33	35	274	101	84
61	76	39	33	34	278	102	83
64	109	38	30	33	287	103	43
62	102	34	30	34	274	92	38
71	104	33	29	31	275	96	47
63	100	33	29	30	288	86	46
71	104	56	30	31	283	89	83
76	94	63	31	34	286	100	86
74	97	64	31	32	278	100	90
69	96	63	28	33	288	96	91
68	101	63	27	32	276	95	96
65	105	44	29	32	297	96	68
56	86	32	27	31	277	90	70
62	86	29	29	31	292	98	69
64	90	30	33	32	279	103	63
72	92	28	35	34	277	94	56
63	85	28	32	32	235	88	52
70	92	30	32	31	235	94	45
66	83	31	35	31	236	91	39
62	83	31	33	28	208	92	36
56	74	31	33	28	219	97	32
57	73	32	36	29	231	100	30
52	57	30	36	27	219	88	30
53	63	33	32	26	205	92	31
50	60	32	32	28	201	101	30
50	61	32	31	31	195	95	28
60	65	36	30	31	198	91	29
58	75	38	32	30	229	98	26
56	74	37	34	34	234	104	23
58	70	38	36	34	219	93	23
65	70	38	38	34	270	97	23
61	63	35	39	36	310	107	24
62	54	35	40	36	309	108	27
64	68	41	40	33	317	112	28
70	68	44	37	32	323	114	25
69	68	47	37	29	327	118	26
69	70	50	38	26	289	126	26
68	80	53	35	27	277	122	35
70	68	52	34	27	265	102	37
66	71	56	35	26	303	99	38
63	81	57	34	23	257	111	38
61	85	57	31	25	248	91	36
65	79	59	31	23	292	91	25
64	81	59	31	24	304	86	23
70	86	61	31	35	280	93	27
70	89	58	30	39	291	88	42
67	104	54	30	39	285	103	54
62	109	50	29	42	265	104	61
57	108	50	29	43	262	105	75
52	115	46	32	39	287	106	79
47	117	47	32	37	265	107	76
52	104	51	34	35	270	91	69
60	100	49	37	34	239	89	64
67	106	48	40	33	245	87	46
72	91	46	39	29	189	89	39
74	88	54	42	26	235	72	30
74	94	50	43	26	277	75	29
69	87	51	42	30	292	78	28
75	80	50	38	28	278	82	43
68	91	47	38	31	284	101	46
69	77	37	35	34	260	103	45
69	77	38	33	34	245	102	45
67	81	43	34	30	224	101	47
57	84	51	36	38	253	113	37
70	89	50	36	36	254	90	46
65	95	48	36	36	240	92	53
62	99	49	33	36	224	97	65
64	104	47	30	36	232	98	70
59	115	41	28	33	201	111	75
53	114	41	27	35	193	113	78
56	111	50	28	34	218	109	73
59	100	47	32	37	208	104	63
63	103	46	34	38	221	113	56
70	85	43	34	34	222	81	47
70	74	42	33	32	227	86	29
73	75	35	33	33	240	91	29
74	82	35	31	30	228	90	28
76	70	31	30	29	231	99	29
73	72	31	32	31	221	102	31
68	68	32	34	31	255	96	30
63	80	32	34	27	260	106	29
60	72	33	32	26	260	120	29
59	74	31	33	25	237	107	28
54	72	32	32	25	266	110	27
60	85	35	31	26	250	115	27
58	77	34	30	29	211	118	36
59	78	36	31	30	257	107	36
60	73	39	29	31	253	107	37
63	92	40	31	32	243	105	36
66	82	35	31	29	216	106	36
68	80	37	31	29	218	86	28
69	79	39	30	32	235	87	30
70	80	37	31	32	241	81	27
70	61	36	30	31	222	88	30
66	71	37	30	33	244	96	29
68	68	37	31	34	252	96	28
70	82	34	31	32	227	90	25
61	81	36	30	30	218	91	25
56	93	36	27	30	222	79	23
59	86	36	26	30	223	73	43
62	96	35	29	28	246	73	43
57	84	35	29	30	205	74	44
57	87	32	32	32	273	71	46
57	72	35	32	34	287	76	48
77	77	34	32	34	287	73	31
72	71	34	28	33	276	85	32
72	71	32	28	30	275	90	30
73	69	34	27	30	240	90	28
81	84	34	27	27	236	89	25
62	77	36	30	26	252	78	35
66	82	37	29	27	244	91	35
68	78	37	27	26	252	86	37
72	88	35	27	24	219	105	38
75	77	35	29	26	247	103	37
71	78	40	28	24	221	114	28
75	73	39	30	27	224	95	27
77	78	40	31	28	217	95	25
82	68	43	31	30	263	75	26
72	67	41	31	31	229	83	29
71	65	38	31	31	216	79	28
65	83	37	29	29	197	76	30
63	85	36	28	28	210	80	31
61	83	34	27	29	202	81	29
58	80	34	23	26	188	71	28
59	80	30	25	26	200	54	29
55	62	33	29	26	237	76	26
55	66	35	28	28	239	79	24
46	72	34	30	25	199	98	27
50	74	32	32	25	209	103	25
52	89	33	32	26	201	102	28
54	100	32	34	26	160	86	29
48	96	30	34	26	157	94	31
46	92	31	36	25	146	80	28
44	92	33	38	25	158	73	29
44	79	42	38	24	178	75	27
42	56	43	36	26	243	77	25
52	56	44	36	24	234	59	26
56	79	45	35	27	268	48	26
59	82	47	35	25	321	66	26
57	82	41	35	26	318	65	41
60	82	39	36	29	278	63	43
56	86	38	37	30	284	63	45
58	69	35	35	28	273	71	44
53	64	32	35	31	220	78	45
58	63	34	31	30	208	83	33
63	71	32	28	26	196	87	31
65	63	33	25	26	247	90	40
59	57	34	28	27	248	84	41
59	62	31	26	27	232	94	42
59	66	30	30	27	248	103	42
62	55	31	31	30	260	99	42
58	69	31	31	30	213	97	31
58	73	32	32	28	206	98	31
58	72	32	31	27	222	88	27
73	67	32	32	26	231	82	30
65	68	33	31	24	224	83	43
70	60	40	34	25	222	83	42
70	57	38	33	26	204	81	44
86	64	40	34	28	230	77	44
78	63	38	32	31	273	75	42
79	69	36	31	30	289	78	31
79	69	30	28	29	290	88	33
83	69	31	30	33	292	99	30
77	59	28	29	29	248	88	30
72	67	28	27	30	182	81	44
72	63	33	29	30	207	79	44
73	66	32	29	30	213	72	45
71	73	33	28	28	212	79	45
66	74	36	25	29	237	78	44
61	80	36	28	28	227	79	30
63	82	35	29	29	236	80	28
65	85	38	31	30	275	96	25
62	78	37	33	30	281	84	34
56	84	34	34	33	260	99	35
59	72	35	33	33	281	102	36
55	68	33	33	33	232	100	36
51	90	29	31	33	172	97	36
56	105	28	31	31	163	94	31
62	100	30	31	32	167	84	31
64	107	29	33	30	228	93	30
64	108	30	32	29	249	106	44
66	90	30	34	30	285	92	45
61	81	30	31	28	288	91	44
60	80	29	32	24	297	83	44
68	78	32	30	27	274	77	44
69	82	33	31	27	263	83	29
68	69	34	30	27	222	86	31
69	65	38	33	28	225	90	30
69	77	42	32	30	248	91	30
57	71	41	31	27	206	82	41
57	68	39	27	28	196	75	40
55	70	41	29	27	186	71	39
52	67	39	29	25	188	82	39
51	63	36	28	22	182	85	40
50	67	37	31	24	202	86	29
53	70	37	32	24	211	72	30
58	72	34	28	24	222	70	28
57	82	34	29	26	228	78	29
58	83	35	28	26	199	76	28
58	80	36	28	27	192	75	26
55	83	34	26	26	185	74	26
53	83	34	27	25	175	75	26
55	68	33	25	26	165	47	21
51	57	32	25	25	163	42	20
55	68	32	24	25	130	41	20
50	58	33	27	23	120	40	19
48	59	38	30	28	175	36	21
52	62	36	32	25	178	27	23
53	74	35	36	26	197	60	25
63	68	34	37	26	202	65	35
65	66	37	36	26	205	67	37
61	64	34	34	26	156	67	35
57	63	39	33	28	129	67	36
55	49	49	29	28	78	37	35
40	43	89	28	30	54	28	28
44	97	118	31	31	39	26	27
47	123	201	39	33	34	26	30
68	177	277	45	35	34	27	29
79	207	345	48	36	32	27	29
80	242	387	48	36	31	27	26
80	253	437	50	36	30	27	26
80	253	433	45	33	25	26	26
66	248	440	46	35	25	27	31
59	287	423	50	36	26	27	31
58	267	424	52	37	27	27	32
61	252	403	54	38	29	26	32
67	252	428	59	39	31	28	31
72	341	475	60	35	31	26	26
68	337	482	58	34	28	27	27
69	384	463	55	31	29	26	27
66	401	445	53	30	27	24	27
58	401	403	49	28	25	24	27
52	334	307	40	29	28	25	29
53	303	336	39	29	29	23	30
55	248	315	39	28	27	24	28
52	230	346	41	29	30	27	28
52	218	351	37	28	29	29	34
67	191	333	36	27	32	83	47
84	184	249	34	28	32	87	46
82	165	251	34	27	33	88	46
83	137	224	30	26	32	106	47
83	139	207	32	26	34	136	49
69	130	216	33	25	28	114	34
46	114	236	37	23	28	112	33
42	133	235	37	24	53	113	35
41	218	304	40	27	59	95	32
41	228	385	41	30	61	41	23
43	259	454	46	30	62	37	26
43	265	455	45	31	62	33	27
55	266	465	48	33	44	30	27
55	253	401	46	32	35	29	31
56	261	323	47	30	32	29	32
57	233	199	41	30	28	26	30
55	226	159	39	32	28	24	28
46	217	107	35	30	26	39	27
48	160	88	32	29	25	68	24
52	132	81	28	28	26	97	33
54	123	75	29	29	25	102	34
54	116	73	29	24	26	106	34
55	109	100	32	26	25	113	35
56	101	151	37	26	23	141	46
58	140	213	38	28	26	163	50
53	140	244	41	26	27	177	51
57	141	302	49	32	30	182	55
53	139	329	50	32	30	178	55
50	143	362	48	34	32	151	49
69	100	362	60	36	29	109	45
72	103	417	61	36	45	82	44
78	101	410	71	39	172	67	41
87	148	437	73	39	187	62	42
94	172	424	73	38	191	55	40
78	176	453	67	39	209	50	36
76	175	396	65	41	213	46	34
73	176	411	48	39	139	43	34
77	146	360	46	38	121	39	32
74	122	400	47	45	237	49	52
87	147	338	43	56	255	54	234
136	287	332	51	60	346	72	398
139	294	312	49	57	354	72	414
137	298	317	47	60	358	72	419
134	305	232	46	54	296	67	421
126	293	235	46	47	269	64	356
74	157	228	67	56	128	46	159
67	142	165	112	57	179	44	126
57	123	141	115	69	202	47	131
70	100	116	125	88	197	46	140
71	100	88	127	92	202	43	149
66	86	92	118	87	200	45	144
75	129	109	80	88	181	68	145
77	133	142	101	83	211	76	157
62	128	167	110	62	232	76	146
63	124	220	112	53	264	83	154
72	139	248	109	45	281	88	167
61	100	253	109	45	258	86	161
56	96	244	92	37	241	128	140
59	97	248	64	36	243	131	138
55	97	215	58	38	214	132	120
45	76	188	56	38	201	137	117
44	63	182	51	34	288	133	146
43	57	174	41	33	291	103	142
40	60	164	39	32	280	105	178
35	63	161	36	27	275	98	185
47	66	157	41	32	353	95	187
48	67	150	38	31	292	92	244
50	71	148	36	29	279	73	251
55	75	117	36	29	278	67	228
57	74	123	39	32	327	68	220
49	74	122	33	27	267	60	272
58	92	114	37	28	290	74	261
63	97	118	37	28	340	79	258
66	86	116	37	29	412	80	286
64	85	85	36	28	402	100	290
68	90	93	40	31	506	110	263
61	98	95	36	31	523	105	236
69	142	92	42	46	515	152	253
93	190	113	54	51	597	208	361
151	192	128	61	60	738	283	414
176	232	138	72	76	877	399	433
181	243	167	79	81	889	482	433
189	242	179	83	83	926	509	423
177	209	194	76	83	884	498	316
136	217	216	71	78	845	466	255
100	176	247	58	65	648	377	212
90	157	259	48	60	663	279	186
67	130	267	42	50	654	222	212
68	137	304	42	48	613	223	206
72	139	296	41	54	518	230	206
73	134	286	45	53	500	237	193
71	125	290	45	51	441	223	184
65	111	312	44	51	346	202	147
61	100	310	43	50	358	189	154
46	76	339	42	47	419	163	182
51	72	348	42	45	424	147	203
50	66	332	45	45	412	140	208
52	65	314	45	45	456	140	230
51	61	296	52	46	448	218	281
75	89	260	55	44	361	297	379
77	99	234	53	42	359	317	407
77	109	250	49	43	348	323	411
78	111	254	50	43	287	323	403
81	113	231	44	40	280	308	386
61	90	244	43	37	317	237	412
58	89	258	41	38	288	235	390
64	79	258	45	35	284	225	433
69	80	254	44	40	263	222	442
73	106	256	42	38	230	164	431
77	136	273	43	37	126	147	299
78	150	262	43	36	96	68	274
78	151	246	38	38	79	59	228
90	164	265	37	30	67	52	206
95	158	255	41	35	54	41	197
106	157	225	54	43	48	43	180
104	142	210	70	48	45	40	172
106	149	220	73	48	38	59	109
117	175	181	74	50	39	71	96
111	191	202	73	48	42	89	77
98	226	191	61	39	39	91	61
100	239	190	45	33	39	95	97
99	252	179	45	32	39	89	89
70	227	168	48	30	38	80	89
75	208	129	52	30	35	63	91
79	151	125	53	30	33	68	93
78	132	149	52	31	32	66	50
84	98	136	49	34	33	77	50
96	107	134	48	34	32	77	44
93	112	135	40	36	51	150	219
85	127	156	44	34	102	317	410
87	145	123	46	35	118	344	436
84	161	172	47	35	123	352	445
66	161	206	49	35	129	364	448
85	178	220	52	38	127	385	396
90	171	212	52	41	127	415	225
93	156	237	54	41	119	413	241
92	177	203	76	43	116	409	232
94	186	178	76	43	111	404	226
91	166	161	76	39	110	382	227
109	171	160	76	40	75	241	204
109	200	171	76	40	69	256	167
113	432	199	56	37	72	293	181
119	674	218	55	38	81	299	192
117	693	241	53	39	87	317	214
100	710	248	55	37	80	302	257
104	708	248	54	35	77	268	233
99	588	243	57	33	70	230	219
91	297	236	56	31	57	212	212
77	455	221	57	29	41	140	186
78	673	211	51	30	36	122	107
64	682	207	51	33	32	105	86
72	683	264	47	33	37	72	118
69	676	259	46	32	38	73	115
70	562	250	41	33	35	66	111
65	205	251	43	31	34	55	109
74	156	243	43	26	40	93	114
94	150	186	40	23	37	96	139
93	136	226	40	27	47	111	164
95	126	232	44	30	49	110	169
96	126	229	41	32	49	114	172
88	117	218	41	32	44	84	172
92	109	222	42	39	46	79	121
104	95	232	43	36	34	58	93
112	100	253	42	35	42	97	181
113	104	251	41	34	44	95	194
116	92	244	39	34	44	95	195
84	84	227	36	29	41	92	197
71	80	161	33	29	41	93	193
58	79	108	31	26	29	57	140
79	84	111	30	28	34	60	119
80	90	110	30	26	36	62	111
83	89	88	30	26	38	62	106
81	91	100	29	28	38	62	101
78	88	105	29	27	39	71	46
56	86	102	32	28	36	84	76
49	83	131	31	30	49	161	103
50	91	143	33	28	59	187	109
50	94	133	34	27	61	203	113
49	93	147	33	29	63	202	113
43	92	156	37	29	68	215	98
76	95	160	38	27	59	166	97
79	85	166	40	29	50	140	96
78	82	190	40	28	58	193	111
81	82	180	44	26	61	205	112
84	78	175	40	25	54	186	117
66	73	164	39	26	53	186	96
63	81	155	37	24	52	190	92
68	79	126	37	25	42	136	106
69	84	129	33	25	39	127	144
64	83	143	34	25	41	128	144
52	84	150	35	24	40	131	145
50	88	155	33	26	38	124	150
45	84	159	34	24	37	103	146
43	78	165	38	24	34	89	109
45	84	165	39	25	34	94	128
57	89	190	43	26	38	121	128
61	91	219	47	25	38	124	138
61	92	221	46	26	37	117	156
56	86	216	44	26	37	116	163
57	80	206	43	28	38	112	149
53	82	182	38	27	34	75	150
55	72	140	35	28	36	61	136
53	75	137	35	30	36	64	116
58	78	132	34	30	40	66	105
60	79	136	34	27	38	62	115
53	76	109	35	27	41	59	114
49	69	99	32	25	41	64	112
56	82	94	28	22	42	69	110
53	86	104	31	23	37	64	114
58	103	125	28	25	39	69	145
60	115	133	31	24	41	88	163
63	124	135	30	26	41	90	171
58	124	140	34	27	45	102	156
58	125	144	33	28	45	107	155
52	120	131	33	27	41	103	118
51	115	124	31	27	37	88	116
46	109	119	33	26	37	85	107
53	102	127	35	28	28	60	120
52	104	121	39	26	33	69	154
49	93	116	39	26	34	72	158
49	85	125	39	27	33	77	146
48	90	123	37	26	32	74	150
46	91	124	36	23	32	73	144
48	108	130	30	24	27	62	162
47	107	129	31	24	32	69	182
46	106	125	34	23	33	65	183
46	118	136	36	27	32	67	191
39	119	121	33	27	32	66	190
40	96	109	35	28	34	65	176
40	104	113	35	27	38	72	168
52	116	107	36	28	44	77	191
51	110	103	35	25	46	88	217
50	109	105	36	25	49	95	264
50	110	107	36	27	49	94	286
56	129	109	36	30	52	89	283
54	127	110	35	28	55	97	280
55	118	97	34	30	55	98	254
60	125	93	34	31	52	92	204
63	142	131	39	32	51	90	153
57	120	139	40	29	41	86	173
55	110	136	38	30	30	81	153
55	120	137	39	28	33	67	152
52	112	151	36	27	33	70	162
44	93	149	30	24	32	69	150
51	111	143	29	24	31	61	100
44	110	147	30	24	31	42	127
47	100	163	29	25	22	50	128
46	97	154	168	25	22	47	120
52	95	142	255	24	24	45	128
47	76	132	377	24	25	120	130
49	80	136	391	24	26	124	96
44	74	122	392	23	26	121	115
44	76	128	356	22	25	122	111
40	74	118	308	27	28	123	110
41	71	141	156	28	30	68	122
41	76	142	127	28	31	66	155
48	75	139	126	30	33	83	160
51	76	137	130	31	32	85	175
50	94	136	116	27	33	86	192
46	96	122	81	30	31	75	192
52	93	111	63	31	29	70	167
48	98	106	57	29	26	59	178
45	123	121	41	28	29	73	175
45	116	124	32	31	28	72	151
46	114	119	27	29	30	73	159
40	131	123	27	28	30	74	159
34	127	127	26	29	32	70	139
35	114	112	26	29	29	56	147
37	118	95	30	27	27	56	148
37	118	95	32	25	31	56	133
35	94	93	32	28	35	58	150
40	97	102	38	28	35	67	155
43	83	96	38	27	34	63	131
42	72	96	40	29	34	60	164
41	78	95	46	30	28	61	162
44	80	97	44	26	23	60	153
49	100	91	42	27	21	38	157
48	100	92	44	30	26	52	161
47	99	94	39	27	28	53	171
49	95	92	37	25	31	50	166
47	95	101	39	29	31	52	162
39	76	107	38	26	33	69	147
40	78	105	32	25	32	60	149
41	78	106	32	26	30	62	108
38	81	111	32	25	30	62	126
37	77	101	32	23	33	61	130
38	88	99	34	23	32	43	130
40	85	107	40	24	33	42	147
41	91	113	42	23	33	35	147
40	90	108	37	26	30	48	134
42	96	111	37	26	28	46	126
42	99	128	38	26	27	46	191
39	104	124	40	26	26	51	175
44	101	127	39	27	27	53	175
48	106	131	39	25	28	41	178
50	104	127	40	28	29	39	179
50	94	104	37	28	29	53	118
53	88	107	30	26	29	51	176
47	89	137	30	25	29	58	177
45	79	134	30	28	28	61	178
42	74	141	27	24	33	65	198
45	64	139	28	25	33	62	193
40	65	138	28	26	32	63	146
44	59	94	29	26	30	55	142
47	68	107	30	25	31	52	148
48	79	94	30	25	26	46	120
43	89	95	31	24	26	37	106
44	89	102	33	24	25	29	132
42	89	107	30	25	27	28	129
38	88	91	32	26	26	27	116
40	84	90	35	28	25	26	116
43	82	94	34	28	23	26	115
40	91	95	32	27	25	27	118
39	89	93	33	27	22	26	139
38	85	89	30	25	21	30	139
36	88	93	26	22	23	30	139
34	84	96	27	23	23	32	141
37	78	90	26	25	24	30	106
35	75	88	25	24	26	30	96
36	77	89	25	25	25	27	94
34	68	83	26	26	23	26	111
33	63	83	26	26	24	21	112
29	62	95	30	25	24	21	120
34	62	97	29	26	23	24	131
34	61	116	28	25	24	25	133
35	56	119	30	27	23	26	129
38	58	113	31	26	24	25	128
40	52	99	31	28	23	26	121
36	61	103	34	26	24	23	82
39	61	88	36	25	23	23	79
39	62	83	36	25	24	22	57
36	59	90	36	24	25	23	91
36	61	88	36	22	25	21	91
37	69	101	36	23	25	25	101
36	83	114	35	24	26	27	138
36	103	135	35	26	27	30	160
42	107	137	32	24	27	30	179
47	112	165	33	28	30	52	199
47	107	156	32	27	31	58	223
50	96	160	35	30	35	59	304
51	78	152	35	27	35	63	310
45	80	159	39	30	36	64	305
39	78	134	39	28	40	56	359
44	75	144	39	29	44	58	354
43	78	135	35	30	43	62	292
44	82	156	35	31	45	59	313
43	83	147	32	28	43	61	352
42	84	146	33	29	37	55	290
41	80	147	30	31	29	45	281
40	78	150	32	29	26	33	263
38	68	127	33	28	24	30	217
41	65	129	30	28	24	27	132
42	63	159	29	28	23	27	181
38	72	164	32	30	25	31	175
35	72	159	31	29	27	34	172
41	74	169	31	30	29	35	175
40	78	180	36	31	27	33	194
41	73	159	35	30	26	36	160
42	65	143	34	23	25	32	163
44	62	140	32	26	25	35	165
39	61	125	33	24	22	36	237
40	51	95	29	22	25	36	216
39	49	83	29	22	25	33	203
39	50	84	27	24	24	33	205
38	47	73	29	22	23	28	203
40	44	62	29	23	23	26	126
40	38	65	30	24	22	26	179
42	42	60	32	25	23	26	176
179	73	62	45	32	24	26	176
197	91	61	47	31	26	32	183
197	93	58	47	32	29	31	210
200	95	57	46	32	29	32	188
202	96	62	44	31	30	33	186
223	135	86	43	40	37	42	204
234	148	96	42	41	86	46	219
255	180	130	47	45	140	54	402
263	185	136	48	45	150	63	429
265	194	145	62	55	262	73	490
192	169	141	56	45	268	70	488
161	151	155	86	50	261	67	484
127	112	136	93	54	242	63	334
106	111	134	96	58	240	56	284
102	92	127	91	53	115	43	156
71	71	121	91	53	100	41	132
67	76	93	63	50	86	38	139
65	77	89	46	42	66	35	123
64	83	85	42	40	59	34	166
54	91	79	36	34	66	34	198
53	105	96	36	37	128	34	207
53	135	124	37	37	136	36	196
51	220	156	42	37	137	42	215
59	242	166	51	35	137	89	429
61	252	169	53	34	129	94	427
63	275	159	52	33	73	96	447
68	266	151	53	32	126	96	469
79	204	190	62	34	157	96	488
92	197	270	59	52	179	181	406
100	197	281	58	55	186	197	448
100	164	280	58	67	186	200	434
115	163	290	56	85	151	202	415
490	163	275	70	291	120	214	391
599	689	207	82	366	89	142	281
777	945	402	280	397	85	150	290
1088	1199	496	364	562	133	228	351
1383	1257	521	391	661	268	253	351
1548	1403	515	405	623	293	249	339
1705	1347	514	415	669	831	246	354
1787	1492	418	368	688	1116	246	282
1792	1472	344	315	613	1415	182	237
1674	1665	511	441	712	1594	344	280
1563	1673	542	457	1112	1810	369	289
1482	1653	552	454	1130	1705	382	270
1312	1398	522	465	1188	1543	373	260
1102	1230	497	469	1202	1280	370	210
971	890	267	328	1096	1041	199	133
777	616	186	290	670	597	139	213
469	383	158	276	549	366	83	245
408	299	150	186	360	327	69	260
267	207	141	122	210	286	64	264
156	122	144	130	191	217	54	260
101	102	138	115	179	153	42	183
79	88	107	112	187	96	53	127
71	71	115	104	150	78	530	84
68	70	180	116	120	57	714	67
475	202	183	112	131	47	722	56
841	218	216	145	156	106	727	64
1137	228	225	156	146	112	733	128
1141	231	217	154	147	113	511	180
1185	235	168	143	154	115	629	186
1103	149	164	128	141	166	851	223
869	138	196	84	108	259	866	230
415	130	212	57	96	300	865	246
403	132	215	55	94	307	868	299
250	128	214	46	166	321	626	304
165	115	211	44	169	301	228	285
89	102	139	40	180	211	140	284
67	89	92	46	187	147	112	253
67	75	86	47	209	133	74	189
55	63	77	49	153	91	55	183
45	59	76	47	144	83	51	174
42	47	69	49	132	76	46	167
40	53	67	47	122	70	37	155
34	51	62	46	88	64	39	86
33	53	64	44	74	60	36	93
32	67	65	43	73	57	32	138
31	65	63	35	79	53	39	138
35	59	64	40	88	56	39	165
36	65	77	41	76	56	40	168
36	63	84	44	81	56	39	159
36	47	79	43	95	70	40	140
40	53	78	42	87	69	38	186
39	49	74	38	75	70	40	168
39	39	55	36	85	70	35	167
40	60	63	36	94	72	37	164
39	61	67	36	91	51	36	146
37	56	65	43	96	75	32	73
34	56	65	48	100	78	30	57
39	60	67	50	101	81	31	101
36	41	43	51	104	79	28	105
36	43	40	54	104	82	29	104
37	47	45	50	102	58	28	107
34	46	44	44	100	52	28	112
29	41	43	47	103	68	26	82
29	42	57	42	88	79	28	132
33	47	62	42	75	204	44	157
31	46	68	41	73	206	46	165
32	47	75	40	86	210	46	166
30	52	79	37	75	205	49	163
39	61	88	36	76	206	51	168
38	63	91	33	78	109	43	162
40	63	85	34	92	115	41	154
41	64	79	33	85	110	41	150
41	65	79	38	85	111	40	150
34	58	68	43	82	112	37	99
32	49	55	42	88	93	30	125
27	46	57	44	76	80	28	129
25	42	59	43	72	85	27	129
27	35	59	43	67	97	24	130
27	29	57	49	68	86	25	137
27	30	65	52	82	134	27	86
29	32	74	51	79	139	28	74
30	34	73	52	87	151	28	70
28	37	69	50	98	143	27	64
26	36	64	44	111	148	26	35
27	36	55	40	96	143	24	31
26	35	40	40	96	141	24	27
29	44	37	39	87	127	24	28
28	48	38	37	92	124	24	25
30	49	39	33	77	125	24	23
28	62	41	39	78	81	22	26
35	64	42	39	75	77	28	125
34	69	41	38	74	72	27	134
38	76	37	35	50	70	27	139
36	76	35	35	47	56	25	140
36	69	33	29	36	43	27	142
30	71	33	31	35	33	24	169
35	64	35	31	32	26	25	174
33	53	35	32	27	28	27	177
35	68	37	31	24	29	27	181
38	65	36	30	27	26	27	194
40	64	38	29	25	26	25	133
37	73	35	26	25	25	26	125
40	75	35	24	23	24	25	145
39	72	31	27	23	24	35	159
39	77	31	31	19	27	35	147
39	77	31	29	20	26	33	155
39	73	30	30	20	28	36	150
37	83	30	31	20	26	37	161
36	76	30	28	22	24	31	154
38	73	30	24	23	23	32	161
37	79	28	26	24	23	31	190
39	72	28	25	23	19	30	196
37	58	29	24	25	23	28	186
40	61	29	22	23	23	26	180
36	60	29	26	25	22	23	179
38	58	30	25	24	23	23	148
38	62	32	28	23	24	32	153
44	66	32	28	22	21	32	136
43	70	30	31	24	22	36	168
43	73	30	31	24	23	39	168
40	79	27	33	22	23	39	176
36	75	28	31	23	23	30	170
30	87	27	33	23	24	30	171
27	81	27	32	22	23	27	151
32	79	29	29	22	23	28	197
31	66	29	24	23	25	30	186
34	74	26	25	21	26	62	194
43	59	30	25	24	28	65	238
54	58	34	25	25	37	66	240
57	59	37	26	26	37	66	235
64	82	43	30	27	35	67	257
64	77	44	31	28	37	49	282
59	75	45	33	55	49	62	276
78	80	45	39	72	76	82	345
84	82	43	43	89	101	89	356
79	64	42	86	185	131	89	342
85	63	57	117	395	189	85	317
88	69	63	185	525	213	78	316
66	77	66	193	545	232	57	249
62	79	69	196	550	233	47	199
68	84	76	202	626	223	57	206
63	85	69	197	576	182	62	206
62	83	66	139	469	152	59	221
58	81	63	127	449	109	58	215
52	77	58	123	447	84	56	212
59	69	46	102	292	68	45	207
88	69	43	102	161	60	38	238
90	71	40	100	130	71	33	205
92	57	40	101	119	68	38	206
92	62	40	102	104	70	40	222
90	62	41	84	116	84	41	212
65	62	47	74	111	80	43	170
61	54	45	96	111	65	47	146
66	54	48	100	106	64	46	160
65	47	48	102	96	70	45	149
60	46	48	102	95	53	44	154
53	47	53	101	128	54	45	158
53	48	54	80	129	55	41	157
44	47	109	76	126	56	44	114
45	63	127	107	131	43	44	91
111	67	132	109	118	46	43	77
157	81	130	101	83	42	61	65
162	90	134	102	78	44	85	73
168	96	98	98	79	44	84	65
170	99	85	60	85	44	84	67
157	106	105	65	84	42	84	68
121	94	126	63	83	39	71	68
128	93	127	61	91	38	41	60
127	108	131	60	103	34	37	74
130	103	145	66	102	40	43	91
111	94	133	58	99	43	43	91
135	120	134	60	99	42	45	93
132	121	140	63	93	44	42	98
162	109	138	65	81	45	46	116
161	122	141	64	68	41	39	106
159	121	206	67	72	38	39	113
135	103	196	64	75	58	43	165
127	96	192	60	72	97	83	241
77	94	191	59	72	206	159	255
72	70	176	52	72	226	195	269
60	73	90	47	89	240	208	278
