0	1	2	3	4	5	6	7
163	274	444	163	175	71	324	103
170	251	516	162	182	79	400	108
187	285	535	154	184	91	410	112
185	264	546	157	233	102	435	135
182	256	514	182	253	93	441	134
199	240	517	193	262	88	422	136
191	249	441	197	270	91	386	137
189	209	474	217	253	87	432	139
232	198	578	217	214	78	363	120
252	198	561	205	192	80	337	126
242	210	556	202	179	80	374	121
279	284	670	204	190	76	372	127
309	313	636	197	205	68	319	135
320	327	685	201	230	74	324	134
302	360	697	241	249	75	339	132
335	379	690	236	228	74	305	130
317	369	669	238	237	67	293	124
336	369	660	240	231	76	292	114
318	418	523	259	214	75	307	107
348	433	584	269	224	89	293	101
352	450	759	351	267	106	324	108
363	453	692	367	267	114	336	107
328	465	719	391	281	109	404	96
313	440	862	385	315	112	378	129
287	394	840	389	324	102	378	133
244	371	733	396	331	87	418	148
231	345	762	412	309	87	403	161
263	357	806	408	294	98	326	163
278	375	733	411	261	94	460	140
288	391	792	381	268	92	475	141
321	384	760	308	225	100	435	121
337	382	747	285	232	98	437	118
325	326	743	318	248	91	436	114
317	282	736	349	254	87	306	129
309	323	741	371	251	103	282	130
285	304	902	374	253	95	256	135
250	317	1007	410	270	94	248	121
223	343	997	364	260	90	241	135
225	394	967	357	266	92	240	122
229	371	933	350	226	73	262	118
234	408	858	381	225	70	251	117
270	444	736	346	208	61	254	125
305	445	738	372	231	56	321	120
307	440	722	367	206	57	368	139
305	448	689	351	220	55	372	144
330	470	657	302	216	64	389	140
309	446	705	266	211	68	413	151
285	500	729	286	248	70	366	156
275	505	732	257	277	68	345	146
283	497	727	330	284	80	337	150
262	481	692	328	276	75	310	153
256	473	624	332	271	81	281	133
256	420	567	297	219	81	297	123
339	414	554	287	177	79	281	123
337	394	573	237	140	75	283	118
325	392	651	277	163	84	311	113
325	410	644	275	196	82	333	143
321	427	621	261	191	82	327	152
219	396	610	280	204	88	352	149
217	425	623	249	205	84	339	149
215	425	545	245	189	74	364	159
236	400	607	241	187	74	371	155
215	412	746	278	200	84	361	146
230	425	745	250	193	81	326	146
224	417	757	275	204	92	406	152
229	390	716	267	210	97	367	167
219	423	689	279	180	99	372	153
222	417	534	250	165	92	400	152
227	389	506	273	178	89	402	156
224	370	443	244	168	76	363	158
212	414	421	229	162	81	386	139
209	381	371	308	177	85	444	136
216	338	419	305	169	81	437	143
221	381	504	356	228	96	446	141
217	377	550	369	245	133	502	127
227	335	583	401	264	141	610	113
278	328	601	343	263	146	550	114
295	324	570	352	274	151	549	116
290	276	552	286	210	145	605	120
307	300	581	274	184	111	533	123
310	284	587	213	144	91	386	128
274	271	635	210	181	75	384	138
257	263	645	193	184	92	453	133
261	307	634	192	188	99	365	138
270	274	564	183	187	100	397	144
296	311	511	183	200	101	398	142
284	367	463	211	173	116	400	146
326	413	463	232	155	107	394	157
348	395	455	235	151	99	473	156
330	401	483	243	185	97	456	150
309	425	520	257	191	98	482	147
308	376	531	274	178	77	538	150
257	347	515	245	172	59	514	133
216	343	522	242	172	57	447	117
235	348	529	232	149	58	446	121
312	298	512	242	136	68	462	123
312	378	478	209	130	69	402	128
337	416	497	219	131	70	352	130
390	456	477	240	134	73	381	129
421	460	472	265	130	79	430	141
362	451	462	286	149	84	459	139
348	395	455	235	151	99	473	156
330	401	483	243	185	97	456	150
421	460	472	265	130	79	430	141
362	451	462	286	149	84	459	139
363	377	484	288	178	90	471	111
343	320	495	287	187	93	501	133
298	253	500	276	183	90	489	149
231	256	470	284	194	99	487	135
222	256	512	242	212	103	410	139
250	265	486	233	202	97	419	150
242	264	454	222	195	97	446	132
214	261	457	218	198	100	453	113
208	257	460	177	200	95	473	111
209	256	451	204	169	83	474	112
216	271	479	237	156	107	512	136
226	265	498	249	158	110	526	134
222	255	544	260	155	122	578	131
266	235	523	249	133	124	571	131
303	246	516	238	147	120	579	130
277	234	528	227	173	110	545	118
268	244	500	221	216	108	548	139
280	245	412	214	230	107	544	149
248	268	489	233	235	109	508	152
197	273	477	232	227	129	557	149
216	269	422	243	267	122	548	140
252	311	416	247	245	125	483	128
260	366	566	242	240	117	406	141
253	373	584	243	248	110	406	139
258	364	607	250	246	93	362	161
247	367	699	300	181	103	383	151
235	343	737	354	208	100	417	149
212	336	687	356	204	99	489	142
232	341	675	366	211	100	552	156
248	370	690	363	220	103	624	144
230	362	621	288	217	95	608	169
254	370	665	247	179	89	605	162
296	330	639	273	205	91	590	179
305	304	794	244	203	93	526	179
292	356	778	260	199	89	421	193
316	353	761	320	204	83	421	182
279	340	718	311	206	93	512	214
256	358	735	287	179	86	469	201
285	358	538	289	158	83	512	198
286	277	574	307	147	82	560	193
264	357	625	252	177	85	544	188
271	356	666	239	177	76	450	175
288	336	679	237	182	84	441	170
230	361	661	240	192	104	444	172
236	375	600	196	196	98	388	161
241	395	584	211	168	99	447	157
259	392	511	240	200	100	437	138
243	409	444	236	201	94	435	129
258	377	478	237	192	66	388	124
259	367	583	309	221	75	384	107
267	325	553	310	227	71	394	116
255	353	546	277	207	65	380	124
269	329	622	289	199	84	499	145
263	430	627	291	193	88	526	141
260	418	662	198	162	82	510	153
251	422	674	171	157	87	525	158
286	407	709	212	159	96	586	155
268	419	644	231	165	83	511	137
275	335	598	273	190	87	529	148
293	344	553	273	181	88	539	137
295	304	517	284	182	88	472	124
255	316	523	263	174	91	426	119
254	321	574	300	197	93	485	119
239	325	607	258	181	83	420	97
271	361	547	302	180	81	413	104
291	352	538	299	182	80	476	104
301	345	560	299	182	76	469	98
304	382	570	242	185	69	393	98
318	423	578	251	179	69	391	103
297	399	612	202	181	81	402	120
268	435	736	234	175	81	364	137
256	435	736	255	183	77	338	132
253	406	719	251	157	77	385	135
263	363	764	261	165	83	380	134
234	419	796	267	214	77	412	129
243	394	810	233	255	73	377	129
249	382	767	219	249	72	379	131
241	444	810	271	253	84	351	140
216	462	748	287	252	84	400	142
223	431	671	294	218	83	363	123
209	437	565	291	169	90	355	112
223	429	622	307	171	95	396	151
217	384	559	257	155	93	381	141
219	359	565	233	147	88	340	133
216	319	560	214	135	92	433	140
217	351	614	223	129	91	483	141
208	349	564	191	137	85	453	96
211	332	695	217	164	85	468	88
231	334	827	235	190	87	466	91
214	372	832	250	189	85	390	84
223	336	825	267	224	82	341	75
212	349	831	267	219	82	334	110
243	334	714	248	204	89	321	115
246	349	576	231	183	111	378	122
255	372	618	221	191	105	370	130
266	382	536	181	159	104	364	135
278	380	496	177	149	109	450	117
270	375	451	237	153	104	471	128
280	365	444	225	146	82	410	139
301	348	429	255	172	88	412	146
365	322	430	267	155	90	507	146
363	335	514	289	164	85	445	148
366	356	542	243	153	76	399	186
358	373	493	239	174	76	396	177
344	338	421	200	151	78	401	166
303	337	401	195	159	75	316	161
317	325	309	153	153	75	304	171
314	319	270	150	164	73	321	128
283	281	309	156	162	67	347	120
403	294	304	172	146	58	327	117
412	306	435	158	136	66	357	122
414	318	481	166	157	74	410	131
401	292	493	163	153	74	415	135
420	323	482	152	132	81	411	138
326	328	578	135	155	85	433	146
298	327	542	145	194	81	386	164
273	329	515	147	182	80	352	147
282	336	497	152	177	92	354	146
260	315	496	151	178	86	372	156
230	300	519	161	193	83	384	162
207	304	489	165	162	83	399	139
272	284	457	163	176	75	433	143
266	271	551	195	179	63	445	157
272	288	565	198	211	65	467	145
261	279	443	184	185	60	433	128
249	253	545	190	178	58	423	126
176	259	564	209	155	64	377	125
160	303	531	231	164	60	346	110
158	281	532	271	154	71	316	112
170	296	546	292	191	78	312	116
208	314	447	301	225	78	282	126
226	312	417	291	238	74	271	127
239	289	400	265	242	88	356	112
248	297	543	229	226	82	345	109
260	291	537	200	209	77	358	111
279	294	549	169	195	74	354	98
267	304	590	199	217	81	372	96
264	328	555	178	237	74	289	99
245	378	412	181	253	69	270	106
242	372	436	187	242	70	264	105
195	380	446	184	251	71	300	108
209	393	505	142	236	60	262	109
234	385	508	178	250	57	306	108
264	346	511	174	231	58	324	105
246	359	528	168	228	60	327	125
249	389	567	193	200	62	297	125
272	408	571	194	179	60	310	139
244	435	585	168	156	58	291	133
215	456	576	162	157	58	262	131
264	471	579	174	161	59	238	137
259	497	520	166	156	58	232	151
248	499	416	196	170	62	213	128
251	461	506	268	187	72	201	130
277	434	530	299	198	79	215	141
239	432	481	295	232	78	242	116
244	348	478	292	268	83	268	111
222	323	495	278	274	82	281	108
220	329	391	217	240	71	277	111
206	381	362	187	227	63	258	98
212	366	393	222	221	67	260	105
246	413	385	244	217	75	287	98
269	399	398	245	200	76	282	107
283	401	483	238	193	75	271	117
281	389	531	241	206	74	271	139
314	390	528	209	184	74	268	132
286	372	534	207	182	60	215	126
251	441	572	232	207	80	276	124
243	441	514	230	209	89	293	119
316	425	478	212	198	90	360	88
290	430	464	212	196	88	354	89
297	464	515	200	180	89	383	91
303	406	470	196	217	92	352	86
300	446	450	223	237	84	360	82
265	466	466	260	272	84	333	89
271	455	473	282	280	86	390	95
279	403	393	274	266	83	479	115
347	432	411	254	216	59	480	120
343	385	468	260	197	57	460	115
312	344	454	241	153	66	436	111
291	369	452	232	132	74	418	119
273	372	500	254	173	81	324	98
181	335	497	249	181	88	351	91
186	332	442	209	180	91	372	93
206	323	458	217	181	89	403	113
228	298	471	200	187	85	368	102
238	321	485	170	159	83	344	125
234	307	521	169	203	85	355	133
259	354	539	198	220	89	444	142
249	414	531	182	241	87	418	126
240	446	571	194	245	79	420	142
277	420	523	202	239	72	418	129
289	437	441	226	230	67	412	137
272	397	484	215	253	68	295	129
275	340	536	214	265	62	299	130
267	399	483	209	283	75	319	116
234	406	491	208	336	92	326	123
260	403	514	191	332	90	285	109
272	433	539	191	306	84	316	106
279	442	548	186	324	83	315	108
283	340	567	182	313	76	306	109
285	335	588	187	294	60	303	90
295	308	600	198	362	68	359	96
315	295	623	236	522	76	406	96
307	291	549	238	527	87	411	96
310	321	516	234	530	87	406	89
309	328	470	231	531	101	415	95
273	410	543	225	474	93	372	101
257	399	442	200	299	89	307	121
262	379	557	223	306	83	333	124
290	388	585	244	399	85	350	128
310	417	650	228	448	69	315	125
303	352	577	259	482	75	285	112
292	381	622	251	486	73	252	101
280	401	624	249	455	72	288	96
295	398	638	231	405	71	346	95
299	386	587	238	366	67	361	96
299	405	641	228	368	59	369	98
305	385	588	241	359	55	385	100
319	370	515	222	461	55	370	100
294	440	546	240	480	58	287	105
278	422	586	244	504	68	328	108
279	417	573	232	481	67	333	117
284	405	586	219	505	80	379	107
286	439	578	235	472	102	348	114
314	388	566	243	437	106	349	111
313	386	537	240	386	101	322	114
345	419	499	229	379	103	316	107
362	418	503	271	399	100	244	101
354	397	583	262	339	76	215	98
316	387	564	240	319	65	199	91
298	386	604	280	321	71	210	81
307	348	650	327	331	74	218	75
275	350	646	305	256	71	223	93
272	335	592	322	242	73	290	87
271	310	567	337	277	77	307	88
262	301	590	323	275	77	299	92
237	306	537	278	291	77	299	92
245	318	557	276	322	88	323	97
233	304	594	279	326	91	286	100
252	285	666	271	360	102	282	108
271	334	610	256	362	105	262	111
249	346	624	279	351	105	289	114
274	388	589	282	328	97	262	106
316	385	519	255	310	95	268	113
309	461	452	246	225	80	284	123
315	462	441	239	191	65	277	123
326	448	396	204	158	66	239	119
291	413	515	189	147	68	232	110
254	427	536	186	169	66	214	96
268	335	499	177	167	69	176	86
248	292	531	187	157	79	183	81
231	312	587	187	149	78	182	84
264	307	531	183	153	72	202	88
271	314	513	179	145	71	251	93
256	313	605	180	142	68	250	96
265	343	567	171	138	57	243	94
285	314	513	169	140	57	277	93
265	373	475	173	162	57	289	103
264	356	459	183	162	62	268	101
249	424	377	197	160	63	277	101
242	405	415	229	177	71	327	106
232	433	495	271	195	74	330	108
225	389	508	261	179	74	316	96
218	411	527	267	177	73	290	100
214	352	519	270	175	73	298	86
225	343	499	236	163	71	268	82
198	322	422	185	145	69	247	77
186	338	435	183	138	68	242	77
188	352	536	155	119	65	252	80
210	409	552	196	124	68	269	83
192	445	624	198	121	68	270	83
184	423	673	222	113	76	295	84
195	410	703	258	113	79	300	92
175	371	725	265	105	86	350	88
169	310	710	230	100	83	327	87
167	292	647	226	91	78	313	89
180	359	595	210	113	67	305	92
212	346	519	164	109	62	399	96
211	345	358	160	109	54	424	98
190	340	396	155	141	58	422	94
198	375	428	169	166	69	439	100
201	337	429	165	146	72	432	109
175	333	445	178	146	79	348	114
184	398	434	175	175	85	277	114
200	391	374	168	155	93	335	125
196	328	336	157	148	91	315	124
185	308	341	149	171	87	293	118
164	386	365	149	177	84	301	99
161	355	346	149	160	73	281	94
161	377	450	160	161	56	212	82
160	382	479	170	164	57	243	69
160	541	592	223	161	56	248	63
169	490	622	230	156	56	236	66
178	531	667	233	156	65	237	74
183	572	645	239	168	72	231	72
195	584	620	226	162	66	240	77
195	487	501	176	142	66	266	77
203	506	553	187	138	66	258	78
197	452	530	193	123	62	272	75
204	429	517	173	105	53	269	73
252	418	596	285	108	56	293	73
265	442	624	293	129	58	283	75
279	461	543	274	136	56	273	70
313	516	629	273	146	61	254	92
315	489	632	277	144	67	293	107
290	514	672	222	143	69	246	114
279	469	679	207	130	71	238	122
265	443	676	212	118	71	247	132
225	432	678	215	127	66	244	123
207	427	666	236	177	66	197	114
182	414	579	206	178	64	187	110
195	412	602	214	179	62	171	104
197	440	667	209	180	61	172	98
192	385	622	206	230	62	175	86
198	387	648	252	195	70	200	91
198	355	647	242	189	69	198	84
188	386	606	233	187	67	216	82
185	335	626	233	193	67	212	77
200	425	588	230	134	64	233	90
189	447	574	158	152	52	239	87
191	463	615	167	162	49	264	91
224	498	602	185	168	54	251	102
222	530	534	188	158	54	277	128
206	472	591	196	142	60	299	130
218	489	601	207	154	65	311	132
214	476	521	185	140	66	293	141
203	386	526	181	151	60	318	130
184	339	492	179	152	58	329	102
218	377	415	176	153	56	312	98
215	335	398	154	121	46	298	93
228	334	411	170	150	45	285	79
202	403	406	157	130	68	301	79
221	408	425	162	136	69	291	91
210	380	465	154	138	66	374	101
220	363	408	165	161	77	391	104
226	404	394	160	147	79	396	110
251	365	469	188	156	68	365	113
233	425	476	183	167	67	341	110
208	397	431	181	192	75	330	96
194	404	437	168	183	69	303	107
204	419	447	163	173	70	305	100
223	420	387	128	167	67	309	108
242	375	414	140	171	74	327	124
250	373	396	156	230	71	271	123
268	367	397	174	251	86	279	116
274	298	394	175	253	83	287	126
253	277	351	178	252	83	356	142
268	240	271	164	242	77	417	128
276	232	336	141	194	75	414	139
257	232	351	147	190	74	446	138
243	255	364	154	204	78	438	141
232	258	445	174	214	82	394	122
232	266	429	181	227	85	366	131
234	278	400	214	237	87	360	117
250	285	429	213	217	69	302	113
278	308	467	205	226	73	304	106
333	287	421	222	266	86	406	113
345	298	495	249	262	85	378	100
337	318	478	221	267	95	361	119
359	352	429	220	271	101	396	116
329	342	350	220	284	97	472	117
294	354	366	208	266	80	394	101
254	337	423	176	274	77	381	106
280	314	422	192	238	61	387	89
254	280	439	188	332	59	423	93
265	255	464	206	317	60	341	85
252	234	431	204	322	60	317	118
266	235	298	210	346	58	310	117
253	230	297	226	390	75	339	121
285	199	337	224	313	92	275	129
267	182	461	227	301	93	330	130
260	211	496	218	289	105	347	106
252	223	518	212	298	111	385	103
289	277	521	190	253	102	356	95
320	298	516	185	243	88	335	87
330	301	472	218	336	99	314	99
365	294	440	207	335	92	315	98
364	290	392	241	329	91	302	98
328	262	475	242	337	92	302	99
245	242	456	257	391	93	315	102
242	244	470	227	322	78	306	95
233	249	483	235	349	86	292	97
237	237	509	203	364	87	299	99
231	270	514	238	381	93	310	103
254	300	530	226	331	87	356	96
257	320	460	211	345	90	371	95
220	326	501	232	319	86	390	113
210	326	536	245	297	87	386	118
219	299	523	216	281	84	376	114
227	319	578	274	330	97	364	123
260	300	619	298	354	96	321	121
280	339	626	288	353	92	353	118
301	410	627	275	323	91	350	119
325	447	574	354	424	87	373	122
312	426	520	331	410	72	349	125
294	447	488	319	383	72	364	121
284	417	480	328	424	91	350	111
317	379	515	337	435	98	312	105
310	418	580	273	347	110	355	127
359	454	569	273	339	111	352	128
360	591	666	322	416	112	340	128
372	629	634	325	372	112	299	128
343	649	623	324	355	105	326	144
385	607	618	320	342	89	272	126
369	663	708	325	384	91	267	116
383	613	695	378	434	92	304	130
376	613	881	363	443	75	328	126
496	642	878	385	504	67	347	123
470	660	971	407	496	72	329	123
470	689	958	390	510	92	381	127
474	624	934	284	412	90	383	112
461	612	814	311	423	95	362	110
320	584	887	333	436	100	351	121
324	597	770	312	456	111	430	142
299	559	742	330	410	94	373	143
335	577	731	329	389	100	356	143
392	579	677	309	389	100	382	158
409	572	531	320	312	103	416	145
418	594	540	300	318	95	350	127
459	559	524	303	309	108	380	122
426	578	604	325	327	103	439	131
382	557	639	338	305	102	429	114
357	587	746	282	315	93	385	113
317	531	716	308	323	95	379	109
273	539	811	293	321	84	366	122
330	536	763	289	315	100	310	124
353	618	761	269	321	95	302	139
384	629	700	282	348	98	284	149
392	649	755	246	310	95	274	150
427	643	669	234	293	90	280	154
382	652	714	245	278	86	262	177
368	677	699	259	310	115	267	200
387	664	680	244	281	119	302	209
400	704	663	250	271	123	312	214
412	782	652	289	280	138	296	211
441	773	559	286	296	136	289	217
448	732	678	285	257	112	305	187
447	737	649	275	232	113	324	177
468	692	683	335	245	111	332	174
482	567	703	333	250	100	339	187
530	637	689	344	262	94	325	174
560	608	618	368	283	105	305	179
610	570	660	381	308	102	297	176
612	613	606	346	303	104	313	187
614	671	559	350	290	105	309	180
607	697	655	338	269	105	332	156
595	712	682	300	263	107	346	161
512	741	691	332	246	118	349	153
482	704	709	332	261	122	346	141
432	732	780	358	275	122	346	168
438	718	720	346	311	135	444	249
426	742	671	356	316	126	473	268
525	729	696	327	297	120	456	279
589	755	765	311	283	111	456	301
607	710	764	275	272	113	481	284
632	601	808	331	288	110	419	218
645	591	795	372	283	110	383	195
612	578	783	370	287	104	394	207
551	532	666	368	289	99	376	182
515	490	666	366	326	107	341	189
436	545	598	315	335	106	373	202
539	488	615	276	331	113	389	239
508	492	616	318	370	123	394	228
516	543	652	327	401	126	378	267
574	546	681	301	386	118	456	291
548	572	682	336	332	119	389	289
530	586	643	332	322	111	374	290
530	644	705	309	276	99	379	303
534	629	691	295	225	96	393	277
472	636	659	307	309	93	309	256
559	606	692	287	328	90	315	247
491	598	717	281	324	116	358	211
572	549	580	244	348	115	388	206
651	558	554	260	363	122	381	191
667	618	484	241	308	119	372	177
613	608	434	282	313	117	441	191
607	626	388	292	334	111	514	231
539	601	419	310	326	116	474	223
417	564	508	304	304	107	487	230
456	495	551	311	282	109	516	234
477	521	560	261	296	105	476	234
481	473	672	236	275	102	413	207
482	473	686	221	259	105	420	213
581	469	626	237	265	112	469	226
572	501	551	233	251	120	440	261
544	456	542	233	205	113	409	252
526	511	431	236	184	97	431	242
534	488	394	237	177	90	468	236
470	500	408	256	220	83	425	216
462	511	423	245	269	71	426	181
464	495	415	250	287	77	477	200
486	458	536	251	289	73	413	236
465	489	542	279	292	88	359	226
417	500	596	288	255	88	363	227
371	415	684	363	333	106	382	216
371	516	681	361	352	103	345	204
365	545	592	371	361	104	325	155
362	540	604	363	349	101	445	151
376	558	641	337	408	104	444	146
427	577	540	268	334	91	512	162
438	484	628	269	293	95	519	178
394	524	712	268	280	101	580	192
428	527	706	251	292	93	495	223
484	527	651	260	216	98	500	242
493	550	643	248	179	101	501	242
492	568	589	235	206	102	475	237
510	505	471	208	219	97	426	230
491	552	484	205	212	103	441	203
439	590	519	207	203	98	454	209
392	584	516	208	240	93	380	195
351	560	502	213	224	98	437	183
353	547	535	247	218	100	451	187
324	472	579	241	220	93	434	195
318	371	555	217	215	90	402	169
284	363	588	215	166	90	379	164
279	421	593	238	165	79	449	166
291	402	547	212	250	85	449	174
334	406	474	215	254	86	473	181
337	443	461	276	267	85	577	171
365	417	424	291	285	80	593	180
426	375	431	275	329	83	508	191
420	419	467	266	276	72	591	185
383	466	505	297	264	81	577	171
403	457	504	246	257	84	464	193
390	473	498	241	272	98	466	200
471	477	489	244	263	100	473	197
465	449	531	279	275	121	503	185
482	422	531	283	292	119	498	192
460	417	545	293	292	117	548	177
470	417	592	318	274	122	585	168
328	394	571	304	256	118	622	178
407	411	654	287	226	108	488	228
411	412	707	269	227	116	538	212
413	370	717	247	217	126	517	209
398	322	687	206	193	110	447	202
421	329	733	268	264	108	404	177
319	303	654	269	286	104	517	115
297	257	554	245	271	88	463	115
338	323	527	265	281	74	439	121
349	379	618	270	298	75	434	138
425	372	617	246	251	84	443	155
449	377	590	237	262	90	412	196
455	408	641	236	279	94	426	198
453	402	660	235	276	96	422	201
484	364	565	231	271	108	461	196
398	397	520	243	246	115	505	198
383	415	502	266	223	104	418	196
373	381	445	277	264	116	434	205
332	349	451	265	314	115	465	206
265	381	529	276	332	106	441	203
258	345	566	251	319	104	347	200
246	316	609	270	313	103	345	156
249	422	651	272	283	103	424	161
235	425	636	279	233	99	405	147
358	455	599	285	191	105	436	155
379	509	643	285	239	93	438	160
395	531	611	266	334	108	500	160
406	468	590	286	346	98	418	151
438	481	571	269	348	104	442	161
346	451	551	306	416	100	402	147
368	444	443	308	442	111	442	131
380	446	421	297	382	100	393	136
378	432	383	272	365	99	373	159
338	431	374	328	393	102	381	160
333	440	375	282	337	107	397	178
289	435	356	267	268	92	392	178
250	416	402	265	264	92	394	185
229	477	402	274	335	95	389	160
245	483	374	213	319	93	342	165
235	485	380	206	318	81	346	160
235	502	421	236	336	87	317	167
233	512	431	217	344	88	364	163
240	468	499	218	301	79	382	171
260	443	548	269	301	73	371	171
284	418	590	295	292	71	363	184
293	389	641	315	293	75	366	179
285	392	610	325	294	72	356	178
267	367	599	342	350	72	337	173
236	363	657	319	343	81	341	158
237	362	618	299	335	84	332	129
242	335	552	249	333	83	359	115
229	310	609	289	351	88	357	107
230	356	612	286	274	94	391	100
231	361	554	345	273	98	442	121
216	353	610	340	286	122	453	144
202	359	591	358	314	125	450	151
232	352	537	331	308	126	418	153
240	318	518	330	313	127	405	148
270	342	558	359	324	122	380	140
330	443	552	359	371	96	401	125
329	443	597	352	366	88	404	133
310	463	691	370	355	85	382	131
308	468	709	349	341	77	434	202
290	483	691	237	340	87	414	207
230	413	663	253	295	88	400	203
238	420	658	275	258	86	370	191
247	424	655	257	271	83	402	192
236	443	625	269	332	81	330	142
250	437	675	292	354	61	320	122
246	424	681	287	343	64	323	116
246	408	700	284	341	65	324	143
242	388	621	272	332	78	309	136
251	401	623	275	302	81	302	114
260	367	610	322	252	83	312	119
248	372	606	327	269	81	289	138
260	419	585	305	298	87	278	118
267	425	615	325	282	117	242	117
277	389	623	313	385	125	290	143
311	385	532	236	385	124	395	150
314	416	598	248	380	135	384	139
288	390	605	297	373	137	397	142
278	384	577	269	406	107	448	152
277	394	548	292	282	94	441	134
204	398	617	340	313	98	344	130
239	367	553	340	311	81	341	126
249	368	523	308	337	76	329	131
261	366	556	319	303	73	286	142
295	350	644	371	332	89	406	137
308	341	648	384	317	105	435	138
291	350	617	370	310	112	448	154
290	351	684	376	280	121	493	153
326	360	735	410	319	125	491	140
297	382	710	408	352	132	381	137
297	417	685	387	366	114	380	134
296	412	740	393	393	118	401	129
294	374	669	417	457	119	339	134
268	410	613	394	441	120	336	131
316	397	608	365	428	107	381	133
333	370	598	390	444	111	351	125
327	355	570	396	439	111	365	125
320	372	616	389	397	104	370	146
306	345	593	463	399	112	369	143
306	343	627	447	398	107	343	156
299	358	642	442	377	149	444	152
297	370	719	513	424	178	459	150
327	366	729	510	412	174	537	130
343	341	801	431	404	182	594	155
305	370	775	427	375	201	592	146
321	359	747	388	362	177	557	162
