0	1	2	3	4	5	6	7
161	631	517	81	70	73	131	459
183	581	509	83	59	63	120	494
175	603	561	82	59	64	124	457
184	647	638	86	55	54	131	442
179	633	626	80	53	56	132	511
178	624	679	101	66	68	143	503
178	645	680	99	68	71	146	484
194	676	664	119	77	73	122	507
194	683	613	119	76	74	130	578
206	741	625	120	73	70	131	514
207	779	703	112	67	61	126	539
199	789	719	108	67	63	127	561
196	885	728	96	64	70	161	548
214	891	783	100	64	72	140	468
213	838	764	96	70	79	139	530
227	792	685	86	73	86	132	518
232	863	655	92	77	87	133	477
235	717	620	98	83	86	91	438
219	686	571	96	88	88	112	489
247	708	568	107	89	86	124	514
247	736	540	110	87	82	133	526
255	624	688	108	88	85	133	550
256	643	705	109	87	84	131	574
265	654	717	108	86	85	138	567
246	690	713	101	81	81	126	502
255	715	706	105	99	109	133	475
256	718	604	107	105	116	149	501
265	678	557	94	103	119	148	552
278	656	500	92	104	119	132	534
277	598	535	90	116	133	132	589
267	611	587	101	103	112	115	610
288	572	519	104	102	107	98	588
297	625	571	116	107	110	103	497
290	631	560	124	127	134	99	493
288	649	530	127	123	127	98	414
285	573	462	123	128	136	99	385
282	580	474	118	133	144	92	348
271	626	446	114	127	142	83	322
268	623	466	114	112	122	86	290
257	647	494	115	109	121	84	316
247	653	487	112	102	109	85	316
206	645	495	107	94	98	96	321
217	582	483	105	95	101	95	343
227	611	443	92	88	95	87	372
251	577	413	95	93	103	87	406
264	597	394	85	93	105	85	395
262	625	375	85	86	97	67	406
249	675	427	87	80	89	91	422
218	639	409	87	81	90	96	418
197	633	424	74	68	74	103	357
219	628	494	81	73	85	110	384
223	621	503	79	72	85	112	406
226	565	460	73	68	79	89	426
230	592	519	74	63	73	81	414
225	591	483	76	60	70	74	413
192	555	453	72	49	49	62	384
192	522	469	78	54	50	66	428
164	562	487	75	55	52	69	435
166	530	419	73	52	49	91	443
162	504	431	69	51	47	89	434
148	528	380	64	44	42	87	431
139	573	395	69	37	38	79	385
131	527	421	70	36	33	77	349
135	550	459	66	37	34	48	359
140	573	485	71	38	38	61	380
142	565	482	72	46	41	64	408
149	630	494	68	47	42	65	402
144	594	494	64	45	43	70	437
136	554	456	64	46	43	69	407
134	530	440	65	47	44	63	393
135	557	508	62	42	43	61	373
122	450	458	57	38	41	60	354
124	536	465	60	40	44	54	323
115	548	495	60	43	46	55	327
113	608	531	57	42	46	48	319
116	629	495	57	43	47	51	304
111	620	508	54	46	46	63	320
112	555	453	50	45	43	66	285
102	540	499	55	43	42	65	340
111	475	477	66	50	45	66	375
110	404	440	65	47	43	63	379
131	445	431	70	49	45	55	352
140	453	438	72	50	47	53	330
148	469	371	71	51	46	56	281
148	508	366	61	41	38	52	243
149	561	401	68	43	40	52	241
139	542	496	70	40	37	42	244
137	641	638	72	42	39	39	251
130	640	671	73	42	41	34	208
128	599	703	70	44	43	39	214
135	537	724	65	43	43	42	263
139	507	687	57	41	45	44	289
134	376	564	52	38	41	42	284
142	368	551	44	36	38	42	298
136	361	521	52	37	37	42	300
124	380	469	48	35	34	45	280
123	403	421	55	36	31	48	274
126	404	391	53	36	33	50	267
128	380	337	54	37	34	53	262
136	403	290	50	36	33	51	257
144	456	290	57	37	35	46	312
138	471	283	52	37	34	43	297
132	500	298	61	39	32	41	303
119	533	316	64	37	30	43	296
123	574	352	66	38	29	47	306
117	531	354	61	36	28	47	235
120	513	378	61	37	28	47	256
118	476	368	54	35	28	50	267
118	463	346	51	37	30	45	274
101	371	295	44	34	31	41	262
96	332	297	45	34	30	45	249
98	401	337	46	36	34	46	235
106	395	367	47	34	35	43	233
106	393	396	50	36	37	41	240
111	439	408	53	38	37	47	265
111	478	505	55	39	36	44	269
101	441	464	54	37	34	41	244
116	479	431	55	37	33	46	254
116	479	419	54	33	29	49	244
126	490	437	58	33	29	44	195
121	462	363	63	35	33	45	261
122	490	394	64	36	35	46	273
103	445	419	62	37	36	43	259
110	439	431	60	40	39	39	296
95	427	406	55	40	38	36	316
95	467	375	47	37	36	36	263
95	416	362	43	37	35	36	280
103	470	356	48	35	33	42	284
105	531	331	48	36	35	41	243
109	545	346	47	37	36	40	287
114	565	345	50	38	36	39	283
111	564	328	49	38	36	50	271
100	536	338	43	38	36	52	269
96	489	361	43	37	32	53	289
92	430	370	45	39	32	54	242
85	398	375	39	40	30	52	259
94	446	392	45	39	30	43	236
96	425	378	45	37	31	36	223
91	429	344	48	39	32	41	196
89	441	298	47	36	31	45	186
99	435	301	48	35	32	46	265
101	387	280	47	38	31	46	269
103	410	264	46	39	32	45	261
102	380	302	44	38	34	41	256
104	349	320	43	38	33	36	237
94	307	290	45	39	32	37	107
81	307	349	46	38	33	39	101
93	279	365	51	38	30	38	100
91	317	359	49	36	28	38	132
93	396	348	53	34	30	37	166
99	434	407	53	34	30	39	243
110	465	345	51	36	33	41	249
99	494	349	48	34	34	40	256
110	477	339	50	36	33	43	245
116	506	382	57	41	36	58	294
120	500	337	57	60	44	62	315
149	595	439	91	78	62	78	422
328	611	541	126	128	70	113	612
425	785	720	133	155	88	153	733
524	869	849	189	223	120	176	748
595	1009	913	251	399	134	231	881
596	1013	981	273	489	148	268	972
619	1103	953	288	529	174	299	901
636	1173	929	296	526	181	314	932
612	1175	841	279	503	171	323	994
572	1106	871	234	386	168	288	868
598	1088	916	212	261	156	270	782
539	1092	1030	181	141	125	267	825
517	1063	978	170	128	115	242	828
484	1039	976	150	123	129	238	868
510	1040	903	150	102	122	241	867
500	1052	757	134	95	117	230	906
508	1081	662	138	92	125	180	867
509	1012	652	148	88	117	173	773
502	1019	729	155	94	100	164	673
516	1172	740	147	98	107	162	745
603	1245	741	148	103	111	152	749
625	1232	748	148	100	101	172	786
632	1197	736	135	100	103	160	761
674	1200	634	128	99	92	144	779
677	1020	681	129	92	82	156	795
585	953	706	123	87	80	161	759
524	872	631	105	82	82	152	724
454	839	664	103	84	83	165	767
388	815	697	97	85	85	154	715
280	837	690	94	83	80	163	654
360	884	677	108	82	79	166	635
412	880	653	126	91	94	182	713
406	886	594	125	85	88	179	742
383	808	528	116	75	83	180	726
405	818	420	112	69	83	154	678
322	644	355	96	69	81	135	599
245	558	419	81	54	55	87	429
224	602	428	94	60	54	59	203
218	674	471	104	63	53	45	119
165	794	498	104	64	53	41	100
162	846	537	103	61	44	38	86
139	919	463	91	59	46	37	67
141	876	441	75	48	42	34	52
134	837	383	63	41	37	31	51
122	637	364	60	40	33	30	44
123	598	314	69	42	38	32	40
120	453	305	67	44	37	29	38
110	457	283	64	46	39	29	35
96	422	304	61	48	38	28	33
109	423	316	59	44	35	26	35
102	409	305	51	42	30	24	33
101	421	317	56	41	30	24	34
121	404	360	59	39	29	27	43
123	393	344	57	37	29	26	42
115	418	308	59	37	30	25	41
111	382	350	56	37	31	27	41
110	376	359	51	32	29	26	42
87	413	318	47	32	29	24	36
83	446	352	46	33	30	26	33
88	428	366	42	35	33	27	55
87	428	312	42	34	33	27	55
87	429	378	40	35	35	27	60
88	352	403	38	32	32	27	59
90	314	373	42	30	30	25	58
85	309	349	44	28	29	25	38
91	311	354	43	28	28	22	42
90	314	260	46	30	29	22	37
89	339	251	46	34	32	22	39
88	341	234	39	35	33	24	41
79	329	229	38	36	34	25	56
82	330	243	38	38	36	26	57
88	391	357	35	39	35	27	59
93	368	337	35	35	32	27	62
99	366	333	37	36	35	25	61
112	374	344	35	34	33	26	50
104	376	325	34	33	34	24	44
105	301	197	35	34	34	24	42
98	300	243	40	38	36	25	40
92	284	245	40	35	35	26	38
83	286	242	42	38	35	24	35
82	276	252	44	38	34	24	35
68	345	254	42	35	33	25	31
78	341	205	37	33	31	24	30
91	365	208	38	33	30	22	34
88	378	198	34	30	28	24	34
86	380	194	33	28	30	23	33
96	319	190	38	28	32	21	37
92	305	217	40	28	36	25	36
75	300	230	42	29	34	25	35
78	362	261	47	32	35	27	33
82	466	258	48	32	32	27	31
73	483	276	46	35	32	28	30
79	493	257	46	35	28	25	28
83	516	251	46	33	30	28	30
78	453	220	42	31	32	24	31
77	341	222	40	31	33	25	36
77	327	199	41	29	31	27	46
69	338	196	41	28	32	28	50
65	301	181	40	28	30	27	50
72	312	220	41	29	27	28	52
72	331	242	40	29	28	28	49
72	335	267	42	27	28	26	40
77	331	297	40	28	28	24	37
77	312	324	40	29	30	24	35
83	323	311	38	29	30	24	36
86	340	374	44	31	30	25	53
108	494	411	45	33	29	27	57
109	590	411	49	32	28	28	58
109	600	392	47	32	27	28	57
131	657	407	61	39	31	31	65
144	656	362	61	37	31	31	55
139	584	303	58	35	32	30	55
136	479	296	58	36	32	29	55
146	488	315	61	35	32	31	61
128	454	321	53	30	32	30	54
111	422	274	49	30	31	28	51
103	386	307	53	34	32	29	46
102	405	315	51	34	33	30	46
95	407	290	48	34	33	29	43
83	372	284	43	31	29	25	40
91	394	300	46	33	30	26	41
98	418	293	41	30	30	24	40
108	478	295	46	30	31	22	39
99	531	335	48	28	30	21	32
113	515	311	45	29	32	21	35
113	537	356	44	29	34	22	35
107	589	359	42	28	33	24	34
107	626	433	47	30	31	25	34
112	629	441	46	35	34	27	39
105	652	466	47	34	31	26	38
102	652	427	49	31	30	26	39
100	603	407	53	35	36	26	39
96	509	345	46	35	35	28	40
94	468	348	51	35	35	27	37
92	424	335	53	35	35	28	35
98	396	333	51	36	34	27	48
116	396	357	50	37	31	27	52
122	415	380	52	36	33	25	56
127	528	341	52	35	32	24	60
129	533	310	54	36	38	27	103
128	545	373	56	37	39	30	112
123	530	368	58	36	37	29	129
114	539	358	59	34	40	28	128
110	439	379	59	34	41	30	130
110	486	396	57	35	36	29	99
129	527	423	59	36	37	27	84
117	517	442	56	36	40	28	53
126	525	409	55	38	38	32	66
125	557	420	56	37	37	31	60
148	537	467	54	38	38	40	99
141	487	425	51	37	35	41	140
148	588	430	52	38	33	43	142
157	583	474	59	37	32	40	137
157	616	467	56	37	30	40	138
138	614	423	57	35	30	31	113
135	627	421	58	38	35	29	57
127	578	381	59	33	33	26	51
130	610	314	54	34	33	26	49
129	563	306	50	34	35	25	45
138	568	303	53	34	35	25	47
133	595	326	49	31	32	25	44
140	597	358	55	35	33	26	47
127	572	369	57	34	37	27	47
124	591	347	60	34	37	26	44
107	566	349	59	34	38	28	41
109	575	336	58	37	42	28	41
107	542	336	54	37	40	28	38
97	572	352	51	35	37	28	36
98	509	398	48	35	37	27	35
113	647	459	54	35	37	27	40
126	678	506	58	33	32	27	41
125	710	500	58	35	34	28	41
144	775	508	66	37	35	28	46
144	785	522	70	41	37	31	46
141	740	484	68	39	36	29	43
150	678	582	79	39	41	32	51
148	660	642	77	41	45	31	50
129	593	680	68	42	46	33	45
139	666	690	74	46	49	33	48
133	633	720	74	48	51	34	47
108	660	589	65	51	48	32	42
104	674	520	69	48	43	32	43
112	696	490	75	48	43	29	42
105	625	430	67	41	40	28	42
107	595	430	64	42	39	27	43
101	586	451	60	36	37	26	39
116	574	459	59	40	40	27	41
116	523	430	53	41	41	29	40
164	617	464	61	44	39	28	48
174	685	387	67	45	38	28	49
186	743	373	70	46	38	29	51
199	820	400	78	47	38	29	55
217	847	466	81	48	36	30	60
186	832	435	78	47	39	31	54
192	827	458	77	53	45	35	60
186	816	470	76	53	45	35	62
170	746	469	64	49	42	34	60
155	682	449	60	46	40	33	58
153	650	461	53	43	36	32	56
147	597	455	50	33	30	29	50
148	522	430	51	33	28	28	48
152	541	412	56	32	27	31	47
147	551	354	60	33	31	30	46
151	537	346	62	34	32	30	48
140	526	319	60	34	32	30	46
138	510	303	54	32	33	30	46
