0	1	2	3	4	5	6	7
215	400	541	164	62	46	207	70
247	409	522	162	65	44	201	69
279	428	515	175	73	55	192	68
258	408	506	177	80	61	202	73
275	394	531	245	87	62	198	90
321	353	497	246	90	61	182	100
296	356	526	251	89	62	198	105
256	331	600	237	84	55	179	105
270	325	699	275	88	43	161	103
268	362	668	228	84	47	196	96
218	417	616	212	78	43	191	82
220	418	624	206	75	44	181	78
226	472	582	224	81	46	209	80
202	490	480	181	73	56	234	80
185	454	469	163	68	58	208	78
180	392	486	181	81	61	217	84
208	408	474	180	87	59	235	88
211	323	494	160	80	57	225	90
220	312	469	156	82	53	225	88
268	332	457	163	85	46	224	91
279	331	430	134	75	47	222	84
301	299	436	116	62	49	219	82
297	345	377	118	62	45	240	81
295	338	439	146	66	45	216	82
308	326	528	151	67	45	216	78
298	336	538	166	68	47	241	83
258	306	586	186	78	46	265	90
246	289	673	203	85	55	342	91
256	278	664	205	81	67	424	122
202	304	604	207	78	72	450	119
198	304	592	206	76	74	434	125
215	337	544	193	67	77	430	124
226	297	521	213	100	86	375	127
221	295	631	218	118	77	307	101
237	270	649	224	128	72	273	101
248	251	678	230	148	74	294	97
257	249	647	233	149	71	286	107
248	272	623	200	127	53	372	114
245	279	489	179	107	52	389	108
208	263	474	196	107	52	394	113
181	268	476	194	116	49	428	111
146	243	519	189	142	51	436	102
149	217	524	193	150	56	351	101
145	195	594	196	154	63	324	106
152	205	624	177	161	65	373	106
152	293	648	227	158	59	331	104
152	294	680	244	140	64	341	101
167	293	661	255	155	62	351	83
158	367	669	288	172	52	385	84
156	393	653	330	178	62	358	86
170	331	630	293	160	64	385	98
199	369	704	306	156	65	381	106
198	411	719	304	159	66	406	110
201	378	698	271	136	68	381	114
229	362	682	227	120	67	360	114
244	419	753	259	141	72	329	106
224	406	714	254	191	90	366	107
244	391	684	276	201	98	395	124
309	388	714	285	208	97	435	128
311	428	785	312	209	95	443	122
296	384	728	295	199	93	465	124
324	370	768	304	177	73	426	115
327	374	789	273	150	68	368	99
266	437	821	300	144	69	313	83
244	456	815	287	166	66	382	98
253	477	839	306	159	59	357	91
217	495	759	295	144	65	393	93
239	507	794	314	147	57	426	108
312	477	761	291	147	56	437	149
317	432	776	274	117	56	365	144
313	428	775	311	130	60	365	157
314	470	841	309	133	70	333	165
304	512	836	311	131	83	308	159
233	510	899	345	136	85	289	125
252	525	934	363	162	93	314	125
267	538	914	339	161	92	314	129
273	491	983	372	151	84	292	125
255	512	1050	362	141	69	263	119
286	569	947	333	140	78	257	124
296	550	897	324	114	64	237	135
282	547	938	329	103	64	223	125
267	573	833	293	99	61	243	135
272	495	747	320	110	67	299	142
236	441	789	302	98	58	303	133
214	450	786	291	85	58	318	117
232	442	736	298	92	60	329	108
266	449	734	293	91	65	313	94
269	462	680	287	87	70	273	88
321	432	710	309	91	68	255	108
347	444	644	299	93	71	216	108
349	480	596	262	82	68	213	114
351	414	540	252	80	60	216	110
357	434	538	224	76	48	200	110
328	463	398	207	74	45	193	95
307	445	489	216	75	43	199	98
303	439	471	203	87	52	180	95
288	483	462	195	87	53	185	89
281	474	451	192	83	53	194	81
284	430	491	177	78	56	202	78
283	435	402	160	77	53	193	73
263	389	449	149	62	47	275	87
282	387	552	194	64	48	280	88
263	417	569	186	62	45	278	88
280	447	562	183	64	43	273	86
298	469	599	182	66	46	289	88
321	495	598	193	66	49	304	68
316	483	469	162	67	49	298	62
325	471	463	191	73	51	295	63
310	471	446	210	80	51	297	60
282	458	518	240	94	54	290	78
285	415	539	240	100	53	182	84
272	409	573	240	103	58	173	90
261	404	646	245	107	62	242	97
243	364	654	270	107	67	263	111
275	356	666	278	95	65	277	94
259	347	681	284	92	64	309	97
273	321	657	276	89	61	335	97
288	318	584	295	101	64	302	99
301	314	616	289	110	63	298	92
263	319	512	271	115	68	321	91
277	410	482	269	118	70	297	87
249	433	497	272	130	79	287	96
264	448	472	229	116	74	301	90
265	486	448	204	101	74	338	113
322	572	480	195	94	68	305	131
335	525	446	188	91	63	334	142
354	540	405	179	70	53	312	138
349	495	410	180	75	59	330	153
358	487	397	163	78	56	286	138
348	382	360	182	78	61	291	134
350	382	333	198	99	64	266	127
348	344	342	214	115	61	297	127
372	364	412	236	109	59	297	125
368	356	412	235	110	57	289	126
336	387	410	229	112	61	283	122
327	372	482	235	96	57	307	128
325	396	517	230	100	63	335	144
324	377	495	206	100	61	316	145
343	375	467	230	102	67	323	142
353	359	560	255	114	68	334	148
347	360	597	269	114	73	313	143
357	349	570	271	117	70	285	139
311	404	603	291	131	74	320	136
313	389	656	304	144	74	355	136
305	362	568	301	145	84	402	142
292	362	488	279	155	87	404	132
293	365	495	296	150	99	397	134
329	337	434	279	147	129	487	148
342	396	367	250	135	132	476	150
337	415	373	216	143	128	435	139
334	444	367	216	165	141	524	151
322	445	366	213	168	181	534	137
296	422	390	215	173	168	425	112
268	421	491	261	190	180	443	116
269	448	497	267	184	179	452	118
319	482	506	278	156	170	344	118
323	492	669	320	156	131	376	117
345	560	705	323	148	127	430	128
362	542	661	301	154	110	401	132
389	619	702	324	163	108	412	155
365	628	777	385	165	106	419	155
356	612	639	350	162	95	375	157
333	590	595	359	181	87	296	144
324	581	619	375	175	82	297	132
295	485	566	434	207	82	272	94
304	465	496	408	235	86	290	80
304	498	523	409	238	83	326	71
314	481	530	393	227	87	348	84
302	479	621	460	240	108	374	94
328	469	708	397	208	110	371	106
301	440	692	362	176	115	401	108
293	405	709	352	166	119	403	114
276	377	768	371	171	118	402	119
355	389	725	286	155	116	416	110
322	420	752	336	159	119	446	106
327	417	749	348	162	112	434	122
359	401	702	346	165	122	462	135
359	428	654	326	152	117	452	129
281	442	606	295	152	99	473	132
285	392	548	233	132	96	490	131
288	368	560	221	130	93	486	119
315	401	606	302	142	78	510	103
311	366	599	319	153	101	575	99
302	320	561	317	129	117	567	100
316	324	493	328	127	114	575	92
305	331	455	340	147	115	600	89
242	343	482	273	138	109	537	82
263	359	468	299	134	89	481	89
259	402	475	308	140	81	501	99
242	448	455	281	143	82	452	104
258	497	643	271	120	83	425	101
304	499	636	282	118	95	434	103
287	536	665	256	117	99	444	101
286	553	767	391	141	96	374	95
377	564	819	419	153	105	378	109
426	526	764	424	158	106	343	112
471	516	909	508	202	105	385	113
596	485	992	596	249	134	382	121
638	465	1040	598	274	148	386	120
637	502	1036	593	272	143	390	144
620	597	1018	587	268	140	379	161
759	692	916	519	234	137	367	165
727	694	845	422	186	109	372	163
733	754	766	328	139	90	377	175
758	723	747	301	160	87	356	163
862	670	777	409	182	89	369	148
763	588	774	425	191	97	390	166
767	666	726	403	184	96	362	160
747	619	777	430	183	91	335	153
707	654	871	465	164	99	351	138
560	671	995	416	167	108	380	193
535	685	978	400	175	121	429	208
468	599	1033	422	177	120	447	218
461	609	1117	532	188	122	451	220
459	579	1171	578	200	119	476	228
565	565	1144	561	181	110	451	192
567	538	1173	566	164	94	345	172
637	619	1208	622	179	96	306	166
699	646	1072	496	159	97	357	203
857	627	920	415	136	106	350	227
962	608	772	390	145	102	339	254
995	613	792	375	151	92	331	258
1033	570	652	281	143	99	390	280
1088	538	712	302	145	101	384	289
1067	547	795	304	148	94	386	265
1096	574	773	300	155	98	464	252
1095	602	665	323	164	104	466	287
1080	602	757	397	182	108	480	286
999	550	773	422	200	102	448	251
914	592	707	427	223	107	414	250
687	610	712	443	239	106	322	236
582	619	766	467	260	108	404	192
468	658	736	404	245	97	373	151
435	651	671	396	248	97	369	145
373	580	638	393	235	86	460	136
371	512	730	401	203	83	520	132
396	427	710	366	192	83	462	98
367	308	698	381	190	75	442	104
317	294	686	351	159	68	466	119
295	382	724	364	150	67	424	127
310	462	763	372	164	67	357	119
269	475	743	368	157	61	366	123
243	513	805	393	172	80	360	121
251	552	823	395	178	86	324	98
223	529	891	447	214	91	257	87
208	459	839	438	235	94	323	92
251	510	929	453	233	94	292	107
285	465	948	492	263	92	278	111
278	430	941	484	267	90	293	114
278	393	864	415	235	84	284	114
288	428	904	453	215	81	195	103
277	357	837	431	202	74	179	80
267	398	821	447	178	70	169	78
253	412	874	471	181	72	162	73
254	417	964	503	197	75	168	72
229	393	966	553	292	96	146	74
210	420	1068	614	320	112	148	78
214	418	1079	659	324	111	144	65
233	456	1100	654	320	110	117	63
245	454	1084	703	321	111	91	68
246	474	1048	648	239	96	76	70
248	465	1025	621	210	86	72	72
262	558	999	504	175	76	63	79
270	518	941	505	176	77	58	81
269	532	867	397	154	72	57	87
278	582	895	403	147	66	55	83
267	570	771	352	124	57	56	91
259	535	714	321	130	56	55	108
344	547	628	283	127	58	80	110
346	620	660	298	139	56	76	157
384	575	632	303	172	66	108	182
390	579	664	340	186	67	112	181
403	567	621	337	180	69	116	178
337	560	621	330	174	64	132	204
341	503	611	411	193	76	151	183
304	511	512	377	168	69	140	164
323	499	445	377	183	77	178	167
293	463	415	372	200	84	211	182
348	452	432	378	216	104	324	165
