0	1	2	3	4	5	6	7
43	32	28	33	26	390	37	111
44	33	28	33	26	385	38	115
46	32	30	39	26	380	43	165
48	32	33	39	28	385	46	261
38	30	31	39	29	412	50	272
46	33	33	40	29	301	46	276
46	32	37	40	31	454	58	279
44	32	37	33	30	464	55	273
40	31	34	32	28	453	54	173
42	31	36	41	32	414	48	237
31	27	36	39	30	411	50	241
33	28	32	36	30	245	37	242
47	30	30	37	29	230	37	221
51	34	33	37	31	358	43	243
49	34	33	32	27	356	43	177
50	39	32	31	29	342	44	180
48	37	32	32	30	341	41	179
50	38	30	35	30	362	41	180
49	36	29	36	29	285	35	226
49	36	27	34	33	282	42	228
49	33	26	35	31	285	39	231
51	32	30	40	31	278	43	228
44	30	29	38	33	311	46	226
47	30	28	36	30	268	50	184
45	29	27	38	32	300	50	168
48	33	27	38	32	306	51	147
47	34	22	36	32	367	55	172
42	33	28	44	33	391	59	239
49	34	29	43	33	427	59	237
50	34	29	45	29	408	59	229
49	30	28	45	29	407	60	267
49	30	30	42	28	441	57	277
47	32	30	40	28	413	50	233
42	29	30	40	30	375	48	218
44	33	29	40	29	365	48	222
42	33	30	41	29	362	47	182
47	34	30	44	28	266	54	226
47	32	26	39	28	213	53	216
38	33	29	41	29	226	56	230
48	32	29	38	30	223	53	232
49	32	30	37	33	250	56	243
49	32	30	38	33	244	76	263
50	32	32	38	33	234	78	270
49	31	31	33	32	283	80	266
39	29	30	35	34	381	91	271
39	28	29	36	31	439	90	258
45	33	31	36	33	539	75	227
47	37	30	41	38	622	78	232
47	37	27	42	37	627	74	220
50	37	28	47	39	602	61	229
50	36	28	46	39	567	62	242
38	32	28	42	39	503	52	205
38	29	28	37	36	407	47	194
37	27	29	39	36	471	47	220
31	30	29	35	34	450	55	216
33	31	29	37	35	440	53	235
34	28	27	39	32	444	56	219
32	29	27	39	31	473	59	242
33	30	26	40	32	412	60	226
36	27	25	37	32	420	63	228
32	27	25	41	32	526	66	218
31	26	25	42	35	549	64	212
30	26	25	44	33	561	61	201
29	25	26	43	31	571	59	187
26	26	30	44	27	565	46	168
32	25	29	41	29	477	50	182
34	27	33	54	28	532	52	253
35	25	33	53	29	610	55	241
37	28	30	53	29	610	57	242
36	27	28	54	32	601	58	252
32	28	28	54	30	602	58	223
30	29	22	39	31	516	56	175
31	31	24	40	30	393	53	172
30	30	26	38	31	338	49	186
31	29	26	38	31	340	52	196
32	30	26	39	32	330	45	232
32	27	26	38	34	367	43	209
33	27	27	36	34	408	56	238
32	27	29	36	34	426	60	241
32	26	29	35	33	440	56	220
33	27	28	36	31	442	56	253
36	27	29	42	31	407	69	292
34	26	28	48	33	528	66	302
37	25	27	49	34	530	89	329
38	29	27	51	35	538	93	342
37	28	27	49	35	574	96	300
34	29	29	43	31	604	88	264
35	28	29	36	32	457	82	287
37	32	28	34	29	433	57	285
37	29	29	33	29	446	57	275
38	29	29	33	33	468	64	320
39	30	27	37	32	458	64	330
38	30	28	37	28	486	75	304
33	26	27	38	29	495	80	270
32	25	29	37	30	457	78	268
34	26	31	36	26	442	71	214
31	25	32	30	25	387	73	193
34	25	30	32	26	415	71	227
34	25	32	31	26	404	63	230
33	28	30	30	25	435	69	232
32	26	27	35	26	439	83	269
35	24	23	38	26	460	85	277
31	24	27	39	25	398	76	215
33	24	28	40	29	409	78	239
38	25	28	48	31	483	79	242
36	26	28	44	28	419	75	202
36	26	31	44	31	417	75	192
37	29	31	43	32	408	76	208
38	30	29	47	31	404	73	208
33	28	29	37	28	278	63	202
33	29	31	39	29	295	53	185
31	30	29	36	28	262	64	187
31	28	28	41	30	296	70	227
26	29	30	36	28	274	72	210
30	28	29	37	30	282	74	204
30	26	30	37	34	308	75	198
29	29	29	42	37	333	59	229
30	28	29	40	35	334	76	231
30	28	29	40	34	349	81	220
30	30	30	43	33	437	85	226
29	30	30	41	32	405	80	235
30	27	30	35	26	392	82	234
27	27	29	40	28	396	65	217
29	28	30	41	30	395	78	241
26	27	29	38	31	312	80	240
28	29	29	38	29	319	82	242
28	31	31	42	35	348	82	241
28	30	29	36	33	337	79	213
28	28	27	34	33	347	84	209
31	30	28	36	32	369	88	242
28	29	26	35	33	404	108	257
33	26	23	37	28	438	122	263
34	31	27	36	31	468	133	267
34	30	26	37	33	476	126	265
32	29	25	37	36	432	121	235
35	30	25	37	36	391	103	210
32	30	26	34	37	422	91	203
32	26	25	36	35	376	77	206
31	28	24	38	34	352	66	210
33	29	27	39	29	376	64	211
31	28	29	40	30	385	84	229
33	30	30	42	30	266	85	206
33	32	30	46	29	283	86	213
33	33	30	43	27	310	89	185
31	32	29	42	30	316	108	179
30	31	27	42	29	322	117	181
26	29	28	38	30	343	114	179
26	29	25	30	31	355	113	174
26	26	29	28	32	338	111	183
27	27	27	32	30	328	139	184
27	27	26	30	29	312	122	152
30	26	27	34	29	322	122	214
29	25	31	37	29	296	121	206
30	25	29	37	28	279	144	221
30	26	27	37	30	326	105	228
31	27	27	40	32	336	103	230
29	30	26	37	29	298	101	164
30	30	24	36	31	283	110	176
30	30	24	38	32	316	112	208
28	28	24	35	31	265	115	218
27	29	27	34	29	250	124	222
26	28	26	34	29	239	126	224
26	28	25	36	31	242	121	203
26	28	24	35	35	204	95	198
25	29	26	33	33	166	81	181
28	30	27	35	34	169	96	175
31	29	27	35	34	276	98	206
29	27	27	34	31	275	93	238
29	27	26	34	26	298	102	199
32	26	25	36	29	312	115	196
31	24	22	35	28	330	92	222
32	24	21	39	30	278	92	227
32	25	22	37	28	273	107	210
32	25	21	38	28	245	99	207
31	28	21	41	27	232	88	204
32	27	24	41	29	219	98	218
30	28	25	37	26	198	96	186
32	29	26	37	28	223	95	206
36	32	29	35	27	230	105	223
34	32	30	33	26	220	104	242
34	33	27	29	24	255	101	218
35	33	26	31	26	284	106	217
35	31	26	31	25	269	103	202
32	28	24	34	26	269	92	246
33	27	26	34	26	276	94	229
34	25	31	34	26	254	98	218
32	24	30	34	25	227	96	231
30	25	31	35	30	234	86	254
34	29	31	31	28	262	94	191
32	30	30	29	28	271	126	190
33	31	28	31	30	244	119	212
34	32	29	32	30	249	119	216
34	31	28	32	28	247	125	173
30	29	29	36	31	207	119	169
31	27	30	37	32	199	92	203
31	26	27	35	31	219	102	195
30	27	28	35	31	190	99	172
33	27	28	35	33	194	92	178
34	26	27	30	32	207	99	246
34	27	27	34	34	215	89	247
33	28	28	33	33	187	76	234
31	30	25	33	33	229	80	241
29	34	29	35	30	244	81	245
28	33	28	35	33	228	71	203
28	33	27	31	32	246	78	167
25	32	28	32	32	265	92	164
30	31	30	33	31	248	96	189
29	29	27	31	31	241	97	176
29	30	26	33	28	260	97	144
32	29	27	33	26	272	95	147
33	29	28	34	26	268	82	191
35	30	28	31	30	286	85	209
38	28	28	30	29	288	87	228
39	28	29	29	31	295	92	242
37	28	28	29	30	255	91	242
38	29	26	29	29	247	91	213
33	26	25	31	25	212	81	169
30	29	28	33	26	187	79	195
28	29	27	33	24	201	70	182
29	33	27	33	25	223	67	180
29	32	28	34	27	221	74	176
32	33	28	33	30	279	75	193
33	34	28	32	30	302	83	174
31	32	28	31	30	304	82	167
30	30	29	37	31	315	81	177
30	30	29	37	30	320	75	232
27	30	27	37	27	266	82	229
27	28	25	36	27	255	67	211
27	30	26	36	29	213	69	207
30	32	25	32	28	203	73	205
34	30	24	31	28	208	66	263
35	28	25	36	27	214	66	265
35	28	29	36	27	205	62	264
37	32	30	38	26	208	59	270
37	28	31	37	25	219	53	265
31	29	35	38	27	204	54	203
33	31	36	36	30	222	54	192
35	32	32	34	29	228	58	195
34	26	34	30	28	221	58	188
31	26	32	30	29	213	59	191
32	28	28	30	27	246	72	180
32	28	25	30	28	236	68	194
34	28	26	31	25	226	71	201
34	30	28	37	28	264	74	209
34	32	28	39	28	244	79	228
34	32	29	38	29	235	68	198
35	32	30	38	27	232	83	186
31	31	30	42	30	260	82	168
28	31	29	37	29	234	85	175
28	30	28	35	34	239	81	168
33	30	28	37	35	255	103	182
32	28	26	37	36	255	89	180
36	29	27	34	34	239	98	224
37	31	27	36	34	229	104	213
41	30	28	35	28	215	109	225
38	28	28	33	27	222	108	204
36	29	30	35	29	239	115	213
31	27	29	33	30	217	123	165
32	27	28	32	28	234	125	171
28	28	30	33	30	237	122	139
30	27	31	39	28	190	105	171
32	28	31	37	26	198	107	181
33	30	34	41	29	227	91	188
31	30	33	46	32	254	81	198
31	31	32	46	30	259	89	214
28	31	30	42	31	267	105	194
24	32	31	41	33	271	95	161
26	33	28	38	29	270	102	180
29	32	29	31	26	247	98	192
29	30	30	31	28	262	99	168
31	32	29	29	27	257	87	183
32	30	28	29	25	222	85	186
33	29	26	31	28	212	69	161
31	26	25	31	29	235	67	122
33	28	24	34	26	292	65	140
31	29	24	34	26	285	69	116
29	28	24	35	27	281	70	129
25	27	24	32	24	290	72	124
28	31	27	36	25	273	98	213
28	29	27	34	27	176	88	202
28	28	27	34	27	182	80	222
30	28	28	40	28	256	78	215
33	30	29	39	28	237	105	253
31	28	28	37	28	234	92	195
29	30	29	38	29	241	92	193
31	30	29	38	29	261	98	200
30	29	28	32	27	243	142	215
28	27	27	32	29	240	124	174
27	28	25	32	28	228	119	169
28	28	27	34	28	245	139	172
28	28	26	37	28	227	137	155
29	30	29	37	28	194	94	183
31	34	31	37	28	190	96	188
31	31	30	37	28	300	103	183
33	31	28	36	27	284	76	179
32	30	31	32	26	290	75	167
31	31	31	34	30	296	78	154
33	28	30	37	29	308	77	182
33	32	31	35	30	225	66	183
31	30	32	38	33	233	67	185
30	30	29	38	32	241	92	215
30	29	24	36	29	219	85	186
29	30	25	35	29	241	86	163
32	28	26	36	29	219	86	217
31	29	26	37	26	223	101	219
32	30	28	37	27	220	92	201
35	30	28	37	30	216	97	209
35	30	30	35	32	175	98	206
33	32	28	36	30	196	111	168
32	31	28	29	31	188	104	198
35	30	28	31	31	176	92	180
32	32	28	33	30	212	91	178
31	31	26	36	30	219	104	198
31	31	27	34	34	198	92	207
31	31	25	34	33	192	88	176
29	30	24	36	35	232	88	181
27	28	25	34	33	203	95	171
26	28	26	33	33	242	81	171
26	29	25	36	29	263	77	150
26	29	25	37	29	300	85	168
25	27	26	36	26	271	90	176
27	28	28	36	29	280	80	194
27	27	26	34	28	260	75	194
29	23	28	37	29	251	85	200
30	23	28	40	30	210	77	194
30	24	28	42	30	224	71	197
31	24	28	43	29	215	81	183
35	27	34	43	30	206	102	191
34	28	33	40	31	212	96	172
33	28	33	37	31	212	93	181
33	29	31	32	31	198	110	176
38	30	30	35	28	230	118	178
36	28	25	38	29	226	101	165
39	26	25	39	29	212	100	201
42	26	27	41	27	239	115	211
43	25	31	44	24	234	100	203
39	23	30	40	26	224	80	216
39	24	31	35	25	241	81	219
34	28	30	35	26	257	97	215
28	28	30	37	27	244	77	202
29	30	28	36	27	258	73	199
27	32	29	37	27	248	74	282
25	28	28	38	31	274	86	284
26	27	28	37	29	260	66	266
29	28	27	32	30	262	74	270
30	27	28	29	33	291	82	309
31	25	26	27	32	309	101	228
29	27	25	25	29	271	94	205
33	29	26	27	33	305	97	271
31	28	24	30	32	322	103	286
29	30	23	31	32	309	103	246
30	33	25	34	39	295	85	242
34	30	24	37	37	294	81	274
31	29	24	37	35	284	100	259
35	30	24	35	35	252	91	234
35	29	24	39	35	252	85	243
38	29	25	39	27	238	83	262
35	29	25	38	30	241	97	228
36	34	28	36	30	257	80	221
32	32	29	38	29	258	78	212
35	33	29	34	28	245	76	217
32	32	28	36	30	288	93	198
33	33	29	38	28	298	80	214
29	28	24	37	27	263	73	160
34	29	25	37	29	309	74	158
30	27	25	37	29	306	82	209
29	27	26	35	30	278	64	225
30	25	29	33	31	310	62	209
32	27	29	34	30	302	90	210
30	27	30	32	30	253	91	233
29	28	30	36	31	262	89	182
29	29	28	40	31	249	123	178
29	30	27	39	29	207	124	177
28	32	29	39	29	224	107	175
29	31	26	39	30	226	104	182
30	30	29	38	28	277	107	201
34	31	29	33	26	328	78	185
35	30	31	36	29	321	79	193
34	29	28	35	28	311	77	200
31	28	33	36	27	313	76	165
32	29	31	38	27	243	66	129
30	27	33	38	29	178	55	143
32	30	31	40	29	237	85	132
34	31	31	40	30	243	87	118
38	32	26	39	30	262	91	192
36	33	28	38	32	289	93	206
37	32	27	39	29	305	104	238
34	30	27	34	25	300	79	242
36	27	28	35	25	304	79	261
31	27	29	34	28	308	80	216
33	24	27	33	27	290	92	202
42	28	26	34	29	275	77	161
41	32	27	34	31	239	86	157
39	34	28	39	32	286	88	129
41	34	29	39	29	292	87	154
42	37	33	37	30	284	76	167
34	36	33	33	29	292	78	166
34	32	32	35	29	285	87	181
35	33	31	32	29	314	96	206
36	37	32	33	32	300	99	188
35	35	29	35	32	302	95	192
34	33	31	36	35	307	115	182
34	34	31	35	36	318	102	169
33	31	31	35	39	296	100	166
32	25	29	33	35	277	94	161
30	26	29	31	33	280	98	158
30	27	27	32	30	323	80	154
32	26	27	33	30	342	82	147
33	27	25	35	26	297	73	161
31	27	28	42	29	360	74	166
30	29	27	42	29	357	72	151
33	30	29	41	29	313	57	163
33	30	27	40	30	331	61	180
34	30	31	39	32	326	65	177
33	30	28	33	31	267	77	175
34	28	29	36	36	282	82	173
31	30	26	36	35	313	83	169
29	29	30	34	34	283	85	190
26	27	26	35	32	334	90	152
30	29	27	39	32	348	87	145
28	30	27	35	28	334	83	143
28	29	29	38	30	316	83	147
33	31	26	39	29	314	99	112
39	32	29	40	30	261	91	118
36	31	29	34	28	277	84	117
36	31	30	34	29	322	82	117
36	32	29	33	26	303	86	99
31	28	31	33	26	299	62	148
22	30	29	28	26	305	58	147
24	31	29	30	26	300	57	146
28	33	25	32	25	277	87	153
32	34	27	31	25	279	103	204
33	36	23	32	25	323	102	173
