0	1	2	3	4	5	6	7
117	102	71	55	51	49	30	51
96	109	74	65	60	59	30	129
78	107	66	69	61	58	31	132
79	93	65	68	60	59	42	164
84	161	60	66	61	61	86	207
93	185	53	61	53	50	159	261
95	209	121	81	44	41	179	244
112	220	146	89	47	45	207	246
161	252	194	94	52	55	256	235
258	269	292	112	55	57	277	228
269	320	331	121	59	53	249	175
286	334	324	109	56	52	248	165
326	405	384	113	67	51	234	184
324	480	395	126	70	41	274	199
277	525	451	137	82	43	304	173
314	505	471	150	87	46	312	163
326	569	610	171	89	49	322	159
369	523	588	196	111	52	322	154
450	450	611	213	126	54	254	124
488	511	578	223	126	50	198	120
535	526	613	223	127	56	213	127
612	453	496	227	144	58	191	141
589	453	578	303	145	59	191	134
531	502	642	309	174	65	180	130
490	397	614	302	181	68	156	127
473	381	552	307	185	90	173	162
388	400	633	309	177	94	217	170
387	428	595	249	167	98	233	184
403	414	504	261	140	100	278	190
483	451	549	266	138	100	348	200
516	461	660	304	152	103	382	182
545	475	631	308	150	107	436	177
570	476	771	319	151	111	542	168
604	552	782	308	164	116	550	164
552	532	757	323	205	125	540	201
543	542	826	307	201	109	548	232
527	518	841	304	217	105	502	240
554	563	840	302	226	102	375	241
551	496	829	283	210	94	361	246
574	486	877	267	167	89	334	210
524	479	730	243	185	106	281	185
501	507	735	256	207	125	322	170
454	480	541	238	215	142	407	174
444	497	581	244	238	148	419	188
415	507	542	275	247	145	417	221
438	489	570	271	236	141	443	218
462	475	551	255	208	124	424	227
441	480	636	264	188	96	341	213
558	520	728	266	156	87	309	199
619	555	733	221	135	90	384	173
661	577	802	237	121	75	372	163
716	609	808	263	129	70	403	180
753	612	776	240	129	78	469	214
694	559	731	267	150	86	477	216
666	508	748	275	168	84	507	224
661	536	859	280	216	90	488	215
627	517	886	251	213	92	461	192
605	512	886	246	215	105	500	175
597	485	907	219	197	94	495	175
614	495	926	213	182	91	424	180
584	475	807	190	122	85	445	207
541	489	810	211	118	94	453	201
527	472	886	225	122	90	363	206
527	508	815	236	134	98	417	215
498	513	812	256	136	96	406	207
498	562	811	257	138	99	430	185
534	615	816	250	135	100	463	204
530	652	782	246	128	86	470	184
505	611	768	220	117	95	482	188
495	621	741	212	116	124	506	210
447	556	781	222	105	125	483	227
392	493	773	204	91	118	467	238
408	469	813	204	102	133	544	248
454	492	826	236	112	136	518	244
478	487	861	257	137	114	537	242
544	513	767	253	155	109	539	233
551	482	788	274	165	112	543	210
573	453	693	258	155	100	452	235
549	451	788	282	165	89	426	240
525	401	746	274	155	92	363	219
471	417	872	298	149	91	390	232
474	407	812	287	146	89	341	243
458	382	812	307	158	83	335	230
423	436	847	280	153	88	338	231
423	466	913	267	144	83	365	226
492	445	813	225	128	84	289	212
477	446	862	226	137	95	320	195
443	469	905	249	143	96	301	174
524	455	836	245	130	80	299	157
517	452	805	242	129	80	292	161
510	434	857	248	130	82	297	144
564	475	818	290	144	74	266	144
623	533	797	261	128	76	276	144
566	515	902	257	130	91	304	150
578	497	872	264	131	95	274	153
523	494	897	271	134	90	275	159
487	457	888	209	100	91	259	157
401	398	876	220	96	88	252	144
374	377	712	218	99	85	209	127
346	380	712	198	100	77	271	109
359	414	724	193	93	79	273	109
354	413	712	209	104	71	270	130
