0	1	2	3	4	5	6	7
372	353	812	149	154	64	329	177
424	344	796	160	151	69	376	179
473	452	811	191	156	65	371	196
459	465	846	241	240	76	432	190
463	474	766	266	270	85	430	204
443	449	667	276	272	81	458	194
405	439	801	319	320	90	442	211
382	323	749	339	405	121	410	197
404	314	809	328	369	115	347	198
393	315	806	333	344	114	292	182
423	362	812	329	339	116	235	182
428	419	796	320	377	108	418	188
385	450	784	298	300	82	420	188
350	467	702	275	305	87	444	194
333	440	710	275	340	87	501	215
318	432	711	287	352	87	508	224
400	405	702	278	326	91	414	201
458	385	769	258	309	84	428	199
478	397	819	306	299	87	408	205
576	419	802	306	273	90	376	247
730	371	778	288	297	90	390	274
709	348	687	283	264	99	329	281
673	381	665	327	279	110	343	274
669	404	568	319	291	106	360	292
600	399	611	313	273	108	368	274
519	408	640	338	232	109	375	265
487	433	705	316	243	94	378	262
489	394	685	290	235	79	405	257
478	322	699	244	214	81	411	245
483	355	720	227	214	73	405	213
462	418	742	197	247	69	404	188
525	394	717	211	225	73	406	200
573	477	699	237	244	84	443	202
623	515	680	272	241	80	459	197
631	495	613	273	244	75	441	182
539	450	538	276	279	88	449	210
530	480	541	274	280	81	446	213
535	427	594	235	255	73	372	233
502	420	566	201	254	78	351	254
584	419	598	200	249	76	335	289
751	411	597	213	172	66	325	288
852	403	570	203	175	66	323	312
890	432	571	238	191	62	297	306
913	417	659	243	191	62	501	296
881	399	627	252	215	60	551	293
804	398	666	261	227	60	548	284
716	395	735	269	222	64	543	273
675	357	720	263	217	71	559	283
669	350	636	281	222	74	390	275
640	365	645	278	216	84	313	261
689	361	590	244	247	82	279	268
696	335	462	232	229	93	446	247
728	301	407	207	240	101	480	273
728	296	499	172	249	102	477	266
764	325	573	154	234	96	489	243
670	366	579	147	184	96	540	217
638	383	614	174	173	88	471	214
582	388	649	208	199	74	414	163
609	376	597	211	199	73	391	155
712	358	495	211	199	71	425	181
728	348	551	228	199	74	375	183
831	375	543	214	200	68	323	173
898	383	545	201	150	69	330	168
895	377	536	189	192	58	353	183
876	352	564	201	198	69	341	158
907	348	506	190	210	71	324	157
819	328	486	227	217	80	316	169
745	340	414	229	289	90	366	178
716	358	411	239	275	93	421	165
606	360	392	232	277	88	416	175
618	337	383	239	264	87	428	185
632	276	366	199	285	82	508	175
630	265	421	180	207	76	477	196
650	232	421	181	168	74	438	233
661	228	408	173	157	73	428	231
584	221	395	156	158	70	458	276
558	227	461	167	112	64	407	291
517	275	447	162	194	55	400	267
439	343	495	155	210	56	391	231
384	346	491	159	217	55	469	251
361	345	513	165	216	56	435	185
270	355	509	152	231	64	422	155
252	320	482	213	232	75	446	189
343	251	506	225	232	71	442	193
518	275	504	228	228	74	360	171
565	403	528	225	235	83	390	228
603	398	540	234	222	82	435	253
667	388	529	184	232	80	447	242
627	438	460	180	216	79	454	242
505	433	449	178	216	85	468	261
498	351	411	178	217	80	455	232
500	361	292	167	274	77	398	222
576	372	415	263	252	73	392	216
634	307	402	291	269	81	411	222
628	321	426	293	270	72	372	231
615	306	435	312	296	79	376	213
572	302	453	326	266	78	356	201
442	287	387	257	255	80	384	203
391	288	381	231	243	71	406	197
422	296	495	236	313	74	401	179
441	295	526	213	291	63	374	184
548	323	553	191	283	66	500	192
545	321	574	186	274	68	458	191
560	331	589	157	285	70	396	184
592	356	480	143	227	68	436	164
588	355	447	143	240	65	482	164
534	352	411	144	227	66	370	149
523	376	360	178	214	71	368	139
527	366	415	186	229	78	402	199
456	319	476	182	228	79	399	191
415	307	462	172	210	77	342	199
386	262	459	208	243	80	355	204
375	248	462	165	253	72	333	209
317	257	429	178	249	65	297	173
333	250	366	179	234	67	243	204
400	265	397	216	261	67	298	192
388	303	428	204	229	61	266	183
376	283	406	211	237	63	294	187
365	297	357	227	211	70	301	169
342	304	534	264	240	75	292	141
309	330	511	250	230	78	251	202
344	353	478	229	232	78	286	221
347	354	482	248	230	96	320	222
530	377	474	247	283	105	332	228
623	449	282	216	261	97	344	269
623	463	333	215	293	101	369	236
623	454	514	225	288	112	427	224
624	478	530	237	299	101	386	229
531	450	574	255	260	91	379	229
479	446	635	334	275	105	407	180
465	417	609	338	253	115	456	202
466	393	497	338	273	108	403	238
496	386	558	317	253	102	410	227
454	391	605	302	258	99	393	221
408	361	529	219	241	96	360	215
432	359	522	195	216	77	292	200
429	359	497	191	198	72	264	151
429	397	410	199	209	70	253	152
483	437	347	168	200	70	288	168
497	427	383	149	201	53	356	170
475	439	491	160	185	56	324	155
472	472	489	146	167	65	313	163
448	496	659	130	135	67	312	169
396	570	652	173	211	75	312	167
448	561	640	202	233	78	275	163
493	626	590	200	232	86	363	165
470	608	652	205	231	79	369	155
462	567	525	204	232	81	369	132
443	459	513	163	139	74	360	132
370	435	500	128	78	79	340	144
328	325	638	155	112	69	230	139
373	328	576	170	134	75	213	140
368	310	584	176	136	71	205	144
356	331	617	181	141	71	173	128
344	337	690	190	144	64	133	118
332	307	676	180	120	72	169	119
380	347	726	159	94	67	168	133
373	341	693	157	88	69	185	140
416	311	658	148	115	68	202	140
415	307	584	129	115	68	228	128
420	326	439	99	115	63	208	131
350	272	475	96	118	58	206	121
409	270	492	94	127	62	222	169
370	268	515	101	99	59	206	179
372	262	561	120	96	60	216	200
361	248	609	138	90	59	274	203
355	258	591	135	83	60	289	200
284	228	641	126	70	51	273	154
291	234	665	133	68	60	303	170
291	246	746	116	66	61	363	160
250	253	722	95	60	57	356	155
224	350	788	100	65	55	373	153
284	377	812	114	73	60	375	165
291	415	863	134	110	54	383	157
297	436	840	151	124	53	385	160
303	433	861	155	126	53	377	152
339	374	913	164	128	68	369	221
315	401	945	166	126	69	369	241
309	378	923	152	95	68	337	228
324	367	950	139	77	66	372	219
347	398	1063	137	78	63	375	222
326	385	1012	125	69	48	359	185
362	334	1002	123	67	49	377	145
367	307	1038	120	64	53	436	148
343	285	993	120	61	57	401	163
342	226	838	146	65	56	406	168
347	218	838	154	91	59	428	152
309	220	760	149	88	57	414	171
298	235	711	140	90	57	422	188
328	268	732	139	92	54	403	178
334	292	825	128	90	56	390	174
357	365	807	135	77	57	381	162
332	369	845	126	77	54	465	140
353	367	814	129	78	61	417	120
341	354	851	141	82	75	388	120
309	341	796	136	97	77	397	118
264	309	779	130	96	85	470	118
305	322	791	133	94	88	440	131
341	321	907	138	96	85	444	133
348	328	1005	129	93	75	434	146
356	331	1083	119	79	75	440	159
381	314	1050	114	72	65	417	161
374	302	1012	111	70	61	383	163
321	288	922	99	66	57	375	165
315	277	734	94	73	56	379	155
307	302	721	95	71	51	350	135
298	294	762	88	66	56	358	140
317	297	794	93	76	64	373	133
324	297	886	110	78	62	392	151
341	301	958	133	82	62	430	169
397	268	986	163	98	70	439	173
377	252	999	174	105	76	387	188
335	242	977	175	100	71	369	196
372	252	852	171	96	74	379	192
353	239	812	157	87	74	331	175
299	228	705	131	88	75	337	172
296	205	624	125	84	67	317	160
322	194	779	131	85	64	347	147
307	182	872	127	90	66	325	144
355	177	865	119	86	64	317	148
384	194	976	110	68	56	296	152
398	195	1104	106	70	49	282	140
382	233	1074	104	69	54	238	147
359	243	1027	104	71	58	266	138
336	238	1083	118	81	59	333	154
324	261	983	142	96	62	356	154
342	310	908	158	107	67	414	150
436	300	913	163	113	75	439	147
433	328	1003	169	117	67	406	130
423	338	983	173	119	77	461	157
417	343	946	159	120	75	466	161
396	338	942	179	143	78	447	161
320	352	956	197	160	70	422	171
368	335	831	192	157	70	453	175
352	343	779	197	157	60	380	127
343	346	806	209	162	79	370	139
360	318	790	190	144	74	332	146
325	326	696	158	125	73	335	137
263	336	838	167	125	79	413	136
261	336	899	182	131	83	439	136
229	306	885	195	183	67	497	130
213	283	911	194	186	70	506	140
229	280	921	259	227	73	516	134
267	282	820	280	234	71	426	135
308	287	758	266	240	65	383	150
323	292	847	258	215	72	337	156
327	305	806	264	233	80	330	172
327	332	808	260	210	90	325	170
333	358	791	238	206	91	330	171
317	367	731	248	237	93	332	178
337	362	641	259	235	84	335	171
375	385	577	262	230	74	331	146
400	344	515	227	349	69	288	147
378	341	516	224	358	69	282	144
388	380	549	216	345	77	367	112
364	416	509	197	350	82	367	110
323	397	557	189	372	81	383	117
280	395	621	176	273	76	401	138
260	357	620	180	277	69	407	142
285	287	645	185	263	69	355	175
311	252	669	190	250	76	350	201
296	270	709	221	206	78	338	198
305	288	648	256	257	79	342	191
308	309	687	250	269	82	394	196
302	326	680	242	270	72	375	187
295	321	653	231	262	59	348	174
305	335	569	196	252	61	349	163
305	331	537	164	186	71	394	164
318	328	571	203	140	70	346	155
260	361	525	235	128	71	363	148
280	380	533	248	128	69	344	146
339	366	580	250	125	75	355	148
368	439	617	242	84	63	287	135
370	481	524	241	95	63	305	136
366	469	552	236	92	64	263	164
332	466	592	229	112	68	310	141
289	516	580	235	126	60	307	141
261	485	557	224	126	58	328	158
250	471	618	200	111	60	302	161
271	453	675	177	115	62	289	137
302	437	693	217	108	59	291	148
296	364	693	223	101	61	321	164
282	338	791	239	112	61	323	160
285	339	744	238	116	63	369	162
312	344	671	242	111	59	378	144
311	437	680	254	109	67	362	149
296	481	690	252	114	67	341	149
351	456	697	278	108	73	334	148
418	430	685	289	114	72	280	150
393	449	774	288	123	75	278	159
395	367	736	240	126	79	289	163
421	391	723	250	126	76	269	157
415	440	611	242	216	80	336	155
375	487	703	238	225	82	340	174
373	488	602	237	231	83	355	173
352	516	727	274	235	80	334	157
328	480	710	295	262	83	373	162
286	463	713	276	201	74	308	192
247	407	644	269	188	74	336	177
267	393	750	276	301	81	335	178
311	404	677	251	324	77	400	178
292	408	685	201	301	74	371	172
320	431	661	201	301	72	362	136
343	456	673	217	307	68	346	138
355	470	563	189	184	53	332	140
329	426	451	181	131	48	256	162
337	401	444	191	139	46	340	175
344	383	507	178	176	62	367	169
350	369	477	149	176	58	367	161
354	371	479	149	176	61	363	156
342	376	560	174	177	62	377	146
351	378	623	162	165	61	324	143
415	390	577	184	120	48	326	157
393	367	597	191	109	51	334	156
384	330	617	209	111	47	375	172
385	313	548	190	102	47	369	166
411	305	446	194	108	56	392	168
316	291	494	182	100	56	372	160
313	296	473	196	125	56	351	164
314	367	436	195	160	57	371	147
326	380	561	205	170	59	338	139
275	393	595	265	170	55	332	158
286	396	560	262	177	61	334	151
296	397	581	267	262	59	340	164
305	314	656	261	254	59	304	160
314	320	611	256	261	58	317	156
342	347	702	204	264	57	260	117
336	323	766	236	265	51	424	132
336	331	751	222	168	55	440	122
331	393	756	246	164	66	418	126
306	383	730	269	175	78	410	138
273	363	649	290	236	79	430	131
275	342	659	292	268	88	317	132
284	337	661	312	290	92	308	122
296	319	657	294	287	84	306	119
305	328	740	282	267	77	310	116
321	347	764	247	210	74	303	120
301	350	715	207	160	75	401	139
275	364	796	165	109	69	398	138
218	384	915	232	106	75	394	141
185	368	873	218	115	72	388	133
153	373	890	215	119	78	373	141
155	389	906	228	127	66	215	115
140	396	904	278	144	76	207	113
141	416	818	228	141	73	218	111
141	465	930	280	155	76	215	113
143	435	918	290	162	76	253	103
163	412	880	290	231	94	283	91
169	412	862	254	232	90	300	98
167	352	819	288	239	91	303	96
197	327	745	308	285	101	314	106
185	340	748	365	377	128	324	130
167	356	822	367	387	123	405	128
159	338	796	384	383	121	426	127
158	341	818	394	382	122	425	124
129	347	788	403	368	120	429	110
125	326	786	373	282	87	424	75
113	325	879	386	214	90	326	92
107	305	893	374	210	94	299	83
96	284	871	354	212	94	308	86
71	226	824	299	181	88	314	103
80	288	830	353	296	90	290	116
90	309	773	471	330	96	266	102
99	342	846	504	342	100	249	106
98	369	980	618	385	113	283	104
131	391	1076	674	400	121	343	106
139	352	1076	677	356	127	358	118
139	335	1009	621	370	122	370	135
139	346	1008	724	403	138	402	131
138	355	863	630	382	132	392	147
121	386	747	592	512	126	329	145
120	379	756	553	500	123	303	127
115	386	810	527	481	115	281	111
112	348	771	328	461	97	202	112
115	332	867	362	492	104	163	92
116	328	916	403	333	105	234	88
109	343	865	406	328	112	257	85
148	355	840	456	313	122	272	93
154	373	770	464	321	117	277	91
156	408	690	481	339	111	280	100
155	361	738	440	357	107	295	99
151	352	834	460	388	112	310	101
113	365	846	426	441	100	297	96
116	360	948	529	546	116	298	97
119	310	915	496	532	114	317	89
110	336	868	487	529	114	292	81
105	331	813	503	501	99	310	77
105	274	782	494	466	102	318	70
93	273	721	385	341	84	338	76
83	269	706	371	295	76	325	70
77	241	755	416	282	74	296	73
71	235	802	469	349	68	246	75
73	257	803	477	422	67	246	77
72	227	728	474	421	66	224	66
113	202	793	489	422	78	246	77
127	196	683	440	443	92	263	72
134	236	571	341	421	94	272	75
140	270	532	316	347	100	298	77
142	311	650	305	328	99	318	107
118	321	579	285	310	92	326	108
107	350	659	300	322	90	340	109
99	330	666	287	281	89	329	105
93	375	653	282	257	86	345	108
100	363	633	292	264	83	321	81
97	373	601	271	355	81	303	69
105	378	541	315	322	76	276	74
124	385	595	320	311	73	287	77
138	304	596	314	329	75	298	79
158	301	699	374	357	85	309	98
159	315	763	390	362	85	315	98
