0	1	2	3	4	5	6	7
81	322	198	156	190	61	31	131
74	304	204	158	222	60	26	71
77	369	293	145	227	55	25	61
86	368	299	130	209	44	25	55
84	330	280	83	201	45	25	63
86	275	278	84	168	33	25	190
87	295	279	76	123	34	25	221
86	220	188	69	91	30	24	233
100	227	178	68	84	35	26	240
147	248	116	57	69	33	37	241
149	318	117	52	65	37	36	163
153	301	117	71	77	36	37	118
169	316	112	79	85	40	38	96
165	318	109	77	83	36	36	76
137	327	106	78	85	37	25	62
147	263	88	74	83	32	24	50
143	259	68	54	65	33	25	67
124	225	75	57	60	36	24	59
125	190	79	62	62	38	27	60
109	105	84	65	58	36	28	58
87	75	90	66	51	36	29	64
99	128	95	64	47	36	28	104
153	132	93	53	38	32	26	107
158	142	90	50	43	34	26	116
166	143	86	48	42	58	27	119
169	213	80	46	43	75	67	125
190	194	85	51	46	81	109	90
224	220	101	62	48	80	117	92
305	269	165	69	46	80	118	90
329	325	168	89	47	69	131	92
353	363	196	106	58	57	142	98
354	404	248	114	57	52	141	101
329	507	359	136	62	62	301	134
320	545	359	174	64	61	321	134
314	639	399	255	102	81	339	138
377	732	447	263	102	81	344	142
372	820	531	268	102	81	354	139
442	849	555	299	107	78	257	120
452	924	623	327	116	79	234	128
504	950	618	316	97	61	207	137
551	993	631	312	101	114	196	139
674	1061	641	441	143	174	343	166
710	1177	615	488	162	272	525	203
730	1123	607	524	172	293	596	206
805	1106	708	571	195	296	650	219
800	1022	774	675	241	293	659	225
729	959	805	673	247	278	660	243
680	896	799	704	253	189	561	221
645	905	820	682	252	169	537	219
518	895	796	686	255	182	551	212
476	907	786	704	254	166	544	203
483	881	688	671	236	146	475	163
514	835	691	663	219	144	468	146
506	873	723	686	226	149	409	146
545	938	811	670	207	127	392	162
573	947	761	552	153	117	415	170
535	957	816	527	144	127	523	186
553	875	852	518	156	137	553	247
604	818	806	519	157	117	575	267
584	718	824	605	185	122	576	254
560	737	893	666	193	143	643	251
562	668	997	740	234	164	609	258
546	679	1048	739	257	170	674	241
513	676	1044	706	244	178	706	224
558	668	929	652	230	188	721	226
527	607	945	605	229	173	676	230
569	692	864	609	221	165	677	251
532	712	802	565	196	152	569	218
564	765	776	565	196	146	544	227
517	761	847	563	205	156	576	279
521	770	804	644	253	184	578	304
493	698	827	601	242	162	610	270
459	674	766	590	231	162	681	275
457	701	829	618	247	162	685	283
460	727	792	598	280	144	710	226
460	727	792	598	280	144	710	226
532	712	802	565	196	152	569	218
564	765	776	565	196	146	544	227
517	761	847	563	205	156	576	279
521	770	804	644	253	184	578	304
493	698	827	601	242	162	610	270
459	674	766	590	231	162	681	275
457	701	829	618	247	162	685	283
460	727	792	598	280	144	710	226
518	741	782	527	241	114	709	182
566	757	923	622	260	142	678	227
545	742	936	617	267	151	672	211
518	733	915	625	233	163	611	216
457	705	878	626	226	164	659	211
441	716	795	583	242	156	591	205
481	727	771	580	227	144	575	182
439	653	729	576	225	141	604	165
457	617	805	575	239	118	583	166
474	625	784	584	247	116	523	173
480	623	895	609	246	125	498	159
433	603	968	624	264	137	552	148
548	602	932	612	255	131	505	150
622	632	944	646	266	142	462	170
623	629	948	618	280	135	514	191
725	697	741	519	267	111	559	203
726	707	633	490	255	98	560	220
657	734	635	476	242	96	603	220
624	728	502	391	238	81	608	207
600	742	599	408	232	87	599	201
600	742	599	408	232	87	599	201
548	602	932	612	255	131	505	150
622	632	944	646	266	142	462	170
623	629	948	618	280	135	514	191
725	697	741	519	267	111	559	203
726	707	633	490	255	98	560	220
657	734	635	476	242	96	603	220
624	728	502	391	238	81	608	207
600	742	599	408	232	87	599	201
540	680	663	432	214	103	561	211
531	659	727	443	209	127	546	201
525	659	723	442	218	131	564	227
564	616	736	434	150	106	590	248
518	696	714	410	149	93	599	206
484	690	602	341	151	90	598	195
417	736	537	288	152	85	520	177
487	641	472	281	167	95	481	197
479	658	452	293	184	108	464	193
511	655	464	323	178	104	392	165
566	656	509	347	169	105	363	179
591	723	588	361	170	106	380	194
578	735	714	401	164	97	451	194
558	706	732	408	161	92	468	184
597	707	737	379	159	94	459	184
561	686	709	361	166	96	454	178
560	579	651	338	147	106	544	192
533	597	565	269	145	115	509	178
540	617	551	221	130	109	523	169
456	541	606	238	142	107	555	163
473	546	606	240	262	106	552	147
423	535	601	289	363	95	453	140
391	515	631	361	506	90	534	147
387	529	679	403	531	90	507	173
411	533	637	417	529	90	483	187
408	530	690	452	494	113	626	214
413	556	689	436	460	109	628	204
455	558	608	401	297	107	540	191
471	565	660	410	274	102	534	176
451	600	669	406	282	113	539	173
399	566	609	356	261	87	387	149
422	558	674	422	232	93	399	155
399	584	711	417	229	94	401	169
373	587	595	392	196	97	392	179
381	531	707	394	189	98	374	166
417	572	763	461	196	98	351	165
414	577	826	437	166	92	282	151
428	542	827	443	183	91	331	148
468	492	918	420	180	89	423	125
487	538	840	415	184	72	417	136
461	483	851	395	176	77	398	135
444	469	789	344	181	74	423	137
458	528	775	398	197	67	440	127
412	537	669	394	216	68	414	127
