0	1	2	3	4	5	6	7
74	217	42	57	32	201	41	167
87	221	41	53	31	222	36	139
99	205	41	47	31	206	38	148
95	220	45	49	36	189	42	150
100	196	42	45	33	186	48	151
97	164	41	46	33	178	49	141
101	152	38	43	35	188	49	134
87	153	42	47	38	209	51	108
99	148	39	44	37	212	52	134
115	148	37	46	36	232	48	141
116	156	38	52	39	240	53	142
107	184	37	48	38	226	55	159
107	185	31	49	35	204	51	158
97	159	33	55	34	224	51	129
72	145	33	55	34	235	50	119
76	134	35	49	31	228	41	125
88	151	38	56	30	220	58	114
100	166	39	57	30	228	60	126
101	182	40	53	28	221	55	123
101	196	40	55	31	199	54	124
103	202	39	56	32	216	58	110
100	182	40	56	32	210	42	109
92	264	44	58	34	197	41	120
95	261	43	61	36	200	41	122
95	260	43	59	35	200	43	126
93	264	42	59	34	177	41	130
89	294	39	51	33	168	35	138
95	269	35	49	30	174	35	148
91	268	37	56	28	213	41	139
90	269	36	56	29	206	42	144
93	285	38	62	30	217	41	149
86	246	37	68	33	243	43	141
81	184	36	71	35	253	41	107
86	186	33	65	36	227	39	125
89	260	35	68	37	235	37	150
102	244	33	62	38	242	38	169
101	270	36	65	38	217	39	170
109	323	37	63	35	235	47	194
107	320	41	64	37	226	49	208
109	267	40	64	35	263	51	187
102	308	43	69	33	259	52	166
113	333	44	65	32	259	50	170
102	293	48	66	35	227	43	162
101	310	51	80	35	323	42	137
109	329	55	80	37	297	45	150
101	304	52	76	37	293	44	152
91	263	51	73	36	309	47	137
95	268	50	72	37	342	47	122
95	250	41	51	35	261	48	128
96	212	38	50	34	247	45	137
105	272	38	49	36	248	46	131
103	251	38	50	34	239	48	135
98	237	34	45	34	195	47	128
100	233	35	41	32	171	44	125
81	239	33	37	32	171	42	100
76	171	35	40	32	183	41	137
79	226	34	47	35	170	39	134
103	273	34	47	33	168	41	146
100	290	37	47	35	177	45	137
105	307	38	46	34	169	46	152
107	308	37	46	35	147	47	143
105	276	36	49	34	187	45	150
101	228	36	50	33	202	55	139
108	225	32	50	30	189	51	138
117	232	36	51	29	196	53	145
113	215	38	59	31	215	61	168
115	218	38	59	31	207	63	172
102	214	39	59	32	190	55	171
97	208	44	66	34	209	59	179
91	210	42	67	34	228	63	190
92	199	41	62	33	225	62	176
90	194	41	57	38	225	65	171
95	200	43	59	37	231	65	194
97	217	40	53	36	210	61	192
91	184	37	52	36	189	58	171
84	187	38	55	35	173	56	147
88	196	35	52	29	158	60	185
92	196	33	50	30	147	59	160
90	195	29	47	29	143	57	152
109	190	29	46	30	150	58	158
111	198	33	40	29	155	54	156
114	191	35	44	29	157	42	122
104	197	36	42	31	171	41	143
103	181	37	43	34	185	41	148
79	185	38	48	32	204	41	138
81	173	36	50	34	197	37	142
76	175	34	52	36	188	37	140
83	170	35	53	34	179	39	124
80	172	35	54	33	197	44	126
81	157	34	53	35	168	46	113
80	183	35	54	34	174	54	122
73	185	33	56	34	175	56	108
69	175	31	55	36	182	58	107
69	161	33	53	35	155	55	111
77	214	33	51	34	183	56	111
79	209	32	48	32	182	49	136
84	203	34	45	30	184	47	142
85	204	39	54	29	224	54	138
90	213	38	56	28	218	55	144
83	182	38	58	30	217	49	154
86	159	39	60	31	229	50	129
82	156	40	58	30	225	49	123
77	164	34	48	32	180	45	136
76	171	35	51	33	193	47	122
72	142	34	52	33	193	48	123
62	138	31	47	34	212	46	112
68	139	36	51	34	217	65	116
74	129	38	53	31	224	60	98
72	105	35	48	31	214	58	128
81	115	38	50	29	201	57	120
81	124	43	59	31	179	64	137
77	114	40	64	32	213	44	137
84	125	41	67	34	246	48	153
79	116	44	72	34	258	48	146
83	120	47	75	37	260	51	150
82	115	42	67	34	249	46	142
80	132	42	64	33	211	48	149
69	116	40	59	33	173	45	133
70	123	39	57	34	162	48	114
65	155	33	48	30	152	49	101
75	156	35	49	31	154	47	94
75	167	33	46	34	163	48	122
79	172	35	56	32	170	50	134
79	187	33	52	30	173	51	134
68	157	32	52	30	189	51	141
62	170	30	52	32	218	55	152
62	156	27	49	33	216	53	132
59	169	24	39	30	217	53	138
64	148	30	51	34	229	53	139
73	150	31	49	36	211	50	135
70	161	30	50	34	183	46	133
74	158	31	48	32	172	51	117
76	162	36	59	36	156	52	129
69	162	35	51	35	120	48	127
63	168	37	54	35	123	52	124
63	141	39	54	36	136	51	111
64	162	39	55	37	149	46	116
71	176	38	45	37	160	40	79
73	201	38	46	37	162	39	116
73	194	38	44	35	170	45	131
78	202	37	44	33	157	46	142
71	196	37	44	38	166	46	138
63	175	33	40	35	148	47	142
71	143	30	38	36	156	62	112
71	138	28	38	35	145	57	95
71	146	27	34	35	157	58	98
71	132	28	34	30	149	60	106
99	138	29	39	31	157	62	111
97	164	32	47	28	165	49	126
100	187	31	45	27	176	50	125
98	189	32	47	29	160	49	166
111	200	31	45	30	148	44	160
86	214	32	48	30	151	48	183
92	223	32	47	32	141	49	175
113	217	43	57	35	122	48	187
113	235	46	59	39	144	49	147
98	225	48	63	41	178	51	150
97	204	47	59	39	174	44	113
95	197	47	59	38	168	48	106
70	202	37	50	37	185	44	101
68	164	36	48	32	191	44	126
77	170	32	47	29	171	49	146
99	185	38	54	30	185	51	148
94	173	36	47	29	184	45	148
91	154	40	55	27	230	49	149
94	164	38	54	29	239	48	130
95	163	40	53	29	243	43	115
71	137	41	53	33	230	43	115
66	117	42	59	34	261	45	112
64	113	40	64	36	305	45	95
58	89	42	68	40	324	49	96
59	120	45	70	41	325	57	99
66	161	39	63	38	344	55	98
73	189	41	61	39	338	52	98
72	194	40	53	40	256	48	100
70	197	37	53	34	212	44	87
57	189	34	56	34	211	33	54
51	158	34	58	37	180	33	48
55	128	30	58	34	210	34	74
56	120	29	56	34	215	44	73
56	117	28	50	36	210	42	72
60	106	26	41	34	206	41	71
57	106	25	43	31	229	44	72
55	111	28	41	32	203	50	44
55	112	27	42	30	198	42	39
62	113	28	41	26	197	46	34
61	93	30	46	28	193	48	34
64	86	31	51	30	266	48	35
58	69	29	49	30	276	41	36
59	99	29	50	28	310	46	35
64	107	30	50	29	317	43	35
70	106	29	47	30	327	44	33
68	127	31	41	29	294	42	33
76	154	30	44	31	276	44	32
77	164	32	43	33	257	46	66
82	209	35	50	35	289	49	69
81	210	36	49	35	284	60	100
80	222	35	47	34	272	63	135
74	222	35	49	34	299	66	140
75	213	34	50	36	289	71	130
77	172	32	47	36	300	68	130
77	199	32	48	34	320	58	108
83	195	37	51	35	341	66	96
84	191	94	47	36	325	66	141
88	199	147	49	36	323	54	147
80	272	206	50	37	286	55	157
80	296	281	57	38	307	58	159
82	416	365	64	40	269	51	156
79	439	535	80	40	291	54	132
90	437	535	76	40	314	59	128
95	422	564	82	44	319	65	121
93	436	569	81	43	294	61	125
110	371	568	84	46	312	61	108
109	382	450	72	47	273	57	95
96	402	467	75	47	264	54	113
88	384	417	68	43	267	52	155
90	349	367	65	42	250	53	158
67	296	292	52	35	226	48	160
82	255	214	49	32	233	50	154
92	255	136	43	31	216	51	161
92	240	109	54	29	238	47	125
93	233	130	54	30	243	46	136
89	247	239	55	32	233	45	132
80	281	347	52	34	279	42	131
81	368	525	63	42	318	40	108
94	521	690	74	48	301	42	115
114	586	811	99	54	315	44	95
116	585	811	101	54	350	45	97
112	562	776	105	56	312	43	98
106	489	669	100	50	273	52	105
94	335	520	85	47	270	50	101
84	255	314	55	38	274	49	112
83	265	240	48	40	252	50	113
89	280	254	45	36	271	53	194
107	330	253	44	38	267	43	193
103	324	202	44	36	284	54	202
86	273	154	50	37	325	58	207
96	244	141	51	34	311	57	215
93	224	73	51	35	303	55	155
77	171	82	51	32	317	54	156
82	169	91	51	31	324	42	162
82	176	106	43	31	257	39	166
76	200	145	43	32	244	39	181
76	226	172	46	30	265	42	210
75	290	182	55	31	261	55	215
79	318	248	56	37	228	55	196
95	386	355	60	37	382	57	193
90	392	360	68	35	399	58	177
95	389	466	65	37	386	60	161
93	342	476	56	37	382	50	155
96	350	462	59	34	397	54	164
81	288	414	56	32	261	50	160
98	298	451	52	32	264	49	150
92	312	389	51	31	264	43	137
88	329	439	64	33	281	47	132
85	320	467	62	32	267	47	144
87	349	526	73	35	287	49	143
83	330	487	69	33	273	50	144
89	309	445	71	38	298	53	127
93	371	378	62	36	265	48	179
88	362	318	59	37	250	43	166
85	326	136	51	33	249	54	158
69	312	114	54	36	277	53	184
70	327	93	49	32	244	54	207
62	226	76	48	32	265	57	180
62	196	66	46	30	257	56	177
66	248	58	39	32	215	46	175
66	258	41	33	30	169	51	163
55	232	34	34	30	166	48	147
51	233	38	32	30	137	46	149
52	245	37	35	31	153	48	147
53	187	37	35	31	190	47	147
48	199	38	37	32	200	39	135
53	237	50	38	34	213	48	162
60	229	51	40	35	222	52	140
57	222	74	43	35	218	52	144
53	245	177	42	35	178	52	148
60	242	305	55	39	189	52	165
55	212	363	65	38	238	54	141
58	204	368	65	37	284	55	146
60	200	373	68	38	375	53	142
70	171	410	71	39	386	56	146
67	152	342	64	32	380	55	120
70	143	296	54	33	347	54	102
66	204	298	58	35	371	51	128
73	214	315	51	30	302	50	144
69	246	426	56	36	295	47	134
68	318	574	69	40	299	49	134
67	324	640	70	42	318	48	128
63	310	663	66	43	266	52	90
57	335	725	75	47	244	57	102
50	338	695	71	43	264	57	101
48	276	630	58	43	259	59	114
44	269	561	58	41	239	56	128
45	261	537	57	42	206	52	128
56	231	436	46	39	200	46	95
88	223	313	42	39	163	45	117
91	215	162	37	35	149	40	113
94	215	190	41	35	145	32	137
94	213	225	44	34	146	31	141
86	204	224	42	30	186	33	152
59	156	225	41	31	190	37	140
53	184	236	43	32	190	40	160
51	227	203	37	28	168	40	134
59	236	139	32	28	158	38	135
66	231	133	42	34	149	46	135
62	237	136	46	38	187	48	148
63	229	158	52	40	238	55	128
63	190	159	53	40	271	57	124
53	180	202	55	43	284	57	119
44	173	197	49	41	265	50	130
43	189	194	48	35	250	48	117
56	191	162	38	32	200	37	144
55	198	156	40	33	170	39	145
61	212	94	35	28	163	42	155
64	207	96	38	27	169	41	141
66	189	94	39	30	144	41	150
62	220	84	40	30	151	42	143
70	220	89	37	29	143	38	152
75	203	88	39	29	134	33	177
73	209	78	41	29	140	38	171
73	263	71	43	27	169	47	160
78	224	70	43	27	188	50	149
74	247	65	43	32	190	53	170
74	244	64	45	34	202	56	138
81	251	65	43	37	200	57	140
83	214	65	44	40	276	57	162
77	228	83	48	46	338	66	157
82	223	156	64	49	352	71	160
107	244	192	80	50	371	74	191
120	256	237	90	57	390	80	210
125	243	243	87	57	332	75	200
130	235	250	91	56	283	67	198
133	255	250	84	53	293	60	277
109	244	234	72	51	328	57	298
111	249	199	63	44	316	47	299
113	246	193	65	41	318	50	322
109	261	179	56	37	311	47	320
108	236	120	57	36	353	45	234
115	230	97	55	35	337	47	194
102	206	70	50	32	357	47	187
94	240	66	49	35	377	45	231
95	216	55	52	34	388	48	258
91	195	47	52	35	345	52	287
93	254	42	50	36	311	52	285
92	262	42	49	38	282	55	291
91	246	44	52	39	295	56	262
92	284	43	52	40	274	54	244
93	308	40	50	38	250	48	213
96	274	42	53	36	254	43	200
104	285	43	67	35	347	46	220
115	280	42	70	32	329	46	254
109	246	43	78	31	420	44	260
118	226	46	80	30	456	49	261
110	205	44	81	35	453	51	267
101	200	40	71	35	382	59	266
94	244	39	70	39	437	56	193
104	275	42	68	41	361	59	181
97	272	38	64	42	316	55	177
93	303	37	60	37	335	57	194
90	293	40	60	35	338	49	155
91	254	39	57	35	272	52	169
91	226	36	47	33	280	51	272
87	229	39	47	34	276	54	278
92	186	39	49	34	254	59	265
97	184	40	54	38	262	59	273
102	209	40	50	37	227	57	276
90	232	43	50	37	217	55	201
100	262	44	50	39	221	52	195
93	283	46	56	41	237	52	213
84	289	43	50	37	228	44	201
85	289	44	56	38	239	44	194
91	272	42	58	41	246	48	160
84	264	43	64	40	262	49	172
100	258	41	60	38	245	47	139
101	246	44	63	41	259	47	135
86	316	41	56	41	260	47	131
96	330	41	56	37	260	45	141
93	305	37	48	37	239	49	137
88	317	36	48	40	252	49	155
89	317	32	43	37	250	49	198
105	217	33	52	39	284	54	217
100	230	32	49	38	247	53	215
99	240	32	54	37	252	50	212
111	210	37	62	41	276	61	269
112	226	40	63	43	263	65	286
102	234	39	62	44	212	69	269
106	246	40	66	46	224	69	285
110	251	43	62	46	216	68	293
88	255	39	52	41	144	52	241
85	290	38	53	38	130	46	186
87	307	39	47	33	116	30	187
72	268	37	41	31	90	29	186
62	263	34	38	29	116	34	172
76	286	34	37	27	123	39	157
105	259	35	36	27	124	46	154
103	258	38	40	29	130	47	150
101	268	35	40	29	141	48	108
105	270	35	46	36	170	54	140
97	239	33	45	36	164	59	176
68	229	36	52	40	189	55	173
71	219	33	50	42	209	55	172
83	226	34	52	43	229	62	189
89	226	35	50	42	201	58	175
93	266	37	56	45	217	55	166
93	284	32	47	42	202	55	172
94	295	34	48	40	208	60	192
95	300	35	46	41	177	56	201
97	295	36	48	38	175	52	194
96	271	34	44	34	178	53	180
117	242	33	45	34	176	51	201
115	232	31	43	34	152	48	183
117	212	31	43	32	156	52	166
110	253	27	38	34	184	57	168
109	251	29	36	36	158	53	160
86	242	30	35	35	149	53	124
85	263	37	40	34	139	50	120
70	255	37	41	35	138	45	134
71	214	39	42	35	131	45	136
66	225	37	42	34	149	47	134
67	259	38	43	35	171	48	136
78	224	31	40	35	180	53	139
77	227	30	38	38	179	54	142
76	240	30	38	38	158	52	167
88	222	32	37	39	162	56	184
86	197	34	36	39	138	57	184
79	216	34	40	40	138	56	184
82	222	37	45	39	170	53	167
79	234	35	48	35	198	51	152
74	313	34	49	34	184	49	146
76	331	34	52	33	194	49	146
95	341	41	55	35	207	50	142
108	348	39	53	33	180	47	145
108	337	41	50	35	153	48	145
105	278	42	53	36	158	45	151
111	251	41	52	37	160	49	150
101	267	38	47	35	156	52	149
88	268	36	46	36	189	55	171
86	260	36	50	36	201	54	169
95	259	37	48	36	200	53	155
98	277	38	48	36	188	49	154
91	241	34	48	34	177	46	154
94	266	33	47	34	162	42	166
124	268	38	45	31	147	42	158
122	267	34	40	28	157	43	157
114	255	35	43	26	169	48	165
120	265	39	57	28	206	45	183
119	230	39	58	26	203	51	153
104	268	34	58	28	222	51	140
102	288	37	64	31	237	61	215
105	281	34	62	33	233	58	216
105	264	31	50	31	197	61	203
103	277	32	48	32	194	61	197
93	270	34	49	32	167	60	209
89	271	35	41	31	127	46	137
81	285	35	41	33	126	49	128
82	296	34	38	34	118	49	147
91	297	35	40	33	131	56	155
89	287	36	36	31	155	56	166
105	279	35	39	35	164	61	168
108	265	37	41	31	163	58	174
98	251	40	44	32	188	59	163
88	243	40	48	36	184	51	190
87	247	37	47	37	164	52	172
82	233	36	47	34	168	47	170
83	333	36	52	36	196	51	201
85	345	33	51	37	191	49	203
92	352	33	54	35	196	53	172
89	347	33	58	42	216	54	174
73	338	34	59	41	210	53	199
72	246	34	57	40	216	50	176
79	270	36	57	39	213	52	170
71	279	35	49	36	196	48	166
74	261	34	45	29	179	46	177
86	267	31	44	29	185	47	177
85	275	31	40	29	141	51	170
78	230	29	37	29	122	48	170
90	209	33	42	30	151	47	172
87	212	35	41	30	139	45	163
83	291	38	44	30	130	58	163
81	278	36	43	31	134	53	161
88	293	39	52	34	177	61	166
79	295	38	54	34	161	60	177
83	297	39	54	35	160	60	167
91	244	40	53	35	161	65	171
91	242	40	55	34	171	64	174
85	245	40	47	33	142	57	176
83	224	41	48	31	135	58	175
90	245	38	46	30	136	60	194
79	219	36	46	28	145	43	220
77	240	34	45	28	148	45	217
80	230	36	47	27	137	42	238
80	231	32	41	27	150	42	227
67	204	33	46	30	151	47	236
68	241	32	42	30	144	47	181
78	231	35	43	34	138	50	205
72	225	34	43	30	154	54	178
80	250	33	45	35	183	62	213
81	305	34	43	34	187	57	202
80	269	36	43	37	184	58	205
80	263	36	47	35	189	58	190
85	257	35	46	36	179	54	197
