0	1	2	3	4	5	6	7
127	502	306	62	38	31	28	40
135	484	315	60	39	31	27	44
135	444	311	60	40	34	27	43
121	414	309	67	42	35	27	36
108	458	278	69	41	36	28	34
111	492	269	64	40	35	24	35
100	473	252	69	39	34	25	30
102	451	233	69	40	32	26	31
88	408	208	65	36	32	26	30
90	397	258	64	35	32	26	32
81	432	268	63	33	30	28	32
88	484	279	62	32	33	27	33
87	475	296	61	30	32	28	33
92	463	283	58	31	32	26	32
90	489	236	56	30	30	25	35
85	469	253	57	34	33	28	35
91	500	248	53	34	32	28	36
97	558	263	58	33	31	27	39
98	598	267	59	34	29	27	40
94	563	270	65	34	28	27	37
116	579	255	68	34	26	24	41
117	554	257	73	35	24	26	47
121	524	269	72	36	24	25	46
122	488	274	76	39	30	29	47
130	493	286	73	40	32	29	50
115	462	305	67	40	35	30	48
102	422	306	62	39	35	29	42
99	422	280	59	39	35	28	41
97	453	288	57	36	32	24	39
82	460	305	51	33	29	24	33
81	422	277	47	28	25	24	30
90	425	246	42	30	26	24	31
85	400	225	40	29	26	26	29
99	332	198	35	28	24	25	30
104	342	214	46	39	30	28	35
102	373	300	49	40	31	26	35
104	425	302	54	39	30	26	34
111	481	328	62	40	32	26	37
96	537	344	65	41	34	29	38
102	548	330	60	34	30	30	36
105	556	346	63	33	30	30	38
104	538	371	64	39	34	35	42
99	517	353	59	42	33	35	43
124	489	358	60	47	34	33	48
117	462	335	62	51	35	32	48
116	441	246	59	50	35	32	47
121	422	222	57	48	31	26	46
122	382	222	59	44	29	24	46
107	368	196	61	37	29	24	39
106	342	194	59	32	29	21	39
108	414	230	65	35	29	23	39
108	391	224	62	34	30	23	41
117	475	228	72	37	32	27	46
109	497	257	73	39	29	27	46
110	507	276	75	39	29	27	45
119	450	240	74	38	28	25	48
107	502	241	76	36	28	24	43
89	465	234	64	34	26	20	30
97	499	197	64	33	29	22	34
99	492	181	62	32	28	23	35
79	493	197	61	36	30	28	37
86	459	242	59	38	34	32	40
85	470	262	63	37	36	33	42
79	447	282	57	37	35	32	39
74	483	281	57	38	37	32	40
79	486	291	52	35	36	31	35
71	467	256	52	31	32	27	34
81	491	231	53	34	29	26	37
77	443	216	52	31	30	26	35
82	415	210	49	30	27	25	33
91	451	192	57	29	27	22	35
91	457	211	55	29	29	22	35
85	375	205	50	29	29	21	32
101	411	245	54	30	27	24	33
99	407	249	59	29	26	23	32
94	353	242	60	34	26	25	31
107	427	251	64	35	25	24	34
105	442	267	71	35	23	23	32
104	420	228	75	36	24	24	37
108	439	236	73	41	28	27	42
105	430	229	66	35	28	26	41
103	381	186	65	39	31	30	43
103	382	171	57	38	32	31	44
97	450	152	51	38	32	29	42
97	446	128	49	32	30	27	38
92	446	150	49	34	31	26	38
85	419	191	48	30	26	21	34
91	444	191	45	31	28	23	36
83	381	198	44	29	26	22	32
80	353	228	44	32	31	23	34
85	359	225	44	32	33	24	34
84	345	217	42	32	35	25	32
89	331	226	41	31	33	22	34
90	373	263	41	31	36	23	37
96	514	252	38	28	31	23	38
104	572	237	44	29	27	24	41
113	587	241	44	31	27	24	44
112	580	253	48	31	27	24	41
122	617	255	57	36	27	25	44
118	545	249	56	36	27	24	43
109	517	269	53	33	28	25	41
102	530	255	54	33	29	25	44
112	599	244	56	33	32	24	45
97	522	230	47	27	28	24	43
93	555	260	49	28	29	25	44
99	522	260	50	29	29	23	42
96	503	261	51	27	27	24	37
87	394	251	47	26	27	24	37
96	410	243	52	30	28	24	38
95	346	222	53	30	31	25	37
90	334	206	49	32	32	25	35
90	317	193	47	36	34	24	37
89	365	187	48	37	33	24	35
82	343	221	50	37	32	21	33
85	357	197	50	37	29	22	32
85	403	215	60	35	27	23	35
96	429	229	63	32	27	23	42
90	383	245	63	31	26	24	40
106	390	220	58	31	29	28	41
105	373	224	59	32	29	26	42
108	328	225	54	32	31	25	39
100	307	235	48	32	28	24	29
97	363	260	49	33	31	24	29
79	376	251	52	33	31	22	29
89	369	287	49	32	31	26	29
95	406	309	51	35	31	25	32
90	472	305	50	38	31	25	32
102	460	305	52	37	28	28	37
102	464	341	48	38	26	28	38
91	459	340	53	38	26	25	37
81	434	308	49	35	24	25	35
89	361	305	51	33	27	26	37
78	381	288	58	33	28	23	33
85	379	270	58	33	27	26	35
84	379	258	53	31	27	26	35
84	418	269	61	32	29	28	38
76	459	272	62	34	27	28	37
99	545	346	61	36	27	29	41
99	645	367	62	36	26	26	38
105	711	391	61	44	31	27	40
112	697	388	55	43	30	25	40
112	680	441	55	43	32	25	40
90	629	427	52	42	31	25	37
82	535	442	51	41	32	25	34
82	543	434	57	36	29	25	35
79	576	445	59	35	29	25	33
86	560	386	60	35	27	25	33
97	521	371	56	35	29	25	36
102	515	334	58	34	28	25	36
106	478	353	64	33	29	25	39
110	450	334	61	32	30	24	39
108	462	344	65	34	32	25	42
99	492	328	67	34	33	24	38
110	496	322	65	32	33	25	42
114	438	272	59	32	32	27	40
110	476	299	70	34	31	27	40
110	497	286	63	33	30	27	38
109	480	247	62	36	27	26	39
102	456	228	61	38	29	26	37
89	435	220	56	36	30	25	34
90	424	187	46	37	30	23	35
105	392	228	52	37	29	24	37
109	369	249	54	34	30	23	38
113	400	331	66	45	30	25	37
113	398	362	68	45	28	24	36
125	344	382	67	45	26	25	36
111	332	362	61	44	27	26	34
107	327	367	57	43	25	27	32
115	334	321	46	33	27	24	34
122	359	318	55	35	28	24	37
107	387	357	56	34	31	23	35
120	434	399	64	36	32	23	37
118	457	394	70	38	35	24	36
118	481	407	76	38	35	25	37
118	515	438	68	39	36	26	34
130	526	393	68	39	37	29	36
132	510	366	66	41	37	29	40
152	603	395	68	42	36	28	45
144	590	365	64	43	35	29	46
147	599	342	68	43	33	28	49
144	604	359	72	44	33	28	49
142	660	398	73	46	34	27	46
127	633	387	71	45	32	28	44
130	631	377	71	45	32	27	43
125	600	354	74	46	38	28	40
124	642	359	76	48	38	28	41
118	606	305	76	46	35	27	43
128	559	287	79	49	38	28	49
121	550	306	78	50	38	28	49
123	535	318	73	45	36	29	50
121	445	293	65	42	35	28	48
131	400	341	65	42	37	28	47
128	420	329	58	41	37	27	42
130	390	334	53	36	37	27	41
144	434	324	58	41	34	26	44
146	437	314	62	41	34	27	43
138	489	284	59	40	32	26	41
131	460	306	59	36	30	26	37
131	456	285	58	40	31	25	40
120	420	265	51	37	32	25	38
135	407	319	49	36	32	23	38
140	325	307	47	36	32	23	40
145	344	307	52	38	33	25	42
144	384	327	53	36	33	25	43
135	417	328	56	37	34	27	41
118	425	297	56	38	35	26	41
129	476	298	60	40	35	27	42
124	457	275	51	37	33	25	39
145	517	251	60	41	33	30	42
146	551	318	60	38	30	29	44
146	552	310	63	39	31	30	45
127	540	409	63	40	34	31	42
128	523	447	68	45	36	32	44
106	537	478	67	42	35	28	37
108	574	461	70	45	37	28	38
109	580	472	68	46	36	27	37
106	606	404	70	46	35	26	38
109	611	440	72	48	38	26	44
102	542	478	66	51	38	27	44
101	427	453	59	49	37	26	44
90	442	460	62	49	39	26	45
106	456	447	57	46	37	28	48
102	474	388	54	43	33	27	42
127	509	384	58	39	32	28	46
140	595	401	64	39	34	27	46
174	679	387	75	49	35	31	58
167	645	397	77	52	38	29	54
168	651	381	78	52	39	30	56
161	614	336	79	59	40	29	57
151	575	318	84	62	39	29	57
131	458	314	70	56	36	28	47
137	496	298	77	56	35	28	48
132	485	355	72	54	34	29	47
132	490	325	70	50	35	31	47
138	483	352	62	45	33	32	49
143	484	379	67	47	34	30	50
142	522	395	65	44	32	30	49
142	501	349	65	44	32	29	49
135	617	365	70	46	32	27	46
138	642	349	74	47	34	28	44
125	665	326	73	44	36	27	40
132	733	312	71	44	35	28	42
142	752	314	70	44	34	27	46
146	661	313	72	41	34	28	44
137	607	324	69	49	39	27	45
133	613	337	67	54	42	29	44
121	453	337	60	54	44	29	41
112	458	345	64	56	46	32	38
99	460	327	57	54	44	30	32
107	495	340	54	47	41	30	33
100	474	329	52	39	35	27	34
109	557	320	58	39	32	27	34
122	572	401	70	42	34	28	39
168	584	392	69	41	35	28	45
168	559	371	71	41	36	30	44
184	649	363	76	41	37	30	45
188	605	365	81	43	39	29	50
193	585	256	72	46	37	26	48
160	578	298	78	48	37	26	46
153	647	292	85	47	35	26	46
143	544	276	81	48	36	28	44
129	516	333	76	48	38	29	39
116	546	359	76	44	35	27	38
111	567	331	70	42	35	28	37
127	521	345	57	42	35	29	37
127	549	371	57	42	36	27	38
127	568	321	54	41	33	28	37
119	537	297	52	40	35	28	36
131	542	305	56	43	37	28	37
128	514	295	59	41	36	26	36
139	502	277	59	40	35	26	39
156	478	296	67	39	35	23	43
155	459	311	69	38	33	23	42
147	456	307	69	37	35	23	44
146	470	312	67	42	36	25	47
134	430	291	68	41	34	26	43
115	394	271	58	42	34	28	39
116	434	236	58	44	35	28	40
115	404	220	56	43	34	29	37
99	370	216	56	38	32	26	32
95	395	275	54	41	34	26	33
98	409	276	54	37	32	24	34
101	360	302	50	35	33	25	34
102	390	319	51	35	33	23	33
108	401	307	48	37	34	23	36
112	377	302	54	35	34	24	37
105	372	301	54	36	34	25	36
105	387	285	62	37	32	23	37
110	374	305	62	34	31	22	39
106	412	319	68	34	31	25	39
108	434	294	63	31	31	23	35
110	449	313	66	33	31	24	35
118	476	321	64	37	33	26	38
112	506	344	66	41	32	25	37
120	511	335	64	41	32	22	41
116	523	344	66	40	32	22	42
122	572	339	70	42	34	24	46
118	541	346	68	39	33	23	46
136	551	362	63	40	34	28	47
143	516	365	71	45	33	30	48
149	521	345	72	45	33	29	49
146	473	396	67	43	32	27	46
139	500	385	66	41	31	28	42
121	489	346	66	35	28	25	41
110	497	373	55	28	28	26	33
107	485	371	50	29	28	27	35
105	463	299	50	29	27	28	34
113	441	333	53	31	28	29	38
108	391	323	55	38	29	29	38
100	396	319	56	41	32	30	39
90	366	333	56	40	30	28	34
95	369	341	52	38	29	29	38
89	403	331	51	38	29	30	35
98	405	345	53	34	31	29	37
100	399	323	57	34	27	28	34
101	413	321	58	35	30	29	36
87	422	338	58	36	31	27	34
92	393	336	58	35	30	24	35
91	418	325	53	34	30	23	31
97	419	344	48	30	32	24	36
94	425	371	51	29	32	24	34
100	404	362	52	31	31	26	32
96	390	351	48	32	30	29	33
93	365	330	52	33	31	29	34
92	359	320	59	35	30	28	33
97	370	322	57	35	28	27	33
99	407	333	63	36	30	25	35
97	415	322	65	37	32	20	31
100	402	324	64	36	31	22	33
88	392	296	58	36	30	24	27
83	356	252	58	37	32	23	30
76	333	226	50	34	31	23	27
81	313	233	50	33	30	24	30
109	348	257	52	32	28	23	37
112	341	287	52	33	28	21	39
113	366	304	53	33	27	23	39
113	390	353	59	33	27	26	40
111	392	349	56	31	25	25	43
82	328	332	52	31	27	26	36
75	342	335	51	30	26	28	37
73	322	323	49	28	26	27	35
68	290	248	45	30	25	25	34
63	292	238	45	32	26	26	31
61	328	243	43	32	25	24	30
67	309	216	41	32	25	24	29
74	325	214	45	35	29	24	29
79	363	218	49	33	29	24	28
80	355	244	52	36	31	24	26
78	338	230	55	37	32	23	26
88	358	214	58	37	33	24	26
80	322	213	57	35	32	23	24
95	269	267	53	35	30	24	32
95	280	262	57	35	28	26	32
97	287	262	58	35	26	26	34
88	325	283	59	36	27	25	33
91	334	274	57	36	26	25	35
81	350	220	56	37	27	24	29
86	382	252	58	39	29	22	31
102	391	258	54	40	29	22	36
97	354	245	50	40	29	21	36
95	347	246	52	38	27	20	35
99	352	269	56	39	28	22	36
90	317	217	50	35	26	24	36
70	289	206	50	32	25	23	31
76	303	300	52	33	26	24	32
77	314	305	48	34	27	25	33
65	317	294	45	32	27	22	34
91	381	337	63	34	29	22	36
97	419	337	72	36	30	24	38
95	434	347	73	37	31	23	38
96	435	364	74	37	31	24	36
106	430	371	76	41	31	26	39
91	401	358	62	39	30	26	34
102	405	387	62	47	31	27	35
104	398	366	66	47	30	27	35
106	405	358	66	48	29	28	37
95	409	346	66	44	27	26	31
96	394	334	69	46	29	25	37
76	370	327	66	42	29	25	36
77	339	262	63	42	30	27	35
83	391	322	65	42	31	24	37
84	394	335	62	42	32	24	38
81	385	346	59	41	29	27	36
88	387	335	51	33	27	25	36
99	407	335	53	35	27	25	40
96	357	264	52	33	25	25	39
96	346	303	59	38	26	28	40
100	362	297	61	39	26	26	38
105	397	310	67	45	29	29	39
106	390	334	62	41	26	27	37
105	395	335	61	43	29	28	37
105	402	366	61	44	30	27	38
102	436	404	73	51	31	27	41
95	437	503	74	49	31	27	44
94	447	534	93	56	40	29	52
98	481	570	94	56	39	29	52
102	477	552	93	54	40	31	55
108	469	563	84	46	39	31	53
114	610	532	92	44	38	29	49
107	601	488	80	44	33	29	46
101	565	457	79	41	34	30	45
107	600	483	92	47	35	30	45
103	584	444	90	46	34	29	44
98	443	477	78	51	35	30	47
90	451	499	70	45	32	30	40
92	464	491	70	46	32	30	42
76	410	445	54	41	31	28	36
95	489	497	60	42	32	29	38
92	442	388	55	35	30	28	32
102	432	357	55	34	31	26	34
104	449	400	58	36	33	25	36
108	536	454	52	40	34	27	42
100	498	437	52	39	34	26	39
103	520	519	60	42	34	26	42
117	602	577	60	45	35	27	44
139	628	580	70	48	36	34	49
148	595	537	76	46	34	32	50
170	596	543	112	63	48	35	61
185	690	522	110	64	49	38	69
183	661	537	123	76	61	42	69
181	656	523	123	75	62	39	69
173	626	519	124	78	63	39	67
172	692	590	105	73	58	40	65
160	623	616	108	74	59	39	61
149	636	589	96	61	47	35	59
144	635	678	97	59	46	34	58
154	637	675	90	53	42	32	59
126	529	583	73	40	40	28	52
131	487	577	71	41	36	30	88
134	449	591	79	46	39	36	103
129	436	477	70	44	36	36	121
126	452	479	81	49	39	43	138
134	484	461	82	50	35	47	146
122	474	386	77	46	36	46	127
117	432	339	65	41	32	43	118
115	460	332	63	42	32	44	132
108	453	342	49	36	28	37	119
93	433	380	53	40	29	32	109
96	447	376	53	40	28	36	143
100	471	386	54	38	27	39	158
99	457	374	58	41	27	39	149
99	445	378	56	41	27	40	149
109	499	340	56	35	27	40	152
104	525	340	67	37	30	36	118
109	519	294	70	41	34	32	111
104	502	288	66	38	36	34	124
110	515	309	73	41	36	33	132
110	461	332	76	42	35	43	166
117	495	317	72	40	32	45	179
117	500	332	69	38	31	46	189
118	477	376	72	37	30	45	167
114	460	362	68	36	33	46	161
112	506	346	63	42	33	38	125
112	478	358	58	40	34	35	116
103	481	342	58	44	36	33	121
103	512	306	58	44	35	34	120
106	558	314	56	45	35	35	126
102	514	325	58	41	35	33	127
111	473	294	62	43	36	35	119
109	456	301	59	41	33	34	82
123	530	290	59	42	34	33	79
121	488	271	60	40	34	31	77
119	518	272	58	40	34	32	113
104	514	267	49	36	32	32	111
127	544	304	54	38	33	35	151
114	443	304	51	36	30	34	156
122	459	294	58	40	33	35	151
125	506	307	67	42	34	34	125
126	539	345	69	44	34	34	125
119	514	301	75	42	34	31	74
134	524	400	77	44	35	35	61
128	519	399	71	38	30	32	54
137	438	387	62	38	29	32	49
149	481	423	66	36	28	31	46
139	564	453	57	36	30	33	38
131	577	371	58	38	32	31	41
130	633	377	58	41	35	33	42
122	651	367	57	39	35	31	40
118	610	328	52	41	35	30	39
124	612	331	54	44	35	29	45
149	651	334	61	42	34	26	48
150	581	316	61	41	35	26	47
151	652	325	67	47	37	27	50
158	659	278	72	47	39	30	53
158	599	252	72	43	36	30	48
121	541	292	62	44	37	31	41
116	585	358	68	47	37	30	43
111	502	379	64	44	39	29	41
98	513	419	66	42	37	27	38
92	538	462	67	46	40	25	36
112	529	590	65	43	38	25	37
114	495	636	65	42	36	25	33
106	481	626	62	41	33	27	32
107	450	631	67	44	34	27	34
105	396	585	63	39	30	25	34
104	403	449	68	40	30	27	36
117	486	362	75	44	31	29	46
121	476	357	75	43	29	27	47
115	460	321	65	39	26	28	44
117	439	337	64	41	31	30	46
108	418	316	62	39	30	28	45
100	326	346	51	30	28	27	38
115	413	365	55	35	32	28	42
120	453	391	58	36	33	27	45
116	452	392	59	36	30	25	42
117	463	400	59	36	31	26	44
114	425	355	60	36	30	25	41
104	357	331	58	32	29	25	40
93	321	304	52	30	29	26	38
96	350	327	52	31	26	27	40
112	342	311	53	33	28	27	41
114	372	298	49	32	29	28	43
110	439	308	64	33	26	26	39
117	477	331	69	37	27	26	40
114	485	283	68	35	27	27	40
115	569	361	71	39	28	28	45
114	578	405	74	41	30	29	46
117	524	402	61	40	30	30	47
122	545	394	61	37	30	30	45
125	534	441	63	40	31	28	45
106	461	372	58	36	30	26	38
103	537	409	59	38	27	23	35
97	510	450	62	39	27	23	34
81	436	437	57	39	27	23	34
80	447	440	58	40	28	28	37
87	484	479	58	38	26	27	37
92	400	429	50	34	26	27	36
89	490	446	58	37	29	28	37
94	531	443	61	39	29	28	38
96	531	405	62	39	30	26	35
86	475	364	61	40	32	27	36
80	457	332	62	42	33	28	37
82	440	238	54	37	31	27	35
80	422	280	54	37	29	28	36
74	422	267	50	31	25	26	33
76	423	280	48	39	27	26	33
71	398	283	48	39	26	27	31
82	372	284	51	41	28	27	33
89	414	261	52	43	30	26	36
92	413	271	55	44	33	28	39
95	431	281	58	38	28	27	40
100	450	299	58	40	29	25	44
94	429	308	54	40	28	25	42
94	376	309	51	37	27	24	38
98	369	322	47	36	27	21	35
106	435	300	49	37	29	22	38
102	440	413	53	37	32	25	35
101	439	416	56	40	34	24	37
103	445	413	64	41	35	26	39
103	479	467	72	48	36	29	42
119	466	498	72	47	39	30	41
133	477	424	80	54	46	31	39
145	526	496	88	56	46	32	42
148	533	504	86	61	51	32	41
154	513	448	89	60	56	31	42
147	477	465	95	65	54	31	41
150	472	460	86	58	48	29	46
158	452	395	82	57	47	28	44
152	495	409	81	51	42	25	44
141	477	411	73	47	36	27	40
135	456	375	65	41	34	25	42
122	439	390	77	48	43	28	43
97	450	366	70	47	45	27	40
101	397	347	68	46	45	28	39
102	403	354	73	46	43	25	42
99	418	328	73	43	42	25	40
103	414	291	60	35	34	20	34
103	346	307	65	34	32	23	39
110	340	300	61	35	33	26	41
116	367	319	57	34	34	26	41
121	344	328	59	39	36	27	42
118	353	323	58	38	33	26	42
112	353	306	54	40	31	25	39
103	350	291	56	39	29	22	37
107	327	276	56	39	28	24	36
94	337	279	53	36	26	24	33
115	389	281	60	37	28	26	39
137	418	280	59	38	27	26	46
134	402	276	56	37	27	27	45
139	484	243	66	43	29	27	48
140	489	302	75	46	31	26	50
122	435	296	70	46	31	24	44
102	422	285	72	43	31	25	37
106	461	299	85	49	35	26	45
94	355	343	76	43	32	26	38
97	340	293	66	40	31	28	37
108	345	302	67	40	31	27	41
114	340	319	72	43	34	29	44
112	286	314	61	39	36	28	37
115	274	284	61	39	35	27	41
113	303	270	59	39	37	28	41
100	341	291	59	37	38	29	38
92	356	294	54	36	38	29	32
94	365	294	58	35	32	27	33
84	374	281	60	38	37	28	31
79	358	276	61	40	37	28	31
96	353	240	59	39	36	29	32
96	318	273	57	38	34	28	31
92	329	261	45	36	34	28	32
91	370	282	49	33	29	28	30
101	371	320	50	33	30	26	29
84	345	334	54	34	30	28	29
77	352	288	52	31	27	26	33
81	340	281	61	35	29	27	34
86	300	261	56	35	30	26	37
80	308	246	56	32	28	27	39
89	352	279	62	37	28	25	41
94	377	283	65	38	28	28	38
99	361	287	64	40	30	29	39
98	366	285	63	40	31	31	37
95	429	287	67	43	32	30	37
99	420	263	57	40	31	29	35
99	381	265	64	42	33	27	35
92	377	285	65	40	31	25	34
94	357	287	70	43	32	24	34
98	335	273	73	42	33	24	35
96	396	265	81	44	33	27	36
93	420	265	72	38	30	26	36
91	413	236	66	37	34	25	34
95	459	270	64	36	34	27	39
101	408	285	60	39	34	26	36
94	338	270	55	38	36	25	36
93	322	270	56	40	36	26	35
104	416	338	59	40	33	28	39
99	380	326	57	35	33	26	32
91	376	304	57	30	32	25	34
92	362	334	51	30	34	23	34
100	354	326	52	30	34	22	36
91	279	258	47	32	34	21	32
92	311	240	50	37	34	21	35
94	348	305	48	38	32	23	36
90	328	278	48	36	29	22	35
85	362	302	49	36	31	23	35
89	381	370	57	36	29	24	37
92	355	374	54	30	28	26	35
85	338	326	57	34	29	24	34
85	337	354	56	35	28	25	31
85	331	386	60	34	27	25	33
77	279	324	51	33	26	24	30
73	278	340	58	38	26	23	33
84	301	354	61	36	28	27	34
87	308	322	66	35	30	26	38
84	306	284	64	37	30	26	36
83	330	287	64	39	31	26	37
74	358	260	56	35	30	27	34
70	430	285	49	31	27	24	34
64	439	315	42	33	26	23	29
61	418	311	37	31	26	22	28
62	414	311	39	32	26	23	28
69	398	330	39	35	28	23	29
67	309	285	42	35	28	23	26
79	348	261	43	35	28	26	31
90	353	273	47	35	28	26	34
93	362	288	50	36	30	27	33
90	362	278	50	37	28	26	34
93	384	276	49	40	29	27	39
83	338	274	47	39	29	24	34
71	342	264	45	40	29	25	33
74	328	249	45	37	25	22	36
77	318	233	49	38	29	24	37
70	264	256	49	34	30	23	33
75	252	277	48	34	30	23	35
79	293	258	45	33	32	24	34
79	329	261	45	32	32	25	32
81	328	280	44	29	28	22	30
80	324	274	43	30	27	25	30
80	330	242	43	30	26	24	31
80	315	253	46	31	28	23	34
77	308	327	47	32	28	26	36
74	316	338	45	32	29	27	36
74	330	345	43	33	31	26	37
70	367	363	45	32	31	27	36
70	345	360	47	31	29	26	34
67	338	286	42	30	29	24	32
70	348	254	40	32	30	23	31
74	349	250	42	30	28	23	32
78	324	224	42	32	31	24	31
79	321	225	42	32	29	22	33
80	333	224	43	32	28	24	32
72	326	240	45	30	28	25	36
68	326	207	44	31	28	24	35
61	306	198	43	29	25	23	35
62	302	188	41	28	27	25	34
56	259	197	40	29	26	24	33
60	261	174	38	29	26	23	31
70	290	185	42	31	28	24	31
80	398	220	44	31	28	23	33
77	417	227	41	35	27	25	30
82	424	221	46	34	28	25	31
80	417	245	45	35	26	25	30
