0	1	2	3	4	5	6	7
314	464	549	220	81	51	236	143
327	494	583	208	72	61	241	161
330	503	593	213	78	64	259	138
327	529	635	198	75	62	240	147
303	524	608	223	84	62	253	153
281	512	653	226	93	62	245	133
260	451	593	273	98	69	267	111
239	456	595	251	85	64	238	111
195	433	509	246	89	63	226	93
198	379	613	268	85	63	221	91
232	338	607	271	87	64	257	81
260	358	568	229	84	51	230	91
263	394	588	241	91	53	279	91
299	377	635	250	89	56	286	95
291	381	554	206	82	52	298	96
293	398	519	198	71	47	285	106
330	379	554	204	68	43	304	96
327	368	528	194	61	41	274	134
353	386	466	191	61	41	254	137
354	384	483	247	77	55	244	143
381	420	490	268	82	57	224	142
329	407	526	262	81	58	196	146
352	374	518	254	81	59	197	111
313	386	546	260	80	59	197	105
325	409	506	203	71	53	214	90
288	367	488	165	65	53	237	87
303	393	398	142	66	52	229	85
319	409	434	143	63	55	214	100
339	403	438	124	61	54	229	109
334	398	501	125	57	51	214	108
321	390	558	124	60	48	249	116
353	383	561	137	58	51	248	120
329	409	555	145	62	47	274	121
330	401	531	138	64	49	285	117
336	381	453	147	61	48	304	116
340	390	381	173	57	48	279	132
305	397	389	197	71	56	311	140
302	357	419	194	69	62	309	131
305	349	494	202	65	62	307	131
297	362	515	194	65	61	330	145
343	351	537	174	64	63	311	123
339	328	519	160	53	55	296	123
331	336	479	158	52	47	284	121
311	350	412	183	64	47	280	120
293	338	506	211	77	48	210	105
295	387	490	233	81	45	226	105
309	368	503	221	82	47	227	83
340	353	595	243	87	52	223	87
325	346	600	224	83	56	199	89
374	357	509	202	70	54	235	86
324	297	564	191	77	55	205	81
325	304	562	200	75	55	206	94
307	335	477	174	76	51	248	96
312	344	462	177	76	48	290	93
287	391	486	187	88	54	278	96
279	423	457	179	81	52	298	108
250	480	487	175	79	49	305	102
225	447	490	188	80	49	289	97
253	440	492	193	81	46	251	94
263	407	484	271	96	44	231	92
323	397	437	273	97	52	216	84
344	354	478	283	99	52	229	87
383	385	519	297	96	55	240	93
358	402	555	293	93	53	235	104
349	390	565	209	68	48	244	107
302	379	590	203	65	43	244	110
301	386	612	179	64	41	208	108
283	422	563	127	59	41	252	103
287	414	540	131	69	49	274	99
268	437	498	123	70	53	280	99
287	450	579	201	88	56	279	104
296	442	522	224	93	58	279	116
301	406	579	253	103	62	213	117
313	388	605	253	100	60	203	119
323	421	679	271	101	59	209	119
298	437	660	249	88	52	208	110
266	450	675	246	83	58	255	95
248	430	655	238	74	49	270	95
253	453	612	235	75	53	330	108
274	412	584	217	74	50	326	116
303	388	504	196	70	54	325	111
302	401	442	177	74	46	306	126
317	430	418	175	75	51	284	136
329	406	403	177	67	47	245	123
287	412	371	197	70	49	246	112
274	427	366	193	75	49	249	116
287	377	373	203	71	47	240	101
264	352	396	196	70	48	261	88
253	359	447	200	72	44	258	122
311	323	439	189	68	47	261	139
309	305	484	182	64	41	263	136
362	332	557	166	62	44	257	144
362	343	533	155	64	50	255	147
348	355	533	190	76	53	221	120
302	402	518	187	82	54	204	99
300	390	564	191	84	60	235	108
237	387	594	201	86	61	242	97
238	383	677	245	88	57	222	98
246	400	709	235	88	59	224	104
251	402	782	247	81	61	325	108
243	458	756	241	80	56	303	100
273	463	675	260	89	56	314	105
312	455	587	219	83	53	347	93
308	432	613	200	70	49	392	86
310	403	580	186	72	57	351	100
346	360	542	213	69	57	346	107
323	331	543	177	53	56	326	108
280	366	676	169	53	58	316	122
272	397	639	167	57	56	275	118
256	405	592	163	59	44	222	107
227	420	613	175	66	46	227	98
216	433	666	184	65	58	306	108
203	416	544	270	87	63	307	90
208	371	536	277	86	66	286	95
254	366	542	286	88	66	290	98
228	353	563	294	99	68	309	109
228	346	571	310	109	69	255	95
232	348	606	257	94	63	216	106
240	356	574	247	93	59	298	106
220	351	598	243	91	60	301	104
239	346	565	237	82	70	303	108
230	338	534	214	72	61	293	107
224	349	499	204	76	61	297	112
228	352	554	225	90	61	259	110
209	343	502	235	96	62	263	118
189	380	510	209	92	69	270	104
187	376	575	216	90	68	259	109
214	364	581	227	94	68	266	95
224	379	557	204	80	69	241	98
239	385	557	187	72	68	278	90
278	358	602	179	72	49	237	120
283	362	554	175	70	48	244	115
292	345	537	170	64	54	321	125
284	342	496	170	63	61	320	120
291	327	524	169	65	62	295	124
265	315	484	190	73	62	322	104
286	348	409	185	77	65	350	118
254	358	390	176	74	60	275	105
239	345	429	188	78	52	306	107
219	375	437	187	78	49	315	102
201	364	435	166	66	48	304	96
165	333	438	167	65	44	262	78
180	400	447	157	65	51	270	86
198	400	439	143	59	54	215	86
239	379	446	151	63	51	228	102
248	364	465	149	63	48	244	101
259	379	479	147	62	48	250	113
251	304	499	166	65	40	236	114
262	312	553	195	79	43	242	113
232	301	592	195	76	45	203	93
226	306	559	217	82	44	159	105
204	285	559	215	88	46	158	96
242	325	559	216	85	57	188	116
237	318	518	193	76	57	188	119
243	337	449	196	77	58	225	119
240	343	428	169	68	59	228	111
238	350	420	164	64	61	230	121
206	324	373	155	69	54	214	106
196	340	338	160	74	46	209	102
179	320	315	157	81	48	171	107
204	352	400	184	84	51	175	110
222	366	453	195	87	51	183	97
221	359	587	203	81	53	199	93
203	343	599	203	72	56	207	112
199	340	664	196	66	58	198	109
171	296	652	173	65	57	210	104
196	297	723	157	62	64	216	107
189	332	630	142	67	65	195	106
204	366	614	122	64	63	180	85
199	349	580	136	63	62	218	95
206	351	552	126	61	60	205	96
223	344	419	129	62	48	193	98
225	320	446	137	60	42	217	95
245	277	480	182	81	47	226	100
266	311	488	168	79	47	194	117
273	345	463	171	81	49	194	134
239	339	447	176	78	50	204	131
253	331	425	180	81	54	196	129
226	392	482	167	65	51	209	127
202	404	592	183	67	51	239	103
239	412	631	192	67	51	260	102
239	412	724	189	66	53	298	98
245	449	808	173	57	49	321	105
276	442	797	162	58	56	331	123
272	466	779	181	59	52	346	125
249	445	812	206	64	57	351	114
285	478	779	231	73	57	322	113
272	478	707	236	74	60	296	115
265	446	703	265	88	55	274	98
281	431	618	271	90	56	253	99
288	429	570	266	90	55	279	95
258	424	507	275	88	56	277	98
276	382	484	270	90	56	285	92
256	401	471	243	74	54	286	89
247	380	458	244	77	53	261	106
229	411	447	236	86	54	193	108
249	387	461	199	80	51	198	121
252	433	556	209	83	48	199	122
274	452	585	202	85	48	195	128
276	462	622	165	80	54	199	114
290	461	673	154	62	49	241	106
275	462	659	167	69	49	285	91
247	445	645	178	68	47	274	91
225	418	629	196	70	49	293	96
221	413	623	225	75	46	298	89
214	373	577	226	75	44	281	92
213	380	632	255	75	45	212	89
209	350	583	275	82	56	249	94
211	339	609	267	79	56	230	74
198	325	623	257	80	54	254	79
196	318	604	271	85	53	246	77
186	309	604	244	84	57	282	98
200	314	662	217	82	56	277	95
200	297	650	204	80	54	286	98
249	293	616	185	73	57	268	98
245	353	686	207	75	60	261	106
250	338	667	234	83	59	233	111
257	333	588	232	76	49	223	113
253	386	566	248	91	55	225	121
241	405	574	255	92	54	225	124
250	364	509	224	88	52	222	122
292	360	593	193	78	51	216	99
278	382	737	218	82	57	188	91
283	384	754	233	75	49	166	84
271	351	733	241	78	46	148	89
308	415	797	232	78	55	162	80
283	429	779	238	84	54	195	94
332	430	775	233	85	62	226	115
354	422	749	218	81	65	224	116
355	440	798	221	79	68	224	111
309	399	781	246	84	69	219	112
306	459	736	234	81	71	243	103
292	464	651	225	82	64	276	120
279	445	661	202	78	64	275	123
327	472	667	184	79	69	285	129
329	460	587	160	72	62	296	142
332	385	613	166	70	59	264	141
309	370	593	149	60	55	197	115
299	349	561	172	71	58	224	114
229	286	506	174	71	53	245	108
244	290	646	191	72	52	237	90
233	304	636	193	75	53	254	95
220	288	594	227	92	55	263	100
236	328	607	211	85	50	260	97
264	367	650	218	85	47	238	97
259	381	600	197	80	48	243	101
266	372	579	203	78	47	219	104
278	412	599	171	60	44	221	94
256	388	578	178	59	43	200	88
235	355	521	164	55	44	252	88
249	328	454	183	68	50	249	98
271	368	455	199	74	58	252	96
290	347	508	204	76	57	242	100
295	368	546	203	75	57	359	127
292	428	519	202	77	58	337	131
295	461	546	190	77	55	341	120
261	450	547	186	84	50	334	115
228	460	562	191	87	58	347	123
267	441	564	196	85	60	241	105
295	396	690	232	91	62	216	94
273	365	718	238	87	62	209	103
279	349	718	228	78	58	239	117
277	298	755	216	70	51	303	107
263	338	764	246	86	54	297	113
225	328	652	240	87	46	300	117
230	357	583	236	89	48	293	110
225	349	588	239	88	49	282	118
264	382	505	232	90	49	199	118
251	335	468	204	81	43	211	115
303	370	481	185	75	45	230	115
292	340	533	179	68	43	236	126
286	373	520	166	69	45	242	121
280	383	574	164	64	45	232	120
277	400	592	198	64	45	214	118
245	393	594	191	60	47	196	124
278	382	643	194	61	44	301	116
287	350	628	192	65	41	289	104
258	335	600	207	72	42	308	110
244	321	585	166	67	42	318	101
240	294	587	170	68	40	328	88
245	304	536	177	72	40	223	82
244	324	608	192	74	40	221	76
264	305	640	178	69	36	190	92
274	351	665	172	74	41	165	118
255	346	732	174	74	47	172	122
240	371	736	190	79	49	187	125
231	364	740	184	73	51	182	122
254	385	706	210	77	53	198	108
242	378	680	209	70	56	235	91
250	398	610	193	66	54	220	91
230	383	598	174	57	55	229	89
238	376	536	166	61	54	227	95
177	367	486	160	70	57	285	90
197	336	466	167	73	49	252	81
217	353	508	174	73	45	264	76
221	351	591	216	79	43	250	82
216	344	608	218	76	42	254	84
271	343	609	203	65	39	180	99
272	386	641	210	66	42	205	94
251	350	609	209	68	41	192	96
