0	1	2	3	4	5	6	7
197	318	600	322	275	87	245	97
194	374	601	310	216	91	243	71
181	349	537	266	233	97	269	71
170	336	395	190	213	171	427	123
164	323	344	152	202	224	494	157
154	325	272	130	201	230	485	155
142	289	213	110	192	230	482	159
128	310	284	174	131	230	480	155
120	290	283	193	141	183	401	119
112	305	285	194	137	121	412	78
118	287	288	193	137	118	432	240
115	262	287	195	210	118	453	284
122	247	194	129	210	115	478	298
137	238	171	86	185	110	455	300
132	222	165	75	193	97	366	302
129	243	141	73	194	91	330	203
135	305	161	69	108	136	352	148
116	410	201	59	88	146	314	121
98	465	213	62	80	141	269	116
98	507	215	61	54	141	258	104
133	505	215	58	83	136	249	93
136	499	208	59	99	93	172	60
148	407	154	59	101	87	135	50
151	564	153	59	104	88	132	49
176	595	157	60	106	89	133	55
201	640	166	60	95	93	141	67
234	763	166	75	98	88	123	74
234	840	179	88	106	69	107	76
277	917	183	98	108	61	93	85
317	1032	210	106	106	67	76	85
392	1020	237	111	97	63	72	84
415	969	252	105	85	65	73	148
422	962	287	96	89	68	78	161
404	869	291	91	86	67	78	154
436	721	296	93	98	53	78	158
355	722	276	89	110	51	60	181
324	759	269	94	115	49	56	195
353	725	225	107	103	45	48	200
353	667	326	123	105	46	49	207
260	621	376	125	108	46	46	203
247	661	485	134	96	46	45	205
217	564	505	131	96	40	39	295
136	558	587	120	96	38	46	387
103	504	554	108	141	46	46	389
92	517	516	95	134	45	47	432
84	487	453	80	135	41	51	429
84	548	479	88	132	67	60	398
86	612	435	93	149	80	59	392
84	652	426	87	129	78	65	413
85	646	429	97	136	80	72	410
116	735	385	109	138	82	75	518
115	721	348	109	148	85	70	515
120	696	385	120	146	79	95	537
128	679	385	126	128	78	99	541
128	714	411	135	158	82	93	524
95	603	434	154	192	91	87	419
95	552	427	160	203	76	86	379
89	489	336	170	217	72	56	372
76	475	345	168	256	74	42	355
72	431	353	160	346	69	41	338
109	478	341	136	353	59	42	332
113	478	319	127	355	53	36	329
116	557	308	126	349	49	32	170
117	544	329	130	323	44	28	134
130	528	282	137	233	59	33	162
99	485	275	146	227	58	32	155
91	482	277	161	259	58	33	145
79	417	291	137	276	58	32	141
79	410	241	128	287	60	31	134
55	441	229	124	265	43	27	83
53	465	262	114	242	41	29	113
48	463	263	89	230	48	32	120
50	437	243	93	218	52	33	120
45	413	220	107	203	47	33	122
53	379	252	106	276	56	36	120
68	287	247	117	298	58	33	80
70	277	249	124	274	53	30	62
81	224	252	124	255	50	30	52
87	215	247	112	277	52	29	45
81	217	207	107	205	47	23	37
76	250	147	90	266	55	23	32
79	255	154	100	306	57	22	28
76	263	216	135	313	58	22	28
71	264	229	138	333	61	22	27
69	247	238	136	335	61	22	27
58	204	232	133	265	49	23	23
54	152	217	118	207	44	23	23
38	158	164	77	200	43	23	23
