0	1	2	3	4	5	6	7
26	50	25	24	21	20	19	19
30	70	25	24	21	20	20	19
28	61	25	26	20	21	21	20
30	60	24	25	21	21	20	21
29	61	25	26	22	21	20	23
29	60	23	25	21	21	20	23
32	60	23	26	20	22	20	23
32	59	22	23	21	20	21	22
31	59	21	23	22	19	24	21
32	57	21	22	20	19	24	20
30	58	21	21	19	19	25	20
23	34	20	18	20	20	26	20
26	51	23	20	20	20	24	23
27	52	24	21	20	22	23	24
25	53	24	20	22	24	21	23
26	52	24	20	24	25	21	23
27	53	23	21	23	24	21	23
23	32	21	23	22	25	21	21
23	30	20	25	22	24	20	20
22	28	19	24	22	23	22	20
22	25	21	25	22	23	21	19
21	22	20	25	22	23	21	20
22	22	22	25	23	23	20	19
22	22	22	23	23	23	19	21
23	23	25	25	22	23	19	23
23	43	25	23	20	22	20	25
23	44	25	24	21	26	20	24
23	46	24	22	21	25	20	24
24	48	23	22	22	23	20	23
24	62	23	24	20	24	20	21
23	52	21	24	22	22	19	23
24	54	23	24	21	20	19	23
22	53	21	23	20	21	20	23
24	52	23	25	22	23	23	22
22	54	21	22	23	23	22	23
23	53	22	23	23	24	21	21
23	52	21	21	25	22	21	22
24	51	24	23	25	22	22	25
21	50	23	22	21	22	20	27
21	28	24	24	23	22	20	26
21	30	24	21	22	21	19	26
20	29	24	26	19	24	21	25
22	29	24	25	19	22	21	22
23	29	23	26	20	24	21	23
23	45	23	25	20	24	22	24
22	45	23	28	20	25	24	23
23	45	25	26	22	23	22	22
21	46	23	24	23	23	22	24
21	48	25	23	23	23	23	21
23	50	25	23	23	23	23	21
26	52	28	21	23	21	22	21
27	52	26	21	23	23	23	20
27	55	28	23	24	25	23	20
27	70	27	24	25	23	20	21
26	59	27	24	22	23	20	20
24	59	23	23	22	23	20	21
24	59	23	22	22	23	19	22
24	56	21	22	23	22	19	19
26	54	23	21	22	23	19	21
25	54	23	23	23	22	19	21
25	54	24	23	25	23	20	20
24	54	25	24	25	23	21	19
25	55	25	23	23	23	21	21
23	50	24	22	22	22	22	20
21	51	26	21	22	23	21	23
23	51	24	22	20	21	22	23
22	50	24	21	20	21	21	24
22	49	24	22	24	18	20	25
21	52	24	23	24	18	20	23
22	51	23	23	24	17	21	20
21	54	23	23	25	19	19	21
23	55	23	22	25	19	21	21
23	54	22	21	21	21	21	19
24	50	24	23	22	22	21	20
24	51	22	22	22	22	21	21
23	48	23	24	20	21	23	22
21	47	23	25	22	22	21	22
21	48	25	25	23	22	22	22
19	45	23	25	23	21	22	24
20	44	24	26	23	21	22	24
23	50	26	26	23	22	21	23
23	51	25	26	21	21	23	23
26	65	24	25	21	21	24	23
26	58	26	26	24	23	22	20
26	60	25	25	24	24	21	21
23	53	24	26	23	25	20	22
25	53	24	25	24	24	19	22
23	34	21	25	25	24	19	20
23	33	21	25	22	23	19	20
23	51	23	25	22	21	22	21
23	53	22	22	22	21	23	20
22	54	24	23	21	22	24	18
20	54	25	24	20	21	22	21
21	67	24	23	20	23	22	21
22	53	25	22	21	24	22	20
22	52	25	23	22	23	21	20
22	49	24	24	22	24	21	20
23	52	25	25	22	23	21	21
22	37	25	25	22	21	21	21
24	49	22	26	22	22	19	21
24	51	21	26	20	24	20	22
24	52	22	24	21	22	20	23
23	50	24	22	20	24	22	22
25	66	23	23	21	24	22	21
22	56	23	22	23	25	23	22
22	55	25	21	23	22	22	21
23	54	25	21	23	23	21	22
26	53	23	20	23	21	20	22
24	31	26	19	23	22	20	23
26	51	25	21	24	20	19	22
25	50	24	23	23	20	21	22
27	52	22	23	24	20	21	22
26	52	22	24	25	19	22	23
28	68	20	26	23	18	22	21
26	55	21	24	23	19	22	21
26	56	22	22	23	19	22	23
25	56	23	21	22	18	21	22
23	55	24	21	22	21	21	22
24	53	21	20	22	20	22	22
25	52	22	21	21	21	22	21
26	53	21	22	22	22	22	21
26	53	24	21	23	22	24	21
26	55	24	21	22	22	23	21
22	35	24	20	25	24	22	23
24	54	24	21	25	23	22	22
24	53	26	22	25	22	23	22
23	55	23	25	24	23	21	24
