0	1	2	3	4	5	6	7
306	424	664	117	92	61	490	191
270	403	673	134	99	58	508	188
285	425	735	153	92	62	516	189
258	459	773	157	116	67	532	148
259	418	861	184	119	74	523	155
270	374	849	209	137	78	412	173
258	408	790	203	141	80	411	173
240	366	733	208	149	88	430	186
242	349	742	213	129	82	420	184
241	390	729	207	123	80	409	206
294	430	880	183	103	80	446	208
316	404	929	185	92	87	467	210
324	411	927	175	92	80	461	192
308	407	936	170	98	83	445	192
328	407	919	154	99	82	454	161
277	392	794	141	104	82	416	164
266	386	783	135	103	70	348	160
260	388	791	150	108	77	379	182
246	416	880	147	108	75	404	189
223	412	818	148	101	68	378	199
211	405	800	158	97	73	377	180
215	412	862	150	98	73	413	177
226	393	810	152	95	68	363	157
232	342	699	158	90	70	355	153
217	300	855	150	91	68	381	141
235	269	876	152	94	65	387	141
229	283	839	160	103	66	331	130
208	327	936	159	106	63	385	129
208	386	968	156	115	63	368	126
226	401	915	169	112	65	328	121
202	398	880	168	111	60	317	115
192	376	808	174	102	58	393	165
181	348	699	161	88	59	346	165
173	353	666	168	91	57	346	177
154	372	550	185	105	71	367	189
170	400	660	214	110	72	367	196
169	409	650	219	122	83	295	163
177	397	676	222	124	87	314	165
170	398	668	222	112	87	345	149
205	399	743	200	97	76	349	135
193	399	716	235	140	80	338	116
200	405	767	229	133	71	348	125
217	442	741	229	132	70	349	127
232	384	762	245	133	77	322	123
223	360	784	261	140	82	300	126
223	355	824	215	100	80	298	126
230	365	804	213	94	79	306	134
226	374	809	205	99	71	270	127
217	400	801	176	98	62	260	127
204	435	802	149	95	53	275	135
210	424	711	129	84	50	277	138
205	411	726	132	87	55	239	126
195	395	769	140	83	57	246	139
195	439	739	141	94	59	266	152
201	411	647	143	102	61	251	143
184	398	682	139	100	57	245	138
200	385	764	130	106	59	264	130
202	411	730	119	98	60	242	122
204	415	819	125	104	62	259	107
200	421	920	127	105	62	275	108
204	420	879	137	109	71	303	132
190	436	877	143	105	74	295	131
178	387	870	151	114	83	367	124
180	337	807	174	113	82	352	118
202	335	685	185	102	86	393	138
224	352	745	182	103	80	368	123
231	378	689	180	116	73	381	125
233	478	759	187	113	67	322	123
237	460	793	164	104	63	337	125
207	563	798	189	112	67	285	103
206	562	799	185	106	68	338	119
183	531	824	176	87	70	361	126
202	462	830	159	88	66	356	131
183	470	779	163	96	72	331	135
184	308	816	116	90	63	348	143
175	298	789	119	92	64	329	120
187	316	786	138	95	60	274	117
176	311	831	165	88	59	293	122
223	301	853	179	78	54	332	124
227	324	821	178	76	51	307	125
218	318	841	206	87	45	307	133
206	332	848	221	93	45	376	163
202	320	862	205	99	51	391	171
209	355	920	219	106	51	433	203
235	348	934	219	109	53	471	198
243	360	904	194	107	55	474	202
250	365	913	171	106	55	472	185
260	379	867	186	106	46	458	176
254	358	801	154	103	49	407	139
301	382	984	167	94	50	362	146
303	378	999	173	97	50	359	135
300	368	1059	190	104	57	305	119
308	388	1020	170	101	63	419	123
298	408	1015	161	89	60	415	134
242	399	917	160	94	68	415	175
251	408	1033	167	89	69	452	189
253	468	964	145	72	69	456	196
272	447	1007	157	76	65	339	212
281	428	1023	191	94	70	359	201
279	446	1042	207	108	71	364	176
321	440	1022	259	120	71	369	186
335	445	1057	282	131	73	345	186
309	435	1101	291	149	76	367	166
280	457	1123	302	147	77	363	173
270	525	1106	293	140	68	393	180
192	517	1032	244	125	71	345	164
165	448	961	220	121	67	377	167
196	467	945	202	103	67	390	173
233	455	935	161	95	60	372	165
253	417	848	147	86	59	338	158
267	465	883	173	95	63	380	169
293	485	926	172	88	63	356	176
301	473	839	196	89	67	341	190
284	469	888	219	98	71	341	216
260	424	946	227	105	72	376	210
274	376	883	225	107	69	345	201
273	378	859	221	116	67	355	202
243	390	822	198	110	64	410	190
232	382	780	183	107	68	433	171
251	365	767	179	102	73	409	169
224	385	773	150	92	76	422	171
216	360	739	201	90	82	472	195
224	363	767	211	100	88	436	224
230	407	803	223	107	88	425	219
226	449	833	221	110	82	449	227
225	450	858	237	116	89	460	230
229	497	889	216	128	91	420	202
227	501	914	218	121	85	425	189
218	482	787	218	113	86	426	204
226	439	765	229	128	98	387	203
269	485	816	213	136	94	413	238
275	434	841	187	123	88	395	239
281	423	850	178	119	84	359	218
306	429	885	167	122	77	443	203
305	424	868	148	108	68	511	208
275	409	786	162	96	68	475	163
306	429	733	168	91	72	541	159
305	429	692	176	113	78	555	163
288	402	652	169	109	88	505	179
276	413	750	180	107	85	451	162
291	368	828	181	111	78	457	156
245	377	796	179	117	80	404	176
239	412	942	170	96	72	401	181
256	412	1013	168	99	66	375	166
281	424	938	155	100	67	374	164
267	415	881	145	98	65	386	174
271	396	955	158	92	71	388	164
286	337	866	160	95	73	391	157
270	345	868	182	108	69	432	165
257	383	891	198	125	84	415	190
285	386	921	196	125	85	389	178
270	419	854	194	130	89	443	163
257	443	820	194	130	90	503	172
264	443	838	168	120	90	495	163
263	408	825	147	100	74	519	145
224	421	763	150	95	74	520	154
241	389	750	146	95	63	538	180
271	400	792	145	91	65	494	170
300	462	703	138	83	68	469	184
285	480	651	142	80	67	459	171
284	482	691	144	80	72	476	182
276	525	748	138	75	75	374	165
239	533	674	142	72	71	363	191
188	485	724	140	72	68	394	192
199	455	874	146	88	77	389	194
257	442	884	144	95	72	391	193
270	406	986	153	99	62	411	210
278	390	1052	163	111	85	402	192
300	370	1053	161	114	88	390	184
293	383	976	159	106	85	404	182
263	394	1022	165	101	87	380	168
251	388	946	157	96	91	363	144
241	374	862	143	85	71	367	131
247	405	821	170	97	71	324	145
249	398	794	172	92	66	310	154
238	383	797	169	93	63	324	158
226	400	781	172	104	64	304	155
227	380	869	185	106	66	284	166
212	397	895	176	96	66	386	145
247	379	885	180	98	69	382	139
259	404	796	174	99	74	354	140
256	377	802	174	87	69	394	138
260	400	831	168	93	71	496	135
246	377	852	154	90	67	438	149
218	407	875	153	92	72	424	151
188	403	913	152	91	69	504	163
220	430	899	150	103	71	502	166
223	414	792	141	96	68	403	162
216	386	771	155	104	70	399	156
224	367	784	152	100	61	475	167
271	335	750	150	95	60	411	159
257	329	723	154	83	65	383	166
244	326	770	162	93	71	546	214
247	345	743	156	89	69	562	230
254	371	796	168	87	67	506	214
218	371	797	173	84	66	546	210
217	352	856	179	82	58	560	201
226	377	859	169	63	51	465	165
239	382	955	173	64	52	475	137
230	393	854	163	77	51	488	150
219	425	1037	174	80	48	428	156
219	414	998	169	82	51	438	153
209	390	956	182	85	50	393	132
191	371	940	177	80	49	402	136
209	324	938	166	78	61	425	130
247	333	746	148	78	60	423	120
258	337	767	145	80	64	443	118
284	382	774	134	88	70	431	123
319	384	666	136	102	72	432	127
313	397	699	153	108	72	399	134
282	397	700	157	117	78	397	139
287	420	790	195	133	87	364	165
288	380	832	200	137	95	390	178
259	407	901	205	132	93	348	176
240	386	860	202	131	90	389	170
237	352	895	206	131	88	426	173
249	329	799	179	117	76	426	154
231	340	785	164	108	58	448	162
230	354	740	162	100	59	446	164
250	367	771	181	91	63	434	162
303	406	917	185	95	61	405	180
295	395	933	183	98	65	383	187
300	404	948	190	101	67	348	190
303	393	979	204	113	69	356	203
312	430	1080	185	113	65	355	211
282	372	959	175	108	71	426	196
305	356	949	167	106	65	477	192
303	318	963	186	107	66	473	171
294	340	898	181	113	71	463	156
266	286	852	201	131	81	441	161
309	362	776	202	127	75	365	164
289	393	863	202	130	77	292	166
310	397	845	205	146	89	355	176
327	372	845	221	140	89	369	161
354	427	859	205	122	91	408	147
320	388	891	204	123	96	408	129
306	403	848	210	128	96	410	132
301	428	837	187	111	83	346	120
297	512	926	144	101	81	350	129
285	525	930	165	101	68	331	160
273	512	1029	167	103	67	323	176
289	492	1039	178	99	70	353	181
252	467	1053	179	89	73	341	190
248	377	1013	175	86	68	334	216
242	323	953	171	86	68	310	191
274	367	915	175	83	74	423	196
267	384	854	157	69	70	410	185
312	411	839	157	85	71	417	182
309	376	778	167	90	79	422	153
323	394	746	136	87	80	431	154
289	391	673	137	91	74	355	143
277	400	749	177	95	73	435	157
272	441	701	177	90	74	435	156
271	457	693	173	92	71	419	164
247	426	878	189	96	70	398	171
273	416	864	205	97	71	411	168
286	394	777	214	105	77	338	175
261	417	821	209	102	73	378	166
257	460	831	229	109	74	419	158
288	472	743	267	125	85	431	156
272	475	763	253	122	86	417	143
275	483	785	220	113	87	452	119
270	415	757	227	116	90	433	180
264	370	810	205	105	85	401	185
241	410	739	141	111	84	414	183
233	383	746	133	119	83	439	209
235	377	785	153	122	79	398	216
232	391	798	148	125	73	391	169
248	396	784	146	128	73	399	171
239	366	767	150	111	72	411	170
240	385	752	165	104	68	367	144
253	370	741	144	98	68	384	146
284	422	735	155	84	70	443	155
278	419	665	171	83	74	434	153
274	387	722	175	77	64	443	158
278	394	766	165	75	58	437	163
248	420	852	165	78	56	479	159
218	361	871	168	97	54	443	148
217	335	964	159	97	56	470	133
245	393	916	160	100	56	469	134
242	442	920	162	98	59	521	136
241	428	798	167	97	57	452	145
244	436	726	161	96	61	435	163
237	450	779	159	94	63	425	197
236	455	920	159	96	72	425	208
228	410	971	157	98	75	386	221
224	448	954	153	99	79	387	209
220	433	957	145	79	77	466	197
227	440	898	145	85	80	483	174
236	463	793	128	74	82	467	182
239	466	698	113	62	81	445	161
236	414	714	133	67	80	445	158
263	437	746	143	76	79	340	196
263	421	795	148	81	72	305	196
250	340	825	158	89	64	315	170
254	344	915	174	96	67	337	166
262	392	917	166	93	63	374	166
280	400	979	154	87	61	395	136
281	418	926	155	79	57	428	127
290	413	856	154	75	52	417	145
291	404	739	141	79	45	404	158
289	413	788	134	77	52	409	175
242	367	700	136	83	57	416	172
254	350	653	136	85	62	377	179
260	356	742	145	96	65	351	182
269	358	746	149	90	72	352	185
262	355	724	172	97	71	353	173
291	397	756	173	93	68	346	168
285	434	833	184	100	71	359	170
254	429	775	167	85	74	411	150
276	421	724	180	90	76	430	138
276	381	746	200	95	87	402	123
234	412	850	198	101	98	488	125
228	404	889	190	100	101	501	111
227	404	877	215	105	100	475	119
212	475	904	202	101	95	513	144
220	492	833	165	94	82	517	160
248	461	724	169	90	68	436	152
236	434	686	166	104	63	408	155
231	458	921	134	105	61	402	155
233	448	967	133	108	57	309	149
245	454	1041	142	110	60	360	171
256	435	1054	142	116	62	353	188
293	456	1006	151	110	64	363	186
313	514	884	158	120	63	369	179
338	473	857	168	123	70	380	173
328	481	775	157	118	68	331	151
324	494	715	164	113	73	339	137
299	484	865	172	104	67	375	143
323	407	795	165	88	65	393	159
307	419	906	170	85	62	387	155
319	392	1000	181	93	65	392	155
320	375	1006	193	107	66	420	162
353	379	920	182	117	71	386	168
318	389	900	207	126	73	358	179
303	358	789	207	129	74	367	200
306	395	701	205	131	71	361	195
281	419	701	206	127	63	391	185
252	410	723	207	117	62	453	175
259	400	728	184	114	66	458	152
288	398	734	191	117	66	478	128
284	344	713	191	107	68	504	128
316	313	725	166	105	71	446	152
303	337	711	147	105	68	369	150
292	344	699	146	101	64	430	160
247	329	786	118	105	67	466	149
221	352	843	120	108	70	429	160
232	370	844	133	107	68	443	165
223	336	833	152	110	70	464	170
223	322	834	160	106	70	385	168
219	327	767	156	106	63	303	185
213	354	857	156	116	68	301	180
176	351	870	153	118	69	297	156
214	357	795	143	113	70	275	150
232	361	907	152	120	81	305	152
248	400	888	178	118	86	311	132
249	365	730	172	107	84	337	141
230	342	717	167	99	85	330	154
206	323	715	161	104	86	320	163
210	352	575	140	92	71	344	160
229	295	553	103	78	65	356	164
244	345	645	102	78	58	395	154
260	384	640	160	86	61	412	152
270	420	686	162	79	61	458	154
