0	1	2	3	4	5	6	7
46	134	149	311	752	110	28	27
62	156	139	245	590	89	28	29
61	166	138	185	407	59	26	28
60	170	148	140	289	50	23	26
81	366	250	149	305	57	24	33
87	437	299	149	303	67	24	31
87	557	342	142	290	76	25	33
96	634	391	131	270	104	26	35
113	719	425	136	239	114	26	40
112	747	412	119	164	117	32	41
119	763	412	114	103	118	32	44
115	718	391	110	99	117	32	43
107	663	376	106	119	98	32	42
92	678	353	94	129	121	30	38
78	576	317	88	129	116	25	32
63	520	283	64	117	113	24	27
70	603	280	59	102	168	28	30
72	624	251	59	74	193	36	35
69	535	227	52	52	175	36	35
62	526	213	49	51	174	35	33
70	554	220	50	47	172	35	35
79	586	291	50	47	124	32	36
84	579	296	48	39	87	27	32
86	640	302	55	43	88	31	33
93	680	357	64	47	149	33	35
93	661	368	68	46	175	35	37
86	512	317	66	48	185	46	60
80	505	306	64	45	188	44	59
79	432	305	60	44	196	43	60
86	393	256	53	40	168	47	124
148	429	233	60	42	145	51	251
154	438	251	58	38	131	46	263
155	410	245	57	37	122	47	265
155	374	234	53	34	108	45	266
148	318	200	51	31	87	40	249
78	211	170	28	27	91	34	122
50	151	88	30	33	204	32	84
41	131	77	32	36	230	31	82
37	83	61	31	38	231	33	78
38	66	49	31	39	257	54	135
59	56	43	35	42	317	68	260
87	46	40	32	37	274	66	282
94	54	40	33	38	261	66	291
128	56	46	39	37	273	68	312
152	63	44	41	36	251	54	292
151	61	41	39	31	169	36	227
140	64	40	38	31	139	35	210
148	104	37	37	30	131	39	217
125	106	30	30	30	101	47	231
97	117	30	28	30	98	51	235
89	127	31	26	30	89	50	199
90	127	30	26	32	92	49	186
81	99	28	25	30	102	48	173
85	107	29	26	28	119	39	181
96	90	26	25	27	118	35	184
126	77	26	25	27	125	37	191
129	80	26	29	23	119	38	197
130	74	26	28	23	125	36	192
123	54	25	27	24	106	34	173
111	54	24	27	24	123	30	166
81	54	24	28	25	130	32	193
83	81	24	23	25	133	33	192
102	82	25	23	23	110	30	215
112	82	24	23	22	117	27	181
125	88	26	23	22	110	28	194
124	88	23	21	22	103	24	169
122	56	25	22	22	102	24	189
102	60	25	24	23	123	23	172
111	59	24	23	23	117	31	186
131	50	23	24	26	115	32	174
135	47	26	26	25	127	32	206
132	44	24	25	26	126	32	195
138	37	24	24	26	106	33	195
139	32	24	24	27	110	29	178
122	32	25	23	25	109	28	192
122	32	23	22	24	98	32	158
142	33	25	27	25	110	33	150
143	27	25	25	24	126	33	139
141	28	26	27	24	123	35	169
135	29	26	27	25	118	36	161
137	30	25	27	25	113	32	164
114	28	27	24	26	99	30	161
119	27	25	24	28	90	30	160
104	26	24	23	29	86	24	167
95	22	24	22	28	84	27	164
85	22	24	22	27	113	29	153
86	20	20	20	29	117	31	188
57	22	24	24	28	109	50	289
56	23	25	23	26	129	55	285
61	25	27	26	28	134	59	328
66	23	28	26	27	123	62	366
65	25	28	27	23	148	65	355
60	25	23	24	24	150	53	293
58	25	24	25	25	156	53	279
50	26	25	23	23	161	50	286
44	26	23	24	26	152	58	266
77	24	26	23	26	127	58	283
79	23	27	23	24	132	57	275
81	24	27	25	25	109	53	288
82	24	27	25	24	97	55	242
78	25	28	25	23	119	45	228
46	26	25	27	24	127	47	229
55	26	28	26	26	116	49	235
51	25	27	24	26	121	51	223
49	23	24	25	26	130	46	223
52	21	24	24	24	104	40	235
52	22	26	26	24	106	33	210
54	22	22	26	26	145	32	221
54	21	23	30	29	145	39	294
55	23	22	29	30	138	41	284
55	23	22	29	30	137	42	285
56	22	22	27	29	150	42	284
43	22	22	29	29	132	40	277
41	22	20	25	25	128	29	202
42	21	23	26	27	145	28	197
38	21	24	26	27	148	27	159
36	23	25	23	26	128	26	171
35	22	25	22	22	129	28	161
37	24	26	22	23	127	30	175
43	22	25	22	22	108	33	189
41	24	24	23	21	103	38	190
39	25	25	24	23	121	38	191
40	26	25	23	24	101	41	231
45	26	24	24	23	98	39	217
35	27	24	23	24	95	38	209
38	26	25	23	24	96	33	213
40	25	26	23	21	70	37	235
43	24	27	24	22	81	35	192
39	23	26	24	24	92	36	207
42	25	27	24	23	95	34	199
40	27	25	22	24	96	34	200
36	24	25	24	26	102	30	177
34	24	24	23	26	89	27	182
30	24	24	24	24	74	24	172
26	25	24	23	22	65	25	167
38	26	25	26	25	78	28	167
36	27	22	25	24	91	27	193
42	28	25	25	23	115	27	186
50	28	24	23	23	119	27	172
49	24	24	23	24	127	28	171
41	21	23	21	22	120	25	172
52	24	24	21	22	128	28	141
48	23	20	23	24	112	27	135
43	21	21	24	22	115	26	138
48	25	23	24	24	107	27	143
59	26	22	25	22	107	28	172
55	23	24	26	23	75	24	154
65	23	24	27	22	70	26	161
120	27	24	26	26	84	28	185
141	28	24	26	24	83	31	207
148	29	24	25	24	79	28	193
152	30	24	24	24	77	29	197
151	30	27	21	25	78	31	201
152	27	26	24	22	57	33	216
203	26	26	25	66	58	29	204
291	43	29	33	76	59	44	207
321	45	33	33	76	55	44	210
321	46	35	33	77	45	42	202
308	46	50	34	79	37	41	157
268	47	54	33	50	32	41	141
165	32	52	28	34	51	26	114
86	32	50	28	35	55	27	124
78	29	48	29	32	55	27	119
63	28	32	25	27	55	26	118
58	25	27	26	24	57	25	152
33	24	28	23	25	61	26	169
30	22	28	24	23	61	26	154
40	22	28	25	21	61	27	187
43	23	29	27	21	62	31	208
51	23	27	26	24	61	35	231
52	22	30	25	22	38	34	214
51	23	29	24	22	45	32	211
45	24	29	24	23	52	32	190
41	24	27	23	23	51	27	179
29	25	28	24	21	52	24	140
49	25	24	23	23	51	24	215
54	23	25	27	24	44	31	236
55	25	26	26	24	34	32	254
57	26	27	25	25	50	34	265
56	24	27	24	25	50	33	257
41	26	26	25	24	51	33	203
43	26	26	22	22	50	29	177
44	24	25	20	23	51	35	225
45	26	23	23	22	51	36	236
49	27	24	25	23	52	36	236
47	26	24	24	24	51	35	239
43	28	24	24	24	50	33	237
39	25	24	25	24	50	26	207
35	23	24	25	23	34	23	171
31	22	22	24	23	29	24	174
30	23	23	25	21	46	24	183
28	21	21	25	21	52	30	202
27	21	20	25	22	52	30	158
38	26	20	24	22	52	33	157
40	24	20	23	23	53	36	157
41	23	21	26	22	39	36	212
41	24	22	25	22	42	32	204
41	25	22	25	21	52	34	230
36	23	23	25	23	56	32	241
34	23	23	25	23	56	32	260
44	25	23	23	24	56	34	207
44	24	24	23	24	67	34	212
43	25	25	26	23	63	33	183
43	23	24	26	22	60	34	185
44	24	24	26	20	60	31	150
42	22	25	25	21	59	28	162
42	23	23	26	22	45	35	161
44	24	23	24	22	49	38	213
40	23	27	25	22	51	35	197
41	22	27	24	25	51	34	263
36	24	25	24	23	52	36	255
35	24	26	24	23	48	32	249
34	23	28	23	23	60	30	225
34	23	27	23	24	60	31	235
31	23	25	23	22	60	33	162
28	21	26	25	23	60	31	156
28	20	25	24	23	60	29	188
40	19	22	24	24	35	28	197
41	20	20	24	23	32	31	190
40	20	22	25	23	30	30	192
38	21	22	24	24	28	30	190
37	23	21	23	24	25	27	159
25	24	24	24	23	24	29	182
25	25	23	24	26	22	27	178
36	25	22	25	26	23	25	187
36	23	26	24	25	25	26	204
37	23	28	24	23	27	29	233
37	23	26	25	24	27	27	193
37	20	27	24	23	28	28	191
28	21	25	23	22	27	27	190
29	22	24	23	23	25	29	192
43	22	22	24	25	23	28	224
42	22	23	24	25	25	29	216
43	23	24	22	24	25	33	238
43	24	25	21	26	24	40	225
43	24	24	23	24	26	37	245
36	24	24	20	25	25	37	188
37	23	23	21	24	25	38	210
36	23	23	24	23	25	35	214
36	23	22	24	24	25	28	251
33	23	22	23	25	23	26	218
26	23	23	25	24	23	29	232
33	23	24	23	24	23	30	246
37	24	25	22	24	23	29	259
38	26	26	23	24	28	32	236
38	25	28	22	25	27	38	243
39	25	27	23	23	27	36	225
41	24	25	22	24	26	35	211
39	23	23	22	23	26	35	169
41	22	21	22	22	21	31	166
41	21	20	23	20	23	26	171
41	22	20	23	20	22	28	187
41	24	21	24	24	22	29	185
39	25	23	23	25	24	32	188
37	25	22	23	25	24	35	181
52	26	21	22	27	23	41	214
56	28	24	27	30	34	51	301
84	41	27	34	32	49	106	463
119	44	28	38	34	66	236	565
160	120	34	50	39	118	399	700
222	126	34	52	38	124	426	729
251	127	32	49	36	124	444	757
340	125	38	45	34	131	464	709
361	124	38	43	33	155	445	692
357	64	39	36	29	130	342	651
368	54	41	41	34	156	334	697
379	50	42	45	36	174	428	644
309	50	35	45	35	179	483	628
334	51	35	47	33	162	529	637
364	46	33	45	35	199	545	594
322	42	32	39	31	189	559	520
290	45	31	34	28	176	503	520
281	40	31	33	27	168	435	556
258	38	29	31	28	161	350	508
196	31	23	26	24	103	289	548
185	31	22	28	21	90	294	541
183	28	24	29	22	86	245	551
173	27	22	31	21	75	225	533
75	23	23	30	18	68	213	513
68	23	23	32	17	63	210	424
65	23	24	31	19	40	103	394
59	22	24	30	20	32	98	412
59	23	26	27	20	29	106	437
59	23	25	27	21	32	105	542
62	24	28	30	25	34	111	568
88	26	28	30	26	37	113	668
86	25	26	28	24	33	104	648
86	27	26	29	24	34	79	600
88	30	26	28	26	33	73	529
94	31	26	26	23	29	58	536
78	31	27	26	23	25	84	402
81	33	27	28	25	26	82	402
84	31	25	28	24	27	85	516
81	31	26	29	24	26	87	545
83	29	23	24	21	27	89	502
98	28	21	26	22	28	60	530
108	26	24	24	22	28	70	555
107	28	25	23	22	24	66	499
111	28	26	23	22	24	66	422
111	28	25	25	23	22	62	423
95	28	27	23	23	21	63	450
85	30	25	25	22	21	51	411
79	29	25	25	21	22	48	342
70	29	24	25	21	22	42	391
80	33	27	24	22	23	45	415
83	33	26	23	19	24	52	359
77	32	27	22	21	24	55	346
79	34	26	23	22	23	58	386
82	30	26	24	23	23	58	391
61	27	23	24	21	24	64	345
54	26	22	24	21	23	54	333
61	28	21	26	19	25	51	389
60	26	22	23	20	26	52	349
59	29	22	22	19	26	53	283
59	29	23	23	19	24	43	288
56	30	23	24	19	24	46	324
46	28	20	24	19	23	43	337
44	27	20	27	18	23	43	329
45	26	22	29	21	23	45	407
47	27	26	31	31	28	48	417
49	32	30	31	34	29	45	426
51	33	35	33	37	29	45	367
52	35	35	31	39	31	41	357
50	33	36	29	38	30	37	267
44	32	34	29	31	28	32	302
47	27	29	29	27	26	34	246
44	29	26	25	25	26	39	280
44	28	27	25	21	22	47	297
36	28	25	25	23	23	48	299
39	28	24	23	23	23	49	243
32	30	25	22	24	22	45	253
33	30	26	22	22	20	44	222
35	31	26	23	24	23	36	308
37	31	25	24	23	22	36	308
40	32	25	26	23	21	41	378
41	33	26	25	22	22	41	399
43	37	24	28	25	24	64	398
45	40	22	28	24	21	70	343
53	42	28	29	30	26	70	352
51	44	32	26	32	27	70	300
52	42	31	26	32	28	70	256
51	42	31	23	32	28	50	333
47	40	31	22	30	28	40	319
37	39	28	23	25	23	42	353
35	36	23	24	23	21	44	342
33	40	25	24	22	19	43	361
34	39	25	27	20	18	41	289
35	38	25	27	21	19	42	293
37	37	24	28	19	18	38	278
40	40	25	30	20	20	33	291
40	38	24	31	21	19	31	283
42	43	25	30	21	20	32	289
43	85	26	31	23	21	36	304
43	89	26	31	23	20	34	266
40	92	27	29	21	19	35	234
43	92	26	27	22	23	36	243
41	90	26	28	23	24	39	228
40	58	28	28	28	28	34	212
41	56	31	29	31	31	40	228
44	50	31	29	33	31	40	249
41	77	34	28	32	30	42	324
44	85	33	27	34	29	38	343
47	85	31	23	31	27	38	352
46	84	30	20	30	23	33	348
43	84	28	19	28	23	34	345
42	59	25	23	27	22	31	259
39	43	26	21	23	22	33	256
30	36	25	21	23	21	32	222
30	31	23	21	20	21	32	209
29	38	22	22	20	20	28	198
30	42	24	22	21	20	32	232
32	43	21	25	22	20	31	218
31	45	22	26	22	20	30	229
29	87	24	27	23	20	28	225
30	87	25	29	23	21	29	221
31	88	25	30	28	24	27	218
34	93	31	30	32	27	32	249
36	105	34	30	33	27	32	237
38	108	34	29	35	29	34	245
38	108	35	26	36	29	33	238
40	109	34	24	34	27	31	211
34	107	31	21	30	23	26	172
35	97	28	22	28	24	28	179
33	59	26	22	27	21	29	168
36	55	25	22	26	22	30	173
33	47	26	24	23	20	30	152
33	42	25	24	24	22	31	180
34	35	25	23	25	20	33	190
34	31	26	26	25	22	33	208
39	33	24	26	25	22	33	213
40	33	25	26	25	21	33	239
40	32	27	26	25	23	34	220
42	34	26	26	24	24	34	219
52	33	27	25	24	22	37	238
56	32	28	27	24	25	37	285
60	32	28	28	25	26	42	291
61	33	27	29	24	25	43	313
60	30	28	28	24	23	46	346
51	29	27	26	23	23	44	366
40	26	27	25	22	22	46	353
35	29	25	23	22	21	44	338
34	28	26	21	24	22	42	315
59	31	25	21	23	24	36	307
79	30	23	25	24	24	42	252
82	29	23	24	25	23	74	213
95	31	26	24	25	28	150	241
108	33	24	26	31	29	170	246
115	32	27	53	34	33	185	197
152	31	27	93	33	32	184	196
158	32	29	98	34	35	175	192
177	27	33	149	41	31	127	136
191	29	37	165	50	32	139	100
185	26	36	188	50	28	153	83
153	27	38	184	54	30	153	66
148	27	45	205	56	29	152	54
114	28	43	176	62	29	144	48
72	25	45	207	52	28	107	35
57	25	45	191	54	26	45	26
38	26	45	182	53	25	40	25
35	24	39	178	51	24	35	25
31	24	39	178	41	25	30	23
29	21	34	188	44	22	25	22
29	23	33	185	54	23	21	22
28	20	31	203	87	29	22	24
22	21	30	188	97	32	22	28
22	22	28	186	97	32	23	28
23	23	28	173	101	33	22	28
23	24	27	187	96	33	21	27
23	24	27	169	97	27	22	27
21	24	26	167	102	28	22	27
21	23	24	166	110	28	22	34
20	24	25	171	109	28	23	67
20	22	27	153	110	27	23	69
21	23	29	149	84	27	21	69
23	24	28	183	76	21	22	69
25	25	28	188	67	21	22	67
25	25	27	133	62	21	21	36
26	26	24	175	58	21	21	30
25	25	25	175	59	22	22	68
24	23	26	139	45	22	20	162
27	29	29	133	38	24	21	171
27	28	27	133	35	24	23	174
28	28	28	62	35	24	24	176
29	28	26	56	31	24	24	168
28	32	31	55	30	27	25	81
25	25	29	48	28	25	25	63
24	26	30	44	25	25	23	54
24	26	30	37	24	25	22	44
26	28	33	36	24	27	23	34
24	25	35	29	22	25	23	26
27	27	39	32	24	26	22	22
28	27	42	33	27	27	22	23
25	28	52	41	27	27	22	25
24	27	52	43	28	27	23	25
27	27	50	44	30	27	22	25
23	26	48	39	27	25	22	24
24	27	56	39	24	24	23	22
27	30	56	36	25	23	22	20
25	29	58	35	23	22	20	19
26	29	60	46	24	21	20	20
27	30	62	53	24	22	21	20
28	30	57	53	26	23	21	21
26	26	50	52	26	24	22	21
25	29	59	53	29	23	23	20
24	29	111	65	36	26	24	23
26	33	127	66	46	29	24	23
26	32	127	73	58	28	25	23
27	31	128	79	61	28	25	23
29	31	124	84	62	30	26	25
28	31	81	75	58	28	25	23
30	39	55	71	51	26	26	22
30	43	52	65	37	25	23	23
30	45	51	59	36	26	22	22
31	47	49	51	36	23	21	21
31	48	45	43	36	23	22	21
27	42	45	49	38	23	22	22
28	38	61	65	38	23	23	20
29	36	65	67	40	22	23	21
25	33	70	69	41	26	23	23
27	32	68	68	40	26	22	22
28	30	68	63	38	26	22	21
28	32	50	42	37	26	22	22
26	31	63	50	35	27	23	20
27	32	57	48	29	25	22	19
27	30	60	48	31	26	23	21
27	30	60	49	30	25	23	19
27	30	68	50	31	26	23	20
27	33	59	35	31	25	23	21
28	35	59	32	34	29	24	20
27	51	132	34	37	32	23	20
26	62	148	30	37	34	24	20
26	63	158	34	36	35	23	21
25	66	177	35	32	34	25	21
25	65	179	34	30	32	25	22
25	55	138	34	26	28	27	22
24	43	126	38	27	25	25	21
25	45	125	32	26	28	26	21
26	55	123	33	29	31	24	22
25	98	196	43	33	35	25	22
25	109	291	45	33	36	23	22
28	130	324	46	35	40	27	36
28	132	337	48	35	48	34	135
30	136	356	53	33	48	45	144
33	151	373	50	31	49	47	145
38	169	379	63	38	52	49	150
39	164	393	65	37	51	48	148
38	170	390	68	39	48	42	76
39	184	395	66	41	50	32	57
37	163	383	65	42	47	28	54
34	146	351	52	36	45	26	42
30	154	326	49	36	46	24	37
35	173	349	48	35	45	25	30
33	158	334	44	34	43	23	28
33	155	317	43	33	47	24	25
31	160	275	42	34	49	26	23
34	143	267	39	31	46	27	24
30	115	269	34	31	39	27	23
30	109	262	34	31	38	28	25
29	97	263	31	30	35	27	26
28	74	266	29	33	36	23	26
25	71	248	30	36	39	25	23
25	62	205	30	38	41	24	23
22	54	193	29	40	39	22	20
24	55	154	29	40	35	24	22
26	49	146	29	35	29	25	21
25	49	149	30	34	27	23	48
26	48	123	28	29	24	24	128
27	48	108	29	24	27	40	149
27	44	107	29	26	31	68	287
28	44	97	26	27	32	74	296
41	43	87	27	27	30	75	295
59	41	85	27	27	31	75	275
63	44	87	28	25	27	69	271
71	51	95	29	24	25	41	191
75	55	93	37	27	26	31	224
81	68	88	35	27	25	31	236
76	74	85	35	28	27	32	257
82	75	75	35	28	28	32	317
83	75	50	34	27	27	39	323
82	73	43	29	25	26	38	297
82	64	43	30	25	25	37	289
78	59	40	31	27	23	37	268
73	57	37	30	27	23	39	244
68	56	42	32	26	21	32	192
65	59	47	30	26	21	31	189
58	58	48	32	29	23	33	193
60	58	51	32	26	23	33	193
55	57	51	33	26	23	33	205
50	52	48	30	26	24	34	231
53	48	47	33	26	25	41	291
57	47	45	31	26	26	50	353
56	45	43	31	25	25	57	368
56	45	48	30	24	26	57	335
65	54	54	32	25	27	57	317
67	61	54	37	29	27	55	267
58	59	53	41	28	25	49	215
55	60	55	41	29	26	42	299
62	62	50	43	30	25	42	317
55	55	46	42	30	24	43	327
48	47	43	36	28	25	37	339
55	47	42	33	28	24	36	312
55	47	39	31	27	23	36	216
54	50	42	33	28	23	36	280
52	48	49	37	29	23	35	277
53	49	50	37	28	23	39	261
50	48	54	37	28	23	38	304
50	44	54	36	28	25	37	304
44	38	51	32	28	26	35	228
47	38	39	27	25	26	36	221
59	39	38	30	26	27	31	217
56	37	37	31	24	28	33	166
55	38	36	31	24	28	37	242
55	36	36	31	23	26	37	253
57	39	48	31	26	26	39	266
43	36	49	34	28	24	41	279
43	36	47	38	29	26	43	299
46	38	51	44	33	27	40	238
47	40	50	45	36	27	48	312
43	38	42	45	34	28	47	308
46	39	42	48	36	29	46	311
48	38	44	47	35	28	40	291
47	39	41	44	34	27	39	296
53	46	45	44	34	27	29	187
52	46	45	50	35	28	31	174
50	45	43	46	32	29	34	144
56	46	41	45	33	28	36	186
58	45	41	45	32	28	37	175
55	41	39	45	30	28	38	185
54	39	43	43	29	27	38	183
59	45	46	38	29	25	36	198
52	44	47	38	31	26	40	169
51	48	49	39	30	28	41	164
48	47	64	38	31	28	43	214
56	48	80	38	31	26	53	291
50	44	82	38	30	27	53	299
49	43	94	40	28	26	51	327
47	45	107	37	29	23	51	347
51	47	165	46	30	26	54	370
50	50	165	47	30	27	44	340
50	54	182	47	32	27	48	356
49	57	190	46	31	39	57	375
50	56	192	47	30	40	61	411
45	53	214	37	27	38	59	365
36	57	218	35	30	37	59	345
40	53	215	35	29	37	61	347
47	51	210	36	31	26	60	360
46	48	206	33	30	25	56	313
45	49	147	35	31	25	55	338
46	43	157	32	27	24	54	361
44	43	145	33	28	23	53	390
32	44	151	32	27	23	41	331
31	46	166	34	29	23	44	327
34	41	149	34	32	22	48	314
33	39	131	34	32	23	49	288
33	40	125	36	33	25	56	265
33	34	113	38	32	23	59	261
34	30	95	36	32	23	56	272
32	30	94	34	28	22	55	269
33	30	82	34	29	23	54	272
32	31	84	34	28	21	45	248
35	40	104	33	26	24	44	330
34	41	91	34	26	24	45	356
33	41	92	36	31	24	54	358
31	42	96	37	30	24	58	381
32	40	95	34	28	25	57	394
32	37	58	32	28	23	57	338
32	39	80	32	26	24	56	297
32	38	76	32	23	25	44	302
33	36	74	31	21	24	41	326
31	35	75	28	22	22	46	296
30	32	74	30	27	25	49	355
30	30	45	30	27	24	49	370
29	33	45	29	26	26	61	394
33	33	39	29	28	27	61	352
34	32	34	30	28	28	56	366
33	30	32	27	25	25	53	297
36	33	39	28	27	26	55	344
39	33	39	30	27	26	50	324
36	36	37	32	28	25	55	318
36	36	41	32	27	26	57	385
37	39	42	35	28	25	59	389
34	38	36	35	27	24	57	331
34	39	38	33	28	22	49	308
35	38	37	31	26	22	49	339
35	39	35	32	28	21	56	278
36	41	36	29	26	23	56	286
37	40	34	29	26	23	58	355
35	41	35	29	25	23	61	375
36	42	34	32	27	24	62	357
34	41	32	32	26	23	53	330
35	37	31	32	27	23	56	423
36	41	33	31	27	24	60	361
45	50	36	32	30	24	63	345
47	52	41	32	28	23	59	340
50	53	42	31	27	24	59	341
49	65	42	34	27	24	62	311
55	73	43	33	28	23	64	343
59	74	42	32	25	22	62	336
59	74	37	29	24	23	59	363
59	74	37	30	27	23	64	398
64	67	38	29	26	24	61	329
59	64	40	34	28	25	57	339
52	64	37	33	29	24	53	385
47	66	36	36	31	25	58	360
46	66	35	36	29	25	54	306
35	64	34	35	27	23	50	305
35	61	30	30	25	25	48	312
31	58	32	30	25	26	47	291
32	54	35	31	23	22	47	297
37	53	39	30	23	22	61	363
40	54	37	34	27	24	68	429
39	53	40	36	27	20	73	412
41	45	39	36	26	20	82	423
44	46	38	38	28	22	82	466
42	46	39	40	29	24	74	423
39	43	43	36	26	25	67	356
43	39	40	34	25	25	60	346
40	36	41	34	29	26	49	392
38	38	40	31	27	24	45	336
39	39	37	29	27	25	52	382
42	54	32	29	27	23	51	378
42	54	30	29	28	27	60	426
40	58	28	31	24	25	58	348
42	63	33	31	25	26	59	358
41	64	32	33	28	24	46	306
40	58	32	32	28	26	50	368
37	59	35	33	27	25	51	321
43	56	37	36	27	27	52	314
48	54	33	36	29	27	53	302
49	58	35	34	27	26	54	373
48	50	35	36	27	25	53	322
48	50	35	35	28	25	57	336
47	70	34	32	26	25	57	381
40	69	40	31	25	24	54	452
44	67	38	31	25	26	55	389
59	82	39	29	26	26	54	388
73	85	35	27	24	26	58	377
76	73	37	26	26	25	59	369
77	72	29	28	26	26	59	274
74	83	31	28	25	23	58	313
80	104	30	29	26	24	59	350
74	114	35	30	28	22	41	342
71	118	34	35	29	25	37	320
71	119	37	36	29	25	41	348
77	115	37	34	30	26	41	386
58	86	35	33	27	25	50	346
57	74	34	33	27	26	52	343
59	69	34	30	26	24	55	349
61	70	33	27	25	22	53	355
54	67	32	28	24	23	53	319
63	88	35	28	24	21	46	340
59	108	34	32	24	21	55	335
62	108	33	31	25	22	52	349
59	111	34	31	26	24	55	338
60	117	34	31	26	24	57	321
51	105	32	34	27	26	57	372
51	83	30	31	26	26	49	370
58	79	30	31	27	25	51	339
58	83	30	29	26	24	47	311
58	72	30	29	27	23	48	320
72	70	29	26	26	22	44	333
71	69	31	27	28	22	46	336
63	77	37	29	24	22	49	331
69	76	36	30	26	22	50	330
67	79	38	34	27	21	55	316
50	76	40	35	28	23	56	259
48	75	37	33	26	24	53	252
49	86	31	32	27	25	54	264
49	80	33	32	24	24	53	265
50	80	35	28	22	25	47	262
52	82	34	28	22	26	45	212
53	81	35	29	23	26	42	206
49	59	35	28	24	24	33	254
45	54	35	29	24	25	34	260
52	51	30	30	24	26	37	278
52	43	34	30	23	24	48	322
52	46	82	29	23	23	48	317
58	61	90	30	24	22	49	330
63	70	101	30	37	24	49	337
74	100	118	50	237	34	49	315
85	102	121	103	344	38	38	266
151	114	114	134	393	54	37	266
182	118	169	172	483	58	35	174
249	136	189	185	510	60	33	143
267	131	193	192	462	53	26	105
277	161	231	182	417	55	26	82
264	162	232	163	388	40	24	75
256	187	200	126	305	35	23	63
202	191	203	107	260	31	24	43
172	183	212	89	248	32	25	38
154	159	217	115	273	36	27	38
140	179	278	124	257	38	26	31
197	171	286	120	216	39	26	35
227	168	337	124	212	39	24	37
234	229	333	134	287	43	23	35
235	247	391	115	245	45	24	36
229	242	390	117	261	47	24	34
171	230	433	122	265	47	24	33
131	232	471	131	264	47	24	30
122	263	580	124	179	47	26	33
122	287	588	110	139	39	24	32
121	302	584	104	92	40	27	43
114	313	602	101	76	66	34	120
94	317	591	94	77	76	52	151
95	342	638	96	73	110	59	158
92	344	637	97	70	120	61	165
93	330	644	88	55	122	62	180
97	326	619	86	49	116	67	186
95	366	570	76	42	294	57	194
91	329	407	70	47	312	71	192
90	321	394	59	43	320	73	209
87	332	363	56	41	336	77	200
75	338	334	57	43	343	96	165
69	300	331	55	45	234	143	155
68	267	316	48	36	201	225	173
72	263	230	46	36	188	232	148
74	247	208	47	37	186	236	146
72	242	214	46	37	197	229	167
69	222	211	45	33	170	204	151
86	210	202	42	33	185	99	133
78	198	183	45	36	179	79	132
71	192	177	42	34	146	62	128
71	180	183	40	30	107	53	87
72	169	187	39	27	101	45	69
47	156	182	63	36	39	30	64
43	124	184	60	35	41	47	60
42	129	187	73	40	92	55	59
42	139	158	75	44	172	55	93
43	161	165	77	56	231	59	135
42	166	214	62	52	266	60	149
48	170	228	64	53	270	60	150
56	197	244	57	57	281	56	162
56	192	253	65	54	270	59	156
53	207	270	64	49	238	69	145
55	209	276	65	53	276	74	139
52	215	276	64	58	312	74	146
46	216	285	60	57	301	76	172
68	234	308	52	60	285	104	174
69	256	354	59	59	325	104	204
70	274	390	67	71	296	99	220
71	276	430	69	72	298	94	225
69	264	420	68	71	304	96	214
54	257	442	69	77	298	78	203
61	227	393	66	84	245	75	157
61	237	397	67	75	268	77	124
58	227	347	77	71	371	77	109
57	247	344	81	73	399	83	139
51	249	291	79	67	404	69	138
44	237	286	89	121	402	61	145
41	218	190	101	133	365	58	146
45	258	184	99	133	218	57	144
51	356	213	111	136	231	40	159
53	438	310	130	144	294	56	318
55	490	340	133	99	341	63	353
74	573	390	138	94	350	105	437
75	575	390	135	94	348	107	469
69	528	379	122	88	295	109	454
69	462	332	101	76	224	105	364
66	422	308	86	76	138	101	328
44	296	241	52	65	103	57	208
37	256	263	48	80	89	50	121
37	226	253	121	190	83	45	98
31	204	206	139	216	80	36	86
31	169	200	142	219	74	33	78
28	149	186	143	220	77	33	61
27	147	146	160	267	78	33	89
25	113	135	127	257	75	33	93
25	110	146	148	266	67	31	95
25	105	148	151	266	70	30	94
24	105	151	154	281	62	27	90
22	98	150	180	292	60	25	55
23	93	147	177	257	51	24	45
21	90	130	145	234	53	24	41
20	80	114	186	282	52	23	39
20	80	92	196	283	49	22	33
22	75	83	161	237	46	22	29
22	70	93	164	243	45	20	26
23	64	87	181	253	39	24	24
22	63	91	142	209	34	22	23
26	53	94	126	225	35	22	22
31	48	114	138	255	36	24	21
33	56	110	137	262	42	24	24
34	57	95	132	258	43	20	22
33	49	93	139	266	48	24	25
32	46	90	150	358	54	25	30
25	46	64	203	494	61	25	31
23	35	68	261	523	61	27	30
22	32	69	278	630	78	30	31
21	32	66	302	641	86	29	30
23	33	66	301	587	82	29	26
25	31	67	289	475	76	28	27
26	28	58	335	535	78	26	27
26	25	59	357	417	66	24	27
28	27	58	349	399	52	23	27
24	25	53	345	422	54	22	25
24	24	48	327	618	69	22	22
26	22	47	282	548	65	22	22
26	22	43	245	550	59	22	23
25	20	41	224	586	62	22	21
26	21	41	230	681	65	23	22
25	23	40	226	516	53	24	23
24	25	35	240	552	55	23	24
23	24	46	244	579	58	21	21
23	25	46	247	628	63	22	24
24	27	48	271	542	65	22	23
25	25	51	271	538	64	26	24
23	25	55	241	516	60	25	23
25	26	47	233	565	56	26	23
24	25	48	227	492	49	25	21
26	24	47	191	462	40	25	23
26	25	48	235	500	38	22	21
27	24	46	220	590	40	23	23
25	25	48	216	533	39	23	23
27	24	49	221	509	38	24	24
25	20	47	230	504	37	22	23
23	23	44	185	457	38	22	24
22	24	39	139	284	37	21	22
22	23	33	120	417	46	21	24
23	26	36	118	440	54	22	25
22	26	35	97	432	54	23	25
22	24	35	94	429	51	22	24
22	24	33	102	438	51	22	25
25	23	34	100	246	42	21	24
23	23	25	90	199	32	20	22
24	25	30	97	194	31	20	22
24	24	30	117	196	31	22	22
25	26	31	114	234	34	23	21
21	25	33	124	230	37	23	22
24	22	34	123	219	36	25	21
23	23	34	118	211	36	25	21
23	25	33	95	216	40	24	21
22	23	33	102	168	38	22	21
22	24	33	98	180	40	25	20
20	25	33	94	181	38	24	20
20	25	32	96	179	38	24	22
21	23	34	107	148	33	22	21
21	24	33	96	153	35	24	22
22	23	30	89	143	30	22	22
21	24	29	90	142	32	22	22
20	24	31	88	143	31	22	23
20	24	31	79	178	33	23	23
21	24	34	81	158	33	23	23
21	23	35	74	149	34	21	24
22	21	37	76	156	33	21	24
22	21	33	76	159	34	20	22
21	23	34	77	156	33	20	22
20	24	33	75	150	29	21	21
20	25	33	78	154	29	22	21
20	25	31	73	146	27	22	22
20	24	31	67	146	26	21	21
22	23	31	59	139	26	20	21
22	22	32	102	131	26	20	22
23	24	31	107	128	26	20	22
22	24	32	109	129	26	21	21
22	25	36	110	125	27	22	21
20	26	34	110	112	28	26	23
22	25	35	75	155	27	25	22
20	22	34	78	160	29	24	22
22	26	34	78	161	30	23	22
21	25	35	75	159	30	23	23
24	23	33	68	143	29	19	22
23	26	32	60	87	28	19	22
23	25	30	39	67	23	20	22
21	24	28	38	62	23	22	22
24	23	25	48	109	26	22	22
20	26	26	60	139	24	22	20
20	26	25	62	151	27	24	20
21	26	25	66	153	27	25	20
22	24	25	64	154	27	23	18
21	27	25	58	131	24	25	18
22	24	23	49	117	25	25	21
23	22	25	53	128	21	24	20
22	23	29	54	140	23	23	21
20	23	31	57	142	26	23	22
20	22	30	58	136	26	20	24
20	21	32	58	162	25	20	22
21	23	31	62	153	30	21	23
21	22	32	69	142	29	21	21
23	25	32	71	140	26	21	21
25	24	32	70	141	27	22	19
25	27	30	72	85	27	22	18
26	25	31	65	63	23	22	20
26	27	30	54	60	23	21	20
24	24	29	54	148	24	20	19
22	26	27	65	150	24	20	19
21	24	31	67	152	27	20	20
19	25	30	68	154	27	21	19
20	23	27	67	155	26	22	20
22	25	31	63	74	27	22	21
22	22	31	50	65	26	23	19
23	25	32	52	89	23	23	20
24	23	31	49	123	25	23	20
23	25	32	48	122	24	23	20
21	24	29	47	121	26	23	21
23	23	29	50	122	26	22	23
22	22	28	42	101	24	21	25
21	24	27	40	57	24	20	23
22	23	27	50	56	23	20	23
24	25	27	53	59	21	19	22
23	27	29	58	69	21	20	21
24	24	28	55	71	22	21	21
23	24	26	54	64	20	22	22
24	23	27	47	63	21	22	21
25	22	27	43	57	22	22	21
24	20	25	34	41	22	23	21
24	23	26	30	33	20	23	20
26	23	27	40	78	22	23	17
26	23	29	42	83	25	24	20
25	25	29	46	82	26	24	21
24	24	30	47	86	27	24	22
24	22	30	52	154	27	23	21
24	23	30	47	141	28	23	22
23	22	30	63	149	29	21	22
23	21	27	62	183	27	21	22
23	25	28	71	187	31	21	25
24	27	27	79	142	30	22	25
24	26	28	86	189	33	24	26
25	27	26	90	205	33	24	25
24	28	34	99	182	37	26	27
23	25	34	127	233	36	25	23
22	25	39	132	264	42	26	22
21	26	38	145	235	38	23	22
22	26	42	146	238	40	25	22
22	24	36	145	276	39	22	19
23	25	37	125	247	38	22	20
23	24	35	135	260	43	22	23
24	30	36	122	260	44	23	23
22	29	34	135	271	44	20	24
22	29	34	128	260	42	21	25
21	28	36	137	275	45	21	27
21	28	33	147	484	58	19	26
20	25	43	215	531	70	22	27
21	24	47	233	549	71	23	28
22	25	52	275	550	73	24	28
23	25	50	272	627	73	23	25
23	28	53	266	495	65	24	26
24	26	47	271	473	51	22	23
23	27	48	332	513	54	21	21
25	25	45	323	653	67	20	21
24	28	51	338	609	66	21	23
25	24	51	343	601	61	22	24
23	26	50	328	622	64	22	23
25	25	49	255	653	70	22	24
25	28	50	248	508	58	22	25
25	25	45	256	471	59	23	24
23	26	43	243	456	59	22	22
24	25	43	228	528	64	20	24
25	25	37	212	454	56	23	25
24	22	33	187	452	55	25	23
24	21	30	143	475	56	23	24
25	21	29	192	568	55	27	24
27	21	36	224	480	51	27	24
24	21	37	234	462	48	26	24
24	24	45	266	481	50	24	24
25	25	44	276	619	57	28	23
23	25	45	263	588	59	25	23
20	26	41	222	583	53	26	20
21	29	43	238	588	57	26	20
20	26	43	225	661	54	26	21
21	27	43	208	520	44	24	20
22	26	41	201	485	43	22	21
24	27	45	229	471	46	22	21
26	24	48	233	547	43	22	20
26	25	43	221	465	48	23	19
27	26	44	221	455	47	22	22
27	26	45	216	431	44	22	21
26	26	42	169	443	42	21	22
24	25	39	160	470	41	22	22
23	23	40	215	466	35	21	22
22	24	44	221	479	37	22	21
23	25	45	225	478	38	23	22
22	25	50	243	572	48	24	21
25	27	50	231	492	53	24	23
25	27	50	181	476	51	24	22
24	25	48	208	465	49	23	21
23	27	48	199	502	52	23	22
24	25	44	194	470	45	22	22
22	27	42	192	445	43	18	22
23	28	44	194	478	43	18	22
24	28	43	201	532	43	20	24
25	26	43	214	526	42	22	23
24	27	44	207	570	48	22	22
23	25	47	255	606	47	24	21
22	26	49	259	689	49	24	22
21	27	51	235	728	50	22	18
24	27	50	232	724	52	21	20
23	25	52	267	640	48	21	21
24	25	50	214	594	47	22	25
23	25	45	212	624	53	21	27
23	26	46	222	544	60	24	29
21	25	45	212	519	56	23	28
23	26	41	171	506	54	25	28
25	25	36	170	506	51	24	26
25	23	35	153	273	41	23	24
25	23	32	215	494	54	23	22
24	25	37	240	531	55	22	22
23	25	39	266	534	60	21	20
20	24	40	307	699	68	21	18
21	24	42	312	707	72	23	20
21	24	44	276	592	59	23	20
21	24	42	264	659	62	24	22
20	23	38	232	669	57	24	22
21	24	41	177	508	54	25	22
23	24	40	167	497	51	24	22
24	24	38	217	561	54	22	22
23	25	36	208	461	52	20	22
24	25	39	253	462	61	22	23
23	24	43	265	521	67	26	23
20	25	43	277	617	73	25	23
22	26	45	235	539	73	28	24
22	24	49	236	538	72	28	23
23	26	47	197	641	66	27	24
23	29	39	195	596	56	24	24
25	29	37	176	499	44	24	24
23	28	33	157	502	39	23	22
25	29	29	159	668	45	23	23
23	26	27	143	569	50	23	20
23	24	29	140	590	52	23	22
23	24	29	138	602	55	23	24
25	25	27	134	581	51	25	23
24	24	28	115	488	50	25	23
23	24	30	155	511	51	24	24
23	23	29	134	509	51	24	24
23	24	31	138	489	49	26	21
20	23	32	187	587	51	24	23
19	24	36	208	624	59	24	24
21	25	34	179	598	53	24	22
22	25	36	195	575	55	25	22
21	23	35	242	591	56	22	22
21	25	39	219	629	63	24	22
21	25	35	203	499	54	24	21
22	26	38	209	491	53	23	21
24	26	40	198	478	49	23	24
23	25	38	131	462	49	25	24
26	25	36	132	359	48	25	23
26	24	35	129	434	46	25	23
23	24	35	125	439	48	27	24
20	23	31	123	449	47	25	21
21	22	33	135	448	46	22	22
18	23	32	126	442	37	20	22
18	24	33	139	431	47	21	22
18	27	34	137	436	47	20	21
20	27	33	133	440	47	22	21
23	27	34	134	469	55	24	21
23	26	32	130	497	55	26	22
23	25	35	115	487	51	27	24
24	22	33	111	486	52	27	23
25	25	41	154	503	56	26	24
22	25	43	151	589	59	27	25
24	25	51	164	526	61	29	26
25	26	54	179	492	61	30	24
26	26	57	198	485	60	31	25
23	23	53	187	521	59	31	26
22	25	51	181	477	55	27	24
23	26	43	162	502	56	24	24
22	24	41	149	492	52	21	24
18	26	38	131	492	54	20	24
21	27	37	99	589	55	21	24
23	25	36	122	530	50	21	23
22	24	40	135	493	45	22	23
22	24	42	149	490	45	22	24
23	23	41	148	557	44	20	23
20	24	39	153	423	44	20	24
21	27	41	157	440	47	21	23
20	28	37	149	434	46	20	23
19	28	29	132	439	46	20	23
22	27	29	133	362	43	22	23
24	27	33	133	405	40	24	22
23	25	30	102	380	37	25	22
23	25	30	96	393	36	26	20
24	28	33	100	418	37	25	21
23	27	34	94	484	37	22	20
23	26	33	95	434	42	21	21
23	27	31	109	432	42	20	21
23	27	34	122	449	46	19	22
23	24	36	138	514	47	21	22
23	26	35	143	460	48	23	24
22	25	33	139	450	43	23	22
24	26	33	134	462	43	24	22
25	26	33	130	463	44	23	22
24	26	27	105	504	44	22	21
23	26	29	101	524	49	21	21
22	27	31	103	561	48	21	23
20	26	31	101	548	46	21	23
22	26	29	108	564	44	24	24
22	25	33	129	516	46	23	24
23	23	32	138	492	45	24	24
23	22	36	143	448	48	23	23
23	24	36	149	454	52	24	23
22	20	36	139	418	50	21	23
22	23	34	123	400	47	23	24
21	23	34	108	474	48	23	22
21	26	30	112	465	47	24	24
22	23	34	111	474	44	23	25
24	25	37	126	456	44	23	22
23	25	42	135	595	59	24	23
25	24	44	140	541	59	24	26
24	22	43	129	533	57	25	23
22	25	41	125	513	56	24	22
20	25	40	107	524	57	25	24
22	24	33	108	260	39	24	24
22	27	29	105	428	45	26	23
22	26	30	101	472	48	25	25
25	26	29	91	476	51	28	25
25	26	27	90	474	51	27	23
23	26	27	71	466	51	26	25
23	26	28	68	463	46	25	26
23	26	31	90	442	42	24	25
20	26	35	118	452	44	23	25
20	25	35	122	471	43	22	24
20	25	39	128	472	42	23	22
19	23	38	126	314	39	22	22
23	22	38	124	408	46	23	22
22	22	34	118	494	53	22	22
20	23	33	128	482	54	23	24
22	23	32	138	496	55	23	24
22	25	31	144	494	51	23	22
19	24	31	135	395	46	24	21
20	25	29	120	264	30	24	19
21	25	30	117	285	32	24	19
20	25	31	107	427	32	23	21
20	24	38	120	488	50	26	24
20	26	39	127	516	53	27	25
21	26	42	131	519	57	27	27
21	26	42	122	495	54	27	27
20	29	40	117	475	52	26	27
20	27	34	103	421	37	23	25
21	27	31	101	396	32	20	23
21	26	27	95	391	28	18	25
22	25	27	101	448	36	18	23
23	25	33	107	324	39	19	22
23	26	34	109	290	37	21	21
21	24	35	108	284	42	21	21
23	27	39	122	299	45	24	19
22	27	39	121	218	41	24	18
21	27	38	117	222	43	25	20
21	26	39	124	248	48	25	22
24	26	38	120	237	44	27	22
22	24	34	108	245	40	25	21
22	25	34	113	230	39	24	22
21	23	32	123	225	37	25	21
22	25	30	124	192	32	24	19
20	26	30	129	195	36	22	20
20	26	31	137	208	37	21	22
21	26	32	130	212	39	23	21
21	26	29	116	202	36	20	22
21	25	30	100	219	37	21	22
20	24	33	99	223	40	23	23
20	23	34	106	301	43	24	21
21	24	40	138	320	43	25	21
21	25	43	141	330	45	27	21
22	25	42	146	330	43	25	22
22	24	38	146	330	37	24	21
22	25	36	137	249	33	24	21
22	24	28	116	247	34	21	22
23	23	29	120	236	36	22	23
23	24	30	114	241	37	22	21
25	24	33	120	231	40	21	24
24	26	33	113	193	40	22	25
25	24	32	105	179	36	21	27
23	24	34	123	251	38	18	29
23	24	33	122	232	36	18	31
21	22	33	111	233	33	19	28
22	22	34	110	231	36	20	26
20	23	34	140	261	34	20	25
20	23	33	126	202	34	20	23
20	22	33	125	201	32	21	21
22	24	33	126	193	34	23	23
22	22	32	133	202	32	23	25
22	22	37	140	144	34	23	23
23	20	37	140	181	30	26	22
24	20	37	142	199	33	26	23
22	18	36	144	219	32	23	20
23	18	37	139	216	33	27	20
23	19	37	108	213	32	28	20
23	23	35	115	264	35	25	21
23	26	39	122	252	38	24	22
25	26	43	130	247	38	24	21
23	27	46	133	247	37	21	21
24	27	44	124	302	44	20	22
25	24	46	138	288	48	21	21
24	20	44	131	295	48	22	21
23	21	41	139	298	49	23	23
24	19	37	141	314	51	22	23
23	20	38	143	266	47	24	22
21	21	37	145	294	50	25	22
22	23	42	187	347	53	29	22
23	22	42	184	591	55	28	20
23	24	45	196	619	64	28	20
23	26	48	236	687	64	29	20
24	27	49	274	677	59	29	20
23	28	44	266	655	55	24	20
24	28	45	272	631	61	24	21
23	26	41	270	637	56	23	21
24	24	39	256	570	56	20	21
24	24	33	197	551	51	19	21
25	22	34	170	546	52	19	20
25	23	32	148	315	42	21	22
26	25	33	131	251	36	22	20
24	26	34	95	244	40	24	22
24	26	35	97	238	43	24	20
24	27	37	108	257	47	25	21
22	26	45	124	269	54	25	22
21	27	45	123	248	53	25	21
23	24	42	147	249	51	24	21
23	24	45	165	278	52	24	23
24	24	47	164	265	51	24	25
23	23	40	159	383	47	24	21
24	25	41	165	504	49	23	23
23	25	42	142	504	47	22	24
23	28	37	115	495	44	22	25
21	26	31	129	629	45	23	25
23	26	33	129	568	42	23	27
23	23	31	123	512	38	23	27
23	25	32	118	511	40	23	26
22	25	36	157	589	43	22	23
22	27	38	141	519	39	22	22
22	31	39	135	530	45	21	21
25	32	45	147	492	46	22	21
23	30	43	153	602	51	24	21
25	32	44	132	555	54	27	25
24	32	42	135	487	54	27	25
23	28	41	137	480	48	27	24
20	27	35	125	480	47	27	25
24	29	37	114	335	40	25	24
22	24	29	90	258	31	22	22
21	23	30	77	233	32	23	21
23	23	30	68	271	34	22	21
24	23	33	72	266	37	21	21
21	21	31	69	246	34	21	21
22	21	32	87	266	33	21	19
23	24	34	106	310	36	21	21
23	26	35	121	444	38	22	22
22	25	33	117	449	37	20	23
23	26	35	120	456	39	22	25
23	28	35	129	480	42	23	26
24	25	36	116	470	40	22	25
22	26	32	101	315	36	23	25
24	26	33	124	439	43	26	25
24	24	32	131	495	45	23	25
24	24	32	119	496	46	22	24
24	25	29	125	512	43	22	24
26	23	32	154	645	54	21	24
24	23	38	142	583	50	20	25
23	23	38	138	547	47	21	23
25	21	40	137	519	45	22	26
23	21	39	137	502	45	22	27
22	23	38	109	301	35	24	25
22	23	31	101	422	36	23	22
21	23	31	102	405	40	22	23
18	25	27	97	434	39	23	21
19	25	26	96	437	41	21	19
21	24	29	98	430	41	21	23
20	24	30	103	268	36	20	23
21	25	33	103	283	33	20	23
24	25	34	127	263	41	19	24
24	25	40	132	237	44	20	25
22	26	38	127	235	43	19	23
24	27	38	120	264	44	20	23
24	28	34	118	232	43	21	22
23	27	36	88	191	34	21	20
23	27	30	68	222	27	20	20
23	27	35	77	228	25	21	21
22	24	39	100	182	25	21	20
21	23	39	100	189	28	23	19
21	23	37	106	186	29	23	20
21	24	38	107	161	34	23	19
20	22	34	118	221	43	22	18
23	24	36	127	237	50	23	21
23	26	38	132	242	50	20	23
24	27	38	131	256	52	22	22
24	27	39	131	241	50	22	24
25	27	40	120	188	44	22	25
22	25	35	93	222	36	20	23
23	25	37	88	220	36	22	23
22	25	37	96	204	33	20	23
21	24	34	96	209	31	20	21
23	24	29	87	197	28	20	21
23	25	29	97	135	28	20	21
23	21	25	92	168	26	19	20
23	22	25	79	182	30	19	21
24	22	26	76	211	31	21	20
21	22	27	95	215	32	19	20
21	21	28	80	208	31	20	18
21	22	29	86	170	28	21	19
20	20	33	89	160	32	23	21
19	20	34	110	153	33	22	22
19	19	38	101	148	34	23	24
20	20	36	105	150	33	23	24
20	21	38	108	174	37	23	23
20	20	36	129	183	36	22	21
23	23	39	131	162	38	23	23
23	27	35	124	176	37	22	21
23	28	35	120	206	43	22	21
22	27	35	122	219	41	22	22
22	30	36	108	207	36	19	21
20	27	32	88	194	32	20	19
20	25	31	97	280	41	21	18
22	24	32	109	276	39	22	19
23	26	31	106	258	38	21	20
23	24	29	92	257	39	22	20
23	26	32	93	270	38	21	19
21	26	32	118	170	30	21	23
21	26	38	120	233	31	20	21
22	24	37	120	241	36	19	21
23	23	36	124	267	37	20	22
22	24	34	137	264	40	22	24
23	23	32	114	260	37	22	21
23	23	33	107	186	34	22	23
23	25	32	104	220	32	22	24
22	26	32	115	197	31	21	25
22	25	34	109	187	29	19	24
22	25	36	110	184	29	19	23
23	26	36	106	206	31	18	21
23	24	36	103	224	31	19	20
21	24	35	85	223	29	19	18
22	23	33	65	223	30	20	19
22	24	33	57	223	31	20	24
20	23	25	98	200	27	22	23
20	25	27	103	173	23	21	23
22	23	28	101	168	27	23	26
22	24	29	120	206	26	23	25
24	24	32	141	212	28	23	22
23	26	32	116	211	29	22	23
22	24	34	113	188	28	22	23
21	26	34	119	221	28	23	19
21	24	32	116	193	27	22	20
20	24	31	98	188	26	21	20
22	23	30	97	193	26	21	20
22	23	27	97	208	27	21	22
23	23	30	96	211	27	20	23
22	25	30	92	203	27	21	23
22	27	32	86	237	31	25	22
20	25	31	96	233	31	23	22
22	27	35	108	234	31	24	19
21	26	34	119	207	30	22	19
22	25	35	113	222	31	23	21
21	23	32	116	195	30	19	19
21	24	34	114	200	31	21	20
22	25	37	150	224	33	20	22
21	25	38	144	228	36	21	23
22	25	38	144	216	37	21	21
23	27	38	143	217	37	22	22
23	26	36	142	213	38	23	22
21	24	31	93	164	36	23	21
23	26	30	98	169	34	23	19
24	26	30	103	180	35	23	22
23	23	31	100	182	32	21	20
23	23	31	96	192	31	20	22
24	22	30	92	174	29	20	22
21	20	29	73	145	25	18	23
21	19	27	59	124	23	20	19
21	19	25	58	114	27	21	23
20	19	28	70	129	26	22	22
20	19	30	116	147	27	23	23
20	23	28	126	151	30	25	22
20	23	32	129	157	30	22	23
20	23	31	134	182	30	23	20
21	24	31	129	160	31	22	22
21	24	29	97	142	29	20	20
23	23	30	97	203	30	20	22
20	24	30	98	215	33	22	24
23	24	31	102	207	32	20	24
24	25	31	100	230	31	19	22
26	26	33	135	254	33	19	24
24	27	34	127	232	30	19	24
24	25	32	130	228	28	18	23
21	26	34	130	217	28	19	22
21	24	31	129	196	28	22	23
16	23	29	83	167	28	22	23
19	20	32	88	167	30	22	22
21	22	31	82	162	27	20	22
22	22	36	107	287	31	21	22
23	21	36	126	290	32	22	21
24	23	41	164	497	53	22	21
23	24	44	179	649	60	23	22
20	21	44	178	693	61	25	21
23	22	43	167	676	63	27	21
23	22	44	206	682	66	25	22
24	22	41	184	555	54	25	21
24	23	33	174	371	44	25	21
25	23	34	177	351	44	21	21
22	22	28	176	511	46	20	23
25	26	32	123	521	47	21	23
22	24	31	129	521	45	22	22
24	23	32	127	525	46	21	21
24	26	34	124	491	51	23	23
25	27	33	116	278	43	23	22
22	25	37	156	263	40	22	21
22	26	37	156	286	41	20	23
20	25	40	161	441	48	20	23
21	23	38	162	492	44	22	22
22	22	41	165	487	45	22	23
22	24	33	114	485	42	23	23
23	23	32	132	489	43	22	22
23	24	36	136	376	40	22	22
22	24	35	137	308	37	21	23
20	26	34	149	531	47	21	22
20	26	43	169	538	52	23	22
22	27	43	151	535	51	23	22
21	25	36	139	603	51	22	23
23	26	37	144	637	57	24	23
23	24	39	132	486	50	26	24
24	24	31	122	505	49	24	24
21	24	29	118	566	50	23	23
26	25	32	125	526	48	25	24
26	24	32	117	494	42	23	22
25	23	31	145	577	44	20	21
24	22	35	138	579	49	19	21
25	23	36	135	536	46	20	22
21	24	34	133	485	44	17	21
19	23	36	147	474	45	19	20
21	25	34	117	343	40	20	21
20	24	29	121	283	32	20	20
21	24	29	123	241	35	20	21
21	22	33	129	441	45	21	22
21	27	30	119	435	47	21	22
20	27	32	135	455	48	22	21
20	29	32	128	480	47	22	23
20	28	32	130	484	46	25	23
18	29	30	127	484	43	24	23
20	25	29	130	484	40	23	22
21	25	29	116	498	42	23	23
23	23	28	116	492	41	23	23
23	25	30	123	487	45	20	21
24	25	30	116	411	42	19	20
25	26	35	117	466	48	20	21
25	26	35	124	455	48	20	21
23	25	36	133	473	50	20	18
24	25	40	127	575	50	20	19
23	24	40	129	520	46	22	22
21	22	38	119	482	43	20	22
20	23	36	112	466	44	19	21
21	25	36	99	434	44	21	23
20	24	33	98	369	45	21	24
22	24	33	116	410	47	20	22
23	25	31	111	423	44	22	23
24	26	34	122	432	42	23	24
22	23	33	134	424	39	20	24
21	22	31	134	381	36	20	24
21	22	31	120	311	39	22	26
21	25	36	128	454	44	21	24
19	24	37	128	463	45	20	25
22	25	38	118	471	44	21	23
24	27	38	117	575	50	20	24
22	27	38	132	605	47	18	21
23	27	36	129	497	42	18	21
23	25	33	118	498	41	19	20
23	28	36	115	533	45	21	22
21	26	32	120	384	34	21	22
23	27	33	112	337	35	21	25
22	26	31	122	454	43	22	24
24	26	35	128	450	46	23	24
25	25	32	134	405	42	23	23
26	27	33	131	413	43	23	23
24	27	35	125	415	45	23	21
25	25	33	113	257	35	22	21
22	24	31	122	263	31	21	23
23	26	29	122	251	32	21	23
22	27	29	121	232	32	21	22
23	25	25	119	223	29	20	23
23	26	27	142	273	36	20	22
24	28	29	132	246	39	20	21
21	26	30	124	247	38	19	22
22	23	30	118	241	39	20	23
21	24	30	122	238	40	20	21
21	25	30	104	203	36	20	24
20	23	28	98	204	33	19	22
22	23	32	99	207	35	21	23
22	24	31	110	208	31	20	21
23	25	32	111	256	29	20	23
22	23	30	106	268	37	22	20
22	25	32	111	262	41	22	22
19	24	29	113	266	41	21	21
20	25	35	129	279	44	25	23
19	26	41	137	261	48	24	22
22	27	41	131	228	44	24	24
22	25	38	127	206	39	25	23
24	28	40	131	262	50	28	24
23	29	39	130	276	57	27	23
25	29	36	118	249	54	30	23
22	29	37	120	252	53	29	23
22	29	42	143	311	57	29	23
24	29	43	144	296	54	28	24
23	26	39	129	272	43	24	24
22	24	38	128	274	44	23	24
22	23	37	140	321	43	22	22
22	26	34	116	312	39	21	23
18	23	28	112	285	30	20	21
20	27	30	109	294	31	21	21
20	27	30	114	319	33	21	22
21	28	29	121	270	35	22	21
21	26	28	121	222	34	25	21
23	26	29	118	225	37	24	20
22	23	28	116	234	38	23	21
23	23	26	119	262	37	21	20
22	26	30	102	267	39	22	24
22	24	31	106	270	40	19	24
20	25	32	106	290	36	20	27
22	24	32	111	309	35	20	25
21	28	36	110	293	34	22	26
22	26	34	107	293	31	21	25
23	27	33	115	317	29	19	24
25	26	32	119	327	31	17	21
23	28	32	113	301	35	19	23
25	24	27	115	265	34	22	22
24	27	26	135	283	33	21	23
25	25	32	128	268	34	22	21
23	26	31	129	228	33	23	24
23	24	32	137	305	31	23	23
21	24	33	130	320	33	19	23
22	23	35	116	306	35	22	24
20	24	29	112	306	36	23	24
19	22	31	111	324	37	22	23
20	24	29	105	275	34	22	24
24	25	32	106	259	34	23	25
22	22	30	110	262	34	19	23
24	24	31	110	301	39	19	24
25	24	31	103	315	37	19	24
25	26	35	113	303	39	20	25
22	28	35	128	313	36	20	22
21	30	38	129	315	38	20	23
20	29	37	132	318	35	19	23
20	29	38	136	285	37	19	23
19	28	35	125	271	37	19	23
20	25	33	122	251	36	19	23
21	24	31	119	249	33	20	21
21	23	31	119	173	30	20	21
20	23	31	120	171	30	21	19
21	21	32	118	163	27	21	20
19	23	31	104	234	30	22	22
22	26	34	114	244	39	22	21
22	26	37	117	250	40	22	23
26	26	37	113	274	43	24	23
26	26	35	117	283	42	22	24
28	25	36	118	246	41	22	24
26	22	32	114	272	35	23	27
26	25	30	119	291	36	24	24
22	24	30	141	265	34	24	24
21	26	30	140	276	36	26	21
21	25	32	140	312	37	25	21
22	27	29	152	268	38	23	20
23	25	31	152	266	37	24	23
23	25	31	135	275	37	22	23
25	25	34	140	300	41	22	26
24	25	32	134	280	40	22	24
23	23	33	110	282	38	24	23
22	24	30	101	261	36	22	22
21	25	30	106	283	35	23	23
19	24	27	112	252	27	22	21
19	26	30	116	249	33	22	23
19	25	32	115	260	34	20	23
19	24	33	112	289	34	21	23
21	23	36	124	270	37	19	23
22	24	38	119	254	39	20	24
21	22	37	118	238	37	22	24
23	23	34	123	299	36	22	23
23	23	32	136	311	37	23	22
24	22	30	129	308	36	22	24
23	23	30	136	306	37	22	22
26	23	29	130	314	37	21	21
25	25	30	126	263	37	23	21
25	25	29	115	218	35	21	21
25	26	31	109	204	35	23	20
25	24	28	91	251	34	23	20
22	24	30	94	245	34	24	21
21	22	28	101	215	32	21	22
21	20	30	100	212	33	23	25
19	22	26	111	276	35	21	24
21	23	28	116	244	36	23	25
21	25	26	117	225	33	22	25
22	27	30	118	230	39	23	24
22	29	30	111	251	39	24	21
21	27	29	94	184	36	24	23
20	26	29	99	171	33	22	23
20	23	31	103	173	33	21	22
19	21	26	89	168	30	23	21
18	22	25	92	189	34	21	22
20	22	26	87	192	39	23	19
19	24	26	79	193	37	25	22
20	25	25	83	192	39	25	23
22	27	29	99	225	40	25	23
22	25	29	97	169	36	25	22
23	26	30	113	161	34	25	24
24	24	30	127	170	39	26	20
22	23	31	131	224	41	25	22
24	22	29	131	204	39	25	22
24	22	31	138	220	40	25	24
24	20	29	131	251	38	21	23
23	22	27	118	302	37	20	24
26	23	29	135	265	33	22	24
25	21	28	128	265	33	21	24
25	22	27	122	257	31	21	23
25	24	35	123	260	39	25	23
25	23	39	147	226	41	25	23
23	23	37	125	240	43	25	22
22	24	38	123	231	44	25	21
22	24	38	128	245	43	26	22
22	24	33	129	246	36	23	22
24	24	28	105	213	30	23	23
25	25	27	107	213	27	21	23
24	26	28	118	229	25	20	22
24	25	28	116	234	25	19	24
22	26	28	117	224	26	19	22
21	26	29	125	227	26	19	20
20	26	32	122	207	25	19	21
20	25	29	116	238	28	18	20
19	25	30	113	256	31	21	19
20	22	29	99	232	31	21	19
20	25	28	83	239	33	20	20
22	25	26	88	309	35	20	21
22	24	27	85	319	36	24	22
22	25	25	90	283	36	23	21
21	25	28	99	286	35	23	22
21	23	27	97	310	32	22	22
20	22	30	98	249	31	24	22
19	24	31	107	211	29	23	22
20	24	36	116	223	31	21	21
22	24	35	127	260	31	21	22
23	25	38	131	244	35	23	22
24	24	37	125	234	37	22	20
23	24	36	123	239	36	18	20
24	23	31	108	234	32	20	22
22	23	31	91	202	34	23	23
22	23	29	89	213	31	21	22
22	23	30	122	292	31	21	23
23	23	32	114	284	35	23	23
24	23	31	114	301	38	23	22
24	24	34	144	301	39	21	21
23	24	35	152	280	38	22	21
22	26	34	127	204	39	21	20
22	24	34	130	211	34	20	20
23	24	35	139	196	35	22	20
24	24	34	138	190	33	21	21
23	24	31	129	260	40	23	20
25	22	30	126	305	40	23	22
25	24	32	129	364	41	21	22
24	24	32	124	362	41	22	25
23	23	32	105	373	40	22	24
25	25	36	120	343	34	22	26
24	24	35	121	508	41	23	25
23	22	32	127	524	47	24	23
23	23	33	126	545	48	22	22
23	23	30	118	584	50	22	21
24	22	29	103	577	54	24	19
22	23	29	109	418	48	22	19
24	24	33	107	336	44	23	22
22	25	30	104	327	42	23	22
26	25	33	104	242	43	25	23
23	24	32	112	233	37	22	23
25	25	36	106	213	35	23	23
25	27	33	96	205	29	21	21
25	25	35	94	139	28	21	20
23	25	34	81	109	22	19	18
24	27	31	65	111	20	19	18
24	24	29	59	109	20	19	18
22	22	29	53	97	22	21	18
22	25	28	50	127	22	21	19
22	24	27	50	148	22	21	20
21	23	27	61	156	24	21	20
22	25	26	75	202	28	22	23
21	25	24	75	223	28	21	23
23	22	25	85	229	32	20	25
22	25	26	102	218	34	21	24
23	26	29	97	214	32	21	25
21	26	30	89	193	31	22	23
22	27	32	102	188	32	21	22
20	26	32	100	162	28	23	20
21	27	33	88	219	29	24	21
22	26	31	84	213	31	23	20
22	25	33	92	192	28	22	19
22	22	34	102	182	33	24	21
22	25	35	109	189	34	23	19
22	22	33	107	158	35	23	18
21	23	35	115	162	36	25	19
22	25	32	126	190	40	25	20
20	25	31	112	211	35	22	18
22	23	29	101	219	36	23	22
20	25	29	100	196	34	21	21
21	25	27	90	188	32	19	21
20	21	30	95	165	25	19	20
21	22	32	94	124	28	20	21
20	23	32	94	204	27	17	19
21	23	32	95	204	26	19	21
21	26	34	97	209	27	19	21
21	27	31	105	210	29	19	22
22	28	28	110	247	28	19	23
22	28	28	109	185	30	20	23
22	28	27	109	183	29	21	23
22	25	26	110	182	27	20	25
26	25	28	75	185	29	22	25
24	24	28	84	215	35	21	25
23	23	30	91	219	34	22	24
24	23	35	95	213	35	24	23
24	24	34	92	206	35	24	21
20	24	32	106	216	34	24	19
22	23	31	111	166	29	23	18
23	24	30	112	158	32	25	20
21	23	24	112	164	32	21	20
22	24	25	125	183	34	21	22
22	24	26	116	187	33	20	23
21	24	27	110	186	33	19	23
20	25	26	105	185	34	17	25
24	25	28	113	195	34	19	24
23	25	26	103	184	35	20	22
22	24	26	108	202	34	21	21
23	24	26	99	187	35	22	21
23	22	28	97	204	26	22	20
20	22	27	85	200	27	22	21
22	21	27	81	195	27	21	25
22	23	27	71	181	32	21	24
23	24	30	76	190	38	21	27
23	26	30	86	178	40	23	27
22	25	31	97	195	41	23	26
23	24	32	105	202	42	24	22
23	24	31	109	191	38	25	23
24	25	31	107	204	32	24	20
23	21	29	102	214	32	23	19
24	23	32	138	215	34	23	18
21	25	34	148	222	35	23	22
24	25	34	146	237	38	22	21
23	25	34	159	227	38	21	20
25	27	37	169	241	40	20	21
25	25	34	182	232	38	21	22
27	24	32	184	227	35	20	20
28	24	34	185	213	34	21	21
28	23	32	178	229	36	23	23
27	23	30	175	199	33	24	23
29	25	32	154	182	38	22	26
27	24	29	134	213	45	25	29
24	24	30	132	209	48	27	33
26	22	28	126	200	47	26	32
27	24	29	128	212	47	25	32
24	23	28	94	211	43	28	30
23	22	27	95	168	34	22	27
22	22	24	92	173	25	21	19
21	25	27	90	147	25	22	21
19	22	28	74	124	26	23	20
20	22	30	83	140	29	22	19
21	23	34	103	176	33	24	21
23	23	34	117	207	34	24	21
22	23	36	134	211	38	23	22
22	24	33	141	238	41	24	24
22	24	33	148	283	41	23	24
23	25	34	154	296	47	22	24
23	26	36	157	373	51	21	24
23	24	45	207	551	57	23	22
23	27	50	236	649	68	23	21
22	27	58	360	669	72	24	22
23	29	63	374	732	75	25	24
22	28	62	371	697	78	27	25
21	29	54	354	591	71	27	25
20	25	51	349	495	60	27	25
21	26	50	254	508	62	26	23
20	24	52	309	572	59	25	21
23	26	59	332	588	63	27	24
24	25	60	352	681	74	24	23
25	26	63	343	680	77	23	22
26	27	58	361	670	75	25	24
27	24	50	324	668	80	25	24
25	25	46	367	673	82	22	21
27	26	54	344	559	76	26	24
25	25	50	374	578	73	26	23
26	29	54	337	761	82	25	23
25	31	54	323	666	76	25	21
25	31	51	249	637	64	25	22
23	30	44	261	823	67	22	19
23	32	44	211	818	70	21	23
24	27	36	208	622	53	22	21
25	26	41	189	773	70	23	24
24	25	45	211	796	71	23	24
25	25	44	197	618	68	24	26
26	26	46	199	647	67	27	24
22	26	46	236	654	68	24	24
21	26	42	252	503	57	25	26
21	27	40	258	672	66	23	25
19	25	47	279	668	70	25	27
19	23	51	303	635	67	24	26
18	24	56	273	707	72	26	27
24	39	73	323	702	74	30	27
29	94	107	344	545	73	35	26
33	144	168	352	671	75	33	26
36	179	170	342	676	79	33	28
37	188	181	391	669	76	33	27
34	195	194	370	781	74	30	24
37	208	229	333	766	67	26	27
41	265	246	316	736	58	26	26
44	280	293	358	757	63	27	27
44	287	315	306	720	63	27	27
48	309	316	273	570	59	27	27
44	306	297	313	645	63	26	25
43	261	265	306	705	82	30	28
53	234	325	308	771	79	28	26
122	260	312	345	758	85	26	32
122	228	301	346	782	86	27	34
123	210	288	342	796	85	27	33
123	181	278	341	683	73	24	29
119	168	131	292	620	67	24	30
53	124	96	269	655	64	23	22
81	138	150	360	687	65	23	22
104	141	165	393	678	61	27	23
105	169	190	398	706	64	26	23
109	172	196	466	794	95	33	26
106	154	196	479	840	105	37	28
84	165	177	423	789	104	37	30
52	159	159	369	711	102	35	30
45	128	128	363	666	95	35	33
45	125	145	263	526	73	29	29
47	157	145	279	515	62	27	28
47	130	126	256	605	73	27	25
69	127	136	261	632	81	26	24
70	125	150	262	662	91	27	21
61	118	118	256	632	88	27	22
62	73	116	174	587	82	24	21
67	97	116	180	503	76	24	22
51	109	128	152	482	69	24	24
52	129	120	161	419	57	24	25
60	150	140	159	434	56	24	27
57	146	142	148	483	65	25	28
51	131	139	143	519	67	26	28
45	117	118	148	516	67	25	26
41	91	108	110	517	68	23	26
29	72	87	103	511	65	24	24
34	97	120	98	375	52	24	24
47	105	126	119	403	45	22	23
49	110	130	133	400	50	26	24
51	108	135	130	414	43	24	25
50	102	133	132	443	46	24	24
47	88	126	173	570	71	25	24
32	79	123	169	515	69	25	26
31	87	125	155	583	70	20	26
28	91	121	158	605	74	23	25
29	88	124	161	577	73	21	27
27	80	101	115	439	50	19	26
26	88	118	120	419	47	21	24
25	91	114	132	478	50	22	22
27	97	125	129	503	53	21	23
30	130	132	147	529	55	21	22
39	137	144	179	539	58	24	23
45	184	159	173	531	58	23	23
58	197	177	176	429	59	26	24
61	213	215	187	400	56	26	26
59	216	271	168	363	54	27	27
74	270	309	142	341	53	29	30
79	271	361	131	326	55	29	33
77	280	494	108	290	47	29	35
90	271	491	99	203	45	30	34
101	258	470	128	191	45	30	36
106	211	453	128	189	46	26	36
105	176	408	122	185	45	26	34
107	137	220	126	187	40	24	33
96	126	183	116	198	42	24	32
85	116	155	128	275	50	26	30
61	84	116	131	302	58	30	30
54	69	88	134	373	67	35	32
39	90	68	171	429	72	35	29
40	217	102	171	437	77	36	29
38	230	100	158	395	75	36	29
35	233	104	153	405	74	32	24
31	238	114	165	360	68	26	20
30	233	117	166	283	67	27	23
29	155	156	176	287	60	23	21
27	141	211	189	318	55	21	21
28	148	226	193	303	49	23	23
29	146	248	187	285	45	22	23
29	147	257	170	315	57	24	22
24	114	226	162	322	67	27	24
34	105	180	129	343	70	29	24
62	85	156	125	335	67	26	23
212	67	110	154	403	69	30	43
280	54	80	150	372	57	27	51
330	46	69	156	352	48	26	60
337	43	65	180	328	50	26	61
353	43	80	209	364	62	27	63
297	37	83	204	309	68	27	51
244	34	88	203	295	66	28	43
178	34	92	206	295	64	28	28
185	34	86	209	277	60	26	31
145	37	74	175	237	49	26	28
136	35	66	148	209	37	21	29
123	36	57	135	206	36	20	29
114	32	51	113	187	34	18	28
74	31	49	55	157	30	21	23
69	26	39	45	93	26	22	21
61	27	38	41	67	22	23	23
57	27	36	27	54	22	23	25
89	36	34	29	49	19	25	32
90	45	35	31	45	22	29	68
92	47	34	32	39	24	30	89
88	52	39	35	37	25	29	90
87	51	37	41	39	29	31	93
53	44	37	40	35	29	34	91
46	36	35	39	33	26	28	70
41	37	34	38	31	27	27	45
35	29	28	35	28	27	27	40
30	28	30	27	22	22	24	34
25	29	27	26	22	22	20	32
28	31	28	25	22	22	20	31
30	30	29	25	22	21	22	27
30	32	30	26	24	19	24	26
31	33	27	27	24	20	25	28
33	32	27	24	25	21	24	81
35	30	28	24	26	22	25	90
34	32	27	28	26	21	25	94
38	30	26	27	23	23	24	95
38	32	28	28	23	25	24	94
36	29	27	28	22	25	24	57
31	37	24	27	21	25	21	41
32	70	38	29	41	27	19	32
46	264	116	50	114	35	23	30
74	310	180	191	236	55	25	31
82	321	211	333	411	77	30	29
122	364	231	363	461	81	32	34
135	386	282	434	604	107	36	37
140	370	357	537	694	113	36	38
165	547	435	549	682	105	36	43
165	612	506	482	611	91	31	43
172	696	543	461	576	87	29	41
191	774	559	398	428	55	26	47
199	793	519	241	239	32	23	44
182	737	467	112	180	39	21	41
188	726	504	91	113	52	25	53
165	758	472	96	103	53	28	54
144	788	502	99	89	66	28	176
128	804	506	94	78	93	31	199
117	792	513	94	76	111	34	208
139	819	409	97	72	126	43	211
195	801	429	103	78	145	42	212
200	840	412	115	128	145	41	130
238	868	422	137	133	137	41	105
240	843	398	135	133	136	43	124
224	790	400	131	127	175	56	151
187	835	403	124	122	165	56	156
181	751	350	103	62	172	56	160
131	672	316	70	45	169	55	154
133	716	331	73	44	165	54	127
127	718	313	71	44	159	34	84
150	565	266	61	50	157	34	74
143	542	296	64	51	152	34	64
144	626	324	60	50	155	36	88
139	588	301	54	49	169	33	87
175	723	371	58	48	135	40	208
230	764	402	60	44	188	45	296
252	762	372	54	50	221	49	308
251	725	349	53	57	232	71	307
