0	1	2	3	4	5	6	7
623	695	1013	579	201	139	575	335
650	693	1041	596	202	155	628	467
621	685	1041	507	171	152	630	477
594	728	969	474	176	140	666	467
580	664	885	489	179	125	592	492
438	745	844	603	239	154	647	479
409	744	792	637	243	138	695	374
400	756	765	659	260	142	785	369
458	720	797	727	270	146	765	376
482	758	896	690	288	171	953	384
669	804	876	573	244	145	1002	446
684	891	958	548	297	159	996	447
677	917	992	550	298	159	972	455
660	936	961	496	299	169	1046	508
621	927	923	477	273	135	925	486
474	850	973	493	288	146	867	422
540	746	935	474	226	140	842	446
546	708	1028	506	212	149	821	466
520	694	1007	496	213	146	784	503
555	652	954	514	210	156	879	545
518	613	832	484	189	159	928	528
446	662	784	485	236	160	960	552
509	740	648	464	247	172	924	548
533	779	631	452	235	172	881	490
531	791	656	442	255	161	747	434
566	872	720	458	282	156	661	441
580	809	701	434	300	158	756	428
536	749	683	377	317	140	819	428
586	734	741	378	351	143	910	436
604	696	809	373	364	147	1016	493
666	669	801	383	389	159	1064	522
646	729	881	397	367	157	988	503
648	710	874	409	346	161	1005	551
658	784	838	409	356	150	973	548
664	855	748	484	382	183	1004	606
558	827	685	470	355	184	997	578
570	841	557	461	378	199	977	558
643	907	509	445	377	194	1034	506
574	857	556	486	403	212	1038	474
569	875	638	432	438	192	929	318
631	958	684	440	464	176	878	301
652	952	693	449	507	160	885	323
576	958	701	470	602	172	825	347
619	936	717	477	587	171	801	369
624	916	676	441	597	186	831	360
597	968	682	428	585	183	863	391
558	1028	668	410	531	191	865	419
642	1104	707	418	506	184	802	413
595	1227	696	443	519	159	828	426
566	1215	691	460	486	131	891	439
536	1245	728	453	464	133	836	437
698	1342	744	434	500	132	875	458
645	1269	720	447	433	132	896	419
648	1231	652	359	383	148	892	419
656	1241	640	333	335	146	768	398
730	1177	583	327	329	153	792	414
574	1097	584	337	276	157	814	340
570	1109	564	318	250	161	840	348
552	1000	604	351	354	148	883	317
535	968	571	377	361	170	913	372
466	898	609	379	363	174	1006	355
512	745	641	388	349	168	946	395
503	712	702	391	349	187	954	425
500	707	681	367	240	216	937	434
504	703	814	382	236	213	978	398
502	680	860	379	256	211	956	389
444	639	891	379	258	209	1039	348
463	574	884	354	246	196	1042	311
488	591	933	391	248	171	969	283
490	583	850	377	257	165	945	285
453	568	771	381	250	154	871	314
492	592	732	365	239	163	861	289
480	658	697	385	249	153	809	302
498	619	706	371	253	182	843	315
511	597	684	326	212	171	826	314
566	594	789	342	193	173	830	299
599	625	821	388	191	164	727	315
592	567	800	374	185	168	837	308
643	604	753	336	161	136	842	320
647	681	756	359	160	156	976	330
707	670	819	385	183	170	1075	301
658	644	768	342	198	185	1147	301
725	655	859	383	230	196	1128	340
706	633	903	408	242	210	1236	338
678	585	910	425	250	202	1102	331
585	630	760	397	229	201	1056	338
635	662	846	425	215	191	1043	347
541	628	860	398	175	176	1028	317
534	684	896	384	157	152	923	306
524	662	866	358	136	143	963	275
516	652	934	379	154	144	930	260
582	613	866	334	150	135	858	245
646	608	860	296	139	147	777	258
587	534	819	284	131	160	696	238
604	585	926	282	131	159	590	244
642	559	858	274	131	150	677	273
550	553	851	286	138	151	687	296
490	570	790	286	134	137	710	266
520	588	785	317	138	118	769	263
505	530	741	329	145	117	825	253
494	484	776	297	142	110	682	241
461	491	834	308	141	103	639	193
436	465	911	316	138	108	642	185
493	471	996	283	132	114	665	184
499	474	1081	246	134	130	633	209
478	483	1050	249	120	125	690	186
481	457	1014	214	120	125	768	194
461	433	945	209	147	120	777	191
372	394	869	201	158	117	701	197
