0	1	2	3	4	5	6	7
129	281	597	105	54	43	35	46
159	268	640	106	52	43	36	50
188	272	632	103	52	45	38	61
211	238	557	93	47	43	35	63
210	236	576	95	43	43	35	61
205	248	614	88	42	40	33	60
195	241	590	86	42	38	31	57
167	245	608	97	45	38	30	50
138	247	598	103	49	39	32	49
131	236	504	91	47	38	32	48
134	218	469	92	53	41	32	53
113	209	444	85	50	40	31	51
123	254	511	75	48	44	32	47
132	262	502	78	42	39	29	47
144	264	487	79	41	36	28	48
134	277	470	76	34	37	27	41
141	292	450	86	37	38	30	44
131	233	437	83	36	35	28	42
118	295	465	73	35	39	29	38
100	353	493	79	37	39	28	35
100	397	480	78	36	36	27	38
94	429	536	71	38	38	26	36
101	455	473	81	41	39	28	45
95	413	453	82	45	39	28	43
105	381	421	74	44	38	29	47
118	358	417	68	45	39	30	48
119	325	377	70	44	38	28	48
157	337	350	60	42	38	28	47
159	355	411	60	38	34	27	47
157	343	438	60	39	35	27	46
164	331	441	67	39	35	27	44
167	315	407	67	36	32	28	42
122	281	502	66	38	33	27	35
134	265	462	62	36	31	28	39
131	270	438	65	38	33	28	41
124	294	467	61	33	30	29	41
132	325	470	65	43	37	28	43
147	382	393	71	43	37	27	45
150	410	437	79	49	42	29	50
148	397	430	79	48	41	30	47
139	358	463	80	57	47	32	49
126	359	509	78	51	43	35	47
119	305	546	75	50	42	33	41
112	339	513	79	48	41	34	39
116	352	555	84	49	43	32	40
113	363	518	81	39	37	29	34
127	335	507	75	40	37	27	36
128	328	527	79	43	35	28	42
119	266	512	75	41	33	26	35
124	265	551	79	42	31	27	41
132	328	559	80	45	30	28	45
126	356	583	82	46	31	26	45
124	394	523	75	44	32	26	43
123	391	507	77	48	31	26	44
125	393	411	66	45	32	27	39
126	375	462	75	43	36	28	42
128	354	386	79	41	36	30	45
117	320	367	77	39	37	30	43
112	319	418	74	35	36	31	44
109	340	433	77	40	40	32	46
101	308	405	70	41	39	31	42
104	330	520	70	46	43	33	38
104	370	541	70	47	42	34	41
111	400	513	72	52	47	33	43
110	435	569	73	48	46	36	42
125	466	530	68	47	45	39	42
109	499	484	66	44	40	35	41
117	481	522	73	46	41	34	40
119	455	590	74	43	39	35	36
117	411	519	69	44	36	31	34
105	365	509	71	45	38	27	33
113	313	458	68	45	41	30	34
117	297	449	71	46	41	30	37
140	341	467	76	47	41	30	46
140	371	476	78	45	40	31	46
136	404	505	81	45	39	31	50
136	429	560	82	45	41	28	50
150	440	526	78	45	42	27	53
127	402	450	69	44	42	28	49
131	376	500	74	47	44	29	51
126	361	489	70	49	46	33	47
125	370	531	69	51	43	35	48
98	405	544	64	47	39	35	40
102	422	583	64	46	39	35	42
95	416	574	63	45	38	34	40
105	421	563	64	43	36	30	42
102	364	481	64	42	35	29	41
103	294	467	73	47	38	29	41
113	276	383	85	49	38	27	40
114	278	347	87	46	36	26	37
111	253	359	85	46	38	28	38
111	272	384	89	48	39	28	40
120	289	405	82	43	37	27	40
115	298	497	83	44	38	28	41
118	274	514	79	43	37	29	42
119	277	531	82	43	36	30	39
124	321	505	77	41	38	30	44
116	326	513	81	43	41	32	44
109	318	429	72	40	38	31	42
112	361	387	73	40	37	30	45
118	367	378	77	39	39	29	48
118	334	395	79	37	37	27	43
118	328	384	86	36	34	25	43
124	338	378	89	38	37	28	42
111	306	468	89	37	38	26	38
115	306	528	84	37	36	26	35
106	315	512	81	37	34	25	34
104	347	487	78	38	35	28	34
102	349	491	75	37	34	27	34
109	350	412	75	39	34	28	37
95	358	453	77	41	34	29	37
98	338	466	77	41	35	30	38
99	306	478	68	37	32	26	39
96	360	479	61	35	34	25	39
99	352	467	57	34	35	25	41
98	334	387	63	38	38	26	39
103	336	403	63	41	42	27	38
104	317	403	65	41	43	27	36
97	214	471	70	42	42	28	36
93	242	476	71	41	41	28	32
106	372	479	65	36	37	27	39
103	382	483	67	41	32	26	39
103	407	524	67	43	35	27	42
105	426	483	62	43	33	27	41
112	433	506	61	42	34	30	43
120	357	472	64	44	35	31	48
126	371	433	60	39	36	29	50
127	357	405	61	36	32	31	49
132	375	380	64	36	34	31	52
122	368	394	68	40	34	28	50
99	331	415	62	37	32	27	41
94	309	480	62	39	32	28	37
93	321	437	62	41	32	27	39
92	314	478	56	41	32	27	36
93	308	446	59	42	33	28	38
112	333	418	56	39	36	27	37
128	362	377	63	39	36	29	44
129	350	382	58	37	35	30	41
132	355	375	60	35	36	29	41
152	383	446	62	34	36	27	42
140	404	521	68	40	36	31	43
129	388	557	70	42	39	33	34
130	383	588	72	47	41	33	35
130	422	611	81	48	38	32	32
104	389	604	75	49	41	33	29
116	368	565	79	46	41	30	31
114	382	516	83	41	38	27	33
123	429	481	97	37	39	30	39
120	368	406	93	39	43	30	43
123	399	388	95	37	41	29	44
126	429	372	95	41	42	31	48
137	442	374	90	43	43	32	50
125	421	479	76	45	42	32	49
120	464	501	72	43	38	32	44
126	454	492	74	44	38	33	44
124	440	483	72	43	37	32	39
113	444	570	80	44	37	30	40
117	422	539	78	41	35	26	36
128	386	559	84	43	38	29	37
125	392	571	84	44	37	29	37
128	356	597	80	42	34	30	38
129	294	561	66	39	33	30	38
141	314	518	67	40	36	31	40
147	288	551	60	39	34	28	43
143	264	546	61	40	35	27	42
146	303	577	62	39	34	28	47
151	334	569	63	41	36	28	51
137	316	580	61	39	31	28	48
124	339	519	64	38	32	27	47
123	350	477	63	37	31	26	47
106	347	411	66	44	35	26	42
111	355	365	84	47	35	26	37
116	375	409	93	50	42	28	39
124	366	445	95	49	41	27	37
135	375	458	94	49	44	28	40
142	356	467	91	44	43	26	40
135	358	481	77	41	41	23	37
136	335	549	71	39	37	22	41
137	327	578	66	43	41	24	41
150	368	633	86	51	43	28	44
151	413	628	91	50	42	27	43
150	394	626	98	51	43	30	45
153	394	530	99	51	44	30	40
151	398	482	100	51	39	31	42
131	372	455	91	44	34	27	39
125	330	474	89	49	35	28	42
121	324	570	84	50	35	31	42
111	331	619	80	52	34	30	44
102	394	625	83	51	36	32	43
110	368	660	80	54	42	33	44
117	390	698	93	55	43	35	46
112	389	609	90	53	43	32	43
113	399	588	104	55	49	34	45
121	336	647	104	54	51	31	45
122	325	594	100	51	47	31	45
116	299	535	96	47	45	30	39
125	321	594	96	49	47	31	41
121	289	608	82	42	41	28	36
116	410	565	75	43	39	28	36
105	432	610	80	47	40	29	34
129	444	629	65	46	41	28	39
119	439	567	63	45	40	27	40
124	440	561	67	48	41	27	42
125	490	554	79	51	41	30	41
124	496	537	81	49	40	29	41
96	516	505	84	49	37	28	40
113	586	594	100	48	38	32	44
130	624	601	111	53	40	35	47
131	550	602	106	49	38	33	48
131	543	632	102	49	36	33	49
131	535	653	104	48	37	32	46
122	473	607	100	48	36	30	43
102	431	579	90	42	32	27	35
95	387	621	91	41	33	28	40
97	413	555	89	38	32	28	41
94	395	538	113	52	38	33	44
94	382	519	106	50	38	34	43
93	414	502	104	50	37	34	45
94	443	517	105	50	35	32	40
98	417	516	109	51	35	32	41
108	390	514	79	35	29	28	41
98	370	503	79	35	30	23	39
96	345	499	77	34	31	23	39
102	335	390	78	38	34	26	41
109	371	413	70	34	32	24	39
103	423	393	71	37	34	27	38
105	452	390	68	36	33	29	42
106	436	481	68	35	33	30	43
95	442	485	56	31	31	28	40
88	441	439	65	34	35	29	40
87	408	445	61	33	31	26	39
87	400	449	62	35	31	26	37
93	434	385	62	37	33	28	37
101	387	435	70	43	34	28	38
97	346	460	65	45	33	28	36
104	376	469	69	47	34	29	40
102	369	490	72	47	34	27	39
100	361	481	78	48	32	25	40
93	373	450	71	44	30	25	42
92	373	425	68	39	28	25	42
80	375	448	66	37	29	24	37
87	379	461	60	34	29	24	41
106	360	431	55	35	29	24	37
118	429	437	65	37	31	25	42
119	462	464	70	37	31	25	42
122	455	421	71	38	31	25	44
119	433	373	73	40	32	26	40
109	431	391	69	36	29	26	41
95	362	331	58	32	27	24	35
99	354	366	62	34	29	24	40
95	346	434	61	35	30	25	36
106	350	418	66	33	29	27	38
