0	1	2	3	4	5	6	7
329	173	580	154	70	40	277	87
359	178	599	162	75	47	307	96
328	194	535	170	81	52	327	107
301	218	540	153	83	49	317	98
289	240	513	152	83	54	373	89
366	258	410	139	86	56	382	101
375	278	414	151	93	55	374	117
381	277	471	145	95	53	449	133
413	275	471	164	104	62	480	141
413	256	515	184	103	63	446	140
350	219	546	212	115	66	411	140
305	199	581	203	111	63	409	132
322	187	542	212	106	62	295	104
320	179	676	208	101	56	230	101
328	205	692	199	115	59	280	106
321	262	672	190	136	87	310	103
351	288	632	211	178	94	307	96
344	286	604	259	203	97	308	99
345	320	473	307	217	98	303	103
333	320	363	308	224	95	316	101
349	316	370	315	276	69	280	110
314	312	424	358	295	72	321	118
287	335	440	323	291	70	319	116
282	319	405	276	290	68	375	128
296	326	498	288	280	67	314	129
307	297	496	273	222	72	374	158
311	308	480	197	236	64	348	155
319	298	466	219	225	66	366	160
354	325	486	215	236	62	358	145
355	351	550	196	239	70	438	150
351	389	591	186	229	63	417	133
385	415	596	192	188	63	472	143
429	403	588	164	264	69	473	139
424	382	605	184	263	68	445	141
445	368	522	223	269	68	428	150
431	379	571	265	273	74	407	136
471	359	567	279	253	78	365	131
495	394	593	325	189	77	407	139
517	391	573	314	165	83	428	148
552	374	535	284	144	77	403	139
552	358	521	304	146	72	401	139
513	339	532	298	150	74	448	133
448	306	500	247	126	73	409	123
371	356	507	266	127	69	379	109
281	486	584	282	137	69	342	104
293	493	537	265	216	77	344	97
284	508	590	282	267	77	329	95
325	520	711	299	275	77	337	96
356	549	763	290	275	76	354	101
366	473	695	305	278	76	353	104
358	513	776	294	229	73	367	104
338	496	711	286	160	64	284	105
331	520	653	306	162	62	308	104
354	489	574	323	163	61	292	117
385	454	617	302	154	69	315	118
391	371	479	296	132	66	358	119
419	416	606	295	127	65	372	117
388	367	568	282	237	64	314	116
343	349	567	302	277	71	308	109
337	414	542	304	289	66	282	102
418	466	537	323	300	64	170	104
415	435	407	386	311	69	124	105
445	462	368	391	244	71	114	104
453	486	353	352	249	62	98	101
442	438	400	354	240	60	93	98
391	416	397	329	233	57	109	88
446	418	378	228	222	51	111	107
467	483	518	196	202	48	128	113
505	462	562	209	131	52	133	106
496	477	555	179	120	49	133	107
497	454	569	175	109	48	128	106
437	464	661	195	121	49	129	93
484	387	593	191	130	50	142	96
443	339	554	177	123	45	175	94
457	338	538	186	119	47	184	92
472	342	562	178	117	49	185	91
532	311	489	172	93	48	212	84
459	301	471	154	84	47	226	78
473	312	493	159	82	48	219	89
478	295	480	166	102	54	218	126
441	297	468	192	142	58	219	125
420	286	523	182	151	59	220	130
457	258	498	190	149	55	198	141
471	253	511	215	158	56	184	138
489	230	490	204	144	48	193	107
480	192	468	196	102	40	207	132
430	211	338	204	106	45	181	130
411	240	359	193	107	48	226	120
392	276	331	173	100	45	232	116
358	286	365	184	111	51	230	120
380	292	354	170	118	54	235	95
406	308	390	164	123	55	242	89
418	297	486	185	132	58	195	96
447	297	495	175	139	59	202	109
490	289	516	175	131	56	214	112
534	282	506	164	118	57	208	114
530	253	562	168	97	54	195	142
506	273	522	201	110	51	251	139
484	269	583	227	120	56	254	130
429	260	590	218	126	57	237	125
366	258	621	227	181	62	269	132
340	263	550	223	188	61	292	109
371	250	496	200	186	65	260	120
399	244	423	183	182	65	239	126
397	275	471	204	185	65	240	124
392	288	542	211	158	63	236	122
382	297	541	222	197	68	209	115
330	285	569	265	212	63	225	102
299	283	558	259	241	67	284	92
286	256	556	279	269	71	291	98
272	248	577	294	276	74	267	105
304	251	585	291	281	75	274	111
314	266	568	244	276	77	249	107
306	266	639	249	247	70	180	112
305	275	632	245	221	67	163	104
312	329	651	290	250	59	203	97
294	332	656	288	235	48	204	101
295	342	699	286	230	59	217	112
310	342	708	316	237	69	294	125
305	352	666	299	256	79	356	127
307	369	616	260	333	81	369	137
299	361	628	295	333	82	407	132
292	338	625	296	344	73	405	122
256	337	591	335	392	75	401	106
279	353	599	338	394	68	374	106
354	300	527	329	305	64	336	91
409	339	570	338	335	73	289	102
396	369	539	361	326	75	330	120
389	354	520	305	263	66	330	121
381	343	535	302	255	64	331	117
358	389	674	334	386	75	324	110
311	360	634	344	351	70	320	116
326	389	646	367	365	69	289	111
354	425	749	388	371	70	236	111
346	415	730	418	368	74	204	118
295	359	612	407	254	78	238	122
283	352	603	371	323	93	276	102
320	302	596	329	301	95	326	97
306	271	436	295	295	94	332	96
327	298	511	246	283	90	336	102
365	327	516	198	244	80	327	100
369	337	505	183	125	61	299	102
346	357	530	175	120	65	295	117
404	357	541	173	118	70	306	116
419	371	479	228	123	72	300	116
466	408	541	259	133	76	292	132
477	514	683	255	126	74	290	151
514	488	716	278	123	69	251	152
459	477	714	284	111	69	279	160
433	472	777	266	97	66	280	152
361	442	824	244	91	62	279	137
338	340	765	253	105	72	314	117
264	406	771	246	102	75	327	107
255	422	785	239	101	75	285	92
261	448	739	265	120	79	284	94
339	481	719	294	124	83	291	90
331	461	687	289	111	71	263	98
353	461	676	279	110	66	237	88
375	472	652	273	106	63	224	93
409	445	647	214	81	56	225	105
361	392	635	207	88	59	208	113
380	387	612	222	97	68	197	107
361	402	586	226	101	68	207	99
369	398	593	233	110	69	215	94
350	393	579	237	113	70	218	87
373	406	473	211	96	63	256	92
358	435	515	224	93	61	292	100
365	380	485	219	91	62	273	103
393	349	571	225	87	63	266	108
398	327	575	247	94	69	347	126
373	295	590	232	87	65	356	123
389	240	552	197	81	58	339	124
370	209	511	175	75	58	335	121
332	202	534	209	70	56	460	124
297	184	566	194	65	50	414	117
288	194	561	205	74	48	382	124
274	180	552	205	72	52	396	120
286	170	567	216	77	52	406	125
305	206	594	246	91	57	312	127
302	216	649	235	84	56	304	114
286	215	633	229	83	60	314	106
274	227	682	228	84	61	282	110
266	255	836	236	89	58	286	107
227	271	841	151	79	54	260	109
221	270	810	143	83	58	305	109
197	296	915	197	102	56	300	112
276	327	1063	228	113	56	335	104
285	348	956	216	112	65	380	105
278	332	944	238	117	64	364	111
287	328	928	263	123	63	372	121
319	302	852	235	124	64	380	117
262	281	631	232	122	69	352	114
297	270	656	236	121	64	323	111
323	260	576	227	130	75	398	117
337	295	687	277	160	89	350	104
318	293	667	280	155	95	345	102
319	285	666	262	151	96	347	107
280	243	692	290	157	98	312	104
252	282	788	389	194	108	242	74
217	284	830	432	212	115	275	79
230	332	830	461	229	115	325	78
218	400	978	496	272	110	329	78
235	439	1004	494	281	114	345	85
232	432	928	434	254	105	373	86
234	453	815	402	229	91	389	82
231	434	820	368	219	86	365	94
239	395	665	398	183	84	362	107
225	364	631	389	170	76	369	105
210	361	701	390	186	69	311	103
218	358	696	344	175	59	279	105
260	349	787	339	170	62	284	101
270	330	825	283	162	62	309	88
310	334	768	296	195	62	314	86
317	357	765	345	200	66	312	88
319	404	801	373	234	77	305	101
297	411	754	371	238	78	278	98
295	432	743	355	238	77	292	97
259	433	842	379	224	86	264	100
267	412	811	351	204	81	277	97
263	318	768	310	161	70	254	88
240	366	725	314	147	69	249	81
228	373	768	302	178	70	191	82
227	385	706	249	171	59	196	86
299	391	733	206	170	63	221	101
302	389	744	199	167	61	231	97
316	349	771	245	171	63	223	97
326	315	778	261	122	62	229	114
328	299	785	283	101	60	244	110
361	313	707	271	98	62	262	97
366	325	693	273	107	61	273	101
361	332	747	236	95	53	268	98
352	363	617	240	94	54	261	71
349	377	628	223	95	55	252	85
230	362	766	229	95	57	206	108
225	371	766	224	81	59	177	112
271	353	671	232	85	61	175	119
278	346	776	226	90	63	234	119
305	315	782	233	90	62	277	107
361	349	653	226	85	57	299	86
395	339	716	237	92	63	346	78
355	378	733	227	92	64	390	80
380	368	626	220	86	60	358	82
384	408	602	234	105	62	338	87
350	368	607	242	110	62	330	96
310	365	594	237	108	55	301	101
319	318	592	232	106	61	268	105
286	315	609	219	113	65	281	102
262	312	559	186	89	64	245	109
293	311	546	168	80	64	340	105
317	298	595	162	86	65	332	108
340	333	730	157	91	54	313	116
401	315	758	163	90	55	316	126
400	287	865	166	94	55	316	119
380	292	873	171	96	59	215	117
363	291	788	171	96	58	238	125
374	248	675	167	98	63	266	107
317	253	640	158	89	59	246	95
324	219	506	141	87	58	288	94
306	207	595	139	85	49	276	91
304	221	625	133	82	55	260	71
256	218	612	126	71	50	292	74
220	200	676	112	72	55	345	72
229	213	670	119	78	53	336	84
235	251	672	148	94	57	335	85
268	305	752	165	95	51	348	104
271	335	807	192	106	52	315	114
278	331	800	196	114	46	288	119
277	341	872	192	122	51	286	120
308	328	874	183	124	46	284	128
319	268	768	177	125	50	262	117
305	294	777	177	131	53	249	104
316	297	858	198	134	59	212	102
295	298	775	235	174	58	279	97
262	326	743	288	208	62	302	88
240	336	783	318	242	77	312	83
268	328	864	335	257	83	319	83
248	343	763	353	261	89	350	80
301	392	775	338	232	92	316	81
301	389	788	342	205	91	296	83
290	427	779	324	224	81	305	99
273	424	627	310	238	82	311	104
296	451	661	311	270	77	362	108
230	413	669	320	289	76	355	101
257	388	606	268	373	75	347	96
283	351	707	292	368	78	328	82
289	339	698	278	355	68	323	73
289	343	671	274	330	65	370	67
302	424	671	272	319	59	352	72
280	453	782	286	234	64	356	83
262	471	760	273	194	55	388	83
339	509	770	327	242	70	404	91
348	488	730	312	284	73	358	96
354	465	731	307	307	77	361	94
361	444	679	307	294	76	373	103
356	420	687	309	382	85	346	105
294	395	725	270	369	92	370	103
301	439	855	279	357	87	327	102
348	429	965	280	359	84	315	115
344	430	955	282	354	91	401	102
456	438	897	266	257	85	391	101
450	425	925	275	267	69	408	109
452	392	830	268	257	78	394	116
435	374	709	274	244	88	424	114
508	382	702	272	244	76	334	122
448	422	705	283	254	86	366	126
467	424	656	272	206	85	289	123
501	438	675	264	189	79	270	125
494	407	667	250	225	70	254	118
492	428	626	232	230	73	317	117
547	446	584	206	216	59	324	113
571	519	593	211	213	60	327	130
538	599	615	240	198	57	328	146
588	599	613	272	120	63	353	162
549	637	601	274	109	62	378	157
508	620	655	293	119	64	353	172
485	573	641	282	118	60	380	161
485	495	563	273	123	60	391	143
436	507	575	289	135	58	371	134
404	481	682	311	140	60	297	132
368	471	684	291	123	58	306	108
361	449	715	279	121	62	292	130
368	418	739	277	129	64	368	130
366	428	719	237	104	58	369	140
