0	1	2	3	4	5	6	7
43	118	64	122	177	75	86	159
48	124	72	107	211	224	134	161
57	128	81	86	203	302	131	169
67	132	89	83	189	324	135	160
70	142	90	82	185	326	153	100
72	143	75	74	155	322	150	101
72	130	67	63	95	249	113	145
67	125	56	68	93	146	100	138
58	118	45	70	103	98	95	137
54	100	47	67	99	113	60	128
63	77	55	55	96	112	57	119
59	65	53	62	137	103	50	53
54	71	54	95	272	103	42	45
55	78	95	106	288	95	71	47
61	87	102	106	291	79	77	73
50	120	103	107	294	90	83	122
54	133	107	99	274	100	87	129
61	130	108	61	143	102	105	136
54	125	74	35	92	98	103	136
49	144	75	33	84	89	98	124
61	133	100	33	74	74	94	75
60	254	142	76	82	56	99	63
56	293	169	81	75	43	173	50
81	303	176	84	74	41	175	42
84	297	174	86	73	41	178	39
76	291	162	86	69	40	253	67
75	188	126	56	45	48	339	70
87	183	255	115	61	59	390	113
84	202	261	136	77	63	410	131
202	248	294	184	96	63	429	139
211	263	325	210	109	65	500	128
220	281	329	212	111	68	474	129
236	249	300	188	103	79	425	124
247	237	316	195	100	99	486	114
239	204	362	162	96	125	508	138
258	203	401	152	91	127	411	144
267	186	436	176	94	125	395	142
276	191	472	237	108	132	463	133
305	222	588	242	121	145	539	167
294	214	636	264	123	139	600	158
325	210	681	265	129	138	639	164
362	207	776	277	141	144	745	183
381	210	849	261	132	138	859	187
359	209	946	313	142	120	847	161
352	214	1055	347	150	117	818	159
361	221	1117	397	160	154	835	156
406	325	1129	493	240	216	808	165
400	355	1090	498	268	246	833	166
396	349	1023	481	273	247	880	180
429	372	1072	574	307	274	928	190
414	377	1008	547	302	271	1004	216
403	311	1016	488	254	249	1155	209
498	348	1106	515	239	225	1114	211
507	370	1188	533	241	223	1083	234
504	356	1181	432	255	208	1116	239
490	397	1233	439	261	226	1149	232
505	419	1240	411	255	249	1107	238
406	391	1231	429	277	270	1112	238
423	368	1149	404	287	281	1124	205
427	375	1035	366	252	266	1068	195
473	399	1148	437	293	280	993	227
424	398	1121	464	306	247	889	213
436	392	1089	435	288	222	806	219
470	418	1133	478	275	213	839	235
462	458	1093	486	270	230	1069	245
419	452	1009	444	236	258	1105	222
396	440	1029	421	254	256	1115	226
392	442	1001	442	260	275	1218	224
408	465	967	408	276	283	1155	210
399	452	1036	414	303	295	995	202
427	402	971	388	294	271	998	195
450	412	929	369	278	295	1018	204
517	451	892	319	265	277	887	223
485	434	929	376	277	280	958	224
486	444	880	407	263	264	971	233
460	494	895	439	272	224	911	220
447	517	937	461	277	198	908	214
402	498	941	446	319	206	951	182
391	508	935	402	297	201	929	207
401	540	946	386	273	188	836	184
434	504	880	350	261	175	887	197
452	477	856	334	266	163	864	214
420	462	912	393	262	147	852	214
447	426	893	393	289	153	815	188
450	389	863	409	310	162	866	186
436	396	840	414	314	163	881	176
426	389	858	417	311	162	821	144
427	398	862	430	277	164	782	185
398	461	850	529	244	155	793	197
411	463	824	586	265	159	752	219
411	461	935	624	322	178	720	238
465	495	921	671	317	226	778	301
475	487	824	631	323	225	802	288
474	458	761	575	374	231	767	285
453	409	754	484	367	221	750	269
438	387	684	466	329	222	739	247
357	350	700	432	330	178	809	169
424	359	750	523	332	184	879	173
439	322	870	500	292	167	864	171
499	354	948	599	315	165	902	168
537	381	965	586	317	150	835	189
614	377	972	560	340	137	718	183
591	347	961	480	329	137	622	218
622	337	856	445	305	130	665	237
570	443	851	323	270	126	605	236
544	512	900	305	264	123	616	229
482	540	829	284	214	123	584	232
500	547	873	328	210	107	565	212
540	562	881	338	254	110	534	192
620	494	931	386	300	115	583	207
655	465	892	378	294	108	545	212
644	459	901	404	304	97	557	212
590	472	982	372	322	99	523	179
497	486	944	385	325	98	493	172
389	468	907	320	272	103	458	183
375	524	837	368	320	130	472	165
411	559	877	393	350	136	453	171
486	558	732	381	339	132	484	210
477	568	741	369	310	138	506	215
514	576	690	369	301	133	481	189
476	474	719	318	265	111	523	230
492	424	637	273	264	108	543	232
460	448	690	319	282	113	513	215
477	426	717	314	273	112	515	214
425	424	659	342	294	104	528	229
568	496	619	369	298	105	512	190
553	494	583	364	279	109	530	178
591	506	607	371	262	102	579	155
605	523	592	461	297	85	643	146
618	556	728	431	284	102	617	129
547	516	714	394	259	104	625	187
544	518	822	405	249	103	591	195
491	487	734	369	254	117	580	197
528	524	723	254	213	131	526	199
560	566	660	261	192	123	629	211
508	593	655	276	199	126	613	173
515	590	600	256	166	127	627	203
595	604	708	275	147	128	641	246
533	594	715	265	149	124	750	262
548	499	645	256	144	128	700	262
579	500	713	256	118	124	702	263
541	484	681	241	117	124	699	249
482	553	618	257	109	110	692	227
529	508	623	259	120	103	586	213
569	546	659	279	134	106	549	207
557	514	786	300	137	101	544	220
595	514	793	313	146	99	512	205
599	417	806	270	133	121	432	187
586	421	791	262	125	119	369	176
498	399	756	266	129	110	423	171
483	382	625	296	143	108	381	160
449	424	592	312	146	123	374	166
