0	1	2	3	4	5	6	7
73	98	204	170	165	58	45	47
93	104	221	173	187	67	48	49
89	103	279	176	188	87	50	45
92	99	296	175	173	92	72	40
91	87	326	169	163	89	113	47
94	78	338	173	175	88	138	46
76	72	326	179	158	86	211	73
76	71	267	161	149	64	217	85
70	71	264	173	145	58	222	85
73	71	218	189	134	58	208	87
59	73	186	197	123	67	227	88
60	73	224	207	116	67	169	71
63	68	267	218	129	71	191	71
69	70	281	225	146	85	199	77
70	77	278	258	166	88	200	123
82	80	304	285	247	90	164	130
97	78	294	279	270	98	160	130
103	86	275	317	287	110	127	125
101	87	249	315	318	103	96	125
123	91	305	310	313	103	87	107
120	96	397	285	248	94	73	99
117	100	432	300	232	91	63	98
139	105	539	306	216	73	63	98
180	113	583	316	167	69	60	118
292	142	621	293	169	97	171	105
298	138	611	289	163	130	321	106
319	137	602	286	182	132	326	109
314	130	522	256	217	143	333	112
301	135	516	252	213	147	346	108
188	108	482	244	214	128	317	100
191	125	468	239	218	96	181	102
148	127	477	237	194	82	178	98
150	126	481	221	144	62	166	93
135	116	455	208	159	57	139	69
128	113	432	218	159	60	116	61
112	89	382	221	185	67	83	85
115	92	417	207	186	69	76	89
127	106	417	210	223	74	66	91
130	107	426	225	217	72	52	89
154	100	463	243	208	67	49	90
223	116	501	247	199	60	50	66
235	121	512	341	209	68	44	59
263	120	589	376	162	66	40	53
298	126	624	365	152	68	38	53
313	127	591	366	171	75	45	52
274	125	581	370	190	87	46	45
328	170	576	301	209	81	48	59
314	164	588	245	228	80	51	61
306	165	628	249	229	81	54	62
298	172	708	257	215	80	48	61
322	184	724	240	183	70	49	60
264	148	708	228	133	69	48	49
274	156	632	252	125	71	45	45
261	155	554	265	257	72	41	60
274	154	476	246	263	70	44	66
265	143	461	265	270	73	41	68
269	147	425	310	283	73	41	70
260	169	461	315	272	68	42	70
274	178	450	297	162	62	44	60
238	175	452	291	152	57	42	55
229	172	497	290	150	50	42	54
231	159	508	231	150	49	39	50
267	137	457	196	147	52	43	53
247	145	571	209	142	57	45	50
274	161	606	200	155	62	46	49
261	154	558	184	154	63	43	47
256	161	630	189	138	66	46	50
218	156	655	213	146	68	41	45
236	148	565	216	143	69	37	45
268	150	531	218	129	64	36	48
277	163	631	219	140	63	36	51
284	178	542	213	137	59	36	49
323	186	528	200	135	57	37	51
345	189	548	190	141	59	41	58
347	183	591	202	142	57	39	57
352	260	476	237	146	54	40	56
367	266	523	235	158	57	42	58
325	267	520	232	158	60	43	59
286	281	487	216	142	48	36	53
296	287	457	222	137	50	40	55
298	250	480	191	108	56	40	55
296	266	453	189	90	56	40	53
299	265	484	183	104	55	41	50
319	272	477	215	113	57	44	50
265	276	474	197	118	56	42	47
306	278	483	183	119	54	40	46
339	278	569	197	118	51	38	54
340	278	541	187	100	47	35	54
331	275	594	152	91	46	35	53
341	270	596	185	86	43	33	54
321	241	574	192	77	39	32	56
284	217	514	214	84	39	34	48
280	218	495	214	83	40	35	51
303	190	440	219	86	42	36	50
282	183	399	225	84	43	37	49
265	192	410	242	86	46	43	47
336	193	388	210	68	46	41	50
346	213	441	233	69	47	44	47
376	228	478	234	72	44	42	50
400	225	459	206	82	47	42	50
430	223	498	195	89	44	37	50
364	246	494	200	94	45	39	47
370	226	503	204	98	47	38	47
314	208	478	218	93	50	38	42
295	233	512	219	94	53	38	43
300	220	489	204	88	56	39	38
312	183	469	209	88	53	36	41
288	193	489	193	81	50	36	48
291	190	501	171	84	49	35	48
286	154	457	173	71	44	33	43
241	177	435	196	70	45	31	46
242	173	437	192	72	49	33	44
273	176	412	196	78	52	30	37
280	183	458	201	75	48	29	38
294	188	526	201	75	46	27	41
277	180	561	200	73	42	30	41
271	191	584	189	63	38	29	40
253	197	574	178	56	34	30	42
252	208	555	175	58	36	35	44
233	214	539	164	58	39	37	47
267	202	562	192	59	37	38	51
252	224	539	203	64	40	37	51
251	230	562	208	64	38	39	50
264	224	559	203	67	39	38	50
284	221	556	210	71	38	39	46
278	226	493	162	71	36	36	39
276	205	482	149	73	34	35	43
292	197	429	160	74	34	33	46
286	217	497	176	68	32	33	43
268	218	465	173	63	33	32	45
245	216	481	167	55	34	35	50
338	205	484	167	54	35	38	47
345	182	480	163	50	35	39	50
337	148	419	174	59	38	39	52
371	179	514	202	70	41	41	58
388	218	498	213	75	46	41	59
348	214	514	224	76	45	39	59
341	218	554	210	79	47	37	55
334	216	544	189	71	45	36	56
314	178	487	162	64	42	33	56
325	141	500	164	65	38	30	55
301	163	533	152	62	36	30	54
290	178	567	166	60	37	32	54
296	187	557	175	65	37	29	50
269	198	530	185	75	41	31	48
262	211	602	188	72	38	31	44
248	200	564	191	70	39	32	42
282	187	575	185	70	37	34	44
271	188	557	180	65	37	35	46
270	198	552	158	49	30	32	41
229	197	537	221	58	38	33	40
251	199	564	231	80	42	33	45
214	219	499	231	85	47	34	50
229	232	543	236	85	48	36	53
244	222	574	245	88	51	38	54
272	204	481	181	80	48	37	54
252	201	555	169	66	43	38	52
244	185	552	159	58	39	39	53
283	193	516	191	62	39	38	49
291	192	514	180	61	37	40	48
287	197	519	178	62	37	40	47
282	193	401	179	60	40	41	49
274	186	406	189	64	44	41	44
224	166	419	163	60	41	41	43
226	157	388	172	57	41	39	42
200	145	469	176	58	41	40	47
192	143	491	173	51	36	37	40
228	151	460	168	46	32	34	43
234	127	492	165	56	33	33	43
205	119	492	175	65	33	33	42
214	131	438	170	71	33	33	40
231	136	419	170	73	37	35	48
190	121	446	206	79	39	32	42
179	120	381	191	77	37	31	43
180	132	367	173	73	38	31	44
184	125	351	171	71	37	28	44
179	122	357	178	69	35	27	41
180	152	372	124	65	33	27	43
191	157	385	128	60	35	33	43
228	161	413	142	60	37	35	50
220	154	428	150	56	37	35	49
203	151	416	138	59	38	33	47
222	134	373	146	62	38	33	48
253	124	358	154	67	37	29	48
221	131	347	142	64	34	30	40
248	149	308	133	63	36	33	43
252	153	288	131	62	34	33	43
229	145	293	134	57	33	36	43
178	154	313	128	51	35	39	41
185	140	307	124	50	34	36	42
141	129	308	124	55	35	33	40
147	140	327	128	55	35	34	43
211	150	312	119	56	38	31	40
206	152	312	113	73	36	28	43
220	154	290	135	76	37	31	44
223	158	267	142	71	36	32	47
221	145	283	144	73	35	31	44
173	136	312	136	85	36	32	46
186	129	303	133	81	38	33	47
183	137	316	114	87	38	30	46
189	124	347	121	115	40	32	43
183	126	323	126	114	39	32	43
175	131	295	135	113	39	33	46
160	142	273	133	105	37	31	45
179	127	314	164	112	41	34	46
157	128	291	164	88	38	33	44
161	132	285	155	93	39	33	44
166	140	312	150	86	39	31	40
176	124	314	173	92	39	30	39
146	124	240	153	81	36	32	40
155	138	229	140	84	35	31	38
148	131	230	147	81	35	30	39
141	124	222	159	113	34	32	47
125	130	212	135	123	33	33	46
123	126	218	132	123	32	30	41
127	126	221	135	124	38	32	41
128	132	208	132	125	39	35	46
131	138	176	124	108	36	33	36
138	166	170	126	96	36	32	38
148	179	189	127	102	40	33	40
140	172	200	122	94	34	32	40
153	171	205	124	92	31	30	40
163	159	219	120	83	33	31	40
162	130	229	124	90	33	31	40
157	129	213	123	82	30	76	43
207	162	203	127	89	39	146	50
203	172	202	131	95	43	154	47
207	178	205	131	91	43	158	47
215	219	245	150	103	43	160	47
201	226	263	147	104	42	144	45
174	206	269	149	103	35	73	39
168	210	276	144	99	30	55	34
160	217	264	141	106	32	39	36
214	183	229	117	104	34	35	40
222	193	222	115	102	36	31	39
206	184	217	140	110	36	32	40
211	187	222	146	113	37	32	42
203	185	214	146	113	35	33	40
151	183	217	157	101	35	33	38
147	160	227	196	140	38	35	42
147	161	242	193	137	39	35	44
159	150	238	193	142	43	36	43
164	139	260	198	150	44	35	47
140	133	273	211	153	44	35	45
139	135	279	199	126	42	32	41
188	144	263	197	142	43	30	45
186	140	272	209	172	43	34	48
186	152	270	217	168	44	36	47
198	149	305	219	165	47	36	49
205	144	290	199	160	49	35	48
162	156	280	200	154	51	38	45
144	156	266	181	107	47	33	44
134	161	239	181	142	47	33	41
137	159	198	155	150	46	32	41
121	158	226	159	148	43	32	41
112	143	237	139	135	45	31	42
118	147	240	151	154	44	34	45
137	122	249	142	125	43	32	46
120	119	222	144	114	41	31	45
109	112	228	160	119	39	32	46
121	112	243	180	117	34	31	46
