0	1	2	3	4	5	6	7
34	66	211	455	153	66	41	29
32	63	218	423	166	72	45	28
31	62	187	307	147	64	38	31
30	60	179	253	118	54	37	30
28	46	161	258	120	54	36	28
26	36	138	266	119	53	41	26
26	39	120	324	128	51	41	27
29	58	125	302	148	56	42	24
30	64	139	311	146	58	41	23
29	64	166	314	146	60	46	25
28	63	189	323	147	60	46	26
30	69	197	386	132	61	46	27
28	75	216	407	115	55	45	26
26	74	233	400	117	55	45	27
28	78	215	406	116	52	41	25
27	78	195	423	115	53	35	25
27	73	215	418	104	46	32	22
27	52	203	391	80	40	31	23
27	46	171	394	107	46	31	24
27	39	187	389	108	49	33	26
27	38	182	397	112	51	33	27
27	39	164	314	123	52	31	27
33	101	159	341	132	56	32	29
33	105	162	340	108	48	30	27
33	105	142	343	107	45	26	26
34	106	147	341	115	46	27	26
35	110	142	324	100	49	29	29
33	73	144	312	86	44	28	28
37	78	214	334	93	48	30	29
40	83	239	416	111	51	31	28
41	94	248	406	97	46	30	28
42	113	260	421	153	65	33	26
39	108	261	407	161	66	36	28
41	106	226	426	162	70	37	30
39	104	224	375	156	72	40	33
39	109	212	393	179	81	45	34
39	130	190	383	207	94	48	33
39	133	174	394	215	100	48	32
36	134	163	388	213	97	46	30
41	158	155	380	213	95	43	31
40	155	158	350	199	90	38	28
39	166	247	352	160	69	32	28
53	245	277	341	172	69	33	30
55	252	275	354	175	72	33	29
53	255	272	347	175	75	38	27
54	269	301	363	171	71	41	32
70	284	267	454	164	68	43	37
63	220	260	550	202	91	49	38
61	211	268	558	301	110	54	40
60	197	266	576	329	115	56	40
71	175	254	556	332	116	53	38
57	134	223	467	330	129	59	52
55	129	199	387	335	125	56	78
58	136	188	351	279	118	54	81
57	125	195	306	245	114	48	136
43	119	165	340	248	116	49	141
43	75	153	347	240	99	38	138
48	100	187	308	246	97	40	129
46	87	182	290	225	92	43	139
46	89	171	288	239	92	45	86
43	89	169	242	258	91	45	78
43	98	177	256	269	97	48	73
37	93	146	303	313	102	47	66
35	97	136	320	326	101	44	49
40	106	122	352	340	107	46	80
40	106	123	362	339	115	46	83
40	98	120	414	401	130	51	96
39	75	103	414	366	122	50	123
40	68	94	419	373	121	47	129
33	46	98	416	360	116	46	118
42	108	161	448	378	124	54	118
41	106	150	412	316	105	49	120
41	108	150	364	288	98	58	102
43	108	154	437	347	110	65	100
43	108	152	449	396	132	70	100
40	68	89	442	397	134	69	104
41	66	92	540	436	140	70	96
44	68	99	535	433	140	62	91
53	95	166	471	388	136	58	96
70	110	169	455	342	121	64	139
73	105	162	450	336	118	62	137
75	136	176	316	269	111	61	136
78	141	174	381	258	107	62	134
70	127	119	418	246	106	68	123
56	122	136	397	247	101	59	89
56	133	144	377	220	85	56	89
53	102	124	365	254	93	57	86
48	96	130	298	281	101	57	86
50	103	129	232	265	96	53	82
54	96	120	228	251	97	58	63
62	87	108	231	241	94	57	59
69	105	119	231	214	87	56	56
70	103	117	241	185	76	52	52
71	92	115	215	169	71	51	53
67	94	101	217	168	66	46	40
57	106	116	181	193	78	48	32
57	127	199	218	216	88	49	31
57	128	200	310	234	97	51	31
56	130	196	330	242	97	51	28
54	129	196	346	264	102	63	43
59	139	193	354	244	95	63	43
50	112	116	336	221	85	63	43
50	111	116	321	317	109	70	45
76	127	130	330	347	121	77	48
86	161	148	336	340	119	64	35
81	140	146	380	342	117	69	34
82	136	130	377	353	121	68	34
83	136	140	361	250	92	62	36
61	122	130	345	211	75	51	35
58	72	114	317	195	71	51	36
56	64	114	293	201	72	42	38
68	86	116	311	169	66	42	38
68	87	94	266	161	65	40	34
70	83	90	278	192	74	40	34
62	79	87	307	232	82	41	33
62	78	91	286	239	91	43	31
46	51	89	272	294	102	45	31
45	49	97	331	300	108	45	32
40	50	97	378	282	104	48	31
42	49	98	365	258	98	45	30
47	52	85	372	238	88	43	29
47	53	78	367	179	73	40	27
50	49	68	321	185	69	40	27
76	66	63	232	180	66	39	28
77	66	62	243	179	66	38	27
74	64	86	260	195	72	39	29
75	67	97	258	186	75	44	32
75	72	108	275	183	74	45	33
51	59	112	310	200	73	45	34
46	58	109	328	194	77	47	37
48	60	104	339	185	75	47	36
48	55	97	345	183	70	40	32
42	48	108	332	183	73	38	32
39	46	107	322	156	77	39	28
38	47	111	299	157	73	40	26
36	42	102	313	180	76	39	25
35	40	99	314	188	80	40	27
38	48	81	309	186	79	39	28
35	49	77	314	198	72	37	28
38	51	75	303	191	71	35	28
38	50	80	234	177	68	35	28
37	51	79	221	198	78	36	28
33	42	71	202	221	86	38	26
35	40	67	157	209	88	38	25
31	33	60	153	213	88	36	26
33	43	50	160	220	86	38	31
34	42	55	193	189	72	35	29
33	42	52	209	160	58	32	27
30	41	49	213	158	53	32	29
35	47	55	261	177	62	33	27
33	41	52	280	158	63	33	24
32	41	48	261	185	70	34	23
31	38	50	258	181	74	35	24
34	41	58	259	215	85	39	26
33	38	58	255	207	83	42	29
32	35	69	231	205	80	39	27
33	36	72	232	177	76	39	29
34	42	82	264	185	72	37	29
37	39	83	281	149	61	30	26
35	40	98	252	142	64	27	24
37	40	96	256	155	73	33	25
36	41	94	272	160	69	30	24
35	35	91	249	160	71	34	25
33	45	97	251	170	75	39	26
30	43	83	284	181	74	42	26
28	44	92	287	183	66	43	29
30	44	109	299	202	70	45	28
32	45	104	294	213	75	45	28
29	40	103	278	215	75	42	27
33	43	102	247	221	73	38	27
35	43	95	239	229	81	46	27
34	43	76	237	247	86	46	27
32	43	77	293	258	83	44	28
32	42	69	290	248	78	46	28
30	43	85	278	228	72	45	26
29	40	87	276	241	76	34	27
30	46	91	251	243	88	44	31
31	48	99	195	246	93	53	32
32	45	97	204	247	96	54	33
36	44	87	222	253	98	57	38
37	45	91	306	254	94	58	35
37	50	103	319	232	75	52	33
35	47	105	316	197	69	42	31
36	48	105	318	207	65	51	30
31	47	102	337	216	66	51	26
33	51	111	265	192	63	51	30
32	42	97	255	193	66	51	30
35	43	85	292	240	84	59	34
34	43	96	309	262	91	49	35
34	43	99	310	277	92	48	35
31	39	76	326	269	87	52	32
31	41	73	319	258	84	52	30
30	42	72	306	265	74	46	26
30	41	65	278	246	72	50	27
30	38	75	263	213	67	48	25
32	37	77	257	213	68	41	25
37	45	82	289	273	81	43	26
38	47	101	283	254	83	43	23
38	49	103	292	252	84	41	24
38	49	98	300	269	91	47	25
38	59	112	314	357	128	60	31
35	76	121	295	320	129	59	34
33	77	113	338	322	125	57	36
36	81	107	350	353	128	56	34
38	85	105	348	369	127	52	34
36	79	95	343	295	91	45	30
37	66	87	340	301	79	44	27
37	63	80	295	289	83	51	27
35	54	82	297	242	73	52	29
33	48	81	270	211	68	52	28
33	52	83	253	222	68	47	30
29	37	76	257	202	70	57	30
30	34	74	309	194	63	56	29
30	38	72	320	191	61	54	27
31	38	64	355	201	63	54	29
34	33	60	376	189	60	53	26
33	37	80	381	184	57	48	25
32	36	83	338	184	55	42	24
29	34	83	303	191	59	42	25
35	38	85	257	168	57	42	26
33	38	100	242	151	55	43	29
33	36	93	227	148	57	42	28
33	39	98	199	136	58	44	30
33	39	101	224	121	56	44	30
26	37	109	261	115	52	44	28
23	34	103	232	107	53	52	26
21	36	127	297	125	53	45	26
21	35	127	344	129	47	43	26
23	36	133	336	125	46	47	26
25	33	129	308	115	45	69	31
25	34	123	309	113	43	68	29
27	29	98	255	82	40	68	29
92	33	111	181	54	40	84	40
125	34	105	175	52	41	108	63
138	37	111	175	51	46	109	73
142	86	125	185	58	49	109	76
147	88	143	192	69	50	113	77
122	89	187	225	74	50	104	73
92	91	205	217	75	50	84	55
86	149	215	222	80	45	72	40
83	138	241	239	84	44	71	36
74	140	254	311	93	43	81	33
70	141	267	326	100	49	87	34
70	147	254	326	98	47	85	30
53	109	253	323	95	50	109	31
50	97	266	399	91	54	122	32
49	94	279	365	149	84	124	33
49	94	240	348	163	98	184	45
45	82	248	370	167	119	355	67
40	87	288	404	170	121	361	69
47	122	293	333	206	131	367	70
46	124	265	330	219	127	364	68
45	122	267	371	213	115	338	60
43	124	261	419	220	96	164	37
43	103	209	403	217	93	131	33
32	55	148	397	189	76	101	28
36	82	200	424	142	61	97	30
33	82	203	378	135	61	93	33
30	81	198	303	121	57	72	31
29	79	193	276	121	58	98	31
30	82	192	266	109	56	98	30
25	53	122	203	79	46	98	29
27	53	101	192	83	45	96	28
28	67	100	183	81	43	108	29
28	66	96	184	85	47	144	32
26	64	85	227	90	50	145	32
25	64	82	205	93	47	146	32
24	57	84	215	80	43	145	29
23	36	87	230	80	42	131	27
22	37	92	296	81	36	63	24
23	35	105	332	81	31	72	25
24	36	115	369	100	47	75	28
24	39	112	364	110	52	76	28
24	42	109	365	111	52	76	27
26	52	140	389	114	57	73	26
27	50	136	349	124	59	58	26
25	50	128	311	103	51	53	23
27	46	136	309	96	48	47	27
26	46	139	300	103	48	43	27
26	36	109	234	110	45	38	27
24	35	96	228	103	43	37	27
29	37	136	228	108	46	36	29
27	46	144	235	103	44	36	25
26	45	142	231	94	45	36	27
26	42	139	198	81	42	36	27
27	46	140	185	84	46	35	25
28	44	144	239	99	55	37	27
29	37	126	367	140	68	37	26
30	33	127	392	153	74	38	25
39	39	134	396	151	75	44	26
39	36	134	389	162	76	47	27
38	42	85	355	184	77	45	26
48	55	88	228	180	81	49	43
49	62	85	190	175	73	46	68
54	72	75	184	183	75	41	75
55	76	88	182	199	84	41	76
67	87	142	206	233	101	46	76
62	87	141	193	227	92	42	71
62	83	142	186	228	94	44	48
53	72	142	181	228	94	41	35
56	70	135	197	208	87	39	33
39	50	81	186	146	58	30	31
38	41	76	213	169	62	33	36
42	42	76	234	175	64	31	35
41	48	84	228	167	62	34	36
38	52	79	230	165	59	32	37
45	71	77	266	170	60	34	38
54	75	83	289	199	73	38	33
105	102	110	340	332	116	51	51
115	108	103	350	356	124	54	55
116	107	103	340	360	125	55	55
115	96	99	296	363	124	55	55
110	95	88	252	352	119	53	53
68	68	46	153	228	82	40	38
50	53	44	129	193	69	33	38
47	48	39	116	183	67	33	38
46	46	35	102	156	63	31	37
43	36	35	87	104	56	30	36
35	32	34	80	89	52	29	33
27	29	33	79	88	51	31	25
30	33	31	90	82	52	32	23
29	34	33	99	82	50	30	23
30	31	33	93	79	47	29	23
31	34	37	92	82	47	32	24
34	34	40	97	82	48	34	24
30	32	41	89	92	48	35	24
29	30	43	82	94	52	37	25
30	39	43	82	97	51	35	25
27	37	38	72	97	47	31	25
24	37	35	61	94	44	27	24
25	36	32	62	84	40	25	26
26	36	29	60	84	35	23	24
26	28	26	80	125	45	24	25
30	31	24	90	130	46	25	26
32	30	26	92	129	45	25	26
33	30	25	87	131	46	26	23
