0	1	2	3	4	5	6	7
96	89	204	124	112	37	29	36
108	87	266	124	119	37	29	37
118	95	267	171	130	35	30	38
121	94	257	172	142	33	29	36
128	94	255	177	144	32	28	32
126	88	243	193	142	33	28	38
133	95	185	211	150	33	29	41
138	87	160	175	135	35	28	42
128	80	131	159	125	35	25	41
154	81	128	147	116	36	26	42
145	93	146	149	148	41	30	41
132	108	140	156	153	52	30	45
126	109	170	156	157	50	31	44
130	113	169	155	175	51	31	45
101	122	196	154	177	51	30	46
108	120	184	162	151	46	29	43
114	107	187	182	173	43	33	41
124	113	160	191	193	44	34	41
122	114	154	193	187	45	35	40
120	124	157	212	185	45	35	38
147	130	180	199	183	43	33	44
142	128	189	161	152	32	27	38
128	118	204	172	126	34	23	40
124	121	210	167	109	32	21	40
120	105	198	186	116	35	23	42
74	85	190	187	122	36	25	39
75	84	194	196	127	43	27	41
71	112	209	177	119	40	28	40
94	157	233	184	114	39	29	39
153	168	228	147	124	36	27	38
172	180	266	153	159	38	32	41
203	186	261	134	185	34	30	40
205	175	266	137	187	34	32	43
209	144	308	170	202	41	35	46
175	130	309	178	218	42	36	46
169	120	277	164	191	37	33	40
140	109	291	221	164	34	33	39
142	118	356	268	201	54	35	38
128	108	332	272	219	55	34	35
130	115	329	271	219	54	33	34
115	109	324	270	224	56	32	36
105	108	309	230	222	57	31	35
96	90	199	177	200	43	26	30
82	88	188	158	172	40	27	34
94	88	251	213	167	47	31	37
98	90	264	235	191	55	34	40
96	95	269	242	194	54	33	40
128	101	285	256	201	56	38	41
133	103	269	255	200	56	36	41
120	100	215	215	190	53	35	42
120	101	219	221	175	42	32	37
170	100	214	224	178	44	33	36
150	106	195	211	171	45	30	37
152	106	182	210	195	50	33	33
152	113	231	271	229	58	38	32
154	110	200	255	243	62	41	38
93	112	209	242	236	61	41	39
92	120	231	241	226	59	42	38
80	117	236	247	207	55	39	39
73	107	198	212	167	49	34	36
69	110	209	207	177	56	29	29
72	108	205	257	197	59	34	30
72	106	179	257	206	62	35	38
81	134	194	264	213	66	36	39
89	144	183	235	215	64	35	39
97	146	178	227	178	64	38	45
103	169	163	166	153	74	65	98
199	213	169	148	138	76	97	196
199	211	135	91	114	74	101	320
200	226	122	57	80	75	104	337
199	257	121	49	68	69	106	343
195	272	155	46	56	63	103	339
101	275	159	48	49	67	85	302
111	297	173	43	50	72	84	170
103	300	187	48	51	76	83	138
105	321	230	45	46	78	82	156
104	306	222	60	58	73	67	149
97	287	213	61	59	78	78	144
78	330	233	63	61	72	76	142
74	323	220	61	61	64	73	138
57	275	164	60	59	59	71	98
53	273	144	44	46	59	69	83
47	254	138	40	45	36	35	51
40	141	81	45	38	30	29	41
39	133	68	53	51	32	29	39
34	201	80	58	81	32	27	33
37	240	100	61	89	30	25	36
42	244	115	64	90	49	59	39
47	264	125	60	89	58	62	83
97	287	141	72	87	63	70	98
139	276	161	82	114	83	100	142
161	326	204	102	118	85	106	153
170	341	221	111	120	77	94	178
171	355	227	114	121	72	94	168
161	375	233	106	121	68	90	181
151	375	227	101	105	42	56	162
133	315	185	82	96	37	45	153
129	329	173	75	96	34	40	122
132	311	196	87	98	35	38	123
122	289	191	89	95	32	33	103
136	293	203	88	64	32	32	85
138	278	202	82	61	30	32	82
137	259	191	78	62	33	32	86
141	272	175	65	66	74	71	73
137	253	166	79	75	76	73	54
97	243	155	92	80	78	75	50
88	247	242	102	87	83	76	47
83	235	248	104	86	84	77	37
77	216	241	103	78	51	42	32
78	216	250	94	84	48	38	28
76	203	260	83	76	43	35	27
73	219	178	79	75	36	34	30
69	213	166	74	73	31	31	30
88	208	153	69	73	29	30	33
90	192	135	61	53	27	28	34
93	179	107	53	58	28	28	34
96	149	119	42	47	23	26	33
95	162	115	39	46	22	26	32
65	156	121	42	43	25	26	30
64	173	126	41	44	26	30	34
62	160	110	37	35	26	30	36
70	159	91	38	33	28	28	34
79	183	92	41	37	29	28	35
81	205	82	38	38	26	28	34
81	188	73	33	29	26	25	30
76	192	93	33	32	25	24	34
68	210	102	31	33	26	25	34
56	176	103	30	29	26	24	35
51	141	118	31	30	26	28	33
57	177	120	33	32	28	26	31
63	176	104	32	28	30	27	25
75	172	106	36	30	30	30	30
84	182	109	34	31	29	30	29
87	212	88	33	30	28	28	34
95	189	78	31	28	27	27	36
94	189	83	31	27	23	26	44
89	182	90	29	28	21	22	40
80	201	122	28	29	24	21	44
84	182	131	30	30	24	21	45
73	188	137	31	33	25	21	45
72	199	139	32	33	24	21	39
62	193	131	36	32	26	24	39
65	160	105	38	29	24	27	36
58	166	104	36	29	23	26	29
