0	1	2	3	4	5	6	7
117	115	250	111	94	36	37	73
114	106	245	107	98	43	42	74
117	97	211	138	95	39	36	72
123	102	204	157	98	35	36	70
138	113	181	158	108	37	36	61
161	112	181	154	99	37	33	45
173	126	201	166	106	34	36	46
177	142	233	187	119	40	35	45
183	142	247	198	123	47	38	49
172	130	245	195	111	46	38	41
150	127	252	199	109	46	39	40
130	119	256	188	101	43	38	38
140	110	235	162	93	39	39	46
152	112	210	139	81	35	34	45
171	116	221	139	83	36	32	44
174	117	210	132	82	37	32	45
191	117	194	135	79	36	29	55
174	112	214	161	77	41	31	49
151	100	222	184	102	41	32	48
127	95	224	198	117	41	36	49
143	107	283	208	119	43	40	53
134	108	310	212	124	43	39	48
130	104	353	186	121	40	39	49
144	120	364	161	109	36	38	48
158	133	398	154	107	36	35	51
140	125	354	148	113	36	34	47
146	155	342	172	117	39	34	48
156	160	287	176	123	40	35	49
162	161	284	170	113	40	36	58
166	149	237	162	104	44	38	53
168	171	231	162	99	42	37	57
162	142	227	139	96	38	35	52
150	133	231	152	111	40	40	53
157	125	217	157	133	45	39	42
163	129	206	155	139	40	38	42
170	107	259	154	139	42	38	37
158	127	275	146	134	45	38	39
156	132	254	130	114	41	39	38
135	123	259	162	128	40	40	38
105	127	294	175	129	45	41	41
103	149	280	186	136	44	39	39
122	157	255	190	132	43	39	44
134	169	330	189	136	45	32	44
135	175	349	176	103	42	29	46
157	174	344	177	93	40	31	46
168	152	337	163	73	39	30	50
163	125	332	182	93	44	33	47
171	107	278	182	98	45	38	47
169	105	267	161	95	46	40	47
168	118	307	155	101	45	39	46
154	122	297	166	112	48	41	44
156	132	305	171	102	44	41	41
153	138	322	174	100	39	40	43
163	141	349	177	100	37	40	41
160	127	285	184	89	34	37	40
157	122	283	178	82	32	37	38
151	110	286	171	103	31	35	40
154	118	261	167	96	33	34	36
145	115	222	162	97	36	34	40
129	114	293	149	103	37	37	46
132	126	290	150	107	35	34	45
135	127	295	118	86	38	33	46
113	113	287	128	101	42	30	45
124	108	267	134	103	39	29	48
136	114	209	144	92	41	30	44
134	113	230	158	84	42	31	48
151	125	214	169	84	41	35	50
160	123	225	156	64	40	35	52
153	125	233	161	73	44	35	46
152	115	207	157	76	42	32	44
159	101	190	148	85	46	35	41
166	91	181	150	87	49	33	44
178	88	234	145	84	45	31	41
184	91	230	134	70	41	35	42
174	107	261	126	70	42	36	42
165	104	265	136	71	39	36	44
153	100	290	143	64	30	35	38
134	94	229	151	85	40	37	38
125	103	281	165	94	42	36	37
130	95	279	167	99	43	36	41
146	105	293	160	97	43	33	48
129	116	280	136	99	43	33	46
121	124	304	143	93	36	32	44
113	137	268	143	102	32	29	52
125	135	247	173	107	32	29	49
136	145	223	166	102	31	31	44
141	135	230	170	101	31	31	46
145	130	235	168	93	34	34	50
147	102	252	166	85	33	34	46
139	102	314	134	75	36	33	50
111	84	316	156	83	37	31	50
129	98	331	159	82	37	32	50
147	100	324	164	83	35	30	52
169	127	309	151	72	35	29	50
180	127	248	149	67	32	29	45
177	131	311	141	54	31	31	40
163	120	284	152	54	33	30	43
146	123	272	141	65	33	30	36
122	123	260	152	83	36	31	42
119	129	297	165	98	35	31	41
143	137	229	147	105	36	30	46
160	142	235	167	113	37	32	43
