0	1	2	3	4	5	6	7
21	32	108	152	83	44	31	25
25	39	117	154	79	46	28	23
27	40	109	140	83	46	29	27
27	39	115	156	79	47	31	28
27	40	115	146	79	44	26	26
29	42	135	164	91	46	27	26
27	35	136	230	89	45	27	26
25	33	146	243	100	44	26	26
25	34	147	279	142	53	30	27
25	35	149	279	146	54	31	28
24	36	150	280	142	53	32	30
25	39	128	271	144	51	31	30
26	41	130	271	141	53	31	28
25	40	125	219	103	51	28	26
24	40	124	207	98	48	29	25
23	40	102	192	95	49	28	24
22	70	143	173	110	52	31	24
24	83	144	189	135	63	33	26
25	83	146	206	138	62	36	26
28	84	152	206	136	63	35	27
29	84	167	212	139	63	33	28
30	63	134	171	139	65	31	27
27	43	122	172	106	50	29	24
26	44	123	157	105	42	30	23
25	45	154	186	103	41	31	23
23	40	139	185	101	41	33	19
20	36	144	188	82	32	35	21
26	40	142	180	83	41	37	29
27	45	142	174	71	41	34	30
34	77	115	150	72	42	34	34
36	83	115	147	70	41	37	35
37	83	104	150	67	40	40	35
35	83	109	172	81	38	42	30
33	80	101	201	85	42	45	31
27	50	102	202	85	41	44	27
25	39	95	209	85	42	41	26
27	40	104	208	93	47	36	27
26	36	110	161	84	43	31	42
26	35	121	124	83	40	24	43
26	32	124	139	83	41	25	44
28	30	121	131	81	40	34	46
27	29	111	119	72	36	35	46
30	31	113	123	70	40	36	32
31	30	123	128	70	41	38	29
34	49	117	118	75	42	38	29
34	59	162	171	81	41	33	30
53	101	229	209	96	52	37	39
57	105	247	227	87	45	35	38
58	106	245	226	102	54	34	40
58	101	248	224	100	52	33	37
58	97	223	193	100	54	30	35
40	54	160	153	83	44	22	24
38	80	174	119	86	45	23	25
35	84	164	111	67	34	24	25
30	84	151	103	82	36	22	25
30	86	150	83	85	37	24	25
34	89	151	87	99	36	26	22
35	74	224	97	109	43	31	24
41	81	259	105	110	45	34	25
40	78	262	104	100	44	36	25
53	93	267	106	96	42	36	27
52	95	270	113	89	42	35	28
48	94	284	144	89	43	30	26
52	105	282	162	95	51	32	30
64	118	285	167	95	52	36	31
56	113	291	166	96	54	45	30
194	250	307	164	87	55	47	42
216	303	347	194	84	56	53	51
222	317	458	201	79	49	52	52
226	322	485	200	79	50	54	53
230	324	481	199	79	53	50	58
143	243	476	196	81	52	49	56
124	186	426	215	195	70	45	52
118	158	303	311	360	113	52	50
110	145	274	327	390	122	51	50
102	142	334	335	396	123	49	54
99	139	354	338	397	123	55	146
88	132	366	325	360	114	56	176
79	123	353	255	241	92	52	180
74	116	353	250	215	92	58	192
73	114	295	285	214	93	75	194
64	95	262	310	237	95	71	141
57	75	178	295	252	104	86	102
112	143	169	270	298	126	88	100
136	162	202	265	319	133	89	78
140	164	216	237	326	133	79	68
146	177	298	214	317	133	79	63
149	179	373	240	326	133	65	61
123	131	377	249	388	142	69	57
112	112	355	243	367	133	60	56
111	111	377	244	380	142	67	55
103	90	338	311	454	160	72	51
95	78	296	376	488	162	74	48
83	85	295	378	398	130	69	39
59	79	298	379	397	128	76	39
60	72	312	376	376	118	72	38
60	116	307	327	288	95	72	38
65	134	300	258	212	85	79	40
65	128	312	248	191	78	89	41
67	129	310	248	187	73	116	41
66	129	269	282	272	94	117	42
67	97	267	289	276	98	115	46
67	80	261	242	261	96	114	51
70	87	259	247	265	105	123	53
72	92	270	257	276	110	101	49
87	98	305	232	211	108	100	52
88	106	338	209	194	102	102	49
87	113	365	223	199	102	96	44
96	116	370	211	190	98	106	44
130	148	432	218	168	94	108	52
126	161	419	253	170	101	113	49
129	162	396	275	174	105	116	50
128	152	360	264	162	104	123	49
122	150	370	270	161	100	135	56
85	118	300	255	157	97	134	50
79	101	294	216	160	77	127	48
80	93	290	213	152	72	124	46
78	95	287	216	149	72	129	48
73	95	293	225	164	72	104	35
72	127	316	224	161	73	97	38
69	133	336	223	139	69	103	45
64	132	326	188	134	69	111	47
65	132	323	184	131	70	117	47
68	133	320	176	141	77	109	49
69	102	355	195	163	80	108	47
68	95	344	180	149	78	109	42
71	96	339	180	149	77	143	39
76	105	351	179	147	73	128	43
74	112	407	194	147	72	126	46
68	105	353	179	156	74	129	44
72	108	354	179	156	74	127	42
68	105	359	180	160	71	87	44
67	104	365	185	166	72	84	37
67	92	291	169	171	82	80	36
68	95	278	155	140	80	76	36
62	83	246	138	138	79	72	37
58	78	254	151	136	83	62	35
47	63	222	145	149	92	66	36
45	60	183	127	116	76	64	31
46	68	245	133	115	75	66	32
56	86	253	129	115	84	87	41
63	92	242	112	112	88	115	44
64	96	286	132	119	95	124	50
67	97	305	137	125	97	124	51
66	90	260	138	123	97	126	50
53	75	266	146	124	92	112	41
46	67	262	149	134	87	88	40
47	60	236	147	123	70	78	33
50	69	231	177	196	79	77	35
50	74	263	175	213	80	74	36
52	70	248	168	214	78	75	36
49	67	251	170	214	76	73	34
49	70	274	158	218	81	63	31
39	57	257	129	166	70	63	28
37	52	241	123	145	63	70	23
34	47	241	122	142	63	73	25
36	52	244	118	131	62	67	27
35	51	200	116	138	57	70	29
51	65	249	138	152	73	77	37
48	64	221	138	168	79	70	39
50	71	254	152	171	77	65	40
53	69	246	150	169	78	60	39
56	75	242	145	149	77	76	42
46	68	185	108	120	60	75	37
46	70	221	131	109	60	82	36
47	80	209	141	116	62	83	35
45	81	216	143	120	57	83	34
43	73	210	142	114	54	70	33
44	73	227	147	103	54	67	30
44	70	208	135	92	47	61	31
44	62	210	162	94	49	58	35
41	63	216	165	97	53	58	35
45	65	220	166	102	57	70	35
54	69	221	166	109	56	86	35
60	72	214	170	117	61	91	34
64	73	205	141	117	62	96	34
64	71	194	134	112	62	103	35
62	75	227	146	110	73	104	38
55	73	221	153	109	73	94	39
49	69	242	150	98	71	90	40
53	67	238	152	97	77	116	46
54	64	248	155	94	76	119	45
51	60	216	139	98	66	110	41
48	56	236	131	95	67	105	38
49	57	211	125	93	62	103	38
41	46	190	99	82	47	73	25
40	51	184	99	87	45	62	26
42	57	200	115	97	44	69	29
44	57	174	113	134	47	68	30
40	61	202	125	138	58	79	31
34	60	200	122	137	59	88	34
35	59	216	135	142	62	93	34
36	53	202	124	132	61	93	32
34	50	230	145	115	58	98	34
41	50	202	149	114	52	108	33
41	52	209	162	125	50	102	34
40	48	204	171	125	64	111	32
40	47	240	178	122	63	109	32
41	52	254	216	198	71	106	31
38	47	267	234	210	77	93	32
39	47	269	227	208	77	132	36
41	49	259	220	205	68	127	42
37	47	219	214	214	70	126	41
46	59	203	171	130	61	126	41
49	62	196	146	107	60	138	44
49	67	196	153	107	60	115	40
47	70	194	163	168	68	108	37
50	77	224	183	170	67	107	38
45	69	233	189	178	69	106	38
40	66	223	173	178	66	132	36
46	67	221	179	178	70	124	38
46	63	228	173	132	61	125	33
45	61	228	167	125	66	125	34
44	56	175	183	117	70	136	36
48	59	187	197	120	75	109	34
42	52	200	191	117	73	113	35
41	50	192	184	122	73	111	36
41	58	215	171	119	69	110	37
41	64	216	132	117	65	98	36
41	65	212	112	108	52	92	35
46	67	193	103	122	54	82	30
46	72	232	111	113	51	82	31
45	63	198	114	123	50	84	27
41	56	204	117	130	48	84	28
41	56	198	118	136	58	102	36
42	56	236	141	144	64	108	40
45	56	209	148	153	69	109	41
45	55	207	158	156	72	109	49
45	57	201	158	152	75	113	49
42	57	214	165	147	71	86	45
39	56	188	144	130	69	75	42
39	61	186	152	130	72	76	43
42	58	162	135	115	69	79	38
43	57	185	135	109	67	93	36
43	57	191	135	138	74	96	36
43	60	196	140	155	70	96	37
43	53	208	126	141	64	97	36
41	54	208	123	139	59	101	33
44	56	196	128	143	60	95	34
48	57	186	123	132	62	95	37
47	50	165	134	108	66	96	39
55	47	132	117	107	65	96	39
55	45	136	117	107	69	91	37
55	44	132	112	108	70	77	37
53	44	133	114	102	63	70	34
53	46	148	92	112	61	66	32
44	45	140	88	120	61	66	32
46	47	148	91	116	59	64	32
42	46	141	78	114	64	75	33
47	41	138	116	129	60	71	36
45	40	122	118	123	59	68	35
42	46	127	124	124	61	86	33
42	48	141	132	126	63	83	34
44	48	162	153	140	55	77	30
44	62	212	187	139	57	77	28
45	65	230	191	136	57	83	29
49	62	232	192	127	54	72	32
49	62	218	186	126	52	72	32
47	60	205	171	120	56	69	33
44	64	144	103	111	65	76	35
41	61	110	93	112	65	144	35
36	61	106	85	111	67	172	37
44	78	157	117	112	72	182	40
47	81	163	120	117	67	185	39
48	71	163	130	175	87	186	38
56	78	167	129	184	100	144	40
59	86	192	144	185	99	103	40
51	70	163	144	193	97	100	36
49	71	164	146	186	103	112	40
46	69	170	135	121	84	108	38
49	87	226	162	111	69	102	37
47	85	218	166	123	69	106	32
50	89	213	150	119	71	108	39
52	97	217	160	125	63	115	37
61	154	276	192	134	60	114	43
57	150	271	177	142	58	111	41
55	147	264	161	137	63	114	44
53	144	264	156	131	67	111	40
53	140	262	147	123	69	94	41
41	76	230	103	110	63	94	35
36	59	194	96	96	59	94	35
36	58	199	98	84	54	98	32
37	65	199	99	83	56	132	33
33	56	209	97	77	64	148	32
31	53	200	99	96	74	157	37
31	53	214	104	111	76	178	37
30	51	204	98	110	75	254	46
27	44	200	95	105	67	244	43
30	57	243	130	106	58	236	43
31	56	247	134	82	48	275	48
30	53	231	126	50	53	282	48
29	55	247	132	48	54	211	41
31	84	270	146	49	49	198	39
27	81	242	123	38	48	198	40
26	81	215	108	40	45	138	29
29	91	220	110	34	40	94	32
28	91	198	102	31	36	93	30
27	64	178	81	36	42	93	31
27	60	138	64	40	43	111	30
27	60	127	64	42	43	118	35
26	45	129	79	63	44	120	35
27	45	145	102	79	48	122	34
27	45	128	106	85	48	125	37
30	45	166	125	87	49	107	37
34	55	179	137	85	53	94	32
31	52	176	139	89	57	86	29
31	52	186	171	168	78	85	29
31	58	219	227	190	86	84	35
34	87	251	231	191	85	92	32
32	84	254	229	195	88	87	37
33	86	254	225	191	85	89	37
34	86	249	197	120	64	109	42
34	82	226	131	81	52	107	35
32	86	244	129	84	54	94	39
41	108	319	203	103	53	90	38
42	109	316	202	114	54	91	38
45	139	326	211	113	58	88	35
51	153	327	233	117	65	100	36
53	142	280	233	131	80	100	35
47	132	204	173	135	84	99	33
48	139	207	199	125	81	95	31
46	109	174	206	128	80	70	28
38	89	166	185	129	82	55	28
30	77	145	252	168	85	52	26
31	68	105	284	164	82	53	28
31	76	100	270	165	82	51	30
31	81	101	265	164	84	56	29
30	80	111	293	162	79	63	31
30	82	134	314	111	64	73	31
29	78	133	309	101	60	70	29
26	48	131	353	114	68	71	30
29	49	154	414	122	67	70	33
29	46	150	412	118	62	62	31
31	47	129	420	132	62	46	30
30	47	124	407	129	60	47	29
28	46	114	365	125	58	47	27
25	38	87	322	136	66	42	25
32	42	92	311	219	99	48	27
29	38	95	241	229	105	51	27
32	40	92	234	229	105	51	28
31	39	103	256	233	101	49	29
32	37	133	255	227	99	50	31
25	34	130	245	165	72	39	29
25	39	127	228	146	62	32	26
22	35	129	227	142	57	30	24
23	39	148	242	129	57	35	25
21	38	117	225	150	62	34	22
25	40	117	234	148	67	36	25
26	34	114	229	143	67	37	27
27	35	114	238	146	71	37	28
27	31	85	208	145	73	34	28
28	32	103	248	121	64	33	26
25	29	125	256	108	51	29	24
26	33	130	267	99	45	28	23
25	33	134	257	99	44	30	22
27	33	125	259	99	41	29	21
27	31	113	241	92	39	29	22
27	32	82	217	83	41	31	22
25	29	81	205	96	44	28	23
26	29	86	202	99	45	28	23
22	28	90	188	110	48	32	23
25	32	107	130	116	47	33	25
26	31	110	132	114	46	33	25
27	31	103	114	100	44	35	26
