0	1	2	3	4	5	6	7
33	49	25	22	28	84	36	161
35	52	26	23	27	99	32	135
31	53	26	20	25	91	36	140
31	52	27	22	26	82	34	160
40	51	26	22	30	90	34	132
40	53	29	25	30	87	37	133
39	51	30	23	30	83	38	145
39	51	29	26	32	81	34	160
43	48	28	25	29	82	39	147
36	45	31	26	27	76	43	154
38	43	31	24	27	91	40	183
38	42	28	27	26	81	40	170
41	47	25	25	23	84	40	147
36	48	28	25	25	86	36	148
40	51	26	25	27	92	36	181
36	49	22	27	27	85	36	150
42	50	24	24	27	80	40	153
39	46	27	26	31	80	40	165
39	46	30	24	32	84	40	193
36	40	29	23	33	100	39	159
42	44	34	22	34	97	37	161
36	40	35	22	35	101	33	169
38	42	33	27	33	102	36	170
40	43	31	27	31	96	35	163
42	48	33	28	30	77	34	155
42	49	27	27	29	81	36	161
42	52	26	28	28	76	38	153
41	51	27	22	29	80	37	162
41	49	26	23	32	88	38	136
40	46	24	26	31	88	38	149
37	44	23	25	31	81	37	145
37	45	24	25	28	82	37	168
36	45	23	25	29	77	42	144
32	42	27	25	28	87	41	144
37	44	27	22	30	82	43	127
34	41	29	23	31	83	44	160
35	41	29	23	33	85	44	135
36	44	29	23	29	83	37	136
36	48	26	25	29	80	42	148
32	46	31	25	29	84	40	189
32	47	33	26	31	85	39	160
31	42	32	27	31	88	39	163
31	38	32	30	34	86	38	171
34	35	33	27	35	85	37	158
34	35	29	27	33	87	36	166
37	37	26	27	32	92	38	165
40	42	28	27	31	85	38	181
44	49	29	24	30	83	37	174
52	53	28	26	28	73	41	184
52	55	28	29	30	84	40	132
51	55	33	27	28	91	39	140
50	53	29	26	29	92	41	113
49	49	27	29	27	97	41	134
44	46	29	28	27	101	35	117
42	44	28	26	26	91	36	137
40	48	22	27	28	80	38	130
45	47	24	27	27	81	41	167
44	44	28	25	30	96	39	150
41	41	29	25	32	93	39	168
40	42	29	24	32	89	41	153
44	50	32	25	30	84	41	174
37	48	33	25	31	88	36	143
37	47	31	26	28	96	39	157
33	47	28	26	26	93	46	141
38	45	28	27	26	94	44	167
38	38	27	25	26	94	42	147
38	39	26	25	26	95	41	147
39	40	26	24	26	84	43	144
40	39	27	24	25	80	36	143
41	42	28	24	26	77	35	143
40	41	25	25	26	77	41	141
39	41	26	26	23	81	41	139
39	44	25	28	25	65	37	140
42	47	25	28	25	64	39	136
39	45	28	30	26	65	41	121
39	39	30	29	26	69	33	121
40	39	30	29	28	58	35	124
40	37	31	25	27	86	35	113
41	37	31	30	30	93	35	153
35	36	30	27	27	93	34	142
37	40	28	27	26	89	35	140
36	38	27	27	27	91	34	137
35	40	26	30	28	74	35	160
33	44	26	26	25	77	37	158
36	47	28	26	26	84	39	160
35	46	28	25	27	89	38	161
34	45	29	27	25	87	35	159
35	46	30	24	27	79	38	162
32	47	30	27	28	77	34	131
30	47	25	27	31	74	31	124
25	48	27	29	31	72	35	125
31	49	32	29	30	74	36	127
36	47	30	29	26	85	35	173
39	47	28	28	25	86	36	178
39	47	28	29	24	86	40	179
42	43	28	27	26	85	40	179
39	44	26	26	28	90	41	193
33	44	25	24	29	78	39	144
30	45	26	23	32	86	38	138
30	43	28	29	29	83	41	137
32	44	27	28	28	91	40	140
32	44	24	29	29	84	38	132
33	43	26	30	29	87	40	124
33	49	25	30	26	69	41	133
34	54	27	25	27	83	35	132
33	54	25	26	29	74	37	130
33	53	24	25	26	76	37	121
34	57	23	25	27	75	35	135
35	45	25	28	27	77	35	127
36	40	21	26	28	72	33	136
35	40	23	27	28	76	31	138
36	40	24	27	29	76	33	139
36	37	24	27	27	74	36	143
34	38	25	26	28	75	35	146
35	42	25	25	28	73	36	147
38	50	27	25	26	74	39	144
37	53	27	25	27	75	38	142
35	52	28	26	27	73	37	155
37	53	25	27	28	73	40	153
37	49	26	27	29	84	38	150
33	52	23	25	31	80	35	154
35	50	24	24	31	81	35	152
39	51	22	24	30	87	36	136
40	52	23	25	29	87	37	137
38	50	25	24	28	83	38	143
40	42	27	28	28	94	41	137
37	40	26	30	27	100	40	140
33	38	29	27	27	102	38	129
32	36	30	25	28	100	34	149
33	40	28	25	30	104	33	153
30	38	28	23	28	92	28	153
32	41	29	21	27	90	27	151
30	40	27	23	26	91	31	155
33	49	27	22	26	93	30	138
32	48	30	22	24	84	31	124
36	51	28	21	22	85	30	126
40	52	28	24	25	91	35	173
42	54	26	22	29	85	33	151
39	45	26	23	29	85	34	145
41	46	23	23	30	90	37	151
38	45	22	25	31	93	36	179
34	43	22	24	30	93	36	171
31	43	23	25	26	92	38	171
35	44	23	25	31	90	38	186
37	44	24	26	27	88	34	180
36	44	26	27	28	92	39	198
35	41	25	26	28	83	35	168
37	41	26	26	29	78	41	172
33	42	26	27	24	80	40	158
27	40	27	27	24	81	43	162
30	43	26	25	26	80	39	156
31	46	25	28	25	79	41	153
34	46	26	27	25	82	32	160
37	47	27	26	26	82	32	157
42	50	26	24	28	67	30	185
40	55	25	26	24	57	30	140
40	54	28	23	24	53	31	144
40	53	26	26	24	52	29	138
37	52	30	28	25	55	32	168
35	51	31	29	28	60	33	143
36	42	31	29	28	58	32	160
36	38	30	29	29	60	30	162
34	42	32	28	29	56	30	156
34	51	28	29	29	69	30	164
32	51	29	29	26	71	30	156
37	49	27	29	29	74	37	156
37	49	27	30	30	74	37	153
37	48	25	30	31	78	38	185
36	50	25	26	28	74	36	149
39	48	25	27	29	71	37	144
32	50	27	28	28	67	30	145
38	54	27	27	26	97	32	149
37	53	28	26	30	98	31	155
36	40	28	29	30	89	32	157
34	41	27	28	31	96	30	157
34	39	25	30	34	115	30	146
27	44	23	29	34	92	30	159
31	49	23	30	30	97	33	149
30	50	26	27	30	104	32	149
31	50	24	29	29	105	32	167
31	51	24	30	26	87	34	165
35	47	24	32	28	90	35	176
35	45	25	32	28	81	32	150
37	48	22	32	28	83	33	158
35	45	24	31	28	87	38	144
40	45	61	26	30	84	37	165
34	43	66	24	28	85	35	142
32	49	65	25	27	100	36	137
31	47	66	23	28	94	35	147
39	49	66	24	30	84	30	180
36	55	37	27	27	89	29	158
37	53	28	28	30	91	27	148
35	51	28	25	31	81	28	150
37	50	27	25	31	84	29	157
36	49	26	23	29	86	34	120
35	43	25	20	30	85	34	119
35	42	25	19	27	84	34	129
35	35	27	20	28	80	35	133
38	31	27	23	27	78	33	119
33	40	55	25	29	85	30	123
33	41	57	29	29	92	28	122
35	48	204	34	30	91	29	122
37	48	216	35	27	93	35	139
38	48	223	34	30	95	37	132
38	45	223	35	27	87	37	124
41	46	224	31	26	84	37	128
44	45	115	28	27	79	39	153
47	44	91	27	28	95	33	160
42	45	74	27	28	96	32	154
44	54	57	24	28	92	32	153
40	52	51	26	27	88	32	158
41	48	36	22	28	93	29	160
35	48	35	23	28	80	33	133
37	55	36	26	28	85	32	132
35	49	34	24	27	94	34	158
38	49	31	26	31	110	35	182
34	49	29	25	34	109	35	154
35	55	29	27	31	113	36	159
35	52	24	26	32	104	36	156
35	50	24	27	33	102	36	145
34	52	28	26	31	83	39	130
31	52	28	29	25	90	41	131
32	47	29	28	26	81	39	128
32	42	32	26	24	78	39	140
34	38	55	28	28	84	36	146
31	38	140	27	27	92	31	126
34	46	200	27	30	95	35	144
32	47	227	27	32	96	35	193
37	50	230	29	31	113	35	187
34	54	231	27	28	108	37	185
36	54	196	26	28	101	42	214
35	51	140	23	26	92	38	207
35	50	99	22	24	99	35	164
30	46	91	26	27	86	35	172
29	44	80	27	26	83	35	179
29	41	68	27	27	84	29	142
27	45	57	28	27	81	29	133
32	48	39	28	27	85	34	139
31	50	49	25	27	83	34	156
31	55	56	25	31	81	37	139
37	59	54	24	35	99	38	137
44	51	53	24	37	102	39	214
42	47	63	26	39	90	37	213
44	50	61	24	37	107	37	194
44	46	53	26	36	123	35	231
44	43	60	25	34	117	39	231
37	43	61	26	30	121	38	201
34	46	53	25	26	126	36	198
33	42	58	25	26	112	34	207
37	43	60	23	27	98	38	175
33	43	55	25	26	90	33	193
32	46	54	25	27	78	35	158
33	45	50	23	30	70	35	159
31	49	55	25	30	86	38	183
34	41	57	24	29	87	34	187
34	41	57	22	26	85	35	170
36	41	57	23	28	87	33	168
38	42	57	25	30	98	35	195
44	44	47	23	31	83	34	175
39	48	53	23	30	72	36	153
38	48	54	26	33	83	34	148
38	46	53	26	32	83	35	240
41	49	56	29	30	77	35	223
37	43	50	30	30	75	33	216
37	41	40	30	30	92	30	219
40	41	35	29	30	81	31	233
40	43	33	30	30	105	32	137
43	44	29	28	33	101	31	127
41	42	31	27	30	104	32	118
41	39	28	28	30	92	34	156
37	48	28	30	29	100	36	136
37	48	30	28	30	87	33	134
28	44	27	27	29	88	33	132
30	45	26	28	33	83	31	140
29	47	29	26	33	89	33	148
30	41	30	25	32	83	33	149
30	41	29	25	30	77	33	147
30	43	30	24	30	76	31	149
30	42	35	21	28	83	39	154
30	40	33	23	30	77	35	101
35	40	30	21	29	87	35	96
33	42	33	21	29	90	36	92
35	45	31	24	28	89	37	94
35	49	26	26	28	100	31	114
37	51	26	24	27	98	31	108
36	53	27	23	29	90	29	116
36	50	24	22	30	85	27	120
32	47	25	19	31	85	29	133
33	45	26	23	30	69	28	144
34	46	28	24	31	69	31	154
28	47	30	26	30	62	32	148
31	46	29	28	31	69	34	146
35	47	29	28	33	80	33	132
34	49	26	25	34	76	33	155
34	48	21	26	35	81	28	154
34	47	18	26	34	82	27	156
34	49	18	27	34	96	29	158
33	52	24	30	31	96	29	157
33	50	25	30	33	98	27	130
37	51	27	29	31	94	30	185
37	48	28	29	31	93	36	187
40	48	28	30	31	82	34	192
41	45	23	26	32	84	36	196
43	41	24	26	27	85	37	205
38	42	25	29	26	84	34	154
44	44	24	27	25	86	33	153
41	44	26	24	24	80	34	147
41	42	24	28	25	65	32	143
39	52	26	27	26	72	32	149
39	51	23	25	28	74	33	150
35	49	25	26	30	77	32	149
37	48	30	28	31	78	32	151
35	49	85	23	29	79	32	197
35	45	106	25	30	71	31	167
34	47	113	25	29	69	31	168
35	48	114	26	27	75	29	166
33	51	113	25	29	88	28	164
33	49	80	25	28	90	27	147
31	48	50	24	27	91	27	139
32	47	33	24	27	99	30	138
35	44	25	24	30	94	32	142
35	45	25	22	28	78	35	171
38	49	23	23	28	78	34	153
37	46	28	24	32	90	34	146
37	45	27	25	32	88	33	145
33	46	31	26	31	93	31	150
34	46	30	29	28	93	29	159
34	39	30	30	28	94	31	146
34	39	29	29	25	93	32	150
35	40	32	26	26	88	30	147
36	39	31	23	24	84	33	169
36	40	32	23	25	78	33	136
34	44	30	21	24	80	32	134
36	45	28	25	23	66	30	127
34	46	25	26	24	64	30	128
32	47	25	26	27	73	27	137
36	45	23	25	27	76	27	131
38	49	24	26	28	73	28	128
41	51	25	24	27	83	31	130
41	47	24	24	24	89	31	133
39	49	24	27	23	89	32	139
38	50	26	28	26	98	31	152
34	42	27	27	25	97	30	158
32	41	25	29	27	97	27	164
31	43	27	30	28	91	27	164
35	38	26	27	29	83	27	149
37	47	25	26	25	65	34	138
37	48	25	28	26	60	34	139
35	49	28	27	24	50	34	132
38	48	26	26	24	51	37	132
35	52	27	30	22	57	36	143
33	43	29	29	25	62	30	151
33	44	31	29	28	65	32	144
33	40	29	29	30	63	35	144
31	41	30	31	29	61	33	143
36	38	30	27	32	52	33	135
36	49	30	29	30	51	33	134
41	49	28	28	32	55	33	131
43	49	30	25	31	54	32	131
43	50	29	24	35	62	33	133
38	48	27	25	33	77	32	125
35	34	27	23	33	76	32	117
33	37	27	22	27	79	32	118
34	46	24	25	29	80	33	121
33	49	22	23	26	80	32	120
34	48	26	22	25	81	33	125
37	51	25	23	28	84	33	130
39	48	23	24	28	86	31	129
37	40	26	24	27	90	31	128
35	41	28	26	28	99	29	128
37	43	28	28	29	94	30	132
35	41	26	27	28	90	30	135
31	41	27	30	28	82	33	137
32	42	27	30	27	80	32	136
33	38	26	29	28	72	33	135
32	36	26	28	29	79	31	137
33	35	27	30	28	81	32	149
36	37	29	29	27	83	30	151
36	34	26	26	27	91	37	149
38	42	27	26	28	83	36	157
37	42	25	28	29	81	37	165
34	46	24	26	29	89	36	150
33	44	24	26	33	97	35	161
35	48	25	29	32	92	29	164
35	42	23	29	31	97	31	156
36	42	24	28	31	93	32	138
35	42	24	28	31	94	33	141
34	43	26	26	29	95	33	127
35	38	26	23	31	90	32	126
32	43	26	24	32	89	28	126
32	47	26	23	29	84	34	119
34	45	28	22	31	76	34	129
34	47	25	26	31	76	34	137
34	47	25	26	29	74	35	136
35	41	27	25	30	72	35	145
36	46	26	27	28	72	29	124
34	43	27	26	26	68	28	137
33	40	25	25	24	79	29	133
32	39	30	25	25	78	28	133
34	42	28	24	24	75	28	126
32	32	30	23	25	75	26	120
33	37	27	24	23	74	28	102
31	42	28	23	23	65	28	145
32	43	23	24	23	65	30	158
31	44	25	25	23	68	29	159
30	44	23	24	23	77	30	167
30	45	25	27	25	77	28	161
30	41	24	26	26	73	31	143
25	43	27	28	26	74	32	143
28	41	25	28	27	78	31	142
29	46	25	28	26	72	35	135
31	44	24	25	24	83	34	150
33	41	26	28	27	82	33	145
33	50	23	26	27	95	33	140
33	55	24	25	30	95	34	142
34	52	28	25	31	97	32	141
32	51	29	25	30	94	34	119
30	56	27	22	29	90	33	135
32	49	28	22	29	90	33	147
30	44	27	25	24	84	31	145
29	42	22	23	23	86	29	146
31	41	21	21	23	87	30	148
38	36	24	27	24	84	30	150
37	36	24	27	23	77	28	134
39	43	24	27	23	81	30	134
39	50	28	28	28	88	32	140
38	53	27	29	30	76	29	139
32	55	26	24	29	74	31	117
34	52	25	23	31	69	34	135
34	50	28	22	33	67	36	138
39	44	27	25	29	53	34	130
38	42	30	23	28	51	35	142
37	46	28	29	29	53	32	157
37	45	28	29	27	61	28	135
35	42	32	29	28	72	30	136
29	41	31	28	28	80	32	139
33	41	30	30	31	85	31	177
32	39	30	27	30	88	36	170
32	42	31	27	30	92	40	175
32	44	25	25	29	86	37	174
35	45	25	28	28	76	33	177
33	49	28	27	25	85	35	155
38	43	31	25	26	92	33	136
38	44	33	26	26	89	29	135
37	44	32	26	29	88	34	135
37	44	34	23	28	89	35	154
36	38	30	25	29	88	37	126
40	38	27	29	28	82	41	129
37	34	26	30	27	80	41	136
40	35	25	32	25	78	38	172
38	33	25	30	27	77	37	154
37	34	29	28	28	76	34	153
39	43	27	24	26	76	31	148
40	44	30	24	29	67	32	158
40	43	31	22	29	69	32	118
38	42	29	25	28	72	35	114
39	41	28	28	29	76	35	118
35	49	30	27	31	71	37	169
33	48	26	26	29	80	35	153
34	48	25	27	30	79	38	151
35	50	29	25	28	85	37	168
41	51	30	24	29	91	39	183
39	42	30	23	30	101	35	159
42	46	31	22	30	97	34	158
42	50	34	21	29	97	32	157
45	52	31	23	30	95	29	142
43	57	30	25	27	82	30	154
43	56	29	25	26	72	28	135
41	54	28	24	26	69	30	139
39	56	26	24	25	70	34	152
40	56	28	24	27	64	35	160
36	50	25	22	28	74	33	154
35	47	26	26	29	77	36	171
36	45	27	27	29	86	36	168
38	37	28	25	30	84	34	158
35	33	27	24	32	83	36	182
38	38	28	24	31	73	36	177
38	37	28	23	31	68	34	157
37	38	28	23	29	73	35	153
36	35	26	24	30	70	33	161
36	41	25	25	27	86	31	169
37	46	25	25	28	86	32	155
35	48	22	23	26	91	33	159
36	48	25	25	27	79	36	160
36	48	26	26	26	81	36	176
34	44	27	24	25	72	35	130
30	34	28	25	24	68	36	126
31	32	28	24	26	62	35	127
32	33	29	26	26	61	38	190
33	32	29	27	26	60	37	185
35	36	28	26	26	64	38	183
34	41	29	26	32	84	37	183
34	41	30	27	29	86	38	182
31	38	28	23	30	91	30	152
30	39	24	23	30	99	30	134
33	34	27	25	29	90	29	137
34	31	24	25	27	96	27	132
32	33	27	26	29	97	27	141
34	34	26	27	28	94	32	134
36	34	27	29	33	92	34	134
34	33	26	27	34	94	36	129
32	36	29	26	31	69	37	130
34	39	31	27	30	78	37	148
35	48	31	26	31	96	32	125
31	52	34	22	30	97	33	127
36	53	34	23	29	95	33	133
38	53	31	24	31	95	31	135
36	50	27	23	29	83	34	115
37	42	26	24	30	84	34	131
38	40	23	23	28	80	38	144
33	40	28	26	29	78	39	145
37	42	29	24	31	87	39	144
38	43	29	24	32	88	41	133
37	40	32	23	32	74	42	148
39	39	30	23	31	87	39	155
42	47	26	21	32	96	39	156
39	51	24	23	27	92	38	155
38	53	25	23	26	91	32	154
40	52	24	24	26	84	32	153
37	54	23	27	27	99	29	132
33	49	26	27	28	98	28	146
35	39	27	27	29	94	30	148
34	35	26	26	32	95	33	150
35	42	26	28	32	96	31	110
37	43	28	25	30	57	32	106
34	48	24	25	27	61	30	121
30	49	28	24	28	79	28	137
37	53	27	26	25	80	24	140
35	57	26	24	26	81	26	139
34	55	27	28	27	87	26	149
34	52	25	28	28	100	30	164
39	51	22	27	27	92	32	150
37	46	23	28	28	95	33	146
35	44	27	30	27	93	30	148
34	52	26	28	30	92	32	178
34	49	28	28	27	83	31	152
32	50	28	29	27	90	29	155
31	53	34	28	27	92	31	157
32	58	32	26	28	92	35	154
32	47	30	25	23	98	34	157
34	48	32	25	26	94	32	165
33	48	33	22	29	85	32	163
33	48	30	23	29	81	32	161
34	38	30	23	27	79	30	183
34	39	31	22	31	83	31	148
33	43	31	25	29	87	33	120
31	45	29	27	26	93	33	119
33	48	27	25	27	95	33	128
34	48	28	24	29	101	31	150
36	50	30	24	26	90	31	148
37	49	27	23	31	78	28	148
39	53	28	27	31	74	27	148
39	48	31	26	32	71	27	144
37	46	28	27	33	77	31	132
38	49	26	28	33	75	33	138
40	47	28	27	30	77	36	139
41	46	25	22	29	78	37	137
39	45	24	26	29	103	35	145
41	45	26	25	27	94	36	136
42	42	27	26	27	93	31	132
39	45	29	29	27	93	30	128
40	44	31	30	27	91	30	135
39	43	28	29	28	84	32	140
41	44	26	28	29	82	30	177
39	40	26	29	31	83	31	179
40	43	24	26	32	81	30	185
41	41	23	24	32	80	30	182
43	42	26	24	32	86	29	173
39	40	27	26	30	85	25	145
40	42	27	20	29	85	29	145
40	42	27	22	30	88	29	140
38	40	29	23	29	84	28	140
37	39	27	23	27	75	30	196
38	40	29	22	32	76	31	178
36	39	28	24	32	89	28	179
35	32	28	25	30	84	33	179
32	38	24	25	31	91	34	178
33	40	30	25	31	76	34	187
33	41	28	28	27	100	38	180
33	48	32	26	27	95	39	175
32	49	32	25	30	103	38	174
32	47	34	24	29	98	41	177
32	46	29	27	28	98	42	119
31	47	30	26	29	91	39	119
32	40	28	28	28	90	40	118
32	43	28	29	25	87	37	121
32	42	31	31	25	87	32	122
35	46	30	31	24	83	28	154
33	42	28	29	24	69	30	155
33	42	28	27	25	84	31	157
38	39	28	27	25	93	32	157
39	42	26	27	29	94	35	159
36	42	27	23	29	94	34	98
37	44	28	27	27	90	31	140
37	44	29	29	28	78	28	151
35	43	30	29	27	68	35	150
31	39	25	29	26	72	34	145
32	35	29	31	27	73	34	150
38	38	30	29	29	70	34	103
36	40	29	27	30	68	33	118
34	48	28	28	33	67	30	129
33	45	31	27	31	92	27	130
35	48	28	26	30	95	29	132
32	50	27	27	30	98	28	133
34	51	26	26	28	100	31	135
35	51	26	24	26	99	29	138
35	53	25	23	27	112	30	138
32	50	25	23	31	113	34	131
32	51	28	24	29	115	35	130
32	48	27	26	29	113	36	99
32	43	28	28	30	109	34	132
35	46	31	29	28	75	34	143
35	50	31	28	27	83	32	141
33	46	26	26	28	80	33	144
37	50	28	25	28	75	31	141
37	47	27	22	27	78	32	89
38	54	23	21	27	70	31	117
37	50	23	24	26	79	36	135
39	50	23	25	28	80	34	135
33	47	26	24	29	82	36	141
33	48	26	27	30	85	37	139
31	38	25	26	32	87	36	101
33	41	26	24	32	64	30	136
35	42	30	23	31	72	32	137
34	43	28	23	33	75	31	131
37	45	29	24	32	74	31	131
39	46	28	26	29	76	33	132
40	44	27	24	30	77	34	80
37	49	27	24	28	81	32	98
38	52	29	25	24	87	35	100
36	53	28	22	25	92	35	98
32	48	28	24	24	87	35	97
30	48	27	24	25	88	34	91
32	42	25	26	26	92	33	97
32	42	19	26	27	87	30	97
32	43	27	27	25	85	32	96
34	44	30	24	26	85	30	98
34	42	31	26	24	85	31	93
32	43	30	24	24	70	35	134
33	41	30	22	23	83	36	133
36	44	23	22	25	80	38	138
33	47	27	26	25	82	38	138
32	47	28	24	28	85	39	139
34	48	28	25	27	84	40	101
35	46	30	27	27	68	37	100
33	45	31	27	27	59	36	104
34	43	27	23	27	56	36	104
36	42	28	24	27	59	35	110
36	43	28	26	29	57	33	136
39	43	27	30	29	69	33	146
41	42	29	30	29	71	31	141
39	46	27	30	29	82	34	140
40	48	26	30	30	80	33	152
39	48	29	27	30	92	31	139
35	48	30	25	29	90	32	133
36	48	27	26	30	91	34	133
37	50	27	26	30	84	32	134
36	49	27	26	27	87	35	160
33	49	25	29	24	75	35	138
35	52	24	30	27	78	36	137
36	49	28	28	26	75	34	138
34	47	28	29	25	72	34	155
33	51	30	29	26	75	32	172
37	52	28	28	30	82	32	170
34	49	27	25	29	75	29	169
30	49	26	26	29	78	34	186
29	45	25	26	29	86	34	206
34	48	22	26	28	77	32	157
30	47	24	24	25	77	34	155
35	46	27	25	24	79	38	157
34	44	24	24	25	77	37	153
40	46	26	24	25	67	37	137
36	42	27	27	26	67	37	139
39	47	27	28	26	59	36	137
36	49	25	27	28	69	34	144
36	50	24	29	31	70	29	125
33	48	28	30	34	81	29	126
36	46	26	26	35	81	29	129
33	42	26	25	34	81	29	136
34	42	28	25	36	78	30	142
35	40	27	28	31	89	34	141
33	45	28	26	27	82	34	137
28	43	29	27	29	83	35	141
31	39	28	27	29	83	37	134
28	36	26	26	26	81	37	134
27	46	26	23	28	93	36	168
27	44	20	25	29	92	36	148
31	42	20	26	27	95	36	145
33	44	22	28	27	96	34	149
35	44	22	29	25	89	34	141
39	42	28	28	26	81	33	123
42	51	28	25	25	95	32	146
40	52	28	27	25	95	34	144
37	50	27	24	28	98	34	147
38	50	30	25	30	97	33	143
36	49	25	25	26	82	33	155
35	45	26	28	27	74	33	135
38	45	25	25	29	81	32	132
38	45	27	27	25	79	29	145
38	47	23	25	27	79	30	153
35	42	26	25	28	79	29	152
33	35	27	23	29	75	28	152
30	35	28	23	29	67	26	151
30	36	26	22	30	84	28	145
33	34	27	24	27	81	27	169
34	38	23	23	28	82	27	144
35	38	20	24	25	84	29	145
36	40	21	23	23	90	30	160
41	41	23	24	26	80	30	150
39	47	24	25	27	79	30	127
38	49	25	25	26	79	30	136
37	48	27	26	26	71	30	132
37	46	26	27	27	71	34	127
34	44	27	27	26	68	33	165
32	41	27	25	27	70	34	159
32	41	27	24	27	69	35	151
32	42	25	22	28	75	35	158
32	48	24	21	28	63	31	158
33	47	23	21	30	72	33	148
30	43	23	25	29	75	33	141
31	38	23	25	30	78	37	141
29	36	28	24	33	81	36	146
35	36	29	25	32	81	37	138
32	41	28	25	30	79	36	128
35	42	27	20	29	79	36	130
37	40	31	20	29	83	33	134
40	40	29	22	28	82	33	120
37	34	28	24	28	85	34	155
37	34	28	25	28	87	34	148
37	33	29	27	28	89	34	157
40	40	26	28	27	84	32	153
38	45	25	27	23	82	33	176
40	46	27	26	22	84	31	156
39	44	28	28	26	76	32	146
38	43	26	26	28	93	35	141
37	38	28	25	32	95	36	141
37	33	27	26	32	93	36	154
34	31	25	25	33	87	37	149
38	32	26	25	29	83	38	150
36	32	26	25	29	65	39	146
36	30	26	25	24	70	38	150
34	32	25	25	27	66	40	165
34	35	24	25	27	70	37	163
35	37	23	23	26	78	34	162
36	38	25	24	28	71	31	160
36	39	22	25	29	76	30	158
36	38	24	27	30	79	29	130
33	36	25	27	29	77	31	124
31	41	26	28	33	79	32	127
32	46	25	26	30	75	29	134
30	49	26	27	32	62	30	139
36	49	27	26	29	67	34	138
38	50	27	26	34	67	33	143
36	46	26	25	30	77	33	151
35	42	30	26	30	77	31	144
38	41	29	25	32	77	29	139
38	47	25	23	33	85	26	148
37	45	25	24	31	105	26	145
39	44	26	24	32	93	27	142
42	45	24	22	33	96	30	139
37	44	26	23	28	96	32	136
42	37	26	21	29	84	32	157
43	39	26	21	25	58	33	167
41	44	27	25	25	55	31	160
38	48	24	25	26	52	29	160
39	47	22	25	26	53	35	179
32	47	27	28	27	79	33	134
29	45	25	28	28	92	33	129
29	44	24	27	28	98	35	129
29	49	28	28	28	98	34	128
29	51	30	28	28	101	28	144
34	54	27	26	27	93	28	146
33	57	27	26	31	87	26	150
36	54	29	23	31	87	28	150
38	51	27	24	32	93	31	153
37	48	28	24	32	87	32	139
32	46	30	23	31	77	35	129
32	42	32	23	26	66	37	132
30	41	29	26	29	63	35	132
32	44	28	24	27	63	32	174
37	47	24	24	28	71	33	153
35	48	23	24	28	66	30	156
34	50	25	25	27	68	30	143
35	48	25	23	24	63	30	143
33	46	25	26	24	55	31	103
31	42	27	26	24	88	36	137
32	46	27	27	26	90	38	137
32	44	25	27	27	94	40	141
35	51	26	29	26	95	41	143
34	45	27	26	25	96	40	148
35	45	27	27	29	70	35	144
38	40	26	29	29	89	34	145
37	48	25	28	29	86	32	143
35	47	26	25	29	85	30	143
37	46	25	27	32	88	30	174
39	49	25	26	30	82	33	167
36	48	27	22	27	70	32	162
40	44	26	23	29	73	34	165
40	37	25	25	28	73	34	163
37	47	26	24	28	71	35	155
35	47	24	24	27	70	31	149
36	48	22	25	28	63	33	150
31	44	24	25	26	88	32	144
32	47	27	23	27	91	31	145
33	37	28	27	25	90	29	134
31	43	29	27	25	90	30	128
31	48	30	27	25	91	27	140
32	50	28	27	25	66	28	143
31	50	25	27	24	76	30	143
33	52	26	24	23	87	30	122
41	51	26	25	22	86	30	133
39	46	25	25	23	83	29	122
41	47	25	26	25	80	30	122
50	45	24	25	28	69	29	122
50	42	26	27	28	80	32	119
44	42	26	26	30	85	37	138
44	42	25	25	31	88	38	137
44	38	26	22	33	88	38	136
34	37	25	23	30	88	41	142
32	44	28	24	30	69	40	134
40	41	28	27	28	82	35	125
42	44	28	28	27	87	37	131
40	49	27	29	26	90	33	130
42	52	29	28	25	95	30	131
41	49	23	27	26	96	30	163
40	47	22	23	27	97	30	150
41	47	26	24	28	94	29	142
39	43	26	26	28	91	31	141
39	41	29	25	30	90	31	132
41	43	29	26	29	85	32	111
34	43	32	26	29	88	35	134
32	41	30	26	31	88	34	147
33	50	32	24	30	88	34	146
30	57	32	27	30	90	32	147
28	57	33	28	31	95	30	129
33	54	29	32	29	78	30	136
32	55	31	30	27	71	29	125
35	50	30	30	28	75	28	127
34	43	28	30	28	77	30	126
37	50	26	29	28	85	33	124
40	52	28	26	30	85	31	132
40	53	29	26	30	87	32	151
39	55	29	25	30	82	31	153
41	56	31	25	31	81	30	155
40	47	30	22	31	82	27	156
36	46	29	24	32	81	25	131
35	45	27	24	29	82	29	122
34	44	28	24	31	83	31	128
36	47	25	22	28	75	32	124
33	50	27	25	27	66	30	122
42	50	27	23	28	87	33	96
46	48	27	25	31	84	31	129
46	48	28	24	30	85	33	149
43	47	27	24	31	82	33	149
43	44	28	23	31	77	35	151
38	45	29	24	28	49	31	152
36	47	29	23	26	57	30	158
37	46	27	25	25	74	32	143
38	49	28	27	27	81	32	147
40	49	25	26	28	85	33	156
41	49	27	25	28	87	37	157
39	51	27	27	30	83	37	137
40	53	29	28	29	77	33	127
38	49	30	26	30	81	32	122
40	51	30	27	31	80	31	122
35	48	27	28	32	79	28	121
35	49	27	29	30	79	27	111
34	45	26	27	30	88	29	138
35	45	26	26	30	78	32	138
34	41	26	25	31	74	33	128
35	47	28	24	30	72	35	138
35	44	27	21	30	73	35	121
35	48	26	21	28	53	35	135
34	48	26	23	26	62	32	139
33	49	26	29	25	74	32	136
31	47	25	30	29	80	31	125
33	44	25	30	32	81	33	137
35	38	27	31	34	82	32	150
37	44	26	33	33	72	30	151
39	48	25	27	32	64	29	153
37	45	27	24	31	59	31	154
36	48	27	25	27	57	30	142
36	48	26	27	28	61	32	108
34	45	27	23	29	65	33	102
34	41	28	27	32	76	37	101
36	41	29	28	29	82	36	100
37	44	29	29	28	82	39	102
35	43	28	29	27	85	36	98
36	39	26	29	25	83	37	124
34	40	27	27	26	76	32	123
33	47	24	28	27	87	31	126
34	47	26	26	31	89	28	122
37	49	28	23	33	82	31	109
36	50	30	25	33	88	34	142
36	50	30	26	31	87	36	147
37	47	30	25	30	73	35	145
35	46	28	27	28	84	35	148
32	47	26	29	25	85	34	141
32	48	25	28	25	80	34	97
32	48	27	27	27	80	34	122
33	47	29	26	26	78	36	142
36	51	28	25	25	68	34	145
37	48	27	26	24	78	32	146
37	47	27	27	27	81	31	161
38	44	28	27	27	76	30	155
38	44	28	29	31	73	28	141
39	36	29	30	31	77	31	146
39	41	30	29	35	85	32	151
38	43	32	26	34	86	32	121
37	48	28	26	34	91	33	137
33	48	30	24	31	93	32	136
37	47	30	23	31	87	33	136
37	41	28	22	29	77	33	131
41	42	25	23	27	75	31	161
40	41	27	23	26	76	30	148
39	39	25	24	27	79	33	147
40	41	24	25	26	79	32	160
40	41	27	25	27	77	32	159
38	39	29	25	28	98	32	168
38	41	27	25	30	100	31	155
37	41	26	25	29	97	30	154
31	38	28	24	29	95	30	136
30	37	26	25	29	92	28	137
29	39	22	24	30	73	30	125
33	35	26	24	28	59	32	118
33	38	28	24	27	58	29	117
32	38	29	23	29	57	34	123
38	40	29	23	27	60	34	130
42	39	32	23	27	62	34	143
40	44	28	23	31	70	35	146
39	41	27	21	30	73	35	153
41	41	26	20	30	72	31	151
38	42	26	19	31	75	33	181
38	41	24	24	34	69	31	150
41	37	24	25	31	74	29	150
42	36	24	27	31	83	32	147
42	38	25	29	30	87	36	150
41	38	28	29	29	86	39	133
38	38	28	31	28	98	39	127
36	36	28	31	29	88	48	129
35	33	27	29	29	81	50	125
28	53	25	30	28	121	55	147
31	52	22	29	32	160	67	131
30	52	22	24	28	154	68	130
27	51	22	24	27	156	65	128
33	53	23	26	28	156	62	128
34	34	25	23	28	135	56	146
34	41	25	27	24	90	38	151
35	45	24	28	27	88	37	152
36	46	29	26	26	84	32	152
34	47	28	26	25	91	35	159
37	53	29	27	27	78	33	150
36	50	29	22	27	80	34	137
36	51	32	22	24	78	32	141
36	51	27	23	24	81	32	140
33	51	30	22	25	75	29	132
27	45	29	21	23	81	33	113
28	51	27	23	25	66	32	113
29	52	27	25	29	78	35	106
30	54	27	24	29	80	33	104
32	54	26	24	30	87	35	141
34	56	27	24	31	82	35	124
33	47	29	22	30	89	35	127
35	45	27	21	28	88	34	130
37	44	27	22	30	102	36	132
40	44	25	24	27	94	36	133
42	41	23	25	29	94	37	130
41	45	23	25	30	91	35	127
39	40	27	27	31	85	35	126
37	37	27	27	30	62	38	138
38	44	28	29	30	60	37	116
35	42	28	28	27	61	31	109
37	47	30	28	29	58	34	108
37	47	26	28	26	73	34	107
42	46	27	29	28	74	36	143
40	47	28	26	29	83	36	132
40	47	25	25	29	82	35	132
37	48	22	25	26	87	35	132
40	48	24	24	30	77	34	132
34	48	25	22	27	80	29	95
33	42	23	23	27	74	28	136
38	40	27	26	28	75	31	140
39	27	30	28	29	73	33	139
44	39	30	26	26	67	34	140
43	47	31	27	27	70	33	126
41	48	32	26	25	67	39	116
38	53	30	26	27	66	38	141
38	55	28	24	25	64	37	142
34	47	25	25	25	72	38	144
33	45	24	26	24	64	38	144
35	44	23	25	27	88	34	113
33	40	23	22	24	89	35	126
32	39	24	23	27	90	37	137
31	38	28	24	29	85	36	138
33	35	26	24	29	89	38	141
31	36	26	25	29	69	37	138
33	37	25	25	31	76	39	141
34	40	29	23	31	97	38	144
34	39	26	23	29	97	39	151
31	37	27	24	29	92	36	148
31	37	29	23	29	92	36	148
30	38	30	25	27	85	31	108
30	39	25	24	29	80	34	133
31	39	28	25	28	83	36	128
31	40	27	25	30	82	39	146
31	38	27	25	28	81	39	150
33	36	27	25	29	87	41	149
33	42	28	29	25	74	38	160
33	43	25	27	25	83	39	158
33	40	27	26	25	91	38	148
34	45	25	26	27	90	39	146
33	43	25	25	27	88	36	144
31	37	26	26	28	87	35	105
28	41	27	26	27	73	32	138
28	43	25	27	28	73	32	145
28	40	26	27	27	77	31	146
28	46	26	28	26	84	32	145
28	46	28	25	29	77	35	152
31	42	26	23	28	79	33	132
30	42	28	24	25	71	30	122
31	46	28	27	26	86	29	119
32	49	28	26	26	98	31	119
33	50	24	27	24	99	27	91
34	50	27	28	25	98	28	121
35	49	27	26	26	101	30	122
34	48	27	26	27	90	32	137
36	46	29	27	28	76	29	141
34	43	30	25	29	77	31	157
33	42	28	26	30	77	33	145
38	43	27	27	29	76	33	154
39	49	28	24	29	85	32	144
40	44	27	22	29	81	33	144
40	44	26	22	29	80	36	169
41	46	25	23	29	81	35	152
35	50	28	23	31	78	32	140
35	56	27	24	31	66	34	139
31	55	28	25	33	77	33	136
32	55	28	25	33	76	30	112
29	56	31	26	32	73	29	122
30	57	31	27	34	72	30	121
35	53	31	24	33	70	29	120
35	59	32	27	33	74	30	151
34	59	31	30	30	93	32	142
36	66	29	29	33	106	36	130
43	64	29	28	28	110	37	128
40	55	28	30	28	127	37	153
41	51	25	29	25	119	37	165
42	53	24	26	27	108	36	158
41	44	25	26	23	97	34	156
40	43	28	27	25	95	34	158
38	42	29	26	28	94	31	176
41	39	30	27	28	86	33	145
39	42	32	31	27	88	32	143
38	40	32	30	29	86	31	143
37	38	28	31	27	89	34	144
40	44	27	31	29	80	34	141
38	44	27	29	28	93	36	146
38	45	28	27	29	85	35	145
43	48	27	26	29	87	34	145
39	48	27	26	30	86	31	145
38	45	30	24	27	87	33	152
35	46	29	25	27	84	28	142
36	43	26	24	25	87	31	144
38	45	27	25	24	90	30	144
39	47	27	25	25	89	28	171
38	48	26	28	25	74	30	139
38	46	26	27	27	64	29	136
44	43	26	27	32	62	27	133
44	42	26	26	34	58	30	153
45	45	29	26	32	62	31	150
46	47	31	25	32	91	31	140
46	46	29	24	31	94	32	138
42	46	30	25	27	95	36	151
37	51	31	27	26	97	38	162
36	53	29	29	25	109	38	139
38	49	27	27	24	93	36	136
39	49	27	26	25	100	43	141
36	50	27	28	27	128	122	184
36	45	25	26	26	140	159	170
34	39	28	30	28	142	167	164
29	38	26	32	27	156	207	169
35	39	27	34	26	168	219	188
36	44	28	34	25	172	209	146
35	45	29	33	24	169	184	133
37	44	25	25	24	164	183	180
39	44	24	26	26	149	144	177
33	44	26	24	25	133	123	151
32	45	25	21	28	108	107	141
36	51	25	24	29	111	114	143
33	57	26	28	29	107	109	87
34	60	26	26	31	124	106	121
38	59	28	24	34	125	108	124
36	57	26	25	33	124	83	126
33	48	24	27	36	123	71	125
32	36	24	24	34	130	62	116
31	32	24	24	35	113	50	115
30	36	21	26	33	114	47	116
34	45	24	27	34	116	42	118
36	45	27	23	32	110	36	131
37	50	28	24	32	103	34	130
37	59	29	25	31	98	34	96
37	57	28	24	32	94	34	114
36	52	28	23	30	97	34	146
37	55	26	24	32	91	35	146
37	51	29	23	31	88	40	149
37	46	28	21	29	96	38	152
33	47	29	25	29	112	41	137
40	42	31	23	29	100	40	154
37	51	30	26	26	97	38	146
38	53	26	27	28	95	32	143
36	53	27	29	30	92	33	144
35	52	27	26	32	82	28	145
22	51	23	27	32	83	31	127
32	44	26	27	34	93	37	140
32	48	26	26	34	116	41	145
34	54	26	24	34	111	40	143
36	52	30	24	33	113	41	143
39	54	29	27	30	113	41	132
33	50	26	25	27	107	38	122
35	47	31	24	26	85	33	118
37	39	30	24	24	96	35	117
35	47	30	23	25	87	31	117
32	50	31	24	25	85	28	111
29	49	33	25	24	88	28	120
30	48	32	24	27	81	31	122
27	49	33	29	31	71	31	127
28	49	29	28	30	64	31	127
32	47	31	27	31	71	33	131
34	51	27	23	32	64	29	130
38	52	25	26	33	74	31	136
36	46	26	24	30	81	32	141
37	49	25	25	30	83	36	140
36	49	27	25	29	81	38	155
35	45	29	25	30	87	38	153
27	44	29	25	28	80	36	146
29	44	28	25	30	81	36	140
27	36	30	25	29	99	35	140
29	43	27	23	31	96	31	151
32	48	29	24	31	92	31	136
35	50	29	28	32	91	31	142
34	55	30	27	31	89	29	141
36	52	27	26	34	62	27	152
36	46	28	26	31	63	29	140
35	52	28	26	30	61	30	142
35	48	26	21	28	76	34	143
37	48	28	23	28	85	33	140
36	47	30	24	26	86	32	135
34	46	29	23	30	87	33	124
39	36	25	24	29	93	39	132
38	41	27	27	29	90	41	134
39	41	25	26	28	93	45	137
40	44	29	28	27	96	45	159
41	44	29	27	27	95	42	141
40	48	33	27	28	95	38	135
36	47	33	25	29	105	37	124
35	46	36	24	30	87	36	123
36	48	33	23	31	82	37	125
35	52	32	26	29	91	37	133
36	53	28	25	29	88	40	132
38	52	27	25	29	78	39	138
39	51	27	26	30	79	38	164
36	52	28	29	31	84	40	138
40	47	31	27	32	78	41	129
34	43	33	28	30	73	36	124
37	45	31	26	31	78	34	137
35	43	28	26	29	80	35	130
35	45	30	22	31	84	32	125
33	48	29	24	29	82	32	119
35	52	27	22	32	90	34	129
33	50	27	24	29	87	37	167
33	53	28	25	30	86	35	150
38	49	26	26	27	77	36	156
41	50	26	25	27	79	39	175
40	44	25	26	29	109	38	175
40	43	26	30	29	104	35	142
41	46	28	29	30	108	37	139
38	44	30	28	29	111	35	134
30	39	30	31	30	130	32	132
33	38	32	31	27	104	32	141
30	42	31	28	26	103	30	160
32	44	29	28	30	99	28	160
32	47	26	28	29	108	29	162
32	47	29	26	30	98	34	150
31	48	28	30	32	106	36	184
33	46	27	29	33	105	36	153
36	40	27	28	29	104	35	158
34	36	28	30	31	113	37	155
36	39	22	30	33	102	33	169
35	36	22	24	32	90	29	132
36	37	24	25	31	92	30	133
31	37	25	27	34	92	33	140
33	38	25	25	33	91	33	150
34	38	28	24	32	90	32	154
33	38	31	26	32	88	32	140
34	36	31	26	32	97	30	148
34	37	28	26	30	99	30	142
32	40	28	26	27	86	29	167
32	40	28	26	24	87	30	141
33	41	27	25	22	92	31	160
34	47	29	25	25	78	30	150
32	44	30	26	27	83	31	166
34	40	31	25	29	77	31	135
33	45	29	27	31	83	36	140
39	49	28	26	32	77	34	119
35	47	27	28	32	82	38	121
35	48	28	28	32	87	38	142
34	50	27	28	34	93	38	137
37	47	26	25	32	87	35	140
34	46	28	26	33	89	35	136
36	46	23	24	34	97	33	165
38	50	25	25	33	89	33	125
37	48	28	28	31	88	36	145
33	44	27	29	34	85	34	137
36	43	29	29	33	91	34	144
35	39	30	31	32	82	35	159
36	46	32	27	33	86	34	160
34	47	28	26	34	78	31	145
38	49	32	28	32	81	30	147
43	49	28	27	32	81	30	176
42	52	29	25	29	94	32	131
40	51	27	27	28	86	31	135
42	57	29	26	28	81	30	131
41	56	27	23	26	78	31	132
34	56	27	23	27	77	31	122
36	53	29	24	27	54	32	127
37	48	28	28	24	53	31	121
38	43	28	28	23	52	34	122
35	44	27	28	25	58	33	153
39	41	33	29	28	88	34	136
38	48	33	28	28	91	34	142
37	48	30	23	30	93	37	145
36	48	28	22	32	101	38	142
36	48	30	24	36	113	43	136
38	51	27	24	34	93	42	137
40	47	24	25	34	92	41	125
39	43	26	25	34	96	38	121
39	39	27	27	34	94	35	124
43	38	26	26	30	82	31	121
33	35	31	25	28	88	31	140
35	34	30	23	30	95	29	139
38	35	30	24	28	90	29	140
37	35	31	27	27	86	29	139
37	32	31	27	27	88	30	157
42	49	27	27	28	74	29	165
39	49	27	28	25	67	28	166
37	49	26	26	25	73	28	167
38	49	28	25	26	78	27	169
35	51	28	25	27	80	26	136
31	37	27	25	29	85	30	126
31	41	29	24	29	79	31	132
31	49	31	26	27	86	31	134
31	51	27	26	27	81	34	135
32	51	30	28	29	81	33	129
35	52	29	27	27	78	32	139
34	48	29	28	28	79	31	134
34	42	29	27	31	94	28	132
35	42	31	25	31	96	24	128
36	46	27	22	28	99	26	130
39	45	29	24	30	110	29	127
40	42	28	23	30	111	31	143
46	48	26	22	29	97	34	145
48	56	23	22	30	100	37	148
47	55	26	24	32	93	37	176
41	53	25	23	29	80	37	156
48	59	30	23	28	87	36	138
44	59	30	25	29	79	37	137
40	55	30	26	28	76	35	134
41	54	29	24	28	83	34	116
42	53	30	25	32	83	33	118
32	50	27	24	31	74	33	120
32	45	27	23	30	88	32	119
32	40	28	26	31	87	31	128
36	38	26	26	31	91	34	141
36	49	24	26	28	89	31	131
35	51	30	28	30	95	36	135
34	50	28	29	30	85	33	139
36	50	29	24	31	84	34	137
34	51	29	25	30	66	34	143
32	43	34	25	29	79	38	142
36	38	27	25	31	73	34	139
37	39	29	30	30	72	35	134
36	44	30	31	26	72	38	192
38	47	30	30	27	73	37	166
39	45	25	33	29	78	33	164
37	46	26	32	26	79	34	164
36	44	24	26	25	85	34	163
38	44	24	27	28	88	30	148
31	43	27	28	27	89	28	149
31	44	26	26	29	89	32	151
29	43	26	28	27	87	33	150
30	44	26	28	30	80	34	151
31	38	25	27	29	79	34	111
33	38	23	26	28	75	36	136
33	39	27	26	27	83	34	134
34	42	29	23	31	82	34	136
36	40	28	22	30	93	33	138
35	42	29	22	29	94	35	135
33	41	28	24	30	93	32	149
31	43	24	24	28	70	33	150
32	46	23	23	25	79	33	146
31	51	26	23	28	67	34	147
32	51	25	26	28	68	34	135
31	56	26	23	27	71	35	136
33	53	25	22	30	79	33	140
32	53	23	22	28	74	33	140
33	51	27	23	24	79	32	143
30	49	27	19	29	76	39	155
35	51	28	21	29	72	39	141
33	53	30	25	27	68	40	134
34	54	32	27	27	60	40	137
32	55	27	26	29	46	42	134
36	56	27	28	26	61	32	120
35	50	25	29	29	81	33	138
36	50	25	27	30	77	32	140
36	44	22	27	30	78	31	139
36	41	26	29	28	83	29	135
33	49	26	28	29	84	34	144
31	47	26	30	26	71	36	127
31	47	27	29	27	72	39	151
29	46	29	28	28	72	39	151
36	48	25	30	28	65	39	157
35	39	27	33	28	58	39	150
35	42	27	30	30	58	38	154
35	40	31	30	29	57	34	129
40	39	31	31	29	59	35	138
37	35	30	27	31	64	35	133
36	39	27	24	32	68	36	149
37	40	29	23	30	74	34	147
41	39	26	25	29	73	35	149
37	44	25	24	28	74	38	145
38	46	26	24	27	74	40	144
38	44	28	24	24	68	43	137
38	39	27	24	27	59	47	110
36	44	26	23	26	73	49	145
37	42	25	24	27	72	51	146
34	43	26	21	28	71	51	147
32	40	29	23	27	68	47	132
32	39	30	22	24	64	42	128
31	33	29	23	27	76	42	117
30	34	31	25	27	84	37	121
32	32	30	27	28	83	37	159
34	36	25	27	28	82	34	164
33	40	23	27	31	82	32	162
35	41	26	26	29	65	29	137
34	38	26	26	30	68	26	127
36	43	26	26	28	69	25	70
37	42	29	27	26	67	24	53
36	39	28	28	24	69	24	46
38	43	28	28	23	63	22	37
36	49	26	28	22	45	24	34
36	52	29	27	21	40	23	29
37	52	26	27	24	39	24	27
43	55	28	26	24	34	25	27
39	51	28	26	24	30	24	27
38	49	28	24	24	31	24	26
34	47	44	28	26	30	23	25
31	60	46	27	27	31	24	25
22	57	47	29	27	57	25	24
25	59	45	27	28	80	26	23
26	56	45	27	27	105	26	30
27	50	32	24	28	111	27	32
26	31	27	29	28	112	26	34
27	29	27	28	29	102	26	35
26	26	30	28	28	92	27	34
25	24	28	29	29	62	26	29
27	23	27	29	27	57	25	29
29	25	29	23	26	58	25	28
29	24	30	24	27	63	24	28
31	30	27	24	27	55	24	31
31	30	28	26	26	59	25	30
30	31	27	25	26	60	26	31
28	31	29	25	29	71	27	27
27	33	28	24	28	80	29	34
24	33	28	25	28	79	26	35
23	33	29	24	31	80	25	34
22	33	28	25	30	79	27	33
23	32	27	28	26	67	28	34
24	32	24	29	28	58	28	35
23	26	26	32	29	64	29	36
24	27	26	31	26	66	32	39
27	33	27	31	29	64	30	40
25	33	26	30	30	63	28	39
28	36	30	30	32	55	27	37
29	35	30	25	30	49	27	32
30	34	28	25	31	40	23	30
28	28	27	25	30	73	25	34
31	31	26	25	29	79	25	34
31	30	22	23	28	81	23	35
35	31	21	24	29	84	27	37
35	35	23	23	27	94	27	47
34	42	25	25	24	77	24	44
35	38	26	23	30	71	26	44
34	36	28	24	29	68	27	41
30	37	29	25	27	70	23	42
29	33	27	25	30	56	25	30
31	29	25	23	32	93	36	40
34	30	27	23	29	96	37	45
32	30	27	24	30	101	37	52
32	30	26	25	29	98	37	51
32	37	27	24	29	112	39	53
34	36	28	24	30	80	29	51
29	38	29	25	29	84	31	55
29	38	27	24	26	77	33	49
32	44	29	23	29	79	34	61
31	40	29	23	28	70	33	65
30	39	29	23	28	68	36	82
31	38	26	22	29	64	35	78
30	37	28	21	32	67	34	80
33	38	26	21	30	64	32	70
33	36	25	24	27	51	31	67
30	36	24	24	25	49	29	42
36	38	25	24	22	40	26	57
37	39	24	25	21	33	32	57
33	32	23	28	22	39	34	58
36	36	26	27	24	43	36	75
40	34	26	26	22	44	34	75
39	35	25	28	24	84	37	76
40	37	27	29	26	86	33	76
43	39	28	26	26	83	34	78
44	38	24	27	26	83	34	63
43	47	26	27	26	82	35	79
40	46	25	26	31	57	33	77
40	45	24	24	28	62	32	78
35	46	26	23	27	63	32	80
33	47	26	22	26	66	31	78
36	41	23	24	30	68	31	60
36	43	31	24	25	58	32	49
34	42	30	24	26	53	32	82
38	41	32	25	25	50	30	79
37	39	33	25	28	45	29	82
35	41	34	23	28	62	32	89
35	36	27	22	26	59	33	88
40	37	28	22	26	59	36	64
37	35	23	21	29	60	38	79
38	39	23	21	27	59	39	76
36	35	22	22	24	39	36	72
37	38	21	22	28	44	40	73
36	38	26	22	29	49	35	70
38	44	29	25	29	50	35	57
38	42	29	25	29	59	35	82
38	41	30	25	32	63	36	85
38	41	30	24	29	60	28	84
34	41	26	27	28	56	32	81
34	39	25	25	26	58	32	77
34	37	25	24	27	59	30	78
39	40	26	24	24	58	30	76
37	39	26	25	24	63	30	77
37	39	27	24	26	65	32	76
36	34	26	23	26	64	33	77
37	36	31	25	26	61	35	51
33	35	34	25	28	63	33	63
33	36	33	29	29	57	34	81
33	36	33	27	27	58	31	83
35	38	34	27	27	59	34	84
32	36	29	26	25	56	33	84
33	35	28	27	25	54	33	89
36	35	27	24	22	53	32	73
37	34	30	27	26	51	32	88
35	35	30	26	27	53	26	86
35	32	28	31	31	49	29	86
36	32	29	29	28	49	34	70
31	32	30	30	28	62	34	72
30	35	30	26	26	59	34	57
29	36	30	28	28	54	34	58
30	37	34	26	24	56	31	76
29	37	31	27	26	53	26	74
28	37	30	25	29	37	31	72
26	36	31	28	28	54	31	66
29	43	28	27	26	63	30	71
30	45	25	23	26	62	30	55
30	44	27	22	25	65	31	55
35	44	29	24	22	64	30	68
37	48	24	21	23	58	32	79
36	43	29	24	24	52	34	73
32	45	29	26	24	53	34	69
35	45	27	28	26	51	33	75
32	47	27	26	28	54	30	66
31	43	35	26	26	45	28	72
30	38	31	23	25	39	26	73
37	36	33	25	26	36	27	74
37	43	33	22	24	41	31	77
37	40	33	24	25	38	33	76
36	39	26	26	26	72	34	68
37	42	30	26	27	79	34	78
34	41	27	23	25	79	33	77
32	33	25	24	27	79	33	66
32	37	28	23	25	80	37	71
35	36	28	21	26	56	35	66
33	33	25	22	28	58	35	53
32	33	26	22	30	70	36	62
31	32	27	23	29	71	32	64
30	30	24	23	28	71	28	56
30	28	25	23	27	69	27	49
29	39	29	24	28	60	32	52
28	41	28	25	26	48	32	47
33	42	33	24	26	49	33	44
33	40	39	25	26	49	32	47
31	45	42	24	28	46	32	53
34	38	53	24	29	72	28	68
33	49	98	29	31	80	26	71
32	62	137	30	33	77	28	72
32	112	322	32	34	76	29	74
32	124	376	32	38	88	30	72
33	129	379	32	39	69	31	62
32	124	374	26	36	60	33	55
30	121	369	25	35	64	31	55
29	85	243	20	33	77	31	48
28	65	149	24	27	71	30	46
25	56	139	24	24	74	35	72
28	55	129	25	26	74	35	75
28	47	110	27	23	70	38	77
29	36	60	26	25	55	36	83
32	40	57	25	23	68	38	84
33	47	72	25	24	66	32	58
31	48	78	26	24	67	31	56
32	55	88	23	25	69	28	53
32	82	179	26	28	74	32	62
34	108	199	25	32	58	33	62
32	111	204	25	33	64	36	65
31	122	266	25	35	71	36	77
35	124	275	28	36	77	37	90
