0	1	2	3	4	5	6	7
159	206	269	151	89	59	35	50
168	192	241	111	96	59	37	56
154	173	193	131	101	51	39	55
156	158	203	126	93	60	36	51
162	154	183	155	93	63	38	50
167	170	203	186	109	67	42	55
155	179	232	202	117	67	40	59
186	186	242	212	121	63	39	58
182	188	234	216	117	51	40	61
186	196	242	202	115	43	38	61
185	190	228	179	110	54	34	60
180	176	198	163	98	58	34	53
149	166	183	137	100	60	34	55
162	185	173	134	108	64	36	61
147	173	176	150	99	64	37	59
129	155	148	145	88	51	37	61
145	147	165	160	86	45	37	64
142	140	182	156	79	42	37	60
147	108	195	156	70	36	37	53
151	119	208	137	72	36	38	58
172	138	220	133	82	35	37	63
186	144	278	144	91	38	37	63
191	147	281	163	87	38	36	64
191	148	291	159	98	39	34	70
187	145	284	177	112	40	32	67
169	129	279	190	123	42	35	61
134	120	218	186	120	40	35	58
143	136	215	176	118	39	34	57
134	145	207	178	108	36	33	46
144	136	206	158	91	34	34	47
158	142	214	155	75	30	31	44
159	171	249	142	77	32	30	45
153	163	233	131	79	31	32	48
157	162	223	119	80	33	34	56
173	161	215	135	81	32	34	54
162	159	251	118	78	30	34	55
171	137	221	122	82	27	36	57
193	144	223	128	94	31	35	53
