0	1	2	3	4	5	6	7
86	181	292	434	452	194	78	57
89	150	260	450	489	216	87	66
90	142	246	461	505	215	85	64
91	141	240	477	537	226	88	68
86	144	260	479	543	226	89	131
75	112	227	424	454	179	75	165
93	118	226	364	433	140	58	172
94	116	214	337	393	134	61	175
97	122	235	291	340	111	55	177
105	119	205	262	367	118	55	144
121	103	191	254	341	118	53	97
107	84	177	254	279	108	50	78
106	101	197	300	281	94	46	83
100	109	174	336	329	109	50	75
98	138	184	317	289	101	56	93
82	139	199	304	310	101	59	94
80	139	197	326	315	105	61	98
82	135	240	292	294	105	62	89
83	124	236	239	243	90	62	90
79	89	228	241	243	88	60	68
66	84	220	265	218	82	55	69
65	98	225	247	207	74	56	66
59	97	147	222	257	83	51	65
58	99	127	226	264	89	51	64
55	97	123	219	259	94	91	54
57	98	110	224	258	91	94	100
60	85	88	227	299	98	97	102
60	71	80	231	249	86	99	104
73	82	106	267	248	88	126	104
71	97	144	283	249	84	107	107
97	154	155	258	234	84	104	60
100	158	158	252	183	77	101	53
100	164	164	263	193	75	101	51
94	174	162	277	248	81	63	49
91	171	150	280	278	95	61	44
84	130	137	279	278	94	87	38
81	124	140	275	298	101	94	39
80	117	136	257	302	109	94	38
78	91	121	204	257	96	92	39
78	92	107	196	263	91	94	36
65	113	121	215	262	94	73	34
66	119	118	271	234	87	69	32
71	124	134	273	255	97	104	36
70	131	134	292	317	116	140	35
68	128	148	288	301	115	137	35
76	125	171	291	321	124	138	41
92	133	174	232	324	121	137	39
92	129	165	280	317	107	116	35
97	133	182	263	255	92	87	35
97	131	165	266	247	86	87	38
86	110	137	264	220	66	83	34
79	101	129	265	218	70	80	40
77	105	144	257	280	94	82	42
72	109	184	289	328	102	67	44
75	114	182	284	331	99	60	41
76	120	189	304	344	104	60	38
61	117	189	339	352	106	62	35
58	113	186	341	361	103	62	32
54	94	154	340	339	90	54	29
47	87	151	340	326	92	56	29
43	74	144	324	331	100	58	30
40	75	155	293	326	104	58	29
59	90	155	264	244	92	51	29
60	86	126	225	213	97	54	28
59	81	150	250	227	99	53	31
59	80	152	238	237	103	55	31
64	102	149	250	229	97	51	32
42	89	142	239	217	93	49	32
42	91	143	255	241	98	47	32
50	102	129	279	257	104	52	31
54	103	129	302	226	98	49	32
54	91	114	303	241	100	51	31
55	87	108	317	244	98	52	29
59	89	152	349	258	94	54	31
52	75	155	307	233	84	47	30
52	75	145	290	241	79	44	30
49	64	148	285	223	73	40	28
46	58	149	284	223	70	38	26
40	51	122	233	169	61	31	22
43	56	138	255	183	62	33	23
37	51	146	252	181	66	28	19
36	50	149	241	187	68	29	20
41	54	147	255	217	77	36	22
49	66	125	268	229	82	43	24
48	64	134	269	236	83	43	24
50	67	137	281	226	74	44	26
49	64	132	277	231	77	46	27
46	61	130	250	201	66	43	28
38	49	135	226	196	63	36	26
38	46	103	228	173	62	37	28
35	47	98	203	166	74	40	30
35	45	96	201	158	70	38	30
38	51	96	200	157	73	39	29
35	46	85	203	153	75	47	30
35	48	115	175	163	71	53	27
35	46	136	178	154	62	52	24
35	50	176	210	157	66	54	27
31	43	179	219	159	64	51	26
36	47	184	233	152	59	48	26
34	50	168	236	144	60	48	26
35	49	164	223	151	60	48	30
33	50	140	223	148	58	47	27
32	50	171	269	198	67	49	29
29	53	176	268	203	66	47	31
31	50	171	284	212	66	52	30
30	54	169	299	237	70	52	25
29	49	157	344	257	76	55	27
31	48	117	320	230	69	55	25
30	43	118	317	229	75	56	24
29	41	124	320	218	74	50	26
31	42	103	306	194	71	53	26
37	41	105	241	172	66	51	27
39	41	121	257	192	70	50	29
40	41	117	259	188	71	62	30
44	42	112	257	202	76	65	29
44	37	115	286	234	73	60	28
39	36	133	281	232	72	63	26
40	40	134	244	209	68	63	23
37	42	132	253	211	60	63	21
37	42	151	273	209	66	57	22
34	41	146	261	169	64	59	27
33	41	130	281	191	63	69	25
35	46	114	272	223	80	76	29
38	46	144	276	286	112	73	32
34	45	123	250	281	110	71	32
34	44	126	241	281	112	73	29
42	51	125	229	267	112	71	31
37	44	131	275	257	103	63	27
41	44	102	253	187	73	57	29
44	45	109	241	182	69	73	28
44	49	118	255	174	67	77	29
38	43	130	249	176	66	71	29
42	48	173	246	165	61	76	29
43	46	174	253	195	71	81	27
41	51	172	265	261	84	73	29
42	48	165	302	300	98	68	28
43	49	163	343	334	116	71	35
40	48	115	324	350	120	66	34
38	55	117	403	387	120	74	34
38	53	118	392	352	117	80	34
38	58	127	358	334	110	91	36
38	63	116	378	338	107	93	33
49	67	116	372	331	112	94	36
46	61	123	349	290	109	88	36
44	59	153	354	288	102	79	34
45	57	146	347	278	98	71	33
45	50	144	268	219	84	69	33
36	44	145	271	206	71	71	30
37	44	128	207	260	80	72	33
37	45	93	213	260	81	69	35
40	51	100	218	279	87	66	35
40	49	102	228	288	88	74	32
42	51	104	347	335	106	85	38
41	52	109	372	308	98	84	35
43	54	105	363	305	99	83	35
37	47	109	395	325	106	94	38
35	50	127	421	356	113	89	36
29	47	128	350	334	104	83	33
31	47	122	354	313	98	90	33
34	49	129	361	310	98	96	33
37	54	117	317	266	83	84	29
38	53	94	284	240	86	91	34
40	56	106	273	195	77	91	34
39	64	213	230	176	82	86	36
34	60	231	230	176	80	83	38
35	58	234	252	195	95	98	41
36	60	234	245	174	100	98	42
48	62	240	272	195	112	100	44
46	54	164	284	232	113	99	42
48	54	136	280	246	115	102	38
44	53	146	274	239	107	89	34
45	58	161	276	230	89	78	30
53	116	197	244	215	72	67	29
66	168	197	200	162	62	60	29
65	171	196	186	132	52	52	30
67	174	189	170	118	45	51	31
65	173	181	186	148	57	48	30
50	144	180	207	161	63	48	30
35	84	174	220	169	70	53	30
37	78	171	223	170	77	54	34
37	66	168	221	163	81	55	36
39	62	169	205	121	71	72	38
37	50	152	166	88	66	74	35
34	39	186	151	79	64	73	34
31	38	190	139	78	60	71	29
29	41	191	136	76	51	67	25
32	42	187	188	208	96	53	23
32	38	150	186	228	104	57	22
31	39	121	183	226	100	58	25
30	36	121	183	227	100	61	25
29	36	140	184	227	102	72	25
25	51	191	136	135	67	67	27
32	117	218	202	109	53	60	28
34	125	218	219	109	55	63	26
34	127	222	220	101	54	99	25
37	147	212	216	98	52	104	27
51	197	213	232	74	44	106	28
48	178	205	173	48	40	106	28
47	175	199	147	45	41	118	32
49	176	194	154	42	46	123	101
62	174	263	176	45	52	151	225
64	231	256	156	44	55	161	247
64	241	301	269	50	56	167	249
66	243	317	285	51	55	160	251
66	246	350	321	62	56	136	235
59	243	327	406	100	58	100	127
55	202	352	434	182	80	83	77
57	183	332	400	320	150	100	72
61	185	323	409	330	151	231	74
70	267	296	411	335	153	245	66
86	274	303	393	457	205	254	70
85	232	255	419	453	202	258	70
85	234	247	414	369	167	432	84
82	248	263	500	375	182	429	82
78	233	362	507	374	183	427	83
60	239	365	476	287	143	432	73
54	239	364	437	275	146	437	74
50	237	353	489	285	136	269	55
52	224	360	408	274	116	178	44
44	140	255	388	312	132	166	42
38	96	209	375	375	157	145	39
40	93	209	388	389	161	119	36
39	88	203	346	386	159	90	34
43	131	195	329	387	159	86	32
43	160	252	359	362	147	75	32
42	162	253	357	207	92	108	36
39	163	265	334	143	72	130	38
40	165	272	315	136	71	129	40
33	124	261	373	164	80	129	40
31	73	203	336	158	78	129	39
29	71	209	340	161	75	91	31
32	74	194	350	163	75	72	28
29	68	168	319	174	76	73	26
27	66	141	241	156	77	73	28
28	66	133	262	183	78	73	27
29	58	111	283	202	85	68	27
29	45	94	258	202	84	48	30
30	42	86	251	192	86	40	28
29	39	68	251	177	76	35	26
28	35	66	214	131	63	33	25
28	36	62	169	94	54	30	25
30	47	75	194	117	58	30	22
31	49	94	200	148	61	31	23
37	56	85	179	149	60	30	24
51	92	101	192	164	66	34	26
52	98	106	211	173	67	33	26
50	91	95	226	162	64	32	25
50	90	79	228	134	56	31	26
53	93	77	234	151	61	33	27
44	82	54	215	148	63	33	27
44	74	62	166	142	64	34	26
46	74	70	127	133	60	36	27
46	78	69	140	127	57	39	26
43	80	70	137	106	52	41	27
42	58	67	168	100	49	40	25
42	57	52	188	109	45	44	26
51	64	52	180	114	47	49	28
72	73	59	162	115	50	49	28
80	80	84	186	196	68	50	28
82	81	86	180	250	85	54	30
82	86	87	158	245	88	53	31
77	83	94	178	249	89	54	31
79	84	93	182	248	86	54	32
79	75	71	203	211	77	57	31
80	75	69	198	147	59	57	33
78	68	71	215	142	54	55	30
78	65	61	194	129	51	50	27
56	48	62	190	128	53	49	28
41	37	64	135	100	45	43	27
33	33	66	141	81	40	38	26
34	42	63	134	90	44	38	29
31	43	56	132	92	45	35	30
30	41	50	130	91	44	40	29
28	42	73	124	76	42	40	28
25	41	75	90	70	38	38	26
32	33	75	105	127	59	43	25
33	32	76	115	137	65	44	27
32	33	79	115	141	66	39	26
34	31	56	116	143	65	38	28
36	32	46	116	142	67	39	27
29	30	44	91	93	47	33	29
26	29	40	76	78	36	30	25
29	28	32	75	69	38	29	25
27	27	27	71	63	39	29	22
24	28	29	71	73	40	30	24
25	29	30	44	67	37	29	21
26	29	31	42	66	38	28	22
21	29	33	45	66	36	31	24
25	30	34	64	73	33	30	23
25	27	32	70	64	32	31	24
26	28	31	69	63	36	31	24
27	28	30	71	68	37	30	22
30	27	29	72	69	36	27	21
27	25	29	58	62	38	30	24
30	25	39	59	73	38	28	23
28	23	46	64	74	34	27	23
28	23	47	65	71	33	28	25
25	22	48	65	72	35	30	25
26	22	48	72	68	33	28	24
24	24	46	71	71	33	27	22
24	24	46	71	71	33	27	22
