0	1	2	3	4	5	6	7
142	123	311	123	99	35	28	41
134	109	363	123	106	36	28	39
133	104	386	135	104	36	30	41
136	106	397	150	100	40	33	40
136	96	374	186	130	41	33	36
126	98	381	184	134	39	31	28
136	94	311	205	129	44	34	31
131	102	355	209	125	41	31	30
122	100	379	206	138	37	29	29
123	111	377	195	140	39	30	31
122	103	368	202	139	39	33	32
101	111	357	190	139	37	34	34
120	104	285	168	140	40	35	35
132	116	277	193	158	40	38	38
128	107	279	182	154	40	37	38
136	111	275	182	160	42	37	38
142	96	283	179	167	42	34	34
141	114	350	206	191	39	34	36
125	100	349	179	165	39	31	36
129	104	357	173	167	39	31	35
124	122	366	164	163	42	29	37
119	126	407	180	153	38	28	37
109	117	351	151	123	39	29	36
114	113	360	150	133	40	30	36
112	112	357	163	121	38	30	38
127	92	347	174	118	34	29	39
120	82	337	158	118	34	32	38
110	82	370	157	124	31	29	38
118	93	372	165	144	37	31	39
123	92	380	152	133	40	36	38
100	86	440	138	136	37	36	35
122	92	450	139	149	41	35	37
122	91	437	157	165	50	40	38
139	105	451	237	153	49	41	38
145	104	452	239	154	49	37	38
145	118	458	238	149	50	37	39
155	116	418	244	160	50	36	37
190	114	410	262	169	48	34	38
176	97	399	206	165	42	28	39
164	94	388	238	170	39	29	38
177	79	313	245	175	38	28	37
162	82	321	240	154	38	29	36
135	84	316	211	113	34	24	34
141	101	339	204	108	35	26	34
149	100	362	166	126	36	25	36
130	99	364	188	151	42	27	39
122	106	378	184	152	39	26	39
110	104	397	196	171	38	30	41
102	95	352	192	166	38	28	39
100	103	362	197	148	42	30	39
107	105	390	172	118	38	31	40
114	94	367	175	131	47	37	49
116	93	349	176	121	45	34	46
110	96	340	178	133	50	40	46
127	95	401	179	127	46	38	44
139	97	400	230	170	52	37	43
146	109	454	230	167	47	35	41
143	108	445	218	158	47	38	42
149	91	443	206	150	43	31	43
128	89	363	224	154	44	31	40
113	84	350	175	107	36	32	39
92	104	266	168	102	36	30	30
91	108	253	166	96	36	29	29
90	109	252	179	103	38	32	29
87	103	304	138	110	39	32	32
98	106	293	177	140	40	31	33
123	82	346	205	152	35	28	35
127	104	391	228	152	38	27	35
132	105	434	222	150	34	23	32
132	112	412	229	146	31	25	32
121	128	420	213	122	29	23	31
100	122	402	194	122	33	25	31
118	103	380	162	143	30	26	30
106	108	327	153	154	33	28	29
117	106	308	150	159	33	29	30
141	88	289	135	160	35	29	31
142	88	310	130	154	32	26	29
132	91	355	131	142	34	26	28
149	89	383	150	144	28	23	32
163	97	394	149	143	31	22	30
159	108	442	150	132	34	20	31
169	126	410	169	167	40	23	32
170	126	381	185	183	43	24	34
156	125	434	204	188	45	27	30
161	130	443	203	182	43	28	33
145	135	393	193	183	41	28	29
129	120	428	171	141	41	28	30
123	121	432	170	129	36	29	30
140	124	362	124	139	40	29	34
107	118	346	128	149	41	30	33
115	104	350	131	149	39	30	33
121	105	342	129	144	36	31	37
116	109	325	118	142	38	30	37
152	101	363	132	142	34	29	36
163	101	379	132	138	34	27	36
161	100	373	157	150	38	31	45
172	105	357	168	155	38	30	43
177	97	376	191	164	41	32	44
141	115	326	184	137	41	33	43
127	111	284	193	140	44	34	43
136	111	350	186	132	45	31	37
118	102	386	180	134	44	32	36
114	107	347	157	152	44	33	36
124	99	378	191	204	47	31	34
130	106	452	192	223	49	31	38
123	104	419	190	225	45	30	32
121	106	370	186	222	48	30	35
125	99	378	177	200	45	25	32
116	101	383	148	151	44	28	33
116	91	308	131	121	39	25	30
147	98	278	118	120	45	31	38
152	115	306	131	140	47	29	40
150	121	465	147	150	45	32	41
148	110	441	162	154	47	34	41
146	110	443	183	153	49	38	41
140	103	456	181	142	46	38	42
133	94	439	172	134	40	38	40
131	90	412	164	142	41	36	39
130	102	413	139	142	33	32	38
136	105	429	135	147	37	29	38
101	102	452	136	154	38	29	29
101	93	464	134	158	40	30	37
113	96	362	164	144	45	31	44
103	81	368	175	136	47	33	44
95	84	357	157	124	42	33	44
105	83	324	176	124	40	32	44
117	86	315	213	147	38	32	39
100	79	381	195	161	34	31	31
97	83	483	203	173	34	30	31
110	76	492	210	181	42	33	33
128	84	515	195	187	42	32	36
124	105	536	183	163	43	33	38
142	114	490	189	147	43	35	40
148	111	500	178	142	47	36	40
137	114	569	182	147	42	33	39
121	119	553	191	145	40	31	38
115	101	579	177	143	41	32	35
97	89	582	175	177	42	31	35
90	89	496	208	195	36	29	35
95	102	492	206	186	37	32	34
97	98	513	194	177	38	31	34
120	100	476	198	196	40	31	38
114	109	472	191	171	43	34	37
118	111	503	162	151	44	35	38
126	103	466	186	154	44	33	37
134	109	437	211	171	46	35	37
119	105	510	219	178	53	39	35
120	101	619	227	172	56	42	34
124	97	585	228	157	56	41	32
115	94	553	210	179	56	41	31
117	95	567	193	166	53	42	30
111	97	511	169	135	46	44	28
110	100	415	158	127	38	39	33
99	105	432	136	130	40	38	34
117	125	481	129	111	39	36	35
118	124	466	129	113	43	38	34
120	123	449	150	123	40	35	35
128	123	386	148	131	45	39	34
133	121	445	174	155	48	40	34
129	95	409	194	174	51	41	34
105	82	418	208	187	54	40	37
107	81	400	205	180	56	41	35
97	67	428	207	178	53	41	34
99	74	360	218	173	52	41	34
109	80	351	220	145	47	41	35
107	86	405	204	143	40	39	33
107	94	506	190	140	38	34	34
114	95	495	218	157	36	29	31
119	88	483	205	159	34	29	32
92	86	508	185	158	38	31	31
106	92	528	183	137	38	29	31
120	86	484	187	134	35	27	30
120	88	507	152	129	42	33	30
118	96	501	142	119	47	38	35
134	97	456	153	120	49	38	39
130	86	396	150	138	53	39	37
118	90	358	161	139	54	40	40
120	95	325	183	128	51	38	40
130	91	328	199	123	50	40	38
135	98	373	188	144	48	38	34
141	114	341	210	136	46	39	38
152	115	338	204	139	46	39	39
165	124	323	188	134	44	35	41
153	122	332	199	133	43	39	40
137	120	288	192	105	42	40	39
136	105	348	184	91	38	43	41
132	124	387	187	81	38	43	41
109	113	407	190	81	38	42	39
115	118	394	153	106	32	36	40
151	117	513	180	113	41	40	41
150	137	497	172	133	41	37	35
151	121	476	170	140	41	37	32
169	120	481	219	146	41	38	35
165	117	514	230	132	51	41	36
138	115	420	212	125	47	38	35
157	94	481	225	139	51	38	38
146	84	454	219	135	52	37	38
128	92	439	170	142	54	37	35
134	98	429	153	140	44	30	33
136	91	416	162	152	42	33	34
106	90	373	190	154	41	36	33
112	95	404	196	161	43	36	35
121	110	466	191	167	42	37	33
114	103	467	194	173	42	42	31
117	109	475	206	175	44	41	30
117	107	440	157	152	42	37	27
126	105	431	171	149	36	36	29
119	83	375	177	144	38	35	28
127	81	377	195	145	42	36	29
126	74	350	189	148	39	36	30
131	78	337	198	143	38	38	32
123	87	327	190	142	41	39	31
124	88	382	193	149	42	41	33
119	84	354	182	145	41	38	35
127	93	459	186	124	42	35	34
122	91	480	197	135	41	34	34
120	84	498	184	143	41	32	32
132	78	497	185	153	48	33	30
131	90	539	193	162	47	31	25
115	94	474	207	174	51	33	27
128	94	553	226	174	87	35	29
129	99	559	230	168	93	37	31
134	109	556	218	135	89	33	32
135	115	523	199	111	89	33	33
136	118	505	170	89	88	30	32
123	114	382	126	82	54	29	33
136	110	366	120	78	47	31	33
132	106	307	159	108	50	36	38
127	95	301	165	111	48	34	39
127	84	276	181	136	50	36	39
136	85	317	210	151	57	42	39
123	79	328	208	158	56	44	38
99	76	326	191	166	55	41	34
108	79	336	215	168	57	43	33
120	97	364	206	150	55	43	37
109	103	346	183	136	51	38	34
105	104	323	201	163	49	37	33
114	103	320	208	180	51	38	34
107	94	312	220	250	52	37	35
123	71	332	226	253	50	38	31
127	62	323	214	261	49	37	33
128	67	328	209	250	50	37	35
137	69	330	193	222	46	36	34
146	68	326	143	149	44	35	31
134	79	309	119	150	46	36	36
131	87	301	148	146	43	37	34
150	89	315	146	132	43	38	37
141	86	304	171	142	49	38	36
152	97	286	189	142	51	40	38
157	95	336	203	141	50	38	34
157	91	350	188	138	52	39	33
146	85	361	190	151	49	40	30
152	98	385	183	151	45	38	31
129	88	382	187	148	42	35	32
105	80	330	178	147	40	37	33
103	87	336	179	146	41	34	38
115	95	312	169	157	42	31	38
106	84	299	171	158	41	32	37
106	82	331	150	151	40	31	37
112	83	379	144	148	42	32	34
115	88	494	154	191	49	35	29
110	83	487	174	177	49	34	33
102	82	487	179	176	50	34	34
107	90	479	196	173	48	33	34
109	96	551	218	180	48	32	35
112	96	462	230	133	36	29	34
97	100	499	218	122	38	28	32
109	100	480	207	120	39	29	31
110	98	527	191	125	40	28	33
113	97	434	176	129	42	29	34
103	83	407	154	115	41	34	36
100	76	363	164	124	42	37	35
91	77	484	156	116	36	36	36
100	82	424	172	113	34	35	34
102	77	409	176	98	31	35	36
103	81	440	169	114	31	31	32
111	88	555	173	107	27	29	33
116	83	477	172	127	33	29	33
113	78	497	151	124	35	31	32
100	83	490	154	175	40	29	32
99	79	465	188	184	46	32	35
96	69	347	187	191	51	33	33
118	83	348	188	183	49	35	40
117	82	322	210	200	53	36	43
120	84	312	204	188	50	40	40
130	89	329	172	176	49	39	38
142	90	386	150	165	43	36	39
124	79	374	182	174	46	36	30
124	81	411	181	164	44	34	26
131	94	493	177	138	43	29	29
121	90	497	188	136	39	29	28
109	94	497	204	142	42	35	29
111	91	491	175	135	39	33	27
101	98	462	153	120	36	33	27
99	88	413	142	110	34	34	29
100	89	399	133	134	41	32	29
103	88	309	124	126	41	29	32
108	90	317	143	127	38	29	31
109	78	302	144	140	44	29	32
100	66	239	144	151	44	29	30
97	62	285	135	143	38	31	32
83	55	275	119	143	33	29	27
79	83	404	134	142	36	29	29
91	92	427	163	155	30	28	29
91	99	439	172	149	32	27	28
98	101	454	179	137	32	27	31
116	107	513	245	150	34	26	35
105	91	428	249	142	37	26	35
93	84	416	229	120	38	25	34
95	85	452	225	119	39	25	37
111	86	443	238	144	41	25	32
97	87	411	186	150	40	23	33
98	81	407	192	151	35	21	31
100	84	410	207	149	36	24	36
108	77	413	211	143	33	25	33
98	75	376	191	130	33	27	34
95	64	359	190	105	39	28	34
91	64	359	155	108	39	31	34
91	56	367	136	112	36	29	30
76	57	306	135	117	38	30	31
55	53	306	134	96	36	28	32
54	57	286	151	114	34	28	33
54	54	300	162	112	35	28	33
51	50	289	170	109	40	28	34
51	49	337	170	114	40	26	32
69	58	352	194	129	43	25	34
108	63	352	191	123	39	27	34
115	72	365	176	120	41	25	38
113	71	397	172	136	37	24	36
124	81	404	172	131	35	25	39
133	80	385	141	118	33	28	39
108	78	389	116	113	33	25	38
104	76	337	141	158	31	27	36
107	81	313	152	156	29	28	36
99	79	267	151	158	33	28	34
84	79	268	155	159	32	28	32
78	75	318	163	165	32	26	31
76	73	358	156	141	32	25	29
71	67	337	155	150	40	25	34
65	62	330	152	161	40	26	33
61	55	339	172	161	39	23	31
101	60	276	209	171	40	26	35
103	59	259	211	183	48	26	35
106	64	306	214	169	43	26	31
109	60	307	222	154	43	26	31
104	60	375	216	153	44	29	32
69	66	382	192	143	46	29	31
84	69	398	179	124	35	26	32
84	70	391	175	136	36	29	35
94	72	397	166	137	36	28	36
99	74	327	155	138	36	27	38
99	71	355	128	147	31	26	35
85	71	355	125	132	32	28	35
99	67	362	126	116	30	26	31
86	67	400	138	112	31	27	36
89	66	401	139	124	29	26	34
87	69	384	140	98	28	29	33
92	72	363	137	105	33	27	32
73	73	342	139	115	34	29	33
78	76	309	154	126	37	31	33
81	80	305	172	119	36	30	33
86	75	300	177	128	41	31	38
81	70	305	194	139	37	31	40
83	72	275	186	136	39	30	39
101	72	231	186	127	35	29	35
95	72	279	166	125	35	29	34
92	82	321	179	137	34	26	30
107	91	421	181	128	36	26	29
122	91	455	191	131	36	27	35
107	87	475	181	137	37	28	32
108	86	454	209	150	39	29	33
106	80	424	207	158	38	31	32
99	73	385	192	151	38	31	31
86	78	348	179	151	35	28	29
86	80	334	183	151	32	25	29
84	76	333	157	143	33	24	28
89	70	320	174	114	35	22	28
89	69	270	183	142	38	26	35
83	72	305	191	137	37	27	35
95	75	298	224	128	40	32	34
106	81	423	244	118	128	51	37
102	87	517	235	129	138	56	39
93	86	504	238	108	140	58	37
100	76	502	257	102	142	59	34
86	74	543	227	125	143	59	38
82	69	449	204	154	81	46	35
87	59	352	210	157	63	47	36
102	62	431	220	155	58	44	35
99	62	480	191	164	55	44	39
103	62	431	177	153	51	40	35
105	63	424	171	126	41	40	37
113	84	482	164	110	46	32	34
108	87	415	144	110	47	35	33
122	88	345	140	103	45	33	29
121	89	346	151	108	47	34	30
116	94	393	168	114	48	32	28
121	77	353	154	113	42	36	35
120	73	373	152	113	35	34	35
109	75	385	171	121	37	38	37
108	72	416	164	124	35	36	38
120	68	405	154	126	41	42	42
111	72	391	161	130	43	38	38
109	81	446	192	143	43	36	38
98	79	492	189	145	44	33	38
97	82	484	185	139	44	35	36
76	82	477	193	132	40	30	35
77	91	489	228	153	39	33	35
107	77	454	213	157	44	35	32
114	75	399	231	166	44	34	34
113	74	418	246	161	44	33	34
124	77	410	239	163	44	36	33
125	67	448	232	158	50	33	35
114	77	422	251	168	52	37	43
114	85	447	251	158	54	39	45
114	80	418	243	160	53	39	45
102	90	418	298	162	51	41	44
126	95	375	290	149	45	43	44
122	91	401	272	116	36	39	36
116	85	378	262	120	36	38	31
122	86	401	262	132	37	39	32
128	77	446	202	127	37	33	30
104	64	435	182	156	37	28	27
96	68	392	172	157	42	34	28
98	84	462	165	156	42	36	31
94	91	455	176	183	44	34	31
113	96	415	207	183	44	37	33
110	99	391	221	154	46	37	37
137	107	418	232	159	47	32	37
140	105	341	219	160	44	32	34
147	100	330	212	121	39	33	34
130	97	363	176	121	40	30	33
149	122	410	167	121	36	30	34
118	114	388	170	120	41	33	36
112	102	369	196	112	42	33	37
130	104	370	199	119	46	35	39
129	103	420	204	118	44	34	38
102	76	396	211	125	47	36	37
124	88	401	218	127	41	31	33
136	89	409	214	128	42	30	35
120	88	424	218	129	42	29	29
119	84	342	220	137	44	30	32
117	76	337	225	131	42	31	30
96	58	337	204	134	40	32	29
88	58	328	187	146	38	33	26
72	54	306	182	140	35	33	27
70	54	327	175	133	33	33	30
73	72	368	154	161	39	37	33
81	78	382	156	158	42	38	35
95	92	377	172	160	41	37	37
98	95	407	166	152	40	38	40
106	109	435	191	163	41	38	36
113	102	456	196	160	40	34	38
104	99	425	205	173	39	33	36
98	94	583	191	160	40	33	35
116	96	570	197	185	43	34	39
115	80	549	165	183	45	33	38
107	81	513	169	171	40	34	34
111	89	549	189	150	40	35	36
100	81	392	199	154	38	35	36
77	76	376	208	129	37	34	31
66	70	337	220	118	32	36	33
59	60	306	210	106	35	34	32
53	45	259	185	107	33	34	33
48	47	240	181	87	35	33	35
41	52	296	177	76	37	33	33
54	63	336	186	70	39	31	31
66	78	370	175	71	35	28	31
111	89	383	205	104	39	28	34
122	94	435	207	115	39	26	30
127	97	405	204	152	39	27	31
152	95	397	189	162	38	27	31
156	93	376	195	165	42	32	31
131	92	362	160	157	42	32	27
124	89	311	160	167	43	33	28
128	86	276	151	138	42	31	29
102	88	265	150	127	42	36	32
91	86	314	148	124	38	36	33
91	77	309	167	128	35	35	31
87	84	303	162	112	31	36	33
82	80	335	154	120	32	37	34
84	76	365	178	126	31	31	36
87	73	337	192	133	46	36	35
101	72	357	207	142	51	39	37
104	62	367	215	156	55	38	34
112	65	431	221	156	53	38	33
104	77	403	203	156	55	43	33
103	72	392	195	150	44	38	31
103	80	410	160	150	38	35	29
118	90	475	146	129	32	34	31
110	87	407	141	131	37	34	30
114	83	439	147	135	37	32	26
116	85	479	156	143	40	32	32
107	79	467	161	135	40	33	34
96	67	423	164	137	41	36	31
110	73	420	179	126	41	36	34
124	71	396	166	113	38	32	35
137	70	335	144	101	38	31	37
135	72	316	136	81	39	36	37
138	87	326	130	76	39	37	39
125	87	375	101	72	33	36	36
114	86	376	105	94	35	37	37
104	88	382	143	104	34	37	33
115	85	396	159	104	34	33	31
113	79	372	164	109	33	32	32
110	78	383	166	111	37	32	37
120	94	383	185	96	36	34	34
115	100	411	185	91	36	33	33
104	101	400	181	97	43	39	34
100	97	394	194	124	49	40	34
120	105	377	196	135	47	41	33
112	98	400	183	144	46	40	32
115	99	383	156	161	47	39	32
125	98	369	164	190	42	37	32
121	95	346	147	189	41	37	32
109	89	317	148	181	42	39	30
119	87	289	166	174	42	39	33
120	77	251	166	161	41	40	34
107	83	272	163	136	43	39	31
107	86	268	178	164	46	46	30
100	83	254	194	177	46	45	30
101	72	232	178	186	50	44	27
96	70	254	183	187	52	43	26
104	85	282	178	177	51	41	26
107	82	376	168	129	43	29	28
115	81	369	177	124	41	28	31
102	80	385	167	117	39	30	32
95	88	409	166	110	34	30	31
95	75	395	181	111	29	28	32
101	82	326	218	115	32	31	33
114	84	345	248	134	37	34	32
111	107	343	275	206	44	35	32
116	101	302	278	214	46	35	32
109	98	276	262	217	52	43	36
106	93	347	255	222	54	44	37
95	97	338	218	204	53	43	37
97	81	334	191	129	45	41	36
92	79	338	187	115	44	40	36
108	79	344	198	102	39	35	32
105	78	260	168	95	36	34	29
98	73	311	153	184	37	35	28
95	72	303	154	184	40	39	32
100	75	332	204	197	43	42	31
81	77	395	201	200	44	39	31
78	76	425	208	196	42	36	32
90	81	449	226	142	44	35	30
106	75	451	223	162	42	32	27
101	85	422	178	164	41	32	31
103	78	402	192	164	39	34	32
126	89	391	185	185	42	37	34
121	82	312	181	196	42	37	35
117	83	305	191	218	46	36	36
118	71	316	190	203	46	36	34
131	73	330	170	201	47	34	35
119	82	310	163	182	45	36	31
112	82	306	142	158	40	36	29
98	83	290	140	112	35	36	27
105	83	309	142	113	32	34	27
105	91	243	171	125	34	34	29
95	79	282	174	132	35	33	29
98	84	288	171	141	32	29	29
102	86	290	171	148	35	31	31
94	87	335	177	148	36	34	32
82	76	366	149	142	36	34	29
95	72	430	138	147	35	30	33
92	68	431	135	135	36	34	33
103	71	458	126	109	37	35	37
109	77	425	154	115	36	32	35
103	82	420	151	123	34	34	34
97	82	347	169	129	37	35	30
93	81	361	191	140	44	44	33
93	73	321	198	154	45	45	28
92	74	307	170	157	46	44	31
97	68	267	176	155	44	43	31
119	67	220	175	148	43	42	32
124	73	208	174	138	40	32	33
115	71	253	203	144	40	29	30
124	68	297	214	178	44	31	30
128	72	313	208	175	45	34	30
102	84	404	201	171	43	33	30
104	81	400	192	171	42	33	28
107	86	403	167	157	39	31	30
94	84	387	149	104	35	31	29
97	83	388	161	100	36	28	29
115	74	308	171	89	38	28	30
116	68	292	170	79	35	28	30
110	69	338	157	107	34	26	28
110	72	322	183	167	43	27	27
117	72	320	172	167	44	27	27
102	73	380	177	177	43	31	28
100	74	445	181	205	50	33	33
112	67	412	180	203	51	36	33
118	64	423	164	172	44	34	33
103	61	414	172	176	40	34	35
103	64	378	154	174	42	32	34
102	73	302	140	142	35	29	33
95	76	265	154	124	35	33	34
91	81	323	157	151	34	35	36
93	83	328	154	163	35	35	35
105	84	302	163	160	34	36	35
101	80	306	179	164	32	35	37
93	80	309	178	183	31	29	37
96	76	281	175	149	31	29	35
108	85	296	176	132	33	33	33
93	76	373	168	125	32	32	34
103	91	376	160	140	32	32	31
106	90	390	151	136	31	34	29
109	91	364	147	139	34	35	31
106	94	350	154	138	35	34	35
109	97	266	172	171	35	32	32
100	80	268	177	151	37	35	33
139	86	288	207	139	37	34	36
142	85	324	240	168	42	34	36
135	81	330	247	192	41	32	35
144	85	349	264	174	47	37	43
146	88	370	265	181	48	35	40
108	87	345	249	181	50	36	38
93	92	410	230	160	44	34	38
90	81	413	231	130	47	39	39
84	75	404	196	125	42	37	30
105	72	377	198	131	43	37	30
107	75	406	189	134	41	36	32
104	73	313	194	126	43	38	32
122	91	338	178	152	36	32	29
114	92	336	177	163	41	36	34
99	93	379	151	164	37	35	33
104	92	359	192	161	38	36	31
106	89	332	173	159	40	35	34
81	75	287	183	152	41	34	34
80	82	291	204	168	41	28	33
83	82	272	238	166	40	30	34
99	75	251	208	165	38	30	39
100	69	263	208	198	38	29	37
108	62	266	206	191	39	29	41
126	56	269	191	172	35	27	39
120	56	315	174	166	37	29	37
117	61	338	178	171	39	31	32
116	63	344	200	136	38	33	33
112	71	362	198	125	37	33	27
98	84	346	195	120	37	35	26
116	94	296	192	111	36	32	32
106	91	300	189	109	35	30	33
110	94	301	182	124	35	34	33
106	98	295	184	139	40	35	33
123	85	309	209	154	40	35	32
108	73	281	205	183	45	36	32
112	76	255	201	176	43	35	34
110	80	234	181	166	46	29	32
113	88	219	187	163	43	27	34
90	89	336	167	149	47	34	34
88	97	350	158	126	45	34	30
72	96	369	160	122	45	35	29
92	93	406	161	131	43	35	29
88	73	414	138	144	41	34	26
90	76	341	134	166	38	27	30
96	67	361	135	179	37	26	33
96	63	380	154	184	38	30	35
85	67	366	146	193	35	34	34
87	91	381	169	181	38	37	39
89	99	425	174	163	35	36	38
83	101	418	168	137	32	36	38
88	105	414	154	129	30	31	38
87	101	415	165	116	31	30	37
95	84	395	179	137	26	25	34
97	73	377	184	146	29	28	33
112	90	374	205	152	29	27	32
109	88	460	219	153	31	28	29
105	87	440	209	171	31	27	30
98	92	447	198	153	31	27	29
97	88	409	204	142	34	27	33
80	78	391	186	139	34	28	31
77	80	267	170	159	37	26	30
74	88	294	177	131	38	27	34
78	86	299	160	133	38	28	36
79	87	291	127	126	35	26	33
72	78	292	124	124	38	27	34
82	78	270	125	122	38	27	34
98	84	271	140	172	41	30	33
97	93	283	169	179	45	30	34
89	92	288	171	199	47	31	33
91	90	296	173	201	45	32	33
94	89	371	182	194	41	33	35
82	74	354	180	154	39	28	30
80	60	334	155	152	37	27	29
85	61	335	173	131	36	28	30
82	66	332	182	130	36	27	28
79	69	275	180	175	44	27	26
91	76	320	178	172	45	28	27
89	81	366	175	163	43	28	28
93	86	368	160	163	45	28	25
94	88	416	155	168	44	27	25
92	84	390	137	156	40	28	29
84	86	365	136	168	38	27	32
102	85	306	144	165	37	30	29
97	79	319	163	162	34	29	33
102	75	259	158	190	34	29	35
97	75	253	164	193	30	25	36
