0	1	2	3	4	5	6	7
25	23	26	27	22	26	23	24
26	22	25	24	25	27	22	26
26	23	27	27	25	26	22	28
25	24	26	26	25	25	22	27
25	23	31	26	28	38	23	27
25	21	30	27	28	45	24	25
25	20	28	26	25	49	25	24
25	21	27	21	25	51	24	23
24	22	27	23	26	51	24	24
24	21	25	24	21	41	23	24
23	23	25	23	21	35	22	24
22	23	27	26	22	28	21	24
24	22	27	27	23	25	22	24
22	20	29	26	22	27	21	23
25	21	27	25	24	28	22	24
26	20	28	25	26	29	21	24
27	21	29	26	25	28	21	24
28	22	32	26	26	30	21	23
29	22	31	25	27	28	21	24
25	23	32	27	26	28	18	24
25	22	32	29	23	25	21	24
22	23	31	25	26	26	21	22
20	24	28	27	28	24	21	24
23	25	28	28	26	25	22	25
24	25	28	26	26	25	22	25
23	27	26	25	27	25	22	25
25	26	25	31	24	22	23	25
25	23	27	29	24	20	23	27
22	26	25	29	25	21	24	25
24	26	24	30	23	20	23	26
24	25	28	31	25	20	24	24
25	25	29	26	26	21	24	25
24	28	29	26	24	22	25	21
25	25	29	23	24	23	23	23
23	23	28	26	24	26	25	21
23	22	26	24	23	28	24	25
20	22	28	25	25	28	23	26
21	19	25	25	26	28	22	26
21	20	25	26	29	26	23	26
22	20	27	24	29	23	23	28
22	20	26	25	30	21	23	25
26	22	23	25	29	25	26	27
27	23	25	26	28	25	26	25
25	23	27	27	29	25	25	27
25	23	26	26	29	25	25	24
26	23	27	26	27	26	25	25
25	22	28	24	25	22	22	24
23	22	28	23	27	24	22	25
24	22	27	24	23	25	23	24
24	24	27	24	24	24	23	27
24	25	27	22	26	24	20	26
23	24	26	23	27	25	22	24
26	23	26	25	26	24	22	25
25	26	25	24	25	27	23	24
26	25	26	25	28	28	23	24
24	24	25	26	27	27	23	24
24	27	25	27	28	28	23	26
24	27	26	26	28	28	24	24
28	25	29	29	29	26	23	24
27	25	28	28	25	26	23	23
26	26	31	27	27	27	24	23
28	22	30	25	25	27	24	22
25	24	28	26	24	26	23	23
23	27	27	22	26	26	22	22
25	26	26	25	25	25	20	21
26	25	25	26	22	26	20	21
23	26	22	27	25	25	19	21
25	25	23	25	24	26	19	20
24	22	25	24	22	25	20	22
23	22	26	22	26	29	22	24
23	23	24	22	25	28	24	24
23	23	26	23	21	28	24	26
24	21	26	24	24	27	22	25
21	22	25	30	25	28	25	24
19	26	25	30	22	23	24	23
24	25	25	30	23	24	23	24
27	26	28	29	24	26	22	21
24	26	26	29	23	24	24	23
25	27	27	27	24	23	22	24
28	24	27	27	26	27	22	25
24	25	28	27	27	25	21	24
23	23	27	28	29	23	22	26
23	24	33	29	29	26	22	24
22	24	30	25	28	26	21	25
22	24	29	24	25	23	20	23
23	24	30	22	27	25	23	22
21	26	27	21	24	24	21	22
22	26	24	18	24	23	19	22
22	25	24	18	24	24	20	22
22	25	23	20	23	24	21	22
26	25	23	22	23	25	22	23
25	23	23	23	24	23	22	23
25	24	25	25	22	23	23	23
27	26	26	25	23	24	23	21
25	27	27	25	26	24	22	23
22	26	29	24	27	23	21	24
25	28	30	25	28	25	24	23
25	28	26	23	28	25	23	25
26	27	28	24	29	24	23	25
26	26	27	24	28	25	23	24
27	28	27	25	26	24	22	23
26	27	24	26	25	25	20	25
26	29	24	29	25	22	21	22
25	32	23	27	24	22	21	22
28	31	24	28	24	21	21	22
26	30	25	26	22	22	20	24
26	28	26	25	23	21	20	19
26	27	36	22	22	23	20	22
25	26	35	23	24	25	20	23
23	26	36	23	24	24	21	23
24	27	37	23	27	24	21	24
25	25	38	25	26	25	20	27
24	24	29	24	26	27	20	27
24	31	31	24	25	25	20	26
24	68	34	24	25	26	22	28
23	72	32	25	21	26	24	27
22	73	32	24	22	26	26	26
25	74	34	24	23	23	26	25
27	71	34	25	23	26	29	26
26	39	32	24	25	26	27	22
26	34	33	23	26	25	26	23
27	36	32	21	28	26	25	21
26	35	30	21	27	26	23	23
25	33	29	23	27	23	22	22
23	32	28	22	25	22	22	25
23	30	25	22	24	24	25	24
22	25	30	24	23	25	27	24
22	23	29	24	23	24	26	24
21	23	31	22	24	25	25	23
23	23	30	22	23	28	26	22
27	23	32	22	23	27	22	22
25	30	28	23	24	25	19	22
26	36	31	26	25	27	20	23
27	42	30	25	24	28	21	24
27	43	29	25	26	27	20	26
23	44	26	27	26	27	22	26
23	45	27	26	24	26	22	25
23	40	26	25	24	25	23	25
23	37	25	24	23	24	23	24
25	39	29	25	20	24	23	23
25	38	29	23	22	24	21	22
27	32	32	24	22	23	23	22
29	34	116	27	24	24	25	21
29	41	193	34	25	24	23	20
30	40	203	33	26	23	26	19
31	41	206	34	27	23	25	21
30	40	208	33	28	25	24	21
27	38	177	29	26	23	23	22
30	30	90	25	27	22	25	21
27	28	68	25	28	23	22	21
27	26	59	25	27	22	23	21
27	27	48	26	26	21	22	22
29	27	39	25	25	24	21	22
26	27	38	22	24	25	20	25
25	27	32	21	25	26	21	25
25	26	33	23	27	26	21	25
25	28	31	20	28	25	20	25
23	28	30	25	28	24	21	22
22	25	27	26	27	23	22	20
25	27	26	29	26	22	20	22
24	26	25	29	23	23	20	21
24	24	26	30	22	25	22	22
24	26	29	25	24	24	22	23
24	25	27	24	24	25	21	23
22	26	29	26	23	27	22	20
24	26	27	24	23	25	23	22
22	25	27	29	23	24	21	22
23	24	28	30	23	22	20	22
23	25	26	29	22	22	21	20
23	23	28	26	28	20	21	21
26	23	30	26	27	20	24	19
26	24	31	22	27	23	24	18
26	25	30	22	27	24	25	23
26	25	33	24	28	21	24	24
25	27	29	23	23	25	24	24
22	26	32	24	25	25	22	25
21	26	31	22	26	23	23	25
23	25	28	27	25	24	21	21
25	25	28	26	23	25	22	23
26	24	28	27	26	22	24	24
26	24	24	26	24	23	23	22
28	25	27	26	23	25	22	21
24	25	28	24	24	24	25	24
21	25	26	24	26	26	24	24
19	24	26	25	23	25	21	24
25	26	29	27	23	26	24	25
25	23	27	30	24	25	24	25
26	23	28	27	24	25	21	23
28	21	30	28	24	24	22	21
29	21	32	29	24	25	22	21
25	20	30	28	23	22	21	20
24	23	31	27	25	29	21	21
23	24	34	26	24	29	23	23
23	24	32	24	22	27	20	24
25	27	31	22	27	29	23	24
24	25	32	22	27	28	22	25
26	26	31	19	28	20	23	24
26	24	28	20	26	22	22	22
26	26	28	21	27	23	22	19
23	23	27	23	24	20	22	21
27	23	26	22	24	23	21	20
25	20	31	22	24	24	21	20
25	21	30	22	27	24	20	21
24	21	30	24	26	24	22	21
24	21	31	25	25	25	23	19
19	23	29	25	25	24	24	20
22	23	25	26	25	25	24	19
25	22	25	26	23	26	25	21
25	24	27	25	24	26	24	21
26	25	25	23	27	26	23	23
27	24	27	24	26	27	24	21
25	26	28	23	25	28	25	22
23	27	29	25	27	27	24	21
21	26	26	26	27	28	24	23
22	24	29	26	25	26	26	21
