0	1	2	3	4	5	6	7
30	69	193	161	136	50	31	25
33	83	209	167	136	52	31	25
34	88	201	165	132	48	27	26
42	88	201	160	83	40	23	25
45	88	238	167	67	37	26	25
41	69	198	162	65	39	25	24
40	60	187	151	61	36	26	24
40	56	187	140	60	37	29	25
29	59	180	151	82	44	33	26
27	76	134	143	78	40	31	26
27	78	130	143	86	42	32	26
35	95	128	147	103	49	33	25
37	99	132	143	100	47	30	27
38	100	130	137	143	62	31	27
36	114	109	128	157	71	33	26
45	117	165	126	155	69	32	26
39	104	159	122	151	66	33	26
38	103	156	126	156	67	34	25
38	100	159	83	113	48	29	26
38	82	157	89	97	35	27	26
29	89	156	89	95	35	27	25
29	89	172	99	85	31	26	27
27	87	179	106	72	33	30	27
25	87	175	107	60	33	40	24
30	71	165	111	83	49	46	25
39	84	148	143	117	60	48	27
51	99	179	152	129	65	52	31
52	99	183	151	151	69	52	32
56	103	214	219	194	78	49	33
60	106	236	253	191	72	92	35
72	104	218	303	236	87	98	38
115	118	246	326	333	148	110	49
125	126	290	332	356	165	118	52
124	126	296	314	344	165	132	54
128	138	364	354	421	198	133	60
124	134	412	440	492	226	143	64
101	120	391	570	631	266	149	68
105	126	375	582	631	263	155	74
111	132	369	591	646	269	143	73
115	131	313	561	671	274	130	68
120	129	271	474	616	254	123	64
108	120	281	290	417	175	111	50
103	106	270	268	399	164	100	37
102	105	278	250	380	156	103	43
93	90	285	243	237	101	94	43
91	96	289	266	234	90	87	43
85	96	283	254	250	96	99	47
75	96	284	255	255	96	106	51
71	90	300	300	270	94	104	45
69	84	275	302	267	88	101	44
59	73	278	280	263	86	100	46
67	73	273	304	257	84	87	42
75	79	262	299	281	95	78	41
78	87	245	263	269	94	76	45
79	93	260	252	294	106	77	45
83	87	291	245	282	103	75	44
78	90	276	235	270	103	71	44
83	94	288	239	231	89	77	42
97	119	317	226	215	89	77	40
104	122	305	239	202	90	84	44
105	122	264	333	244	106	92	43
107	123	334	338	255	105	91	44
96	114	329	337	257	107	82	43
91	86	291	339	278	111	78	41
87	82	289	343	296	113	76	38
81	83	277	241	256	102	80	39
92	95	201	217	253	104	79	38
93	109	189	228	281	111	78	41
80	100	178	203	266	109	78	40
72	96	164	173	221	98	75	40
96	127	156	166	222	94	64	37
103	118	140	182	215	86	64	36
104	107	138	177	184	71	66	33
105	107	130	170	180	67	66	34
106	107	142	186	203	64	65	33
84	64	159	223	229	59	59	30
56	52	171	218	237	65	56	28
60	49	167	196	221	64	67	26
60	49	175	200	221	66	72	27
59	59	167	209	217	66	70	26
55	67	170	200	219	78	72	25
57	73	160	233	210	78	70	28
52	76	162	247	224	90	57	29
49	83	165	244	222	92	57	30
88	77	170	240	210	93	59	35
92	86	162	233	194	92	62	37
94	85	173	205	209	93	61	37
92	83	194	200	224	87	69	36
106	93	182	215	244	92	67	35
82	93	177	200	256	92	65	31
91	78	177	211	254	87	60	31
106	82	158	209	236	82	59	33
114	85	131	198	215	80	53	34
113	71	143	199	200	72	52	32
116	76	142	203	185	67	49	32
113	76	174	206	176	76	47	29
113	81	178	234	181	79	50	29
111	83	180	240	176	75	47	31
106	84	188	234	172	76	47	31
104	82	196	241	216	86	48	32
96	82	161	221	203	68	46	32
76	69	160	190	199	68	46	30
67	62	175	217	203	74	46	33
55	56	167	211	190	75	48	36
48	50	167	202	150	69	49	39
47	55	198	209	177	77	51	41
47	55	220	215	176	75	47	44
47	57	209	228	188	74	45	41
68	76	203	254	207	82	43	40
82	81	218	275	227	89	43	38
85	81	191	267	211	85	41	34
87	88	161	256	206	87	44	30
87	90	169	226	199	90	46	33
75	85	163	205	221	85	43	32
65	84	138	209	208	80	40	32
80	92	214	216	213	85	43	32
83	84	226	217	214	82	39	31
83	83	236	222	207	77	35	26
82	76	237	217	173	66	32	24
80	77	244	221	189	73	33	22
62	64	190	226	182	69	30	24
56	63	198	226	196	78	35	33
58	67	183	217	208	84	38	34
68	69	184	209	213	92	43	40
65	72	187	205	194	87	41	40
67	76	186	219	195	92	48	43
69	78	165	229	189	89	47	37
102	104	157	225	190	94	51	40
97	107	243	247	215	99	50	34
97	104	263	247	209	102	56	37
97	101	262	219	207	96	52	33
98	111	266	273	221	100	51	34
61	84	273	298	242	113	56	30
57	80	206	305	277	121	58	32
56	77	169	302	283	115	53	29
67	82	156	312	285	119	55	26
65	65	189	261	276	113	53	25
64	64	178	240	258	93	46	28
61	55	165	257	212	76	38	26
60	50	162	244	192	75	40	29
67	77	167	256	189	75	43	35
63	76	138	260	199	77	45	36
64	79	157	292	188	74	44	36
67	80	171	288	187	70	47	38
66	82	190	282	185	68	46	37
51	60	231	278	212	79	44	33
54	64	227	269	200	83	46	34
55	66	230	239	208	84	45	31
54	64	219	198	199	85	42	30
62	74	203	205	220	91	44	30
59	70	166	192	196	79	42	28
62	75	169	193	201	78	41	29
63	76	149	210	209	82	41	28
64	78	157	226	194	78	40	28
55	71	176	248	178	73	37	28
52	68	159	252	184	72	38	30
45	70	145	284	194	72	37	29
59	80	159	274	181	70	38	29
57	80	165	273	195	80	42	31
60	78	148	271	211	85	42	32
67	84	152	257	220	87	39	32
66	77	163	234	235	87	38	31
50	59	144	225	227	84	35	30
59	75	169	207	218	74	47	32
56	73	170	215	256	73	45	31
49	69	174	226	254	70	46	29
49	68	182	228	227	69	49	31
51	67	191	241	236	72	52	31
41	50	177	252	229	73	52	26
43	50	173	214	164	67	62	26
42	49	198	218	152	67	65	27
46	55	185	225	170	68	65	28
50	67	177	203	167	68	68	30
48	64	165	198	169	66	60	30
59	71	165	235	179	70	61	31
61	74	183	242	205	78	60	34
66	68	196	223	210	86	68	37
64	61	206	256	240	94	68	41
76	68	209	251	242	96	73	46
66	69	238	248	260	100	67	46
68	67	204	242	243	97	65	47
65	95	243	253	250	92	54	44
67	96	241	238	266	94	51	41
60	102	242	247	265	92	60	38
60	97	229	226	245	89	78	39
59	100	242	241	258	85	81	36
57	74	198	235	245	81	82	34
54	69	242	251	232	87	86	35
49	59	254	251	255	100	76	35
54	65	347	285	259	101	65	35
55	57	339	269	253	101	96	35
52	59	339	269	251	102	103	37
51	60	325	237	240	98	99	35
48	59	312	217	216	83	99	32
44	57	246	204	226	85	103	30
40	59	268	240	220	84	78	33
45	65	273	232	217	91	76	38
49	70	280	255	209	82	80	39
55	69	288	271	207	83	79	41
54	67	258	248	185	76	66	42
59	78	228	280	219	82	75	42
63	75	240	304	251	83	79	39
63	79	249	308	243	80	87	40
70	90	261	342	268	90	90	39
78	89	272	338	276	90	94	41
87	83	276	285	253	89	93	40
83	80	294	350	266	96	88	37
98	93	297	348	265	99	83	35
100	88	326	322	235	91	87	34
101	107	321	368	278	106	102	38
91	109	364	383	331	123	102	39
93	108	346	314	298	114	97	41
79	95	322	315	338	122	102	42
94	103	302	302	364	128	105	46
132	133	307	264	334	116	91	41
139	132	264	248	305	100	81	40
140	137	242	242	317	102	82	37
142	143	241	218	267	85	92	35
131	140	284	241	250	82	86	33
108	130	285	220	244	82	93	32
100	135	304	197	207	73	108	33
95	138	330	194	175	65	108	31
99	140	339	219	229	92	99	37
93	134	290	200	236	96	97	39
77	107	272	196	227	94	94	40
80	100	271	211	253	102	93	44
81	92	263	210	271	108	97	47
70	77	278	198	232	88	89	41
75	74	260	188	234	85	92	38
66	75	316	197	260	98	92	40
57	71	291	198	238	94	77	34
61	67	302	208	214	88	73	32
57	64	302	215	222	86	89	32
51	65	305	216	207	87	89	35
51	61	238	211	199	79	83	32
50	65	251	248	249	90	95	38
52	70	240	239	264	93	110	38
53	69	203	228	274	97	103	39
51	75	215	248	279	88	108	37
48	67	224	301	284	86	105	36
56	60	235	281	248	78	99	30
69	87	269	286	241	78	113	31
72	97	274	281	249	92	119	30
78	94	262	289	239	94	114	36
78	95	252	231	215	91	114	35
85	112	245	221	207	86	118	40
75	92	190	210	225	88	96	38
76	82	177	229	188	66	83	39
73	100	170	192	201	80	90	37
92	132	191	222	212	81	96	43
247	163	174	217	200	77	91	44
258	170	176	220	178	71	90	45
258	171	183	209	175	69	85	43
259	160	197	209	170	58	76	41
259	135	217	185	155	56	69	36
138	99	205	185	177	60	81	36
115	94	209	192	196	66	86	37
125	134	202	181	209	78	91	38
126	146	216	254	227	79	90	39
121	148	173	250	229	80	104	43
92	139	189	243	211	79	100	38
108	144	199	231	185	73	92	40
97	110	213	231	167	63	88	39
111	109	197	151	132	64	89	41
99	119	239	174	184	75	73	35
111	125	259	172	195	82	57	36
99	112	245	169	201	85	58	35
97	113	233	171	221	96	58	35
79	108	272	167	256	117	59	36
108	158	245	137	224	115	63	38
117	232	244	157	215	114	66	45
112	237	242	155	209	113	115	47
112	241	248	144	191	103	129	49
111	238	209	201	214	81	129	45
92	208	226	211	218	80	130	46
81	140	210	191	215	71	128	39
84	142	207	193	213	68	94	35
84	135	248	196	208	67	119	34
82	133	245	126	109	51	127	36
72	126	240	97	74	32	127	32
63	112	283	121	69	30	130	31
73	112	313	124	69	32	129	32
72	114	288	113	66	33	104	30
71	114	292	113	70	38	94	29
70	109	295	116	73	43	91	30
64	90	286	103	71	42	86	29
45	97	300	113	66	40	76	28
45	89	296	125	64	44	60	30
46	88	288	124	52	40	82	29
52	103	294	136	47	40	85	28
49	99	292	139	44	45	88	31
48	77	237	124	41	47	91	33
44	76	236	123	53	46	87	30
43	80	268	150	70	57	65	30
33	63	246	139	74	56	63	29
33	79	193	124	76	55	66	29
33	82	200	131	74	55	86	30
35	83	194	122	71	56	87	31
34	79	172	102	122	55	83	31
34	75	163	109	170	70	80	31
32	51	158	113	192	77	81	28
44	51	144	106	204	78	61	27
59	68	144	105	212	77	70	30
69	69	107	114	197	77	72	33
70	69	95	105	162	66	73	33
71	71	107	117	150	59	66	33
65	70	113	120	149	66	63	32
57	93	123	136	157	76	48	29
42	92	132	129	137	70	49	26
41	91	142	131	132	67	65	28
39	91	141	119	127	68	66	29
40	91	139	130	143	67	64	29
30	47	123	122	177	76	64	29
39	67	182	125	181	77	63	62
42	80	194	120	181	78	59	93
44	93	196	151	189	82	58	98
43	95	237	153	171	75	58	99
43	97	237	153	122	58	58	99
35	85	188	148	117	55	56	83
36	84	186	164	120	56	46	47
35	77	207	146	106	50	43	36
36	96	199	255	223	85	56	34
39	96	280	265	238	88	59	36
40	97	286	280	244	94	75	35
41	95	301	283	256	104	74	34
48	92	304	316	267	109	78	39
47	70	340	288	194	98	77	39
43	67	278	283	168	92	73	35
44	66	332	292	173	91	57	37
67	152	334	373	158	88	60	44
66	159	321	359	178	95	57	42
65	160	290	328	175	90	51	40
71	165	339	347	191	95	60	47
72	164	290	338	186	92	62	48
51	90	341	296	185	87	62	43
70	150	355	334	144	84	70	50
71	150	333	329	131	77	78	50
66	146	282	310	105	72	97	44
64	146	274	296	93	71	97	43
60	142	174	240	163	96	98	40
30	53	170	226	179	89	93	32
28	53	179	258	177	87	89	31
28	52	178	251	181	87	63	31
29	49	175	252	182	88	82	32
27	46	164	247	130	62	82	32
37	53	119	237	178	78	85	32
37	47	87	253	190	85	83	32
40	53	80	271	191	85	86	34
39	52	70	279	189	84	75	34
44	59	79	288	181	80	71	35
35	51	79	263	122	61	71	30
34	52	82	217	110	51	67	31
31	41	75	211	110	50	61	28
30	43	81	208	113	49	85	25
23	36	96	203	112	45	86	26
22	37	95	281	100	49	93	26
26	38	97	316	114	59	97	25
25	36	98	351	120	64	97	27
28	41	102	356	119	64	76	30
30	39	132	357	121	67	80	34
29	39	152	374	151	72	74	34
34	40	157	352	138	66	71	37
44	51	159	322	137	62	76	37
42	53	153	330	143	64	69	34
40	56	117	332	149	64	60	28
44	58	94	263	133	62	53	28
43	66	84	248	134	61	54	28
33	57	80	235	133	67	46	28
33	51	102	222	133	65	46	28
34	49	117	233	134	66	53	30
31	47	117	197	134	64	75	29
25	39	125	221	147	72	131	28
27	41	130	235	163	72	137	32
29	45	118	245	158	73	142	32
28	44	120	227	154	69	143	33
28	44	123	236	144	70	138	34
29	37	114	205	123	64	111	35
27	36	112	237	178	81	109	34
34	34	125	231	191	85	101	36
33	33	108	238	193	87	101	34
33	35	112	218	188	82	96	36
33	42	111	218	192	80	86	38
33	44	106	161	130	58	83	38
24	43	92	155	114	55	83	36
27	45	95	172	116	51	82	36
27	43	90	195	116	52	79	34
26	39	94	209	108	48	55	30
26	36	94	206	93	45	53	27
27	38	94	215	90	43	56	28
25	35	96	184	82	46	60	29
25	38	111	197	131	60	58	28
25	38	124	209	140	69	60	29
25	37	125	204	141	68	69	32
25	42	138	181	146	69	69	31
25	42	136	179	145	67	62	28
24	40	120	135	105	54	65	29
24	41	107	85	92	44	62	25
23	41	105	78	83	44	47	22
