0	1	2	3	4	5	6	7
67	338	140	48	40	33	45	42
72	297	132	52	44	36	51	73
74	314	138	56	47	36	45	73
90	308	144	58	48	37	50	75
97	293	189	59	47	38	52	79
98	258	203	60	47	38	52	80
96	259	198	57	43	38	46	55
100	258	199	51	45	38	45	63
98	255	205	54	45	38	38	61
92	237	164	51	47	39	39	58
91	229	149	60	50	42	42	60
98	255	194	68	49	40	43	61
99	239	220	75	46	38	43	50
94	240	212	77	43	34	42	53
98	234	213	79	39	36	38	52
107	234	215	74	35	34	43	49
99	247	181	68	38	35	41	51
98	251	144	62	40	37	41	53
116	277	161	56	42	41	41	54
112	292	170	54	45	40	44	54
103	301	162	49	45	39	35	51
111	261	147	54	49	43	38	52
111	267	153	54	46	41	41	52
85	237	129	54	44	38	43	45
83	237	117	60	42	38	41	54
84	225	117	61	40	35	40	53
74	229	115	55	33	30	39	51
67	262	120	57	31	29	39	48
62	254	119	57	31	29	37	54
64	248	117	49	28	26	35	44
58	250	117	49	27	26	37	54
59	246	133	48	32	29	38	54
70	197	122	47	40	33	35	60
74	234	130	45	38	32	41	56
71	226	133	47	42	34	42	58
71	211	139	47	42	35	42	53
72	221	132	45	41	32	40	52
60	207	132	44	34	28	38	45
59	205	132	44	34	31	32	44
63	212	141	47	32	28	31	56
66	219	135	46	33	29	30	62
60	237	132	49	31	27	30	63
67	250	129	51	32	29	33	65
71	225	121	50	37	26	32	67
68	220	113	46	35	26	37	56
75	218	122	49	36	28	38	49
80	174	126	48	35	30	41	60
124	196	168	63	39	32	40	67
121	196	174	66	37	33	42	66
123	206	178	67	37	36	41	66
121	223	177	70	41	39	46	66
122	258	183	70	43	39	47	54
83	237	152	57	42	37	45	49
83	242	155	55	42	38	44	79
78	262	143	54	42	35	40	81
74	255	135	50	38	33	36	83
74	219	114	48	36	32	39	86
65	228	114	49	33	31	42	86
63	226	114	49	31	31	42	62
65	190	121	48	32	32	42	58
66	177	122	48	31	28	39	62
61	190	124	52	32	27	32	63
54	194	114	51	35	30	30	67
55	177	114	48	36	29	36	64
56	170	110	50	35	28	40	68
56	205	101	48	34	28	40	59
55	189	101	45	32	29	40	65
59	174	116	44	31	26	39	74
61	179	107	47	31	26	37	79
60	198	102	48	34	28	33	78
55	170	104	46	35	31	36	79
55	175	108	47	36	32	36	74
55	168	99	46	36	31	36	58
54	182	94	45	35	32	34	52
49	156	95	40	32	29	35	51
49	163	109	41	30	27	37	97
54	164	120	40	30	27	38	100
53	186	120	38	28	26	37	102
52	205	148	37	33	27	36	104
54	210	153	36	33	29	34	105
58	203	147	39	34	27	40	71
67	234	138	42	35	27	44	97
67	216	132	42	37	27	43	94
74	184	110	45	33	24	42	94
73	199	120	46	32	23	42	93
74	226	117	51	39	26	33	88
62	194	118	47	38	26	35	74
60	202	126	44	37	27	41	86
50	198	119	41	37	28	42	87
51	183	111	41	40	28	42	86
48	174	111	33	33	27	41	90
55	178	118	33	36	27	34	79
61	173	116	39	34	27	30	74
62	198	122	39	34	26	37	72
60	206	121	37	29	27	37	81
56	174	124	40	31	26	39	75
51	174	113	48	27	24	39	66
41	167	105	46	28	25	37	63
38	130	98	48	30	26	39	69
45	118	99	48	31	26	39	66
59	162	95	48	33	28	39	77
58	160	114	43	34	28	39	76
63	167	116	44	33	28	40	80
66	198	122	44	34	29	31	78
70	198	116	48	36	28	30	73
62	193	131	44	35	26	34	63
66	202	131	42	35	27	35	62
63	203	142	41	37	27	35	49
61	180	139	39	35	25	34	50
56	248	145	38	34	25	37	62
61	251	147	39	31	26	33	61
61	293	137	42	30	27	35	63
61	308	134	43	29	26	36	69
61	306	129	43	31	29	40	84
57	255	117	42	31	29	38	80
50	247	92	38	33	30	38	85
54	205	117	36	36	30	45	83
52	186	118	39	35	30	45	79
52	200	120	37	33	28	44	61
58	204	124	36	37	29	46	61
55	189	135	38	36	28	47	85
46	177	121	37	32	28	44	91
44	166	110	32	33	29	41	94
51	158	107	33	33	29	42	94
46	141	109	37	34	27	47	107
48	146	94	38	34	29	45	86
56	179	80	41	34	29	40	80
58	178	79	41	35	28	41	78
52	199	107	42	33	29	39	85
55	225	109	41	30	29	32	65
53	222	120	42	30	29	36	83
50	189	121	40	33	31	40	85
56	210	125	40	34	31	42	86
58	181	108	39	36	33	41	86
58	144	98	35	36	33	39	86
60	150	98	42	36	30	44	89
57	174	103	41	34	26	42	90
60	166	105	42	36	29	40	90
60	177	110	43	34	25	43	91
58	182	122	45	33	25	44	87
58	175	117	39	35	28	36	87
58	176	122	39	34	28	34	87
50	199	129	37	30	23	35	88
51	206	136	35	31	25	36	79
50	201	127	36	30	25	40	80
49	215	122	36	30	26	40	78
49	196	113	36	32	28	40	76
46	165	104	39	35	29	39	72
50	151	91	43	34	29	39	77
49	166	95	42	33	35	33	78
52	157	97	44	37	38	32	55
50	150	88	43	36	38	33	52
56	153	91	42	34	38	32	51
48	147	87	36	35	38	27	41
52	131	89	39	35	34	30	45
65	122	93	42	30	30	30	74
67	151	115	44	30	29	32	77
64	142	115	43	29	29	32	79
65	146	114	46	29	31	34	87
69	149	120	46	30	28	37	83
55	201	119	41	29	29	39	61
53	192	104	42	31	27	36	57
56	202	112	48	31	27	36	56
57	200	107	45	29	23	38	42
52	210	105	46	33	29	46	71
50	158	101	44	33	30	45	79
55	186	103	43	38	34	46	80
50	184	90	38	36	33	47	82
54	188	100	41	39	36	50	86
60	182	97	48	36	32	41	84
62	214	96	47	34	29	38	80
57	175	93	47	29	27	37	86
60	173	92	44	31	28	37	83
52	180	87	45	27	23	29	80
46	199	94	35	28	23	33	66
54	171	112	40	31	26	39	64
54	176	115	38	30	25	39	70
54	173	122	38	29	23	39	73
58	179	122	36	30	25	40	72
54	167	113	34	29	25	36	73
55	159	100	32	27	25	33	73
59	157	104	36	29	25	36	59
58	147	96	36	29	25	36	61
55	126	94	38	30	24	35	82
57	122	97	38	33	26	35	81
50	151	115	37	37	25	35	79
53	153	115	37	35	24	33	79
52	154	117	36	35	26	32	81
55	152	111	34	36	26	31	61
53	167	116	36	34	26	28	55
55	142	98	38	31	27	33	76
48	137	101	37	33	29	34	83
50	144	101	39	34	29	34	76
52	176	107	42	35	28	36	77
54	172	106	43	36	29	36	79
52	176	119	42	36	28	31	58
54	179	107	40	37	29	31	44
52	191	105	40	36	29	33	49
49	174	116	43	35	30	32	70
48	157	107	38	34	30	31	69
50	173	87	39	34	29	30	69
51	175	84	40	33	28	36	72
54	168	106	39	33	28	35	76
53	174	97	35	31	28	35	77
55	197	107	39	37	30	37	79
49	179	113	37	37	30	38	77
52	172	116	40	36	31	32	77
48	188	95	39	36	30	37	70
55	167	90	37	35	30	37	45
54	140	84	39	34	30	39	40
61	200	80	41	31	30	38	57
57	206	81	38	33	29	35	54
57	191	87	39	32	28	34	78
50	233	98	40	33	27	34	80
50	234	93	38	29	25	30	83
42	189	89	34	32	26	29	75
46	194	92	40	31	25	29	78
51	215	87	40	31	27	24	56
54	171	74	41	32	28	27	70
56	226	122	41	32	31	28	71
55	229	126	41	28	30	29	68
52	223	124	37	29	32	33	63
53	204	123	43	32	31	35	68
52	221	136	44	31	32	31	49
49	157	95	43	32	30	33	44
53	147	97	43	33	28	41	60
57	202	118	42	33	30	39	65
59	197	136	36	32	27	39	61
62	180	126	37	30	25	41	63
64	185	141	38	30	25	38	67
62	194	146	37	30	25	28	52
59	155	140	38	29	22	33	47
50	153	125	36	27	24	35	62
47	163	126	32	29	25	36	70
47	157	120	30	29	25	38	66
51	148	116	34	29	26	38	67
50	138	102	33	31	24	36	68
52	155	111	35	31	23	32	54
51	141	105	34	32	25	31	39
53	183	97	37	31	25	34	36
48	183	85	33	31	25	38	33
53	180	107	36	28	27	38	34
53	170	105	43	31	30	41	47
52	175	104	45	34	26	40	48
49	159	111	45	35	27	37	51
46	163	112	45	35	30	36	53
44	171	95	46	36	29	37	52
47	203	85	38	33	27	35	68
49	221	96	39	29	28	36	71
47	201	86	37	27	26	35	72
53	200	85	40	31	24	32	73
54	206	81	36	31	23	35	73
51	165	85	40	32	28	39	50
51	141	78	40	35	27	38	82
54	149	76	42	39	30	38	85
50	175	80	40	37	29	37	83
48	156	90	42	36	31	33	84
49	172	98	40	34	27	33	84
48	172	107	44	34	26	35	53
52	169	123	45	31	26	37	57
53	143	126	47	31	26	39	59
57	160	122	44	35	24	37	61
60	151	114	45	34	27	33	59
62	186	111	40	32	29	35	56
58	186	108	36	33	28	34	46
56	182	101	33	32	26	33	44
53	167	102	34	29	27	33	39
47	163	102	32	31	28	32	40
48	149	104	35	32	28	26	39
50	164	96	41	32	28	31	41
52	192	98	41	31	30	33	41
48	192	90	40	31	33	32	74
56	194	86	45	31	32	32	75
58	203	77	43	32	32	34	74
56	203	68	38	29	31	27	74
57	177	66	36	33	31	33	73
59	189	94	38	32	28	35	41
53	213	104	32	33	26	35	39
52	190	109	31	31	24	35	62
53	170	109	32	31	25	36	63
54	181	115	35	32	26	31	66
53	163	95	35	32	27	29	70
56	123	85	34	29	26	32	72
56	142	85	35	29	26	31	55
61	147	89	34	34	26	31	51
60	141	89	33	29	26	33	82
60	144	93	30	29	24	39	85
62	169	105	35	30	26	41	85
55	156	106	34	30	29	44	85
46	157	105	37	27	29	46	87
45	146	96	38	28	30	43	76
45	171	94	41	30	32	37	71
46	164	105	36	30	31	33	67
52	160	106	39	31	31	37	72
50	167	100	35	31	30	38	69
51	170	103	35	30	28	39	46
57	165	117	38	30	29	39	71
53	167	106	39	30	28	41	73
53	158	104	39	28	29	35	70
56	155	119	41	27	29	33	71
62	175	130	45	32	31	37	72
60	154	119	40	29	31	37	47
61	141	114	41	29	32	37	43
63	168	119	39	30	29	34	39
63	156	109	41	30	30	35	60
58	137	102	37	29	30	35	63
56	146	111	37	28	27	33	62
61	138	110	36	30	30	34	62
61	160	111	39	32	32	34	63
63	178	112	36	30	30	35	48
62	177	108	37	31	30	28	57
60	207	102	38	33	31	34	65
53	205	105	38	31	27	34	67
45	167	94	37	36	27	37	67
44	151	90	37	37	26	35	62
45	165	129	37	38	24	35	56
52	131	138	39	36	26	35	63
55	140	135	38	39	27	35	64
63	178	148	42	33	26	33	66
61	178	147	42	34	28	34	67
65	207	119	47	32	28	37	64
63	209	120	45	33	27	32	49
60	235	134	45	28	27	35	44
61	240	126	40	29	28	35	45
60	243	134	43	30	27	34	67
54	206	130	36	29	27	31	68
54	227	118	37	32	27	34	67
57	200	101	39	37	26	34	67
51	175	92	39	36	27	34	65
53	193	78	37	37	26	34	44
54	199	82	35	38	28	35	41
49	168	78	34	37	28	33	62
51	194	78	33	33	30	28	64
51	189	91	32	33	29	33	64
49	179	112	31	31	29	34	62
45	193	109	29	28	26	35	64
50	200	116	32	30	26	35	49
55	207	127	31	32	27	37	71
55	213	123	32	30	26	36	71
59	207	105	34	33	27	39	73
61	192	107	38	32	27	38	73
57	186	104	40	32	29	38	73
50	146	88	39	32	26	35	54
47	153	76	38	31	27	38	54
44	152	88	36	29	28	38	75
44	151	96	35	33	28	37	78
46	147	93	32	30	25	36	74
46	169	94	32	27	28	38	72
50	153	101	36	29	27	33	72
49	149	102	39	31	26	32	45
48	137	88	39	28	26	36	37
47	140	95	40	31	28	37	60
45	135	100	41	32	25	35	61
45	131	95	37	33	28	33	66
44	132	85	35	32	28	39	68
42	135	87	31	32	30	39	68
39	144	98	30	31	27	38	51
46	121	92	32	31	28	40	48
45	113	91	34	30	26	39	40
45	124	92	33	30	27	34	62
44	179	111	34	29	27	34	62
49	176	98	39	32	32	38	64
42	212	98	36	31	31	37	66
43	222	106	37	29	30	38	67
41	227	120	39	30	29	38	50
45	215	114	42	34	31	40	67
49	215	113	40	31	30	37	69
53	178	117	44	36	32	41	68
51	171	111	41	35	31	39	70
53	161	96	41	35	33	37	69
49	120	87	38	31	29	34	51
43	105	91	37	30	27	36	68
45	109	97	36	28	26	34	70
44	102	97	35	29	28	36	73
42	85	95	35	28	27	35	71
49	85	91	35	29	28	34	73
47	85	87	33	31	27	32	51
46	99	79	29	27	27	31	47
46	145	80	30	27	29	33	64
45	147	86	30	27	30	31	65
39	147	91	29	25	29	37	62
43	150	92	28	24	30	37	64
38	152	87	28	25	29	36	78
45	126	90	33	26	28	33	77
47	136	86	34	24	25	35	78
48	136	87	35	27	25	33	81
45	159	88	36	29	25	34	82
48	154	99	39	28	28	35	79
46	146	96	34	26	26	36	80
46	162	112	36	30	27	45	86
45	180	112	37	29	31	43	85
49	171	111	39	29	31	42	91
50	189	120	36	31	30	42	91
49	186	121	37	32	31	42	82
52	168	110	41	31	29	38	77
50	199	119	39	30	26	37	75
48	194	116	38	27	24	40	79
48	168	94	43	28	24	39	71
50	182	105	45	29	26	40	69
46	186	108	39	28	25	37	81
50	130	92	40	29	25	40	79
50	126	92	41	31	25	36	74
56	187	100	36	29	27	40	89
56	202	109	36	28	27	40	89
56	200	103	36	29	29	36	76
55	204	99	37	28	30	35	78
54	220	108	35	30	34	37	72
52	176	109	38	29	34	32	51
51	153	96	41	32	35	35	65
57	201	105	46	31	33	36	65
55	201	108	45	32	33	34	64
61	190	111	47	32	30	33	65
59	230	133	45	36	30	36	69
59	228	134	41	34	28	34	74
58	186	127	36	35	28	34	79
60	195	131	39	34	28	36	79
61	198	131	43	34	28	41	82
59	143	112	43	32	28	40	77
59	134	104	42	32	27	38	73
56	153	110	45	33	29	39	72
57	156	123	43	34	29	42	75
53	169	141	37	32	29	39	76
50	170	140	40	32	27	38	74
47	185	147	39	33	26	41	73
57	167	146	35	35	26	43	71
52	150	134	36	36	26	40	67
48	126	109	36	38	26	40	79
52	166	118	36	37	30	41	79
57	168	115	40	37	32	37	85
45	178	116	40	34	30	34	86
49	209	135	39	32	30	31	90
60	212	147	40	28	29	30	80
60	187	133	38	27	26	34	91
57	182	134	34	26	25	34	74
59	190	128	34	25	26	36	86
58	174	125	39	27	25	34	83
48	171	107	37	30	27	33	80
46	163	109	40	30	25	31	73
49	165	111	39	29	26	33	82
63	148	116	41	29	28	33	87
59	154	91	37	29	28	33	86
58	152	89	39	28	27	31	88
62	166	105	37	25	32	32	88
63	159	103	40	31	32	33	79
50	194	103	36	31	30	31	57
55	177	108	38	30	31	32	85
55	172	118	36	32	31	33	85
49	194	110	38	36	28	30	83
47	194	103	35	32	27	31	83
51	167	99	38	31	27	36	86
47	160	93	37	31	26	45	86
57	167	88	37	30	26	44	85
59	157	83	33	26	27	44	86
62	152	80	37	27	28	46	86
58	154	82	38	30	26	43	81
58	159	92	37	31	29	36	67
54	204	94	39	32	30	38	93
55	189	93	39	32	27	41	98
46	193	101	35	31	26	40	98
49	198	105	35	32	27	43	99
47	216	98	36	30	24	42	99
44	174	107	35	34	26	42	88
41	180	109	36	34	26	38	80
49	185	107	42	35	28	39	82
46	166	99	41	33	28	37	81
50	145	100	43	32	28	37	92
49	136	87	42	27	24	36	92
53	148	88	42	30	25	36	99
51	147	89	38	31	26	37	101
58	179	100	42	33	26	39	104
55	206	121	38	32	25	36	80
54	205	129	38	33	27	38	80
51	187	121	38	30	25	37	73
50	179	117	39	30	26	33	71
45	196	119	35	27	26	36	68
43	169	101	34	27	26	38	83
50	172	88	37	28	27	38	92
52	187	93	39	27	28	36	93
50	191	114	37	27	27	35	92
48	149	110	40	28	28	35	93
58	154	109	42	33	29	37	86
59	178	109	38	32	28	35	76
60	197	152	37	34	29	38	76
63	196	145	39	34	28	38	76
71	206	147	37	32	29	35	75
65	202	145	37	31	29	32	68
62	245	166	42	35	28	35	50
60	248	131	41	33	27	33	66
55	254	121	40	34	29	32	70
51	259	120	40	35	25	28	72
49	275	122	37	34	26	33	71
50	220	98	35	28	25	36	68
47	195	100	33	30	24	37	48
47	181	94	30	28	24	38	40
54	159	87	32	27	26	40	44
53	165	103	33	27	24	37	70
49	185	104	35	27	29	39	72
49	185	105	35	28	29	38	73
51	218	112	36	28	29	37	72
44	223	113	33	30	28	37	75
43	198	98	33	28	28	36	57
44	189	90	33	29	24	32	76
47	217	85	36	31	28	35	79
46	187	85	37	32	28	35	85
40	190	89	36	32	28	33	83
44	184	90	39	35	28	33	84
52	210	91	39	34	30	33	73
52	175	100	39	36	27	35	84
55	179	101	40	36	27	35	80
54	188	95	40	36	27	34	76
55	196	111	38	33	27	36	74
49	159	112	35	33	25	31	66
45	193	111	32	29	25	32	61
45	198	110	34	26	26	34	80
47	180	114	32	29	26	33	83
41	176	101	35	30	25	31	84
45	171	111	37	34	27	37	85
47	187	100	38	34	27	36	94
48	176	100	36	39	28	40	81
46	181	106	37	36	28	41	77
49	181	109	34	34	30	41	86
47	192	106	31	31	29	36	85
43	162	114	32	32	29	36	60
42	159	112	33	28	29	37	78
43	155	100	33	29	30	38	82
39	157	100	31	30	29	37	74
38	210	116	34	32	28	37	78
39	216	124	34	32	27	40	87
38	222	126	34	31	26	36	76
38	253	142	38	32	25	36	88
41	252	138	41	33	25	36	86
39	202	120	39	31	26	36	85
43	178	107	40	31	26	32	77
43	173	105	37	31	25	36	69
38	137	89	33	29	26	36	66
34	152	101	31	31	24	36	69
33	150	104	31	29	23	34	69
30	145	103	34	28	25	35	71
33	176	101	34	30	25	34	77
37	170	107	37	31	24	37	62
41	172	101	39	30	25	40	74
46	173	96	40	31	27	41	76
45	169	99	36	31	24	40	77
45	165	97	36	28	26	40	72
45	155	96	31	27	25	37	73
41	156	92	30	29	25	36	76
42	167	95	31	31	24	35	72
41	170	94	32	30	25	38	70
42	149	103	34	31	25	37	68
45	201	109	38	31	25	36	68
47	182	105	37	30	25	37	92
44	180	101	34	30	26	39	93
54	177	104	38	29	25	37	96
51	181	112	36	30	26	38	96
51	128	99	35	31	26	37	94
49	127	100	35	30	26	36	52
49	112	100	35	25	24	32	48
43	117	99	31	27	26	33	75
44	172	94	29	26	25	31	77
40	173	96	28	27	26	32	79
46	183	99	31	28	25	31	80
45	190	99	30	29	25	33	87
41	204	93	30	31	23	36	75
40	147	73	33	30	23	35	75
48	158	73	35	32	23	35	75
45	147	79	33	33	24	36	74
46	145	80	33	35	25	35	66
48	135	83	32	33	27	31	63
48	154	87	30	32	26	36	63
43	143	91	28	31	25	38	63
43	151	83	26	30	25	37	64
41	163	98	31	27	27	39	63
45	170	101	33	27	26	39	78
45	191	99	33	29	27	37	80
48	192	92	33	29	27	37	83
51	186	95	34	26	26	38	82
52	173	74	32	28	24	35	81
44	179	86	31	30	26	32	80
46	169	100	31	28	27	40	80
46	170	103	31	28	26	40	86
48	169	101	31	30	29	41	87
49	169	103	31	27	29	40	87
53	166	102	31	25	26	39	81
53	185	94	35	28	27	39	86
51	186	92	34	26	27	38	76
44	192	99	35	25	25	36	81
43	197	110	36	24	25	35	79
43	178	108	36	23	28	37	85
42	159	104	33	24	26	29	76
41	157	101	35	27	25	32	78
43	151	96	35	27	28	35	71
43	144	84	33	28	27	36	71
41	145	71	31	32	25	35	53
44	163	76	31	31	26	36	73
42	158	86	32	31	28	32	78
42	157	81	31	31	26	31	79
48	156	75	33	31	28	32	82
48	150	77	32	28	27	32	82
51	93	79	35	28	25	31	72
52	98	71	34	26	24	31	80
53	109	93	33	26	27	27	82
47	117	101	31	28	27	30	81
48	122	98	31	27	26	31	76
43	112	92	30	26	28	32	69
42	115	92	32	27	28	32	51
41	164	89	34	27	25	36	45
49	173	88	37	25	25	34	46
45	175	87	39	30	28	33	39
47	201	88	41	31	27	32	38
52	204	94	39	30	28	31	37
50	197	91	38	29	27	28	35
46	196	95	36	31	28	27	32
49	235	111	38	31	28	31	33
46	249	116	35	31	31	34	53
44	250	127	33	32	32	37	80
51	235	132	34	34	32	35	84
49	230	133	35	33	32	38	85
50	186	128	36	36	32	41	85
48	201	123	37	35	30	40	75
50	197	108	40	33	28	38	66
46	183	105	43	34	31	39	67
51	183	108	45	35	30	39	65
48	219	98	39	31	27	39	64
51	170	104	39	31	26	39	64
49	171	108	37	32	25	41	46
46	192	98	32	30	22	41	37
43	193	88	27	31	24	41	37
40	154	88	29	29	24	32	38
39	164	99	31	28	24	29	35
36	157	96	35	28	26	29	31
36	143	97	37	29	26	33	29
33	148	96	37	29	25	34	26
35	158	98	38	30	25	36	27
38	169	89	35	30	27	39	37
37	189	105	30	31	25	39	36
42	219	102	29	29	26	36	67
43	211	104	31	28	26	38	76
47	203	104	29	27	26	37	76
44	184	105	29	27	25	36	76
42	202	90	33	23	25	34	76
45	158	86	33	25	26	40	53
45	160	81	32	22	25	36	39
45	218	83	35	26	24	37	41
45	220	74	35	27	25	36	37
46	188	71	32	26	24	36	41
41	189	81	33	29	23	35	68
38	189	85	32	31	23	37	72
35	163	91	34	30	26	37	74
34	188	98	34	31	27	36	75
38	192	99	34	31	27	38	74
42	239	99	32	29	29	37	78
42	241	95	34	30	29	34	83
44	218	101	29	28	29	33	81
44	193	88	29	26	27	34	83
47	196	90	31	25	29	33	97
49	139	94	32	23	28	26	91
49	132	96	31	20	29	25	85
45	122	83	31	24	27	25	87
46	108	84	32	26	27	27	85
43	92	90	31	26	27	34	76
41	126	82	34	28	28	36	65
45	150	86	35	30	28	37	65
47	150	84	34	29	28	37	64
48	156	85	35	27	28	35	66
50	180	117	36	29	28	40	82
50	185	126	35	28	27	40	79
51	169	119	33	29	26	39	80
52	183	121	33	27	26	41	80
51	187	129	38	27	25	43	79
46	164	96	37	28	26	39	69
45	166	87	39	31	24	38	73
43	168	90	39	30	23	39	74
48	158	89	40	32	26	41	72
52	171	105	35	32	27	42	74
51	180	116	36	30	25	42	83
51	154	117	33	29	28	40	78
56	156	128	35	29	28	42	81
50	156	128	35	27	24	40	83
44	178	111	36	31	27	37	80
45	174	106	37	31	29	39	56
43	166	101	36	29	29	41	75
38	164	88	36	31	29	44	80
38	172	91	38	34	31	44	80
43	189	101	35	29	28	43	82
46	192	92	33	29	27	40	83
49	199	91	35	30	27	42	77
45	199	90	32	26	25	36	66
48	193	88	33	26	26	36	67
51	163	74	35	28	26	39	69
47	155	81	36	30	27	39	77
45	148	80	35	30	28	37	70
48	143	80	41	30	30	37	85
45	140	78	37	29	29	36	83
41	102	77	37	30	29	34	85
43	159	89	35	31	29	34	79
44	179	100	35	31	29	35	74
41	180	100	28	31	27	35	55
38	174	101	30	30	27	36	77
45	182	115	34	28	27	35	78
48	143	108	32	24	24	33	76
50	155	99	34	26	24	37	83
53	156	99	33	25	26	40	84
56	159	101	35	27	25	40	72
48	151	81	30	27	25	39	78
45	159	70	33	27	27	41	85
39	118	66	31	25	27	37	80
41	113	76	32	24	27	34	77
38	117	75	31	25	26	34	71
39	145	76	31	23	27	35	78
38	153	80	32	25	26	35	73
39	160	84	31	26	25	36	71
37	167	75	31	26	23	36	73
38	200	87	31	24	25	37	79
39	242	91	33	28	23	37	84
39	235	86	33	29	21	36	89
37	233	84	32	29	22	37	90
40	228	88	34	29	24	40	90
43	197	80	35	29	23	41	82
42	112	82	33	25	24	39	55
42	127	91	31	24	25	39	40
44	125	91	34	24	25	32	55
43	126	91	32	24	21	29	71
42	126	92	32	23	22	27	74
40	134	94	34	94	21	28	76
45	148	96	38	117	22	26	77
45	158	107	39	123	22	32	80
43	158	111	39	123	25	36	68
42	165	106	38	124	26	39	66
50	166	101	38	84	29	41	65
47	154	99	35	49	28	41	67
44	148	90	31	31	26	38	61
46	145	78	38	32	26	37	72
46	147	98	38	35	26	39	72
37	138	99	37	33	24	38	83
35	115	96	37	34	25	37	83
42	113	97	40	33	27	38	78
37	119	101	34	33	25	41	75
38	107	89	37	30	25	39	80
36	115	83	34	32	25	37	71
36	103	84	34	29	27	39	71
32	107	80	33	30	25	37	68
37	102	78	32	29	25	33	76
34	114	64	29	27	22	35	71
39	114	65	30	27	26	39	75
41	132	68	30	29	23	38	78
39	144	71	29	28	23	40	95
39	152	72	30	31	26	45	89
41	153	79	30	30	27	44	89
45	171	91	33	31	25	43	90
42	164	91	33	30	24	42	93
46	156	98	35	32	25	43	86
44	153	102	35	29	23	38	78
46	147	99	35	31	25	40	79
44	122	90	32	29	24	37	74
48	118	101	35	33	24	36	65
48	109	90	33	29	25	35	65
56	106	82	34	29	25	36	63
57	110	85	35	27	24	31	64
54	112	86	35	27	25	32	63
50	123	76	32	24	24	34	64
49	127	82	32	28	24	35	83
41	136	91	29	27	25	37	85
37	128	91	29	28	25	38	84
40	127	95	34	28	24	37	87
40	111	95	36	27	25	36	90
40	104	90	34	28	25	36	82
39	92	85	35	28	25	35	87
40	99	91	35	28	26	36	88
38	95	93	33	29	26	40	86
47	96	88	35	28	27	40	87
48	98	89	35	25	25	39	69
48	100	94	36	24	25	38	71
48	110	99	36	23	23	35	73
48	120	93	35	23	25	33	72
40	128	108	34	25	23	34	70
40	143	113	35	25	24	34	71
43	153	112	32	25	23	30	58
43	140	108	34	27	25	40	76
42	127	110	35	26	24	39	77
44	117	97	34	26	25	38	73
41	113	95	36	28	25	39	71
48	98	89	36	29	26	39	73
46	97	80	34	27	24	29	50
44	98	75	31	26	26	33	91
48	102	72	30	27	23	32	94
52	89	72	29	25	24	30	95
47	99	79	30	25	25	31	92
50	124	86	35	26	25	33	93
51	129	89	35	28	25	29	53
46	125	90	33	27	27	30	58
42	120	93	32	27	27	34	79
40	136	92	32	26	24	33	87
38	116	82	27	26	24	30	85
37	111	80	28	24	25	32	87
36	107	79	28	25	23	37	80
35	121	85	29	27	23	35	63
32	95	82	30	26	23	36	50
31	98	78	29	27	21	37	47
31	106	93	33	28	22	34	82
32	107	91	34	27	23	29	85
33	91	78	31	26	22	31	84
34	131	92	34	30	22	34	86
37	148	130	32	31	25	36	87
38	141	118	27	28	23	36	51
39	142	119	28	29	22	36	43
41	142	121	29	30	23	33	43
41	106	110	25	27	22	30	46
38	74	69	27	26	21	28	71
48	99	74	29	28	21	41	75
50	109	73	30	30	21	43	81
52	112	67	32	27	23	42	80
54	117	69	32	28	26	43	76
55	129	72	31	29	25	43	73
48	132	92	32	30	26	28	71
45	137	99	32	27	27	28	67
42	137	100	35	29	29	36	71
42	132	103	35	28	27	37	70
44	124	104	39	28	29	38	62
46	110	83	39	30	31	39	66
48	112	85	37	33	30	37	65
46	111	85	33	33	28	32	62
47	110	92	33	34	27	36	62
46	116	88	30	33	26	38	49
45	122	86	27	31	24	39	36
46	108	81	32	29	24	38	31
47	114	103	31	29	24	37	30
41	135	106	30	27	26	30	30
44	141	111	29	30	26	25	32
47	133	110	30	30	26	27	39
44	136	107	30	34	27	35	64
47	151	91	34	34	28	36	72
49	143	83	35	39	28	36	74
43	142	81	37	36	27	37	75
36	145	88	38	36	26	34	74
41	140	87	37	34	26	28	58
39	119	87	35	34	25	31	65
36	106	82	40	29	24	34	91
40	103	80	37	30	24	35	91
44	106	78	38	28	24	34	91
40	106	77	38	27	25	36	89
41	108	78	37	25	26	31	85
45	121	82	31	26	24	33	57
42	118	86	36	26	25	34	64
43	107	83	34	27	26	35	77
42	115	83	33	26	26	32	79
43	117	87	34	27	27	34	72
40	118	92	32	26	28	31	78
42	107	84	28	26	28	36	73
40	127	88	28	24	27	39	61
39	139	101	28	23	26	42	85
43	138	100	30	26	23	41	87
43	129	95	30	25	23	41	79
42	132	96	32	28	25	38	84
41	123	91	30	28	26	37	82
42	105	80	31	33	25	34	65
36	95	74	28	31	26	36	83
40	92	71	29	35	26	35	85
41	84	65	29	33	26	31	82
43	102	66	32	34	25	32	83
42	100	61	31	29	24	34	76
41	109	62	31	30	23	33	61
39	129	60	28	26	25	35	76
37	135	59	26	25	22	34	77
37	117	65	29	26	24	31	76
38	117	66	27	27	25	34	78
37	112	68	29	25	25	35	73
35	81	66	30	26	24	34	55
37	77	70	30	27	25	35	51
37	73	62	28	24	25	36	65
38	77	70	32	25	27	37	75
39	85	73	32	26	27	38	88
43	91	76	33	27	26	38	87
43	89	79	33	28	27	39	84
39	85	78	31	28	25	36	95
36	83	77	29	27	23	33	90
36	74	79	28	28	25	33	82
34	68	72	28	28	25	33	82
34	74	68	26	28	24	34	83
34	75	68	28	30	24	35	57
36	79	60	30	30	25	34	73
36	99	54	30	30	23	33	72
37	102	61	30	28	23	36	81
35	103	58	31	28	22	34	82
36	108	63	30	27	22	37	80
39	107	74	31	27	23	35	59
38	86	77	30	28	26	34	88
34	91	73	32	26	25	31	90
36	82	77	32	24	26	31	93
36	93	74	33	25	27	29	96
32	98	68	34	27	26	35	98
38	104	69	34	26	23	38	89
38	96	72	32	26	25	39	81
37	101	78	32	30	24	39	81
41	113	86	30	31	25	39	77
41	129	98	29	28	24	38	75
36	132	99	29	31	24	35	80
38	135	100	31	33	24	37	85
40	137	92	32	30	24	36	89
39	159	100	31	32	24	37	90
40	147	94	30	32	24	42	101
39	144	91	30	32	26	41	85
42	151	92	30	30	27	41	85
38	152	95	30	31	27	41	80
43	119	84	33	28	26	41	81
43	127	75	34	29	26	33	85
45	123	71	35	27	23	31	86
45	120	66	33	27	20	27	79
46	119	72	32	26	19	27	79
42	112	74	32	26	24	27	78
44	120	74	31	25	25	26	59
47	119	76	30	25	24	31	51
45	111	75	30	29	27	35	80
45	111	83	32	30	27	37	81
42	109	79	33	33	25	38	80
39	87	76	32	32	25	38	79
33	82	74	33	32	27	38	79
40	104	80	35	31	29	36	69
39	112	80	34	30	29	34	90
43	112	76	31	27	28	31	100
45	123	80	31	30	27	32	102
48	130	92	34	29	27	29	101
45	123	94	34	30	23	37	90
51	118	84	33	29	21	39	82
49	126	89	33	26	23	40	90
49	119	91	36	25	23	40	89
47	139	85	33	27	27	39	89
46	143	84	32	27	28	36	88
44	148	82	30	29	28	35	75
44	164	84	34	31	27	35	70
42	162	88	30	29	25	39	76
43	141	90	30	27	21	37	76
41	127	85	33	25	25	36	76
39	124	85	37	25	25	38	75
41	94	81	35	28	27	39	62
43	94	76	36	29	28	39	78
39	116	77	34	33	28	39	79
40	129	83	34	33	27	37	82
39	137	89	30	32	27	35	82
38	140	96	32	31	25	34	76
36	146	111	34	33	24	31	52
36	133	113	33	29	25	33	66
35	124	107	30	28	23	31	64
35	111	106	33	28	25	29	64
35	101	95	31	24	23	30	64
39	88	71	29	28	24	32	59
39	85	66	30	27	25	33	44
45	94	64	33	26	26	35	78
47	100	59	31	31	23	35	80
48	102	65	30	33	31	35	83
48	101	74	32	28	30	34	87
50	102	74	33	30	29	35	86
44	100	83	31	32	29	30	56
42	91	81	31	27	30	31	51
43	95	79	30	27	24	35	80
44	100	80	31	29	26	37	79
44	110	73	27	28	26	41	80
45	111	72	31	29	25	43	80
44	124	88	30	29	25	43	84
48	137	91	33	27	25	39	85
54	133	87	34	26	25	42	96
53	122	88	36	28	25	41	95
53	119	89	35	26	25	41	99
56	112	84	36	31	27	42	96
49	91	85	32	30	26	41	69
37	116	84	29	29	25	36	83
37	129	92	33	30	26	37	85
38	122	86	32	30	28	37	82
36	115	82	33	26	27	36	83
40	118	78	37	28	28	40	84
42	105	83	40	32	27	37	65
43	98	74	37	30	27	34	87
41	96	73	38	30	25	33	89
44	96	64	36	29	27	34	90
41	96	61	34	27	28	29	92
39	89	60	31	24	29	29	90
38	89	66	29	24	27	33	73
43	97	78	33	26	29	35	93
40	98	83	34	28	26	34	96
42	94	85	32	29	25	35	95
46	97	80	33	29	26	36	93
45	99	77	32	28	26	36	89
42	95	66	26	26	23	34	90
40	93	66	25	24	25	35	86
38	91	64	26	24	23	34	85
33	76	68	32	22	19	34	82
34	80	68	33	26	20	34	86
37	90	68	33	24	22	36	75
38	99	72	34	27	24	36	79
42	100	73	34	25	24	34	81
44	120	68	29	30	28	34	77
45	116	67	27	26	29	31	72
40	106	67	26	29	28	31	78
41	110	65	24	26	26	33	75
41	128	80	23	27	25	35	76
39	113	81	22	25	22	36	78
38	106	81	26	26	21	40	82
39	107	82	28	28	24	39	58
41	92	75	30	31	24	38	71
38	71	60	32	30	25	40	74
40	88	80	33	29	26	40	75
42	94	95	32	32	26	34	71
41	101	97	31	28	23	32	77
37	101	98	31	27	24	31	80
39	111	102	31	27	25	29	89
37	97	87	33	28	22	29	87
36	90	69	31	23	22	33	88
37	84	68	31	23	24	37	84
37	96	78	31	25	23	38	73
35	98	75	29	24	24	39	84
35	107	83	26	25	26	38	84
37	117	92	30	27	28	35	82
37	124	92	30	29	26	36	82
38	120	83	29	29	26	36	84
38	117	83	29	29	26	36	89
38	116	87	31	28	27	37	92
34	111	79	27	29	27	38	92
37	103	80	29	28	28	35	94
38	104	84	30	26	30	37	92
39	120	87	30	28	29	35	61
37	136	84	28	27	28	36	58
39	136	88	30	27	25	35	82
38	140	95	29	27	27	41	97
36	152	95	29	30	24	42	96
34	131	90	32	30	24	41	94
36	105	80	32	30	24	41	103
35	102	77	33	30	27	40	81
35	103	69	34	33	24	40	87
36	76	67	34	30	24	36	95
38	77	64	31	28	23	37	98
36	83	67	34	30	23	38	95
35	77	65	31	28	20	38	94
36	65	63	29	25	22	33	80
35	66	70	27	24	23	34	70
32	78	81	27	25	24	35	66
36	82	80	24	26	24	32	59
38	88	86	27	25	24	32	73
37	110	84	28	24	24	29	65
42	111	84	29	25	23	29	64
46	103	75	31	25	24	30	90
43	98	73	32	24	26	31	91
43	94	70	31	28	26	34	81
42	76	70	33	27	25	32	79
39	93	72	33	28	26	32	79
36	92	71	33	31	25	36	44
37	90	78	31	28	23	38	61
