0	1	2	3	4	5	6	7
21	26	93	185	37	30	24	22
22	35	76	181	44	30	25	23
22	59	83	187	51	30	26	23
22	59	88	196	76	32	26	24
22	62	89	154	76	29	27	25
21	64	90	141	78	29	25	24
22	60	102	145	78	30	26	25
22	42	114	148	81	33	26	23
24	43	121	154	75	35	25	23
27	90	138	155	92	40	25	23
29	108	152	151	92	41	29	23
32	112	148	166	102	42	29	25
34	120	150	169	100	40	28	26
32	120	146	155	151	61	32	26
35	128	155	151	161	68	36	26
35	135	145	145	171	71	34	26
54	243	246	129	166	72	35	26
55	248	250	125	194	84	40	28
55	259	257	131	186	80	40	27
54	252	251	131	187	80	38	33
58	250	322	133	183	80	37	34
52	177	282	127	183	80	37	33
51	165	277	118	167	72	34	33
58	221	284	136	142	63	32	34
58	228	292	122	123	56	32	30
81	413	259	126	121	54	33	30
92	429	264	132	121	56	32	33
92	436	265	132	100	52	32	31
91	419	250	134	116	54	30	30
91	412	270	131	120	54	29	36
87	229	259	132	117	54	28	36
74	177	230	130	123	52	29	33
75	162	224	135	130	54	29	35
73	118	225	103	106	49	28	35
72	114	177	111	98	47	28	27
56	94	117	119	103	43	27	31
52	96	96	222	163	50	28	36
68	102	99	231	193	53	29	45
77	105	113	228	197	58	36	49
80	105	162	239	204	63	44	51
76	104	170	244	210	68	54	50
73	90	175	223	182	73	58	49
60	77	184	220	171	75	57	40
90	84	172	272	203	84	58	42
209	145	216	289	220	87	54	72
346	240	241	308	250	100	57	116
372	248	259	314	295	112	59	126
387	267	259	409	373	137	67	128
414	292	296	462	418	155	71	126
391	283	261	499	551	196	80	115
308	285	272	521	546	194	79	87
287	283	267	537	537	194	83	80
274	273	300	500	535	194	83	78
252	266	285	441	497	178	78	82
237	265	277	412	355	134	70	82
222	188	241	374	339	128	63	65
220	184	240	347	390	149	63	67
213	177	200	346	349	133	61	71
177	190	231	384	408	155	63	67
146	183	260	369	396	153	62	63
137	232	264	368	418	155	63	63
140	259	261	354	374	130	55	55
141	262	264	331	417	134	54	55
145	234	223	310	356	112	52	51
156	231	177	292	360	109	54	52
131	174	198	365	403	144	71	61
132	160	193	382	401	143	72	62
132	177	188	386	356	141	72	59
140	175	189	373	366	144	78	60
132	172	197	375	355	142	83	54
135	177	192	346	351	134	81	44
121	151	202	329	345	135	78	40
119	129	226	379	320	133	98	38
110	125	214	360	310	126	134	38
127	127	222	374	364	139	166	42
124	122	244	350	313	131	169	49
127	122	273	390	319	131	170	48
127	110	248	319	315	130	166	46
128	115	260	314	315	133	139	48
118	93	259	306	266	122	95	48
148	119	269	311	270	108	83	44
150	131	242	231	239	97	79	46
163	169	235	235	234	86	66	47
175	172	221	246	246	77	56	44
168	172	212	246	248	79	53	42
141	168	159	202	224	73	47	35
151	183	135	198	219	71	49	35
138	169	137	197	248	80	46	32
114	164	137	253	279	96	59	35
122	167	182	255	265	96	62	37
123	156	176	293	276	97	62	38
97	119	176	303	275	100	61	36
106	105	194	305	244	92	57	35
113	110	226	292	247	97	44	33
121	122	197	314	248	99	54	32
115	120	185	280	234	95	55	37
123	124	243	359	270	97	55	36
113	111	238	364	270	97	56	36
113	114	212	330	217	71	55	36
112	148	202	323	237	71	42	36
112	144	210	342	239	71	41	32
110	152	145	275	214	78	43	32
118	153	142	257	209	76	43	33
119	147	138	284	267	98	69	38
108	97	136	306	252	96	73	38
110	109	132	306	253	100	74	39
111	98	118	293	240	87	71	36
107	131	110	306	242	91	73	37
116	134	125	284	182	69	50	29
125	140	133	401	289	92	47	28
132	136	192	449	310	96	51	26
131	133	197	461	323	101	54	29
140	122	200	484	334	102	49	29
124	127	193	500	348	109	51	33
113	153	226	461	337	107	50	38
107	158	200	436	341	110	45	38
107	165	205	418	325	107	44	38
108	226	198	442	368	111	44	39
119	234	217	447	373	111	42	37
119	221	181	395	310	97	37	34
122	218	151	356	282	84	34	32
131	233	160	381	309	89	36	30
117	163	174	344	283	90	40	29
104	164	155	329	282	89	41	28
107	168	190	303	287	89	44	28
120	177	200	309	289	90	44	29
109	161	186	314	271	87	44	29
125	155	175	292	265	87	43	32
133	135	171	364	279	93	46	31
128	131	124	361	274	89	43	32
113	120	105	384	288	96	46	31
113	111	109	392	303	101	47	33
95	113	114	397	291	97	48	31
92	113	96	331	242	85	43	32
97	101	97	333	241	86	43	30
104	116	133	352	267	88	43	29
107	109	127	332	254	87	44	30
108	116	123	312	233	79	40	27
107	120	128	320	245	81	40	29
124	127	123	328	227	75	41	28
115	106	89	270	191	65	39	30
106	110	101	280	179	60	35	28
144	110	111	308	221	77	42	33
148	110	108	307	221	75	44	32
137	98	110	297	236	83	45	32
147	99	111	339	310	109	52	35
151	92	124	323	329	112	53	34
118	84	114	322	319	106	51	31
117	71	146	305	330	113	51	31
113	94	147	331	345	115	51	30
109	107	163	290	263	90	54	26
102	107	154	292	269	85	58	28
108	106	156	291	258	81	55	28
109	121	143	358	242	71	56	28
105	101	156	338	224	67	56	28
92	88	152	366	244	74	51	42
103	93	145	386	215	73	47	40
95	94	155	398	240	81	52	42
85	74	170	347	263	89	51	43
97	78	164	332	256	84	53	43
104	75	147	295	264	89	50	32
95	68	145	245	264	91	55	35
101	68	129	257	253	89	53	35
101	66	95	238	225	82	54	35
87	64	95	275	230	87	55	36
82	80	101	269	203	77	54	36
104	80	103	343	199	71	59	37
95	78	101	347	201	71	64	42
96	83	99	369	205	66	61	43
99	87	120	342	200	64	58	43
103	76	139	386	201	68	66	43
82	76	143	327	191	67	60	41
83	80	146	273	167	59	53	37
92	80	142	298	165	64	53	35
101	75	124	317	249	80	75	40
102	89	97	402	329	88	127	48
118	115	97	573	476	162	183	55
127	115	101	729	522	181	192	64
129	124	99	740	527	183	211	98
148	129	82	764	504	181	251	105
147	121	96	740	489	184	232	103
138	106	125	645	357	129	189	107
139	114	126	529	335	127	187	120
132	104	126	520	348	129	173	106
107	102	129	504	355	133	119	101
131	110	133	468	324	122	111	102
127	103	104	481	332	122	114	95
113	92	102	409	282	104	105	73
127	100	98	370	254	96	100	93
126	102	96	366	224	77	72	100
96	91	92	416	301	91	71	108
94	101	115	458	325	97	70	109
113	116	108	470	320	90	108	110
101	110	109	482	336	106	107	83
98	105	113	555	394	119	107	68
98	109	101	512	352	116	106	54
98	98	69	426	317	106	107	60
86	87	68	420	324	108	75	71
82	88	76	439	335	107	74	70
76	87	108	315	270	100	76	71
82	80	107	309	229	91	79	71
117	95	106	333	231	90	82	84
109	86	107	332	259	98	77	71
107	83	104	299	233	90	70	71
110	95	77	282	227	86	67	70
116	93	79	266	238	85	75	72
82	82	79	260	260	97	86	84
80	80	78	257	250	86	85	93
78	78	77	293	247	83	83	92
75	57	66	322	258	88	85	94
78	55	59	346	266	93	75	100
74	50	62	360	251	80	56	75
79	46	63	392	249	85	57	65
82	42	81	373	277	90	57	66
90	54	77	361	291	86	56	65
86	57	76	367	281	82	69	50
88	55	73	363	281	85	75	43
88	63	99	327	274	88	75	46
90	66	107	365	262	90	79	47
82	66	111	362	224	84	88	47
75	66	117	357	237	93	80	54
70	66	127	349	272	106	77	58
68	68	153	390	302	101	77	55
78	96	140	327	270	90	71	58
82	96	138	319	290	101	69	68
74	97	137	313	302	112	73	61
75	100	143	311	290	111	74	62
77	99	97	256	252	112	77	63
79	69	93	283	288	118	89	68
76	62	96	299	292	116	80	66
82	72	98	315	308	105	73	66
86	77	102	311	326	107	67	61
92	74	102	305	323	102	90	64
84	74	108	317	335	103	92	54
82	75	103	344	362	107	95	38
80	72	104	310	339	105	95	37
82	77	93	303	336	107	104	53
76	82	98	298	335	108	95	53
65	83	112	289	312	111	87	54
65	83	128	299	305	117	89	60
76	79	126	307	311	121	90	71
78	76	126	284	266	104	80	61
75	70	120	310	281	112	67	60
80	75	102	285	264	105	65	59
82	79	92	280	277	99	64	53
87	152	138	291	265	94	63	46
78	157	136	316	282	98	66	52
81	161	151	299	269	87	71	49
82	165	153	290	267	84	76	47
80	168	153	217	193	66	78	49
63	109	116	192	174	57	80	41
62	115	151	159	160	57	76	31
57	108	141	145	149	59	73	30
54	103	144	148	179	70	69	35
58	101	152	144	179	70	59	34
58	100	173	151	185	71	53	31
72	95	158	147	162	64	56	32
75	101	171	149	166	62	77	37
70	108	168	163	130	48	76	36
68	107	171	213	166	62	77	35
72	114	170	213	166	63	77	35
56	100	160	208	162	61	79	44
54	95	145	202	160	64	57	40
61	95	151	185	151	62	58	40
62	109	156	135	124	55	57	41
53	100	132	113	111	52	57	40
54	100	137	106	112	52	55	30
55	99	141	112	142	56	48	29
49	86	146	113	150	59	55	31
42	63	139	92	137	57	70	30
41	76	136	82	131	57	74	32
39	74	129	75	130	57	82	31
36	80	137	68	90	49	83	32
32	80	132	71	70	46	74	29
30	80	116	66	58	39	71	27
26	58	115	64	47	34	70	26
25	55	106	60	45	35	79	28
27	50	97	57	40	34	98	27
30	69	129	88	46	37	108	32
30	69	137	93	45	36	101	32
33	71	210	156	47	35	99	31
37	76	229	190	64	44	93	37
35	77	246	213	74	49	76	37
32	61	234	206	76	47	76	35
35	56	232	217	90	53	89	35
39	89	188	188	95	55	91	37
36	88	165	183	184	74	85	30
35	85	137	170	193	74	79	29
36	85	140	184	208	79	70	29
46	140	212	231	277	96	54	31
47	138	218	260	292	108	52	31
47	145	231	255	260	99	50	32
47	146	229	267	256	98	51	34
47	149	230	283	245	96	43	31
39	115	205	290	172	81	39	34
43	105	291	449	165	77	40	36
44	97	296	456	139	68	35	34
44	96	299	448	129	64	32	32
45	98	299	442	121	64	42	34
46	99	283	431	133	71	45	30
37	101	254	247	107	69	47	28
36	98	240	237	107	69	48	29
36	98	238	250	108	69	49	30
34	91	231	294	110	68	42	28
31	70	231	385	86	64	46	32
36	63	279	461	100	55	44	30
37	63	286	461	98	56	44	30
36	62	293	536	116	64	45	32
36	61	296	516	137	76	51	33
39	90	297	443	143	75	47	31
36	96	215	370	144	78	47	33
36	97	217	381	150	80	48	32
48	102	257	283	156	92	62	40
49	103	262	267	148	90	64	41
46	78	251	264	170	98	65	41
43	56	226	264	209	108	70	41
44	55	220	248	211	110	70	43
32	43	171	235	201	97	55	35
31	55	162	265	201	92	47	34
30	56	162	261	172	77	43	33
31	60	159	269	139	60	30	30
29	57	147	289	151	63	30	27
29	58	133	288	166	71	29	26
27	46	123	252	162	68	27	25
29	47	128	258	163	69	35	25
27	40	106	231	137	63	37	25
26	43	116	188	120	54	37	25
28	41	143	181	109	57	47	29
27	40	145	179	124	62	49	29
25	39	134	166	126	63	44	28
28	40	128	162	150	77	44	28
30	37	117	198	173	81	44	28
25	39	94	289	171	77	35	24
26	42	89	295	161	76	33	25
28	41	93	290	159	76	33	25
27	40	97	284	140	65	36	25
26	42	100	289	139	61	38	24
29	38	90	199	139	56	40	24
30	37	109	193	135	53	43	22
27	35	104	192	130	52	43	21
27	36	103	200	124	49	40	20
28	36	111	206	94	51	40	23
25	34	104	200	108	54	37	21
24	33	88	213	117	56	35	22
26	35	88	212	114	52	34	21
23	33	88	204	114	51	39	23
23	31	72	172	118	50	40	22
26	34	83	213	158	61	45	24
26	36	114	244	166	62	45	26
24	34	118	248	171	65	45	27
25	35	117	248	176	68	39	30
24	32	112	233	169	64	34	28
22	31	108	192	108	46	27	28
23	30	82	173	113	48	27	26
