0	1	2	3	4	5	6	7
161	254	189	111	69	215	115	120
169	262	233	103	58	216	113	122
180	261	257	118	57	192	123	122
182	248	245	117	57	166	116	125
220	254	243	169	60	167	109	80
211	253	265	186	62	105	93	111
213	287	251	192	75	150	157	125
224	306	279	197	93	158	165	130
229	321	302	204	95	162	182	133
203	364	341	193	100	179	210	167
209	368	435	192	125	218	221	142
260	344	441	190	140	243	269	164
260	338	445	184	131	241	260	178
265	329	429	194	139	241	247	180
268	257	440	209	141	231	239	157
269	245	436	211	141	194	239	167
218	236	438	220	129	168	165	184
204	233	411	222	146	183	198	169
219	272	450	217	183	193	219	176
232	266	421	184	189	191	251	209
241	262	317	176	185	197	243	203
230	260	312	160	190	157	229	170
224	268	324	161	185	148	209	185
193	251	284	149	140	144	194	202
194	255	290	147	129	149	131	164
206	262	277	151	117	164	129	160
233	274	252	154	107	171	139	157
239	256	260	145	90	162	147	179
244	226	263	150	91	168	161	160
231	205	254	198	108	162	164	159
207	196	274	201	113	159	164	163
189	172	290	213	107	159	149	156
189	180	266	235	112	156	143	136
190	187	242	236	109	142	111	125
182	208	241	207	91	136	133	133
201	204	278	190	74	156	131	125
210	220	275	175	66	154	149	178
208	223	283	170	61	145	151	157
203	217	310	177	62	152	158	158
206	212	339	165	57	169	136	152
176	204	291	169	65	137	136	164
162	186	288	168	70	124	126	147
163	165	288	145	87	226	156	146
169	156	269	132	103	236	163	155
160	147	251	130	107	243	176	183
170	144	254	141	143	250	206	181
196	222	282	203	148	259	228	164
187	226	274	204	147	237	214	183
195	266	268	200	140	227	212	209
179	258	246	204	149	209	208	191
185	282	284	202	113	237	182	190
156	250	272	160	106	233	146	178
183	282	279	152	93	184	134	188
190	248	282	153	106	222	164	170
188	263	281	189	102	234	204	171
190	258	285	207	108	206	204	181
184	237	248	189	105	209	211	221
162	216	251	186	112	208	206	200
135	254	247	184	95	159	184	183
156	247	244	154	95	194	168	177
145	266	192	113	92	200	173	183
164	270	234	124	96	194	161	131
180	268	224	140	91	185	153	128
194	243	217	149	95	275	154	123
185	267	217	132	87	260	115	129
178	237	238	152	115	243	100	118
161	241	222	151	118	254	102	124
150	240	212	137	118	275	121	123
161	237	213	140	122	191	111	130
185	215	220	143	117	167	106	139
189	228	207	119	85	190	115	124
192	222	195	116	78	175	116	120
187	231	283	130	100	148	103	140
179	227	282	129	111	140	99	165
162	221	264	138	110	143	110	149
174	215	258	152	113	164	110	147
182	273	285	145	113	179	118	149
205	257	208	135	92	186	114	129
197	249	225	143	77	193	114	77
214	252	280	144	115	195	102	81
202	242	290	149	128	157	96	80
193	163	252	175	136	186	89	96
207	159	259	200	171	181	94	95
208	152	240	198	184	184	104	101
179	149	217	194	163	203	104	117
188	144	207	186	157	200	100	152
191	157	214	174	156	180	109	138
164	163	234	151	135	194	113	137
164	166	282	147	136	193	106	133
167	161	266	166	154	164	101	138
157	177	260	167	151	189	117	100
173	209	263	170	150	201	116	105
185	207	241	179	140	191	107	106
176	213	189	178	122	191	119	156
176	213	189	178	122	191	119	156
