0	1	2	3	4	5	6	7
29	72	180	294	81	44	49	27
27	74	220	246	66	36	44	27
27	73	215	222	54	31	44	27
27	72	213	220	45	25	37	25
28	64	234	217	46	29	32	27
27	66	214	244	48	37	34	28
27	64	155	249	48	34	46	27
27	64	157	242	48	35	58	28
27	64	151	218	43	36	56	30
29	60	152	323	61	43	57	30
26	45	137	459	70	43	57	27
26	42	137	463	70	43	54	28
27	39	137	466	71	43	42	28
26	39	146	469	71	44	42	28
24	48	210	433	73	48	45	28
26	44	215	248	62	43	44	27
27	47	217	239	60	43	44	27
27	49	220	234	60	44	61	27
27	52	225	297	70	44	70	25
25	44	145	270	61	31	70	23
23	43	124	269	60	33	70	23
22	42	120	278	60	33	69	23
21	41	117	288	66	32	61	21
23	40	119	336	91	43	52	24
23	37	108	342	96	44	49	28
28	45	118	346	96	44	55	33
32	61	131	350	98	45	50	35
33	66	169	488	111	49	48	36
34	73	201	450	90	41	45	36
36	104	229	460	91	43	44	34
39	121	274	473	94	43	38	30
39	115	269	522	103	46	39	29
38	115	245	483	110	51	38	29
35	117	214	532	116	50	43	28
45	115	208	527	109	48	41	31
40	114	169	530	110	46	42	32
38	114	171	470	107	46	43	32
40	113	171	450	118	47	39	32
40	107	165	376	119	52	39	34
38	113	192	353	120	53	39	32
37	94	168	361	120	53	38	29
39	93	163	380	115	50	34	30
38	91	170	364	93	43	31	28
51	96	187	345	109	44	34	35
54	59	128	363	138	51	36	34
61	60	134	331	141	53	39	38
60	61	143	333	212	108	53	40
66	65	142	281	331	144	62	61
61	65	131	371	342	148	61	58
57	61	153	361	333	145	60	60
60	67	151	393	413	187	80	74
77	87	180	404	410	172	74	75
91	109	183	388	340	150	69	62
90	115	179	320	330	147	67	61
96	119	172	348	337	151	70	63
95	116	164	333	252	107	52	46
82	103	124	297	213	96	56	45
64	74	113	324	181	86	53	57
61	59	126	360	215	92	58	58
49	48	146	385	303	112	57	57
48	52	151	408	382	135	59	59
60	49	183	428	414	148	59	58
63	54	188	404	435	153	62	43
65	59	185	373	431	156	62	45
72	61	176	332	385	146	66	44
91	70	176	288	300	125	70	45
84	76	142	261	250	107	65	43
82	78	143	282	239	108	63	44
79	75	140	264	220	98	59	39
76	77	130	270	199	91	54	37
55	67	123	372	322	117	45	30
65	67	127	375	343	125	49	35
67	62	119	358	325	117	48	33
68	60	107	375	326	116	47	33
68	63	131	409	386	126	48	33
63	62	135	371	392	129	57	38
57	62	168	387	384	130	62	40
59	63	165	384	388	132	62	39
60	62	164	365	389	135	63	39
63	56	139	343	351	137	68	42
67	59	154	285	235	103	56	36
65	49	126	265	221	91	49	33
71	65	139	286	228	89	49	36
71	67	149	319	224	83	49	37
65	66	164	302	179	56	48	32
56	60	154	317	183	53	48	32
53	61	172	323	173	50	49	30
36	39	168	324	155	46	55	28
42	37	159	287	143	49	56	28
39	33	146	246	141	52	50	29
40	34	139	220	108	49	53	30
38	28	106	237	108	53	92	35
42	36	100	227	133	63	102	38
47	38	104	239	202	87	106	43
48	39	114	269	242	91	106	42
49	39	110	266	249	93	105	41
50	39	105	235	246	90	75	36
46	34	131	275	228	83	61	33
41	32	143	323	183	68	59	27
41	32	131	321	125	60	55	30
41	31	135	345	126	60	56	31
42	36	139	362	176	71	59	32
39	35	113	316	199	78	85	36
32	32	80	255	288	92	86	36
30	32	76	249	309	98	87	35
28	31	76	222	310	101	89	33
25	26	68	190	287	95	86	31
26	28	76	223	281	91	57	28
24	27	77	211	170	66	57	30
24	28	77	207	127	53	58	27
23	27	70	191	113	41	56	27
23	25	71	200	117	39	56	28
21	24	65	188	97	37	54	25
22	23	71	192	95	37	57	23
22	23	63	165	87	35	52	24
21	21	67	175	152	63	54	27
24	25	84	179	153	66	56	28
25	27	88	190	167	70	56	29
26	28	85	196	193	77	52	28
27	28	86	201	196	79	60	28
26	29	87	187	148	60	68	27
26	28	74	197	141	55	72	27
25	24	66	167	128	53	72	25
23	22	66	156	85	44	70	25
22	23	65	152	82	41	64	25
23	24	62	164	87	43	56	24
23	24	65	138	85	42	55	23
23	25	65	154	78	42	80	26
23	24	60	154	79	40	80	26
23	24	93	206	81	41	84	24
23	26	102	235	77	42	88	26
24	51	130	265	76	42	95	27
25	52	129	255	65	38	81	24
25	55	139	251	57	36	80	25
28	58	145	251	53	37	87	27
37	66	220	269	50	39	102	31
42	93	239	307	56	42	96	34
43	125	247	320	55	42	98	34
44	128	271	346	61	51	122	37
50	133	304	351	68	56	122	40
53	180	279	319	72	54	109	37
66	197	298	360	85	59	122	39
67	190	305	398	92	63	129	45
67	190	302	404	94	62	121	45
64	189	257	390	97	58	114	43
56	144	236	400	198	90	112	45
34	91	171	321	269	104	101	42
34	72	186	304	297	113	128	38
33	70	162	307	309	120	138	40
32	80	180	367	313	124	145	39
31	86	179	355	267	106	146	36
30	85	196	382	196	89	147	35
27	84	174	358	151	76	114	33
30	89	181	335	139	64	85	27
28	75	173	263	123	53	80	25
28	64	165	286	112	47	74	27
30	65	161	261	120	56	90	31
30	56	145	274	121	66	98	32
27	57	127	258	110	66	107	33
32	86	132	277	113	67	100	33
32	88	130	257	113	67	103	32
29	89	116	232	96	59	81	28
30	90	112	207	93	47	71	28
31	81	142	309	107	45	59	27
34	66	140	302	113	51	60	30
36	105	195	317	110	51	55	31
41	110	215	354	122	53	63	32
42	110	216	357	119	54	70	30
45	113	197	292	146	70	72	33
40	104	196	285	168	77	73	31
38	62	145	291	178	79	73	29
33	48	111	242	171	78	62	26
29	47	110	229	177	79	57	28
30	41	102	206	170	76	55	27
28	37	80	193	158	76	54	28
32	43	76	149	153	79	57	34
33	45	76	130	152	78	55	35
43	49	70	132	141	75	45	34
44	49	73	129	105	62	39	31
53	60	69	97	80	48	34	29
51	54	58	118	63	34	25	24
54	55	50	215	100	41	28	22
56	54	55	227	110	46	29	21
54	50	49	227	109	44	30	22
49	41	42	230	143	50	32	22
49	47	43	212	153	57	35	25
46	44	38	118	149	55	33	26
36	40	31	102	147	53	30	25
31	41	30	105	147	53	28	23
26	37	30	93	118	48	29	24
34	41	31	88	117	43	26	24
34	45	32	79	101	44	26	23
62	93	41	75	104	53	34	30
71	105	46	119	144	60	38	34
93	109	62	131	145	59	37	36
94	106	72	131	140	59	46	36
125	134	74	138	146	65	49	40
141	128	72	137	141	59	49	40
158	124	73	119	104	53	50	39
149	123	96	130	107	56	52	38
149	123	94	127	103	56	49	38
130	102	98	120	89	47	50	37
106	77	97	121	109	45	49	34
88	75	103	112	104	44	50	34
84	72	78	108	126	42	47	32
82	73	72	112	125	40	43	32
74	56	66	113	124	38	36	29
64	48	69	104	102	39	34	26
38	44	59	97	105	40	29	23
39	46	50	83	122	54	37	26
34	46	49	84	131	60	38	24
31	46	49	79	134	66	40	24
29	48	41	76	133	64	37	25
30	38	40	71	132	65	39	25
32	37	42	67	113	60	33	24
33	35	41	62	103	55	33	28
34	34	39	59	96	47	30	29
33	31	40	63	99	49	30	28
32	29	36	79	95	46	28	29
29	26	32	69	57	33	26	28
35	30	35	78	72	33	22	25
35	28	34	104	87	39	23	25
34	29	31	108	87	39	24	26
34	28	32	107	87	38	25	26
33	26	38	104	84	38	22	26
26	22	38	111	76	35	33	25
27	23	47	104	63	30	34	22
28	25	47	101	84	34	35	19
27	25	46	90	89	37	36	19
26	28	40	96	108	41	38	19
27	28	40	118	131	48	30	18
