0	1	2	3	4	5	6	7
28	66	94	260	118	50	39	25
26	41	113	258	128	54	34	26
28	47	114	254	128	53	30	26
28	44	109	204	97	47	35	27
29	113	141	217	90	41	34	26
30	119	142	226	105	43	33	26
32	121	128	224	97	37	34	23
34	135	171	236	95	37	34	25
32	138	183	237	105	42	29	24
33	91	159	209	140	58	30	25
33	93	171	206	152	63	33	29
38	120	178	197	150	61	32	29
40	105	156	185	152	60	32	25
45	111	146	228	173	64	29	26
45	123	158	213	154	60	31	37
50	139	191	216	138	55	29	49
44	137	184	222	141	55	27	82
41	137	176	223	140	56	27	88
37	132	173	186	110	51	29	88
35	120	183	217	97	41	25	85
29	98	183	205	91	42	23	80
30	95	197	211	90	42	25	50
33	104	223	237	88	43	25	40
46	118	232	267	84	39	23	38
48	135	218	246	94	42	25	34
54	161	205	247	195	72	29	28
64	160	194	245	208	79	36	30
64	153	167	226	211	81	38	45
57	143	156	173	231	86	38	104
58	126	143	212	243	94	45	128
52	95	115	199	174	75	44	129
39	73	109	217	158	68	38	129
38	81	153	233	189	75	39	127
45	84	166	244	193	83	42	92
43	115	175	205	203	76	35	55
43	119	172	231	222	84	41	67
42	118	172	222	231	85	39	70
38	119	133	194	235	85	40	68
30	115	130	188	229	78	37	62
36	87	141	187	210	77	41	66
33	76	134	153	201	74	34	58
44	93	147	131	257	91	39	61
57	96	151	151	263	91	38	73
57	115	148	148	301	96	40	72
56	116	158	152	307	101	38	77
62	116	166	153	324	104	42	80
60	108	161	154	284	91	39	73
49	99	147	137	264	86	38	61
47	84	154	117	224	79	40	72
47	90	130	135	232	70	37	66
44	96	124	128	202	59	31	57
39	92	116	138	209	59	31	62
46	131	157	136	219	63	33	75
47	126	147	134	209	57	29	75
45	120	136	123	186	56	28	80
46	115	131	157	194	55	28	90
46	132	156	170	190	52	28	90
42	96	126	168	162	44	25	82
44	107	132	206	172	44	26	73
55	124	156	211	182	46	27	71
51	123	185	197	178	52	31	58
49	102	168	189	179	54	31	50
51	107	169	211	187	59	35	46
65	106	191	217	209	79	41	50
58	84	175	212	198	79	41	58
57	84	153	209	220	80	40	55
59	92	183	226	245	85	41	56
85	101	191	233	251	81	38	69
84	101	185	193	222	64	33	68
82	107	185	188	227	65	33	54
93	107	188	181	196	59	31	55
94	118	165	159	154	55	31	55
73	110	158	130	178	63	33	37
61	106	158	128	182	62	31	32
68	126	160	145	185	62	31	47
54	134	153	184	237	78	33	49
69	123	166	186	243	83	34	56
71	126	167	177	219	78	31	57
72	130	171	190	211	76	31	57
67	138	231	191	201	74	30	46
67	137	238	169	161	64	28	44
52	145	246	154	136	51	25	72
49	139	248	153	130	47	25	79
51	141	236	162	125	51	31	83
53	142	234	158	124	51	31	84
54	148	252	164	121	44	30	83
55	150	249	177	137	48	30	54
50	148	252	185	151	51	31	44
75	171	250	171	172	55	29	35
76	157	194	169	175	54	29	30
77	152	185	203	259	72	38	30
76	160	180	242	300	82	41	31
76	161	177	241	300	83	44	30
76	161	177	241	300	83	44	30
49	139	248	153	130	47	25	79
51	141	236	162	125	51	31	83
54	148	252	164	121	44	30	83
55	150	249	177	137	48	30	54
50	148	252	185	151	51	31	44
75	171	250	171	172	55	29	35
76	161	177	241	300	83	44	30
49	126	208	240	291	79	42	30
43	109	216	237	298	81	42	30
41	100	196	148	159	57	34	52
53	127	199	151	169	56	28	54
51	128	172	157	185	68	31	55
50	144	176	156	182	71	33	56
45	129	171	155	180	68	30	54
49	168	156	132	185	68	34	42
42	152	151	122	183	69	35	40
42	153	139	104	165	56	32	36
50	157	143	120	172	55	32	36
54	160	160	118	188	63	33	35
53	115	194	118	186	62	31	27
55	143	181	135	175	61	31	26
55	156	203	138	177	60	33	27
48	141	218	142	189	72	35	37
46	144	215	148	193	74	39	37
44	157	194	158	189	73	37	39
33	133	204	147	189	72	37	39
31	120	204	160	187	72	38	39
32	139	214	149	187	67	36	28
34	136	212	141	168	61	32	29
32	115	208	146	161	58	34	23
41	111	202	141	160	58	33	23
44	125	185	129	173	64	33	26
43	100	142	127	143	56	33	27
49	104	155	119	139	55	32	28
51	128	190	102	153	66	32	29
47	136	208	100	151	65	34	29
45	125	228	92	147	66	36	27
46	124	229	97	153	65	36	26
36	121	239	107	168	70	36	23
35	105	237	112	177	66	36	25
29	98	230	113	184	70	36	25
28	87	208	138	176	65	31	25
34	99	210	143	169	64	32	24
34	110	184	152	173	58	30	24
32	101	159	146	149	52	28	23
31	100	164	143	132	50	29	22
40	113	169	146	194	63	34	23
36	124	165	153	212	64	33	27
36	112	179	141	203	63	33	26
37	116	171	168	223	71	36	26
38	112	150	176	243	81	36	28
31	143	202	161	193	72	36	29
29	129	213	145	174	73	35	26
29	130	201	167	171	75	38	28
27	130	196	148	153	72	39	27
25	135	200	149	134	60	37	25
33	101	157	147	154	63	36	27
34	94	142	148	171	63	37	30
38	94	151	135	181	63	34	29
38	88	151	131	190	64	30	32
39	82	152	127	190	64	31	33
32	85	145	140	181	59	29	31
37	88	170	133	171	55	28	28
32	82	151	127	168	52	28	27
33	81	149	158	179	58	34	25
39	117	155	164	175	55	30	24
40	104	156	162	173	55	30	22
43	116	120	190	194	64	33	22
44	121	120	191	191	68	34	22
44	133	137	175	168	62	31	23
38	102	143	183	166	67	37	25
41	107	152	187	224	72	38	26
37	89	159	168	210	67	39	30
35	87	165	167	202	62	40	31
35	73	167	171	208	61	40	29
38	90	152	152	217	61	35	28
37	80	130	154	157	54	33	28
32	84	116	161	176	64	35	25
32	80	112	188	188	68	34	23
38	97	103	181	176	66	34	25
37	83	117	180	164	62	35	21
34	83	116	171	160	64	37	21
35	77	120	171	133	56	33	19
41	81	126	150	122	55	31	20
36	57	147	142	132	53	26	21
35	53	153	155	154	55	28	24
37	66	166	157	190	60	27	23
34	67	181	167	228	83	34	25
31	88	204	183	257	89	37	27
33	119	208	198	257	94	41	33
37	126	201	189	244	92	41	33
37	121	194	201	235	93	44	35
39	123	188	204	208	76	41	35
38	105	165	211	166	67	40	35
39	81	139	196	154	61	36	30
35	70	131	194	170	66	38	29
38	69	133	178	145	61	35	30
37	79	137	165	121	49	28	30
36	82	126	172	197	70	32	28
36	101	126	181	212	75	34	29
35	103	118	187	200	70	30	30
28	102	110	177	202	68	30	27
31	102	91	168	208	72	34	27
30	111	86	123	178	69	33	28
27	79	69	111	170	66	34	28
28	79	104	154	209	83	41	28
33	84	114	162	206	84	42	27
33	91	122	157	204	82	42	26
34	84	132	167	229	82	42	27
34	84	136	183	237	86	43	26
33	81	120	156	205	79	41	27
30	84	117	184	213	76	41	27
27	72	123	199	218	75	40	28
26	68	118	190	174	68	38	26
27	68	119	179	155	59	36	27
26	72	205	167	152	47	31	25
26	66	208	136	143	48	29	24
26	59	207	127	144	51	27	24
27	64	253	125	117	44	27	24
28	78	253	120	119	47	28	24
29	76	194	122	111	46	26	32
42	81	207	116	103	48	29	34
42	88	205	111	78	44	31	35
44	90	154	133	93	48	30	37
45	86	176	143	106	50	29	38
45	89	185	144	109	50	30	31
34	98	172	236	121	55	31	36
38	94	217	244	120	54	30	37
35	91	218	233	106	50	34	37
36	85	206	229	84	45	34	36
36	95	191	257	96	46	34	36
36	79	202	198	85	37	31	30
35	77	148	184	104	42	34	31
35	75	167	235	135	49	37	30
32	77	199	233	135	47	41	28
32	80	206	232	128	48	42	29
30	78	189	240	127	48	42	28
27	76	188	249	124	50	40	27
28	76	173	221	100	51	34	28
36	125	161	246	103	53	38	29
35	118	165	247	104	52	39	27
34	119	163	230	103	52	41	30
34	122	175	224	89	50	42	28
35	141	179	204	142	65	43	29
26	99	154	209	148	70	37	28
26	111	171	183	152	73	45	33
32	116	184	200	153	73	46	31
33	116	179	222	201	95	50	32
34	90	167	228	179	89	52	35
34	89	156	202	173	85	51	34
35	113	180	263	172	85	44	33
33	114	184	261	176	89	45	31
34	117	184	296	162	76	39	29
30	119	185	295	150	68	36	24
34	120	198	307	151	68	36	26
32	78	170	274	158	67	35	23
32	83	196	295	158	64	31	23
32	78	212	253	123	49	31	26
32	76	213	274	118	46	30	24
28	75	211	254	116	47	30	22
35	86	248	241	106	45	28	25
34	69	222	214	101	46	27	26
32	64	199	198	93	46	27	24
32	62	199	206	101	49	25	25
33	59	197	207	103	52	26	25
26	44	135	188	97	51	27	21
26	59	179	169	105	51	27	22
25	60	185	232	111	54	27	23
24	62	186	201	98	53	30	24
27	72	208	223	100	52	30	25
26	68	201	237	98	53	29	25
26	56	154	241	83	53	30	25
28	55	147	180	70	50	33	23
29	54	140	203	130	65	33	23
25	41	97	201	133	64	32	22
26	39	92	259	142	65	32	25
26	40	110	271	148	66	36	25
24	42	138	292	150	66	35	27
25	41	156	314	111	53	36	27
24	40	156	304	112	54	37	28
25	40	154	267	119	53	38	25
27	42	147	273	119	59	40	28
26	39	127	260	119	61	42	27
26	41	112	214	114	56	37	27
29	46	128	210	108	57	38	28
30	55	131	230	103	58	37	27
28	51	124	220	96	46	35	27
28	51	145	261	94	45	33	27
25	49	139	269	90	46	34	26
30	48	166	295	87	42	40	23
30	47	192	295	116	50	44	24
30	49	202	317	140	65	47	25
32	51	190	284	138	63	45	26
33	54	200	302	138	62	45	27
26	50	172	295	143	66	40	29
25	39	141	295	144	62	37	29
23	39	142	290	142	53	30	26
22	37	136	294	147	54	32	25
22	35	125	266	153	54	32	25
23	36	127	249	148	51	32	25
23	40	128	220	118	47	30	25
23	38	106	181	124	48	31	25
23	38	108	182	122	49	31	26
25	36	107	188	146	56	35	26
24	35	94	229	192	61	34	26
