0	1	2	3	4	5	6	7
157	147	175	93	95	35	32	125
156	117	184	106	92	37	36	129
139	120	179	115	91	33	33	120
143	111	213	135	96	34	32	116
125	116	188	148	107	38	32	115
139	119	189	168	107	37	35	120
142	115	189	159	95	35	34	118
156	121	197	156	92	39	33	72
157	135	153	138	96	37	32	67
184	137	142	130	90	32	33	65
174	157	127	127	98	37	30	55
170	163	114	131	96	36	29	52
153	158	120	140	93	33	27	42
180	149	188	162	85	31	28	43
164	161	224	159	79	33	30	46
170	147	233	153	90	27	29	46
189	170	277	155	102	31	29	49
198	170	277	146	101	30	30	57
173	180	275	130	101	31	32	108
163	161	263	127	102	31	30	109
145	155	263	129	84	34	31	114
136	131	229	142	81	33	30	113
127	140	220	150	92	36	31	109
131	129	220	141	94	38	31	64
131	124	203	148	92	35	31	55
169	140	195	141	92	33	29	38
172	128	205	137	93	34	34	39
173	115	229	121	90	32	32	46
161	117	212	120	87	31	31	38
164	128	209	113	96	31	31	101
124	115	220	142	117	33	34	104
116	115	203	141	139	34	29	106
143	124	173	147	160	40	34	105
152	130	199	165	168	44	34	106
170	128	213	164	167	44	32	65
172	126	226	142	152	44	34	98
164	131	257	137	127	44	35	99
151	120	259	136	105	40	35	105
150	106	219	146	118	37	37	105
125	93	206	171	122	40	38	98
127	100	230	164	115	39	36	65
131	111	211	157	116	39	41	103
113	112	229	172	113	37	38	97
109	112	236	148	90	35	37	100
122	130	237	132	106	31	35	103
144	122	286	153	118	31	33	100
134	111	278	168	123	28	27	57
133	112	260	170	130	28	32	101
141	123	257	189	149	35	31	102
132	122	286	186	136	36	33	102
114	121	207	176	135	41	35	103
154	124	195	158	152	42	33	102
161	119	200	140	147	42	29	56
154	109	203	124	131	41	30	101
187	94	178	128	134	42	29	101
186	95	166	133	132	39	28	101
162	87	183	145	105	38	31	101
163	89	205	138	96	40	32	102
166	99	195	138	103	36	31	51
152	107	226	170	128	37	34	46
149	133	317	194	171	38	35	45
171	162	318	189	174	36	35	44
177	175	306	193	174	32	34	44
191	173	332	190	167	32	35	43
175	167	337	155	170	32	33	40
182	155	277	109	138	35	32	40
160	143	267	106	137	35	29	89
145	125	267	106	152	38	32	89
144	139	247	116	170	42	31	93
148	140	204	124	143	42	31	95
162	143	181	133	127	39	30	95
167	129	194	141	151	39	31	55
174	136	234	136	148	39	29	55
158	122	240	123	132	34	31	96
153	128	245	113	132	31	29	100
126	119	232	106	131	31	33	99
112	121	263	127	101	29	32	96
118	114	236	134	76	30	31	97
119	105	255	129	69	32	28	52
121	107	253	138	68	31	30	47
122	103	258	137	65	32	30	93
126	95	220	120	72	36	30	99
123	102	267	121	73	35	31	100
126	101	238	140	72	36	33	98
145	101	252	138	68	38	31	97
162	103	261	142	67	43	29	57
178	102	312	138	62	43	38	48
193	106	262	129	72	43	40	49
190	110	264	110	74	40	38	49
185	95	247	113	78	40	39	48
175	106	295	120	82	38	40	42
161	106	289	144	89	36	32	41
154	94	295	152	94	37	29	37
156	92	292	165	100	37	32	36
147	104	296	174	101	38	32	33
174	103	268	175	104	36	32	36
176	135	231	172	120	34	32	38
165	146	230	178	112	36	33	41
185	149	230	165	107	38	29	101
186	142	226	158	108	35	29	104
162	147	231	164	107	35	25	105
192	123	263	160	88	36	26	106
188	117	259	156	98	34	25	108
163	117	247	160	100	30	25	57
208	132	259	176	108	32	28	54
200	122	222	198	123	37	32	67
202	140	163	194	137	38	32	94
208	147	162	192	145	43	34	94
221	139	170	205	145	45	37	95
190	129	145	200	139	46	35	94
204	144	143	167	141	44	33	90
169	131	165	159	128	42	31	60
168	118	173	178	118	38	28	54
158	136	184	168	123	34	28	83
137	143	200	163	141	31	28	99
129	132	224	171	124	33	30	98
131	135	212	174	119	38	32	98
159	160	203	156	111	38	31	99
183	160	198	161	102	38	29	76
189	154	190	156	86	42	29	55
213	149	169	149	90	39	26	104
213	141	173	145	97	36	26	106
181	111	182	152	100	32	26	109
151	106	203	141	106	34	29	110
155	105	211	136	96	31	31	112
117	109	203	123	100	33	34	62
111	108	204	112	89	33	34	58
160	122	218	93	104	35	35	51
164	119	241	130	139	37	33	58
151	123	229	142	148	39	33	98
160	114	232	171	154	36	30	101
173	121	219	180	164	36	29	102
131	109	219	181	156	36	28	106
138	102	195	173	124	33	30	102
160	104	189	161	118	31	28	60
158	109	199	137	136	31	31	76
171	100	217	134	133	29	31	106
184	105	206	138	131	35	31	104
176	105	175	121	133	37	29	105
163	113	189	121	130	37	31	104
159	120	188	136	93	39	29	90
140	134	171	130	85	40	31	55
144	138	171	127	91	36	32	55
151	140	174	127	101	35	34	57
144	130	203	132	100	36	32	53
153	124	208	121	107	37	34	54
186	111	220	146	107	38	32	49
175	110	217	142	136	39	30	46
180	109	216	134	129	39	29	37
180	120	203	126	130	36	28	35
163	123	232	138	128	36	24	35
125	130	225	140	131	37	23	32
139	132	220	141	101	37	24	36
123	132	231	179	104	33	22	35
134	125	248	219	107	37	24	36
157	126	240	209	104	34	25	37
156	122	257	198	93	31	27	36
143	110	264	200	87	28	26	32
143	109	359	170	79	32	28	37
164	114	344	146	124	31	26	41
141	107	316	146	133	32	30	41
149	103	307	144	143	33	30	41
157	132	310	148	145	32	30	42
160	131	201	157	147	29	31	41
149	127	189	128	109	28	31	36
158	134	197	141	112	32	26	38
161	163	177	150	116	30	26	43
153	150	155	142	111	29	24	41
164	149	180	137	135	35	25	36
144	148	176	157	160	36	28	41
142	154	182	149	153	32	28	38
124	126	221	161	172	38	30	35
120	114	242	179	191	41	33	36
101	115	224	181	175	38	32	43
130	130	225	178	164	39	33	40
123	124	221	173	167	41	32	39
122	120	190	154	139	38	30	35
166	132	165	132	121	35	30	40
172	145	225	124	124	36	29	37
171	156	228	108	111	38	30	41
185	153	233	133	115	37	31	40
183	151	244	159	140	38	31	42
145	141	254	170	136	38	31	41
169	125	199	171	131	39	33	41
155	112	205	174	153	39	27	40
142	105	213	178	157	42	27	40
162	109	200	161	142	39	28	38
166	119	221	147	140	41	25	34
146	125	252	159	145	45	24	32
145	111	242	164	139	39	28	27
140	112	222	146	143	40	28	31
129	110	228	156	165	42	29	31
137	112	264	208	177	41	30	31
124	104	261	212	185	37	34	31
123	102	264	219	177	43	32	32
139	104	280	211	187	51	35	34
136	116	311	201	184	59	36	38
120	99	259	181	187	59	36	39
141	107	223	167	181	58	35	41
162	112	227	148	173	55	37	43
149	118	208	166	155	45	34	40
152	103	159	169	147	35	32	39
151	111	153	136	129	32	30	39
141	118	242	143	117	30	30	37
114	117	240	138	128	31	26	42
115	118	243	116	131	34	32	43
143	136	249	101	116	32	33	43
145	133	253	101	119	36	36	43
138	132	181	117	121	38	34	42
144	128	177	124	113	35	35	94
149	138	192	139	117	34	30	98
116	123	176	140	124	38	30	100
123	120	170	152	123	38	29	103
119	110	220	127	135	34	32	104
123	116	215	137	142	39	32	59
148	97	207	133	131	39	33	56
156	100	210	134	126	34	31	51
148	106	235	124	130	34	32	44
184	124	212	139	118	35	28	44
184	120	210	142	105	32	31	42
156	118	208	146	110	32	30	42
146	113	213	154	152	34	32	43
165	115	197	144	145	34	32	44
124	94	201	141	151	37	34	44
142	110	243	179	166	41	34	49
153	115	244	169	165	41	31	53
156	126	237	167	121	42	31	55
135	124	235	170	125	41	33	95
152	124	224	161	121	38	29	99
158	116	223	99	131	35	27	99
158	122	228	156	127	33	27	98
160	107	244	176	137	36	31	97
195	113	243	190	149	37	29	57
187	124	223	191	146	39	29	48
164	113	183	194	127	39	32	43
152	109	194	152	127	38	33	36
156	118	208	140	117	37	32	31
118	111	201	152	104	34	31	32
121	113	196	156	109	31	31	37
114	125	203	166	100	30	28	34
125	118	174	171	103	34	31	37
134	123	149	170	102	35	29	49
160	141	294	145	100	34	29	51
156	134	325	160	110	34	28	51
167	139	325	148	115	34	30	53
168	139	332	151	145	33	27	51
156	140	337	137	143	29	25	41
