0	1	2	3	4	5	6	7
24	33	136	210	50	34	27	23
24	62	130	190	61	33	27	24
25	65	145	183	76	37	29	23
25	66	142	188	83	41	30	25
26	83	146	198	104	41	28	25
27	97	152	150	105	42	29	24
25	81	149	170	99	43	31	24
25	82	141	194	105	46	27	24
26	82	141	212	115	49	26	22
28	74	188	219	120	50	30	22
26	73	185	232	125	49	29	27
29	76	183	234	126	51	28	25
29	74	179	228	127	48	30	25
27	74	188	295	122	48	30	25
26	67	149	305	105	47	28	27
26	57	149	293	117	52	28	22
26	63	155	311	118	54	29	25
26	65	159	394	115	51	28	25
27	66	144	354	108	46	32	37
27	84	162	372	108	49	34	40
50	150	218	381	89	46	34	44
52	155	234	372	100	51	34	43
53	156	245	314	97	54	37	43
54	158	254	317	110	56	33	34
57	173	323	297	112	56	31	32
38	125	289	357	131	57	30	26
38	121	278	351	144	61	34	27
41	135	319	333	148	62	34	29
48	142	324	317	144	64	36	32
43	117	253	307	147	66	38	31
46	129	273	251	210	86	43	33
43	125	269	277	210	85	41	34
42	113	217	269	207	83	40	32
41	108	239	274	203	81	38	30
42	127	235	363	213	80	35	28
40	105	216	353	147	63	31	27
42	104	222	323	147	55	29	23
40	104	208	323	148	56	28	22
37	98	155	330	168	71	42	30
38	91	131	238	151	69	43	32
39	95	106	210	152	66	41	32
37	95	99	254	159	70	42	33
38	91	139	246	189	82	46	35
40	89	188	351	230	80	39	29
46	88	209	351	240	82	41	29
49	91	211	357	241	79	40	27
58	99	209	385	260	94	50	30
61	116	211	418	246	85	46	29
58	125	188	318	202	75	41	28
60	132	186	300	207	81	42	25
63	133	200	344	208	84	45	27
56	129	196	286	161	62	37	23
51	114	167	244	152	60	40	22
51	105	155	339	163	64	42	22
41	72	126	349	170	66	44	24
31	63	129	301	178	71	44	26
35	72	147	293	183	75	44	33
38	80	155	293	212	85	45	38
45	87	155	229	215	91	51	49
48	136	159	213	210	89	49	52
49	138	140	240	213	89	49	55
47	142	133	240	219	89	46	52
52	148	127	231	230	82	43	49
51	144	124	205	214	72	37	37
50	100	121	244	226	68	33	33
51	114	118	222	225	62	32	31
55	107	101	226	228	58	33	32
54	98	122	237	191	57	32	43
55	128	135	239	209	64	31	48
56	133	133	220	193	63	33	47
55	125	137	221	184	61	31	45
55	142	175	218	176	62	32	45
55	157	179	201	179	62	33	34
57	183	218	162	171	57	32	32
66	187	230	190	160	63	37	34
70	192	240	195	180	75	47	36
74	178	222	219	192	78	47	36
73	181	236	228	200	86	49	39
83	171	226	253	224	95	52	35
77	168	212	232	238	89	50	34
71	160	204	233	228	85	44	32
71	170	217	209	217	85	44	32
75	198	228	206	208	77	43	28
62	183	214	185	189	72	46	28
67	187	218	158	176	72	44	28
69	190	217	144	172	68	43	27
66	187	202	139	167	63	41	26
64	142	157	134	167	64	41	31
58	123	129	150	143	60	38	30
49	122	141	163	130	58	37	30
54	127	187	173	120	56	37	30
50	116	191	196	169	66	37	27
44	127	204	207	186	71	40	25
46	122	206	194	199	72	40	25
60	126	212	179	200	73	41	26
62	130	215	185	205	73	43	28
63	134	221	157	180	74	43	29
65	119	213	142	170	70	41	27
64	121	209	170	170	84	46	28
54	115	201	180	177	88	49	28
56	121	160	166	178	89	49	26
61	120	164	170	174	82	49	28
60	137	178	173	174	78	47	28
60	142	175	152	173	61	41	29
61	146	163	157	173	54	37	28
59	127	158	156	167	53	37	30
51	125	132	156	159	49	34	28
50	108	107	150	150	53	39	29
50	101	128	144	140	48	36	27
47	89	136	142	142	50	39	26
41	82	136	147	189	70	40	24
40	100	155	155	205	86	46	28
45	95	152	168	202	85	43	26
45	95	133	160	199	83	43	26
47	107	155	148	197	82	40	26
44	127	151	160	153	66	37	25
44	117	138	181	154	49	27	19
39	116	133	173	159	51	27	20
34	115	138	173	161	56	29	21
32	99	110	183	172	62	31	21
31	72	107	187	172	63	32	22
34	63	100	173	162	60	37	23
34	77	117	168	170	66	45	24
33	78	109	177	189	68	48	24
35	76	106	163	173	63	47	24
36	78	104	165	192	69	48	26
34	77	100	157	188	71	45	26
41	58	82	154	178	65	49	29
41	65	85	178	170	65	47	30
40	63	76	205	189	79	49	31
43	55	75	188	170	74	47	30
45	57	75	177	161	72	46	29
40	54	67	179	175	73	32	26
40	38	64	150	172	73	45	25
38	34	96	117	184	70	44	24
35	35	103	117	204	73	45	25
32	29	104	126	204	72	45	24
33	32	103	141	191	72	46	26
34	36	100	166	191	74	43	25
34	37	90	206	203	73	44	27
36	37	85	211	180	69	43	26
35	41	81	216	181	73	43	26
32	39	80	206	190	76	45	23
32	37	82	186	184	71	36	27
32	36	62	168	180	76	35	28
29	36	77	178	202	75	36	33
37	40	84	183	232	84	44	38
39	42	91	182	230	81	51	39
37	42	98	189	223	80	50	37
39	46	124	186	219	74	52	38
38	46	117	180	217	81	54	34
34	42	113	163	200	76	49	30
31	40	113	159	197	76	38	29
33	43	118	153	201	76	37	28
32	43	112	154	176	70	32	26
31	44	111	164	164	66	30	25
29	44	113	186	155	56	29	26
27	42	116	207	174	56	28	26
28	40	105	206	168	52	31	26
31	40	77	185	159	51	34	26
32	41	84	198	161	46	31	26
32	40	87	190	156	50	33	25
32	39	79	173	146	50	33	25
31	39	76	171	152	51	34	25
27	40	83	168	160	57	37	27
28	40	79	145	168	60	39	28
29	39	86	138	168	61	37	27
30	40	86	131	160	60	37	27
30	39	91	126	167	60	35	26
32	33	99	136	158	53	29	23
32	32	108	125	130	50	30	24
30	33	112	115	122	44	26	25
31	39	150	130	141	57	32	26
30	39	154	135	129	62	39	27
30	37	150	126	121	62	39	26
30	39	142	147	172	69	39	24
31	48	135	143	178	77	43	23
31	54	108	131	154	65	38	21
32	58	105	136	154	61	34	20
29	60	107	140	168	64	34	20
27	60	102	121	148	60	41	24
29	53	108	124	134	51	40	25
29	43	100	123	137	54	44	30
30	45	104	119	139	55	43	33
32	45	113	120	122	51	43	35
34	45	139	126	87	46	38	36
32	46	137	120	87	44	35	35
33	47	135	117	81	37	32	33
32	41	132	111	68	34	38	29
32	40	130	114	75	35	41	29
30	49	153	117	68	34	39	27
32	67	167	135	74	35	40	26
29	69	164	146	77	36	47	24
28	71	170	146	80	35	44	24
26	71	176	145	66	33	41	20
26	65	140	123	62	34	40	18
25	73	159	105	54	34	40	20
24	72	165	106	59	36	32	20
25	73	163	111	58	37	31	20
25	75	152	103	77	35	30	23
26	73	150	105	82	36	31	24
24	47	105	109	79	35	30	28
30	45	102	116	82	41	46	32
29	45	94	112	80	42	43	32
35	81	103	105	65	44	45	35
34	82	101	115	68	43	47	35
35	81	99	108	70	43	52	32
29	79	91	108	64	37	39	32
34	87	126	164	96	48	40	34
29	62	140	172	130	57	40	31
31	73	154	244	140	60	41	30
32	76	162	260	140	61	37	33
33	80	183	275	147	64	37	31
33	127	175	270	220	88	44	30
33	124	165	310	219	90	85	36
36	125	203	317	214	90	91	37
38	138	213	319	215	90	91	36
38	137	202	320	278	114	95	36
38	89	198	338	229	100	97	36
37	95	251	358	218	96	67	31
38	138	253	349	241	101	60	30
38	132	258	346	241	100	57	29
37	134	260	377	178	72	50	29
37	135	270	383	176	66	41	29
42	156	299	357	193	73	38	30
39	134	294	333	164	69	34	30
35	129	288	333	167	72	42	29
35	127	283	276	151	70	45	27
39	143	280	249	143	69	44	27
34	124	238	222	114	64	43	25
34	101	206	186	110	59	43	26
35	99	191	172	99	58	46	27
34	98	192	224	99	57	42	27
29	70	194	197	85	57	46	29
27	48	132	193	95	53	46	29
30	92	138	198	115	62	47	30
28	91	156	201	122	67	47	30
28	92	163	154	120	65	55	31
29	96	165	148	114	62	56	30
28	96	186	197	99	54	54	27
25	56	189	216	87	46	52	28
27	60	187	224	83	39	52	27
27	68	193	235	94	42	44	25
27	60	182	268	109	48	40	24
26	63	175	241	114	50	41	25
29	70	190	229	106	51	43	25
30	68	181	224	102	51	38	26
29	59	169	203	88	49	37	27
28	63	161	164	71	43	39	28
27	61	152	218	68	44	42	28
25	51	164	246	82	46	41	25
23	53	198	263	85	48	44	27
24	55	196	265	86	47	45	25
23	67	201	260	88	54	48	25
25	67	193	220	104	55	47	26
24	65	157	199	91	49	45	27
23	61	111	178	91	46	39	25
22	60	109	181	92	48	40	26
22	42	98	189	92	40	41	28
22	37	91	164	78	36	39	26
22	39	110	154	83	40	40	26
21	39	127	198	91	42	41	26
22	34	127	204	95	41	37	25
22	36	154	226	110	46	28	22
21	39	163	224	106	51	28	23
21	36	149	221	102	47	35	20
22	37	131	186	99	51	40	21
25	39	129	172	114	55	40	22
25	35	98	133	101	52	42	22
25	31	81	133	101	48	43	21
27	37	108	126	108	48	37	23
26	35	109	122	108	43	30	22
26	36	137	131	88	35	30	22
26	36	130	125	82	31	25	22
27	40	144	207	83	36	27	22
28	45	128	218	78	36	29	23
31	48	128	250	71	36	37	25
30	46	102	251	83	38	41	25
30	52	109	265	102	41	42	26
28	49	95	213	102	38	39	26
26	44	87	201	96	37	37	24
23	40	97	154	107	40	30	22
23	41	107	144	105	38	27	22
23	34	101	120	97	40	28	22
24	33	107	127	97	37	26	22
25	31	109	144	101	40	26	23
25	30	106	158	92	37	25	22
24	29	93	157	96	43	25	21
24	31	93	156	87	40	22	22
22	37	115	145	86	42	25	20
20	39	116	150	102	44	24	21
