0	1	2	3	4	5	6	7
132	76	437	306	232	75	38	48
142	91	494	264	208	68	36	42
147	94	577	246	176	63	36	44
143	101	626	243	178	66	36	44
144	102	629	223	151	60	34	44
133	99	623	221	116	57	32	41
126	101	655	187	119	58	35	43
121	108	619	209	123	54	35	44
155	106	549	203	119	54	37	45
167	108	560	193	112	55	39	44
171	110	567	183	117	61	41	44
175	98	473	214	114	59	39	46
169	88	441	213	126	62	40	45
201	91	420	209	140	62	36	45
202	102	415	207	141	60	38	48
203	108	450	212	125	56	36	51
209	106	467	215	127	59	38	48
216	117	464	192	115	57	40	48
174	109	474	176	92	54	45	46
160	95	465	180	95	53	42	46
171	110	445	183	92	57	42	44
178	133	509	178	97	57	42	44
193	125	490	180	94	55	40	45
186	128	552	191	94	52	35	44
183	132	559	187	86	52	34	42
193	126	564	193	96	48	33	42
179	104	497	168	73	38	30	42
174	100	537	164	71	36	32	40
170	112	501	169	71	40	34	41
173	120	553	168	71	44	35	45
161	116	649	165	59	42	37	47
159	131	699	153	63	44	38	45
141	131	690	153	60	45	37	48
159	119	653	139	59	42	33	49
154	135	719	152	67	40	38	51
171	127	635	161	75	41	40	49
168	110	570	178	78	50	43	51
165	116	609	190	80	53	43	52
149	123	643	193	77	52	43	53
162	103	508	185	78	50	42	50
126	108	519	170	73	49	38	49
147	112	544	156	79	40	36	52
144	107	503	150	80	38	35	49
150	96	518	147	83	45	38	51
134	89	575	142	76	45	34	46
157	93	589	137	74	45	36	44
166	89	574	145	75	47	36	48
166	96	585	179	84	47	36	49
171	104	581	185	92	49	39	47
176	101	503	193	96	49	39	48
169	92	445	194	93	53	40	52
160	90	452	209	95	55	40	55
163	82	452	210	91	54	39	58
163	93	460	214	79	47	35	56
167	95	529	217	76	47	37	60
159	102	532	210	80	42	34	55
162	118	604	195	76	35	33	50
183	124	629	169	73	38	33	48
170	108	622	166	83	43	33	48
157	108	603	163	87	40	28	44
182	108	619	165	83	42	33	47
175	98	577	151	78	48	34	46
166	112	596	164	82	50	34	42
207	115	605	163	84	49	34	42
205	116	574	158	87	50	37	46
176	119	577	165	95	51	32	44
186	121	574	201	97	46	30	42
188	109	527	201	97	41	29	43
143	119	468	200	101	39	29	42
144	123	482	223	98	39	30	41
175	114	481	223	94	40	33	45
157	108	446	199	94	43	33	43
142	98	412	175	92	47	35	46
160	103	417	191	97	49	35	48
168	96	413	157	94	48	33	48
157	103	464	145	92	44	32	45
166	108	450	160	94	44	33	48
209	108	450	162	90	43	33	51
209	87	449	154	84	50	33	49
215	94	453	199	100	61	36	51
213	107	509	209	101	61	36	50
215	100	515	193	96	64	37	47
215	105	542	212	99	65	39	43
206	110	552	225	93	57	37	41
223	105	550	205	89	49	35	38
224	94	434	211	89	49	37	38
225	106	450	245	90	42	34	35
184	102	398	234	90	40	32	38
185	99	438	221	84	44	33	44
160	101	414	252	74	43	32	42
152	88	384	262	80	45	32	42
144	84	451	261	88	47	38	47
161	94	473	267	92	45	34	43
187	107	423	265	99	45	36	50
183	110	507	225	93	43	36	51
205	137	612	223	100	44	34	51
215	137	566	186	94	42	30	51
209	137	571	163	88	43	31	54
191	132	607	156	77	40	27	43
185	129	582	156	79	43	28	39
157	105	531	127	59	39	30	38
179	104	542	137	61	40	28	41
188	109	619	143	64	41	30	41
188	107	648	148	70	44	33	42
194	108	651	164	72	42	33	44
199	113	633	172	72	42	31	47
169	105	609	168	69	42	32	45
160	99	512	176	65	41	32	45
154	102	486	179	75	42	30	44
161	102	531	164	78	47	33	46
146	101	614	155	78	49	32	45
155	102	605	187	97	52	34	42
142	105	678	210	111	51	34	40
149	105	672	227	102	48	35	45
169	124	648	252	105	44	38	52
174	116	561	257	115	47	43	59
166	119	657	262	101	46	43	57
197	117	595	277	93	54	44	57
189	122	624	260	94	54	42	57
168	100	621	255	114	63	40	51
172	118	640	249	108	59	33	41
164	116	617	231	112	56	32	44
146	128	648	186	110	51	31	47
145	119	616	202	113	51	30	44
148	123	570	195	88	42	32	44
186	113	575	202	83	42	35	47
184	166	561	216	79	45	36	48
187	161	506	225	78	44	39	49
189	168	532	234	72	42	39	48
197	173	570	227	75	49	39	49
162	175	524	228	79	48	38	46
170	121	481	212	78	46	36	44
217	139	667	233	101	47	33	39
218	135	650	209	106	50	34	42
230	141	703	216	103	45	31	42
229	134	733	217	103	46	31	45
232	149	710	205	102	46	33	46
199	126	616	189	81	44	33	46
216	122	612	199	85	43	34	45
191	114	527	180	84	41	32	42
197	112	521	179	86	44	33	39
199	119	609	232	95	46	33	38
204	123	565	226	100	49	36	45
196	134	579	228	94	50	37	44
239	139	628	266	96	51	38	45
242	148	641	267	99	53	36	44
238	139	602	227	92	52	36	45
258	151	625	219	89	50	35	43
302	154	632	230	92	47	34	42
293	154	602	203	91	48	38	44
323	152	615	190	83	45	39	48
328	162	601	232	91	43	39	47
319	162	589	274	98	41	36	44
291	200	610	262	96	43	39	48
279	203	602	268	94	43	35	46
268	216	557	286	97	40	33	43
278	226	603	259	103	48	35	54
281	224	588	219	94	51	39	57
255	184	501	208	95	52	37	57
260	175	514	203	93	50	37	60
260	159	507	191	91	52	40	61
239	126	412	195	87	46	39	54
274	131	424	197	83	45	38	56
279	168	435	217	82	48	38	53
314	174	386	212	88	48	39	50
292	167	399	209	100	49	41	54
298	173	446	211	97	50	42	53
248	173	414	200	98	54	41	48
283	134	399	184	95	51	41	52
251	136	452	183	92	51	41	55
277	137	478	171	73	47	37	56
278	134	511	163	70	44	37	56
275	143	631	193	63	36	35	54
324	149	670	205	79	41	37	57
311	150	653	214	84	41	38	55
298	156	639	235	87	47	37	49
310	174	755	235	83	54	41	50
311	156	725	230	91	53	41	52
232	158	686	225	79	48	38	48
224	166	747	220	71	47	37	53
227	182	818	208	69	45	37	54
226	188	684	212	70	41	34	54
220	188	671	195	58	41	33	53
268	212	806	186	62	48	36	50
283	207	739	193	71	50	36	54
270	201	673	203	78	50	38	55
260	210	717	194	81	52	37	53
260	223	685	219	88	53	39	59
216	212	682	228	88	46	36	60
228	212	724	214	87	50	37	57
240	227	707	212	85	52	37	56
266	200	661	213	80	46	36	61
281	207	763	197	79	46	37	54
301	203	660	198	76	46	39	58
279	221	669	201	68	42	37	53
303	226	775	203	62	40	35	51
279	234	805	214	63	41	36	49
284	217	746	227	61	42	34	50
276	205	739	236	70	47	35	48
342	188	738	243	78	47	35	51
328	147	702	231	86	48	37	60
339	148	701	230	86	47	37	60
348	145	698	235	93	46	38	59
336	163	706	212	86	45	35	55
282	160	693	243	96	51	37	51
272	179	698	253	95	50	38	45
343	173	670	238	99	56	41	50
315	189	616	222	93	57	41	53
326	170	652	243	93	52	43	57
337	210	731	212	81	45	42	57
343	203	653	245	82	41	41	61
260	227	634	261	83	35	41	55
270	243	708	258	78	35	40	57
270	253	662	245	81	40	37	55
277	215	556	234	80	40	38	54
272	227	600	207	75	42	40	44
300	220	610	197	69	41	38	47
293	196	635	188	71	39	37	44
270	190	634	185	64	34	38	45
288	192	663	207	76	39	40	56
319	179	690	186	82	45	40	61
308	162	768	206	82	45	37	60
344	169	735	217	85	48	38	60
363	162	762	225	88	49	37	57
331	196	788	216	75	47	34	53
305	204	716	209	65	39	32	52
318	199	635	187	59	38	33	49
318	199	580	197	55	37	31	49
309	240	556	201	58	37	34	53
320	228	483	201	55	34	34	50
356	239	508	214	54	36	34	52
327	235	528	213	59	37	34	51
288	227	510	194	57	36	35	52
347	184	499	194	58	39	37	49
353	186	572	296	85	47	39	49
330	151	563	302	91	48	41	55
339	161	561	311	93	49	40	57
363	168	597	332	104	53	43	57
320	180	593	323	102	52	39	55
304	179	525	222	82	46	34	53
285	191	596	212	77	45	35	43
293	184	617	216	85	48	37	46
264	174	573	213	78	44	34	44
229	161	643	210	78	42	34	45
207	137	654	215	80	44	36	46
277	167	649	264	93	55	41	51
269	171	602	251	87	55	42	46
269	169	653	233	93	58	43	45
271	181	665	245	101	60	41	47
310	181	644	237	104	64	44	51
256	145	604	191	101	56	39	44
260	144	612	193	100	56	37	43
350	168	649	200	89	54	37	43
370	165	615	209	82	52	40	46
363	166	626	227	78	47	36	44
385	219	605	226	70	44	35	53
371	212	592	223	67	40	35	60
291	206	518	224	69	36	32	63
286	229	503	260	75	37	30	58
259	235	565	242	71	37	31	57
239	188	565	242	69	41	36	55
269	193	630	234	67	42	36	48
259	182	612	221	66	44	40	43
256	158	637	154	55	42	37	49
268	156	638	179	55	41	38	46
260	166	672	179	58	37	35	42
239	169	617	190	61	36	35	44
240	177	668	194	61	37	35	47
218	159	596	190	60	36	36	39
219	141	537	185	60	35	35	38
185	120	519	168	55	36	33	37
168	110	559	178	53	37	30	34
167	99	502	180	57	37	29	32
170	108	574	177	58	37	31	45
169	123	541	160	57	37	32	47
209	122	586	184	64	35	32	48
205	128	579	177	67	37	33	48
257	133	675	181	65	37	32	52
271	125	617	210	70	41	32	44
253	119	639	213	70	42	32	42
242	122	581	199	63	42	32	44
253	117	545	195	63	43	32	45
208	110	397	177	57	43	32	39
184	115	420	153	51	41	30	39
208	122	421	169	53	42	31	43
187	119	431	169	55	40	32	38
172	119	433	165	51	34	30	39
160	107	441	170	53	33	30	40
169	106	426	158	58	37	30	38
153	93	376	161	65	39	29	35
170	114	474	153	63	38	28	42
176	122	490	150	62	39	30	42
169	128	483	146	62	42	33	43
158	120	458	146	60	36	35	45
153	121	454	121	52	34	36	45
133	109	377	155	65	37	35	41
207	102	408	153	68	39	38	46
219	93	412	151	69	35	35	46
227	111	411	170	69	38	37	48
217	112	481	183	68	36	35	48
217	111	432	155	64	38	37	48
144	124	412	169	61	37	32	41
131	133	414	206	59	36	33	41
136	123	443	208	62	36	31	38
136	122	518	195	65	38	34	39
173	129	552	195	58	34	32	39
183	121	603	198	57	32	33	38
192	130	621	159	57	33	32	39
205	138	612	138	52	31	30	41
207	148	535	150	54	30	30	43
206	164	502	178	61	36	29	42
208	165	428	184	87	45	33	42
203	159	436	189	90	45	33	42
183	154	469	200	90	45	33	40
198	160	429	185	87	43	31	36
206	161	438	159	92	40	33	40
197	151	419	146	76	37	33	41
188	146	375	152	78	37	33	42
208	154	315	150	90	37	35	47
201	143	351	155	96	40	36	46
177	130	349	190	90	40	35	45
181	132	325	181	101	36	32	45
198	160	328	182	110	41	34	46
185	170	311	185	106	40	32	42
179	182	250	181	99	39	34	45
158	174	248	174	100	40	33	43
164	179	282	173	87	40	33	42
148	164	282	163	81	37	28	38
161	149	287	183	91	41	32	37
160	132	352	201	108	42	28	35
171	142	320	176	122	51	33	38
172	149	350	178	131	49	36	39
170	138	347	184	128	48	35	43
150	135	345	147	122	47	33	42
165	133	270	138	115	46	34	42
155	125	290	132	110	37	32	39
148	133	231	144	110	37	30	39
158	145	202	143	108	37	32	37
154	139	200	140	101	35	32	37
140	135	209	129	102	47	31	35
157	160	202	159	95	48	28	34
155	157	285	166	86	48	27	33
176	157	298	155	94	48	27	35
185	170	306	165	96	50	29	35
186	186	320	163	93	37	29	37
174	168	343	145	92	35	27	40
221	189	284	134	115	36	28	42
195	194	274	134	106	35	26	40
188	196	264	138	109	37	23	40
193	188	272	152	111	39	29	46
191	185	298	139	111	39	30	45
129	146	300	140	101	46	32	45
163	131	301	147	111	46	33	45
158	152	307	138	105	43	34	45
150	150	298	123	119	43	29	41
156	152	242	141	121	39	27	39
157	171	305	132	111	33	26	37
136	198	366	142	107	31	26	33
146	183	373	147	113	31	26	34
182	181	402	156	108	33	31	39
178	179	402	158	119	34	31	40
172	171	353	169	137	40	32	42
161	147	286	175	145	42	32	44
164	148	282	188	163	46	36	44
131	155	310	218	182	42	34	42
140	159	300	211	197	47	34	42
150	164	304	202	183	40	32	41
148	164	328	203	189	42	32	40
131	154	326	223	199	37	23	38
175	172	279	190	182	41	25	31
181	168	282	185	155	37	26	35
178	156	264	188	169	43	30	33
183	149	296	195	172	45	31	33
189	153	337	167	140	46	33	35
142	136	309	169	127	43	34	37
128	140	314	177	147	43	34	33
127	147	325	174	136	38	31	34
