0	1	2	3	4	5	6	7
152	223	577	219	120	86	92	41
163	220	453	194	110	82	75	39
162	204	461	174	90	63	58	38
128	203	463	167	83	62	55	40
126	181	470	154	87	63	46	40
131	200	414	197	97	66	48	41
125	215	469	201	106	63	43	41
139	241	466	201	109	64	49	45
137	245	488	203	116	61	49	45
139	251	427	192	112	66	51	52
141	244	505	187	104	60	46	49
159	235	460	183	95	59	45	50
165	270	483	220	100	56	37	51
179	257	489	226	105	59	43	49
186	261	492	236	126	50	44	42
177	253	427	201	113	50	46	44
166	240	437	207	117	62	50	48
162	163	461	176	117	63	51	45
155	152	446	172	120	57	44	46
160	140	462	190	114	56	44	45
147	146	435	211	131	55	40	41
156	141	399	200	138	44	35	36
152	140	341	193	133	43	38	43
146	142	346	226	134	42	34	40
132	129	313	211	127	49	33	40
139	150	305	181	107	53	34	43
119	153	307	189	95	54	34	43
114	153	392	211	93	54	30	34
133	162	403	167	78	53	34	35
157	184	387	171	79	67	34	36
153	162	408	174	92	68	35	34
161	170	419	184	94	69	41	38
160	172	314	185	101	70	43	37
151	164	286	213	98	72	42	39
130	145	308	205	88	57	39	39
130	147	299	212	91	61	40	40
153	162	314	208	97	59	34	33
148	169	346	213	119	59	33	37
156	169	346	198	133	60	34	38
154	161	332	199	133	57	35	41
148	148	319	203	128	49	34	38
134	124	303	215	131	51	36	43
148	138	438	219	113	62	39	48
133	128	485	209	96	71	43	46
148	139	510	212	112	73	45	48
167	150	521	199	110	73	45	47
162	143	516	181	106	69	42	47
149	117	394	150	98	58	38	40
168	126	403	203	109	45	33	41
159	118	404	198	97	39	31	36
142	116	421	208	103	56	34	36
143	121	431	227	101	59	36	33
147	118	432	237	102	58	35	36
129	116	366	196	93	58	42	37
124	118	338	194	102	59	42	38
