0	1	2	3	4	5	6	7
152	202	570	140	114	40	33	46
181	212	585	149	115	40	33	44
198	248	581	160	122	44	36	43
210	243	572	174	113	43	36	46
213	223	536	155	111	41	36	46
214	265	469	169	105	40	33	43
208	268	505	185	112	46	37	44
229	233	503	180	105	42	37	46
234	268	511	189	111	45	36	48
233	274	482	198	97	48	36	46
218	249	516	197	102	54	37	45
271	273	541	186	89	50	32	55
248	263	528	194	90	48	27	53
249	236	494	214	91	50	29	51
261	235	517	211	87	47	33	56
302	214	469	204	83	45	33	60
264	202	387	227	82	50	36	50
270	216	514	266	121	64	43	54
255	206	529	258	123	64	43	53
245	209	533	264	127	67	45	49
218	219	544	264	128	66	44	46
196	204	587	245	128	65	43	50
176	190	544	203	91	52	37	49
185	200	537	180	76	47	35	48
180	213	531	177	73	43	30	45
248	220	549	178	68	42	30	47
246	239	512	172	61	38	29	44
273	243	476	160	66	36	30	43
278	237	460	148	81	40	36	50
313	233	548	162	76	39	36	50
268	228	528	196	77	39	36	48
268	195	503	201	82	40	36	47
244	191	469	215	80	39	37	46
245	191	563	228	63	37	31	40
211	183	539	210	62	38	30	38
182	187	521	239	64	37	30	39
239	217	514	247	64	36	29	40
246	208	505	228	61	39	28	36
251	231	400	212	60	39	30	38
244	228	327	222	61	37	29	37
248	215	441	172	60	39	34	39
207	206	492	152	64	43	39	40
211	211	599	157	69	42	40	42
227	184	609	169	67	40	39	40
231	178	626	167	66	41	40	45
283	215	579	151	64	39	37	43
271	207	586	149	53	36	33	45
289	206	499	140	45	37	32	45
275	202	480	140	46	36	32	44
306	218	435	148	49	34	30	40
260	190	391	182	46	37	32	43
291	236	460	200	55	41	35	44
270	239	469	233	60	41	35	46
266	252	470	232	63	41	35	44
252	279	530	220	60	42	36	47
269	275	585	261	70	43	34	43
243	242	476	253	65	38	31	45
277	254	492	226	63	37	29	44
267	260	515	239	66	41	29	47
269	255	476	259	71	43	32	47
274	297	487	197	63	44	36	49
304	298	515	192	64	43	34	43
271	291	493	201	68	44	36	45
342	305	568	192	66	43	38	46
342	270	583	163	59	40	39	46
335	222	519	234	65	39	37	44
321	213	562	231	62	39	37	46
369	212	566	220	57	37	33	46
334	203	478	216	54	35	32	45
322	207	470	239	60	36	28	42
313	227	565	168	52	32	25	40
349	277	526	174	48	34	26	40
314	278	537	178	50	37	29	41
306	270	590	171	53	40	29	41
318	281	591	142	46	39	30	49
342	281	513	132	48	40	29	49
337	252	573	132	48	38	31	53
319	247	593	143	47	38	31	48
305	250	535	140	42	33	31	45
321	242	505	155	47	32	32	42
329	221	503	158	51	35	36	40
296	217	496	155	52	36	35	37
303	201	429	161	52	35	34	37
315	181	434	176	57	39	34	45
279	168	469	159	56	40	31	40
241	156	537	168	56	40	34	46
230	113	459	163	59	39	33	48
246	143	480	142	66	43	36	53
215	138	550	184	64	42	36	51
253	158	531	198	63	42	38	51
302	175	490	188	60	42	38	50
301	174	559	217	66	45	38	48
282	160	572	234	65	43	36	42
279	163	504	186	61	42	34	41
264	148	486	179	69	42	34	45
200	134	521	173	69	50	72	41
232	138	472	172	62	55	76	38
258	139	441	161	56	54	79	41
283	140	485	159	56	55	81	45
277	132	507	159	47	56	82	42
303	141	503	173	59	57	50	47
270	133	471	137	57	48	44	50
260	133	520	128	58	48	40	53
268	133	516	138	57	47	37	47
266	147	523	137	57	46	36	51
254	132	459	137	45	35	33	51
268	156	518	147	46	39	35	54
256	157	516	149	46	37	31	54
246	165	518	150	50	38	32	55
256	176	545	143	49	39	31	52
262	174	552	140	51	40	34	64
266	148	538	136	52	39	32	63
305	160	542	162	54	42	35	62
319	154	509	164	59	43	36	63
302	124	465	171	57	40	36	60
277	124	456	164	54	38	33	41
297	126	451	182	55	36	33	44
275	119	394	164	52	34	30	41
275	107	380	163	50	36	33	41
286	110	369	155	54	38	34	42
295	115	477	222	58	40	36	44
266	117	424	221	58	40	36	37
247	95	473	215	60	38	35	38
208	101	486	208	59	33	36	43
193	99	497	226	61	34	35	44
185	92	421	169	64	34	33	43
167	94	472	142	59	32	31	42
166	117	423	159	57	32	33	44
208	125	428	168	57	35	30	43
208	126	445	139	51	33	30	42
221	127	456	128	42	33	31	40
244	158	430	197	59	35	32	40
245	150	501	201	61	38	31	43
202	151	494	200	65	41	30	36
196	153	488	198	66	40	29	35
180	158	447	224	72	46	28	38
173	136	439	174	69	52	31	45
196	162	396	167	68	52	30	40
204	168	434	157	62	50	31	41
214	170	408	185	77	50	32	44
210	173	405	161	81	43	32	46
207	175	397	159	81	38	31	41
180	153	388	155	83	37	31	40
173	150	343	186	88	36	32	39
162	161	371	167	76	35	33	43
157	173	404	195	75	38	33	42
147	164	401	211	72	34	31	44
153	163	367	214	74	34	33	45
171	143	329	193	70	33	29	44
181	150	292	190	68	34	31	38
187	138	250	164	62	34	31	36
174	144	280	155	65	34	30	31
197	140	261	145	71	29	29	32
196	159	272	148	72	31	32	38
210	144	268	147	73	30	29	36
223	135	271	153	84	27	31	38
222	131	261	149	90	29	32	43
198	138	273	152	99	32	32	41
215	133	328	157	101	30	29	45
199	123	352	159	105	36	29	45
170	140	367	164	98	36	25	41
170	142	340	158	97	34	24	38
186	128	337	174	88	34	26	40
146	131	287	164	86	36	27	31
133	153	252	164	84	31	29	31
132	150	209	142	82	32	31	38
216	153	227	153	76	31	32	41
200	161	212	131	77	33	31	41
196	149	195	124	74	31	31	44
215	152	205	115	78	33	27	45
231	163	238	188	93	34	24	44
169	153	224	198	107	35	22	40
162	153	247	208	101	38	25	39
165	162	277	228	103	37	25	36
163	138	268	238	102	43	35	41
165	119	289	193	109	44	38	44
166	128	288	172	101	45	38	48
181	153	303	162	105	41	36	48
193	154	300	147	110	44	40	50
172	176	349	136	111	39	34	46
150	170	323	125	101	35	31	46
140	164	317	164	115	40	37	50
147	161	307	176	116	41	38	52
142	165	291	176	110	39	36	52
154	171	259	200	118	39	35	52
171	184	268	204	119	41	37	47
177	191	281	191	121	35	33	43
163	169	270	174	125	38	33	43
157	158	287	165	124	38	30	42
165	139	261	139	127	37	32	41
150	121	251	136	128	35	31	41
139	118	268	128	114	37	30	35
129	133	257	126	107	35	28	31
133	137	264	124	124	37	28	32
124	123	265	139	126	40	27	29
119	124	282	161	126	41	23	29
117	125	291	148	125	42	24	31
131	113	299	152	135	43	28	39
129	117	262	150	123	42	29	39
138	117	263	134	108	40	30	40
160	122	255	113	106	40	30	39
165	118	237	136	125	39	31	38
164	129	229	132	110	38	27	31
169	128	235	136	110	39	28	31
172	125	254	149	112	38	31	30
160	130	233	154	108	37	32	30
166	140	249	146	83	33	30	29
160	131	247	154	88	34	32	28
164	141	252	159	84	31	32	34
143	138	240	172	79	33	28	34
136	131	234	158	82	35	27	33
166	126	193	144	93	36	27	36
164	126	213	138	87	32	27	36
148	107	221	153	105	36	25	34
143	129	206	132	115	34	24	34
210	150	221	166	122	37	27	36
