0	1	2	3	4	5	6	7
23	46	114	145	126	44	27	24
24	48	120	134	102	39	26	24
24	49	127	145	97	50	29	26
23	50	124	142	109	58	32	25
25	53	114	131	107	58	31	24
32	91	124	141	106	60	33	26
31	97	128	136	101	58	33	28
32	98	141	142	85	45	30	27
33	99	142	170	88	41	27	26
32	99	153	171	90	41	28	26
25	66	148	169	92	40	27	24
28	71	150	172	96	43	26	23
26	72	128	163	109	48	28	23
27	72	126	138	98	45	28	26
27	71	113	142	97	44	28	26
27	85	136	133	92	43	28	26
26	79	179	158	92	41	31	26
25	77	178	153	89	38	28	25
24	77	180	162	134	45	27	24
25	79	180	168	144	50	29	25
27	92	187	171	146	50	29	24
26	94	144	138	141	48	26	22
27	96	174	129	134	46	27	24
29	97	171	116	96	40	28	23
26	99	168	98	88	38	27	22
29	98	148	100	93	40	25	24
30	91	150	132	133	50	28	25
28	92	112	143	135	51	27	24
27	91	118	140	141	58	27	27
29	87	121	145	143	58	26	28
30	95	107	153	155	59	27	29
33	112	149	159	130	55	26	30
34	116	172	143	123	52	27	30
34	117	167	147	112	46	27	28
41	122	169	157	127	58	28	27
36	100	172	154	147	76	35	27
33	79	123	125	149	79	38	24
37	84	114	139	174	84	41	25
46	149	142	139	179	84	43	24
42	157	141	150	166	77	44	27
42	155	136	139	131	59	41	26
43	157	159	157	132	53	37	26
40	151	143	154	117	52	35	24
32	93	121	149	111	48	34	27
31	89	150	125	110	45	31	24
33	87	159	125	120	46	29	26
39	97	165	105	118	51	29	25
41	119	179	100	113	53	31	27
39	116	178	108	134	56	29	25
46	135	248	107	141	62	31	27
46	141	250	108	134	61	31	27
40	135	238	99	128	57	32	27
39	115	231	92	120	53	28	26
48	123	231	95	127	50	29	31
42	122	125	104	140	48	25	31
44	122	125	102	141	48	30	40
43	120	118	102	144	47	33	48
43	120	109	113	141	45	34	49
33	111	106	138	145	64	38	46
35	78	97	139	139	66	39	51
34	107	73	142	137	66	39	54
41	107	65	140	134	65	39	57
59	119	68	131	133	65	39	62
62	127	63	86	92	44	36	73
71	126	63	74	69	42	39	79
71	95	52	94	78	44	36	76
70	101	54	112	85	47	38	99
58	145	128	116	86	56	73	120
64	152	177	136	151	68	80	115
65	167	218	181	161	69	80	108
78	178	239	196	169	70	81	108
87	183	249	199	183	74	81	87
92	143	234	263	245	84	61	66
119	133	202	288	251	88	52	69
127	129	212	281	257	89	51	69
134	122	200	369	311	109	55	81
134	119	226	399	343	118	53	113
140	151	233	371	341	118	51	122
133	168	238	366	350	118	58	130
133	202	243	379	410	136	64	136
208	219	261	292	381	129	63	135
215	221	236	261	369	127	65	116
232	221	225	277	358	123	62	115
285	281	229	272	378	130	64	123
321	288	202	258	352	119	63	134
277	284	186	284	363	116	63	169
289	295	181	283	347	110	58	174
277	295	183	255	342	106	57	174
213	269	187	257	303	94	47	173
176	241	203	297	250	82	45	174
307	289	196	366	235	79	46	168
317	282	207	355	242	80	47	159
317	272	211	366	235	78	51	173
322	235	218	392	252	77	50	167
316	226	190	375	279	84	48	163
254	196	179	302	266	82	45	153
221	193	191	316	252	81	47	156
221	187	181	322	250	79	41	138
212	187	167	335	248	78	43	139
209	221	183	352	242	74	46	132
130	186	190	346	244	72	48	114
133	186	179	348	340	103	54	110
155	192	211	383	412	131	60	100
178	197	237	370	420	146	72	102
166	156	241	347	413	146	73	115
171	153	238	357	439	150	74	117
166	155	225	372	413	136	68	112
166	160	231	339	346	121	67	126
146	157	207	303	322	106	53	118
159	178	185	292	314	105	52	105
168	191	223	280	272	103	56	118
171	197	264	284	230	97	57	123
163	202	305	302	203	83	54	106
206	223	325	306	196	76	54	103
198	213	339	313	193	71	51	96
191	213	327	304	222	74	45	79
198	206	299	292	198	71	42	73
193	190	253	309	219	85	44	71
164	167	267	324	224	85	43	75
164	161	252	324	222	87	46	84
164	145	243	326	211	84	46	74
157	144	260	323	232	97	51	72
148	141	242	274	225	101	54	72
136	137	184	245	231	104	56	86
147	139	199	229	244	110	57	88
135	146	212	271	257	111	55	83
126	135	190	246	237	101	52	87
127	137	205	264	222	85	44	85
120	145	209	258	195	77	40	70
102	138	194	257	176	66	37	60
114	129	187	243	228	82	41	57
134	136	204	262	249	88	42	52
139	153	195	230	251	89	44	54
145	157	192	229	267	88	44	52
168	193	209	251	285	91	42	60
159	184	217	223	230	75	40	62
146	184	203	194	201	64	40	61
147	182	210	207	197	63	36	70
187	192	251	229	206	79	45	86
180	154	283	260	185	77	47	89
179	179	275	280	179	78	46	88
186	178	293	284	196	83	50	89
195	176	274	278	194	83	53	87
188	163	262	348	359	129	61	89
180	176	213	320	360	130	62	77
182	159	215	302	363	127	60	74
179	179	195	309	365	125	56	78
180	183	213	324	371	125	54	77
140	175	220	238	234	67	37	63
140	173	224	254	242	69	35	63
153	185	208	253	219	65	35	64
150	161	226	268	218	69	38	64
151	149	218	290	311	113	57	60
145	140	201	294	290	113	57	61
158	139	204	266	286	111	57	69
140	122	231	264	301	111	59	71
166	140	240	247	293	107	56	67
150	147	246	235	202	59	38	65
167	152	246	234	207	50	36	58
159	144	244	239	206	52	34	46
160	140	296	254	213	56	31	41
134	129	269	242	218	60	31	37
131	112	260	209	197	59	32	36
109	111	292	217	191	67	36	36
99	118	282	205	187	63	36	35
105	117	209	241	214	75	44	35
97	105	217	281	232	79	45	36
102	114	224	315	245	80	45	35
109	124	177	321	271	76	43	35
108	116	177	335	274	77	45	33
111	126	191	300	241	70	44	50
122	133	184	266	227	71	44	59
114	140	184	230	248	77	43	61
106	127	177	216	229	80	44	62
100	125	197	203	222	80	43	69
87	111	170	226	254	87	41	63
69	123	169	236	258	81	38	54
71	115	155	238	241	79	39	53
81	129	145	270	294	86	40	51
77	127	129	274	300	92	45	49
78	127	149	251	282	82	43	61
101	131	164	304	294	83	44	65
102	122	162	331	283	78	42	66
105	110	168	305	221	70	42	66
116	111	170	313	221	64	37	61
133	115	159	332	211	65	36	53
121	87	149	307	187	65	37	53
138	85	148	304	197	70	44	54
133	80	167	296	181	65	45	54
131	89	189	298	175	63	43	53
130	98	209	289	174	61	43	54
135	106	213	295	184	64	43	55
143	124	212	267	170	59	36	57
147	135	210	356	218	70	31	55
141	139	185	354	215	74	35	56
138	140	176	351	207	74	34	55
130	136	159	325	195	70	33	50
120	131	165	335	213	78	40	55
124	124	203	234	156	63	40	57
133	114	207	240	162	65	41	60
126	105	193	277	160	64	42	50
131	105	197	273	147	59	41	47
113	95	199	291	199	77	43	66
110	88	155	314	210	83	46	66
96	83	145	311	217	79	42	66
97	82	178	263	233	86	44	66
93	94	190	274	264	96	47	74
98	96	186	287	268	89	42	60
91	97	181	300	287	98	44	61
93	109	180	283	282	97	44	58
98	114	162	293	275	91	41	59
108	112	148	346	286	92	41	48
108	132	145	312	240	82	50	45
111	141	132	303	233	72	49	50
117	138	134	336	264	79	50	52
115	130	134	337	269	80	51	53
107	137	151	285	264	79	51	55
104	116	151	277	264	81	44	51
107	117	148	252	237	78	48	76
105	118	156	222	246	78	48	76
113	156	142	268	246	81	50	76
115	164	128	266	237	75	53	75
118	166	121	265	237	75	58	82
120	163	145	261	262	77	53	66
125	161	139	336	230	72	59	69
115	128	140	297	222	72	57	68
118	102	136	278	194	69	58	69
131	105	133	298	206	69	53	62
120	98	109	304	189	68	56	51
113	95	86	210	180	69	51	47
122	98	98	192	174	66	52	47
123	99	91	209	169	66	60	50
103	107	95	182	169	72	58	60
103	105	102	182	161	67	55	68
107	103	106	196	158	64	58	70
91	107	115	263	188	73	59	70
82	112	130	257	204	73	49	87
118	108	127	256	194	66	53	82
120	116	122	252	212	69	50	73
120	124	129	249	210	69	49	72
123	114	113	196	212	62	44	82
125	111	115	211	266	77	41	65
98	95	117	234	266	78	36	62
95	87	117	231	275	87	39	63
89	82	105	215	268	84	43	61
103	106	113	243	249	86	45	60
104	109	98	223	181	71	44	58
100	115	97	206	173	67	43	57
109	123	94	264	168	66	49	58
127	120	109	285	183	72	46	60
114	104	99	291	243	82	51	57
108	101	97	297	238	80	54	58
110	94	101	340	266	86	55	58
116	104	113	311	267	90	53	58
102	114	104	302	259	89	53	64
101	108	112	286	222	80	51	62
126	120	122	359	245	86	50	64
126	124	135	340	240	92	62	64
112	117	126	331	211	78	58	73
115	119	140	329	214	76	59	66
116	122	137	333	218	76	58	59
101	107	133	280	198	73	57	52
98	102	138	295	200	68	51	65
109	111	139	335	250	83	55	61
116	113	135	341	265	85	53	61
115	124	134	340	303	101	60	65
117	130	156	322	300	101	62	67
123	132	137	295	293	97	55	55
112	129	138	262	281	95	54	46
90	117	163	264	312	113	58	46
85	107	192	262	267	100	54	38
79	100	219	300	294	120	54	45
75	95	234	292	283	123	70	113
85	83	237	274	264	116	89	182
102	91	220	296	240	103	90	189
118	93	195	315	250	104	89	191
116	88	158	341	282	94	89	190
112	90	155	357	297	90	80	164
106	94	160	366	307	93	56	84
97	88	150	369	290	85	51	67
89	84	158	360	294	94	56	65
105	98	142	310	243	87	59	61
110	107	162	340	222	86	53	43
116	120	168	354	216	85	55	38
111	120	169	323	216	86	54	41
102	121	154	309	218	80	45	38
81	112	160	347	228	83	40	38
88	109	139	333	284	99	49	43
82	88	128	317	275	98	46	42
97	97	129	314	263	96	51	45
104	97	141	312	253	92	54	46
99	98	131	265	237	87	55	50
98	91	119	283	188	71	49	61
97	93	114	277	191	71	49	65
103	92	113	287	208	72	44	59
102	92	117	273	187	72	41	58
104	91	121	270	195	69	40	56
96	97	115	196	174	65	41	42
99	95	104	208	167	62	41	40
92	87	110	192	165	66	42	46
85	80	99	267	211	73	44	48
99	96	127	291	218	74	42	47
96	88	125	284	211	74	41	49
109	84	132	281	221	77	42	45
99	77	130	282	210	73	45	39
106	106	138	227	197	67	45	38
90	95	111	251	245	84	45	39
100	99	123	315	277	90	49	49
104	110	142	316	272	93	54	51
112	114	137	321	300	101	52	50
106	98	123	325	292	106	54	60
113	101	134	286	235	85	53	61
104	100	124	234	224	85	54	68
90	101	103	241	224	83	48	69
83	100	104	225	186	76	49	70
81	92	109	202	177	68	46	66
88	94	108	208	182	69	46	71
88	94	109	231	188	68	42	58
78	76	104	208	184	64	41	55
78	76	111	219	186	60	40	55
94	77	112	242	219	74	44	59
81	71	108	221	221	75	43	53
85	85	110	182	191	69	48	51
102	96	115	177	191	69	50	55
99	98	127	162	183	68	49	62
92	95	128	132	193	72	52	52
104	98	118	233	290	99	59	52
109	98	129	237	294	102	52	49
95	92	120	235	294	105	52	51
98	85	106	236	299	113	53	45
106	89	119	242	304	114	60	44
102	86	119	156	241	106	58	45
90	66	109	150	237	104	59	48
90	72	130	193	258	110	61	56
96	84	125	212	274	116	64	61
86	82	115	204	236	107	53	61
106	80	115	202	209	94	48	60
111	86	113	208	214	94	46	68
109	78	86	177	203	89	49	63
101	67	90	200	200	81	47	57
122	68	101	192	196	76	46	55
99	72	102	237	211	78	47	53
94	64	97	229	205	78	48	42
95	70	99	225	194	71	40	36
125	72	107	206	195	60	34	37
103	85	93	204	190	59	33	35
102	86	99	139	161	53	30	47
107	90	100	143	166	54	39	50
116	89	100	143	164	64	40	55
82	86	88	129	145	66	40	56
81	71	85	129	136	63	42	59
80	64	102	144	138	63	44	65
89	65	101	136	125	62	37	63
89	79	117	128	110	52	37	59
133	104	119	106	93	54	40	59
135	124	126	134	142	66	42	69
145	124	104	161	165	72	55	58
137	124	108	204	238	96	58	62
141	112	91	223	288	111	63	68
131	100	88	227	294	107	61	80
134	82	86	205	273	103	57	71
137	102	109	174	258	98	45	69
138	102	105	165	200	75	41	67
127	103	103	145	143	55	37	72
96	94	112	146	141	56	37	63
88	93	110	149	141	53	35	60
62	72	126	153	141	52	40	60
57	67	124	100	127	49	41	57
57	61	132	120	145	53	41	47
61	59	152	140	153	58	42	47
57	41	147	139	173	60	45	45
57	39	120	136	178	66	42	46
55	54	126	138	177	65	40	44
46	79	130	115	140	58	40	37
36	79	95	74	112	49	50	28
31	80	98	71	72	44	53	28
29	79	98	67	52	33	53	26
30	69	92	60	51	38	53	26
24	39	74	48	38	34	49	24
23	41	87	46	38	37	40	22
22	55	98	44	34	35	44	22
28	82	106	47	37	37	44	27
27	82	108	47	30	32	43	26
26	83	114	52	30	32	44	28
32	84	145	53	29	28	40	27
35	115	149	57	31	31	28	28
32	102	142	65	47	31	24	24
33	107	172	80	59	34	27	25
34	107	173	87	65	41	32	24
30	109	155	102	69	43	34	26
39	121	169	133	120	56	39	28
44	126	198	167	249	95	46	30
48	146	251	186	264	101	46	31
55	158	251	191	268	101	44	31
55	155	256	194	278	100	42	30
50	132	294	197	268	98	40	31
47	137	308	200	167	63	33	28
43	112	270	235	163	63	34	28
33	96	271	234	159	64	38	29
43	167	301	257	146	66	40	32
42	171	271	327	142	62	41	31
42	182	238	347	147	65	42	30
41	187	225	333	127	59	43	29
46	211	256	341	129	56	41	28
44	242	270	339	123	53	41	24
47	267	271	307	126	56	39	25
45	267	274	278	105	53	41	25
47	265	298	300	140	60	36	25
45	254	329	322	143	66	42	27
41	193	294	309	146	68	42	28
35	144	329	358	146	64	42	28
33	120	323	357	141	62	40	27
36	117	295	343	110	53	41	29
31	99	233	330	102	46	32	25
31	70	234	328	97	43	34	24
36	62	149	284	90	44	42	24
36	56	158	283	89	42	41	23
34	51	164	268	74	38	40	22
34	48	152	259	65	37	43	24
32	39	116	279	134	57	41	23
25	40	111	280	152	63	36	23
30	42	108	346	163	67	39	27
38	52	138	373	174	72	41	27
41	72	161	373	173	71	37	27
42	70	162	380	125	54	35	26
44	73	162	404	120	56	34	27
42	73	167	407	152	70	36	25
34	64	142	402	151	73	35	24
31	41	138	416	159	75	37	25
29	40	144	399	166	78	37	26
27	34	140	352	179	82	38	24
26	31	134	273	155	74	34	25
23	31	129	240	151	75	32	26
22	34	116	266	158	78	32	23
23	33	113	293	150	76	31	23
22	36	144	283	119	65	31	23
21	37	134	293	106	55	30	22
21	35	129	290	115	41	29	22
21	32	117	334	137	44	28	22
21	32	110	345	140	45	28	23
22	28	68	339	140	45	24	24
23	26	80	331	136	48	25	25
23	26	79	328	128	49	25	24
25	30	98	244	99	52	34	27
26	30	96	172	102	53	37	26
25	33	121	241	99	53	39	25
25	31	116	248	101	53	38	23
27	33	115	256	108	56	39	28
26	29	99	234	91	43	31	25
27	29	106	327	106	42	26	27
27	25	79	272	103	39	26	27
27	25	72	272	149	56	28	28
25	22	67	293	160	66	30	25
26	22	67	290	161	65	29	26
22	23	57	191	175	67	30	25
23	28	58	213	180	70	29	25
23	28	66	232	153	59	27	25
23	29	71	191	130	46	24	24
23	30	85	220	137	50	26	23
24	29	87	218	101	48	26	22
25	27	81	193	99	45	27	21
24	28	79	171	101	45	29	22
24	29	86	169	121	46	28	22
23	31	97	157	124	48	28	23
24	31	98	156	127	49	27	23
23	31	104	164	122	50	27	23
22	31	104	178	112	48	25	21
22	31	99	182	92	47	24	22
21	31	77	174	81	42	22	22
21	32	79	181	79	45	27	21
21	30	73	179	88	48	26	21
