0	1	2	3	4	5	6	7
111	249	153	71	48	26	23	28
115	256	168	64	53	27	26	34
119	246	173	58	49	28	27	35
129	236	173	62	74	33	57	120
124	233	164	58	79	34	62	168
129	273	191	60	79	34	64	179
135	288	209	59	76	33	64	190
137	262	213	66	82	34	65	192
130	258	208	59	61	28	42	157
142	280	196	58	53	31	36	107
135	254	182	54	52	30	33	87
132	241	159	54	50	32	31	56
131	257	143	49	39	31	29	49
130	271	141	66	39	33	25	43
120	239	143	68	38	30	26	37
108	221	128	70	38	31	27	44
105	232	155	72	65	32	29	106
102	234	161	102	121	37	30	112
99	237	163	98	125	35	31	112
114	244	170	98	128	35	28	114
132	284	173	100	136	35	27	114
137	279	159	103	125	34	27	59
158	269	150	72	78	30	27	50
156	251	140	67	81	31	26	44
137	230	150	66	85	29	27	38
121	180	151	72	81	27	26	32
128	170	123	69	88	29	27	34
102	151	121	72	89	30	25	33
103	141	117	70	79	30	27	34
99	168	89	80	72	31	29	35
88	157	79	71	72	32	29	35
118	202	98	69	69	33	31	34
122	218	97	61	64	34	33	35
122	222	119	71	79	34	32	33
122	202	119	63	80	39	34	30
128	244	122	64	71	38	33	30
81	209	124	68	68	33	28	26
91	199	119	74	78	33	25	21
91	217	111	70	84	33	24	22
95	215	109	82	84	28	18	23
92	173	118	86	84	31	28	28
101	165	112	85	85	32	30	28
89	182	111	82	81	30	32	30
90	150	112	77	62	30	34	30
84	162	117	62	61	28	34	29
82	158	111	64	66	27	27	27
67	152	103	62	64	30	28	25
75	238	112	60	63	30	29	27
83	246	97	59	60	29	29	28
124	248	89	58	59	31	28	29
121	251	76	45	56	29	31	26
123	273	80	65	64	27	30	27
120	202	80	77	61	31	30	25
113	210	91	76	62	31	28	24
68	210	91	77	61	30	28	23
71	216	103	77	63	29	26	24
68	193	101	61	58	30	25	25
67	200	107	44	53	26	21	24
67	181	108	59	60	27	22	22
66	195	114	62	63	30	29	30
102	216	114	73	57	31	33	33
109	231	121	78	76	31	33	33
103	214	111	85	88	35	35	34
105	230	122	78	95	33	35	38
104	212	120	75	103	32	31	35
68	179	116	100	110	31	27	32
