0	1	2	3	4	5	6	7
27	67	165	198	106	48	31	30
30	80	172	181	124	52	30	27
31	66	175	185	130	58	35	29
34	70	185	187	133	58	35	29
34	84	182	209	131	58	35	27
30	83	152	197	153	65	34	21
32	79	152	249	174	80	41	27
36	95	164	262	169	77	39	28
33	92	155	264	166	76	37	26
35	77	149	236	165	76	37	29
36	80	145	246	119	59	34	30
34	101	166	227	61	32	26	25
27	84	142	211	73	35	27	24
29	90	148	202	85	45	29	26
27	92	161	212	85	45	27	24
27	91	164	295	100	47	27	23
27	68	125	289	98	45	25	24
31	90	137	288	110	48	26	25
31	94	128	301	118	48	28	30
38	118	160	297	124	50	32	32
42	123	195	193	170	78	38	35
43	119	200	166	179	85	43	37
44	109	199	222	238	95	43	37
43	116	216	236	248	99	44	33
37	112	211	230	250	98	43	32
33	107	189	226	222	79	38	28
33	119	186	226	220	74	36	28
29	116	191	190	145	58	33	27
35	117	237	174	115	45	31	27
35	102	222	180	131	55	30	28
44	126	228	184	133	55	32	28
54	129	231	197	191	71	36	29
53	138	223	182	194	73	37	28
50	126	150	153	194	72	36	26
52	128	151	155	184	63	33	23
45	106	129	163	181	61	32	24
40	126	168	184	184	59	36	37
49	135	189	180	180	58	40	43
60	179	210	180	184	60	41	52
76	183	214	170	183	61	46	120
77	191	217	147	183	63	53	136
75	168	185	80	113	43	45	135
70	169	176	91	128	45	44	136
70	129	150	99	131	45	44	135
53	124	155	95	125	44	39	86
54	113	152	94	111	40	35	98
60	147	177	89	103	38	41	98
68	167	172	80	72	35	42	98
60	169	167	67	47	32	50	101
61	168	142	68	43	33	55	102
60	171	137	70	47	36	58	76
82	154	99	138	130	58	59	70
87	140	152	178	160	64	60	75
116	145	199	292	231	76	64	72
170	156	221	320	282	88	61	68
178	170	228	341	315	102	59	62
198	169	248	365	333	115	68	63
246	167	255	362	357	125	69	65
252	200	251	289	339	122	64	88
225	201	236	272	328	125	68	88
244	206	237	263	310	115	68	103
275	267	222	260	284	103	60	117
296	289	178	258	260	93	60	126
301	295	162	259	236	90	60	125
312	312	172	285	232	83	58	178
305	315	191	296	256	91	56	191
268	279	206	384	338	105	58	189
202	252	209	402	335	105	68	186
188	224	208	406	350	108	67	181
177	219	211	408	360	110	68	159
167	201	188	408	361	111	65	136
162	174	172	435	395	124	63	176
176	176	166	419	394	122	50	176
175	169	145	417	381	118	53	223
169	133	134	432	362	115	55	223
173	131	132	436	380	114	61	232
161	141	143	353	264	84	59	236
136	124	148	353	265	88	62	285
135	112	151	366	277	93	87	401
130	141	164	337	279	93	89	427
122	168	182	355	255	96	100	443
130	166	192	413	292	97	104	434
133	170	192	417	297	95	108	406
121	179	188	415	300	98	103	287
137	157	185	458	288	92	100	243
148	142	193	469	307	96	90	237
148	145	178	386	260	89	84	242
186	161	165	371	241	84	77	283
204	162	158	378	230	75	59	286
193	166	156	345	283	87	59	283
185	183	131	328	365	110	59	256
193	206	135	310	374	116	75	268
173	210	155	360	377	120	84	308
146	228	178	440	458	132	80	281
163	231	176	439	462	132	83	273
163	211	176	417	389	107	78	273
168	197	157	421	385	104	70	265
161	211	141	391	402	105	57	183
162	208	155	412	370	115	66	180
149	200	168	392	339	111	62	185
143	197	159	381	314	108	79	229
119	205	163	402	333	112	81	212
98	169	179	411	337	117	83	204
88	147	174	294	298	100	77	203
84	158	168	350	301	95	77	204
82	164	177	356	296	94	63	178
99	157	177	322	262	81	50	170
128	171	160	331	258	78	57	154
127	160	172	340	289	100	64	146
130	154	161	279	289	106	68	146
144	149	150	272	300	112	70	149
132	132	172	347	383	131	72	147
134	111	175	339	380	133	65	141
139	118	148	316	334	118	59	145
144	140	148	317	320	116	56	167
135	137	152	322	317	109	55	149
137	130	127	259	266	110	57	144
118	124	130	227	250	103	60	144
126	133	110	210	242	96	56	159
125	122	93	187	233	96	61	141
127	124	87	215	288	114	61	128
126	135	88	207	264	95	57	132
118	166	100	216	255	94	56	136
117	160	104	222	259	94	63	134
112	159	105	228	299	97	57	145
105	155	106	214	276	86	55	147
120	160	132	213	255	85	58	145
129	156	153	238	280	90	59	140
122	160	151	239	284	87	53	139
113	146	155	253	257	82	53	132
124	166	182	250	260	89	53	128
114	159	174	240	270	91	51	133
114	146	145	198	244	87	59	135
125	141	163	314	277	103	66	147
123	146	170	333	275	110	68	137
117	177	165	344	270	115	73	167
147	175	152	355	279	121	75	196
150	167	150	378	292	123	71	220
141	180	142	320	277	119	69	207
150	186	143	290	273	112	64	210
165	135	126	281	259	96	61	195
131	139	140	299	242	83	62	193
121	151	171	301	249	88	58	163
140	128	165	286	230	81	55	170
133	115	155	307	239	81	60	162
103	121	151	306	236	81	64	152
105	113	159	295	229	80	59	110
113	101	134	280	208	69	58	110
98	99	134	281	195	60	55	145
105	116	131	256	186	56	57	154
106	111	132	255	168	51	51	154
117	113	131	261	205	70	49	157
109	105	121	262	206	77	55	175
98	109	129	264	222	79	52	131
111	96	131	259	219	82	49	118
122	96	125	289	229	83	48	143
109	87	115	299	224	72	51	162
111	87	122	302	248	69	45	152
121	83	105	323	240	73	48	154
108	89	127	319	245	74	46	160
102	92	122	293	231	69	46	144
103	95	117	259	219	67	45	113
110	105	136	281	183	59	46	127
96	115	140	253	198	63	54	136
116	112	125	283	204	65	55	133
107	107	135	279	231	76	52	127
117	108	131	296	251	88	55	129
114	106	109	277	267	96	56	125
128	103	132	276	263	93	47	130
105	101	142	275	294	96	44	146
106	100	163	292	279	92	51	187
98	96	171	295	249	82	47	190
110	88	169	281	237	80	43	186
100	90	159	284	260	93	50	174
99	88	156	274	249	93	52	158
106	91	137	242	242	93	51	112
108	90	126	220	248	91	54	113
84	86	124	257	247	90	59	118
76	73	113	285	232	83	54	124
78	68	109	300	210	77	57	125
65	63	100	349	256	84	53	123
93	70	94	356	288	91	55	117
95	73	109	346	293	96	52	92
97	72	127	324	295	96	52	101
97	77	121	333	294	92	46	129
106	90	119	294	261	84	48	132
88	93	120	287	225	75	43	131
88	92	120	292	247	74	41	132
90	95	108	290	236	73	50	135
91	87	110	251	213	73	51	106
82	75	106	234	203	70	53	107
85	92	105	233	203	74	55	160
92	105	110	214	168	68	54	166
94	103	108	230	154	64	44	153
90	106	105	246	164	71	55	155
90	108	105	298	189	78	60	145
79	94	126	344	186	72	56	101
85	79	108	354	194	77	56	115
100	81	98	348	204	70	58	121
102	83	106	377	246	77	49	139
104	81	117	390	296	87	41	153
109	77	115	347	313	97	50	184
106	77	110	323	314	101	56	171
85	71	110	356	323	102	56	190
87	64	107	352	293	98	59	183
81	56	136	293	232	85	66	181
86	65	123	297	213	81	63	150
84	71	131	359	216	76	59	162
99	85	131	313	196	79	63	170
106	90	127	278	201	78	60	173
114	96	109	295	216	77	53	172
107	99	110	291	249	80	51	170
106	97	110	237	240	75	49	168
95	88	109	223	226	69	39	155
86	85	110	246	225	63	35	148
75	80	101	232	215	61	36	138
70	70	100	239	174	53	37	135
82	80	92	232	179	71	41	126
88	88	97	288	216	80	42	103
86	85	110	279	226	96	54	99
88	91	107	292	252	110	56	108
92	88	104	310	290	119	56	111
81	88	110	296	279	109	56	126
74	84	107	257	259	103	58	131
80	91	101	274	285	96	50	143
79	86	94	314	273	83	46	144
89	91	96	299	235	69	50	150
93	96	84	306	251	74	46	145
97	91	83	308	251	77	45	149
94	85	100	284	223	76	45	134
99	93	117	234	200	76	48	128
104	86	121	238	194	75	46	115
95	73	124	268	225	88	52	99
90	73	135	270	240	91	51	80
92	78	119	304	250	98	53	83
95	75	103	309	256	96	53	97
80	82	98	306	258	96	52	101
81	80	101	293	227	84	54	144
104	88	102	295	230	90	59	154
114	91	125	258	219	95	66	155
113	91	131	243	214	94	65	180
134	103	130	230	215	97	68	195
145	105	131	269	232	97	63	175
129	102	124	312	233	97	62	177
121	105	133	308	216	75	53	179
141	111	132	313	210	74	53	169
121	100	133	321	212	69	48	168
108	95	132	304	199	66	48	174
144	103	141	267	193	64	41	169
154	109	113	277	191	64	38	183
131	104	107	289	212	70	39	174
137	108	105	316	262	85	42	157
140	110	110	299	256	91	40	152
130	102	97	286	241	84	46	154
121	102	89	284	244	83	49	149
137	106	85	261	229	81	49	137
128	97	85	345	274	79	46	144
125	100	76	346	287	78	50	135
96	107	67	351	299	82	46	148
99	95	81	342	300	84	42	142
73	88	78	336	300	82	41	171
79	110	85	306	242	74	40	164
93	124	106	308	232	67	36	161
98	119	114	290	213	62	46	162
94	116	106	291	208	61	49	191
103	115	104	298	226	70	51	169
99	93	98	244	209	79	53	167
96	73	80	240	214	77	52	190
102	78	89	246	219	78	43	188
105	97	97	237	221	75	43	157
102	112	120	311	232	76	42	153
105	118	124	280	216	69	43	156
98	129	128	267	196	70	47	138
111	125	114	266	197	68	52	131
105	110	109	299	225	84	52	131
97	92	126	258	224	83	53	141
109	92	129	251	225	78	51	155
133	103	123	239	225	82	57	155
119	103	128	274	223	86	50	154
122	105	126	258	186	72	55	169
126	108	128	255	150	64	54	154
119	107	146	260	127	66	61	142
98	81	140	259	127	61	56	145
91	83	154	262	197	72	60	158
88	83	168	316	292	97	61	145
106	103	144	303	317	105	64	158
105	119	139	299	324	108	60	166
112	122	144	312	348	115	62	156
116	118	126	328	363	117	60	134
115	119	117	296	324	102	53	124
98	105	112	284	301	95	55	152
107	91	92	281	304	92	51	170
97	91	94	277	286	89	54	212
99	94	101	244	255	91	57	218
104	94	94	222	231	91	58	221
102	94	92	217	228	90	54	218
86	83	105	241	340	119	57	201
83	96	101	255	364	120	51	158
84	93	99	242	342	109	46	154
90	88	104	239	376	117	59	180
89	85	108	241	388	123	63	163
93	100	102	209	284	92	59	156
97	91	103	193	241	85	59	181
89	89	102	175	239	90	59	174
72	90	109	145	159	71	44	141
69	85	112	139	135	60	35	128
63	67	103	137	126	59	41	148
46	56	111	138	134	57	45	103
40	53	114	162	145	50	46	99
39	49	102	162	141	50	46	111
44	62	103	162	126	49	47	106
44	59	132	161	126	50	45	72
39	72	137	153	107	44	40	71
40	73	140	137	109	44	37	72
40	74	142	132	117	47	38	48
31	64	142	127	112	44	45	39
26	62	120	121	111	42	42	36
28	64	107	95	107	44	45	41
28	62	111	64	65	38	44	39
30	60	110	53	38	32	43	34
28	56	102	42	40	37	33	34
30	58	107	54	38	37	32	37
28	35	106	55	37	35	27	28
25	32	93	58	32	34	28	27
23	72	94	63	42	36	28	26
23	75	95	67	50	34	28	26
22	73	93	99	54	33	30	21
22	75	139	172	79	45	36	27
25	78	142	193	95	52	38	28
27	63	152	227	156	71	41	30
36	93	170	236	169	75	43	33
36	93	172	252	193	81	43	32
36	93	146	225	191	81	42	29
36	94	168	228	194	80	41	28
35	85	159	208	188	74	39	27
35	70	169	247	244	85	42	28
36	107	196	231	246	87	44	27
44	145	228	255	244	82	43	28
43	147	215	255	245	84	42	29
44	149	232	294	225	82	44	29
40	147	220	308	206	84	44	28
46	161	229	311	191	77	40	31
39	129	206	290	197	78	42	30
40	130	209	304	193	77	49	31
40	128	223	295	185	68	46	29
38	128	220	252	143	51	43	28
30	105	196	316	151	54	44	27
31	108	188	334	141	53	43	27
30	103	179	313	135	51	35	26
27	100	148	334	142	57	33	25
30	93	157	421	120	56	38	28
29	57	154	384	102	56	42	28
28	46	156	367	96	53	41	28
27	48	166	372	137	68	43	26
29	77	162	332	138	65	43	27
27	78	203	206	165	77	43	25
26	78	208	171	169	79	40	24
25	78	203	196	172	79	47	24
26	76	209	191	143	66	46	25
26	45	218	244	134	68	48	26
27	39	167	281	96	50	43	25
27	74	164	289	92	42	40	24
30	82	173	289	91	47	30	24
32	83	173	315	103	58	41	27
31	84	171	355	111	57	42	27
30	86	195	334	107	57	43	25
30	60	196	359	105	62	48	29
28	50	202	364	109	63	48	31
28	55	208	474	111	56	42	30
28	51	206	433	97	52	47	31
29	46	185	441	97	53	49	33
29	48	186	429	89	46	44	29
30	52	166	425	77	39	43	29
31	54	156	292	60	42	45	29
32	88	149	436	79	44	35	28
33	91	165	430	86	49	35	26
33	89	156	428	88	47	34	27
31	87	168	425	103	50	32	25
33	83	174	416	113	51	28	25
31	49	175	244	112	54	28	24
29	44	155	216	112	52	26	25
30	45	150	225	110	52	26	24
29	39	139	218	109	56	27	26
23	37	136	221	122	73	33	26
28	34	120	282	151	86	38	30
31	34	128	308	154	86	38	31
30	30	119	285	156	92	51	33
33	34	132	299	156	90	57	34
38	37	134	345	164	77	51	32
36	37	154	289	137	62	47	31
34	36	150	300	137	63	48	29
34	36	152	302	137	58	37	25
32	36	152	289	136	54	27	23
26	32	143	206	99	46	28	24
23	31	127	236	101	44	29	22
25	30	129	189	100	43	28	23
24	30	123	186	113	42	25	24
23	27	106	229	102	43	25	22
25	26	100	243	108	45	26	23
25	25	91	224	101	42	24	24
26	26	86	224	100	44	26	24
27	26	86	230	106	53	28	23
28	27	78	173	112	57	32	26
25	27	64	208	115	60	34	24
26	26	70	218	113	61	33	24
24	28	79	220	108	59	32	22
25	28	78	242	95	56	33	25
25	29	95	243	92	59	33	25
26	29	89	201	98	54	33	24
25	30	85	192	106	55	34	29
24	31	90	191	110	58	35	29
22	31	92	179	106	58	35	28
21	28	80	172	103	50	31	27
21	30	91	183	93	52	27	28
23	39	120	220	118	56	29	23
25	39	111	263	121	55	29	25
26	38	108	249	114	51	28	24
24	39	107	256	115	49	28	25
24	37	98	245	110	46	31	24
22	29	67	201	78	41	28	23
25	28	80	167	101	50	30	24
25	28	84	172	109	48	30	22
25	30	82	174	111	53	31	24
23	30	80	168	108	56	30	24
25	30	86	202	109	63	34	26
21	31	72	191	100	57	35	26
22	32	69	214	109	59	36	28
24	29	69	211	109	58	36	30
26	30	70	217	113	55	36	31
25	28	55	185	108	47	30	29
26	33	88	218	97	39	26	27
27	33	85	192	81	37	23	27
27	36	90	202	85	34	22	23
26	35	93	209	84	38	22	22
27	35	92	228	98	35	23	23
24	28	65	188	89	36	23	22
24	29	66	184	94	37	25	21
23	25	58	173	96	42	25	20
21	25	55	185	98	41	26	21
22	24	61	158	108	43	27	21
22	25	67	171	124	50	29	23
24	25	70	173	126	52	31	24
23	26	70	170	125	51	31	25
25	27	70	155	122	51	32	27
26	29	61	151	104	53	35	26
25	28	110	256	92	52	34	26
23	26	134	339	98	54	31	26
24	27	138	343	90	53	32	25
24	27	139	341	90	53	31	27
23	26	144	357	100	50	27	27
23	26	108	282	90	47	29	26
25	29	103	183	79	40	28	24
