0	1	2	3	4	5	6	7
38	241	301	100	64	22	31	27
49	276	334	100	62	21	28	27
62	427	476	111	62	25	29	27
68	534	502	123	70	25	29	29
71	566	479	131	82	27	28	30
83	623	499	126	109	90	34	37
84	710	507	121	139	138	41	43
87	700	482	153	136	148	43	43
87	683	470	149	139	161	45	45
85	672	476	141	144	165	46	45
77	725	459	137	133	232	49	44
76	688	460	136	103	217	46	41
74	650	378	89	99	213	44	43
72	639	391	109	105	207	45	42
81	668	406	116	146	222	50	45
79	574	402	115	169	143	45	40
87	594	433	121	211	158	46	40
84	583	534	160	232	165	48	38
91	544	550	147	227	162	46	40
88	502	552	143	197	140	38	39
96	469	549	147	201	133	38	40
89	364	583	173	175	104	37	40
94	349	523	174	156	88	36	42
96	440	493	183	165	90	41	45
95	450	484	183	164	88	43	42
85	490	523	196	133	73	42	42
97	501	465	174	129	82	40	42
92	495	460	149	132	83	41	41
85	397	538	155	120	78	38	36
98	361	549	167	128	78	39	41
112	285	545	163	124	74	38	46
102	234	577	177	102	51	39	45
97	205	575	176	92	46	35	45
98	226	551	161	101	45	34	48
85	224	530	148	93	44	34	45
67	199	539	151	97	53	35	46
76	212	508	147	96	56	38	53
149	264	610	237	111	66	56	83
162	248	596	268	108	75	64	91
182	255	795	395	132	114	98	113
201	286	849	398	132	127	121	123
218	309	945	406	140	130	128	141
204	354	1048	449	143	142	124	153
206	396	1110	467	152	144	134	165
212	540	1075	446	151	132	114	166
219	607	1123	601	226	127	104	168
222	645	1110	619	231	140	120	174
237	682	1053	603	240	199	212	218
230	674	1037	625	240	210	226	262
237	571	1073	624	235	203	242	303
222	504	1068	616	179	204	239	306
226	552	1159	669	186	208	253	327
184	496	1133	684	176	158	206	310
209	550	1275	866	236	151	192	293
216	585	1289	911	257	154	184	248
231	597	1309	880	271	169	201	274
215	583	1256	853	265	157	194	332
219	615	1267	836	261	167	178	350
199	654	1262	659	210	167	173	364
161	656	1399	747	233	170	180	388
155	681	1366	730	224	172	182	397
158	656	1307	756	231	178	181	348
184	673	1276	765	231	162	210	343
195	645	1179	734	228	152	214	326
197	672	917	573	170	141	203	328
205	646	959	653	191	127	188	299
218	698	1061	653	187	150	175	288
216	638	1183	642	185	160	157	328
225	624	1137	634	188	177	202	430
242	650	1202	636	202	209	277	483
237	660	1181	580	186	203	289	511
218	614	1212	573	192	179	294	527
214	613	1204	593	199	167	298	532
194	561	1268	676	227	164	285	465
181	453	1256	679	221	132	262	447
156	441	1302	679	211	128	259	450
158	399	1265	670	210	133	249	441
144	384	1181	728	224	134	246	411
161	391	1186	664	185	118	242	431
157	491	1179	672	195	106	194	372
159	499	1170	641	182	110	181	366
172	520	1135	606	186	148	212	346
167	530	1118	529	173	146	195	325
145	556	1061	521	176	146	178	263
150	532	1046	511	172	155	174	296
165	496	936	463	182	194	211	293
168	502	968	532	196	176	198	304
166	497	1059	527	186	173	195	320
169	479	1079	643	220	190	200	323
159	468	1112	647	214	184	205	327
153	497	1156	703	215	148	172	294
140	547	1186	716	208	144	161	301
157	566	1150	721	213	146	163	289
169	554	1074	608	180	125	153	296
175	537	1054	600	178	119	153	300
167	553	1077	605	164	131	154	298
161	451	965	527	135	122	154	285
165	426	1013	541	132	143	246	415
148	455	1135	592	136	161	256	417
140	460	1218	682	150	166	247	406
147	456	1240	639	164	150	245	397
152	438	1274	648	165	146	239	404
122	484	1198	615	154	125	157	260
136	527	1199	591	151	110	142	239
133	538	1067	469	138	108	157	217
138	512	1097	497	143	118	167	273
133	535	1064	463	145	132	168	300
143	510	1065	475	150	132	156	303
