0	1	2	3	4	5	6	7
67	83	42	45	170	239	53	76
67	95	37	45	180	241	54	76
67	97	39	48	211	259	60	75
65	101	41	49	202	240	60	75
58	120	43	47	200	239	56	84
51	121	44	50	179	208	49	68
51	110	43	48	171	219	49	59
51	125	45	44	140	194	42	58
49	116	42	40	132	190	42	68
50	96	38	39	134	189	54	64
49	91	37	32	131	180	55	64
48	93	37	36	161	176	60	68
51	76	33	34	150	199	62	76
55	71	34	36	154	209	61	72
55	80	33	37	161	204	49	67
56	82	36	41	169	219	48	64
68	89	35	36	138	215	54	68
68	92	39	38	139	215	52	62
64	91	38	35	142	201	51	55
63	90	41	37	137	207	55	64
73	86	38	34	127	193	57	71
66	78	40	33	122	176	43	67
64	73	40	36	126	146	43	66
58	70	41	38	117	133	43	65
59	65	40	35	102	126	35	61
44	65	37	36	94	142	36	56
38	65	35	38	95	163	47	70
52	60	30	37	110	172	45	73
66	63	27	37	122	185	49	84
72	72	26	42	130	181	54	84
76	83	34	47	144	185	55	83
77	82	35	48	155	181	51	81
67	82	36	49	145	177	54	83
58	96	39	50	164	185	55	82
48	89	40	50	161	180	52	78
42	85	36	47	155	172	48	83
44	93	36	45	151	177	52	79
44	92	36	44	150	172	53	75
41	81	34	39	121	160	51	67
46	76	32	38	113	189	50	70
51	80	31	36	117	198	49	70
51	74	31	38	125	183	40	62
50	75	31	37	138	198	43	64
55	80	33	37	139	226	42	74
61	93	36	34	140	212	40	70
61	84	37	35	137	216	43	76
60	82	38	31	131	235	43	77
62	82	39	37	124	240	49	80
58	82	37	42	147	219	54	78
53	77	41	48	160	222	57	79
53	83	43	48	155	212	56	77
52	87	46	48	151	202	56	81
52	88	45	47	152	186	47	87
57	82	48	48	156	194	58	82
53	78	45	44	156	219	57	88
47	86	45	44	164	213	60	82
51	88	45	45	173	204	61	76
50	92	46	45	201	246	61	62
48	94	42	40	194	259	47	79
54	123	47	44	200	232	62	72
56	118	43	45	205	243	60	70
57	120	38	44	205	298	60	69
58	123	42	44	177	271	59	76
62	127	44	43	160	243	59	57
56	105	38	39	136	248	41	55
55	102	44	39	118	246	44	59
55	94	51	44	111	236	48	79
55	88	47	42	113	232	47	74
58	82	46	43	117	234	49	76
57	75	47	43	130	239	48	78
58	76	41	43	134	232	52	80
57	79	32	39	128	180	48	59
61	75	36	38	130	193	49	63
47	67	38	36	126	188	49	58
54	72	39	36	123	192	52	74
54	70	41	35	116	191	44	85
54	66	42	35	123	194	50	85
53	64	37	35	131	205	49	84
60	83	37	34	134	209	46	92
55	84	35	35	122	188	44	80
57	95	41	38	134	196	44	60
59	95	41	36	131	206	46	64
60	97	42	35	109	168	45	69
71	87	42	40	120	210	50	57
73	87	44	40	168	239	52	60
73	82	40	37	167	243	50	60
79	88	48	46	179	244	43	65
78	102	48	48	186	265	44	58
66	102	46	43	184	255	40	64
67	98	44	43	149	237	41	71
68	92	41	47	155	244	45	79
58	91	32	39	133	239	42	75
56	77	29	40	139	228	46	76
60	80	34	40	130	201	45	70
64	80	35	39	133	215	41	64
62	81	40	38	111	198	49	62
61	81	41	38	127	188	52	60
63	82	42	37	132	211	49	59
58	85	39	40	139	211	49	59
56	82	39	40	135	196	51	65
57	83	35	39	152	198	40	62
60	80	34	39	152	196	37	59
65	89	35	37	131	155	43	61
63	84	35	36	139	208	47	76
56	96	35	38	149	206	46	77
56	97	37	36	140	200	47	75
57	105	38	36	126	198	48	77
52	98	36	35	128	218	42	82
51	92	36	34	118	173	44	79
51	78	36	31	106	165	45	77
49	76	33	32	99	170	44	92
45	72	37	36	111	233	51	97
39	72	38	38	120	245	50	94
46	75	36	36	113	251	44	97
51	74	36	40	127	264	47	94
53	80	39	37	139	274	64	78
57	73	35	34	135	231	60	77
68	69	34	36	136	199	61	79
67	72	34	38	139	194	60	67
65	78	36	37	146	230	62	88
66	75	35	36	145	218	51	94
70	75	31	38	139	205	49	90
60	84	34	36	133	207	48	93
64	78	36	39	131	251	51	95
64	75	41	40	113	224	53	78
64	79	38	38	102	218	52	76
63	91	39	38	109	219	53	84
65	85	37	41	116	238	53	83
60	91	39	38	119	197	53	87
57	90	35	40	133	182	52	95
59	89	40	44	171	199	49	94
60	74	40	43	182	213	49	87
68	74	41	40	175	189	47	83
72	80	41	41	171	184	47	94
75	82	41	37	164	191	57	85
74	102	40	36	129	164	55	84
73	102	41	35	107	147	55	84
63	103	41	37	114	149	57	82
60	95	36	36	118	147	57	88
57	93	38	36	113	144	43	88
57	73	37	34	115	149	48	93
51	89	37	36	113	150	48	97
51	91	34	34	104	163	45	98
56	95	38	35	138	176	45	78
56	95	36	33	155	172	42	83
51	86	35	35	151	186	46	77
51	71	35	34	158	203	46	71
51	63	38	36	167	210	50	66
46	63	36	36	144	197	48	62
45	67	36	38	142	208	50	63
49	74	37	39	154	220	44	67
56	74	41	41	147	208	50	64
63	82	38	41	142	203	47	69
60	75	36	40	148	205	47	72
61	70	36	38	129	216	47	61
61	62	34	35	107	189	43	80
54	61	30	36	123	197	52	91
55	64	34	38	148	206	59	94
57	67	38	42	139	201	61	94
62	68	38	45	140	168	64	98
60	70	37	46	151	181	64	79
57	70	36	44	146	192	53	79
49	65	33	43	130	169	44	73
48	63	32	41	126	161	42	70
53	65	35	43	138	159	45	73
67	67	38	42	138	174	53	76
79	74	38	40	133	200	54	92
78	68	38	42	123	205	55	97
79	69	35	43	120	210	54	96
70	68	33	40	100	222	50	91
57	66	30	38	78	204	50	94
49	65	31	40	74	185	52	74
59	72	31	37	82	184	54	67
66	92	34	32	97	219	61	90
69	94	32	34	121	247	62	94
70	96	34	37	128	260	57	91
68	91	34	38	146	240	53	114
60	92	33	38	146	243	55	117
63	74	30	39	145	235	57	112
68	77	31	37	127	203	52	111
74	85	28	35	121	182	51	109
71	92	30	35	105	188	55	81
73	88	29	34	115	210	55	95
62	88	34	34	117	183	48	88
71	91	36	34	119	171	46	84
73	86	37	34	120	168	45	90
72	80	42	42	133	182	44	89
71	81	44	43	119	161	37	75
77	89	43	45	109	159	40	82
64	78	41	48	112	180	44	88
61	80	40	49	140	222	46	81
64	83	38	43	129	207	45	90
64	84	36	44	134	195	50	86
58	75	35	43	135	197	45	73
60	78	38	39	131	193	42	77
60	77	40	37	119	177	41	82
63	70	34	35	114	187	41	75
64	62	37	37	111	194	37	79
61	74	38	37	143	211	47	78
58	78	36	39	164	230	48	86
60	72	36	40	165	216	49	83
58	80	36	42	179	241	53	81
57	82	35	40	185	252	53	81
60	78	35	42	163	243	47	90
62	94	38	41	152	218	46	73
54	94	38	42	158	215	47	86
53	87	41	40	149	194	45	85
53	92	44	46	165	185	52	102
52	87	46	43	168	184	51	98
57	77	44	42	159	193	52	96
60	93	44	41	140	188	50	84
57	99	43	46	168	213	55	113
61	92	38	41	150	210	48	94
62	93	34	39	142	217	49	91
68	90	31	42	143	202	51	93
74	78	30	40	140	199	52	92
74	73	27	38	101	199	46	61
74	81	31	37	104	208	51	76
86	93	36	40	106	193	48	76
77	87	36	38	110	196	53	77
68	85	37	37	116	207	51	95
67	95	45	39	169	216	55	94
63	88	43	42	164	230	53	81
53	77	39	42	168	234	52	89
61	74	40	43	173	249	44	87
61	71	39	44	176	250	55	79
59	59	31	40	131	214	52	76
62	76	35	39	135	188	50	77
59	77	37	39	134	197	50	68
59	78	36	35	121	178	51	94
65	79	36	36	123	166	49	95
65	77	36	35	118	153	48	94
64	62	32	34	119	155	48	96
72	63	29	32	122	141	49	100
68	61	30	35	146	159	50	74
65	65	32	34	144	167	43	68
65	62	29	37	136	178	40	66
64	63	29	36	130	168	46	76
46	63	28	37	121	167	45	78
46	67	32	37	96	140	45	79
56	60	30	36	90	154	48	80
55	71	34	32	85	140	48	94
56	77	34	29	88	152	42	83
61	74	34	29	94	179	51	78
61	72	33	31	102	222	51	83
51	75	34	33	123	248	56	100
55	94	38	38	139	260	57	97
55	92	40	38	143	268	57	99
59	89	40	38	151	282	58	104
63	93	39	35	143	255	58	105
65	94	38	36	129	215	50	83
63	86	34	36	152	258	54	78
64	88	33	38	150	310	55	87
56	91	37	39	161	319	52	83
50	87	35	39	170	331	60	78
43	91	36	36	173	336	60	77
41	80	33	35	172	300	58	71
37	81	34	36	171	252	58	76
41	78	33	35	149	207	54	86
49	77	34	34	148	195	42	89
51	71	31	35	147	220	51	87
53	64	33	33	120	239	49	102
55	63	30	29	114	214	48	95
57	75	29	28	116	227	47	81
67	94	38	32	117	238	51	85
66	93	40	32	143	221	44	95
66	96	39	32	133	198	43	88
66	94	39	33	133	194	52	79
92	83	37	33	136	206	53	80
84	64	28	34	140	199	52	75
88	67	29	35	113	195	50	79
96	63	30	36	123	194	51	73
103	62	30	38	125	203	40	78
79	65	30	38	120	176	51	81
72	63	29	35	122	196	51	86
76	58	27	34	122	196	54	74
68	56	24	35	109	197	56	75
58	92	26	34	112	194	58	75
58	96	27	33	122	187	52	84
57	100	31	35	114	163	50	75
47	103	34	33	108	149	45	72
47	102	34	37	139	166	43	65
57	74	32	39	146	201	47	75
57	68	32	43	145	224	40	68
64	77	32	42	141	231	50	74
65	74	29	43	158	239	50	78
66	80	33	40	143	240	51	80
55	78	36	38	138	218	48	76
61	80	37	39	135	217	49	73
57	72	35	39	139	241	40	72
57	83	37	39	127	240	54	78
51	82	34	40	119	229	52	87
53	88	35	41	111	226	50	85
57	92	36	36	102	216	49	82
64	91	39	39	109	190	51	99
65	80	38	41	129	191	49	111
64	77	42	40	135	191	49	104
68	73	40	40	136	185	51	101
66	74	38	43	139	168	51	110
59	72	35	44	136	151	50	102
57	74	35	48	143	161	48	87
57	79	34	49	148	171	47	86
50	86	38	49	152	176	46	88
49	93	38	48	153	185	50	79
48	96	41	44	166	235	51	73
50	94	41	39	148	246	55	77
50	90	41	38	139	243	54	80
51	85	39	37	135	236	55	79
49	69	37	40	145	241	54	82
54	64	37	43	133	197	55	80
56	79	38	45	126	164	44	89
55	81	38	43	130	146	56	96
57	83	37	43	131	153	55	98
57	84	38	39	124	161	56	94
52	85	37	37	110	147	53	93
48	70	36	35	114	189	51	75
54	81	32	37	102	186	37	78
58	76	32	37	101	186	37	75
60	85	32	36	92	169	39	83
63	89	30	37	117	177	41	83
65	91	32	39	146	183	43	85
68	88	32	38	152	182	44	75
63	87	33	35	151	185	43	78
53	81	32	35	151	199	41	78
53	75	35	35	155	244	41	80
53	78	35	33	131	209	39	80
50	75	36	33	128	213	39	76
53	78	34	38	135	211	41	84
58	81	38	38	134	202	39	79
61	86	35	40	153	183	40	73
59	83	35	39	153	181	52	73
54	80	36	41	155	190	52	72
59	78	34	37	150	190	52	65
55	76	33	37	159	212	51	71
50	67	33	36	129	168	49	74
52	87	37	41	140	182	44	81
63	96	37	39	136	184	45	97
62	99	40	44	148	203	47	94
61	96	41	48	174	204	53	96
63	102	43	47	182	249	55	97
61	93	37	44	170	254	51	89
57	80	36	45	172	246	59	83
54	76	35	43	169	231	57	86
57	73	32	42	149	219	53	100
54	81	29	40	137	165	52	96
55	78	33	38	136	148	51	96
50	88	33	37	135	151	50	90
53	94	37	37	129	148	50	91
50	97	39	37	131	137	49	68
50	83	41	39	121	147	50	71
64	83	39	40	123	164	48	69
64	81	41	40	128	184	41	74
63	75	37	40	128	188	48	70
66	73	37	39	111	188	48	72
67	74	34	38	128	197	45	83
54	74	37	39	127	206	47	91
55	78	34	41	129	194	44	88
56	85	35	37	130	194	37	84
54	85	32	38	127	203	47	78
55	85	32	38	114	214	49	107
54	79	27	36	112	225	50	101
52	74	29	33	106	224	49	97
48	65	27	34	107	219	48	100
54	73	32	37	134	253	46	106
57	72	32	37	144	265	46	73
56	87	36	38	143	235	44	84
55	81	35	38	138	234	44	91
60	78	37	44	155	250	49	93
53	69	33	39	135	227	52	88
49	76	33	38	122	191	55	86
48	71	30	38	118	196	55	83
50	72	31	38	120	188	54	79
44	75	33	32	95	180	51	81
52	77	33	33	108	160	53	87
52	78	34	34	102	159	46	82
53	78	34	33	107	153	46	82
52	81	35	34	108	150	46	78
48	77	30	34	106	151	46	74
38	77	31	35	89	142	37	78
40	89	31	40	125	155	49	81
39	85	32	42	133	154	49	73
39	81	33	41	128	152	50	72
40	85	36	42	124	132	50	68
43	89	37	42	145	174	50	65
44	75	40	40	120	168	42	77
45	68	41	36	104	163	40	77
52	71	41	35	117	186	40	78
52	68	39	36	131	210	54	82
51	73	37	33	112	183	55	79
51	70	35	30	106	177	55	79
58	82	34	31	111	198	53	79
60	86	37	34	124	215	57	86
57	87	40	32	121	218	55	99
57	80	40	34	126	224	54	101
55	79	41	31	126	235	52	95
49	77	41	31	123	230	53	96
43	68	38	34	139	224	54	90
43	69	34	35	155	236	48	84
43	71	36	36	154	223	54	79
43	69	33	36	156	210	54	68
37	55	31	38	163	229	54	67
61	62	31	34	132	205	49	64
62	60	30	33	109	168	43	62
74	55	35	34	126	175	32	56
80	56	39	36	138	231	34	57
82	63	43	36	131	218	33	59
64	66	42	35	136	247	47	67
65	72	43	36	133	252	48	58
55	74	37	34	121	249	52	57
46	82	36	35	110	208	51	65
64	79	36	38	123	204	53	72
64	81	36	37	122	177	44	66
64	76	36	38	122	172	43	80
62	81	37	39	137	195	42	92
65	76	36	38	134	189	40	95
50	90	34	35	124	180	38	97
52	89	37	34	118	166	35	96
57	91	39	33	112	157	33	87
53	90	40	34	100	168	37	76
49	89	41	34	119	167	50	88
59	89	45	34	118	162	50	80
57	86	43	37	117	169	51	80
52	85	42	38	138	196	55	80
53	81	43	37	136	184	52	83
55	84	40	39	128	210	47	77
46	67	35	38	128	211	48	82
57	66	34	36	131	233	47	82
58	73	35	37	137	275	43	84
59	75	35	36	129	270	43	80
59	72	37	36	130	254	35	61
54	75	37	37	133	271	33	57
53	76	37	39	139	277	47	74
55	67	38	37	119	223	51	78
57	67	36	36	127	221	52	77
55	73	37	36	121	224	54	83
59	76	38	35	116	213	54	82
54	71	39	34	107	180	42	73
52	79	36	33	122	196	45	81
52	77	36	31	110	182	44	92
54	70	35	28	110	168	43	91
54	67	34	29	109	158	43	100
55	70	32	28	130	175	42	99
55	63	33	27	110	145	49	99
53	73	32	27	104	155	49	95
55	78	31	27	106	155	48	103
57	77	28	26	116	158	50	97
50	77	29	34	103	155	53	97
50	74	27	36	105	153	38	90
51	71	28	37	113	146	48	107
55	72	28	38	112	146	49	99
50	81	31	39	117	150	50	99
53	85	32	34	119	151	51	101
54	98	39	37	120	151	52	100
57	97	41	36	113	154	49	83
51	96	41	37	108	153	48	82
51	94	45	41	127	146	49	88
50	91	46	41	129	167	47	86
56	78	40	37	127	168	48	84
53	80	40	39	128	163	39	75
55	83	40	38	130	165	38	73
56	74	33	34	108	165	48	83
56	77	36	34	105	123	47	78
54	85	36	34	109	131	48	75
54	78	36	34	110	136	49	81
61	68	35	35	137	132	51	81
62	71	36	33	142	154	38	76
60	67	31	33	140	158	50	75
65	86	32	32	138	197	48	78
61	83	29	30	140	198	48	73
56	85	30	29	114	203	48	72
54	83	35	35	112	184	47	79
55	82	37	34	110	179	33	81
44	47	36	33	106	120	44	78
48	51	36	33	102	116	42	84
40	56	37	33	105	140	44	85
40	54	36	26	94	185	44	67
42	57	48	29	97	185	46	65
41	59	48	30	97	194	36	62
41	72	50	31	98	197	46	54
45	69	49	35	119	206	42	64
62	72	47	37	115	173	43	64
70	72	36	36	109	190	43	73
76	98	39	37	117	184	44	79
76	87	37	35	117	197	34	77
75	88	35	31	106	175	37	78
59	86	33	32	115	167	46	79
48	83	32	30	131	151	48	74
35	59	46	31	123	148	49	71
32	60	61	33	124	149	49	83
31	67	63	35	122	152	48	79
36	71	66	36	113	161	45	77
35	78	66	37	90	160	51	75
38	77	58	35	89	188	50	78
37	74	41	33	92	192	50	73
45	68	43	32	91	187	52	71
42	71	40	31	88	202	47	72
48	66	46	32	101	230	44	71
48	59	46	35	103	210	42	72
48	65	50	35	99	217	42	63
45	69	46	37	114	224	43	65
49	72	48	39	146	232	42	62
49	75	41	36	138	202	35	60
57	84	40	36	140	207	34	62
63	82	46	36	149	184	32	61
66	83	46	33	141	206	44	61
67	73	43	31	113	190	46	62
72	68	42	34	121	195	49	61
64	67	40	31	128	186	51	60
71	65	30	32	121	224	52	64
68	62	30	33	106	190	39	70
63	66	32	38	147	209	40	78
55	67	35	37	142	209	47	85
58	69	35	38	137	211	47	79
48	72	35	36	140	198	46	79
49	71	35	35	146	211	45	69
52	70	35	32	106	182	43	63
53	72	33	32	117	209	37	61
54	63	35	33	113	231	37	60
49	73	40	34	110	231	49	68
48	76	39	36	119	239	49	79
44	75	38	34	124	236	51	92
44	76	40	34	111	209	46	92
41	77	39	36	137	203	46	91
45	71	32	37	143	189	37	85
42	65	32	37	138	206	40	75
54	69	31	37	132	217	45	85
55	70	29	36	134	215	45	81
60	77	28	35	115	205	45	93
67	74	30	33	119	223	44	93
66	78	31	33	119	199	42	96
62	76	32	31	116	188	36	73
71	75	32	33	127	202	37	74
67	67	31	33	127	218	49	70
57	63	29	33	122	195	47	85
62	65	33	38	151	211	53	81
61	63	33	39	153	225	55	82
60	64	32	36	142	219	56	98
58	73	35	37	159	203	53	104
61	76	35	37	153	192	54	93
64	71	33	28	118	155	48	96
70	82	32	29	114	129	44	95
59	99	31	32	122	139	43	79
67	95	30	31	91	129	35	64
68	99	31	33	105	153	45	70
69	101	34	37	113	189	45	72
69	96	34	39	123	196	48	71
68	73	35	40	121	206	47	77
60	75	36	40	125	209	46	76
62	67	37	39	112	221	45	76
56	68	35	40	101	196	47	74
55	74	36	40	110	212	48	78
59	76	37	37	111	191	52	75
60	70	34	37	129	194	52	76
55	68	32	41	143	210	45	73
58	68	34	37	149	220	39	67
51	65	33	38	141	207	46	74
60	61	36	41	151	228	44	81
60	67	37	42	156	247	48	78
59	71	39	38	142	221	48	79
54	68	39	41	147	218	50	78
52	62	39	37	146	210	41	74
39	69	39	33	139	193	53	71
42	69	41	28	120	161	49	70
45	68	40	28	119	148	49	73
53	81	38	26	116	153	50	72
54	84	38	31	115	165	53	76
57	84	37	34	106	167	41	70
54	79	32	35	104	178	39	68
51	79	31	34	115	212	49	59
46	80	32	32	110	195	51	61
44	77	30	30	108	190	50	55
42	75	30	28	115	190	48	56
47	74	32	31	130	183	49	56
47	75	32	33	122	172	38	58
44	64	31	33	123	184	37	74
49	80	35	33	123	190	36	70
44	83	35	35	120	204	35	66
49	85	36	36	110	221	47	69
61	88	39	34	111	201	52	80
68	85	38	36	110	199	52	69
70	75	34	35	108	201	51	70
70	71	36	35	102	175	52	71
68	74	34	34	112	192	44	75
64	73	29	34	113	204	50	76
64	88	30	33	112	213	50	84
61	88	32	34	134	211	50	88
62	87	31	33	135	215	51	87
58	88	33	31	124	208	50	95
52	92	33	34	145	228	39	85
44	85	36	35	150	229	47	80
45	78	35	39	144	249	52	77
46	77	35	41	146	254	52	84
56	69	33	40	144	257	53	85
55	72	37	38	122	233	55	85
53	68	35	38	115	219	46	81
53	65	35	35	109	197	47	95
65	69	32	35	109	210	45	98
61	82	35	37	116	186	40	88
62	72	31	38	118	179	39	89
65	76	30	38	124	183	44	91
64	87	28	35	127	183	37	80
53	89	31	34	125	166	49	77
57	82	29	33	117	170	50	74
55	82	31	30	110	161	52	73
53	76	32	33	128	202	50	69
52	65	34	34	126	212	51	75
52	77	43	38	127	215	44	75
50	77	46	38	127	203	49	78
61	73	43	38	128	217	46	78
70	81	44	35	120	188	49	86
76	81	44	38	116	175	50	84
76	75	34	34	114	163	48	81
72	78	30	34	114	172	43	73
66	78	31	35	114	175	50	72
54	67	29	35	120	207	47	71
45	68	30	33	128	222	46	67
37	61	29	32	128	237	48	64
40	52	28	33	125	230	48	83
39	51	30	35	134	236	45	87
43	57	31	34	119	208	43	81
43	54	29	35	114	192	49	87
42	50	30	37	119	175	47	90
38	48	31	36	126	189	48	73
34	48	30	38	125	169	43	68
30	41	31	39	131	172	43	72
53	55	35	38	132	171	37	65
69	55	34	39	132	174	38	60
70	59	35	37	128	166	39	60
70	72	36	40	170	244	45	60
71	79	37	41	174	253	59	70
56	73	35	39	176	248	59	65
40	78	35	39	175	269	59	65
41	90	37	42	176	282	58	66
43	85	36	36	129	228	52	76
47	86	34	35	116	225	40	74
47	94	36	36	121	261	46	79
46	89	36	37	122	239	49	83
45	81	34	35	118	224	49	85
48	80	33	36	121	226	54	90
45	77	34	34	122	227	52	77
52	65	31	34	114	209	49	75
52	71	34	35	111	225	49	74
49	70	32	34	117	224	51	79
52	73	34	34	113	221	49	66
58	71	35	35	114	208	47	67
52	71	35	35	110	180	53	65
54	74	35	37	116	196	52	97
61	80	36	37	113	198	52	92
57	81	42	36	111	205	54	95
