0	1	2	3	4	5	6	7
79	222	618	306	119	93	101	131
77	207	631	319	122	98	106	134
77	181	713	326	120	100	126	132
72	189	729	354	137	90	115	143
70	199	734	348	137	85	125	148
64	178	675	261	108	71	129	154
70	172	782	283	115	67	131	163
71	176	737	281	122	77	107	171
59	162	706	262	108	82	102	168
64	149	793	280	107	88	98	171
59	148	770	282	108	89	107	168
67	156	666	250	105	89	100	178
69	144	670	243	101	92	99	174
83	167	732	273	97	104	128	172
78	169	706	266	97	97	131	156
81	203	709	277	96	103	121	143
107	202	675	273	88	118	126	189
115	223	676	272	83	109	138	205
112	203	593	221	81	98	104	199
111	207	620	180	84	101	93	204
111	179	595	162	91	94	96	207
80	165	651	146	94	72	91	149
70	146	697	168	91	84	95	156
60	148	686	181	84	87	98	153
68	150	596	201	80	90	102	149
110	139	658	239	76	101	98	184
115	146	662	267	78	111	122	205
114	144	630	258	83	100	113	182
115	176	763	270	96	96	127	197
111	177	849	283	91	90	122	213
76	180	830	260	107	98	133	204
65	206	813	274	101	99	129	189
69	227	840	306	105	102	125	184
75	203	774	331	102	102	108	190
96	201	728	317	102	102	114	180
104	202	740	323	100	85	117	181
106	171	805	310	111	85	107	175
106	141	794	296	109	78	116	188
105	157	810	285	112	89	139	171
88	147	844	288	116	92	152	164
68	143	798	274	103	101	163	147
76	143	744	265	91	99	164	159
76	157	748	250	89	102	159	147
76	162	752	277	93	92	148	158
80	163	694	265	101	95	135	168
86	195	703	259	109	86	108	161
77	203	733	281	117	74	113	147
76	194	731	279	115	72	113	165
80	180	699	231	104	86	125	172
77	176	684	238	105	95	134	158
71	168	678	268	111	105	138	154
73	172	677	270	116	111	132	162
74	173	712	311	120	112	140	160
79	190	822	321	148	100	119	153
81	192	820	313	147	94	110	156
82	167	832	284	159	108	115	162
82	182	787	260	151	101	105	160
80	242	831	224	149	99	93	180
68	246	746	266	141	112	100	172
76	244	725	270	135	124	105	187
81	244	725	282	114	104	92	185
81	240	767	294	120	112	105	184
