0	1	2	3	4	5	6	7
67	156	706	339	158	104	128	164
62	197	697	338	153	107	134	151
57	187	679	340	147	120	129	148
57	207	684	324	154	133	131	155
53	202	585	328	143	126	115	131
52	208	523	277	147	112	88	122
52	174	573	269	133	121	87	126
52	170	539	239	136	111	91	124
63	146	564	256	142	99	89	123
63	132	656	244	148	102	92	116
66	127	684	243	148	125	116	135
75	125	655	238	150	131	128	146
76	126	722	299	150	136	125	147
71	135	730	377	235	140	125	166
71	133	685	405	240	144	128	171
75	127	694	401	255	135	125	183
65	136	732	406	260	122	129	178
68	151	708	398	260	120	134	185
69	146	751	348	234	107	132	168
65	152	757	323	236	115	160	164
62	143	756	320	215	105	151	140
65	149	823	401	259	114	135	140
64	143	778	393	269	111	123	154
69	137	722	369	226	116	142	166
72	129	710	356	220	111	112	176
71	190	784	369	226	113	113	191
70	208	745	272	184	138	145	221
78	244	778	274	156	138	157	217
71	257	804	272	162	154	156	213
79	266	818	387	192	160	173	222
85	242	765	415	194	163	170	215
86	234	695	442	178	142	141	180
78	194	690	419	180	145	135	176
80	190	699	439	170	131	124	178
74	180	618	338	130	128	115	176
67	190	581	279	110	132	116	170
75	181	615	225	102	140	129	178
83	189	586	216	104	153	127	207
83	188	510	186	100	151	120	203
77	191	512	182	93	136	95	184
78	199	522	214	93	128	99	198
69	194	514	215	108	120	88	204
100	191	541	234	126	121	90	175
112	214	627	227	122	115	92	207
121	206	712	266	120	117	105	231
128	182	704	244	117	133	115	249
150	174	709	241	109	143	146	273
151	181	769	278	89	127	152	271
144	162	712	298	88	131	149	242
156	171	636	268	105	184	165	240
151	160	600	266	111	182	159	216
148	211	650	302	113	168	134	183
144	206	601	263	104	163	122	180
147	226	542	220	98	165	123	182
151	224	556	223	80	123	93	177
151	238	675	234	77	119	101	160
139	202	660	213	64	114	93	149
118	200	613	207	60	117	95	157
142	181	613	210	64	113	104	158
150	183	756	246	66	93	105	169
160	180	742	243	68	81	92	171
154	177	681	222	72	97	93	173
157	188	751	223	74	99	94	176
131	195	886	269	84	104	97	168
96	257	785	245	89	100	97	127
76	274	744	240	86	97	93	134
79	273	743	234	83	85	95	141
74	265	714	240	85	86	96	132
70	269	602	213	91	99	80	137
72	229	562	194	89	115	86	153
72	213	543	200	87	117	92	156
69	216	567	218	88	126	89	149
70	217	602	210	91	132	95	146
69	193	602	183	73	121	106	144
60	180	704	226	63	109	112	143
66	199	802	233	72	111	114	143
66	219	805	214	70	117	119	138
63	221	745	214	66	109	122	139
75	252	827	255	71	110	117	147
91	272	801	228	77	114	108	144
90	266	756	246	76	106	112	158
91	269	788	267	76	84	107	159
102	303	827	274	81	82	99	185
135	279	765	249	76	80	102	198
131	249	728	245	72	69	102	205
136	235	661	206	67	79	109	216
141	232	753	242	82	85	113	226
133	183	730	261	84	77	109	205
155	184	741	259	102	71	107	193
168	200	827	272	106	84	118	184
163	220	964	297	105	84	101	148
158	208	897	256	98	91	103	124
166	217	881	223	90	92	107	192
120	227	840	221	70	93	107	197
115	242	837	200	63	80	91	192
118	214	676	160	60	72	92	195
120	201	598	145	47	64	85	204
115	202	653	159	54	68	83	153
111	230	639	146	62	73	88	146
94	199	510	139	66	77	92	154
87	196	515	134	66	83	94	165
84	212	564	138	69	80	99	159
81	217	549	127	67	77	95	154
70	172	540	136	66	73	90	147
60	218	532	136	61	76	90	150
75	284	574	138	65	70	95	142
73	287	544	136	66	75	91	140
77	273	495	123	65	76	92	131
76	268	469	144	58	72	83	124
87	254	456	159	73	66	70	125
88	180	383	165	86	69	69	144
91	171	378	168	85	62	68	157
83	171	374	173	84	61	79	171
97	190	399	144	82	65	81	188
88	170	486	130	75	65	90	186
83	182	530	121	62	76	119	167
83	178	521	128	60	78	125	161
87	181	493	121	60	78	122	168
73	166	470	128	73	81	122	163
74	185	379	124	71	82	121	172
68	182	333	156	68	68	83	167
63	181	390	180	73	77	89	160
76	176	416	193	75	77	94	182
75	172	432	188	73	78	101	180
76	158	461	201	72	76	96	167
74	161	493	190	71	92	103	174
75	169	489	176	75	83	103	179
59	181	478	179	82	88	102	147
64	216	494	193	77	97	111	139
62	208	495	181	76	98	121	137
68	221	446	168	76	86	119	157
70	206	491	162	67	87	110	152
68	205	651	187	63	84	110	145
68	175	655	192	63	68	112	154
68	189	717	203	63	66	106	156
73	175	725	207	63	72	104	125
74	184	691	207	71	79	112	130
92	189	616	210	72	77	114	136
100	203	643	225	75	78	99	127
103	197	599	238	79	80	112	143
96	251	653	257	77	71	115	182
101	246	665	252	70	58	109	189
90	237	639	225	70	57	104	181
82	243	605	212	73	58	107	181
86	238	595	205	69	58	85	166
98	177	572	182	74	66	75	143
93	183	553	186	75	69	80	136
88	235	542	196	94	84	84	153
85	231	546	176	91	84	75	157
82	228	606	197	90	78	83	165
65	222	632	220	95	72	83	153
64	213	729	233	171	149	81	151
67	158	815	276	165	151	82	130
70	136	816	278	164	152	92	140
69	127	792	253	191	175	97	138
69	156	778	234	202	190	102	134
71	186	700	225	148	162	110	133
66	187	594	164	141	164	103	145
70	190	674	184	143	178	101	139
75	213	695	175	139	166	94	135
86	212	661	171	158	164	106	175
83	195	686	185	179	150	94	169
90	188	713	205	180	142	93	180
86	209	690	220	177	135	96	179
82	201	646	225	172	191	104	179
81	228	663	238	141	189	88	144
80	229	641	236	111	184	88	144
85	234	615	215	121	200	97	138
95	212	623	197	133	200	95	141
93	235	679	212	117	146	85	142
85	203	712	201	129	155	89	145
88	203	721	219	141	161	90	155
83	211	708	245	135	141	86	153
76	252	642	239	142	132	86	146
79	245	553	244	137	141	81	139
81	235	529	313	141	139	84	145
90	257	498	305	141	144	86	159
88	262	509	299	144	142	81	147
87	221	602	314	133	151	87	145
84	194	600	311	144	159	112	149
84	209	628	305	142	137	104	137
71	186	703	321	141	126	108	124
74	183	720	318	136	128	108	135
78	202	648	298	134	115	106	151
97	206	789	296	129	81	88	156
94	187	762	225	104	84	90	162
96	180	689	182	84	72	82	153
90	183	673	164	81	69	83	171
85	171	758	198	72	74	86	161
70	185	663	184	54	68	85	160
73	207	677	188	57	64	85	157
82	219	720	194	53	65	86	159
80	206	758	201	53	70	84	128
76	208	687	191	64	76	98	123
72	211	655	193	72	76	92	140
71	188	688	198	84	79	93	139
62	184	775	218	94	86	93	137
63	190	753	240	101	84	95	131
64	182	812	241	107	68	68	128
58	159	824	253	110	67	66	97
56	162	815	246	102	66	63	86
53	143	673	217	95	56	59	103
60	145	679	193	89	50	80	127
69	140	677	199	92	62	89	140
70	149	657	185	106	87	103	157
81	186	740	228	110	95	109	169
81	202	819	248	120	112	116	161
77	196	877	261	125	114	99	149
72	225	903	283	119	107	99	146
66	230	937	314	107	93	89	129
66	206	956	331	104	91	89	126
71	193	962	333	107	87	87	129
78	205	1000	340	114	84	92	131
87	174	966	372	169	97	98	198
92	159	969	372	214	101	101	200
84	189	941	373	258	102	104	194
86	189	996	380	289	100	112	198
86	170	942	385	300	115	122	195
78	166	912	334	290	111	120	136
79	222	977	409	279	120	116	145
83	207	950	439	285	150	130	149
106	205	851	435	287	178	130	140
127	211	825	495	321	181	132	160
129	228	851	556	362	194	142	152
133	177	832	668	441	213	152	153
136	173	836	666	481	197	146	163
120	184	989	681	482	171	144	166
99	174	1035	680	501	203	137	141
94	196	1004	650	523	204	128	149
88	214	1009	523	484	179	124	154
81	219	1052	511	434	190	109	138
82	259	909	544	480	207	102	138
81	268	912	532	448	175	100	164
85	282	946	528	387	166	103	150
84	298	848	566	400	168	91	139
80	290	736	589	413	179	100	149
73	248	720	550	333	167	103	150
75	242	601	494	308	161	116	148
70	201	540	510	344	162	104	151
71	172	579	446	314	166	112	169
73	175	568	496	326	136	105	179
71	182	580	492	331	141	111	178
68	186	584	508	354	144	97	159
74	184	697	467	311	144	97	156
75	176	674	445	297	164	100	139
73	185	690	315	245	170	116	146
83	209	800	339	231	164	110	152
81	232	818	334	195	162	102	157
79	230	707	330	187	168	103	154
79	241	736	325	175	152	101	159
78	235	698	325	172	164	83	133
73	221	547	270	169	152	77	122
71	219	521	251	162	152	82	120
72	269	603	301	166	156	90	136
67	256	593	268	118	155	77	121
77	257	603	250	97	132	77	141
79	244	612	263	94	167	81	151
78	247	605	280	94	182	81	147
79	202	570	226	70	166	77	134
85	201	543	247	111	169	90	144
79	197	525	242	121	178	103	141
89	243	653	322	134	156	102	140
89	249	686	305	135	134	106	148
91	248	673	305	135	139	100	152
92	254	758	351	110	117	92	148
92	279	798	356	101	129	85	140
81	281	675	281	88	118	84	160
83	267	627	278	88	134	86	172
77	270	695	294	90	124	88	164
74	299	591	212	79	127	86	164
88	287	597	221	91	117	82	193
88	266	596	216	95	117	94	183
86	259	678	213	92	111	104	168
91	253	644	243	89	115	105	169
88	237	702	250	94	112	110	166
81	241	664	231	95	93	114	156
82	240	782	244	87	98	105	161
84	243	821	281	81	85	94	158
82	256	861	250	86	84	90	161
87	275	876	252	80	84	81	164
92	297	911	260	67	87	89	188
85	329	820	244	68	97	106	182
81	352	723	201	70	112	110	190
77	360	815	288	84	115	116	193
76	368	834	308	100	118	121	199
107	344	795	300	104	134	125	163
120	327	892	318	105	121	112	152
134	350	939	342	111	123	111	153
138	349	839	272	97	118	108	160
138	319	834	263	83	123	106	157
113	330	853	271	76	112	99	146
117	333	832	280	78	125	101	154
111	338	850	276	68	118	112	173
108	345	852	260	66	118	111	167
114	383	774	241	64	119	116	182
116	386	810	343	96	132	106	175
103	406	760	343	105	126	103	168
94	393	709	328	101	125	86	133
102	393	777	372	119	130	89	189
105	394	774	373	123	129	87	186
95	385	740	288	101	112	109	186
93	388	808	302	97	110	104	185
97	426	836	319	106	114	101	186
103	437	775	281	89	114	103	141
98	454	865	281	85	142	106	119
110	481	837	262	83	140	96	125
118	446	736	208	71	136	100	124
118	404	857	230	65	127	98	121
110	386	833	222	59	134	108	101
106	314	765	209	53	100	96	97
99	333	767	218	56	100	86	90
91	341	828	228	57	97	87	98
99	303	680	176	57	103	88	120
102	297	647	174	59	88	76	112
98	319	632	184	63	83	78	118
95	253	663	215	67	82	73	119
113	241	701	227	73	84	76	119
108	268	795	232	76	78	74	105
117	302	878	268	93	85	67	140
123	309	890	263	93	91	73	134
127	313	1023	260	98	94	78	135
128	335	1061	295	106	97	78	127
123	313	1051	288	100	99	82	127
113	258	1063	273	96	109	79	110
137	251	1150	287	104	147	130	127
190	292	1057	301	102	145	129	130
182	275	973	270	97	149	133	164
185	284	933	271	97	153	136	174
185	281	901	245	88	153	144	164
168	251	837	244	79	116	114	163
100	215	897	218	74	112	114	193
97	201	887	191	63	101	107	183
108	200	895	210	82	146	110	189
141	207	870	218	88	153	137	214
154	248	887	209	98	151	133	214
174	250	787	189	100	159	135	185
183	252	793	193	109	167	146	176
179	263	810	247	123	136	151	164
159	264	778	240	121	117	123	132
168	259	683	236	113	121	119	139
165	228	687	238	112	131	123	156
158	222	780	252	106	127	110	160
156	230	738	199	80	120	109	171
198	280	755	202	76	121	114	175
227	273	749	198	85	134	125	170
236	276	814	223	80	118	122	184
252	306	827	222	78	118	124	175
271	358	833	210	72	122	146	194
260	378	848	210	76	141	182	216
241	447	1039	240	81	141	199	226
227	474	1013	224	87	140	201	212
222	475	1031	280	97	135	202	218
241	466	1068	283	96	136	183	201
224	453	1089	358	101	113	144	182
253	399	1005	380	127	96	126	170
251	404	984	381	136	101	136	286
246	407	948	362	137	111	136	308
214	352	961	406	151	128	137	308
234	434	1047	405	161	137	145	315
217	449	1064	444	147	145	143	334
211	423	1121	474	141	150	130	236
215	404	1062	452	137	148	125	199
243	424	1014	413	120	120	119	187
236	388	947	407	111	112	106	167
217	341	886	345	112	124	119	122
232	335	816	303	112	141	168	183
229	385	960	425	120	134	173	199
213	405	1021	441	123	136	175	204
206	320	923	387	115	143	182	210
207	334	975	436	100	123	162	222
198	343	1015	451	99	92	110	174
195	320	865	343	87	97	101	167
165	308	733	309	83	101	108	167
186	327	788	316	77	92	99	160
188	315	649	214	76	107	109	145
190	313	596	178	69	105	102	162
199	290	565	169	72	104	108	174
200	260	649	199	71	99	100	173
170	261	746	214	76	100	101	184
161	335	745	210	71	81	104	197
152	334	909	242	72	76	106	201
141	338	1059	271	73	72	105	193
147	324	999	251	80	108	115	215
141	354	918	234	74	103	117	209
122	283	962	241	77	103	104	198
129	270	802	223	86	105	104	193
121	270	611	189	82	108	105	232
111	286	609	195	80	89	90	218
107	237	672	185	76	87	86	212
105	248	753	181	72	83	83	206
91	257	714	143	53	81	85	201
88	250	717	155	61	95	93	172
87	232	749	171	57	79	94	163
92	232	739	187	64	78	94	174
103	279	750	243	76	84	101	179
98	270	785	257	84	89	105	175
100	259	765	250	78	79	94	148
104	259	805	277	97	129	130	188
120	256	883	344	117	150	156	241
115	188	743	310	115	154	158	260
120	191	727	301	111	154	161	264
114	204	762	301	114	156	170	262
129	216	739	287	98	121	153	275
126	219	565	203	75	126	149	248
128	228	568	203	75	122	152	262
126	245	572	213	78	118	145	275
131	270	667	237	81	127	164	279
114	287	685	219	79	135	161	239
100	327	723	234	75	114	143	237
100	324	709	225	98	122	129	210
112	323	703	226	121	181	137	206
111	288	638	218	123	178	125	237
143	293	645	227	124	171	122	260
141	268	739	265	150	175	119	260
135	296	754	267	146	181	130	298
127	285	783	316	140	131	124	301
125	305	782	344	141	123	98	303
90	360	771	356	142	133	100	290
114	327	639	311	123	126	103	331
134	322	654	324	109	109	98	355
135	340	746	309	98	104	96	354
132	370	699	266	96	110	97	332
145	379	684	240	97	97	93	323
122	398	713	263	109	91	85	263
120	387	698	250	115	130	84	236
122	407	551	217	134	163	91	250
137	375	603	238	135	165	88	269
127	292	677	261	138	169	90	275
146	314	686	259	185	193	98	315
144	302	762	254	213	173	99	307
143	287	854	258	212	145	114	303
132	276	869	235	214	153	115	285
153	288	786	218	215	155	132	318
144	288	735	201	170	127	134	292
131	302	634	199	133	147	136	263
130	280	516	170	116	146	122	242
128	286	419	164	107	155	137	244
95	279	479	140	99	157	113	191
95	247	555	141	101	171	104	171
105	258	567	135	95	161	104	171
108	245	577	162	123	175	101	198
113	256	666	201	125	153	77	198
113	263	672	230	144	158	78	196
105	248	620	218	157	158	80	200
111	248	650	226	165	151	68	170
107	256	716	235	144	133	68	126
98	247	657	212	140	138	71	123
95	238	652	184	169	148	75	129
88	243	732	216	154	127	82	114
59	223	734	217	145	121	83	115
50	202	645	183	141	119	94	131
88	227	643	192	147	128	99	126
122	280	640	204	88	104	97	127
126	293	635	186	79	107	105	147
133	295	669	177	73	106	115	190
135	306	717	201	86	108	118	204
115	285	731	191	82	98	121	216
86	268	708	189	77	88	121	218
90	243	686	198	78	87	115	211
86	246	627	199	78	89	110	183
93	327	565	181	64	79	93	173
96	347	628	177	54	63	84	206
107	362	678	181	62	82	107	275
122	382	620	152	69	90	127	318
130	374	633	157	74	87	130	320
128	361	769	194	70	94	133	315
126	351	736	204	75	105	132	299
119	298	656	193	71	99	115	248
93	298	735	203	65	85	86	186
79	330	811	241	75	94	78	177
74	316	768	238	81	88	82	197
84	404	860	270	85	81	88	183
78	420	937	277	94	83	89	172
82	416	919	287	91	83	85	167
87	455	855	254	78	72	87	161
89	421	778	234	73	72	83	163
85	362	726	208	69	69	73	150
86	396	700	209	63	57	74	147
89	451	696	199	63	57	84	154
85	396	751	234	68	55	73	157
85	399	900	243	73	57	80	123
86	383	817	234	83	74	81	128
81	365	790	225	78	82	82	117
89	306	789	228	82	81	77	112
84	306	743	207	81	83	86	111
77	321	630	194	77	82	80	106
70	386	686	221	77	63	80	100
77	372	779	236	82	62	91	119
69	397	780	268	93	62	101	133
82	397	765	264	92	67	106	136
85	382	851	288	96	67	112	147
87	329	860	268	86	66	116	162
92	352	844	270	81	57	107	160
86	329	845	238	67	61	100	151
81	320	887	253	76	66	95	156
85	335	749	226	71	64	88	152
84	313	711	217	70	63	84	134
77	264	724	214	73	67	79	122
90	286	684	202	71	64	67	123
90	284	686	204	68	54	60	126
90	320	751	219	70	57	75	138
102	485	829	223	70	60	73	161
105	505	819	231	75	57	76	166
100	483	822	226	78	61	78	170
100	494	764	201	74	63	96	163
92	456	735	187	73	57	88	159
74	286	706	204	75	60	98	154
66	268	794	232	75	57	98	142
72	337	827	249	74	57	102	135
76	404	889	264	72	64	95	140
90	431	898	273	74	65	92	133
91	486	914	257	74	70	91	119
93	483	824	223	73	75	91	132
84	442	825	212	75	76	85	128
80	441	828	240	87	74	79	118
69	495	847	229	82	75	76	114
74	435	829	228	79	75	79	103
79	428	812	242	79	75	82	96
87	437	855	283	96	73	82	98
89	382	830	290	131	64	70	98
88	342	778	316	147	65	75	87
88	336	712	331	149	60	63	110
81	344	672	315	149	55	60	113
91	383	604	287	140	51	59	122
91	377	609	240	112	68	74	126
90	348	689	210	95	80	83	132
84	345	800	248	101	87	85	132
84	347	856	261	100	92	89	128
71	316	975	266	111	95	91	125
83	385	1016	279	107	84	104	120
83	365	1012	273	106	80	106	114
92	366	948	223	98	69	103	114
93	390	887	208	95	66	115	129
91	368	811	219	99	82	135	122
87	316	749	214	97	87	120	134
87	300	666	210	96	83	124	147
81	322	681	216	106	88	128	144
78	319	737	226	108	92	121	126
80	440	788	239	104	87	109	135
68	478	740	220	102	89	114	137
66	488	747	230	105	95	111	120
61	519	717	218	96	94	116	108
65	505	655	214	98	89	110	130
73	398	625	195	87	78	100	136
83	346	868	302	111	83	95	126
87	405	919	308	111	79	97	139
91	345	954	326	114	82	119	154
95	337	1035	343	114	86	128	147
91	361	970	328	111	88	133	157
78	345	809	242	82	84	140	152
74	273	798	244	87	79	132	144
73	340	815	240	87	75	113	145
71	395	775	243	91	81	112	136
63	385	769	238	91	91	108	123
68	398	742	237	91	93	107	128
90	448	740	234	87	96	109	131
87	423	662	216	88	96	108	117
83	366	637	173	80	93	115	127
88	378	671	204	79	94	132	113
88	381	721	205	76	88	125	122
76	347	677	199	75	90	123	121
87	337	671	209	69	99	136	143
100	347	740	241	75	97	146	172
97	342	732	214	71	88	130	179
100	377	736	236	71	90	132	168
100	347	750	241	66	87	134	180
93	336	766	226	64	76	119	162
81	350	761	253	65	70	85	125
81	418	779	283	71	72	89	115
78	367	765	265	68	72	84	129
74	376	814	267	79	81	90	121
80	423	852	287	86	91	86	127
83	431	770	234	80	101	93	129
81	386	775	207	77	97	91	140
77	457	806	215	84	97	98	134
77	467	838	222	75	95	118	155
82	440	825	203	67	84	114	153
82	425	913	279	80	77	112	152
84	391	913	304	86	75	120	147
93	371	847	302	93	93	127	146
94	380	833	297	95	106	106	136
88	376	790	306	101	121	121	165
96	404	790	240	90	132	134	161
96	403	755	212	93	138	131	165
91	348	832	207	83	126	136	172
92	329	805	186	80	129	170	166
93	353	827	175	82	125	171	184
80	306	744	201	92	118	159	191
82	346	685	186	80	117	163	201
77	353	613	192	86	126	167	215
70	378	706	227	93	109	128	246
72	358	795	273	99	98	121	213
80	370	810	261	98	95	152	209
75	378	846	285	112	94	146	201
75	367	898	290	112	91	123	176
75	406	859	282	112	90	128	113
77	395	752	240	103	104	135	174
73	395	828	301	111	101	102	173
78	393	875	290	101	94	101	169
84	406	814	281	98	102	120	185
90	334	746	282	93	101	117	209
82	323	810	324	99	86	104	168
86	311	749	295	88	88	110	170
79	260	699	287	89	99	115	187
84	264	816	328	104	80	104	181
78	278	882	326	105	81	108	156
88	317	946	292	108	87	111	149
91	329	1009	260	107	83	106	159
95	328	1032	269	112	79	105	179
88	328	961	264	102	85	94	174
91	389	979	279	110	83	88	180
87	488	927	300	121	84	100	191
80	488	801	299	125	95	104	193
82	501	839	317	123	99	105	169
87	506	947	317	136	104	124	192
88	456	862	294	124	108	126	197
83	325	846	274	115	116	121	200
79	326	857	279	116	110	128	185
76	333	842	295	119	100	124	179
76	313	729	257	98	90	107	148
80	301	801	307	107	114	133	160
83	343	780	339	109	112	147	158
88	339	774	334	108	125	139	176
88	317	737	302	95	126	142	174
97	321	761	323	97	138	163	196
105	357	716	272	89	116	143	180
102	338	769	246	84	104	128	163
101	353	768	247	81	93	124	148
107	347	798	262	97	104	122	146
91	354	753	230	95	90	95	114
84	338	776	276	103	92	107	100
89	381	731	254	105	94	96	107
88	372	778	273	105	88	98	118
80	381	701	244	94	72	100	119
84	356	696	240	98	81	107	120
76	354	636	191	93	79	89	119
76	303	626	185	79	85	89	116
74	290	603	177	80	92	106	107
73	276	630	214	85	96	119	102
70	295	664	218	90	93	122	117
68	273	647	221	84	90	128	130
70	283	759	348	103	90	145	136
72	292	719	345	102	85	143	126
69	292	696	329	101	81	134	153
83	340	797	340	93	83	128	144
98	374	916	365	103	83	132	152
93	377	856	279	90	80	125	143
93	389	918	302	91	85	113	150
111	428	934	316	89	94	125	140
107	379	874	311	99	89	134	144
93	376	937	317	98	91	137	126
91	483	968	312	94	88	130	128
92	459	993	302	93	95	136	131
74	414	982	291	93	100	132	111
67	480	997	311	91	116	144	105
79	496	873	278	86	119	135	137
93	412	806	262	97	129	135	148
95	433	706	237	93	119	134	144
98	506	773	253	99	108	128	153
98	451	695	215	100	89	100	157
90	426	683	201	95	82	99	144
93	418	710	211	83	68	98	135
90	449	783	215	82	70	110	137
85	398	745	195	71	81	107	124
85	404	779	219	65	80	116	129
81	416	747	232	74	83	116	113
72	502	707	215	75	84	110	115
80	485	733	240	74	80	86	142
95	505	809	255	84	78	86	157
95	489	788	245	84	73	83	159
101	478	820	272	82	70	84	165
107	390	894	277	85	86	102	181
105	380	936	285	89	85	108	165
93	324	866	277	86	97	108	156
92	329	909	283	82	109	121	163
86	308	863	243	84	112	128	165
77	328	773	244	89	101	119	156
73	298	633	210	89	101	113	152
92	318	753	203	90	87	124	185
97	370	693	184	89	72	111	185
98	380	727	193	84	69	103	176
95	379	791	192	83	82	102	163
92	405	791	191	80	81	118	160
76	463	659	178	74	80	104	122
72	456	709	202	81	80	99	108
71	463	691	195	82	82	101	110
70	448	608	182	79	64	107	115
78	452	702	279	100	64	87	123
77	394	701	297	107	65	88	123
74	366	653	283	102	80	124	125
79	343	709	311	109	83	133	137
79	307	770	338	107	85	129	134
71	306	657	263	86	93	137	146
74	350	710	251	76	98	133	147
70	384	731	252	73	93	106	140
75	417	699	229	65	111	123	190
77	480	635	182	62	107	120	188
79	492	625	176	60	100	118	186
75	463	599	165	56	100	131	189
76	426	555	153	63	102	136	194
67	421	611	148	66	81	110	132
60	396	777	176	70	88	119	140
68	354	784	179	83	108	127	154
79	344	762	179	86	104	115	152
76	341	778	189	88	102	108	149
85	322	690	171	83	108	124	159
88	252	480	153	80	113	117	168
87	346	508	150	68	93	100	137
80	345	520	152	66	88	100	137
81	377	574	168	58	87	98	157
79	372	621	201	58	78	81	162
81	374	714	199	59	62	82	151
75	287	717	206	61	70	95	163
71	297	723	225	62	74	99	154
69	291	679	229	68	72	107	133
60	285	727	224	65	69	106	118
65	301	714	239	68	73	113	139
61	308	710	241	66	72	115	135
66	404	714	233	66	73	107	141
71	416	760	235	65	65	98	137
74	438	682	213	70	80	96	148
72	447	613	198	77	99	103	138
83	482	668	186	76	108	93	159
104	393	625	175	77	107	104	172
110	367	513	138	79	133	126	209
114	436	531	157	85	127	130	202
118	422	565	189	82	111	126	201
120	385	531	184	79	100	130	189
108	384	603	193	77	98	125	189
108	375	600	190	71	66	109	180
112	308	616	196	75	83	118	184
103	325	588	158	66	95	115	182
109	367	603	203	76	107	119	188
104	394	604	226	88	109	125	175
100	386	757	251	97	109	126	160
96	375	799	251	90	93	109	155
95	371	791	247	91	91	103	160
84	324	724	214	87	82	99	136
81	298	717	180	75	82	94	130
97	328	730	221	70	77	78	122
99	290	705	219	63	75	86	125
100	277	720	219	62	69	90	119
106	303	749	215	58	63	89	133
111	318	793	235	61	66	91	142
106	287	712	184	54	65	91	151
107	315	697	182	60	81	109	168
112	302	683	181	62	77	105	163
107	312	667	185	66	72	99	157
108	284	571	159	60	69	94	154
94	333	647	178	60	79	108	143
87	311	596	158	62	81	100	144
83	305	592	165	60	82	104	152
88	295	634	173	62	88	105	152
85	322	715	194	64	87	108	172
88	274	581	172	73	89	113	182
87	272	576	171	69	86	113	168
92	282	739	293	98	104	118	165
80	264	724	297	98	101	116	189
130	244	612	278	101	101	121	191
134	310	588	271	95	106	118	176
143	319	712	314	102	103	106	186
138	308	607	215	81	87	109	190
137	290	577	205	85	96	122	173
113	288	580	216	247	206	138	217
130	265	618	214	266	208	127	224
122	279	522	160	268	213	138	221
130	308	425	150	289	216	134	224
139	321	437	170	353	241	178	230
121	345	605	198	287	202	183	193
111	342	615	224	285	209	184	188
106	340	778	253	285	208	177	176
103	377	827	294	277	221	192	161
103	393	864	312	193	195	155	182
112	396	1000	349	164	151	138	167
102	379	1135	385	137	159	162	162
116	398	1196	444	136	160	170	204
122	386	1278	548	151	146	155	221
117	400	1311	561	161	145	146	216
111	406	1255	614	210	154	138	213
111	418	1197	613	216	128	110	238
98	447	1039	575	232	129	102	216
85	425	962	465	206	116	99	208
94	393	945	438	195	111	111	194
87	399	885	320	167	135	123	215
89	391	966	350	185	149	144	205
91	321	1073	409	174	140	140	224
97	380	1171	507	197	150	142	219
133	467	1170	508	208	174	161	225
139	482	1217	577	213	145	156	223
142	482	1116	565	209	128	134	250
158	502	1147	555	217	132	139	252
158	469	1089	463	197	123	142	293
127	385	1092	474	201	110	116	304
158	381	1075	417	181	116	114	298
167	402	1157	455	223	127	124	267
165	373	1023	453	248	160	140	312
169	350	965	496	262	167	157	284
169	367	1038	555	251	153	150	282
146	348	971	567	256	158	147	289
163	327	855	542	235	165	140	302
178	356	877	528	214	144	143	256
191	371	960	545	200	136	110	257
202	347	837	481	204	132	112	260
207	325	787	441	193	124	116	260
236	322	844	429	163	111	133	349
225	311	941	438	143	102	112	343
235	313	882	403	143	100	118	358
242	326	947	480	145	103	121	384
256	327	993	506	169	127	140	406
218	308	957	538	184	153	141	353
249	319	839	513	181	157	146	347
265	300	765	483	175	166	182	337
263	277	668	399	167	173	187	295
250	316	620	379	146	168	175	245
273	325	545	295	113	160	189	215
236	309	495	273	103	171	205	210
208	295	548	299	111	188	202	217
218	302	507	282	108	201	239	231
225	261	431	239	101	195	251	262
223	257	445	207	98	180	236	249
350	272	501	213	91	157	218	248
385	285	426	158	78	123	204	261
383	291	414	157	79	90	177	253
392	275	421	168	81	97	195	240
404	314	551	250	85	97	200	289
415	282	492	241	91	123	211	327
407	382	465	241	91	130	203	328
413	376	504	253	92	142	218	337
449	385	580	286	100	136	186	332
459	348	453	247	103	141	178	295
423	364	454	232	97	123	235	301
454	262	456	229	96	117	238	286
466	264	438	221	91	103	213	262
528	231	306	157	72	97	248	261
550	237	244	107	54	101	283	266
571	234	237	111	51	100	239	230
574	216	232	109	58	104	247	255
590	198	182	103	62	97	245	319
524	219	220	112	63	97	211	337
493	265	218	115	69	97	169	334
444	320	217	114	74	93	155	369
421	322	256	126	66	104	155	351
420	341	265	121	62	138	170	321
459	334	279	123	63	153	181	338
501	310	269	120	66	171	180	341
498	227	306	123	64	174	192	287
506	231	304	120	74	176	186	283
476	224	321	125	75	167	197	258
413	222	313	120	78	174	243	233
328	232	343	126	76	153	245	251
301	237	306	127	75	155	248	278
292	267	319	132	66	143	241	277
277	279	299	131	69	140	238	301
268	288	269	121	63	120	190	305
269	266	279	120	55	115	185	295
285	260	304	124	54	107	163	266
243	269	268	105	57	119	163	303
290	257	308	110	51	113	157	302
292	265	341	117	54	117	178	274
302	274	310	117	52	119	189	292
285	328	406	147	56	133	229	336
257	314	511	172	61	156	230	309
194	321	559	171	62	151	213	290
192	310	623	232	68	146	200	310
193	296	638	235	70	150	195	328
202	264	586	216	67	142	154	325
203	229	519	204	65	114	155	314
220	235	497	213	67	120	155	323
205	225	441	184	60	118	145	301
279	250	438	191	62	125	214	262
317	269	422	188	64	123	220	234
324	278	466	184	57	111	218	244
317	261	416	172	58	107	231	223
329	276	364	126	60	112	230	247
270	294	510	234	66	96	166	240
216	254	519	243	71	99	163	212
226	274	458	243	78	119	167	216
228	275	538	253	77	123	169	259
211	264	579	258	73	112	167	238
218	228	475	162	69	123	170	259
248	239	493	146	61	130	174	265
253	253	587	196	54	121	179	239
255	258	589	214	60	116	173	206
260	267	570	216	64	124	182	201
275	283	555	207	56	120	184	182
251	304	583	213	55	123	182	210
232	286	646	266	74	131	202	218
242	269	582	250	72	142	201	211
257	304	589	250	70	141	211	247
262	338	695	315	89	133	201	237
280	344	670	319	91	120	195	209
338	343	517	245	76	113	168	222
356	362	516	240	80	111	157	223
345	324	548	250	85	115	153	197
316	308	454	187	71	114	174	201
292	286	430	179	74	128	209	212
665	320	478	176	73	118	215	226
710	339	564	229	69	101	225	274
1002	341	545	230	71	101	237	280
1192	321	482	209	67	112	222	295
1453	309	603	260	69	99	191	288
1378	271	603	275	69	105	185	269
1370	300	530	237	61	120	208	227
1232	299	496	223	58	123	191	268
1050	310	585	229	59	120	197	268
643	323	563	238	63	117	200	274
496	314	547	228	68	131	210	317
443	277	543	219	71	117	173	309
228	287	647	262	71	103	153	256
226	294	657	269	78	134	170	247
245	302	576	211	73	149	178	265
215	308	597	210	71	135	170	230
185	281	602	215	70	138	179	246
203	297	502	160	69	146	184	249
192	321	465	154	65	116	161	235
163	337	569	168	65	110	156	216
149	349	566	164	63	126	165	204
151	391	573	190	71	140	174	229
136	378	569	191	79	166	200	265
135	348	566	184	74	168	206	266
136	368	593	191	72	159	198	269
144	384	609	211	76	147	188	285
139	396	754	238	71	159	205	251
122	400	815	251	56	137	187	220
146	392	778	249	56	136	192	222
170	396	677	247	61	135	205	214
170	370	731	263	62	135	204	183
166	327	599	222	59	107	186	243
199	326	512	208	63	109	193	258
198	385	530	214	69	106	179	258
178	369	707	267	78	108	164	260
171	374	621	239	76	105	173	255
168	376	675	293	92	108	168	193
142	376	834	363	118	86	149	223
120	322	861	377	121	89	161	245
114	280	740	333	113	100	202	249
139	269	736	327	115	113	198	258
145	380	740	306	107	105	190	260
136	402	578	231	82	108	201	239
129	429	661	226	77	107	189	212
128	502	670	235	78	102	147	201
129	526	664	240	76	95	151	192
122	444	617	198	71	96	157	211
115	455	720	202	68	101	146	179
113	508	656	271	89	107	161	195
119	445	647	258	88	126	183	221
86	462	670	257	89	119	168	221
129	490	726	327	114	119	164	261
131	509	651	324	112	116	176	268
133	429	614	253	100	108	165	266
126	431	705	290	102	84	132	247
127	423	709	293	98	89	168	254
86	445	760	263	87	92	170	198
99	504	844	263	91	101	165	198
95	570	888	288	97	107	174	189
115	564	823	255	99	111	179	188
115	607	839	270	104	114	149	198
118	564	757	230	88	112	144	200
121	602	785	260	100	113	141	197
121	563	807	257	114	119	146	205
101	607	855	288	121	115	148	201
102	543	820	290	119	110	146	185
116	593	938	391	139	116	148	189
115	469	956	461	140	110	136	216
132	454	967	476	144	105	138	228
138	397	978	474	138	102	129	222
137	418	1049	501	151	124	140	266
145	405	1060	518	160	120	140	269
167	407	998	469	156	116	142	255
159	421	1072	503	145	109	118	237
190	437	1065	518	153	149	159	330
193	423	1070	514	153	132	147	295
177	384	937	434	138	129	138	285
149	402	922	463	153	133	169	320
197	384	860	445	172	133	172	322
168	361	827	437	184	95	141	234
170	350	842	414	185	99	142	242
167	343	1119	601	215	112	152	240
182	341	1158	588	207	112	106	197
162	396	1123	568	195	127	122	212
168	412	1141	565	182	120	110	215
165	402	1105	571	181	121	115	203
170	405	877	392	160	117	104	208
156	374	883	407	163	131	114	190
112	288	869	391	155	115	91	153
97	306	848	403	152	115	87	137
94	301	843	418	158	127	113	139
104	307	851	412	136	122	115	151
104	303	799	370	123	100	107	136
109	338	786	423	128	107	115	153
149	328	938	438	125	107	131	209
160	335	913	412	99	93	120	201
192	351	924	475	107	91	130	195
250	335	929	496	112	93	148	220
256	310	923	462	113	100	150	218
262	286	813	469	116	106	145	181
270	278	841	475	122	99	136	191
257	263	843	413	108	97	130	218
238	325	768	371	99	93	119	200
233	326	800	401	99	79	108	193
217	352	810	350	93	65	120	200
216	373	795	347	92	61	119	224
216	357	772	347	96	58	117	200
221	328	860	460	122	68	109	197
254	378	815	435	117	78	123	268
251	340	751	442	118	95	120	290
250	317	761	476	123	96	136	273
254	365	781	584	160	107	136	270
246	357	822	531	148	99	140	300
229	287	823	530	145	89	129	240
247	299	784	515	140	94	146	211
277	323	803	505	137	107	146	211
344	261	747	339	84	95	143	207
405	260	576	279	73	127	175	173
415	265	580	247	67	136	223	175
403	283	596	259	69	134	209	156
384	266	533	193	61	145	210	161
338	280	729	246	71	159	244	174
288	289	758	241	67	146	224	194
291	294	748	284	78	155	202	215
475	278	835	329	83	152	207	215
484	295	820	340	88	145	200	238
517	327	624	308	85	136	194	259
553	311	720	338	108	147	205	252
563	324	693	303	101	135	202	250
456	321	573	237	97	129	195	274
495	328	560	254	98	127	195	258
472	284	603	280	96	124	166	251
495	299	498	290	76	99	150	248
482	305	507	291	79	120	142	246
458	329	535	305	77	139	148	256
461	312	520	272	68	132	146	268
443	306	436	234	63	144	150	259
374	323	429	184	60	163	169	267
398	355	427	186	57	144	162	295
395	340	427	165	56	125	173	267
326	332	468	171	56	122	172	239
339	347	453	174	65	124	171	246
287	333	392	159	60	107	182	229
222	297	495	167	57	107	191	196
224	296	484	161	59	116	186	190
222	286	451	145	67	142	217	206
183	337	539	162	59	135	232	198
227	390	584	178	64	134	218	212
244	387	488	167	67	153	239	210
223	389	591	252	74	146	236	222
221	393	648	296	85	131	231	210
229	349	608	295	87	128	216	191
222	272	548	285	86	149	241	185
226	299	629	308	87	133	209	165
260	298	534	254	84	143	228	163
278	311	528	209	67	135	205	184
296	330	578	205	63	143	219	187
278	324	601	205	60	137	217	173
274	338	518	165	58	153	247	170
252	324	532	190	58	148	235	159
243	317	536	265	76	153	234	131
273	312	458	261	84	150	222	142
264	318	490	281	90	138	193	138
249	266	580	304	93	116	143	139
239	283	594	299	97	117	128	149
310	289	564	244	83	110	128	159
255	273	606	240	74	112	138	153
263	287	578	218	70	110	140	156
269	286	503	193	63	106	139	156
270	295	621	226	56	104	143	143
183	275	616	234	57	106	150	140
174	271	564	231	64	115	145	129
237	289	602	293	64	110	142	133
268	276	603	301	75	112	146	137
299	266	428	259	91	114	141	149
348	289	401	246	116	120	140	141
357	364	418	244	112	109	164	181
327	350	423	190	111	115	165	186
358	358	413	173	105	125	174	187
366	345	397	175	89	133	182	208
349	343	385	162	55	122	184	227
360	265	384	171	66	118	150	202
537	257	358	135	69	118	138	192
562	265	380	148	68	108	126	182
593	273	439	153	66	100	129	146
748	248	455	165	69	107	132	147
775	278	462	158	71	115	153	197
753	294	532	175	66	132	196	209
881	292	542	184	73	143	234	245
915	285	496	172	79	140	226	247
778	294	487	164	72	135	222	248
753	289	563	201	62	133	232	211
661	257	527	195	63	106	200	210
397	277	511	171	54	92	152	182
216	295	629	281	73	113	185	211
283	334	699	319	85	117	182	197
259	315	638	305	94	120	164	191
256	347	589	310	103	123	183	176
257	325	586	307	107	127	186	166
240	328	527	231	95	102	157	153
143	295	444	192	91	103	158	144
127	314	476	182	102	115	162	146
138	288	461	164	94	119	156	171
195	346	679	373	129	138	172	221
195	367	761	401	140	153	171	203
193	382	759	395	141	159	177	227
199	394	779	402	136	147	182	262
192	439	846	442	144	158	184	293
200	440	688	303	119	144	206	289
197	420	659	291	115	142	232	311
208	401	712	299	110	134	229	337
215	426	758	339	114	129	215	316
226	432	791	316	110	121	231	292
176	382	780	311	103	121	200	259
177	382	692	270	95	117	172	257
163	451	751	292	105	112	172	199
145	469	737	252	115	111	179	194
129	448	663	232	122	105	141	166
126	450	679	232	125	98	139	226
129	443	684	234	123	91	148	221
131	399	656	208	113	94	144	229
131	324	599	185	89	93	135	236
117	316	603	176	79	98	152	245
102	314	594	174	76	102	167	194
101	332	604	184	79	97	151	166
96	351	570	177	77	94	149	150
100	335	560	189	89	111	151	215
94	301	521	190	90	108	148	212
93	370	623	204	90	99	128	229
92	489	708	204	91	97	150	254
90	460	672	210	94	122	157	270
85	463	666	203	81	103	149	225
84	488	689	193	78	100	142	227
84	466	828	215	94	108	140	211
77	327	773	221	96	115	151	203
94	328	870	256	111	97	168	242
94	364	892	250	114	139	198	244
95	330	882	249	111	137	207	241
91	286	687	232	104	139	217	238
98	305	693	241	107	136	203	253
84	321	598	219	104	144	196	208
83	287	556	231	125	129	188	191
78	315	534	247	141	127	188	208
79	356	547	239	137	122	187	237
82	326	494	231	131	119	187	197
77	297	467	210	127	106	175	200
78	287	464	205	115	76	151	215
83	266	520	212	118	90	129	213
85	224	521	210	121	101	121	201
69	255	533	198	123	113	132	211
69	252	467	199	134	107	127	195
67	297	518	214	128	124	129	199
