0	1	2	3	4	5	6	7
36	399	119	54	219	29	22	26
42	428	130	55	213	24	24	25
45	509	137	61	224	26	26	28
46	589	149	58	261	30	36	34
50	632	139	53	305	40	49	34
56	669	150	54	323	44	53	35
64	688	141	52	469	61	62	52
66	697	136	45	838	92	63	55
68	656	129	42	908	97	60	55
69	625	138	40	1088	108	52	57
65	533	127	43	1115	116	49	58
55	460	127	42	1066	113	36	44
57	400	123	43	810	91	35	39
60	438	118	40	732	85	36	36
60	421	113	45	376	68	34	34
64	414	95	38	227	48	35	34
66	419	100	42	191	39	36	34
60	386	101	42	176	37	33	36
62	314	118	47	117	36	31	39
69	310	169	56	166	38	34	37
68	294	200	68	164	35	29	35
72	297	200	71	165	34	32	35
80	293	201	77	159	30	33	39
86	266	200	80	140	31	30	34
89	239	161	73	68	30	25	37
94	298	176	77	67	31	35	41
108	356	252	105	60	31	38	48
157	364	264	106	53	36	41	47
209	367	265	102	46	33	44	47
214	371	270	104	49	33	45	45
220	345	270	111	64	34	42	50
218	354	285	91	61	34	42	49
227	357	289	87	60	31	42	56
337	363	288	87	62	32	47	64
367	367	286	84	67	36	92	70
385	338	260	65	60	35	96	73
388	282	174	66	64	35	97	73
374	333	153	71	65	37	98	68
254	335	146	73	112	129	106	66
212	383	146	75	118	201	85	68
171	392	169	78	234	369	247	78
178	399	225	87	241	387	254	95
162	333	265	87	254	402	262	101
142	326	273	86	241	388	262	102
137	250	304	114	240	362	260	102
160	229	293	111	134	210	132	93
165	166	275	118	137	216	234	94
177	166	425	187	114	238	289	143
206	170	476	229	124	319	436	161
210	183	579	265	124	370	497	169
200	190	601	277	118	400	570	194
233	216	741	300	109	413	569	217
231	255	719	321	116	416	563	226
210	291	838	381	132	385	481	271
206	315	849	371	148	335	422	328
222	323	990	434	150	286	321	347
198	396	950	433	148	240	283	334
190	386	960	412	154	278	287	341
190	372	947	367	133	240	254	316
197	380	990	444	130	254	260	307
202	402	1022	462	147	320	338	379
174	319	990	465	146	335	324	397
179	336	1023	490	140	264	288	413
174	335	975	493	142	290	329	428
166	291	876	414	122	291	331	411
144	296	783	320	104	279	300	386
140	333	823	299	103	266	297	370
139	319	765	243	93	269	298	345
140	299	770	233	84	257	270	333
133	295	787	232	86	240	258	322
108	245	763	247	93	183	205	261
112	195	828	293	100	186	201	300
98	157	810	290	112	192	192	292
88	163	865	302	122	172	191	285
94	178	857	299	130	187	204	276
97	187	794	282	129	200	228	321
86	165	663	231	120	190	250	290
99	228	838	403	128	185	250	275
96	220	783	402	128	200	241	287
89	212	804	427	122	185	238	301
92	206	860	462	121	168	203	249
116	218	956	490	132	169	198	259
108	150	858	364	122	203	260	276
120	159	827	339	111	184	253	242
146	167	850	336	110	183	255	247
144	168	877	315	103	173	252	229
128	154	830	311	93	190	253	229
131	168	815	315	84	150	188	229
138	169	844	335	94	149	195	242
109	162	829	315	94	147	178	212
113	164	787	297	105	142	180	203
120	169	750	253	108	117	145	211
122	159	774	300	115	114	136	239
101	143	761	278	155	127	164	274
100	139	762	296	194	148	172	286
103	129	692	300	202	153	172	307
105	152	699	297	227	145	171	315
104	155	677	278	241	153	176	277
105	157	657	283	265	133	127	270
101	153	589	251	249	105	116	261
99	155	719	290	271	108	117	251
88	128	806	312	272	111	118	230
89	132	755	271	279	95	118	234
98	138	816	278	249	119	145	205
99	133	849	297	255	125	142	207
100	128	785	255	259	130	135	184
102	132	695	236	239	132	142	173
99	134	798	285	225	131	141	164
88	126	755	260	226	115	119	168
97	129	731	241	249	136	169	203
86	142	723	238	239	124	172	228
89	135	708	234	250	126	177	218
87	125	680	202	280	140	174	236
97	125	682	202	274	147	169	228
88	136	676	218	275	129	141	192
95	128	745	266	258	131	137	196
94	142	832	264	261	128	140	204
97	133	793	268	215	120	140	197
92	130	743	265	202	119	142	195
95	116	775	263	145	110	123	197
90	110	743	214	121	98	120	183
92	103	679	221	82	92	115	208
100	116	687	214	97	93	136	235
102	125	805	239	90	80	141	268
102	133	798	240	88	99	153	301
105	127	781	245	88	101	154	312
95	113	815	254	86	105	149	299
81	115	913	270	75	106	138	298
75	106	845	258	77	110	135	257
74	104	851	261	76	105	126	239
74	114	863	271	91	115	127	215
77	122	860	260	95	121	133	225
82	111	768	242	100	121	135	217
84	116	763	243	100	127	130	222
81	106	771	223	102	128	133	204
79	98	738	215	95	124	140	223
79	103	675	224	93	114	130	220
77	100	627	192	82	106	121	203
76	98	641	191	93	101	139	217
88	106	626	201	110	88	131	229
90	108	609	194	124	94	147	224
99	100	589	178	121	93	145	213
93	109	606	183	126	101	145	224
97	99	595	187	123	94	140	211
94	104	590	210	110	101	143	204
101	105	612	207	96	145	137	193
87	106	659	204	112	159	154	207
88	94	718	216	114	152	150	196
