0	1	2	3	4	5	6	7
75	326	755	403	151	132	69	87
74	335	777	406	155	133	70	86
59	341	758	313	156	144	56	69
65	321	829	350	169	143	50	58
69	340	847	349	164	123	48	48
70	315	851	353	164	117	51	49
74	253	766	305	169	138	52	52
71	234	610	262	176	156	52	52
77	279	652	254	164	158	54	57
94	268	709	326	152	152	59	67
91	264	670	307	156	152	55	64
91	291	756	315	156	144	54	62
97	322	788	323	151	118	53	62
91	281	655	281	145	112	46	57
72	298	576	187	137	111	41	45
74	330	578	196	127	113	41	45
75	334	426	180	176	138	41	45
71	324	486	184	168	153	41	44
63	336	464	178	176	173	40	41
64	328	517	187	212	180	41	41
61	337	536	189	214	182	42	40
58	323	621	251	162	152	36	40
69	387	577	254	158	130	35	42
83	494	585	253	195	157	41	44
87	488	527	240	179	159	38	41
91	506	515	228	180	158	43	47
110	528	436	159	178	154	44	51
120	559	409	136	174	157	46	55
117	480	411	135	122	99	44	53
115	494	429	133	79	80	47	54
123	466	396	140	81	75	52	55
109	463	425	136	78	73	50	49
90	353	436	129	69	57	46	44
86	342	428	155	66	54	47	43
86	375	467	163	67	51	44	42
74	421	494	146	48	42	32	34
76	438	569	146	46	44	30	35
76	472	561	146	48	46	30	34
71	473	670	176	52	45	26	32
71	512	665	187	53	44	26	34
82	458	672	245	65	45	34	45
73	416	594	250	69	41	37	43
75	403	580	251	70	38	38	42
74	400	454	217	65	36	41	42
68	281	458	214	61	33	40	39
55	283	446	178	57	33	38	30
52	350	440	169	55	36	36	32
49	342	447	172	55	38	37	32
46	320	466	191	58	37	34	32
48	359	434	190	59	39	34	40
45	390	388	168	51	32	29	39
44	336	481	211	56	29	28	38
44	363	534	256	61	27	25	37
50	423	587	248	62	26	27	38
51	406	571	244	63	28	27	29
57	366	610	289	69	33	26	32
67	348	579	274	69	36	29	45
66	289	572	254	64	36	28	48
62	182	493	248	61	38	31	56
61	126	486	246	59	35	30	65
52	115	431	193	52	31	30	61
38	86	339	166	45	27	28	55
38	64	212	118	41	26	29	54
38	57	300	119	41	25	27	47
35	49	308	120	43	27	28	40
33	43	285	104	40	27	28	39
32	33	276	97	37	25	26	35
29	35	280	102	37	26	28	34
24	28	170	91	35	24	27	31
23	29	146	80	34	21	28	24
23	29	136	74	33	22	27	25
21	30	130	71	34	24	28	28
22	34	305	141	44	26	26	26
28	36	312	151	49	28	25	25
130	33	317	152	46	27	22	25
165	33	321	153	45	29	21	23
181	33	323	153	45	27	24	20
184	29	250	123	39	26	24	21
184	33	299	123	36	24	24	23
134	34	297	128	38	25	27	23
87	38	309	128	39	26	29	24
49	44	324	135	41	27	26	24
35	45	293	114	40	29	27	24
31	43	227	97	36	29	29	22
25	42	226	89	34	28	26	20
22	39	247	94	34	26	23	22
27	34	264	105	37	26	24	21
27	33	279	102	32	23	25	20
27	33	298	107	37	23	25	21
28	34	297	105	38	25	25	22
29	40	311	134	42	29	26	23
24	44	329	143	43	31	26	25
25	45	331	149	43	30	22	26
23	44	311	145	39	30	19	25
21	44	311	145	39	29	27	25
21	39	270	119	33	23	27	24
20	34	219	92	26	19	26	25
23	32	183	84	29	21	28	24
23	39	272	103	34	21	30	25
28	42	293	112	35	22	26	26
39	45	289	109	37	24	25	25
47	43	293	104	37	25	25	25
47	44	310	99	34	24	24	26
51	44	287	96	35	26	28	26
49	42	279	87	38	27	26	24
