0	1	2	3	4	5	6	7
76	250	819	261	167	96	121	170
82	242	759	288	171	94	128	172
90	262	798	285	162	94	147	186
87	264	742	278	161	88	128	173
85	260	777	234	183	80	119	168
91	236	801	264	200	103	141	178
94	225	837	240	201	99	146	211
80	225	774	270	182	89	124	195
85	227	821	273	189	100	127	194
84	207	744	274	153	102	135	196
82	225	785	270	147	78	110	188
80	240	723	260	152	81	94	137
93	217	690	218	151	122	96	127
89	220	775	229	143	117	102	113
89	213	785	234	157	121	90	115
89	220	764	239	155	126	94	126
86	212	782	257	152	124	99	129
75	220	759	278	177	89	103	138
69	216	590	286	187	78	91	137
79	200	647	279	178	67	100	138
78	175	614	253	170	73	119	129
119	161	599	235	160	77	118	141
134	145	641	208	129	81	119	132
140	145	681	196	100	87	122	129
136	148	612	223	88	94	122	152
137	161	643	232	87	88	101	168
103	187	643	238	86	89	114	156
86	190	693	250	91	94	119	160
79	195	713	245	96	117	138	190
77	212	733	245	140	114	129	173
85	225	783	249	150	125	142	174
85	206	793	251	151	127	137	193
97	204	788	324	150	122	145	193
97	209	746	325	151	95	132	188
96	210	736	328	137	105	133	189
86	172	723	341	136	90	119	181
86	175	777	354	141	85	120	179
80	182	759	285	140	109	135	216
85	169	748	269	140	138	136	201
90	143	754	249	117	129	150	218
99	171	783	276	107	142	191	232
103	187	735	251	112	170	201	231
97	190	736	275	98	154	183	214
90	191	743	284	94	132	185	216
85	209	859	302	99	145	189	214
73	203	837	288	93	142	154	202
65	192	799	294	88	105	146	214
65	189	819	289	106	117	163	209
77	194	867	325	112	122	160	223
83	173	723	292	112	117	154	218
87	174	780	266	111	111	156	206
87	170	862	267	106	112	149	179
85	181	826	300	120	105	134	165
76	195	886	298	121	99	129	172
78	195	919	306	117	91	120	161
80	188	793	293	121	85	110	169
85	194	800	291	119	81	105	174
87	197	871	268	103	84	94	170
93	179	872	267	108	80	111	151
88	185	850	278	119	77	103	147
88	168	866	307	122	74	111	153
83	155	899	323	128	89	118	163
79	143	823	299	122	80	124	185
67	162	731	257	109	79	110	188
69	163	706	241	95	81	113	191
80	170	747	220	87	90	114	205
88	177	620	213	89	81	105	209
91	193	734	240	95	85	95	195
91	172	758	244	99	88	96	193
88	178	821	276	100	86	113	189
79	172	804	276	100	77	106	156
74	164	803	271	92	77	105	152
66	134	762	285	83	82	126	180
72	147	722	297	91	87	132	174
74	130	679	287	91	83	117	189
66	140	744	278	95	87	121	188
62	147	814	292	113	91	129	169
59	167	818	268	110	84	125	154
65	170	839	291	103	77	123	157
75	182	858	282	104	79	127	147
74	187	810	273	97	87	125	156
74	219	762	266	97	105	126	165
82	225	756	267	104	109	127	156
78	225	841	253	117	106	118	143
73	237	848	254	128	105	114	150
73	234	803	251	133	94	130	171
75	210	908	318	124	65	120	167
69	190	827	318	124	61	110	171
71	182	705	301	110	70	146	181
67	157	748	301	97	76	151	182
71	157	812	311	95	86	135	159
78	157	693	237	86	90	141	160
81	160	777	258	88	88	139	156
82	166	786	270	110	88	111	145
87	170	765	297	118	90	117	142
86	177	843	332	123	92	135	154
89	175	862	326	123	94	133	166
85	178	833	308	130	94	129	159
81	186	812	303	120	93	132	170
82	173	767	273	109	101	132	182
77	168	638	226	101	97	134	194
71	173	648	213	103	93	137	198
74	187	671	247	94	95	140	211
74	176	763	252	89	95	134	203
71	188	880	247	105	93	127	185
87	194	900	264	105	87	99	182
84	193	874	265	106	85	89	172
80	180	911	258	115	83	93	162
86	189	889	270	118	83	103	190
87	188	849	278	108	78	104	198
72	179	821	269	103	74	111	194
76	202	866	347	127	88	146	187
84	210	790	318	117	92	145	178
83	208	773	307	124	91	134	154
81	209	677	341	145	96	153	163
82	207	649	343	147	96	152	144
79	188	590	296	126	89	134	157
71	193	665	318	126	100	146	164
72	202	638	310	118	100	149	165
81	218	788	332	108	91	131	177
85	221	829	338	111	94	132	202
83	226	825	323	120	93	118	200
92	202	749	322	116	74	96	197
86	188	715	317	119	74	103	197
80	178	506	243	118	78	113	182
78	174	575	287	133	75	106	160
77	186	710	290	124	74	109	156
75	190	782	264	130	81	119	196
83	186	830	276	130	107	126	191
78	184	889	313	124	105	120	178
88	199	889	259	108	118	124	188
101	174	812	255	115	118	128	232
98	175	772	268	110	124	142	203
95	170	790	289	114	112	142	220
99	158	889	268	111	110	138	225
89	180	847	282	114	111	154	218
73	182	848	315	110	113	150	162
74	204	890	328	105	104	127	158
73	211	942	324	98	91	113	131
66	223	823	304	94	96	120	144
71	191	880	312	97	80	95	147
73	213	841	270	94	70	109	154
78	230	771	258	96	74	109	168
76	248	688	232	95	77	112	179
75	257	681	287	120	84	115	159
71	262	682	348	131	93	111	156
81	246	756	366	140	108	116	188
75	214	823	365	144	111	140	186
67	185	838	377	147	115	133	193
75	158	906	373	125	100	121	206
86	200	865	343	106	91	133	212
85	208	901	344	98	110	131	191
82	200	857	348	91	105	109	183
86	210	852	347	100	100	119	166
85	226	817	322	101	134	123	163
74	207	793	269	98	143	129	180
81	208	785	291	111	121	116	201
80	218	810	285	114	134	118	200
82	217	775	281	99	134	117	213
77	212	789	324	107	117	132	204
84	183	811	332	113	116	125	196
67	181	712	285	99	121	126	162
75	183	689	275	103	116	138	170
75	190	702	267	103	119	132	161
79	174	706	247	95	118	117	181
71	182	714	293	103	112	123	155
77	162	749	327	102	109	123	165
75	159	753	339	105	106	109	162
70	149	784	365	136	100	117	155
75	171	788	374	150	104	123	157
74	193	760	347	143	102	116	159
70	195	759	335	149	99	122	148
68	189	835	333	140	95	123	140
74	191	786	299	114	101	136	153
67	187	781	252	88	84	131	136
66	162	773	232	84	82	124	153
75	169	753	241	76	81	131	187
72	162	647	236	96	85	130	181
76	150	650	249	106	97	112	176
81	173	599	249	108	96	116	174
83	172	561	244	107	122	137	159
75	184	534	213	108	126	126	137
75	195	524	207	97	119	140	147
62	210	548	184	81	117	142	133
55	182	616	230	100	120	135	132
56	197	667	228	97	95	122	140
60	194	706	236	97	89	117	136
72	186	744	270	99	94	99	128
77	169	711	284	100	83	111	145
81	171	751	292	91	85	121	147
80	151	736	326	112	85	116	141
90	136	794	337	111	85	129	175
84	136	790	322	111	78	131	186
102	147	839	331	116	86	114	176
101	171	762	297	117	76	108	172
106	199	787	293	112	74	122	204
97	227	700	274	127	94	126	166
95	247	733	266	127	97	125	167
75	256	728	246	123	85	122	172
80	253	696	233	115	93	129	180
77	297	720	250	120	104	115	147
76	290	732	282	106	85	94	145
74	301	672	283	102	87	88	144
68	289	649	277	106	86	92	138
59	270	657	286	117	99	83	132
56	200	597	257	111	85	77	133
56	200	597	257	111	85	77	133
