0	1	2	3	4	5	6	7
55	197	694	168	133	66	81	160
54	229	692	156	142	67	90	162
51	228	641	150	138	72	92	156
54	242	654	172	140	72	94	157
61	238	678	195	129	67	94	164
63	222	687	204	117	63	102	156
58	199	706	244	108	73	103	139
65	232	766	290	97	68	94	140
65	221	732	287	89	65	92	142
67	244	824	317	102	66	101	156
64	236	796	308	108	63	103	135
65	233	785	291	103	50	94	133
61	186	712	264	101	51	93	134
55	199	714	257	133	49	100	140
55	176	622	241	159	54	103	123
55	191	647	281	164	62	96	123
59	182	616	280	163	72	103	122
57	163	628	270	165	76	111	144
57	155	617	266	142	84	119	140
55	168	651	267	123	84	106	133
59	195	655	222	127	80	108	144
59	202	623	224	136	81	112	148
61	214	717	236	137	84	103	136
63	223	759	245	138	80	98	164
59	223	725	236	136	77	99	167
58	198	678	244	133	79	95	167
62	204	736	251	123	86	93	162
78	204	621	245	118	81	98	157
80	204	618	272	124	87	89	126
88	210	666	275	104	89	90	139
86	198	706	274	89	89	106	131
79	197	759	270	123	90	106	125
66	180	817	270	130	88	99	123
66	182	844	285	123	91	125	160
62	176	888	293	137	90	124	151
64	184	892	293	150	99	116	158
68	163	828	293	143	89	116	163
69	171	848	299	158	96	136	176
74	147	830	292	176	95	121	153
69	128	803	274	171	98	123	153
68	148	780	288	171	98	135	139
77	149	818	312	171	96	134	145
72	167	774	306	164	92	118	134
67	186	732	281	145	85	105	134
76	208	657	272	142	80	120	149
81	200	697	272	144	104	122	155
73	202	691	247	123	100	113	157
72	213	746	246	116	101	113	154
77	212	730	259	132	105	118	149
70	205	776	267	137	120	111	135
63	196	803	270	140	100	100	125
67	202	815	289	146	105	104	112
75	170	714	283	157	104	106	138
77	163	709	263	145	99	104	140
84	135	703	272	146	80	95	157
91	142	706	281	132	80	96	170
89	130	604	241	135	82	97	182
89	156	643	226	116	98	110	170
87	141	694	224	133	102	114	186
77	177	664	199	127	105	114	165
77	181	670	185	124	103	104	162
80	205	801	205	142	100	102	153
73	193	778	230	159	84	83	140
65	221	758	240	141	77	83	108
64	220	814	252	142	80	81	115
69	216	735	223	144	76	101	120
63	223	660	229	139	81	100	115
63	237	704	231	135	88	114	120
59	238	713	232	144	98	110	130
61	230	623	254	148	97	129	131
58	241	627	259	147	95	114	126
58	221	624	251	133	89	120	130
60	255	576	236	127	85	110	146
61	238	509	233	125	80	111	141
61	225	597	197	125	75	91	144
51	225	583	201	120	81	102	134
61	221	532	192	144	81	101	140
71	178	550	234	151	87	103	134
83	187	583	229	176	91	102	130
86	199	516	229	170	99	100	131
85	186	513	249	184	93	82	144
81	184	571	251	168	94	88	147
73	184	560	208	154	91	81	139
59	166	547	217	117	82	103	145
58	149	528	220	130	91	111	135
62	160	551	192	128	107	120	125
68	174	588	181	120	109	120	109
73	179	575	197	136	111	142	125
79	202	571	196	199	113	147	124
86	209	632	189	199	99	140	137
89	207	653	203	193	79	136	136
81	219	597	241	193	75	130	152
83	207	661	237	187	75	114	143
87	190	749	238	113	69	82	156
80	194	690	261	107	77	88	148
76	185	644	247	131	76	84	154
77	159	677	214	144	72	88	141
69	146	675	221	140	78	106	143
64	146	607	220	141	81	121	132
80	135	647	201	140	75	121	144
79	127	669	215	113	78	121	134
79	161	619	222	100	81	115	137
79	178	553	206	114	84	119	134
90	191	633	238	132	102	132	130
79	232	630	232	131	109	132	108
80	241	640	232	147	106	133	118
81	240	650	223	149	105	140	112
85	238	688	222	141	96	137	104
71	243	612	197	141	76	118	109
66	220	649	195	147	76	125	116
65	218	623	211	139	99	135	118
66	203	630	216	135	103	140	143
62	200	692	254	155	102	135	156
61	178	675	250	145	102	126	156
60	167	602	247	132	104	121	157
66	175	639	228	133	82	111	148
81	180	684	226	129	86	102	150
89	186	642	200	109	81	82	139
90	183	623	188	117	81	98	148
94	206	664	196	129	76	95	140
88	206	761	208	120	78	97	146
74	217	703	210	119	68	97	129
60	203	661	207	116	82	110	122
69	245	797	228	113	83	108	104
65	225	807	255	121	79	114	117
71	222	754	263	130	90	122	166
72	206	768	264	130	96	128	166
71	205	787	280	145	106	117	170
65	168	676	265	136	120	116	167
68	166	728	242	118	125	111	185
61	158	684	219	103	130	106	143
58	169	684	224	99	125	102	138
62	180	759	220	81	118	106	142
58	167	780	223	118	109	118	142
61	170	706	220	135	104	117	116
63	174	712	233	159	104	122	120
66	190	792	293	168	110	135	120
60	197	711	283	175	107	148	102
62	219	715	272	151	99	131	111
54	222	701	274	139	99	128	109
71	277	775	260	118	82	117	112
85	264	719	248	128	79	103	122
91	260	724	252	117	78	81	137
95	249	811	283	126	80	86	145
108	243	811	294	129	84	83	154
99	168	700	312	129	87	83	151
85	149	768	280	108	88	72	150
85	141	767	270	105	85	96	152
86	132	631	237	104	87	99	161
87	143	635	237	92	87	122	172
89	150	701	224	86	85	129	172
91	189	661	206	89	84	135	170
95	193	645	208	84	88	120	173
90	197	630	214	94	87	121	165
74	188	706	186	100	86	101	161
73	186	653	194	97	88	99	157
78	152	532	180	98	88	105	166
70	140	582	220	105	83	102	164
70	152	675	230	89	88	104	155
74	164	572	239	84	82	123	145
71	171	638	244	99	84	119	156
67	176	670	251	96	88	108	155
63	180	617	218	90	101	132	141
63	164	628	248	97	107	131	142
74	154	673	277	111	108	119	147
75	160	641	273	100	106	121	135
76	145	704	291	108	103	125	135
80	143	756	308	124	103	113	147
79	154	681	273	118	94	113	167
69	167	704	255	110	97	121	169
74	164	699	235	109	112	140	172
69	178	651	255	125	108	138	178
67	199	728	251	117	88	128	168
64	207	799	263	116	84	123	155
64	206	781	276	116	85	114	136
63	199	850	297	142	66	104	149
62	185	838	267	118	69	102	126
76	184	743	249	114	73	116	143
78	163	723	239	118	76	122	136
78	155	698	203	118	76	116	144
73	154	612	188	101	83	105	124
73	189	631	185	105	80	102	131
56	170	669	199	104	81	82	112
56	186	601	211	99	96	96	115
65	186	722	283	97	95	115	137
66	187	771	288	84	91	108	135
71	174	730	297	91	97	106	132
75	166	676	282	92	99	125	134
72	186	747	302	136	98	122	132
71	226	685	262	134	96	111	118
79	239	636	255	132	92	117	116
72	246	668	252	131	114	152	118
75	259	729	270	126	117	140	150
77	251	732	253	78	107	130	154
79	209	692	246	111	103	122	144
75	197	671	243	119	110	121	152
78	177	701	226	114	83	84	152
71	171	661	224	127	73	83	118
68	198	601	223	139	66	75	133
63	210	633	203	112	75	82	130
67	201	633	193	105	68	95	133
68	201	573	198	104	74	93	133
74	230	620	181	91	73	96	137
78	192	631	152	69	75	107	120
73	188	604	181	71	77	104	158
70	186	592	203	85	75	93	157
66	198	626	206	98	69	87	156
69	171	539	208	96	73	101	191
69	168	512	235	112	71	98	190
63	157	474	219	122	87	115	156
62	152	569	219	121	94	123	151
61	137	608	269	124	104	131	152
55	148	664	283	130	105	120	98
58	151	673	268	118	105	119	97
70	154	776	297	118	84	111	101
69	186	755	302	130	78	101	106
73	212	770	264	116	66	98	101
77	194	763	252	116	66	97	118
80	212	742	242	122	68	99	126
74	219	676	228	115	78	100	122
78	205	655	215	92	80	112	120
76	204	620	241	99	74	105	114
84	202	662	243	96	73	103	108
75	179	666	246	91	80	102	105
75	165	624	219	89	91	113	121
70	156	643	223	98	98	124	119
70	151	776	226	104	99	142	121
59	179	780	238	103	102	148	152
69	181	786	233	107	102	146	164
68	182	852	267	123	96	145	158
76	197	868	272	122	86	127	160
79	223	791	262	111	93	113	163
78	201	702	244	111	87	123	134
73	201	694	249	110	84	121	120
75	205	661	242	101	68	102	124
67	187	609	232	114	68	98	132
60	128	601	225	130	86	112	129
56	130	672	247	152	88	95	120
52	129	686	262	153	86	98	115
45	148	637	238	145	87	97	104
47	154	667	247	138	102	128	85
57	155	679	244	127	89	126	95
58	164	738	240	114	95	125	114
71	174	753	232	106	94	132	131
74	164	783	230	117	101	135	137
74	166	787	229	119	93	107	152
71	176	751	222	123	87	90	157
74	188	733	235	125	82	94	153
61	195	713	240	133	91	84	136
61	191	671	236	132	99	101	130
62	183	643	222	122	106	104	119
60	181	581	211	110	106	106	109
56	181	504	213	116	107	102	99
62	172	488	193	109	101	98	108
60	167	579	207	113	102	75	112
56	171	590	245	120	90	91	112
62	171	669	275	139	91	89	110
59	176	669	253	129	94	109	117
58	214	725	268	136	93	112	109
59	214	671	270	126	73	123	112
58	232	683	260	125	74	107	108
50	245	618	235	113	71	106	105
54	226	563	228	100	61	81	92
56	178	498	209	84	75	89	113
59	182	466	191	84	80	73	107
58	155	460	217	90	85	77	106
59	108	531	254	89	94	86	103
53	100	619	274	92	108	107	104
53	93	642	286	96	96	103	113
51	105	769	341	111	95	110	115
54	169	809	322	113	89	112	114
54	174	774	310	115	86	109	121
63	189	740	307	121	74	107	157
58	191	707	296	132	76	101	137
59	185	591	227	117	80	95	139
63	152	605	226	109	82	90	147
61	159	647	241	115	76	96	145
53	148	637	214	118	89	95	104
63	150	656	215	115	106	102	98
59	148	680	238	134	100	106	89
53	145	610	225	140	98	110	75
52	142	592	196	136	100	102	68
54	129	620	202	131	94	95	92
45	137	661	243	131	80	92	105
48	138	728	239	116	85	97	109
53	147	758	233	105	81	91	109
66	140	742	224	100	92	106	121
65	150	762	235	100	81	100	116
67	154	737	197	85	74	106	121
74	163	753	266	109	69	100	131
79	173	752	275	113	76	100	143
73	178	724	265	107	60	85	135
75	174	672	256	113	62	84	136
77	167	706	259	117	65	80	120
70	188	659	221	108	67	88	118
60	161	627	214	100	59	87	108
56	151	624	234	107	63	97	113
57	149	693	237	99	63	98	104
54	147	654	233	96	65	93	108
56	129	613	186	92	78	92	103
65	124	565	173	93	81	99	139
64	125	619	150	90	85	94	144
62	135	605	130	87	84	89	139
60	140	606	156	100	83	83	145
64	123	567	155	98	74	79	146
56	124	637	172	103	82	80	109
60	138	610	187	100	73	75	103
64	168	631	205	96	77	81	115
62	174	693	202	99	70	82	117
58	175	800	213	87	65	95	134
63	176	749	199	76	53	92	137
69	184	805	242	106	58	89	136
63	165	758	245	110	65	114	134
69	173	700	237	100	72	119	130
66	165	568	224	112	75	107	118
72	167	661	281	157	85	112	143
63	166	707	280	141	85	120	140
63	159	698	282	139	85	113	143
59	163	708	301	150	87	113	138
61	167	753	336	155	88	116	132
57	183	774	311	116	83	119	110
57	168	650	273	113	93	114	102
59	163	638	262	129	96	107	89
58	141	608	270	116	91	99	97
66	144	602	235	98	88	103	120
62	128	530	214	94	93	100	114
64	142	635	247	94	88	100	117
65	149	648	253	83	79	88	125
67	140	650	218	78	93	114	120
68	163	716	254	94	99	106	108
68	193	714	261	109	99	100	105
78	205	728	269	125	106	109	129
76	214	729	271	118	103	115	131
77	219	722	270	119	95	93	131
69	207	670	242	112	92	97	122
68	175	682	248	98	84	99	127
61	157	610	231	94	77	122	103
64	142	662	264	113	79	120	101
70	161	706	276	121	89	126	118
67	172	667	269	119	95	128	115
63	182	649	261	125	105	140	115
62	175	620	243	114	106	117	119
65	166	553	208	107	112	118	120
79	148	500	193	97	103	110	115
85	137	526	210	106	97	108	113
95	127	525	214	100	86	90	117
97	136	641	222	115	87	97	110
105	172	647	220	104	82	97	128
90	174	731	253	121	89	102	119
86	169	715	235	114	87	102	146
82	184	695	233	114	86	107	154
80	186	628	230	111	79	97	181
68	156	626	236	118	80	96	178
71	159	647	241	109	93	96	183
73	171	685	252	120	104	120	173
75	164	760	265	137	118	119	171
77	158	824	290	137	118	116	152
73	162	855	293	132	117	110	138
68	171	794	282	133	104	124	132
68	172	799	273	133	92	99	127
65	164	747	260	132	83	107	137
61	166	694	246	128	87	110	144
66	165	718	245	154	82	117	139
70	166	728	236	160	82	101	168
69	162	697	246	151	99	111	166
66	188	772	286	144	94	111	148
65	187	745	285	141	90	109	136
70	205	806	289	113	87	111	181
70	194	787	295	98	80	120	167
71	200	779	310	100	59	112	162
66	166	746	278	95	58	109	164
70	173	791	272	101	65	127	169
65	153	693	265	100	77	125	124
69	146	716	253	109	87	117	109
70	137	775	250	106	88	116	107
72	141	745	237	100	98	108	111
70	129	675	232	90	99	103	121
67	132	633	210	94	98	110	114
62	151	616	222	90	92	104	132
68	137	567	187	89	91	119	143
67	140	526	182	94	95	143	147
66	139	515	172	97	94	140	146
71	131	542	208	99	89	135	155
71	120	568	211	91	88	138	145
64	128	519	215	94	105	142	145
70	122	516	228	90	98	124	134
76	134	559	221	87	99	119	130
68	144	529	196	83	97	110	136
64	148	487	166	81	95	111	132
64	151	528	174	94	84	112	121
68	155	563	181	108	80	107	132
59	158	529	198	111	75	98	138
60	165	567	202	110	81	102	122
58	154	549	204	113	90	110	120
63	159	582	220	98	84	86	126
53	167	574	227	98	80	86	112
67	153	624	252	109	86	113	95
72	145	728	256	107	87	117	105
84	158	743	251	111	88	114	110
86	150	757	225	120	93	116	108
85	159	822	232	106	99	120	109
79	165	845	208	97	107	118	123
77	155	730	189	94	109	125	121
64	154	723	230	97	103	127	134
60	196	790	258	87	94	127	134
65	188	687	243	96	101	134	135
64	189	594	229	90	87	128	119
63	210	676	239	90	80	117	114
64	202	720	204	78	83	105	94
60	155	608	167	89	93	117	88
55	165	607	156	99	80	104	107
52	169	637	169	119	83	94	109
64	147	626	189	124	95	95	124
73	156	600	196	126	111	107	150
83	181	596	220	138	117	122	175
90	187	678	217	127	115	120	170
97	182	692	210	107	118	127	186
99	179	632	204	118	125	136	191
90	168	693	223	138	117	127	171
83	140	705	217	120	114	102	148
77	143	652	229	128	125	108	141
71	148	622	234	140	122	108	117
60	147	638	232	125	107	94	90
63	145	567	213	100	99	95	84
63	172	530	208	96	91	98	113
71	182	576	197	90	79	98	112
69	180	686	223	81	87	110	124
71	187	671	221	89	86	110	127
73	191	732	243	105	87	107	140
70	184	750	244	110	95	112	115
62	160	767	254	111	95	124	112
67	153	657	248	113	81	108	112
70	155	672	251	130	92	110	118
74	168	575	225	121	92	127	117
74	146	555	223	122	78	121	112
76	139	460	212	121	72	104	128
71	146	648	208	132	81	96	117
71	135	662	204	113	67	94	110
66	113	676	217	115	74	84	142
66	118	686	216	124	82	96	152
64	110	760	248	154	98	112	152
67	144	657	254	141	107	114	152
68	166	639	263	143	109	112	160
71	179	645	257	158	121	101	135
67	182	690	261	157	129	99	132
68	185	675	243	124	120	94	129
59	168	666	222	129	105	92	126
58	174	679	247	136	101	95	129
64	166	668	251	116	79	109	131
65	172	677	275	106	71	100	126
62	169	641	267	108	67	92	123
65	152	599	263	97	72	92	131
58	144	663	235	96	79	95	114
46	138	673	257	109	78	75	95
62	128	591	222	115	94	116	116
61	154	589	239	131	129	127	114
61	169	658	257	166	137	130	109
61	152	612	252	162	133	128	121
59	156	588	219	155	139	145	123
48	162	598	226	164	120	113	117
52	136	658	252	153	88	108	116
51	135	606	244	122	75	103	115
69	161	600	238	119	85	120	128
70	161	641	246	149	86	107	126
77	159	626	246	158	92	116	121
81	177	556	198	155	87	110	145
85	196	608	198	152	90	131	153
74	175	650	234	154	89	116	136
74	192	598	220	129	84	111	135
66	189	678	230	102	90	113	135
58	187	686	225	106	96	118	110
62	176	767	260	111	96	102	119
62	188	765	262	115	89	102	126
64	172	765	279	111	87	108	144
75	189	723	267	109	101	104	142
78	175	742	282	110	104	126	145
73	183	660	256	125	98	121	140
75	174	582	222	127	96	121	144
74	214	694	223	128	109	125	130
72	200	740	223	127	97	131	146
76	202	709	219	130	92	102	145
76	202	741	229	109	97	107	143
83	208	753	240	116	111	112	142
80	178	786	295	133	109	121	153
72	174	748	312	146	101	112	139
70	191	757	312	144	99	117	148
72	178	712	304	149	106	127	141
64	191	703	311	133	96	124	130
64	193	547	257	116	96	107	119
65	205	640	233	99	99	109	111
66	190	638	216	91	96	100	101
58	179	662	225	77	94	77	102
61	157	673	212	77	100	85	106
61	148	682	200	65	92	90	115
76	151	656	243	90	98	79	133
77	155	676	249	90	103	87	132
83	151	611	224	100	93	98	130
81	180	582	212	106	81	104	125
88	174	677	248	119	78	98	119
76	164	675	278	109	68	98	111
75	172	631	280	108	69	97	110
72	180	773	309	110	85	99	120
69	153	773	303	104	98	91	122
66	152	706	295	100	100	94	122
68	146	619	244	96	102	105	124
65	148	643	255	131	99	105	126
61	140	493	222	129	97	102	122
68	130	532	238	128	85	116	127
65	151	579	214	120	94	122	121
61	174	662	219	119	83	115	107
70	171	641	255	131	85	109	105
72	171	627	260	135	75	110	105
64	178	645	261	141	89	100	102
65	172	642	273	144	77	97	101
68	313	621	256	151	81	101	117
59	350	639	224	135	74	108	120
59	362	644	233	126	76	104	112
67	360	635	236	123	69	95	112
68	361	676	248	147	78	102	117
66	241	647	255	143	80	104	107
76	170	663	246	121	83	111	112
78	141	681	234	129	81	107	116
75	135	733	237	128	74	105	114
73	134	670	210	100	64	99	106
70	128	663	208	98	60	89	104
56	143	652	208	102	74	75	97
53	143	636	206	99	80	92	101
71	140	555	192	105	79	96	99
72	115	537	196	109	82	91	106
75	132	617	188	106	89	99	140
