0	1	2	3	4	5	6	7
73	638	179	44	46	34	71	49
78	697	163	38	46	36	77	42
79	700	162	38	42	34	78	45
85	730	182	43	52	34	80	50
80	653	162	43	62	52	74	48
73	638	166	44	68	57	70	47
68	532	152	43	70	57	62	46
66	498	170	46	79	61	62	45
86	397	154	40	72	62	60	43
110	386	159	42	64	49	57	41
118	330	161	48	75	65	47	41
119	337	158	58	85	71	48	45
120	343	143	59	84	70	43	43
105	377	126	61	83	69	41	39
90	373	118	60	82	70	42	38
97	370	101	57	69	52	39	41
110	393	120	71	60	44	36	38
134	442	112	77	54	43	38	43
184	441	113	78	52	43	39	44
181	435	123	79	57	41	34	43
186	427	125	80	59	41	35	46
247	409	107	60	55	43	34	48
259	335	174	93	57	41	38	56
232	301	185	102	58	44	38	54
232	274	189	108	55	41	37	55
239	306	196	108	47	38	34	55
171	315	192	108	47	42	33	51
158	314	132	76	40	41	29	44
156	293	122	61	37	38	28	45
179	320	159	54	33	38	30	45
186	297	164	55	37	36	30	42
197	257	173	53	83	46	70	52
250	234	176	52	87	48	78	55
251	226	206	74	88	51	79	55
241	224	220	73	96	113	97	57
222	209	236	72	98	120	100	58
219	190	250	98	71	116	80	58
129	192	266	102	75	119	74	53
123	200	340	99	81	177	106	53
125	151	326	110	73	165	133	60
122	150	409	141	68	162	146	79
114	159	514	183	65	168	155	82
109	146	560	204	73	247	272	92
99	132	549	220	70	223	274	102
86	186	594	228	72	217	281	121
86	240	655	255	73	239	297	116
89	293	689	247	75	238	300	130
104	331	835	252	67	162	218	157
115	399	918	258	70	151	217	171
114	383	1008	280	96	183	228	186
116	352	991	270	99	159	214	259
110	321	989	264	98	161	216	259
112	300	922	292	110	191	213	267
106	226	918	307	114	198	216	273
112	273	870	319	99	165	198	272
110	297	929	383	110	185	225	230
117	324	860	378	114	184	218	248
116	330	879	391	105	173	214	291
122	325	1030	415	103	169	206	281
119	332	1061	440	120	187	202	300
139	350	1087	410	136	221	259	330
135	350	1186	427	132	222	277	337
137	374	1181	423	133	202	280	287
139	382	995	398	135	204	284	304
139	347	928	349	116	196	286	287
142	340	911	365	93	151	235	287
156	327	950	403	106	148	228	288
161	307	900	418	109	149	224	315
152	349	920	411	107	137	224	318
160	369	1085	481	130	126	228	342
148	378	1056	451	122	98	194	308
132	387	946	406	110	101	177	317
124	365	1008	377	108	119	198	322
126	327	1050	379	106	124	191	316
117	312	909	313	87	124	171	293
103	260	896	302	88	132	166	286
102	210	911	319	95	127	167	287
99	216	870	297	95	115	140	261
101	218	814	283	93	138	166	259
99	201	780	256	90	171	169	269
99	202	807	254	92	166	173	264
104	206	834	227	92	178	183	229
119	219	806	241	93	176	182	237
125	207	864	258	99	196	235	234
122	213	916	260	98	164	237	235
127	247	840	275	109	176	243	268
127	263	921	370	113	171	237	285
109	267	902	366	113	184	244	291
102	268	872	375	112	149	171	282
118	268	902	374	112	157	164	316
120	258	927	362	100	151	158	304
114	248	846	287	98	173	195	298
130	238	921	283	92	174	198	310
137	230	890	259	93	180	222	335
125	243	873	262	91	173	224	294
135	257	900	256	88	169	228	341
139	265	915	261	85	147	202	329
136	262	910	265	95	135	194	334
130	269	916	262	90	128	166	314
131	258	858	248	88	125	150	316
113	220	843	236	87	122	150	265
110	210	835	215	84	106	130	267
90	216	772	204	70	93	116	217
94	214	796	191	71	91	148	292
105	203	779	187	69	98	155	281
105	202	755	200	71	107	145	266
110	193	654	188	71	109	156	275
109	186	825	203	76	111	162	271
98	182	828	244	80	98	131	183
81	186	894	242	82	91	130	221
78	193	857	238	82	80	126	231
