0	1	2	3	4	5	6	7
87	455	243	105	69	49	28	36
91	458	250	107	89	62	28	37
92	490	281	110	98	68	29	38
96	506	299	108	101	72	33	38
102	492	356	119	103	74	34	39
102	498	402	112	95	71	35	38
111	533	402	116	83	67	36	40
121	504	393	123	84	79	41	43
126	487	410	134	89	81	37	44
118	519	340	115	92	81	37	41
114	521	349	121	83	76	38	41
97	502	403	123	77	70	39	36
95	501	405	131	77	57	35	34
103	533	547	173	75	54	36	40
109	472	642	200	75	52	35	46
106	435	676	214	79	49	35	48
116	405	719	248	93	53	36	51
131	393	810	282	94	54	42	57
130	384	748	282	95	52	42	54
127	369	730	275	93	51	43	49
129	354	703	266	88	51	42	47
125	398	668	244	83	51	41	45
107	395	731	284	95	54	40	38
96	368	825	295	94	53	40	37
92	361	796	298	91	54	39	38
102	359	831	309	95	63	44	46
109	329	912	318	90	63	44	49
111	311	839	267	73	54	41	49
104	284	741	228	69	53	43	50
102	281	766	243	80	55	48	57
104	334	765	249	79	49	52	58
101	324	697	240	83	49	54	57
118	356	854	289	78	46	56	65
122	357	924	326	85	55	59	67
124	341	956	309	74	59	61	65
126	293	949	312	72	58	56	61
126	322	947	321	72	62	60	67
118	365	881	337	82	86	107	128
119	420	890	329	89	87	111	140
137	506	1001	355	101	90	124	158
150	501	989	381	109	92	138	188
148	578	1097	430	110	97	154	253
165	661	1101	462	123	95	149	271
208	683	1192	660	192	149	171	299
230	662	1143	748	217	163	184	359
242	694	1283	894	282	219	248	437
269	823	1281	884	287	223	251	434
258	736	1302	913	314	234	239	473
254	735	1300	845	292	210	248	484
245	795	1386	941	330	207	242	456
232	795	1333	842	289	165	178	402
223	606	1280	857	292	197	200	489
228	660	1238	811	263	184	229	460
204	624	1205	833	272	183	213	468
190	558	1117	694	210	185	236	486
186	526	1123	664	197	178	273	467
167	492	1140	683	191	143	283	377
185	450	1186	777	239	170	361	475
194	507	1163	679	211	168	391	512
192	484	1156	629	206	167	386	498
192	504	1134	625	205	164	360	510
211	526	1110	581	199	157	339	567
200	500	1048	414	134	118	238	478
196	464	1117	477	139	110	173	414
194	438	1129	487	138	97	210	477
183	401	1072	447	134	102	222	485
172	364	1128	446	135	127	241	442
165	366	1172	467	129	131	262	432
146	320	1068	416	126	138	276	431
137	284	1005	410	127	137	230	334
147	307	1051	446	129	130	213	329
138	314	1019	490	135	118	188	290
141	282	910	451	132	111	151	308
148	313	1021	481	127	111	138	305
155	341	1000	451	111	111	147	311
159	344	930	468	121	148	176	296
149	359	870	425	118	140	166	277
133	358	937	486	135	149	175	249
130	337	821	503	153	153	162	227
123	334	943	545	163	155	161	239
106	335	979	534	158	114	129	271
116	358	996	554	160	127	153	278
115	360	1014	506	147	123	134	270
112	354	1021	466	134	123	174	280
136	331	972	437	142	135	193	269
146	323	1007	417	132	136	195	220
130	319	1012	370	123	125	193	230
134	388	1001	396	135	128	210	249
135	393	1084	437	140	131	200	254
124	420	1100	412	127	117	179	245
120	413	1086	402	131	120	192	300
126	390	1127	429	134	117	182	298
129	354	1074	421	121	124	191	310
132	325	902	346	107	115	176	343
120	288	971	398	106	110	173	354
111	333	1015	462	129	114	158	311
109	308	1021	470	139	126	176	300
95	323	1027	464	141	119	161	292
