0	1	2	3	4	5	6	7
108	514	740	279	173	234	111	283
117	486	801	269	176	234	122	297
122	478	724	280	165	243	130	299
124	440	696	287	190	240	132	273
124	380	636	270	167	212	127	262
106	427	667	280	142	159	122	242
105	425	670	298	143	189	120	261
102	391	647	268	180	240	122	214
100	435	652	247	158	240	112	222
95	479	668	250	167	249	113	223
100	451	725	273	200	333	140	227
99	463	707	255	196	321	132	194
115	483	813	276	174	297	129	244
120	489	827	279	171	292	135	234
121	425	844	293	163	306	142	224
132	427	785	249	120	213	129	266
133	427	732	242	186	253	152	296
115	422	634	223	176	248	182	307
111	412	760	263	190	255	204	334
109	524	780	248	184	220	201	344
108	495	783	277	191	224	205	334
104	494	760	267	130	195	195	323
118	485	815	302	169	199	164	290
120	462	782	313	161	188	159	312
123	360	703	312	167	204	175	324
134	361	681	286	165	217	193	354
131	391	747	306	194	220	195	347
124	385	696	266	160	195	194	342
125	390	636	286	151	191	172	307
118	386	637	266	152	199	151	286
97	407	706	302	163	184	131	241
96	427	676	302	167	157	140	226
89	425	687	308	169	161	136	212
83	433	700	251	169	165	132	196
79	448	698	252	168	143	152	200
71	474	773	225	163	174	169	196
76	436	795	216	127	189	169	216
109	431	833	217	136	190	193	254
108	560	805	244	134	182	201	282
111	533	871	271	127	176	196	281
110	511	784	293	122	137	169	269
111	524	787	292	131	133	154	256
83	587	764	336	134	141	121	228
86	468	791	316	137	158	120	234
82	489	728	303	146	163	111	270
80	470	675	276	169	204	109	264
77	489	651	274	170	199	110	268
73	434	634	206	169	205	114	261
68	406	640	249	169	199	112	218
86	428	626	249	167	197	114	196
90	423	680	243	143	186	119	208
94	374	698	252	157	181	131	219
98	355	685	254	146	166	129	223
100	418	753	228	160	172	124	236
96	403	881	250	154	187	143	273
97	470	880	260	149	163	147	273
95	481	864	266	140	165	145	272
95	531	863	290	141	166	149	279
103	502	734	265	118	161	156	272
103	513	591	232	124	165	141	231
103	490	662	256	126	173	130	253
100	473	646	246	114	167	116	252
101	420	689	215	124	165	111	263
92	421	696	220	133	187	105	274
81	423	736	258	136	188	94	265
87	406	712	257	158	214	104	244
98	457	713	243	154	215	113	248
101	454	678	262	146	210	116	228
108	476	683	289	147	186	109	214
111	479	760	300	143	176	115	229
108	487	680	274	130	139	110	228
104	480	742	333	157	137	124	216
101	507	762	329	163	150	127	228
96	484	754	309	156	162	129	229
100	453	615	266	155	159	128	223
98	434	730	288	147	157	139	246
89	389	781	231	117	157	122	272
84	353	763	230	114	192	115	271
84	388	792	222	131	200	120	289
84	384	825	233	169	208	120	277
89	479	806	229	185	214	112	288
107	537	732	266	190	214	119	258
107	525	743	258	186	200	132	244
112	497	744	268	185	195	138	251
110	544	697	268	152	174	134	246
109	476	630	260	135	167	127	199
96	431	561	204	118	174	120	198
97	436	539	206	144	178	102	197
101	439	567	204	149	165	82	167
99	366	618	212	147	173	90	169
97	367	658	252	143	163	92	178
96	360	707	258	142	155	89	182
101	355	774	293	122	150	92	194
91	345	847	297	108	187	108	199
94	406	820	288	105	190	112	217
88	421	824	261	105	191	115	208
103	409	851	266	114	193	132	241
94	403	800	226	104	183	138	235
93	428	776	226	97	146	139	247
93	441	800	248	112	136	138	262
94	433	783	230	111	140	139	257
82	450	785	232	113	163	141	249
89	506	787	245	122	173	149	255
108	471	797	288	136	177	142	256
115	425	792	300	136	179	137	261
117	395	790	316	160	208	134	274
120	389	753	312	163	196	129	264
118	362	781	298	158	170	117	252
98	476	709	271	148	162	114	232
89	468	727	249	138	172	120	203
86	467	702	236	112	208	124	201
78	479	666	244	119	222	110	206
75	470	676	266	125	220	111	227
77	353	642	246	116	222	129	251
72	342	636	238	122	223	119	242
88	353	630	231	128	189	113	227
86	331	660	219	118	157	124	222
91	342	638	219	111	161	121	203
91	399	657	205	117	161	99	160
90	394	665	201	116	195	97	154
84	414	639	185	130	198	99	175
92	444	637	229	144	202	97	170
99	479	648	240	156	210	106	160
105	487	669	255	165	213	106	153
108	504	646	252	164	197	118	162
110	485	720	276	156	185	121	188
112	466	740	245	132	182	116	202
100	403	664	211	119	186	108	215
105	384	635	189	102	193	113	250
101	442	613	182	94	168	102	250
90	456	648	187	82	163	92	216
80	444	623	199	92	177	93	195
106	475	670	210	90	179	113	234
99	436	685	207	90	181	133	258
111	373	729	218	110	184	141	267
117	385	629	187	103	184	154	297
125	455	651	175	103	189	170	332
113	459	629	210	102	179	162	318
115	476	622	221	107	168	161	299
112	490	579	224	102	171	163	295
107	490	695	252	143	182	158	279
104	481	688	259	147	166	160	241
92	464	727	246	148	163	155	213
88	456	732	249	158	183	144	222
83	453	721	256	173	225	135	236
89	516	623	262	156	215	138	239
83	462	759	300	155	216	117	250
89	454	712	285	153	216	123	249
88	449	720	280	142	208	122	219
92	452	809	310	143	166	126	214
91	405	870	299	128	153	143	228
95	436	763	273	132	150	152	235
90	455	773	278	147	202	152	238
92	464	747	286	145	212	150	237
91	470	688	249	116	200	143	227
94	416	604	229	109	195	117	212
113	463	555	200	104	199	106	229
118	459	605	210	135	202	108	260
124	478	629	203	135	187	103	256
128	480	642	198	133	193	114	251
121	483	648	197	139	211	115	235
105	460	656	204	165	214	115	210
106	424	622	186	154	162	113	169
91	390	578	181	154	156	110	177
78	384	540	203	165	156	107	194
81	387	557	219	163	161	118	228
78	340	624	265	137	164	110	216
81	370	641	304	112	186	118	228
86	370	625	305	124	194	117	222
97	352	699	330	114	185	133	232
99	353	727	334	124	160	142	214
98	339	719	318	127	173	147	209
99	340	677	276	120	159	146	238
95	374	694	276	110	162	149	250
89	467	629	245	114	165	136	233
79	454	556	225	100	162	121	236
76	439	535	212	96	139	117	245
68	453	537	210	118	141	105	227
67	453	592	212	124	134	103	246
62	413	637	189	122	141	97	245
67	426	671	206	126	158	99	261
75	432	697	190	130	180	111	250
70	422	689	212	133	183	107	236
82	409	708	230	130	187	118	226
88	368	655	241	127	183	131	234
92	361	651	227	129	188	127	205
87	387	657	238	123	193	116	218
95	376	712	240	106	190	131	207
88	372	727	231	100	188	119	195
87	355	721	227	97	183	110	208
80	358	760	229	97	175	123	209
80	332	711	209	124	173	121	192
72	388	710	194	128	165	116	205
67	394	650	191	133	160	114	193
62	442	633	173	143	165	109	170
65	438	592	192	163	183	103	170
68	441	600	212	142	166	101	170
76	468	580	232	132	169	102	168
77	491	540	231	124	175	120	214
84	532	576	248	116	182	122	221
86	533	545	242	176	186	124	215
85	544	538	242	185	176	134	236
78	500	602	219	191	170	120	232
91	489	685	279	194	159	152	219
87	392	663	265	200	168	151	203
84	388	651	259	145	163	146	227
108	397	655	259	140	161	154	237
111	377	558	259	128	155	159	246
97	348	434	173	127	191	123	220
104	352	553	263	144	241	118	243
109	403	560	256	127	234	118	244
90	380	595	244	125	238	98	219
88	379	621	258	127	238	96	208
94	364	637	259	147	239	100	211
95	378	678	187	146	181	105	199
87	393	735	229	144	167	109	174
86	439	669	238	141	160	107	168
90	505	749	244	147	185	127	195
89	508	776	260	151	159	141	187
79	519	655	268	132	153	143	173
86	476	624	239	133	157	145	188
80	463	726	268	140	164	156	188
79	400	688	285	144	151	148	157
74	452	650	270	113	205	125	163
77	428	645	254	113	210	139	195
72	443	700	256	119	210	143	205
94	425	688	223	113	213	142	251
93	420	712	240	114	250	141	249
101	414	732	248	117	204	143	252
100	451	753	243	111	199	134	237
101	456	743	259	106	197	135	208
85	447	680	256	103	189	136	170
86	432	754	237	86	128	134	170
83	407	760	232	103	160	133	178
89	362	782	233	119	173	138	209
90	409	762	210	114	176	126	225
87	401	738	196	114	177	126	216
84	428	629	156	123	176	119	234
94	421	698	183	126	181	131	275
94	432	673	182	116	189	116	243
95	396	630	207	121	180	107	239
94	429	707	234	131	186	108	247
92	420	743	259	123	198	121	229
77	462	718	264	107	170	107	158
71	449	715	278	105	156	108	180
72	443	725	265	114	164	131	198
76	428	691	263	106	182	118	187
83	445	798	257	107	165	108	192
82	394	743	266	109	168	133	197
80	425	713	261	109	159	131	192
82	416	742	264	93	155	121	160
78	422	729	266	90	128	128	162
75	466	517	242	99	124	130	222
80	490	546	217	109	151	109	235
74	484	577	224	111	153	117	228
68	525	664	239	107	146	109	226
76	512	697	231	102	140	102	226
72	436	679	246	95	151	105	188
71	419	713	232	96	184	123	174
74	455	720	223	99	182	123	182
76	407	630	199	103	193	124	186
73	437	603	200	104	199	124	186
77	474	627	196	109	221	131	200
85	476	622	199	101	187	111	200
88	415	669	222	98	185	105	204
86	477	699	243	103	182	116	251
83	488	730	241	104	173	119	249
79	459	745	235	102	141	116	231
86	481	684	242	119	129	139	254
92	506	716	240	121	127	144	250
95	437	671	219	120	114	132	217
103	400	692	264	131	138	145	250
106	410	719	258	133	158	139	246
106	401	843	311	125	148	125	235
105	363	791	293	124	151	121	241
107	445	810	305	120	159	129	239
111	468	764	284	112	138	114	214
119	468	694	291	105	174	104	205
116	483	617	237	111	179	135	190
113	498	627	226	104	177	145	175
107	432	607	221	101	169	139	171
98	430	635	216	112	185	139	159
86	434	752	263	118	144	148	183
71	478	787	278	111	157	110	206
65	473	816	289	122	183	104	214
67	481	834	313	128	185	108	219
62	471	813	299	119	179	105	220
63	459	739	249	119	167	107	214
81	399	645	229	108	163	107	208
81	398	566	223	97	141	99	205
97	399	519	179	95	138	130	221
105	430	637	212	90	142	135	239
104	422	620	224	80	158	124	223
98	399	610	211	82	161	128	214
100	424	620	213	94	166	139	211
89	424	667	271	97	167	116	199
77	364	536	248	105	162	114	195
77	373	552	243	114	156	118	208
78	379	673	274	125	135	119	211
72	347	661	278	115	118	113	229
79	322	614	219	108	130	134	224
82	326	667	204	99	130	135	208
89	373	653	209	93	152	140	204
87	401	541	184	85	166	143	198
96	406	599	212	88	162	139	209
95	457	597	220	101	156	112	217
100	448	572	244	104	152	131	218
98	395	587	236	99	137	126	237
97	358	619	272	101	143	124	241
93	385	681	286	110	152	124	215
101	341	767	279	96	151	129	202
110	429	832	303	95	155	111	217
106	454	866	320	109	161	135	193
105	511	929	314	131	175	145	198
104	490	869	284	124	170	153	214
93	510	807	281	127	172	155	217
80	457	712	235	129	178	175	217
82	451	667	220	136	173	155	216
108	408	634	208	115	159	148	234
116	442	654	218	110	160	138	238
114	414	633	213	107	168	142	245
113	402	642	226	112	168	131	244
116	404	656	238	90	157	131	269
99	487	576	221	80	153	124	244
96	480	634	238	95	159	131	245
100	488	660	255	95	148	132	231
98	499	710	249	85	139	115	246
92	510	683	232	88	135	115	221
90	428	830	259	99	116	112	229
87	405	767	224	92	111	100	217
82	381	789	228	98	136	88	215
81	358	782	243	112	151	95	176
82	341	865	256	106	163	94	181
76	342	771	228	99	163	97	169
91	345	771	238	100	165	103	182
96	360	713	217	114	178	120	218
97	395	735	265	120	182	119	245
96	397	650	258	144	175	119	247
109	409	637	267	149	200	148	265
108	411	637	294	159	215	144	263
107	417	667	306	156	214	163	243
112	423	569	267	147	215	159	232
113	406	578	277	135	212	158	222
98	425	585	260	125	185	128	203
101	413	611	226	106	163	131	190
101	496	617	219	90	126	101	211
98	498	675	207	84	136	120	194
101	506	749	205	70	146	121	203
105	467	717	222	103	163	159	233
96	474	733	226	109	170	166	227
99	444	732	240	133	199	155	201
91	404	802	259	141	198	138	210
91	475	754	251	138	197	145	222
94	476	844	309	132	188	112	199
87	474	881	320	132	197	109	231
89	440	889	307	123	200	115	253
95	466	857	292	112	178	137	260
96	374	861	303	125	170	129	250
108	363	858	239	109	175	155	267
112	453	792	253	107	185	153	259
106	442	801	265	105	176	148	247
109	481	742	268	114	184	136	237
112	495	681	248	102	181	140	244
106	494	528	240	101	179	134	249
110	451	601	237	110	156	140	249
108	444	641	256	111	138	139	232
108	381	663	251	102	139	136	236
108	446	735	300	112	142	139	253
118	451	793	302	113	132	137	292
115	402	702	270	107	125	136	289
115	375	695	255	87	129	145	289
112	375	681	259	105	155	151	288
107	351	673	217	107	161	143	269
82	355	652	245	112	177	142	183
78	387	696	250	109	178	132	185
87	435	639	238	117	186	130	201
89	465	644	282	121	174	136	193
88	463	611	280	120	168	134	173
99	481	654	258	111	151	135	199
106	458	636	266	116	150	130	196
105	432	661	291	118	162	133	196
106	397	684	252	113	202	133	200
105	414	686	257	109	214	145	233
94	385	611	243	107	212	125	231
78	379	640	237	111	211	129	214
74	379	645	212	106	202	119	211
63	382	592	202	100	141	102	211
62	415	636	177	92	116	92	175
64	428	670	201	96	118	93	158
76	422	626	205	83	118	97	209
83	456	599	195	86	88	117	202
83	473	671	198	92	152	120	193
95	457	664	221	104	158	113	209
101	444	657	214	109	159	118	211
94	452	720	207	107	161	118	165
86	441	718	226	106	165	100	167
100	457	699	271	107	134	108	230
98	400	641	253	99	132	126	251
97	428	636	256	90	144	158	282
96	439	541	254	90	157	156	282
100	434	623	250	97	166	168	285
92	393	589	197	85	138	164	275
89	378	667	202	82	136	156	257
80	352	686	201	89	123	123	211
88	331	768	212	110	122	135	228
90	372	683	244	131	166	143	256
92	400	692	257	137	178	160	266
105	421	664	260	145	176	170	278
111	419	666	259	143	175	171	298
111	455	674	272	130	165	173	293
104	406	703	234	118	138	162	261
97	374	737	231	126	188	137	207
79	441	741	221	117	193	125	191
69	475	743	219	116	197	123	168
69	460	648	194	113	200	110	153
76	521	648	188	117	201	105	209
77	528	678	196	93	155	117	212
74	493	693	215	115	199	124	210
86	501	713	238	125	198	117	215
94	507	802	245	134	197	136	238
96	455	788	255	113	176	142	206
96	460	764	262	119	179	140	219
114	417	725	251	107	151	137	221
109	416	679	222	96	153	136	210
102	423	691	239	86	151	114	182
97	419	717	232	86	143	111	182
97	411	677	205	89	132	112	184
85	419	665	229	95	117	108	171
91	355	672	228	100	119	117	198
92	377	650	211	102	118	130	206
99	360	619	223	104	122	128	195
114	353	578	230	106	121	124	198
109	381	665	243	100	128	120	201
103	435	714	267	99	123	118	186
98	398	660	269	99	128	105	179
87	423	695	285	106	131	99	172
67	426	702	269	93	136	94	148
67	397	623	232	92	118	95	138
70	376	647	249	94	112	85	126
74	423	674	247	98	119	101	136
77	419	666	272	95	139	111	147
81	423	666	289	106	173	115	166
83	434	672	288	99	177	123	174
87	424	662	294	111	182	136	181
89	366	618	297	120	182	130	190
89	364	605	259	123	169	122	188
94	398	716	268	135	168	127	219
92	407	701	277	150	184	127	234
88	409	632	250	138	185	119	250
81	408	710	270	128	194	121	243
80	391	717	270	134	217	131	250
72	348	695	275	137	206	130	218
71	298	722	284	132	199	126	216
65	334	699	269	140	207	121	186
65	330	655	237	141	200	110	221
67	360	633	221	140	191	100	228
81	389	573	217	119	178	104	255
81	426	577	201	112	169	98	262
90	374	607	233	106	163	98	275
95	375	566	252	108	152	113	253
96	380	672	292	100	140	120	245
84	387	637	270	99	139	119	255
95	375	701	272	95	136	130	266
94	378	748	272	93	137	130	262
89	401	796	258	88	144	116	251
87	405	723	214	107	163	111	257
86	373	783	221	113	174	109	217
69	365	747	207	119	173	95	180
62	414	742	171	120	164	108	191
77	403	711	169	135	173	112	215
78	361	721	193	130	162	120	193
80	377	706	203	123	140	115	197
83	378	721	230	121	160	127	191
87	342	675	243	123	165	137	191
80	355	691	239	110	154	162	174
83	409	645	216	98	134	149	179
81	437	666	221	106	155	155	179
96	482	654	229	107	146	149	220
100	474	651	218	114	145	132	201
102	509	625	216	113	154	96	191
100	486	668	222	108	166	101	201
98	460	654	260	164	165	103	202
83	520	682	269	169	153	101	157
74	509	723	270	163	159	111	172
61	474	721	274	158	149	117	172
57	496	766	276	161	140	115	153
60	502	784	269	108	137	106	136
60	418	811	280	101	137	113	145
64	443	784	303	96	136	121	136
75	455	799	319	95	161	117	145
88	413	751	330	114	171	121	147
96	395	751	306	105	152	124	162
109	356	644	264	99	154	115	163
108	335	633	231	104	154	109	157
102	288	628	206	115	128	119	162
97	308	687	217	96	112	114	174
90	319	643	205	107	145	111	173
72	323	638	209	108	142	124	190
73	344	674	260	108	142	115	193
79	376	669	259	104	142	115	232
79	443	555	241	114	156	129	239
79	435	526	246	115	140	139	240
78	433	599	263	125	155	127	223
90	447	555	216	132	157	125	221
83	445	545	205	127	162	117	169
97	402	616	199	119	159	116	214
95	411	622	209	105	160	116	213
96	434	579	188	99	147	132	206
100	445	639	208	99	156	132	212
108	431	631	232	103	193	127	226
96	420	615	221	114	204	110	200
101	401	673	208	115	198	101	195
104	374	702	214	111	199	80	201
89	346	642	206	100	185	81	196
83	343	691	205	115	169	96	190
78	313	676	224	105	160	108	167
73	382	713	223	106	160	105	161
75	381	646	222	110	162	116	163
78	379	635	216	117	191	123	207
74	372	672	232	99	202	120	212
74	368	668	235	96	198	110	211
82	310	543	246	101	195	112	221
86	301	617	252	100	201	107	227
91	289	647	253	92	172	94	192
90	318	556	226	89	123	87	171
89	353	535	221	89	113	90	167
79	369	594	212	92	113	109	166
68	369	595	229	85	112	114	148
63	351	613	235	124	128	123	169
74	368	661	242	127	130	133	185
78	321	752	248	131	128	144	176
81	307	758	233	122	137	137	190
95	356	735	223	126	144	127	194
97	364	678	213	89	138	149	192
92	325	657	218	91	135	139	175
87	331	555	217	90	131	126	180
83	341	477	236	123	154	118	194
67	364	477	246	145	188	122	213
64	387	493	241	148	186	83	195
60	399	503	253	146	194	81	193
60	415	629	250	149	199	83	186
59	438	650	265	134	201	89	172
71	382	668	242	111	173	81	152
70	357	665	244	106	179	85	159
70	348	656	221	102	177	121	163
74	339	552	228	94	180	124	162
80	306	590	194	91	168	123	140
71	321	581	197	89	158	124	135
75	333	592	199	133	168	135	150
77	332	592	188	143	167	106	150
80	323	596	180	143	155	101	170
81	304	673	221	136	142	93	164
89	298	641	232	137	147	106	167
88	289	636	238	99	145	108	174
98	310	612	250	104	139	109	203
104	328	707	258	116	145	119	198
114	334	634	266	117	141	125	213
106	312	645	250	120	139	110	206
106	389	680	253	137	175	99	199
97	384	736	268	128	173	98	171
87	367	647	253	117	175	96	178
87	390	663	216	115	175	91	209
87	405	685	236	110	201	98	212
85	327	693	230	84	164	102	201
80	302	786	267	75	162	102	209
80	294	820	284	77	161	99	210
63	295	794	288	75	158	106	163
71	299	795	275	78	112	108	171
74	330	815	281	84	155	103	170
77	337	675	229	103	176	125	207
85	369	724	198	106	174	142	210
80	340	735	229	121	183	149	227
75	332	714	234	119	193	145	251
74	298	681	221	124	187	152	263
71	344	740	213	113	185	142	231
64	357	645	228	116	182	117	216
70	353	613	179	108	178	98	218
76	373	640	170	120	186	121	192
84	400	607	180	114	157	122	178
85	376	515	174	123	138	116	186
81	357	527	164	118	135	116	199
79	400	598	179	120	152	122	177
71	387	627	203	110	144	103	167
58	395	671	214	116	147	92	164
58	377	709	229	116	187	117	153
87	383	727	234	122	195	123	147
94	362	668	225	114	192	132	160
103	384	717	215	109	186	128	162
103	359	714	213	101	190	129	166
111	383	701	222	97	154	112	176
99	360	811	289	120	179	111	166
98	354	830	303	125	183	105	161
95	318	783	313	128	173	116	169
107	322	774	306	124	159	113	166
98	322	784	296	131	173	127	150
90	366	651	254	126	164	135	156
89	361	645	274	136	147	127	149
81	363	608	254	141	145	116	149
84	387	618	261	140	144	112	146
85	392	632	267	149	129	119	150
87	351	666	247	153	120	107	139
81	396	641	216	143	122	111	134
89	404	682	230	146	142	109	124
90	385	646	232	161	139	132	183
98	372	616	215	144	143	120	186
98	375	612	224	144	141	122	213
108	381	684	222	142	149	128	227
107	413	623	236	144	134	130	241
93	430	637	217	128	145	112	202
91	420	648	243	136	141	100	206
94	421	604	229	115	136	103	183
99	391	521	235	125	134	101	182
106	393	612	207	110	132	105	170
116	423	618	217	128	133	113	183
114	432	639	201	135	191	110	182
111	432	684	197	139	207	101	181
105	428	712	192	132	209	93	173
100	430	649	197	136	211	86	172
93	380	663	192	120	217	66	196
93	363	618	186	111	172	68	203
91	353	548	201	101	153	71	220
86	380	559	220	105	144	82	245
86	323	621	242	101	139	88	258
80	294	598	258	103	116	108	233
83	297	578	271	121	100	107	226
84	321	581	260	128	104	112	226
80	296	562	235	138	130	103	213
73	384	533	220	148	136	115	186
71	402	513	197	144	143	105	193
66	401	546	184	135	154	107	208
80	391	566	235	126	145	107	206
79	378	520	246	109	119	109	205
76	320	534	234	98	112	98	215
83	307	627	240	107	105	90	201
81	350	630	241	95	110	103	197
68	392	637	192	117	147	100	185
69	428	673	196	119	147	99	172
78	399	606	189	122	160	108	175
71	405	528	192	125	164	118	206
71	390	599	181	122	171	104	205
75	343	602	203	100	160	109	209
81	416	643	221	127	166	112	205
79	453	710	242	128	163	118	199
78	470	706	227	117	156	107	174
77	446	636	237	114	149	113	170
80	447	687	223	114	164	115	167
72	368	684	203	79	180	113	162
65	348	600	185	65	178	94	159
69	308	607	191	79	183	95	165
73	317	628	183	82	175	91	157
67	383	633	205	99	159	115	163
75	394	582	199	108	153	127	173
82	398	612	206	115	149	132	194
85	474	606	217	110	157	132	188
83	483	603	216	106	154	134	199
85	452	551	202	101	130	101	189
78	429	581	200	105	110	90	173
76	413	549	198	102	129	96	159
75	352	561	207	112	118	94	170
73	355	531	212	128	158	115	143
70	334	577	211	131	206	120	156
76	321	540	206	121	209	116	193
84	334	580	211	120	203	103	201
83	330	593	208	112	205	113	184
81	320	598	202	104	192	85	191
94	337	615	191	86	143	91	213
87	343	650	201	88	131	99	199
76	339	695	209	91	128	100	183
78	329	697	212	96	122	91	194
89	334	717	221	90	94	103	212
76	312	619	222	100	99	102	186
78	354	629	217	112	101	90	183
80	357	544	190	111	112	114	182
75	368	504	202	105	142	120	181
66	423	553	192	118	212	129	177
70	416	629	213	116	216	123	182
69	427	572	234	102	220	133	170
69	439	610	258	107	216	120	194
70	474	626	239	108	221	116	241
77	413	587	236	91	172	107	230
75	440	604	219	83	165	115	215
86	378	622	193	79	164	117	234
84	364	639	180	78	171	111	221
89	312	676	179	77	155	113	158
84	349	686	192	97	142	105	163
91	338	645	191	105	145	116	169
86	355	656	188	106	148	113	143
89	355	617	185	100	152	109	146
85	360	613	206	126	145	125	147
91	357	679	217	110	167	142	144
81	406	655	219	105	168	126	137
81	468	718	281	114	168	132	134
84	464	713	276	116	159	142	123
83	473	729	271	107	164	139	150
72	452	635	259	109	158	120	152
81	416	672	269	118	151	127	172
76	337	618	201	111	145	118	177
79	328	612	214	113	134	110	186
78	298	535	197	97	128	88	183
79	404	638	211	115	135	93	187
75	417	664	234	112	142	81	181
75	414	733	248	113	141	84	189
67	432	763	246	111	146	88	184
72	444	815	278	117	134	101	183
74	385	739	279	106	126	110	166
78	410	667	257	105	144	124	163
78	467	647	283	108	161	122	142
75	460	618	286	107	158	119	155
70	455	540	255	106	172	109	143
70	438	540	235	107	169	98	158
71	383	554	221	106	202	99	153
76	326	439	190	110	198	96	164
85	315	435	182	119	208	96	163
103	312	491	196	106	202	101	185
111	331	458	200	99	196	119	193
112	358	456	198	124	188	113	203
108	376	474	224	119	188	115	200
113	382	561	243	119	179	113	196
96	409	549	237	121	184	121	167
86	432	572	253	124	186	111	160
78	465	602	256	102	184	102	168
