0	1	2	3	4	5	6	7
76	86	636	165	76	107	122	185
77	96	671	188	74	95	108	226
70	99	683	187	73	99	109	213
68	90	585	177	73	86	116	218
70	107	677	191	72	74	117	250
68	107	726	199	79	98	128	258
72	109	685	166	74	105	131	215
79	108	735	175	75	98	122	213
77	118	768	173	71	99	121	199
95	120	765	177	70	110	127	208
97	116	739	203	64	95	117	229
97	129	740	203	60	91	112	236
96	127	785	207	58	93	120	250
98	122	776	211	61	92	117	266
79	107	719	214	63	83	114	242
78	125	768	238	70	80	112	229
80	108	800	255	73	91	138	234
71	111	844	258	72	90	142	210
89	121	830	255	69	98	151	216
92	129	832	243	59	100	143	212
91	117	746	185	49	102	143	193
88	119	820	200	60	91	123	178
89	117	695	186	62	95	117	188
69	127	805	206	71	94	102	175
65	123	852	211	70	98	107	161
77	119	841	215	73	98	105	167
76	115	789	190	65	98	101	169
91	116	764	208	66	111	109	186
92	105	741	214	75	133	116	194
91	108	697	222	79	140	122	224
89	106	733	220	79	137	121	221
96	120	795	233	80	136	123	222
92	121	776	218	78	124	115	228
92	111	695	201	69	120	118	223
92	119	734	208	73	103	110	216
86	128	754	211	80	112	115	218
78	121	712	249	87	123	132	218
72	120	784	250	92	129	143	246
76	124	764	245	89	120	179	251
77	130	773	260	91	124	189	246
78	123	723	254	82	116	185	243
82	118	713	199	73	104	173	261
78	125	716	209	69	102	173	221
75	125	801	209	68	86	135	220
75	111	833	197	63	81	120	230
75	120	885	244	70	82	130	241
76	125	859	260	83	106	149	233
81	120	867	258	82	135	163	228
78	117	800	262	80	148	181	227
76	111	674	236	72	146	177	218
73	106	681	213	69	148	175	216
76	110	702	197	64	151	174	227
89	119	692	198	71	123	161	237
90	137	749	235	81	106	133	219
92	148	801	252	95	106	135	209
93	148	850	255	103	127	140	213
87	152	857	272	99	102	121	187
72	153	834	263	93	100	120	176
75	142	795	242	93	114	134	216
74	135	794	226	82	113	145	203
75	132	744	208	77	87	139	199
76	137	745	192	83	99	144	224
76	133	747	190	83	100	131	225
72	129	758	203	77	89	121	190
73	135	786	234	80	89	121	226
68	142	788	241	77	88	121	236
93	135	736	235	75	100	163	262
92	130	733	249	79	100	166	280
95	141	729	229	82	98	164	291
95	131	666	202	79	98	159	266
103	127	615	212	78	104	167	264
80	124	704	224	67	88	117	231
79	122	678	220	70	85	114	209
76	107	646	218	71	112	163	200
72	105	672	217	79	127	182	217
69	99	777	205	75	127	178	217
68	88	718	206	79	121	181	204
78	88	744	204	75	132	189	225
102	89	779	203	69	142	155	267
102	92	743	202	58	151	142	260
95	101	628	200	57	147	131	249
97	110	590	170	56	158	138	278
90	109	588	186	64	154	123	256
71	105	564	174	65	124	125	232
73	122	646	199	73	104	117	225
80	113	658	197	83	111	124	221
81	115	736	245	87	104	120	191
85	125	784	225	90	103	144	225
77	132	829	239	96	127	149	195
83	123	789	217	91	128	147	202
83	123	859	242	86	119	139	205
92	118	826	213	85	119	142	212
86	107	797	221	80	116	131	224
93	108	757	228	75	91	130	238
88	107	853	254	79	93	149	240
86	106	745	220	77	102	153	242
75	98	731	211	78	111	150	222
82	100	769	256	81	116	153	184
71	89	732	235	76	123	154	177
69	81	687	223	70	143	152	195
69	93	754	233	72	143	164	189
67	97	735	244	69	131	161	185
61	102	697	196	61	131	168	176
64	104	796	216	69	142	184	174
61	107	768	221	69	115	169	152
60	96	711	214	67	113	163	156
56	98	718	205	70	114	166	162
56	93	673	201	70	108	152	193
59	95	575	194	64	82	129	190
57	96	520	168	65	78	133	176
56	99	569	164	63	75	136	168
64	93	613	149	56	80	135	177
73	90	663	162	52	85	127	135
71	91	746	168	50	87	120	122
74	89	773	180	60	105	131	127
82	86	758	189	65	115	131	164
85	84	740	190	64	113	131	179
79	92	783	189	67	122	173	188
81	89	685	177	77	133	173	206
87	87	677	168	71	127	166	224
79	98	737	188	72	125	166	206
77	100	808	198	78	131	176	230
73	87	741	184	82	132	143	222
77	87	746	175	80	154	180	220
73	83	730	176	86	179	195	212
75	75	710	181	89	190	199	203
70	72	580	177	89	194	194	153
73	87	599	173	83	186	187	177
65	87	665	187	77	159	148	175
70	85	693	205	75	126	122	175
68	86	783	192	70	95	104	173
69	95	857	185	62	74	95	163
68	92	823	186	63	95	109	136
75	90	779	178	62	96	111	122
82	99	731	145	57	114	164	166
92	103	666	172	68	144	168	169
103	97	637	201	74	149	174	208
102	90	638	204	74	141	176	208
98	97	669	221	71	143	174	212
86	90	692	229	71	139	125	169
80	83	611	199	59	114	122	165
72	86	567	178	60	112	116	130
72	89	541	176	65	101	103	131
71	89	494	164	68	108	99	128
72	101	515	167	70	127	111	163
72	109	629	184	70	129	134	196
59	115	632	186	68	123	125	186
58	116	701	184	68	133	132	197
56	115	760	177	73	126	140	195
54	101	739	168	69	97	132	185
53	94	702	183	71	95	114	189
58	89	718	205	74	101	116	189
59	93	699	217	70	99	125	175
58	101	639	228	65	104	118	177
60	105	606	232	71	98	116	159
56	100	514	199	68	88	103	117
59	91	478	168	63	90	113	126
63	87	526	186	79	91	101	128
79	82	535	178	81	84	96	132
77	81	559	189	82	91	97	142
82	82	606	208	82	99	113	132
79	86	690	218	80	101	119	147
77	81	623	193	69	93	119	144
64	79	686	209	67	87	124	142
71	84	696	199	65	89	124	145
67	83	650	182	68	101	128	151
67	78	569	165	73	107	115	168
67	84	652	191	84	107	110	179
63	75	613	171	85	114	118	176
56	66	739	227	92	118	130	172
58	74	753	226	90	111	124	170
63	88	742	240	87	101	131	130
63	92	741	243	73	130	144	113
66	100	723	251	73	134	144	112
62	102	593	216	64	125	129	128
58	100	574	212	63	134	132	153
55	93	564	207	71	140	140	158
52	84	520	182	72	136	162	166
56	86	556	168	70	129	157	192
56	91	549	142	64	128	162	181
58	87	625	156	68	113	155	180
61	86	638	154	63	122	160	191
69	91	619	148	72	122	133	197
70	83	583	150	75	130	137	194
69	92	687	149	75	136	143	188
67	96	652	141	73	139	141	171
62	101	682	140	77	131	122	170
55	102	677	142	75	116	126	159
51	108	686	151	78	111	129	131
61	103	581	156	77	111	160	174
65	99	618	156	79	113	166	173
70	99	615	169	80	117	163	163
68	97	654	179	72	109	155	154
76	88	695	182	67	127	146	212
69	79	688	179	73	129	110	184
67	88	654	186	69	122	117	188
61	92	706	218	63	113	116	194
69	106	723	214	66	115	126	210
64	108	665	204	64	92	132	150
63	108	658	212	63	89	125	152
70	103	615	203	64	94	111	155
72	103	636	179	58	111	146	147
71	98	561	171	56	106	137	132
68	106	631	184	62	107	136	140
69	103	662	178	59	118	150	140
68	112	720	214	56	114	150	130
72	104	692	207	59	111	128	121
67	89	719	220	62	112	131	128
76	89	714	234	69	127	148	192
76	93	728	244	75	111	130	194
71	80	697	217	79	107	130	194
65	78	751	252	82	91	114	198
68	80	791	258	79	94	105	221
61	69	754	239	67	74	94	183
65	74	732	232	63	82	108	173
64	77	743	234	61	93	113	176
65	84	660	201	57	97	128	190
61	82	622	208	72	105	133	155
66	92	680	220	76	102	122	141
69	97	722	229	75	103	126	155
69	95	704	224	72	108	128	164
77	98	795	246	91	137	132	147
79	101	739	220	82	135	135	154
71	98	694	213	81	133	136	160
69	92	636	205	85	128	121	149
75	95	802	238	86	115	113	158
67	88	681	201	65	81	110	160
68	86	695	206	66	70	109	187
68	86	687	197	62	75	133	172
69	82	725	194	60	79	134	177
61	78	593	164	70	97	138	163
69	92	662	186	70	122	167	182
89	95	679	210	69	136	174	195
98	106	729	216	68	136	161	202
97	109	699	220	75	139	165	219
103	108	637	234	81	136	170	227
100	104	589	218	81	116	136	213
82	99	593	199	84	112	135	176
73	91	655	251	92	122	137	180
73	89	685	268	91	115	136	175
82	114	755	265	82	115	124	188
78	105	771	270	80	108	115	182
83	111	740	268	73	88	99	197
79	109	637	218	65	71	83	197
80	113	615	193	56	71	84	190
63	91	553	193	61	72	100	215
78	92	525	180	61	106	144	247
79	107	537	189	68	122	159	271
87	104	506	185	70	124	158	279
86	96	564	203	76	145	162	280
86	98	586	190	66	138	153	242
74	101	617	199	68	113	123	218
64	86	664	202	64	97	102	164
53	83	701	215	64	96	107	156
52	82	632	188	53	60	98	134
51	87	652	196	63	64	106	150
60	84	715	194	60	69	95	149
62	84	731	201	64	83	89	162
67	86	758	189	58	88	100	150
71	86	792	222	66	94	112	169
78	85	792	223	58	92	110	203
73	80	680	222	63	107	112	212
75	87	631	217	69	121	134	205
78	89	601	209	70	119	131	201
77	89	551	174	68	119	119	190
72	93	520	166	77	125	115	191
73	96	550	164	77	118	120	184
70	84	534	137	69	94	97	185
71	81	577	167	72	91	86	201
70	84	727	186	71	83	92	206
64	72	751	179	66	83	99	167
67	79	722	181	78	91	100	160
67	94	798	204	76	92	103	188
58	102	766	188	76	95	112	180
59	100	674	182	79	96	108	183
64	113	728	188	81	87	104	173
65	116	794	183	68	77	109	173
80	115	719	175	74	79	104	161
80	110	695	176	70	79	95	166
86	110	685	173	67	81	102	153
85	101	604	178	71	85	109	165
79	90	537	172	68	85	105	163
64	71	607	169	63	92	123	155
62	82	650	185	69	90	130	166
59	90	640	180	70	87	126	161
72	86	617	171	57	82	119	155
72	92	628	177	57	72	116	166
78	94	606	176	62	68	105	200
80	84	531	150	59	71	112	183
83	78	510	151	61	103	135	217
73	92	621	153	68	117	136	227
81	97	718	176	73	122	135	228
73	101	709	177	70	119	133	195
80	102	781	187	76	124	137	204
92	106	833	214	76	115	119	205
104	100	744	204	71	106	118	199
97	100	657	194	72	107	125	201
102	100	659	195	75	112	128	205
95	102	640	214	72	105	112	200
80	98	610	203	66	89	99	171
67	93	665	215	65	92	119	173
77	83	629	214	61	99	134	174
74	79	618	200	59	104	144	166
82	73	637	178	57	105	150	173
77	74	650	173	55	102	154	171
76	78	634	170	56	125	153	193
65	80	683	181	76	127	136	207
78	86	734	196	72	113	129	238
77	90	721	199	69	112	119	233
79	88	691	188	72	125	130	229
77	88	664	192	83	114	128	213
82	88	652	183	78	100	135	207
70	83	555	174	85	109	128	181
62	96	516	159	87	111	131	180
66	95	537	175	89	105	131	194
66	94	539	169	82	129	136	190
66	100	530	163	77	144	137	172
70	102	573	155	67	139	141	202
71	90	556	173	70	141	143	211
63	94	549	173	76	151	142	211
62	92	561	172	87	129	131	218
58	81	607	183	98	133	129	219
54	90	675	243	106	139	132	199
56	88	709	241	109	163	137	187
67	94	694	225	105	155	129	177
68	97	692	230	94	166	141	169
70	105	694	240	81	150	133	195
83	93	657	196	74	153	132	226
82	105	730	224	69	132	128	229
83	108	746	226	67	140	127	226
81	108	790	229	68	121	111	241
88	107	794	229	69	130	110	223
78	110	759	225	68	120	100	202
85	102	692	189	67	116	99	266
79	89	689	219	65	103	106	324
83	85	635	205	66	104	109	325
75	88	581	172	59	96	114	331
77	86	565	171	60	93	121	323
70	86	667	189	75	95	114	273
71	92	711	185	78	87	111	206
67	92	753	218	84	79	114	178
64	85	799	236	85	79	113	173
60	91	836	248	85	85	113	188
66	90	716	241	73	78	129	219
67	84	747	224	78	97	136	224
67	85	681	195	73	106	141	238
72	92	800	234	84	105	148	228
68	88	801	224	83	103	144	205
62	88	803	219	80	110	132	170
58	91	743	218	77	125	129	160
57	94	784	221	73	117	113	145
50	85	647	178	59	122	106	169
51	89	662	187	59	139	111	184
50	94	650	178	66	149	150	177
49	98	649	177	60	127	152	176
55	100	644	177	58	125	153	183
63	100	614	166	57	115	153	173
62	97	635	146	55	97	154	188
62	93	711	170	53	73	114	185
62	83	730	190	67	74	129	218
58	85	725	189	73	88	152	207
53	87	713	188	72	92	150	193
63	90	660	187	81	98	150	188
63	101	654	166	81	95	159	214
67	96	628	148	80	88	138	187
77	103	653	163	80	78	120	222
78	105	670	164	83	85	122	235
81	108	710	189	77	77	119	224
79	111	739	243	93	100	121	219
76	128	758	261	94	105	133	212
73	119	740	254	94	126	131	189
83	117	754	271	103	130	124	195
77	126	774	266	110	136	136	181
91	110	739	244	98	122	127	183
92	98	706	229	96	129	145	199
99	113	785	253	97	110	147	199
92	123	740	229	89	101	149	185
90	107	706	245	82	92	142	198
78	113	680	229	85	104	142	180
79	121	708	223	79	96	120	163
74	105	585	191	77	105	115	171
74	93	723	216	77	120	146	196
99	109	773	228	86	119	156	243
103	117	827	253	95	118	158	250
102	105	850	250	95	121	155	256
92	107	870	251	97	130	158	263
118	103	806	254	95	121	141	286
100	100	749	231	89	120	128	248
99	89	750	222	75	124	131	238
99	96	754	235	79	123	143	238
103	101	731	235	78	116	160	226
86	103	703	217	78	117	151	209
90	93	700	205	74	117	153	224
88	94	730	191	75	114	158	242
97	90	672	186	86	109	159	261
96	88	743	210	86	113	164	268
87	96	777	211	86	116	166	252
76	93	780	221	93	114	158	230
76	89	757	228	88	106	150	229
77	98	728	215	75	116	169	234
74	103	773	212	77	119	158	215
69	100	784	205	77	112	158	196
74	116	795	212	70	112	159	200
74	122	751	215	75	129	161	183
66	124	777	233	77	124	140	171
62	120	647	210	69	106	125	186
69	127	735	251	81	111	125	189
68	115	667	234	81	108	122	184
72	107	632	224	78	92	131	201
64	115	648	226	80	90	117	198
66	117	648	231	87	101	121	198
73	103	617	239	76	115	133	198
77	101	726	247	76	122	132	203
78	105	804	256	73	122	122	182
81	82	788	238	68	122	139	183
84	79	810	232	61	105	135	227
74	98	798	216	76	81	120	243
72	103	773	216	80	71	123	238
63	112	693	207	85	76	129	249
60	124	736	223	87	72	117	230
69	124	759	242	85	74	120	179
76	112	682	219	79	88	121	176
73	110	638	213	82	91	127	202
78	117	674	220	84	100	128	195
82	108	627	200	82	117	132	197
76	107	590	180	82	126	132	211
67	113	573	167	74	120	139	210
70	108	616	158	67	123	152	224
68	91	613	132	61	113	142	228
61	95	618	132	59	107	129	227
56	92	725	166	63	105	143	244
60	92	735	174	66	106	139	248
68	101	710	170	70	104	135	238
69	101	690	171	71	100	142	250
77	91	707	176	68	84	147	267
76	99	605	152	65	85	125	246
74	97	586	161	66	83	124	225
80	97	554	164	61	82	111	223
81	96	556	182	64	81	101	203
78	115	692	215	78	89	98	186
83	121	710	252	89	86	96	177
83	119	696	249	88	86	89	184
74	114	750	268	92	99	104	216
89	122	805	277	88	111	135	233
91	106	653	256	78	104	129	226
88	102	609	216	66	101	141	229
89	101	747	235	61	104	148	281
82	99	742	238	57	94	137	239
66	87	724	225	58	75	105	215
69	89	730	233	70	80	112	215
67	79	735	232	71	92	107	219
70	85	603	211	78	85	98	153
74	103	672	193	77	80	90	152
74	103	596	191	77	99	97	157
65	100	638	173	68	114	101	170
72	111	682	198	64	109	97	182
71	107	714	196	58	108	99	163
66	100	747	230	60	111	115	185
63	110	842	253	71	120	136	197
64	113	814	264	79	103	129	201
66	105	827	264	82	96	132	200
72	110	798	256	78	99	139	252
76	117	661	236	85	103	128	238
77	115	586	220	75	73	102	235
81	112	587	209	68	76	108	233
83	127	536	185	64	88	122	233
78	137	704	222	75	86	110	182
72	124	673	201	73	83	108	183
71	115	755	241	94	107	112	172
69	117	798	258	107	123	115	168
57	114	857	271	117	144	106	138
57	95	746	240	110	143	111	162
61	94	809	244	107	150	130	165
67	96	792	199	88	135	142	197
63	104	767	191	79	117	140	199
66	92	724	180	77	88	129	198
66	89	697	186	84	101	132	207
72	95	645	187	83	100	130	209
70	89	516	164	86	108	131	199
73	83	534	158	77	118	138	192
75	82	529	152	69	121	140	197
72	85	537	145	62	116	150	163
71	90	546	141	60	103	137	152
78	98	631	161	53	93	120	154
87	99	580	146	62	85	109	184
86	97	559	144	61	68	107	195
89	126	602	159	67	55	83	202
84	126	686	183	71	65	83	207
78	125	617	167	75	83	90	192
74	124	633	175	71	87	128	187
84	124	697	179	71	95	139	187
87	93	666	178	73	106	146	195
90	79	562	166	72	101	148	191
93	78	660	188	69	98	154	188
89	76	686	200	64	101	127	161
81	79	635	202	60	95	115	154
74	84	625	201	58	97	108	131
72	90	694	207	63	105	114	152
68	87	616	193	65	100	106	143
64	88	618	193	75	94	99	153
61	89	698	208	76	109	92	154
69	84	827	220	73	101	102	177
73	83	789	211	69	98	101	170
71	94	810	214	74	99	94	175
70	91	812	214	74	106	110	175
72	99	775	206	80	95	117	176
68	100	645	198	81	96	120	162
61	105	634	185	78	91	115	156
60	99	599	185	71	98	132	149
61	110	689	215	66	88	131	158
