0	1	2	3	4	5	6	7
63	339	113	38	26	22	22	32
69	353	139	46	28	25	24	32
74	334	137	50	28	25	24	33
72	401	144	51	29	26	25	33
66	387	152	61	29	27	27	33
71	387	143	59	30	29	28	35
67	430	122	54	29	27	26	36
68	393	122	51	29	26	26	36
69	345	141	53	28	24	25	36
83	322	144	43	28	25	24	36
100	331	149	44	29	28	27	43
101	335	163	48	30	28	27	42
101	363	173	49	32	28	28	43
104	363	164	50	33	28	30	42
94	378	145	45	33	27	29	42
73	384	139	44	33	23	26	33
74	325	129	41	31	22	27	35
67	311	191	57	29	22	27	32
64	335	192	59	28	23	25	32
62	312	194	59	27	23	26	31
66	293	196	59	28	22	26	33
68	361	200	62	31	23	26	34
70	366	139	48	34	26	27	35
76	335	126	43	33	24	27	35
75	348	133	52	31	24	25	33
69	372	148	52	28	24	25	35
66	322	139	50	26	23	23	31
65	334	143	48	21	21	22	28
65	327	143	50	25	27	24	35
67	398	142	42	31	28	26	37
74	387	122	41	33	29	27	38
76	397	122	41	38	33	29	40
77	404	120	45	39	33	28	42
73	422	139	46	37	31	28	38
71	408	137	49	32	29	28	37
65	412	138	51	32	29	26	33
61	384	143	51	25	27	27	32
58	369	184	48	23	25	28	33
58	347	184	48	23	24	26	31
63	267	177	47	24	24	26	30
66	305	180	45	25	25	29	33
63	318	194	47	24	23	28	31
63	318	166	46	25	22	28	30
61	354	162	46	25	24	27	31
65	403	166	50	26	26	27	36
62	353	171	53	26	25	25	34
82	387	169	54	27	27	25	36
83	395	150	56	32	35	31	40
84	366	136	54	36	35	32	42
82	342	177	59	34	33	31	38
79	338	172	59	36	33	32	39
64	319	161	54	35	32	33	41
65	294	160	51	35	25	27	38
64	342	183	56	33	23	27	36
64	313	134	42	35	26	26	36
67	395	141	39	34	25	26	36
72	398	143	41	33	26	24	36
76	390	162	48	29	27	25	37
74	336	139	41	25	27	26	37
66	333	145	45	25	25	26	36
74	292	144	48	25	24	27	37
66	280	146	47	28	26	27	34
57	308	129	40	27	24	26	30
61	334	128	40	27	24	25	30
67	349	124	36	26	25	27	32
63	360	110	35	26	26	23	31
67	363	125	34	29	31	29	36
67	351	124	39	32	32	29	39
68	363	121	40	33	32	31	39
73	361	117	39	34	32	30	39
69	339	121	38	34	30	31	37
72	327	122	46	30	25	27	34
71	323	124	47	29	26	26	31
66	300	128	47	30	28	23	28
54	382	136	47	29	27	22	26
62	380	152	50	31	26	22	27
53	377	130	43	32	25	21	23
56	389	133	44	31	24	23	25
60	380	142	45	28	20	22	25
68	316	143	51	30	22	23	27
65	312	126	47	28	24	24	27
63	302	147	48	26	22	23	27
70	302	150	43	24	21	22	29
74	312	148	50	25	24	23	32
66	352	164	52	21	23	24	31
69	336	180	53	25	23	24	31
74	352	193	51	25	25	23	32
71	346	201	57	29	26	23	32
66	338	199	57	30	24	24	32
69	328	195	54	29	24	22	34
63	384	191	58	29	25	24	36
63	372	158	60	30	27	27	36
58	408	156	59	29	26	28	35
66	410	168	57	30	28	27	36
65	413	159	54	33	29	29	35
64	364	153	50	31	26	27	33
65	372	156	49	29	26	25	33
63	348	162	45	30	26	26	33
58	346	146	45	29	23	25	29
59	284	135	42	27	22	25	29
64	301	126	41	27	24	25	29
63	344	133	41	30	22	25	28
64	332	133	43	28	23	26	28
60	341	135	42	26	25	25	29
63	342	138	41	25	26	25	27
58	376	135	40	25	25	24	29
60	350	149	45	22	25	25	28
62	363	127	44	24	27	24	27
64	355	127	42	25	26	26	30
58	414	130	46	26	28	28	31
60	370	146	50	26	27	28	29
57	375	152	53	27	30	29	34
56	384	160	56	29	28	27	33
56	384	168	56	28	27	27	34
68	324	168	55	27	24	25	36
68	376	189	60	26	23	25	36
67	346	172	56	28	20	24	33
64	361	168	57	27	21	24	34
71	410	172	58	26	20	24	31
64	423	185	64	29	22	24	30
59	387	162	58	30	25	27	32
58	391	160	55	29	27	26	31
59	446	170	53	28	27	26	31
48	430	170	55	32	28	25	31
54	443	172	60	30	29	25	29
61	435	166	61	32	30	25	30
64	450	173	64	31	28	26	32
68	360	155	64	31	27	25	33
77	322	148	61	28	26	25	36
71	303	125	50	28	23	26	36
65	312	127	49	26	21	23	34
65	343	128	52	26	22	24	36
62	348	135	50	27	25	25	36
54	358	128	52	29	28	26	34
54	369	144	51	29	28	25	35
66	464	176	60	31	31	27	36
64	448	171	59	30	32	25	31
61	441	164	58	28	30	25	31
59	455	160	55	26	29	26	29
62	435	190	60	26	30	28	28
58	322	160	51	25	27	26	27
63	315	155	45	29	28	29	34
72	315	156	44	29	28	28	34
76	320	166	46	28	29	29	34
72	325	130	43	30	28	28	34
84	333	126	44	32	28	29	37
83	332	122	44	28	26	26	33
78	335	150	48	28	25	27	32
76	367	150	53	31	22	26	34
87	403	142	54	29	24	27	38
71	408	146	51	25	24	27	37
68	395	163	49	24	23	28	35
69	436	158	56	24	25	28	35
64	383	149	51	21	25	27	32
49	385	163	51	20	23	24	27
54	418	159	54	25	23	26	30
60	450	155	59	26	27	30	34
67	404	158	58	27	28	32	36
87	434	167	57	29	29	33	42
87	427	151	56	29	30	35	42
84	410	159	54	28	30	32	38
79	389	167	50	27	29	29	37
70	383	149	41	28	27	25	35
54	370	139	40	27	25	24	30
56	402	143	43	28	24	25	33
64	419	143	45	27	26	29	35
64	456	132	47	28	26	28	31
76	498	136	45	29	25	28	35
72	506	137	46	29	27	28	34
77	475	152	44	30	27	26	33
71	431	149	42	29	25	23	30
77	367	140	40	28	23	23	33
74	334	134	43	26	23	24	33
74	334	149	49	27	24	25	35
76	319	134	47	24	23	23	35
80	337	142	48	23	25	25	37
78	355	145	50	27	27	24	37
71	333	187	58	28	28	25	34
76	313	189	59	28	28	24	33
70	293	186	59	27	28	25	31
68	303	184	60	30	26	25	32
68	292	193	62	28	27	27	31
71	333	158	56	26	26	26	31
67	303	139	51	25	22	27	32
65	376	140	52	27	22	29	35
67	357	140	47	25	23	27	34
62	356	122	45	28	21	26	34
58	367	114	40	28	22	27	32
57	407	142	47	28	24	25	30
66	416	153	50	28	22	20	28
60	419	147	52	28	23	21	27
63	429	146	48	24	23	19	28
69	426	149	51	25	22	21	30
73	397	145	45	25	21	20	30
66	317	125	43	22	22	24	30
68	362	128	50	23	23	23	29
63	347	128	55	24	23	24	28
59	317	128	53	26	24	23	28
53	318	122	57	27	25	25	29
54	330	126	55	29	24	21	29
54	292	118	47	28	23	24	30
57	295	123	45	29	25	24	30
56	339	142	54	29	25	24	29
62	360	129	53	30	26	25	32
61	391	132	52	31	26	28	32
65	401	134	52	32	26	26	34
67	414	178	56	31	26	27	36
69	358	163	47	29	28	27	36
74	341	178	50	28	27	27	37
79	357	179	50	28	27	25	36
78	345	189	50	26	26	24	37
76	355	146	43	25	25	26	36
75	362	147	46	25	24	25	36
70	392	127	40	26	25	23	34
65	327	116	38	26	25	25	33
61	336	109	40	28	28	27	33
61	373	110	44	29	28	26	33
58	392	106	41	28	26	28	33
54	434	104	40	28	25	29	33
56	460	108	43	27	29	27	34
54	437	111	44	27	28	25	32
61	407	114	40	26	28	25	33
71	399	115	45	27	29	24	32
74	334	122	51	26	32	23	34
73	346	121	48	26	29	24	33
76	352	121	51	26	30	25	36
74	358	119	51	25	30	23	36
63	415	129	49	24	29	24	34
70	546	123	44	24	26	24	33
68	536	138	50	25	26	26	32
67	532	145	49	25	25	26	31
67	507	142	51	27	24	26	29
76	465	148	52	27	25	27	31
72	315	173	56	29	25	29	31
73	279	162	52	28	23	28	31
68	335	156	49	29	22	28	29
68	335	154	48	27	24	28	31
69	344	214	60	28	22	28	32
63	329	199	56	26	24	26	31
63	338	197	55	27	24	25	31
70	311	188	54	25	24	25	32
76	364	204	56	26	23	25	30
73	373	155	42	24	26	25	30
71	380	154	43	23	24	24	31
71	400	162	46	23	23	25	31
69	400	165	45	22	23	26	30
57	383	149	46	25	23	24	31
56	403	151	46	27	23	22	33
58	413	159	46	29	24	25	37
55	386	152	46	29	24	22	37
51	378	155	48	30	26	21	37
53	378	160	50	31	27	24	35
71	398	131	48	29	26	24	34
71	395	144	48	29	26	23	29
73	393	144	51	27	26	25	29
75	375	135	49	27	27	27	30
83	358	133	47	24	27	25	32
64	305	159	53	27	25	26	29
74	276	132	50	31	29	27	35
77	287	137	43	30	29	26	36
78	309	139	47	31	28	22	35
69	363	153	58	32	26	23	35
68	384	136	54	32	27	24	35
61	442	146	58	28	24	23	32
58	444	145	60	28	25	23	30
58	429	155	57	28	24	25	31
54	376	156	50	26	25	26	29
56	385	154	50	26	27	25	30
55	346	145	51	26	26	26	27
56	339	144	53	28	26	27	29
60	375	141	53	27	27	27	29
63	458	126	47	27	26	26	32
67	417	125	51	24	24	26	31
65	381	127	50	28	23	26	32
61	411	124	50	26	23	24	30
65	398	174	58	26	23	25	29
69	305	197	62	28	25	24	27
61	369	188	58	32	24	25	30
60	374	192	58	28	24	25	29
63	354	214	69	31	24	24	32
55	338	194	78	31	23	23	31
50	372	172	78	32	22	23	30
58	332	175	77	28	25	23	31
62	354	183	86	31	25	22	30
61	343	166	77	29	26	23	28
62	353	135	64	31	26	24	30
61	328	124	62	28	25	25	30
60	291	121	63	27	24	23	28
56	259	138	59	28	25	25	30
52	318	146	60	26	24	25	30
56	346	146	56	24	23	24	32
56	327	150	55	25	25	26	31
55	327	146	51	27	26	26	31
57	341	192	47	26	26	24	30
57	297	184	47	27	29	25	30
51	356	192	48	26	31	25	28
52	355	192	51	29	31	25	29
50	345	193	55	28	31	26	29
44	393	118	49	27	29	25	27
46	395	124	57	26	27	25	27
45	323	110	57	27	28	26	25
47	381	120	55	24	26	27	25
48	393	133	54	25	27	25	24
56	334	125	51	25	28	30	29
54	326	121	41	24	25	28	29
59	300	124	39	24	22	28	29
58	303	131	48	24	23	27	32
61	291	123	49	26	23	30	33
63	311	136	49	27	22	26	33
63	310	139	54	28	23	30	33
64	332	161	55	30	24	30	33
75	291	164	50	31	27	30	35
70	308	160	48	27	28	28	32
67	292	152	49	27	28	29	30
73	320	186	46	29	28	27	33
74	350	177	50	25	30	26	36
63	360	167	56	25	28	26	33
65	416	168	57	27	25	25	34
60	434	170	54	26	24	24	33
59	439	147	53	26	26	24	35
55	420	138	47	27	24	24	32
53	414	133	38	28	23	25	32
52	368	135	34	29	23	25	30
52	350	137	38	30	25	26	31
56	339	154	40	27	24	25	28
60	323	155	45	27	24	25	28
65	303	157	43	26	23	25	29
66	306	151	44	24	23	24	30
71	321	152	44	25	24	24	32
62	310	131	42	31	25	24	31
59	321	125	38	32	24	23	32
55	342	128	45	33	25	23	30
62	360	137	50	36	25	23	31
63	371	131	51	35	25	24	31
65	385	126	52	31	24	26	32
63	368	139	54	29	23	25	30
64	351	130	51	29	23	25	30
59	291	122	45	26	23	24	31
56	310	161	45	26	20	21	28
65	296	164	46	26	23	21	28
64	330	160	46	26	24	19	29
64	353	160	45	25	26	19	31
65	370	163	52	26	26	18	29
66	362	132	50	26	27	21	30
67	360	115	48	26	25	21	30
70	337	112	47	26	27	23	30
69	344	125	48	25	23	24	28
66	379	134	42	25	25	25	30
60	351	126	42	24	24	25	28
52	392	127	44	25	25	26	29
46	410	129	45	25	23	26	29
47	377	139	43	26	24	25	29
60	352	133	47	25	21	26	31
59	364	133	45	25	21	25	31
60	327	134	43	26	25	24	30
65	307	135	43	26	23	24	31
62	317	114	45	27	23	24	30
50	332	106	39	28	24	24	27
57	315	104	40	31	24	25	28
53	325	101	43	30	19	24	27
63	383	112	47	33	20	24	27
66	371	110	45	30	21	24	27
67	340	118	47	31	21	24	26
65	374	125	45	29	23	22	25
66	396	128	45	30	25	22	27
56	339	112	44	26	24	22	28
59	356	124	45	26	25	21	31
58	429	126	45	25	25	23	31
59	434	137	47	26	27	26	31
61	417	136	48	24	28	26	31
58	425	154	46	26	28	27	29
51	419	156	46	26	27	27	28
55	346	146	44	29	26	26	29
55	303	131	41	26	25	23	29
52	262	136	40	28	23	24	28
57	250	122	37	31	24	24	27
62	253	116	37	31	25	24	28
61	287	126	37	28	26	26	29
58	317	140	40	31	25	24	29
59	322	135	42	28	26	24	29
54	313	126	51	26	26	24	31
54	378	151	53	27	24	24	29
57	412	159	56	28	25	22	29
55	423	159	59	27	24	23	28
64	448	158	55	29	24	24	31
62	444	170	50	28	22	22	31
64	406	192	49	28	23	24	31
66	364	188	49	26	20	23	33
72	321	182	47	25	21	24	33
60	292	183	47	25	21	21	33
73	317	192	45	25	22	24	35
71	303	167	46	24	23	23	37
70	315	168	49	26	23	24	35
64	317	161	46	26	23	23	35
66	347	165	45	27	23	26	34
57	374	149	46	27	23	25	31
54	378	159	55	28	24	25	29
58	466	172	59	29	26	27	29
67	477	186	62	29	27	27	30
69	457	185	63	27	26	28	31
72	467	178	61	28	26	26	30
77	466	144	51	27	26	26	30
75	396	133	43	24	25	24	29
72	393	126	44	23	25	23	31
71	394	135	45	27	25	26	29
69	366	147	52	24	26	27	34
68	410	171	58	27	27	29	33
75	398	165	59	29	27	30	36
71	382	155	56	30	29	30	34
72	379	157	58	27	29	25	34
76	406	153	54	26	28	24	33
72	370	128	47	24	27	20	33
62	430	159	46	22	28	21	32
72	451	170	51	25	25	21	31
77	440	167	52	29	25	22	34
73	404	173	51	28	25	23	31
80	405	192	63	29	23	25	31
82	338	172	63	31	22	25	32
77	348	171	59	29	22	26	32
87	396	189	59	28	24	27	33
85	402	184	62	30	23	28	35
81	406	176	52	29	24	27	35
78	399	179	53	26	27	27	33
79	385	174	54	30	26	27	34
61	366	142	48	28	24	27	29
62	369	132	45	27	25	25	27
60	349	127	44	30	25	26	29
63	366	112	43	30	25	26	32
89	436	117	42	27	28	28	37
90	434	147	49	26	30	27	37
90	421	155	49	28	28	28	37
93	447	155	51	25	27	29	39
96	426	160	56	28	26	27	39
80	366	166	55	29	24	26	35
80	334	157	54	29	23	26	36
80	335	148	51	27	22	27	36
77	365	150	50	29	25	26	35
86	429	160	50	30	24	29	39
80	452	166	57	29	24	29	38
87	453	182	53	31	25	30	40
87	468	190	55	30	27	29	39
86	441	188	57	30	25	28	37
73	412	186	50	28	26	27	34
71	377	171	43	27	24	26	31
59	379	138	45	25	24	26	29
57	395	143	43	25	21	26	30
56	398	149	43	23	21	27	28
65	444	156	51	24	22	28	28
67	451	162	51	25	23	29	29
70	476	162	49	26	25	30	31
71	444	145	49	28	25	31	31
75	458	148	49	28	25	32	34
68	383	131	42	27	23	31	35
64	408	125	42	28	23	29	34
66	377	135	43	28	22	30	32
64	390	155	53	25	21	30	33
70	354	142	54	25	22	28	31
78	373	147	52	30	24	28	31
84	326	148	50	29	24	30	33
81	336	150	49	31	24	28	33
88	371	135	44	32	25	29	33
83	402	139	42	32	25	29	36
76	445	144	41	28	24	27	33
73	463	150	46	30	24	25	33
73	483	144	48	27	24	26	34
67	450	147	49	28	26	26	34
67	454	168	52	30	26	28	37
65	399	159	54	29	27	28	38
63	387	154	52	30	27	30	37
83	464	160	57	31	28	32	41
90	475	168	53	30	26	28	43
91	466	141	50	27	24	26	40
90	468	129	49	26	24	27	39
93	456	129	49	24	23	24	38
74	341	131	43	23	21	22	32
73	379	141	45	22	23	24	28
71	354	144	46	22	24	24	25
72	332	147	46	22	25	27	26
66	326	147	47	23	25	29	26
78	328	140	47	24	26	28	27
72	286	116	44	23	24	29	28
78	364	115	42	21	24	30	32
76	365	118	42	26	24	27	32
78	360	110	39	25	23	25	31
71	395	127	45	27	23	26	33
67	391	146	50	30	24	24	35
59	349	163	58	31	24	23	31
69	351	165	61	29	25	26	34
70	363	167	61	31	24	27	34
81	405	144	56	30	26	27	35
80	408	139	57	26	25	27	31
83	436	128	51	27	25	29	33
74	429	130	46	26	26	28	30
70	462	126	47	28	27	26	31
57	407	133	45	27	26	24	30
63	393	116	39	28	27	24	29
63	355	157	45	30	27	22	29
63	356	188	47	33	27	22	32
63	312	192	46	30	27	21	33
58	328	190	47	30	27	21	31
54	334	193	49	32	26	23	32
52	351	148	47	31	27	24	31
54	359	111	52	30	26	26	34
55	369	107	54	29	26	27	33
55	334	105	53	30	27	28	32
61	332	103	55	30	28	29	35
58	344	116	54	29	26	30	35
63	363	113	47	29	26	28	31
62	364	107	47	29	26	26	30
66	369	105	47	30	25	27	32
63	397	180	56	28	27	25	32
64	379	183	52	29	27	21	30
63	425	189	54	27	27	22	31
64	433	203	54	27	27	24	32
62	435	210	54	29	29	24	33
68	440	151	44	28	26	25	32
72	410	148	46	28	26	27	32
70	364	137	43	30	25	27	31
73	332	117	43	29	25	28	32
74	324	101	43	26	22	27	34
66	322	114	46	27	24	25	34
64	343	117	46	27	24	23	33
63	347	123	48	27	26	26	37
57	344	124	49	25	27	24	35
55	367	167	57	26	27	24	31
54	395	197	56	26	26	26	29
54	386	191	58	28	27	27	31
50	402	187	55	27	26	23	27
55	425	195	53	28	25	25	27
57	458	193	46	27	25	26	29
73	529	172	44	27	25	24	35
72	558	173	42	23	27	26	36
72	548	174	42	25	26	27	35
72	531	167	45	27	26	27	36
79	513	166	52	28	28	28	39
71	468	155	49	28	27	28	39
72	485	160	48	28	26	27	38
73	477	163	48	29	26	28	38
73	479	178	49	28	28	28	37
73	493	163	44	26	27	26	35
63	482	161	48	27	27	25	29
64	421	160	48	27	26	24	27
64	419	164	48	26	28	23	25
65	421	155	51	25	26	24	27
55	387	140	47	28	25	24	24
58	329	134	43	27	26	25	27
56	333	133	45	27	26	27	28
57	341	133	44	25	25	26	28
58	333	128	45	25	28	25	29
59	347	127	46	24	26	26	32
63	310	132	47	26	28	24	32
63	332	129	47	26	28	22	32
60	291	134	51	32	28	26	31
55	305	143	49	34	28	28	34
53	311	141	46	34	28	27	29
46	425	159	49	35	25	28	28
46	415	171	49	35	26	28	28
55	435	169	49	33	25	27	30
55	440	192	48	33	24	24	26
54	433	193	50	32	24	23	26
57	339	178	50	29	25	25	26
55	321	169	53	27	24	24	28
51	310	166	52	26	24	25	28
53	361	132	50	24	24	25	28
61	359	140	52	23	26	25	31
61	362	129	51	23	26	23	29
74	386	124	46	29	29	27	31
71	424	115	49	29	30	28	32
69	376	113	49	30	29	27	32
62	396	153	58	31	29	29	30
63	387	176	61	33	31	30	32
49	362	182	60	28	26	28	29
50	366	187	55	28	26	25	26
60	376	188	56	28	27	27	29
67	401	165	48	30	27	28	32
