0	1	2	3	4	5	6	7
80	217	621	236	104	118	151	199
77	208	593	215	96	114	149	197
102	218	718	303	104	121	123	156
102	218	736	297	103	91	84	144
97	228	879	305	112	92	77	149
94	252	926	311	111	88	75	144
102	262	865	303	108	85	74	147
76	290	774	201	94	68	82	134
88	292	758	228	101	68	90	141
96	290	624	205	90	89	98	146
93	296	513	188	95	123	105	142
86	259	501	185	101	136	110	156
93	246	486	193	104	140	108	166
82	262	460	153	89	138	109	157
85	293	416	133	84	135	119	169
103	272	633	210	84	113	116	196
118	287	714	220	79	97	111	192
115	278	751	223	88	96	104	175
113	259	740	227	98	109	103	187
116	221	871	266	97	103	88	177
106	257	785	235	133	100	83	152
88	253	729	221	142	104	77	140
91	257	710	225	138	102	82	142
95	259	806	247	136	89	73	131
85	270	684	218	139	80	55	154
80	249	635	208	122	102	63	153
80	250	616	206	111	105	65	153
80	295	722	216	106	103	62	153
78	293	680	192	100	102	81	146
80	290	653	179	110	133	98	111
79	281	648	163	87	120	91	102
80	304	809	236	95	115	93	101
83	259	866	327	108	116	94	96
81	270	826	321	112	125	115	92
83	252	825	323	107	134	103	103
84	318	928	356	117	137	101	103
85	353	811	316	107	137	101	98
83	361	638	200	95	138	119	150
92	380	726	243	104	134	91	168
85	390	784	248	97	104	94	161
88	350	734	227	113	107	100	165
86	296	725	224	154	112	98	168
78	303	794	240	177	126	81	127
64	289	827	234	171	119	76	103
76	303	796	244	170	101	87	108
81	353	776	222	170	131	94	154
98	379	819	243	135	129	96	161
102	383	840	243	111	114	90	160
102	368	761	218	117	119	93	152
95	397	779	228	114	128	77	143
85	347	819	264	100	83	63	91
70	326	836	262	104	76	64	90
67	297	750	250	98	84	72	94
65	305	700	237	93	91	69	96
69	233	634	202	96	87	68	98
71	257	501	148	85	102	66	90
76	259	551	206	86	102	61	73
77	309	529	207	92	97	47	63
83	324	526	212	125	108	50	72
79	329	509	212	140	106	76	69
77	315	516	210	144	95	78	100
69	308	275	123	139	104	78	102
70	294	218	104	141	109	78	100
65	279	221	96	112	92	76	95
68	290	232	91	92	84	47	92
69	273	226	92	100	88	43	60
70	320	227	81	142	125	46	55
65	290	222	76	145	125	46	61
68	295	204	72	142	123	41	52
75	312	304	92	139	123	39	50
90	379	317	95	143	119	43	50
93	369	312	95	110	72	43	50
97	405	317	95	107	72	55	40
97	479	326	95	119	89	75	55
93	503	230	77	125	92	79	55
91	551	179	70	116	93	81	53
86	617	203	62	112	92	78	56
92	672	283	65	113	96	95	64
89	638	289	69	126	84	104	66
94	731	322	62	128	84	106	65
100	774	349	60	126	81	125	83
101	709	353	65	127	80	128	84
101	757	303	65	119	67	127	79
115	761	286	58	95	57	119	80
142	713	246	58	92	60	121	88
139	629	219	58	80	57	102	78
137	627	183	58	71	53	99	73
144	545	167	56	66	50	79	73
142	571	214	60	60	52	79	75
139	543	231	61	101	58	101	87
154	586	257	70	103	56	101	84
160	612	309	65	104	57	100	86
154	580	308	67	116	58	101	88
149	596	290	86	123	57	93	77
127	611	356	101	88	41	59	54
100	576	343	99	85	41	81	53
92	595	494	191	96	47	87	55
87	621	579	238	90	47	85	53
88	620	617	243	90	45	81	52
80	609	574	240	90	45	81	50
79	597	653	263	93	45	55	47
80	555	594	298	88	40	45	42
72	533	547	273	82	37	46	40
61	482	516	270	70	37	42	39
67	509	556	279	66	34	39	43
74	538	496	264	62	34	38	42
78	546	482	197	55	32	38	42
75	518	469	201	50	33	36	40
86	535	485	199	49	29	35	39
79	440	465	189	47	29	32	30
74	397	425	183	46	29	30	30
74	386	439	168	44	26	24	27
75	393	535	183	47	28	21	28
60	341	579	201	53	30	24	30
61	331	593	207	56	35	29	47
62	276	593	206	59	37	35	61
72	267	586	193	59	39	37	74
77	223	532	170	57	40	37	77
79	177	462	145	51	39	37	80
81	166	418	128	47	34	35	88
77	136	419	133	44	33	33	91
62	102	374	133	43	30	36	81
53	67	302	118	41	27	36	83
55	64	288	112	40	28	36	87
47	59	279	113	38	27	36	75
47	51	266	101	34	26	32	73
49	46	188	88	31	28	28	72
49	41	152	85	29	27	28	67
45	38	130	86	32	28	25	59
42	34	117	79	34	29	22	53
40	37	134	80	34	29	25	38
37	32	177	80	36	28	24	41
34	33	176	81	35	28	24	40
30	32	191	78	32	28	24	37
33	32	190	78	29	26	22	37
31	29	180	76	33	27	22	32
30	27	143	61	28	26	20	26
30	37	204	55	28	25	21	26
33	41	276	82	31	27	24	27
31	41	293	88	32	27	25	25
31	44	288	87	29	25	26	27
31	43	280	86	30	24	26	29
31	35	248	83	29	26	27	30
28	32	143	54	29	23	25	29
29	31	101	43	27	24	25	29
31	27	92	43	27	25	25	27
27	26	86	36	25	25	25	24
29	24	50	32	26	22	24	24
32	23	39	28	22	23	23	25
31	26	34	30	23	21	21	25
29	28	34	31	23	19	19	24
31	29	47	36	25	41	21	27
30	29	47	36	25	48	21	26
32	28	48	36	25	51	20	22
33	26	49	39	25	51	23	22
32	24	49	34	23	54	23	25
31	22	37	28	22	39	22	23
32	21	37	26	21	31	22	24
27	24	51	28	22	27	24	23
26	22	54	23	21	26	24	24
28	23	53	23	22	23	23	23
28	25	53	30	23	21	24	24
26	26	50	29	22	23	25	23
