0	1	2	3	4	5	6	7
69	143	716	291	116	142	133	140
72	145	642	271	133	124	134	149
74	135	703	285	141	119	137	171
76	133	739	278	138	126	133	179
87	145	776	291	131	103	137	201
86	122	719	217	138	106	132	185
83	112	747	228	124	114	141	176
80	105	652	188	140	123	134	158
83	110	645	204	163	108	127	152
87	88	666	193	167	127	125	138
82	94	687	213	180	120	127	138
86	117	674	208	208	118	117	136
85	113	686	197	251	119	136	159
84	117	630	178	327	121	142	165
68	122	579	178	358	107	137	172
69	119	599	170	356	126	145	209
73	99	600	187	353	134	136	209
80	97	651	190	339	135	119	202
82	87	718	205	278	138	118	199
88	83	703	206	263	137	115	202
97	78	659	199	264	129	100	204
93	80	655	181	269	119	105	219
89	84	589	198	271	112	113	209
85	96	556	196	251	100	107	219
78	103	608	190	216	108	107	209
80	112	715	254	204	101	126	187
78	106	675	252	173	107	135	186
79	102	724	243	100	113	136	195
87	98	765	261	80	120	134	183
89	90	734	258	131	113	135	203
76	81	673	194	229	150	134	190
76	89	687	194	257	152	125	192
74	95	676	190	314	152	134	232
76	96	672	161	329	146	133	231
88	94	713	174	331	143	130	210
86	90	687	172	286	105	108	217
83	92	690	181	341	110	132	207
82	87	658	190	363	118	139	152
78	90	654	205	364	116	154	192
74	95	641	204	356	122	165	206
84	107	613	207	357	122	165	212
83	103	662	211	282	111	153	215
87	124	720	194	190	102	134	217
80	120	711	177	189	104	117	185
68	124	720	176	192	122	129	175
57	121	760	172	184	150	138	161
65	129	766	164	231	173	134	155
68	129	743	213	237	181	132	163
70	134	727	232	213	188	147	207
74	129	710	225	198	190	134	211
85	129	666	233	184	172	134	221
82	130	695	239	115	146	132	224
90	116	654	201	98	130	133	232
94	108	651	176	98	131	126	195
102	113	644	200	98	118	147	210
94	121	760	222	135	129	145	209
94	116	732	215	149	132	144	201
86	123	809	249	147	135	156	200
82	128	842	269	157	152	154	203
96	129	889	271	157	154	129	289
96	128	879	260	169	166	147	296
96	124	892	266	166	166	159	312
104	117	859	249	163	181	167	318
103	119	808	219	185	155	169	314
80	116	808	201	191	143	165	259
85	102	787	213	196	112	157	267
87	98	787	213	199	112	153	271
83	92	826	214	210	86	137	257
92	86	803	213	206	130	147	275
95	85	753	217	203	134	153	231
93	87	720	195	160	136	146	196
87	106	693	191	147	141	149	178
77	103	578	177	128	140	139	176
72	106	652	207	90	123	122	172
71	118	772	218	97	136	114	186
71	123	811	237	102	145	131	200
75	115	841	245	103	138	132	189
87	121	883	249	103	146	144	193
88	126	902	241	102	137	162	192
87	113	820	243	91	131	175	193
95	111	773	246	89	125	161	210
98	118	764	287	90	135	149	247
86	124	724	290	90	148	147	238
88	136	829	343	89	164	155	242
88	139	835	335	90	159	148	239
83	134	850	319	84	165	151	230
79	124	848	288	80	163	156	232
87	120	859	287	84	154	155	233
89	92	714	212	81	137	136	240
90	89	726	223	77	136	134	239
91	108	710	226	77	137	142	223
88	113	738	220	75	135	134	189
82	110	724	210	470	132	130	205
73	116	719	208	679	132	134	180
67	113	772	196	782	130	127	188
70	102	740	189	814	114	129	282
77	96	707	192	817	103	130	283
80	97	718	198	674	92	135	296
78	96	707	198	464	87	126	304
83	97	615	206	320	88	129	300
83	101	701	257	350	93	119	227
86	106	715	261	391	108	128	237
86	109	705	257	401	113	141	202
94	100	740	258	442	113	151	197
99	121	762	269	414	119	154	219
99	119	749	232	325	116	152	212
100	112	836	250	271	108	142	221
104	102	855	253	249	106	127	236
107	107	850	265	163	111	111	226
99	100	853	259	117	128	148	216
90	92	782	240	681	158	157	223
82	97	678	225	760	172	163	201
76	103	656	220	832	174	162	185
63	97	627	234	842	179	172	196
65	81	604	220	845	174	155	181
72	84	639	231	507	153	147	162
69	72	572	208	376	155	150	163
76	78	572	206	171	162	159	183
77	89	592	189	115	149	151	176
73	94	639	187	113	152	157	217
77	96	665	186	122	168	158	227
76	104	667	192	125	150	155	220
62	95	674	188	119	143	137	218
62	98	745	175	112	146	142	210
60	95	737	183	101	129	110	172
53	100	836	206	107	107	119	189
57	101	895	230	116	122	123	202
63	109	879	233	127	129	131	187
66	104	811	231	127	125	122	190
75	110	798	252	134	128	125	180
75	105	636	228	151	125	126	180
76	107	521	200	231	108	121	180
75	99	507	199	232	105	127	183
74	93	502	196	239	110	133	190
70	82	478	183	233	115	142	220
66	82	514	179	216	131	132	205
65	74	583	176	118	134	138	238
69	76	648	188	108	136	136	269
66	83	644	196	88	137	136	259
65	86	706	216	85	136	128	248
77	84	707	226	94	119	138	249
82	82	710	231	118	120	137	234
82	80	724	221	131	128	145	212
92	83	823	239	193	163	155	213
99	95	854	211	201	165	154	201
95	98	858	213	233	162	143	206
88	112	927	240	231	158	146	178
82	116	926	239	228	151	143	160
76	109	897	228	195	119	156	204
62	98	815	222	210	121	155	207
56	95	802	213	178	121	152	199
54	86	766	203	207	132	143	192
67	83	699	201	199	130	125	203
59	88	654	195	185	121	99	174
60	94	676	186	170	110	94	171
67	100	705	195	180	120	125	182
79	98	666	174	165	118	139	190
70	95	673	178	175	120	158	191
81	89	702	169	176	123	161	207
87	86	662	162	163	139	165	214
82	94	746	183	147	142	158	205
74	92	706	173	109	135	151	206
90	94	745	169	99	125	142	252
84	105	811	223	99	129	132	236
81	104	844	244	104	122	137	262
82	96	783	236	97	129	126	262
85	106	798	250	109	131	117	257
70	105	815	255	109	133	117	218
80	122	789	274	110	127	136	213
82	125	757	269	116	131	131	175
86	124	720	253	116	119	162	205
82	118	735	238	107	135	167	215
82	120	700	254	102	130	166	202
76	96	626	211	109	146	149	258
77	86	666	211	100	137	148	264
76	92	729	239	103	154	121	245
75	95	748	253	96	159	133	249
73	98	799	251	98	169	148	274
65	97	794	230	94	163	156	233
57	102	814	231	95	172	158	223
53	93	767	208	106	158	157	234
74	95	757	216	117	146	148	227
79	111	764	212	124	135	130	186
85	119	732	210	139	125	133	178
90	122	676	203	136	112	134	185
94	131	685	198	130	130	139	174
87	123	704	202	125	140	172	174
88	105	625	196	118	140	170	193
84	95	673	209	93	143	173	193
84	90	736	199	90	143	178	216
83	78	752	207	79	122	167	218
80	78	728	206	70	98	128	233
78	88	752	224	81	128	140	230
79	95	739	214	82	129	123	241
72	95	671	216	84	127	115	219
67	105	641	223	88	138	127	216
69	108	614	216	93	162	128	203
74	103	643	207	78	137	123	206
78	104	633	210	75	139	130	207
87	103	733	233	75	153	134	213
90	95	732	232	74	139	125	223
85	92	713	209	65	113	123	230
79	96	710	202	64	118	111	221
74	100	737	204	60	111	117	202
71	102	719	192	60	89	123	201
67	105	712	183	62	101	124	198
84	119	740	189	62	114	179	218
87	115	687	181	71	116	188	214
90	105	642	173	71	125	204	226
87	111	586	188	77	148	206	244
89	110	664	194	75	165	211	237
73	103	651	195	73	154	170	211
81	119	826	290	82	163	177	240
92	125	811	299	84	154	153	262
98	120	783	291	80	134	141	259
101	127	719	301	81	112	146	272
107	123	748	296	79	115	149	264
100	106	562	213	61	94	134	238
88	114	595	202	59	95	140	201
84	119	638	195	60	106	146	186
88	109	623	170	58	100	130	162
84	106	628	188	63	93	132	178
82	106	673	199	63	94	138	178
85	89	652	200	73	106	141	192
81	85	690	222	79	101	138	175
76	85	701	231	89	133	141	168
87	86	664	234	93	137	130	175
93	93	602	225	93	147	147	215
92	92	611	234	88	145	145	216
93	91	535	208	86	153	143	221
103	91	548	199	75	138	160	276
91	88	599	192	76	141	161	280
99	97	647	191	81	133	157	266
98	104	642	192	79	131	155	274
96	116	685	187	68	120	157	271
79	112	648	191	69	117	142	215
81	116	627	227	69	117	151	233
62	101	607	221	69	123	132	212
64	98	611	212	70	125	129	189
71	78	532	211	75	126	144	202
75	82	589	228	74	116	139	200
75	85	581	190	66	116	146	166
81	93	602	203	64	136	160	171
80	93	597	198	62	130	161	171
72	97	644	205	61	123	153	154
74	106	627	193	59	126	151	172
80	105	634	213	67	122	135	185
75	108	645	213	72	93	137	211
72	108	643	220	70	96	128	227
75	107	656	221	75	107	129	234
70	114	674	225	79	109	131	221
64	126	679	226	74	112	152	226
66	128	703	228	70	125	137	208
67	132	726	228	80	123	139	205
63	133	709	225	82	122	131	204
75	120	757	261	84	121	129	233
73	114	791	254	88	136	119	204
78	106	734	232	91	128	123	228
86	104	824	243	93	153	146	221
88	110	821	253	97	204	182	215
81	111	796	206	91	206	183	201
89	111	746	201	84	204	179	218
82	105	744	211	93	207	187	196
71	104	703	216	88	205	178	193
75	95	706	200	73	153	138	194
73	86	666	211	79	146	137	210
74	78	693	209	83	141	136	217
76	85	744	219	77	153	126	215
85	83	712	228	76	131	115	239
81	87	725	233	81	135	129	233
83	87	720	223	81	138	126	211
101	89	721	232	87	136	132	195
103	87	673	230	74	117	127	203
96	94	662	212	74	109	121	171
96	92	646	213	73	121	133	181
98	100	678	205	68	132	145	211
65	106	728	191	61	140	135	209
68	109	741	200	65	146	137	200
76	104	688	182	62	155	144	209
82	104	715	188	66	153	140	251
78	101	669	194	90	183	136	221
78	95	590	220	93	185	136	209
75	92	616	216	93	176	131	239
73	95	708	229	97	176	127	240
64	92	678	231	90	161	112	204
65	89	692	226	68	116	98	206
71	83	673	198	58	101	107	279
68	77	628	187	57	97	104	249
68	83	555	168	54	93	111	244
71	82	532	157	59	101	103	235
85	91	641	176	64	128	140	246
83	88	647	181	63	127	133	166
88	92	675	186	69	134	147	173
91	85	675	192	79	157	147	192
96	94	657	182	76	152	152	216
84	86	532	157	74	136	119	221
84	90	560	151	80	151	153	220
76	89	560	146	84	159	146	215
68	81	639	164	79	147	152	191
65	78	667	163	79	150	165	182
76	80	759	227	85	152	174	171
81	100	876	277	83	135	168	193
86	107	897	294	82	133	169	219
88	110	845	289	79	120	158	220
82	108	883	299	79	121	144	203
78	112	863	263	78	132	144	220
73	104	843	253	76	138	132	197
82	118	869	268	70	127	131	209
81	119	864	274	77	135	139	210
85	124	823	274	98	175	172	234
84	115	840	273	93	167	190	210
80	111	743	281	96	163	183	222
63	98	725	274	99	195	195	183
66	101	774	268	91	196	192	203
71	108	801	259	74	172	167	180
70	121	736	267	73	167	145	180
74	119	705	230	74	164	138	172
76	115	645	191	66	125	113	167
77	110	589	186	68	120	128	223
66	95	640	216	68	103	123	225
62	91	649	211	67	106	119	222
72	85	663	194	63	127	126	256
72	86	696	197	69	164	159	271
65	88	726	193	70	172	151	212
73	93	643	158	70	175	150	213
69	92	621	144	72	184	162	221
56	101	691	157	79	194	172	182
62	97	694	152	79	169	156	173
65	104	710	204	74	154	148	175
64	104	768	217	69	155	142	171
70	98	783	217	73	163	128	157
78	89	720	206	61	162	141	159
79	95	698	221	61	167	149	178
78	92	714	174	69	174	172	186
79	94	776	204	74	178	183	183
78	96	759	204	75	168	183	185
70	99	809	218	78	157	166	212
63	90	826	204	73	150	171	205
63	90	771	203	72	156	151	189
65	85	713	163	71	152	143	187
63	98	753	180	63	140	150	195
63	98	738	201	66	126	151	186
63	101	716	207	70	117	123	178
68	93	698	211	71	122	139	187
59	96	674	237	80	157	156	210
64	88	628	232	86	160	141	212
63	96	645	223	92	163	139	208
77	99	669	222	94	177	166	234
79	106	740	246	92	167	153	234
80	106	739	217	81	126	139	221
91	102	749	227	74	134	156	246
91	88	757	214	64	146	159	238
80	82	722	212	58	130	134	207
77	86	712	184	64	124	134	204
78	86	685	183	92	205	154	195
66	88	706	170	93	196	142	175
62	88	632	160	96	184	146	168
66	89	672	207	109	198	166	165
68	78	657	204	107	204	176	202
74	79	666	211	90	128	161	213
67	101	714	227	98	152	175	207
75	111	727	231	95	160	168	204
80	118	704	196	80	176	153	208
76	120	649	200	77	171	136	180
68	119	667	207	71	172	131	164
68	102	573	180	60	153	107	166
63	100	622	218	63	142	117	164
60	101	653	219	77	114	110	160
59	96	668	206	82	125	129	145
61	91	613	189	81	122	131	156
65	102	714	197	82	125	138	136
65	112	773	224	92	130	141	143
60	107	713	224	82	127	148	147
62	119	781	271	90	121	134	162
60	129	818	274	94	127	135	159
58	121	775	283	91	134	133	176
55	109	700	243	75	128	121	168
50	108	753	238	85	140	129	183
46	103	751	209	77	140	143	179
55	99	716	213	74	132	141	183
56	103	732	195	82	130	141	200
66	103	756	192	91	140	148	202
72	104	704	196	83	123	137	195
70	110	804	214	80	122	137	200
67	108	792	209	80	146	147	193
71	102	779	220	77	142	146	155
64	104	739	202	74	143	143	173
61	104	747	196	70	139	133	152
66	113	658	170	76	157	136	151
77	112	674	173	79	161	128	196
82	115	625	157	78	164	137	239
86	119	658	170	85	166	143	241
85	123	682	179	94	167	143	250
87	112	599	173	96	164	133	244
78	116	650	180	94	173	143	223
69	114	672	182	92	173	136	182
61	114	614	174	83	163	125	163
67	107	597	169	75	182	133	171
64	100	598	163	65	169	130	185
68	100	563	180	68	140	156	175
69	103	698	237	83	154	167	204
70	95	730	250	82	157	174	207
76	99	738	245	81	130	170	205
77	97	746	254	81	125	169	195
70	90	769	244	80	128	134	188
75	88	791	217	73	100	110	208
85	90	768	202	73	108	108	215
77	101	770	207	74	131	133	212
74	122	836	215	80	153	146	209
75	125	838	206	80	150	139	209
71	127	730	183	73	154	163	165
57	132	721	183	71	142	152	161
62	121	744	207	71	126	135	153
70	101	706	183	71	128	121	155
69	104	670	199	69	131	133	153
75	93	630	204	79	139	108	157
79	84	748	260	90	170	128	176
85	85	727	255	94	184	138	192
89	85	690	258	89	170	145	208
93	84	797	265	89	165	134	233
88	89	795	253	91	159	134	227
85	95	769	226	94	178	175	212
77	95	795	249	90	167	171	206
72	94	834	261	99	161	165	200
69	93	737	244	99	167	173	173
68	97	763	241	90	198	204	178
82	99	736	234	77	166	160	182
87	102	680	197	77	170	166	177
84	109	648	184	73	221	209	167
82	109	680	191	71	226	209	179
81	112	680	194	79	195	181	171
78	108	649	170	78	183	181	184
74	111	687	173	80	183	179	184
73	106	633	168	82	137	140	186
80	105	669	158	86	114	131	208
83	105	643	168	81	114	135	222
82	102	623	191	84	124	164	234
83	114	645	193	80	112	155	241
91	118	714	197	78	101	147	244
83	123	646	217	77	111	151	216
80	120	734	219	73	113	152	200
72	125	730	197	66	110	123	179
70	112	724	201	66	111	128	155
61	124	699	199	67	125	149	165
60	116	741	201	75	127	149	187
59	126	686	205	80	124	151	191
55	123	713	208	83	124	148	173
56	122	670	202	90	138	151	181
55	104	649	209	85	120	129	164
55	99	555	202	78	117	132	148
69	87	565	204	72	126	131	161
70	93	539	202	73	121	133	167
68	93	598	212	79	129	141	172
77	97	597	199	76	127	138	175
81	119	679	216	72	128	127	170
70	116	693	203	73	128	139	166
71	122	703	210	79	179	167	185
72	116	649	209	67	168	151	176
70	115	677	238	75	178	177	188
71	101	639	209	73	182	180	185
73	108	622	214	86	208	179	180
74	94	671	231	83	173	151	203
81	109	663	224	85	175	156	208
75	111	630	199	87	170	135	209
78	102	607	202	92	187	142	224
77	108	626	191	88	174	141	219
77	107	618	159	82	169	161	175
70	103	764	176	80	161	163	179
70	96	760	173	78	160	158	166
69	105	809	189	79	138	164	153
70	95	815	198	72	137	173	162
73	103	880	212	78	132	154	198
76	99	773	204	81	134	161	202
75	101	764	198	76	132	164	197
68	97	744	178	69	141	148	187
79	95	753	184	66	187	137	185
85	88	619	171	62	231	145	182
92	89	670	158	62	245	130	202
90	89	690	158	61	248	129	192
91	92	742	164	59	240	138	196
83	88	663	158	60	195	127	194
72	91	655	153	60	153	127	190
56	82	571	143	50	126	135	155
56	84	618	149	51	113	127	167
55	78	545	170	61	109	119	163
53	76	562	172	62	115	132	158
56	77	600	181	72	132	128	198
61	83	615	183	75	150	155	222
64	82	585	195	80	149	156	218
65	97	659	194	83	151	173	236
74	99	672	206	84	144	171	255
76	96	634	220	78	128	167	207
71	94	657	220	77	104	131	174
81	104	663	213	70	121	153	188
83	91	645	205	58	128	136	178
83	93	646	201	59	134	123	154
85	92	714	185	56	134	135	157
94	90	693	191	60	147	143	199
100	75	689	189	69	153	120	280
104	74	655	176	77	157	126	295
99	72	691	169	78	146	142	291
97	72	651	180	84	145	132	287
92	86	645	174	91	155	140	277
94	89	617	165	86	145	147	249
89	90	585	182	84	133	138	240
87	109	592	192	107	147	129	237
83	118	553	176	111	151	136	238
77	107	543	179	103	129	128	243
57	105	540	178	106	126	126	187
59	106	568	154	103	132	124	173
59	87	549	161	79	119	114	180
61	84	657	182	67	106	108	184
76	100	679	185	76	115	110	171
76	97	682	199	69	111	112	161
72	97	703	218	79	128	130	156
72	97	693	223	78	128	139	210
82	85	603	223	79	125	143	209
71	71	599	231	68	117	139	206
72	74	571	218	76	154	155	210
76	74	695	239	68	162	162	233
76	71	660	214	67	165	159	184
69	81	681	208	66	169	158	220
73	80	700	192	66	175	189	235
72	82	724	197	55	153	193	240
70	91	544	154	60	139	184	258
71	100	614	167	64	136	181	257
69	97	591	168	66	144	185	241
61	100	576	165	70	141	155	229
60	99	563	168	72	133	138	214
69	94	633	187	65	113	124	193
68	85	569	175	67	122	128	192
71	84	535	150	63	107	113	170
74	99	543	158	65	103	98	160
72	113	619	187	75	111	88	176
59	113	559	184	76	122	95	142
68	118	636	212	69	108	91	150
67	117	737	233	78	150	113	154
68	103	753	236	71	152	134	153
74	123	803	234	64	149	136	148
74	124	826	233	72	157	136	189
64	122	768	211	78	175	164	183
58	124	689	198	71	143	159	178
57	124	694	202	71	141	145	191
65	89	578	188	92	170	156	203
68	86	518	183	87	156	152	165
66	84	559	225	82	156	120	162
76	81	540	228	84	161	114	179
74	76	476	222	91	169	111	204
65	73	494	212	70	145	95	183
64	75	545	223	72	153	100	193
68	73	553	190	77	141	112	203
67	71	626	195	73	152	113	197
75	73	719	218	76	172	120	191
74	78	707	237	80	188	126	197
87	77	662	217	79	183	136	194
89	78	699	222	78	180	131	204
89	90	663	209	81	169	146	204
83	94	592	193	73	141	158	178
87	94	600	178	73	123	174	179
73	99	668	196	86	125	165	186
66	95	589	189	83	128	175	165
62	91	628	208	84	119	163	159
69	95	662	201	84	124	146	158
65	92	646	202	85	119	122	159
71	85	588	188	75	126	132	160
76	107	748	214	78	129	107	185
75	113	731	200	81	129	105	190
74	112	679	194	83	116	112	185
80	131	761	224	75	113	114	220
76	135	765	223	71	96	108	225
78	122	638	189	66	86	106	206
76	118	685	231	63	81	105	206
70	121	686	238	60	92	106	204
63	96	602	209	68	103	94	156
69	95	681	231	74	107	88	131
62	100	705	241	77	103	105	143
63	113	736	210	74	126	113	130
63	102	771	208	73	121	112	137
62	106	753	197	64	114	127	139
53	106	775	191	56	119	126	137
54	112	782	203	50	120	114	136
73	98	720	196	53	105	109	133
74	103	707	192	59	132	127	135
72	109	731	199	59	137	121	129
82	107	645	195	69	132	135	139
92	100	657	201	79	137	135	130
82	105	696	214	80	140	131	145
86	102	720	234	79	118	118	156
96	114	717	238	83	114	127	172
91	113	738	227	81	125	128	163
82	108	714	206	72	124	136	176
80	99	656	189	72	138	143	166
82	99	616	167	70	137	142	150
77	77	646	185	73	135	152	144
73	78	630	181	68	125	148	175
77	76	593	168	71	130	152	179
79	74	618	175	66	106	152	183
73	82	678	190	67	114	144	192
67	84	693	188	58	107	126	190
66	88	724	202	63	115	134	207
64	90	687	206	61	102	124	190
56	92	639	201	65	116	141	191
49	80	572	195	69	115	152	183
55	82	570	184	72	132	164	181
68	100	475	167	67	132	165	145
74	102	520	199	70	136	165	144
75	99	555	210	68	135	148	145
79	110	644	212	62	130	147	154
78	109	701	230	69	120	123	146
76	89	793	248	72	127	104	139
84	87	807	228	66	128	119	156
89	92	809	217	65	125	128	190
90	89	760	215	64	119	113	193
91	90	665	201	59	118	119	193
90	91	604	194	67	140	133	191
77	89	613	196	71	134	124	195
74	85	654	207	69	141	122	185
73	82	650	191	69	142	123	175
73	85	767	197	66	151	142	195
70	84	765	201	57	119	131	191
71	93	756	203	60	119	130	188
69	103	753	209	73	140	123	156
72	102	741	220	79	179	154	164
71	95	621	214	79	176	142	169
72	102	629	205	77	189	155	192
64	95	618	211	71	194	154	184
64	89	555	211	64	182	153	189
81	88	553	198	57	161	149	215
88	91	571	189	65	183	149	194
82	81	568	192	69	168	131	166
83	78	572	178	72	177	133	185
91	81	634	165	71	193	129	187
81	86	641	183	77	202	96	154
69	80	627	186	69	176	81	156
82	94	600	201	71	179	100	194
82	95	596	205	73	184	119	172
73	95	553	210	66	157	122	176
63	100	642	238	78	137	137	175
65	106	683	252	87	180	180	201
52	98	738	246	85	179	171	171
52	97	763	245	80	159	157	179
54	94	782	247	85	163	171	217
66	90	787	218	79	173	188	262
70	85	776	195	67	128	153	243
77	79	716	189	71	130	160	247
80	83	703	205	75	146	169	242
86	82	669	197	69	151	154	208
82	81	591	187	59	136	119	159
81	93	576	207	65	142	116	176
78	94	608	207	57	138	118	201
77	91	558	196	55	128	105	200
73	94	600	192	63	132	112	195
72	87	620	194	71	145	139	186
73	84	696	211	81	138	144	179
88	95	722	230	89	138	138	158
92	92	809	227	89	141	141	199
91	100	847	248	92	143	139	195
93	113	803	255	97	129	125	210
89	103	702	221	85	130	122	209
85	106	815	226	78	146	137	204
87	114	754	224	79	135	137	162
85	107	668	206	73	119	141	187
82	93	706	199	63	140	152	166
83	96	811	217	70	145	151	163
72	86	672	188	68	137	142	181
61	82	670	182	70	142	157	192
63	80	684	177	69	149	146	179
67	80	669	172	65	130	134	196
69	86	661	193	63	135	140	201
65	86	664	192	61	138	136	177
74	95	689	200	56	143	115	194
73	92	694	201	53	142	119	185
68	97	722	207	57	153	112	185
68	93	704	174	58	146	105	173
75	94	674	159	62	134	122	213
66	77	616	141	69	129	117	195
63	83	614	136	72	138	141	220
63	78	569	123	68	130	155	211
61	77	580	118	67	124	153	223
56	88	731	157	65	132	141	190
65	94	746	159	70	167	174	186
65	90	751	154	70	167	168	160
69	98	783	181	73	165	150	167
74	106	722	179	69	187	173	180
72	95	581	162	77	225	183	208
66	93	585	184	78	209	164	224
72	94	643	216	79	199	151	222
71	88	720	251	78	207	182	217
75	78	698	253	83	206	189	201
78	74	718	245	75	167	175	183
80	72	714	228	73	173	188	164
83	80	688	226	68	180	196	173
81	78	559	165	68	171	171	170
79	84	611	226	79	171	153	178
84	85	583	234	91	176	161	183
81	92	615	240	97	211	185	199
77	91	674	246	97	205	186	191
79	91	731	254	101	213	192	204
75	85	709	207	91	211	192	191
66	94	760	223	82	207	202	168
75	94	798	257	72	150	157	157
83	87	708	230	84	170	170	194
81	87	659	220	74	152	163	181
87	94	699	232	72	141	159	185
90	89	689	215	66	133	135	212
82	88	670	180	70	146	147	219
78	95	675	184	58	132	138	234
95	96	702	204	65	135	141	239
98	91	759	230	66	142	148	237
98	91	711	220	66	138	150	227
100	81	669	216	55	133	153	231
100	82	686	229	62	136	159	195
79	82	735	237	63	136	156	192
66	89	645	193	62	127	149	206
76	87	726	205	70	154	157	197
76	92	733	210	78	167	151	180
79	87	723	226	74	161	137	189
83	96	744	256	78	175	163	192
86	96	784	265	85	184	159	178
73	104	804	290	82	166	149	173
71	105	802	292	75	159	153	179
63	103	776	273	95	174	153	163
78	112	819	331	114	171	130	156
73	107	793	347	115	155	120	157
76	99	715	322	117	170	140	162
80	104	793	322	121	162	140	169
80	111	805	316	103	157	141	186
59	98	714	238	82	142	137	183
61	100	725	209	77	162	157	185
60	112	809	223	75	150	145	194
62	106	779	217	76	156	143	185
65	106	768	222	84	151	155	165
72	109	767	183	74	149	151	164
77	111	767	178	71	131	132	178
73	108	706	167	75	152	141	170
75	110	694	181	69	150	157	177
73	109	795	203	65	137	132	188
72	101	733	193	66	139	128	181
72	101	680	193	66	133	127	164
80	95	731	206	66	119	133	186
73	99	716	191	67	107	110	165
75	94	718	188	70	110	108	152
77	101	783	213	87	141	123	156
77	108	863	248	93	151	146	188
76	105	778	233	88	142	135	176
75	94	751	235	90	143	133	195
75	102	715	229	88	140	150	200
69	101	738	221	72	111	138	197
70	93	637	176	63	110	127	198
68	94	686	203	79	105	121	203
70	102	705	222	76	120	135	193
67	94	682	234	84	130	122	186
66	94	595	238	83	130	124	193
60	87	688	251	86	131	130	158
59	95	689	243	84	141	132	142
63	87	685	223	81	144	126	156
65	89	686	213	72	142	132	162
77	84	709	208	74	142	134	195
76	86	667	210	73	146	128	196
72	76	647	211	59	137	125	198
71	76	691	222	66	144	130	183
69	75	639	195	63	144	127	187
69	74	648	205	64	146	135	204
71	74	694	205	69	135	127	205
74	83	690	194	73	153	133	208
71	84	659	197	65	149	168	211
71	87	726	211	70	156	183	207
61	87	729	202	70	162	181	175
60	93	685	210	67	163	185	178
56	85	686	214	65	155	183	174
58	85	726	204	66	142	150	173
56	80	673	204	68	136	138	178
64	88	629	206	70	121	133	160
64	81	588	173	68	122	149	161
70	90	627	171	64	104	165	177
69	112	608	230	71	95	160	174
66	118	689	236	69	76	150	158
71	110	723	238	68	86	156	155
77	114	715	248	69	114	154	171
72	111	676	247	70	124	135	153
70	93	621	202	70	122	126	149
73	92	573	200	64	121	123	150
63	93	599	198	63	130	123	159
56	93	701	206	59	95	102	150
56	95	719	203	61	94	95	153
56	91	724	195	55	108	119	190
57	88	743	186	60	128	137	214
59	94	783	192	84	137	132	211
56	92	695	181	92	143	152	214
58	87	699	194	98	156	166	216
57	90	722	196	109	170	161	190
54	88	682	191	109	160	152	177
46	81	627	183	90	144	146	181
45	80	650	184	92	159	132	164
50	78	628	171	90	140	112	151
49	77	621	179	79	116	99	154
50	72	588	181	77	129	102	151
59	72	623	170	75	124	110	144
58	67	673	169	63	104	119	143
53	64	702	165	54	105	126	182
66	64	684	153	49	98	122	185
72	84	726	169	53	73	118	185
72	83	660	166	55	74	115	205
79	96	683	192	63	92	95	200
82	97	645	189	62	93	98	190
77	102	645	204	66	122	131	209
72	97	666	217	82	128	148	223
70	103	728	266	97	133	158	206
62	94	698	264	90	116	163	216
63	99	711	274	90	131	161	203
61	94	707	266	91	116	134	175
59	94	680	256	84	119	119	152
60	93	618	204	71	114	109	153
64	94	552	174	80	123	105	152
63	87	563	170	83	108	106	137
64	87	564	185	82	104	115	143
71	101	630	212	74	109	113	132
69	109	696	224	72	113	111	138
68	111	689	224	67	104	111	141
65	111	659	227	67	107	114	145
61	114	716	215	65	108	110	141
58	91	614	169	65	101	109	150
58	77	529	169	71	140	118	134
57	70	539	182	75	147	115	124
56	73	574	184	76	152	129	115
57	67	516	172	80	170	136	133
55	68	514	175	80	184	139	137
56	71	619	185	79	161	125	143
52	72	604	175	81	158	129	137
58	71	567	165	85	171	129	140
61	77	672	169	81	158	131	116
74	83	708	182	86	144	124	130
77	78	609	170	88	136	122	137
84	78	629	194	90	153	125	171
81	74	652	194	84	137	115	176
78	68	527	208	84	129	106	187
65	59	482	199	76	138	113	191
62	62	495	188	82	141	125	192
77	64	506	170	71	123	119	170
79	65	475	165	72	117	112	179
81	64	518	169	76	113	104	174
83	68	533	185	80	108	110	161
80	65	654	201	64	105	110	161
61	67	664	206	64	105	137	163
55	78	675	206	65	101	135	148
54	83	628	189	56	104	135	148
