0	1	2	3	4	5	6	7
81	238	641	245	789	77	108	102
85	236	667	237	855	87	114	115
92	239	637	228	849	83	121	191
97	271	643	243	867	86	129	183
84	306	627	281	719	82	119	178
80	305	561	276	711	109	128	196
77	303	486	271	525	119	118	192
71	312	540	289	495	133	127	126
71	315	589	341	489	135	123	134
74	250	506	287	433	134	118	147
105	249	493	265	436	131	115	141
114	254	518	271	409	115	122	137
117	245	490	259	382	100	102	128
119	202	367	165	359	104	99	129
119	222	344	140	350	103	114	136
98	206	520	231	278	73	107	123
86	200	522	234	218	97	94	120
89	221	540	253	168	110	103	133
84	235	531	260	144	108	110	133
80	244	741	348	142	110	94	112
72	281	713	329	137	117	89	109
75	279	706	327	131	102	111	139
68	280	676	308	106	86	107	137
64	292	787	335	104	89	112	129
66	285	638	253	90	94	125	141
62	267	586	209	75	93	127	149
63	281	608	222	73	94	110	134
64	268	663	256	75	95	123	126
66	257	547	219	71	101	126	126
65	235	530	216	65	97	112	122
70	215	532	229	67	103	114	115
69	240	515	216	66	114	128	126
79	231	454	191	70	117	130	147
84	232	472	185	67	109	118	155
93	266	564	186	63	104	117	153
95	279	553	180	65	105	115	166
92	243	564	179	66	94	97	159
88	327	671	214	70	93	81	166
88	346	749	239	77	97	95	188
82	347	692	237	80	104	97	188
81	338	726	236	82	97	101	175
81	376	791	258	83	92	106	167
79	310	713	216	79	101	123	141
75	286	636	194	69	98	129	120
77	268	640	192	66	97	128	126
82	289	605	184	69	117	155	132
82	258	615	204	69	116	157	135
78	280	637	206	71	110	146	136
84	314	665	212	74	104	133	128
86	318	698	223	73	107	146	138
77	304	771	245	65	87	117	135
81	299	734	209	64	95	114	143
89	303	740	234	78	89	106	156
90	277	719	233	148	102	114	170
85	321	746	232	156	100	106	168
85	331	696	211	158	97	112	180
90	344	638	200	162	94	107	169
84	379	635	181	164	99	118	172
83	389	728	212	107	91	115	152
98	379	651	197	106	96	126	138
102	388	629	193	105	93	120	139
115	398	699	208	96	86	120	188
112	397	707	201	125	85	111	186
118	402	598	148	125	79	117	187
111	376	612	171	120	79	107	192
113	421	595	172	123	80	99	217
102	395	569	176	126	81	99	196
120	354	610	195	93	90	108	203
114	388	641	202	102	89	106	205
111	391	628	199	108	81	101	204
113	337	687	218	112	79	101	177
104	351	668	201	113	86	105	155
83	348	587	181	103	75	107	132
78	283	538	176	89	82	94	134
77	278	555	151	84	84	91	138
69	274	529	124	74	89	114	127
77	292	513	132	82	78	107	141
80	353	536	123	86	95	101	137
80	365	559	143	87	94	102	153
85	369	568	155	84	90	110	167
87	383	618	173	84	85	88	177
84	368	646	174	94	115	90	169
88	341	639	186	649	126	90	172
97	344	689	234	807	126	104	154
94	342	667	242	1005	129	94	122
88	314	620	247	1109	130	90	108
83	358	573	238	1119	113	93	107
74	370	564	240	937	97	92	110
78	368	463	179	815	99	78	138
82	363	492	160	584	98	78	155
87	373	489	136	374	96	83	165
90	356	529	144	379	90	90	182
90	312	586	137	480	92	120	185
83	320	647	139	576	145	121	166
76	335	680	149	733	157	134	159
68	320	668	151	938	166	145	149
70	316	648	146	966	191	138	128
66	320	657	145	1061	187	107	120
73	360	672	158	1036	145	107	129
68	368	608	151	1013	157	106	123
70	378	609	148	915	161	87	119
70	345	657	152	929	132	91	116
70	348	586	145	809	127	102	133
65	364	510	130	810	129	101	159
72	342	507	131	736	97	94	168
77	329	585	234	830	95	101	168
89	429	612	313	962	97	102	180
93	446	695	322	982	101	93	186
89	399	701	325	950	101	97	171
91	432	753	331	970	110	106	164
88	441	742	295	822	94	105	166
76	345	758	220	778	92	108	172
75	313	691	210	738	92	118	161
73	284	688	250	774	93	112	158
79	232	727	275	761	80	114	184
79	258	666	287	745	84	117	195
82	271	577	309	600	104	123	190
79	258	594	328	555	103	119	188
82	249	692	338	593	112	119	192
67	234	634	341	775	120	122	165
63	173	630	322	837	120	130	149
60	124	694	310	797	107	119	156
61	143	726	305	802	114	113	151
55	149	687	269	786	125	116	135
61	150	757	320	599	144	119	145
61	169	822	333	660	147	107	162
58	172	806	357	786	154	115	169
61	159	832	355	772	152	118	175
68	165	939	356	735	135	120	203
68	177	913	334	696	117	102	215
70	160	907	336	547	124	109	217
72	156	940	320	386	125	103	222
70	148	895	355	434	131	100	218
71	129	772	384	441	143	101	220
71	142	825	465	481	180	97	221
70	149	814	490	713	190	117	236
70	187	773	499	891	187	121	220
69	212	751	498	909	184	124	218
74	223	802	515	1055	177	120	204
75	230	805	452	1077	136	125	190
78	246	846	423	936	117	102	161
79	226	903	409	870	115	94	154
83	218	989	396	960	104	89	170
71	222	953	349	852	124	95	146
72	204	885	304	788	123	84	144
66	204	960	338	857	148	98	136
67	273	896	332	739	150	106	136
67	279	809	316	545	189	114	164
69	278	793	320	440	178	108	167
71	285	796	327	439	178	123	185
82	291	623	287	318	162	112	216
89	225	599	282	291	169	117	231
86	221	593	322	299	140	124	208
85	278	668	327	269	141	125	209
79	294	631	341	295	172	122	212
71	269	595	333	651	168	130	230
71	284	700	343	1054	172	125	236
93	288	720	303	1173	172	115	231
92	230	607	286	1430	194	125	264
94	212	648	241	1523	222	116	247
91	229	710	252	1406	230	101	211
87	247	614	259	1143	216	100	193
74	240	619	271	1063	224	110	199
72	253	706	260	744	210	97	166
80	242	747	271	576	150	98	166
80	267	690	239	580	143	98	161
83	240	678	213	797	195	97	168
77	254	703	213	750	179	86	165
83	274	747	243	774	185	82	155
72	268	662	229	813	218	106	159
81	238	767	292	828	216	107	176
82	253	899	344	629	189	112	167
86	264	876	331	670	204	114	159
85	236	793	328	574	201	122	168
91	251	782	337	483	206	106	185
85	261	752	313	420	201	109	168
76	293	701	336	388	187	104	159
75	279	915	446	281	167	97	155
72	309	928	460	266	164	90	142
79	314	1010	510	209	113	86	122
90	330	998	511	203	122	104	117
88	331	1001	474	190	120	102	118
85	381	796	368	161	118	102	139
83	423	820	360	182	128	101	133
82	485	742	301	166	123	99	121
86	549	685	281	158	109	70	118
86	535	566	265	152	109	68	114
88	551	693	267	157	142	70	91
91	535	721	263	131	142	74	113
84	504	770	254	102	139	76	123
79	460	998	341	114	154	75	124
89	463	1062	356	123	163	79	141
87	408	1095	391	139	150	94	140
83	384	1096	379	136	130	95	120
87	375	1109	387	142	136	97	122
83	343	986	400	141	122	101	128
88	336	981	386	136	121	107	125
91	352	870	375	116	127	106	138
92	399	864	395	126	137	111	144
90	403	846	407	135	134	107	145
90	431	815	359	144	134	105	141
74	450	764	406	150	141	98	130
83	421	885	412	159	129	84	137
87	423	905	419	170	121	75	142
89	412	947	398	162	124	73	131
87	402	936	382	147	124	75	145
93	377	937	431	212	109	77	141
82	378	882	443	223	122	87	116
96	332	894	427	235	176	93	111
100	319	898	488	251	177	92	113
97	305	932	502	255	178	94	89
91	310	910	418	217	175	87	88
91	329	908	381	228	166	87	98
70	347	845	368	220	132	93	103
63	352	730	300	234	130	96	103
67	413	725	353	270	145	108	133
72	405	799	379	262	145	113	138
73	400	708	370	240	142	109	166
75	370	704	372	229	126	97	164
81	382	749	355	200	142	104	195
85	306	771	286	140	139	96	203
80	333	727	268	131	159	103	208
82	368	752	287	156	154	97	183
80	362	735	295	164	153	104	189
72	347	714	300	171	138	99	161
68	417	600	268	173	132	99	124
74	422	609	247	179	112	83	108
71	397	617	231	156	123	91	127
67	392	621	211	141	118	87	116
71	381	785	209	121	110	80	107
75	300	839	204	119	99	82	113
81	277	854	206	104	108	90	123
85	266	878	258	105	104	93	118
87	268	883	266	100	107	95	115
82	302	729	241	94	115	98	111
75	292	740	280	146	130	90	108
67	285	679	303	179	120	93	111
73	289	682	290	176	116	87	114
73	281	732	305	179	113	79	107
73	295	762	332	182	114	80	111
88	293	681	298	140	128	96	115
87	276	708	267	92	126	87	118
89	318	740	251	95	123	84	105
90	329	765	245	89	123	96	141
96	287	837	291	93	132	96	150
93	320	935	341	117	112	97	190
92	330	1033	445	149	130	156	270
86	286	1119	469	154	131	175	281
86	280	1129	490	159	131	173	273
96	297	1079	463	153	127	178	286
91	282	1042	460	139	122	170	260
89	274	968	388	107	108	130	176
91	310	900	399	100	108	103	168
97	337	970	395	100	110	109	173
85	327	1031	418	103	104	118	150
82	302	1009	381	94	103	117	169
83	317	980	365	88	98	110	175
80	302	963	354	81	105	115	170
71	351	873	331	71	114	118	162
77	367	822	288	71	138	125	181
79	363	805	296	79	138	130	171
75	402	828	288	79	137	135	160
70	417	779	241	86	138	136	155
79	457	799	287	96	142	129	155
76	449	742	282	116	126	127	138
85	446	776	281	118	132	130	153
84	429	813	326	118	133	129	154
88	412	803	329	128	132	128	158
90	379	740	276	119	118	137	162
91	388	804	298	106	125	141	158
81	398	803	310	104	116	139	133
87	381	789	279	132	130	136	140
86	392	741	264	118	124	132	138
85	361	789	255	120	130	117	126
86	361	759	248	113	112	100	121
85	368	804	265	113	115	91	125
95	394	876	282	88	106	86	127
98	413	908	294	93	110	89	141
94	380	925	327	106	111	109	177
87	368	991	315	116	120	114	185
89	410	951	304	125	127	120	181
74	381	868	269	119	136	131	171
78	360	904	276	128	139	134	163
74	350	890	255	145	141	121	131
82	344	765	245	137	140	110	122
83	297	870	257	141	130	102	131
101	341	848	256	140	128	86	134
93	321	772	245	129	132	78	126
95	325	717	228	121	139	90	117
88	329	880	273	128	136	86	111
87	325	831	271	124	143	96	98
75	341	882	281	136	129	104	117
97	387	960	286	165	123	118	132
98	412	983	306	158	104	108	132
100	443	855	268	601	110	116	150
100	448	818	252	680	100	120	153
98	432	845	263	788	100	110	141
77	433	897	258	788	105	98	131
74	409	830	227	790	109	116	155
78	382	915	260	551	99	111	145
87	368	1000	269	455	102	98	147
118	358	958	250	220	110	97	147
142	325	891	249	203	101	103	162
278	327	960	266	210	98	98	143
298	377	1022	256	253	116	96	150
319	379	970	324	264	122	97	155
309	404	945	328	269	116	105	159
312	387	929	326	269	117	100	154
202	417	909	333	260	125	88	146
174	371	853	347	204	109	93	145
132	440	898	289	184	100	108	149
139	434	931	293	172	100	102	143
115	432	898	280	170	102	108	139
115	409	893	259	160	117	115	142
115	403	873	218	124	116	112	133
115	343	799	183	131	113	99	123
114	301	820	193	175	116	99	134
111	290	852	214	215	118	102	124
109	302	945	232	210	94	91	132
101	301	918	224	213	92	89	125
105	326	917	235	205	96	86	121
111	328	873	218	177	96	129	115
107	323	962	258	226	88	120	114
116	355	910	263	247	79	120	107
124	423	971	284	379	81	124	116
128	418	984	287	598	76	134	123
113	420	980	279	722	75	106	122
112	429	851	221	703	75	109	127
119	398	840	196	707	75	106	139
119	339	701	158	664	77	96	150
110	339	722	133	486	75	85	147
116	380	730	144	334	73	64	139
118	379	854	217	339	69	65	130
107	383	834	231	327	71	87	115
108	398	857	246	282	67	90	92
114	429	930	289	261	68	89	92
113	398	908	288	163	66	97	92
116	399	806	264	119	80	103	96
123	387	845	276	88	87	86	108
132	417	901	275	86	82	86	113
126	418	776	230	76	82	84	110
127	416	801	241	72	85	87	120
130	429	835	217	67	78	98	114
115	425	754	185	83	70	99	104
100	396	723	171	81	72	97	109
106	327	782	189	84	90	120	131
127	298	872	221	86	85	116	125
121	311	849	222	82	83	106	129
127	327	820	223	64	86	109	136
131	362	823	226	70	98	116	132
133	374	857	242	64	81	94	114
111	387	781	206	101	79	98	112
120	362	825	216	127	76	99	121
116	343	852	211	434	70	95	136
113	265	793	211	937	54	88	132
122	240	784	215	1096	68	101	125
129	286	749	212	1276	75	95	130
120	278	707	212	1362	84	106	127
122	320	708	220	1303	98	108	97
120	334	725	221	1012	98	114	122
103	412	684	198	935	89	107	146
93	381	672	199	698	147	122	149
88	381	655	189	514	153	109	146
84	350	706	203	532	146	122	155
79	379	763	203	520	159	121	138
102	326	754	199	333	179	137	152
102	314	762	190	258	150	140	149
108	344	746	192	245	162	139	158
121	376	702	199	169	162	125	157
124	354	636	201	157	150	121	159
102	339	564	186	118	128	99	122
107	361	633	210	158	116	101	119
101	353	719	236	173	83	96	106
89	337	746	221	183	86	97	94
84	334	745	222	180	85	99	84
82	314	748	231	183	88	110	99
78	298	710	214	146	76	86	110
78	309	732	190	109	91	96	115
78	289	705	183	85	89	98	122
94	283	799	247	93	91	94	131
94	329	828	263	85	100	89	129
86	359	791	267	79	104	85	130
100	347	857	395	96	96	77	164
113	371	930	437	101	107	79	160
101	367	902	418	140	110	105	167
112	344	921	421	148	94	98	167
111	322	977	440	160	92	103	163
96	323	846	322	185	86	104	129
85	317	839	323	250	90	120	166
83	306	869	303	231	87	105	173
81	307	888	307	255	85	127	167
83	301	856	290	271	94	151	172
85	293	880	328	321	106	163	175
75	277	797	287	295	91	149	140
76	289	828	296	321	88	146	157
68	292	847	307	312	120	148	157
68	320	900	319	304	118	123	145
66	321	951	288	261	113	104	134
69	346	990	289	248	119	108	140
68	333	970	299	227	124	115	101
61	328	883	260	212	99	85	106
66	287	844	266	215	105	89	114
70	279	832	271	179	101	100	119
69	222	752	249	181	104	99	121
88	246	763	302	280	140	99	118
104	248	796	314	357	150	108	123
109	270	791	298	366	143	107	123
108	260	894	422	397	149	99	119
108	270	966	467	420	144	97	109
91	241	855	429	356	120	116	116
72	249	916	512	379	114	114	117
65	253	895	539	368	115	109	110
61	258	734	458	355	107	106	106
60	280	691	455	341	114	124	123
71	325	903	489	360	103	97	132
68	324	812	410	270	98	91	118
60	365	802	368	269	98	89	120
66	383	828	382	272	109	94	123
71	378	830	342	281	101	87	109
71	427	682	322	287	102	103	84
72	407	748	319	273	140	104	88
68	402	775	321	294	152	110	98
80	421	862	309	272	146	106	104
74	438	920	411	242	147	98	112
67	372	899	400	246	170	89	123
78	378	841	396	293	158	91	121
82	337	872	407	269	148	94	108
73	351	771	389	284	147	93	99
82	365	742	296	294	147	92	92
86	361	749	279	263	140	85	79
96	389	861	322	207	128	94	120
98	443	850	321	203	122	93	134
105	429	929	385	174	126	117	148
105	412	918	355	152	123	115	165
113	415	948	378	139	131	124	174
112	419	902	355	183	139	131	172
109	377	918	341	205	154	130	167
103	369	946	307	227	149	115	180
101	350	932	336	218	153	122	185
89	347	926	337	237	135	122	179
79	310	878	372	258	128	111	159
86	304	853	378	268	110	108	164
84	340	789	362	300	111	120	144
83	367	774	349	312	110	109	120
84	371	786	330	311	124	118	114
84	422	818	268	271	111	112	111
81	436	843	281	245	115	115	96
83	400	801	289	199	120	97	90
85	367	846	306	254	131	108	80
83	401	769	315	255	118	106	87
81	369	783	330	260	125	122	88
77	339	760	328	281	120	114	86
82	317	723	313	297	119	118	88
90	331	740	321	265	117	129	117
96	277	759	310	278	103	115	127
92	319	789	367	281	96	100	131
90	349	786	354	259	99	103	130
81	354	803	351	299	99	102	133
73	356	731	325	312	79	88	122
76	360	810	380	336	81	87	105
83	367	730	329	336	75	89	124
82	361	818	339	354	85	99	146
80	370	893	357	313	76	113	143
73	360	879	361	378	101	113	138
66	407	834	339	339	104	127	151
60	399	858	330	337	106	129	139
70	382	787	337	337	98	125	118
69	453	698	311	331	102	111	134
73	524	738	319	287	76	101	142
78	503	704	280	300	79	83	133
75	477	684	257	292	95	79	137
71	464	679	261	275	103	78	142
80	383	768	346	302	103	87	123
80	307	766	357	279	115	92	116
76	298	741	346	297	116	91	111
77	302	797	350	316	102	87	101
73	356	749	320	311	94	92	95
69	386	619	224	271	130	120	128
68	385	601	167	221	132	119	126
72	394	733	207	179	128	129	131
84	453	696	194	143	139	130	130
89	418	730	202	158	140	140	145
99	412	830	214	161	113	110	118
103	403	858	262	161	104	116	117
100	400	749	246	155	106	107	109
93	349	704	243	152	103	106	123
110	367	789	345	163	111	94	110
105	347	688	337	158	103	98	118
103	350	661	314	155	116	92	118
102	325	702	329	144	110	88	133
115	324	725	358	146	99	93	149
106	351	591	255	116	90	97	167
104	350	571	249	113	90	91	174
120	341	695	365	121	75	93	182
120	386	719	354	124	85	109	192
103	347	672	322	120	89	133	174
94	379	733	353	131	105	127	168
114	524	903	398	155	116	147	168
112	527	864	332	162	110	142	167
131	512	837	325	163	107	136	149
143	553	948	359	193	116	117	144
148	509	986	351	187	111	122	132
133	376	998	367	178	116	109	125
121	410	945	324	162	128	121	129
102	409	1021	336	174	130	121	133
101	390	1049	318	138	128	129	181
102	428	992	306	159	123	148	204
100	420	943	262	157	110	147	206
103	437	938	265	184	94	140	209
97	418	866	267	182	89	136	203
83	405	759	268	193	85	126	176
76	375	819	270	174	81	104	143
80	435	870	363	181	86	95	132
77	448	957	396	171	106	120	120
81	499	960	382	165	104	124	122
87	533	987	402	162	103	121	114
88	537	967	400	158	103	131	116
87	481	854	305	138	114	135	130
94	442	887	344	137	105	116	125
90	419	849	348	174	112	119	119
86	411	846	330	195	118	121	115
83	422	876	339	202	115	105	115
84	480	924	359	214	97	101	95
74	467	803	288	215	112	127	105
81	553	944	371	199	136	131	115
80	546	894	363	166	128	126	113
78	542	853	366	198	135	144	131
77	504	804	336	186	139	141	137
79	569	773	325	193	127	114	138
87	520	673	239	274	101	103	139
96	523	867	281	340	99	104	141
102	567	916	284	413	94	79	130
100	584	922	290	451	91	98	130
99	529	934	291	497	89	100	115
92	485	934	273	454	77	98	106
93	492	821	224	417	93	121	104
103	499	805	253	351	97	121	105
109	513	879	272	548	100	114	113
112	599	977	292	555	96	118	127
110	607	970	306	615	113	126	127
105	584	964	319	646	101	121	123
88	512	936	285	675	91	118	114
91	498	909	302	497	85	112	99
89	390	846	298	439	87	122	98
94	426	863	318	357	79	115	102
87	440	798	312	390	80	96	100
105	514	810	308	316	77	106	139
97	485	699	261	322	78	106	147
106	551	780	305	327	83	106	146
107	512	880	324	328	66	107	144
110	520	1013	353	286	64	111	143
92	511	993	366	279	69	99	105
92	545	1059	380	296	80	108	100
83	470	1025	351	302	71	93	101
82	524	935	314	289	78	101	98
94	525	875	315	202	87	124	125
94	480	848	302	223	86	124	132
94	548	902	311	195	78	119	131
92	628	884	307	172	85	125	127
85	606	900	310	169	79	114	126
74	661	967	311	174	67	79	103
74	650	995	316	171	72	84	110
82	566	957	299	196	101	109	133
84	502	938	288	233	101	102	131
98	486	884	270	259	103	101	137
93	435	807	283	275	111	107	142
100	462	899	290	272	107	116	132
96	471	857	290	246	79	96	109
94	433	886	286	210	70	94	113
84	415	932	290	191	71	108	111
83	328	875	219	159	83	122	107
76	315	756	180	165	82	112	126
89	319	757	174	180	80	114	140
90	344	732	196	237	85	117	130
91	377	728	205	325	89	116	134
95	452	782	239	365	71	96	152
94	438	808	247	434	75	102	162
76	471	868	270	435	76	102	148
71	485	897	267	437	80	108	156
83	480	996	327	461	80	107	167
82	445	991	312	566	76	112	149
80	448	991	328	524	85	119	134
81	461	926	323	668	91	111	141
81	415	858	307	663	89	101	138
67	401	751	252	609	98	107	129
75	377	792	266	489	117	108	166
86	468	810	293	490	119	106	161
84	405	788	281	281	119	112	163
94	439	976	298	241	122	116	172
93	414	942	285	235	118	111	180
84	439	856	263	237	113	116	151
77	350	865	216	197	99	106	147
91	359	991	216	161	92	103	144
89	338	802	196	166	89	119	150
100	437	799	191	152	86	126	132
102	448	884	207	152	63	117	126
118	426	845	205	274	69	115	122
109	421	741	223	309	108	144	110
103	412	805	250	326	105	130	83
94	362	808	259	332	102	112	87
91	315	715	269	328	113	109	111
65	327	708	260	242	115	123	128
66	348	639	238	203	81	82	130
77	358	705	243	174	79	77	125
72	319	679	227	342	79	88	123
76	389	654	191	416	67	115	113
79	419	669	195	464	67	102	92
81	397	771	200	469	67	102	92
71	463	670	172	468	69	114	98
68	490	773	240	362	74	129	92
98	453	797	254	284	72	105	91
106	442	753	250	180	76	118	92
110	473	663	256	158	78	120	104
112	416	637	242	155	83	124	122
116	463	465	172	137	89	110	142
91	453	446	156	98	104	122	150
79	442	477	139	99	108	114	154
70	412	468	131	75	127	130	148
73	415	493	131	77	131	122	147
73	354	519	138	77	127	126	129
80	336	526	139	80	115	121	127
83	378	590	156	79	105	126	143
83	405	608	156	80	84	117	148
86	399	606	176	70	85	126	137
88	384	631	197	74	97	127	140
91	383	736	239	112	102	127	144
97	321	656	233	115	106	129	135
99	335	627	222	113	103	121	137
96	376	737	243	122	98	119	152
105	417	709	232	119	80	104	152
95	466	605	190	74	78	114	168
87	475	702	228	94	80	104	179
92	529	768	245	103	78	105	180
96	538	659	212	98	75	104	188
82	522	757	216	99	75	103	198
85	523	801	218	106	81	114	183
87	552	750	183	102	74	116	168
87	531	668	154	245	83	120	173
80	497	644	147	299	103	112	152
78	484	516	136	303	107	121	155
81	475	441	130	306	115	99	158
86	467	442	140	314	116	93	153
82	401	459	152	225	115	113	176
99	426	445	155	168	100	112	182
102	412	535	199	197	101	122	174
112	439	593	207	214	86	138	177
107	455	565	214	236	93	143	194
106	449	584	219	257	90	134	180
88	454	595	228	253	88	136	185
88	450	520	180	288	78	120	192
69	419	397	160	340	77	105	179
66	437	369	129	424	87	132	174
75	514	390	127	428	93	126	193
76	494	413	125	473	87	124	199
72	491	412	125	543	92	124	221
77	503	439	135	525	99	125	232
82	455	503	155	532	85	89	244
94	399	478	140	554	78	111	216
94	390	567	186	512	82	111	206
93	401	556	194	412	89	124	176
96	387	538	190	428	84	130	186
96	372	529	183	422	81	134	166
76	378	577	184	434	94	126	176
79	368	454	119	486	138	154	174
82	354	467	102	525	143	152	188
75	338	479	99	513	141	146	167
82	378	435	86	449	141	145	169
79	373	439	129	396	132	136	177
77	399	435	138	337	85	103	182
76	412	425	140	251	65	91	166
85	391	425	153	211	65	94	172
75	384	442	160	163	60	91	157
94	401	324	127	145	58	97	157
108	395	357	121	150	59	97	154
109	417	354	124	183	63	97	150
101	421	379	119	196	67	91	141
107	394	352	124	237	67	94	148
97	403	392	127	389	90	106	152
78	395	388	136	398	91	109	167
76	366	418	149	394	109	115	201
77	361	380	147	423	110	127	217
88	410	447	155	441	113	130	227
91	413	447	166	325	95	114	226
103	436	444	169	343	100	139	213
105	450	451	173	351	94	141	180
109	536	499	180	319	88	130	167
100	524	450	171	304	85	129	155
106	559	475	163	293	108	157	157
99	572	481	167	361	101	133	148
105	607	440	153	507	84	126	151
107	545	392	142	538	89	133	163
106	603	397	132	566	86	129	161
94	594	345	162	698	54	100	140
92	633	399	175	653	56	96	150
89	708	476	196	573	56	93	165
81	695	486	198	534	59	84	150
81	639	502	226	478	65	88	148
81	585	639	212	263	61	78	152
84	518	610	194	247	76	88	150
84	340	547	169	214	82	91	152
88	375	620	182	239	83	92	157
94	414	624	164	257	82	84	164
113	467	558	167	527	83	96	168
116	515	645	192	595	72	90	194
116	517	722	196	604	63	89	181
114	522	667	183	625	51	83	195
112	566	670	170	624	44	84	193
95	594	655	153	416	52	68	199
87	553	557	112	325	49	69	167
84	562	550	119	279	69	95	169
87	567	597	121	252	70	94	152
77	490	611	130	258	75	98	159
95	497	576	139	318	80	115	145
107	486	644	144	365	84	122	170
106	516	598	137	588	73	109	169
111	495	555	139	624	77	117	171
109	553	603	155	857	71	113	171
92	469	615	167	942	60	96	166
82	469	576	175	923	61	88	162
91	443	575	169	834	60	95	177
83	462	629	173	821	55	87	157
99	480	707	183	568	59	88	149
103	489	824	199	371	75	89	170
115	526	869	198	369	74	88	193
108	529	894	207	282	79	74	182
106	507	860	214	285	83	74	194
92	459	777	217	307	80	71	199
108	525	772	248	317	78	96	179
100	506	825	304	358	75	98	137
101	498	816	303	360	67	93	132
109	531	951	327	315	61	90	132
128	690	980	319	303	70	91	122
113	634	925	297	305	57	77	156
118	644	911	276	290	58	81	158
120	703	924	278	279	58	82	151
115	702	875	270	339	66	92	154
96	506	870	268	368	61	105	153
98	513	948	270	387	70	103	150
86	520	985	275	371	67	95	157
121	478	1060	319	390	66	94	170
119	552	1043	316	329	63	91	157
126	609	1036	340	301	63	73	168
127	618	1067	390	353	50	65	153
133	634	1154	390	396	56	64	150
114	602	1155	423	412	80	71	148
115	515	1150	415	433	79	67	145
111	462	1177	409	418	83	74	140
116	447	1138	366	348	88	85	160
108	435	1132	438	284	90	91	156
91	424	1133	388	216	77	111	149
93	465	1136	395	139	72	112	160
89	482	1206	408	127	67	112	151
87	535	1220	405	108	72	124	156
90	507	1134	356	108	84	129	167
92	510	1082	348	105	78	115	179
93	464	1145	346	99	92	116	176
94	448	1082	312	99	100	120	187
88	426	1044	330	103	94	99	171
84	421	1003	294	100	97	105	178
89	405	976	289	101	120	119	165
86	441	938	286	126	136	137	176
82	460	900	315	127	143	142	182
77	421	840	312	126	148	151	176
85	407	878	310	123	154	162	157
84	433	875	312	117	147	153	177
85	365	840	339	94	125	137	176
85	323	828	313	93	111	129	163
89	286	851	307	83	109	120	154
76	273	837	293	77	94	97	156
66	236	871	281	86	91	105	145
69	310	901	232	88	94	103	122
72	304	965	328	106	108	103	115
70	315	1003	330	106	108	113	131
74	359	929	322	103	108	110	122
74	379	859	321	120	100	91	100
72	339	867	336	142	120	104	113
70	406	814	252	142	108	97	115
73	409	719	224	144	111	90	94
74	362	749	213	148	109	85	98
85	365	840	339	94	125	137	176
85	323	828	313	93	111	129	163
89	286	851	307	83	109	120	154
83	356	867	289	150	137	96	105
96	389	917	346	148	127	87	95
103	357	861	344	145	128	89	95
104	395	875	357	148	130	82	124
104	397	906	357	143	126	80	132
100	387	903	327	141	107	72	139
84	407	802	255	138	114	70	141
74	415	906	296	134	114	71	145
72	417	965	300	152	133	70	126
75	436	930	307	178	137	87	117
77	434	912	284	238	135	82	104
72	410	916	321	259	128	84	100
76	379	804	293	268	139	104	92
69	327	778	262	280	115	105	78
74	336	793	278	327	119	100	89
75	325	761	328	303	130	109	118
76	313	853	368	359	134	108	120
71	307	895	368	415	128	100	123
74	311	968	395	412	129	99	133
70	300	964	419	394	129	94	139
72	308	970	381	404	113	87	122
74	289	930	361	367	104	82	128
77	308	913	357	301	102	70	150
79	324	846	342	293	109	74	150
79	320	906	291	608	106	70	153
82	311	942	298	839	100	72	160
87	315	950	238	899	95	79	168
94	352	988	251	989	85	84	151
97	358	994	240	1018	146	99	151
95	334	950	267	861	156	108	166
98	418	916	320	622	158	113	155
98	443	894	367	509	161	109	139
103	435	918	358	290	164	108	146
101	434	906	364	143	134	105	161
103	430	886	364	110	128	94	133
95	411	997	330	105	137	93	140
94	419	979	292	99	138	93	142
79	401	905	289	107	160	95	137
72	371	913	294	100	142	81	113
82	411	928	284	100	143	84	109
79	365	760	264	102	136	90	100
73	337	741	238	104	132	87	94
89	382	881	286	102	100	99	110
91	403	850	270	100	98	99	113
77	371	857	287	96	84	131	117
90	372	982	311	88	90	126	123
99	403	1007	318	87	92	127	130
88	343	893	320	88	93	116	117
86	328	925	327	99	117	128	117
92	383	900	306	99	123	95	118
88	398	856	286	100	134	94	109
81	384	843	288	118	146	98	113
90	405	864	235	113	158	110	113
92	405	766	216	103	137	94	107
92	361	834	265	104	141	100	142
87	383	808	307	114	127	99	153
82	335	861	318	105	115	98	154
82	301	869	334	116	119	87	150
83	321	955	359	171	120	86	150
75	345	877	316	208	108	80	126
72	308	913	339	215	105	85	111
74	326	897	330	212	113	89	116
67	337	916	313	205	92	84	116
66	333	903	288	163	107	93	125
68	292	952	319	110	108	93	113
69	320	922	239	79	106	82	111
71	313	835	214	75	106	75	105
77	336	852	217	101	117	78	130
77	334	873	214	111	116	93	133
75	371	823	167	119	122	114	130
75	346	824	196	119	124	116	131
73	351	902	207	127	117	120	122
68	353	893	215	114	102	125	99
67	364	876	231	125	100	112	92
76	333	880	241	141	92	95	97
76	356	849	225	142	96	99	99
79	384	762	215	138	97	98	106
76	359	798	267	147	114	102	96
80	341	796	289	135	103	102	89
92	350	838	281	106	100	98	99
108	323	826	289	107	98	105	114
114	307	879	307	106	98	106	120
115	300	834	251	93	83	98	122
119	326	821	211	84	91	104	133
124	398	851	315	101	92	105	146
113	425	878	323	105	89	102	135
106	420	798	306	106	90	103	130
104	411	790	304	105	89	110	133
97	395	895	323	110	77	104	124
91	355	887	283	98	87	101	112
98	329	938	291	100	85	91	114
101	346	1006	308	166	90	109	135
124	359	1078	436	181	95	106	141
132	355	983	424	189	96	106	141
159	334	990	394	199	81	112	137
157	363	1005	405	203	83	113	141
175	370	1004	401	153	70	90	130
164	374	895	251	130	69	113	122
163	371	965	323	125	68	107	124
135	366	998	335	110	78	104	125
134	360	959	310	106	77	106	130
116	322	986	322	100	88	118	127
119	336	1096	363	118	83	96	162
129	390	1066	328	121	85	103	183
125	423	1112	380	122	93	130	186
150	418	1080	368	119	94	131	188
153	423	1053	359	127	84	124	191
157	413	1014	357	114	81	119	177
161	450	971	339	101	83	126	175
160	433	960	290	99	70	103	172
151	438	925	306	105	80	110	170
150	432	898	301	100	77	116	172
144	429	874	284	104	79	121	161
123	366	940	286	101	73	108	146
119	363	796	270	95	68	101	140
101	378	825	253	82	62	103	145
105	396	860	260	79	77	118	151
112	466	842	251	75	77	123	158
113	487	854	265	79	78	125	148
131	482	875	254	90	81	127	160
127	436	911	256	101	77	118	145
120	428	937	248	116	74	103	135
125	382	949	246	112	78	100	122
122	351	887	217	110	81	100	124
100	348	862	210	103	87	102	121
117	357	835	207	90	92	102	128
115	385	819	264	76	90	107	130
100	361	736	242	76	91	96	156
110	336	697	240	77	92	99	157
114	336	756	261	85	100	103	151
94	388	785	269	89	94	105	156
106	396	702	222	91	86	94	153
103	378	677	213	90	84	99	122
101	369	679	215	86	83	106	138
102	379	641	199	76	68	97	135
102	364	547	174	67	65	93	118
83	306	506	147	59	71	92	127
85	328	596	191	60	66	93	150
84	346	626	194	55	63	79	154
87	341	722	190	60	58	81	159
91	289	739	197	58	64	80	167
105	300	781	200	63	59	84	152
103	283	790	165	60	57	80	133
104	326	822	179	64	59	84	115
102	306	710	182	64	63	79	117
96	337	694	175	75	73	93	111
87	336	657	167	65	73	81	116
90	336	674	245	83	82	78	118
84	308	634	242	81	79	74	112
82	315	585	225	82	85	112	113
97	303	593	228	86	84	108	123
101	322	595	228	92	83	111	119
103	332	477	140	92	90	120	121
105	401	554	180	152	144	122	147
103	447	665	235	200	208	96	151
94	449	741	258	198	214	91	142
88	444	868	293	199	224	101	145
88	442	881	305	196	228	103	182
96	395	849	295	182	216	108	174
100	341	808	257	132	181	106	169
129	388	835	282	148	178	116	190
136	384	712	248	148	168	110	197
161	457	918	287	153	156	106	171
162	466	903	269	124	135	100	164
163	481	881	267	120	107	103	161
142	435	975	279	105	102	106	138
139	454	1014	297	113	115	105	138
112	389	844	252	120	139	107	150
128	353	874	253	121	138	110	161
137	403	916	286	119	134	119	185
141	470	715	243	120	135	121	192
145	504	661	217	119	137	126	189
141	570	759	230	112	130	127	178
124	564	848	255	128	134	135	180
125	536	831	222	128	134	122	198
121	496	948	287	135	135	128	210
119	448	1010	303	131	125	144	206
130	384	977	304	127	111	143	220
124	439	888	281	109	118	145	222
112	417	917	294	137	135	146	183
127	423	827	233	131	133	130	172
130	460	922	281	136	132	104	178
126	456	904	281	139	131	105	157
139	431	939	290	149	147	100	168
139	486	953	308	130	133	111	167
130	478	951	309	123	133	119	160
119	438	838	293	125	133	122	155
112	467	940	321	121	136	110	149
98	444	849	311	124	109	100	113
89	391	823	287	121	108	97	117
90	462	825	285	125	106	82	107
93	454	810	269	122	114	79	141
98	405	652	212	116	116	83	143
96	423	806	303	135	123	106	156
108	394	817	301	137	127	107	162
100	323	761	284	142	127	108	164
101	376	829	298	158	120	110	140
102	422	976	346	163	110	111	134
106	419	944	285	140	106	107	131
108	421	970	327	138	94	97	135
120	413	1014	342	124	88	112	162
123	377	967	332	107	87	116	157
119	311	851	302	103	94	115	156
116	289	823	309	110	80	101	152
113	335	796	274	139	84	107	142
107	334	851	299	157	101	105	116
106	357	896	278	155	101	101	115
101	431	936	312	175	97	100	124
97	443	959	311	176	104	115	126
87	426	897	305	159	108	119	122
79	415	840	277	149	91	106	127
74	451	807	294	325	88	102	128
71	402	800	250	380	88	105	118
82	438	739	236	469	97	96	120
79	452	845	240	578	86	78	124
75	471	819	245	696	85	89	106
80	434	768	226	635	88	92	102
89	408	772	229	621	107	139	109
86	360	808	220	561	101	148	95
90	329	705	212	453	99	155	102
89	308	692	181	232	100	152	113
85	273	687	195	222	96	153	131
75	299	572	172	142	76	111	129
75	339	529	172	112	66	98	134
78	349	523	163	73	65	89	134
81	350	519	160	71	85	92	138
83	365	531	151	91	83	100	124
90	363	599	179	96	78	99	125
94	368	613	194	101	84	98	123
86	391	623	198	125	108	106	124
83	403	686	222	138	95	101	116
81	389	762	214	147	97	91	110
78	427	740	216	145	100	94	104
68	380	689	200	152	118	121	102
67	331	708	205	138	109	124	90
68	337	693	205	133	119	125	85
69	424	583	208	117	121	125	86
71	399	675	209	125	125	136	91
69	410	691	224	123	115	118	83
70	426	646	222	117	108	113	91
69	419	622	214	110	94	112	91
60	330	665	229	110	94	111	90
54	328	560	250	101	90	101	99
51	357	543	243	91	80	101	120
56	389	572	237	93	80	101	115
57	362	533	239	99	86	109	114
62	382	486	224	93	90	116	122
65	403	466	171	91	95	121	115
67	442	538	162	90	95	113	105
65	435	523	161	93	96	110	109
69	438	548	145	109	96	108	118
68	442	580	129	108	91	107	116
65	428	554	157	112	98	103	112
62	364	516	161	122	92	117	112
62	332	503	181	154	92	121	111
55	327	477	185	142	88	118	107
57	343	467	211	147	93	126	115
58	316	505	198	140	86	121	117
60	295	542	217	130	87	122	114
61	359	596	223	92	90	115	109
69	358	588	219	93	96	111	130
64	302	536	220	113	93	104	137
62	289	519	226	138	86	103	142
61	299	474	203	147	83	82	142
66	223	467	209	142	74	97	166
70	230	475	214	134	73	123	165
76	338	468	186	110	71	126	147
85	397	513	172	86	78	122	145
90	403	448	185	96	79	133	145
93	414	373	155	107	98	125	133
85	433	374	144	129	98	102	125
79	410	426	160	131	99	103	126
75	374	404	210	170	89	99	125
74	359	449	230	165	90	92	133
64	385	476	228	158	71	92	118
66	412	603	270	150	62	93	100
71	398	601	289	175	68	83	111
72	383	574	267	155	81	98	109
70	392	586	239	160	95	110	104
77	362	647	252	167	93	108	118
83	305	542	221	186	94	109	129
77	245	539	192	182	86	114	124
77	232	531	169	166	85	105	128
71	229	509	234	154	81	104	124
65	202	502	234	152	88	107	123
58	199	540	238	136	94	112	117
66	215	558	275	107	97	109	130
63	216	587	291	118	93	112	138
62	215	617	293	153	89	114	151
