0	1	2	3	4	5	6	7
65	322	636	252	107	96	64	87
65	346	638	241	103	120	64	79
70	373	715	276	103	120	66	80
67	349	700	264	84	115	69	82
67	356	767	269	90	141	80	91
72	376	892	267	108	133	73	83
69	431	945	297	121	117	79	86
70	452	933	267	118	120	79	90
72	489	958	270	136	133	86	95
67	498	899	248	146	145	91	85
60	484	766	242	137	149	95	90
74	447	787	241	140	146	95	104
71	403	710	234	152	149	97	104
68	384	773	306	177	151	89	96
71	440	923	341	180	121	75	96
74	448	923	351	201	143	81	88
77	406	847	362	215	170	79	67
84	419	918	378	228	174	80	69
82	405	945	375	203	162	80	71
82	364	850	360	209	166	78	68
87	398	855	369	200	157	69	72
74	429	849	358	193	160	74	77
73	402	890	403	188	204	77	75
81	428	805	385	201	233	94	88
79	422	796	393	217	233	100	95
78	395	931	420	212	236	98	95
80	371	953	426	214	218	90	91
72	376	923	408	212	176	85	88
70	377	947	395	205	160	64	74
71	365	922	406	180	166	59	66
68	343	903	382	177	150	57	64
71	388	917	370	185	153	64	66
72	399	894	344	185	159	64	62
79	436	903	355	183	140	60	64
88	435	897	343	178	134	55	63
86	440	759	331	187	142	60	62
92	441	822	345	173	144	55	59
109	462	814	333	154	129	52	62
112	418	801	310	187	159	52	58
109	404	809	325	205	161	54	55
113	397	903	421	225	197	54	57
116	332	821	410	229	199	55	58
107	300	785	420	232	200	56	57
108	294	701	410	199	173	53	59
109	352	790	447	180	163	53	60
107	368	819	407	150	116	57	60
96	442	845	415	158	111	59	59
91	456	857	401	149	104	60	58
76	448	886	405	149	105	62	55
65	410	775	332	143	100	60	50
61	434	628	259	151	85	51	44
59	361	596	254	119	64	43	39
68	336	552	245	116	62	42	41
71	388	521	250	117	66	44	43
85	484	524	226	128	83	48	48
96	459	503	217	153	113	52	52
97	476	485	179	160	116	54	54
89	469	468	165	160	117	55	51
92	464	438	143	158	112	51	48
83	388	416	159	147	101	47	47
82	436	478	191	91	59	39	40
90	476	641	233	81	49	38	38
104	516	648	236	74	47	34	39
101	481	625	232	71	44	33	40
102	486	620	222	68	38	35	39
92	451	652	195	56	36	33	39
91	409	569	153	48	36	31	39
82	370	548	152	51	35	30	37
80	393	572	149	49	35	29	35
86	392	602	137	46	35	27	34
91	374	563	149	46	34	28	35
91	415	477	139	48	35	31	33
107	416	502	138	45	34	33	37
105	410	497	145	46	34	36	37
100	420	547	171	50	34	38	37
100	436	630	185	52	34	38	37
105	431	681	210	51	36	34	38
90	473	686	216	55	37	33	36
92	482	693	222	58	38	34	35
91	502	617	207	53	39	32	35
89	532	517	177	50	42	34	35
72	559	477	158	50	37	33	32
61	519	430	140	48	37	34	29
58	496	396	121	45	34	30	29
55	431	580	166	59	35	30	31
51	394	618	213	72	32	31	28
51	291	571	198	68	31	31	32
49	259	579	198	68	30	30	35
50	249	668	223	70	31	28	35
51	243	527	197	61	34	28	34
49	208	453	155	47	31	26	34
47	217	438	150	47	32	25	31
49	206	425	156	48	33	28	28
48	188	398	179	58	36	34	38
49	192	419	214	74	34	35	39
45	156	426	228	80	38	35	44
42	103	426	227	79	38	36	43
41	110	449	227	83	40	36	44
48	149	432	224	85	41	33	39
45	148	413	199	76	41	32	40
44	140	396	175	66	38	31	35
43	142	395	178	67	38	31	36
41	136	361	177	63	37	28	32
36	81	263	123	48	35	29	29
39	63	364	159	48	34	27	30
39	61	376	165	52	35	29	30
40	56	378	164	50	36	31	30
41	51	372	158	47	37	29	33
36	49	343	156	45	32	26	37
29	37	202	83	36	31	25	33
28	33	164	68	34	28	22	33
25	32	151	61	35	28	19	34
24	36	209	103	39	25	23	31
24	36	216	106	40	25	26	25
24	51	306	127	38	24	26	25
25	54	335	138	38	27	27	23
27	54	338	140	38	29	27	23
27	53	309	117	33	30	27	26
26	53	311	116	32	29	24	26
26	40	280	114	34	31	23	25
25	39	267	115	32	29	24	27
25	37	266	116	33	26	22	25
27	34	258	110	32	26	20	22
26	34	247	107	33	25	23	23
25	29	142	74	30	22	23	23
25	23	86	45	27	24	21	21
27	23	67	33	25	25	23	20
24	24	74	34	24	23	24	21
25	25	82	36	24	25	21	20
29	27	80	40	21	27	21	20
29	29	82	41	20	25	21	20
26	29	86	42	22	23	24	23
26	30	73	41	23	24	24	22
27	27	74	42	29	24	26	24
23	26	98	46	31	22	26	23
23	28	112	45	30	22	29	24
23	27	117	45	28	22	26	21
23	27	126	55	32	22	26	21
21	28	121	56	25	22	23	20
