0	1	2	3	4	5	6	7
85	101	569	213	95	93	121	236
109	98	481	213	103	90	128	231
109	98	546	269	129	83	129	250
113	101	529	274	139	96	146	193
130	91	500	261	159	102	141	214
153	90	622	276	177	108	147	218
142	90	657	280	179	108	145	228
186	83	648	240	169	113	136	219
180	101	725	235	157	103	102	231
250	123	742	259	141	113	112	211
256	125	710	240	124	113	104	258
288	136	702	253	118	116	121	265
264	137	634	244	129	116	144	272
299	130	546	264	141	134	145	267
240	123	655	287	160	132	146	255
250	139	600	283	158	128	149	216
216	127	566	278	168	131	162	204
216	130	620	302	167	140	138	204
184	132	686	290	163	128	142	213
183	128	683	261	136	125	134	222
143	102	667	248	128	145	141	226
142	104	673	230	108	143	110	225
152	99	697	195	88	133	117	220
153	91	745	243	83	123	115	211
178	101	659	225	78	117	123	194
184	104	650	230	81	102	116	178
182	108	676	246	93	124	133	170
179	113	644	252	86	137	129	159
157	108	514	181	73	143	134	146
120	96	532	200	79	150	139	168
124	99	569	218	85	138	138	165
118	95	545	205	74	119	120	168
114	84	522	195	81	121	134	204
113	91	549	210	83	118	139	241
128	83	635	209	81	103	128	244
118	86	606	188	70	106	122	255
117	89	582	177	71	104	125	258
114	89	679	196	65	85	122	236
111	92	676	189	82	116	113	206
84	94	662	193	95	115	109	192
70	86	645	189	175	148	109	175
67	103	637	183	185	151	101	172
138	141	716	290	201	157	107	174
156	164	720	296	199	147	116	167
158	165	651	279	216	174	135	174
164	172	726	278	182	166	156	189
183	162	779	292	204	170	159	184
140	139	761	175	190	165	146	173
123	112	764	162	186	155	137	172
128	113	788	179	165	139	120	188
121	111	864	201	144	120	97	176
96	120	831	186	133	117	92	169
87	118	671	172	246	128	106	201
85	125	698	186	264	164	120	204
99	137	716	243	283	163	135	188
101	147	555	234	288	161	131	194
105	147	653	280	285	171	134	269
124	153	731	286	203	161	123	273
129	148	760	278	202	155	106	280
119	142	734	222	200	145	95	283
127	126	729	215	212	194	106	293
120	118	649	151	209	219	114	231
119	127	648	195	206	227	130	199
113	122	589	194	191	216	127	185
109	116	547	218	215	250	142	197
97	112	536	213	207	238	133	189
96	119	605	240	194	216	129	182
70	121	603	246	196	213	113	179
69	148	639	253	215	213	130	180
69	163	614	229	213	204	137	149
67	199	713	270	212	187	151	160
71	209	720	269	212	174	159	180
73	207	675	235	230	175	154	175
72	195	608	215	208	167	149	174
65	180	710	254	163	130	125	180
67	153	695	242	149	113	106	147
69	169	624	222	151	115	90	118
83	294	702	272	124	102	96	127
87	303	747	291	124	104	81	121
95	311	728	275	118	110	87	156
92	313	697	256	151	126	95	157
88	308	688	254	161	127	90	153
76	198	690	220	150	125	83	147
74	198	638	202	148	118	81	143
76	186	557	180	148	108	64	109
91	184	551	192	132	130	112	164
93	176	669	208	120	127	124	176
88	171	570	176	117	129	126	178
94	159	619	197	119	131	132	206
89	160	650	206	110	137	141	213
91	164	693	197	81	112	129	198
90	155	643	182	73	111	144	204
97	172	780	206	77	118	163	220
87	173	772	192	72	112	159	210
86	180	761	196	89	124	158	196
64	173	716	204	88	114	137	173
67	179	682	217	84	110	120	173
63	167	547	205	82	102	111	247
72	211	569	214	84	104	108	239
100	223	704	239	59	81	102	243
104	227	874	312	74	75	109	246
100	221	902	317	88	95	123	257
99	215	1013	357	94	113	119	184
96	165	1059	368	98	119	127	191
77	138	1011	356	96	121	160	267
88	139	887	292	86	128	164	279
103	142	986	300	80	136	169	290
108	136	947	260	77	141	173	294
111	152	960	267	78	145	183	297
107	193	977	267	83	161	166	235
107	211	1027	275	88	174	175	244
97	225	944	256	80	164	165	249
93	220	887	255	75	148	157	266
88	210	783	215	69	146	150	272
84	230	816	222	62	124	141	266
74	218	715	203	55	102	123	242
85	297	784	225	57	90	114	208
83	311	842	229	56	87	113	170
87	336	957	264	61	80	115	149
91	311	919	251	65	88	114	165
101	328	971	259	69	92	115	233
101	272	955	283	76	93	124	258
101	264	981	294	79	90	120	274
101	242	925	315	84	92	121	285
111	250	975	356	91	97	124	274
101	251	1016	385	94	87	128	225
98	257	956	349	90	96	139	213
100	267	901	345	92	104	153	208
103	305	935	369	96	107	147	190
95	319	837	330	89	116	163	228
96	298	758	316	101	147	182	231
88	283	800	321	102	142	178	241
86	273	776	337	106	145	189	230
79	221	713	293	99	150	192	252
67	180	737	296	112	159	196	230
73	181	727	269	109	142	177	229
82	184	695	280	116	144	164	193
81	207	693	249	109	139	139	195
94	211	675	224	107	150	185	233
104	220	694	225	99	137	175	250
96	208	773	225	89	126	170	247
93	194	775	224	91	129	174	267
92	169	831	265	115	130	180	313
94	155	872	265	126	126	134	277
89	141	875	270	127	119	127	267
97	152	845	283	129	122	133	268
93	197	818	268	132	132	139	271
102	216	731	225	118	130	139	215
98	219	751	248	105	133	148	250
96	216	737	243	105	163	157	244
108	225	805	250	107	167	159	282
116	170	856	251	107	164	150	274
112	183	905	253	108	174	141	267
103	193	936	237	112	159	132	231
107	197	928	234	114	126	120	232
95	183	819	205	112	123	112	191
91	195	770	236	103	110	117	183
90	173	692	233	109	117	141	182
107	173	630	221	109	134	152	208
105	222	697	281	116	149	154	223
100	221	867	313	133	146	160	239
101	222	943	312	148	165	158	241
96	211	1019	338	147	158	138	243
87	216	1035	358	150	141	115	240
92	166	1002	348	148	135	114	219
94	182	883	355	138	133	115	210
89	197	828	372	167	142	117	210
92	201	788	384	184	142	127	230
77	212	809	377	198	145	132	203
70	216	855	366	196	139	129	198
60	219	868	344	190	137	125	181
60	200	876	316	150	101	114	180
68	206	949	320	151	86	100	149
79	199	952	367	181	89	91	169
86	202	923	398	195	80	89	163
89	223	933	413	224	80	78	169
88	239	946	432	246	84	81	167
81	263	943	435	248	82	86	184
86	263	952	409	223	90	104	172
99	276	936	388	235	160	146	191
118	266	1024	421	214	172	142	193
127	271	980	430	217	172	149	200
139	278	973	479	256	201	158	209
146	281	892	497	278	203	151	228
135	273	915	499	278	215	122	223
129	277	892	494	284	239	158	249
124	279	958	497	280	246	150	250
119	264	995	473	250	228	142	261
107	280	1016	470	223	226	147	250
104	281	975	444	199	175	143	248
145	266	885	414	195	132	117	220
146	264	863	373	182	161	123	232
148	304	767	322	155	166	129	210
145	283	773	279	141	173	123	196
169	288	851	351	145	171	117	224
143	305	831	354	132	169	105	236
152	307	766	348	107	135	100	214
169	266	809	330	91	137	89	218
192	263	803	326	83	126	79	229
239	271	811	242	61	124	73	216
241	245	803	211	56	132	73	197
233	221	811	219	56	131	76	195
253	212	795	241	64	136	82	178
240	224	810	227	60	128	86	171
177	203	797	234	61	128	96	166
160	201	797	237	63	134	106	202
159	209	832	228	66	156	129	210
102	202	917	252	67	137	125	219
87	190	885	279	75	134	126	225
81	170	795	263	75	133	119	221
91	167	871	310	84	117	120	212
95	166	864	331	85	75	92	199
81	173	774	310	98	129	104	191
102	175	874	329	129	183	125	225
221	188	985	362	137	202	137	231
241	207	1028	335	136	216	142	283
248	201	1012	331	145	250	147	291
252	180	951	310	144	246	144	289
250	195	911	273	129	232	140	261
157	239	905	254	126	232	160	286
121	231	795	243	128	229	151	213
108	236	767	217	118	210	148	228
140	241	807	213	106	201	150	255
138	223	784	250	94	178	148	260
140	164	682	232	97	191	151	233
139	149	737	250	84	193	160	262
140	149	893	340	95	182	166	266
104	148	941	377	100	176	159	257
94	142	863	343	97	191	170	252
95	154	978	377	95	165	157	307
115	219	933	371	100	155	151	315
123	238	908	327	104	167	156	295
128	247	843	298	101	161	166	301
143	242	903	306	104	147	167	337
159	276	858	286	99	141	154	284
158	279	943	341	107	140	167	245
151	272	863	318	96	119	154	245
156	341	901	314	92	113	150	222
218	358	929	312	82	114	132	158
216	354	936	323	85	117	136	147
214	341	917	250	73	122	124	156
232	346	970	248	68	121	176	238
249	271	1018	293	81	124	178	239
196	258	1042	307	96	128	174	245
231	243	977	274	92	124	177	253
245	214	949	274	86	116	174	255
231	199	971	323	85	115	124	212
220	236	895	270	88	167	128	202
217	247	873	259	75	161	140	198
178	223	875	259	86	171	133	237
157	228	871	273	92	173	128	247
168	237	811	224	93	172	131	225
180	244	862	250	79	124	131	234
195	309	938	280	82	122	118	272
201	336	973	280	67	99	125	238
200	333	981	289	66	84	130	238
221	317	954	279	69	87	143	290
203	292	958	278	72	79	133	299
191	221	889	245	70	78	135	259
177	185	831	242	87	104	130	249
172	183	800	218	87	129	163	242
129	182	890	258	99	140	165	216
127	170	834	244	97	136	159	196
127	135	791	241	102	161	187	211
148	132	821	232	87	151	186	253
147	144	914	258	85	143	179	279
158	154	835	221	66	130	174	259
157	152	870	225	73	149	190	297
149	161	889	235	63	128	169	295
126	155	955	260	66	131	176	264
125	132	859	229	69	121	148	227
103	123	906	240	85	133	153	222
90	109	822	223	76	114	132	199
81	96	792	209	77	103	125	211
95	105	815	231	77	91	107	212
93	131	807	232	79	90	119	230
104	137	768	215	80	111	135	247
99	137	782	219	86	138	168	265
103	137	792	219	86	141	164	247
88	130	713	162	89	149	181	251
98	109	757	187	90	146	180	263
85	94	800	230	79	128	166	291
86	111	791	236	86	118	144	281
80	114	874	254	90	116	146	293
96	118	871	282	96	138	162	285
83	111	816	269	99	144	158	265
93	106	746	229	95	139	151	257
98	94	871	279	96	126	160	235
100	110	819	299	101	138	199	262
86	111	852	290	101	119	185	311
96	121	904	288	102	119	186	322
96	125	1022	331	107	119	192	304
85	126	938	295	102	121	183	299
98	105	872	253	98	118	145	293
104	94	898	248	88	109	153	263
98	81	887	258	84	104	158	258
88	84	778	221	86	107	156	248
91	85	806	226	88	107	149	256
77	84	775	224	83	101	154	222
67	84	688	203	80	97	134	210
71	92	695	202	82	99	127	236
73	84	667	178	72	93	114	233
71	88	706	163	64	92	124	240
75	120	772	201	75	86	114	245
81	128	752	216	78	85	107	247
74	121	728	208	98	87	105	218
80	123	729	222	106	109	113	215
81	114	652	216	105	105	124	237
76	102	657	219	102	104	122	251
68	97	666	216	103	130	123	250
80	100	645	215	84	156	126	268
98	114	660	257	86	156	138	290
105	123	661	266	91	157	117	274
103	108	603	237	93	165	115	265
122	120	642	301	113	164	122	301
119	133	708	310	133	150	134	282
102	136	744	272	130	136	117	272
121	147	861	365	139	141	136	267
122	148	883	370	136	145	142	262
110	143	829	319	128	126	138	259
115	134	819	324	147	143	141	268
117	127	793	346	153	143	138	246
91	102	652	254	162	167	160	232
88	105	705	287	178	204	168	278
80	96	803	310	188	210	166	226
79	91	736	293	164	200	157	235
90	73	669	252	175	203	162	243
86	81	685	232	156	191	135	282
88	79	608	188	174	239	137	260
90	82	547	163	223	241	156	266
85	149	623	220	257	239	160	257
68	158	640	234	250	240	157	275
73	168	655	248	252	274	150	234
104	173	766	258	236	217	192	304
106	178	854	265	179	226	182	300
111	149	869	251	118	229	178	306
113	159	914	240	116	230	183	309
132	143	924	235	144	212	193	360
113	150	844	236	144	208	160	298
117	151	771	222	149	199	162	304
114	136	807	229	174	235	161	286
116	118	746	240	172	232	157	313
94	125	736	228	149	214	169	264
92	121	709	215	197	240	153	274
90	160	634	216	201	275	157	282
95	162	519	175	183	243	156	295
90	161	619	171	190	314	158	243
101	163	598	194	203	314	149	247
111	159	675	202	162	283	153	254
108	114	765	190	148	247	139	249
98	151	764	184	141	246	142	240
103	152	694	195	135	167	171	285
94	151	657	199	117	154	169	289
83	150	625	214	117	161	157	273
83	156	520	219	119	174	156	270
86	119	494	256	133	171	154	266
95	115	465	265	135	177	153	251
98	125	561	244	140	178	147	258
100	137	592	232	150	177	153	247
100	129	574	234	153	157	165	248
110	123	568	210	147	151	164	259
109	144	685	341	159	114	126	220
105	164	610	367	151	104	120	213
110	171	558	372	137	92	115	240
115	176	695	372	141	87	96	254
106	180	723	382	141	87	87	240
99	166	678	257	126	84	97	253
101	185	702	229	127	87	95	257
99	171	703	225	116	83	98	242
90	170	572	227	104	85	111	226
84	171	548	222	101	77	115	267
84	175	546	216	92	67	120	273
95	150	569	223	90	62	123	281
109	150	589	205	87	67	124	265
113	150	698	246	92	64	118	257
139	154	710	236	85	66	127	215
141	155	736	248	85	69	111	201
145	168	832	307	96	69	105	155
135	163	833	308	96	57	108	201
138	159	861	303	102	65	110	252
123	165	1020	412	124	66	110	253
152	197	1070	423	126	63	108	273
142	165	1073	389	119	98	126	348
145	211	1109	403	131	112	127	340
144	215	1085	398	137	107	129	337
142	224	1011	335	142	106	133	374
108	193	907	309	140	107	131	354
110	202	772	297	136	82	122	292
102	194	779	300	123	63	122	303
99	227	693	281	106	58	127	291
144	240	722	230	78	72	106	242
240	281	888	276	84	75	108	249
259	307	920	276	89	83	118	274
275	288	943	285	96	93	107	293
286	276	1009	313	97	95	93	278
362	285	999	309	92	88	107	298
408	350	946	305	87	89	121	303
423	377	977	341	84	82	118	274
430	391	884	313	75	70	126	249
441	399	889	297	71	78	130	281
385	416	1048	379	93	94	134	262
336	360	1109	394	103	93	129	290
401	363	1126	381	105	95	132	299
408	345	1152	385	113	116	143	278
436	336	1164	415	118	119	148	259
479	335	998	365	101	104	136	253
490	320	887	316	86	108	135	228
457	294	880	361	88	106	140	237
456	306	998	404	84	118	150	248
442	334	953	359	76	111	154	290
397	313	941	354	81	114	161	305
403	310	913	374	85	110	159	303
378	299	891	320	84	112	150	308
368	296	750	265	83	83	131	305
374	269	776	284	88	108	123	263
417	257	778	277	82	118	123	253
367	267	806	264	78	120	140	244
382	234	743	245	72	117	137	255
406	234	721	234	63	114	135	246
456	277	658	225	60	92	140	230
487	268	612	204	71	95	143	243
500	254	594	242	76	119	162	248
521	291	626	251	78	148	180	270
565	290	591	246	82	152	190	307
583	273	636	254	82	168	229	330
525	269	553	232	80	207	279	330
527	268	587	196	79	212	296	324
501	232	539	184	78	197	298	316
445	225	523	180	78	214	331	325
377	179	397	140	75	213	329	320
405	178	422	149	62	173	296	311
405	173	321	124	51	158	278	311
524	175	318	115	51	162	279	268
589	185	316	116	49	149	242	222
635	182	310	117	55	159	220	203
655	179	289	108	55	153	216	237
659	197	261	94	63	160	243	272
575	209	271	102	63	155	247	284
504	200	294	111	60	142	243	294
414	194	303	110	67	191	308	301
370	231	287	103	70	194	311	280
342	220	268	105	62	191	294	249
323	211	252	108	62	212	306	241
343	209	221	98	64	241	310	237
385	251	209	103	50	204	242	253
372	228	238	106	48	204	247	240
374	235	245	123	49	195	238	248
366	229	237	118	48	187	220	272
331	253	292	121	44	158	244	260
323	223	378	135	47	149	257	240
323	229	458	151	45	163	245	249
341	220	432	133	46	171	232	274
371	220	433	133	46	151	221	314
375	197	489	160	45	152	191	309
338	230	516	201	50	141	188	312
343	228	456	194	54	143	202	319
315	229	525	200	54	154	228	308
263	236	529	204	56	154	215	232
243	246	631	286	70	143	201	233
216	213	595	259	64	131	171	221
263	208	580	255	63	126	166	212
248	212	596	278	77	119	139	181
265	212	610	281	79	121	159	206
294	212	432	182	73	158	206	216
306	259	442	184	76	175	216	257
252	261	515	204	75	167	209	253
349	285	433	166	64	170	246	289
342	284	440	160	58	168	234	289
319	292	528	223	65	144	207	300
308	249	512	215	67	137	211	267
354	235	467	210	70	145	252	302
274	195	533	217	69	130	209	287
270	242	585	227	72	129	229	289
271	212	592	189	62	116	225	275
287	213	623	196	58	102	211	277
207	206	637	192	54	87	164	228
183	197	633	197	54	84	154	195
197	118	657	200	53	86	123	178
205	146	611	188	55	89	114	206
330	168	602	193	60	122	134	206
489	210	741	275	71	124	134	220
523	240	727	271	69	124	154	231
658	253	662	260	70	172	199	245
682	247	637	250	67	179	202	208
654	248	690	268	66	164	209	201
551	233	594	216	55	157	200	189
558	212	579	209	56	158	206	187
486	191	560	203	52	112	165	164
523	178	610	217	63	103	157	157
532	184	608	225	73	100	142	146
541	176	551	196	75	106	158	143
515	192	520	193	74	107	139	135
431	195	663	268	88	99	137	121
332	214	670	263	84	104	150	141
248	206	577	228	74	100	140	169
221	194	553	221	72	106	120	216
192	165	619	246	75	105	128	218
181	205	557	203	63	105	135	226
186	220	508	203	59	94	120	243
193	197	508	196	57	103	140	231
192	220	655	293	83	127	159	221
203	240	665	297	91	126	148	212
174	205	604	271	91	129	145	211
173	166	587	264	97	156	201	222
166	179	740	337	104	152	195	312
140	240	629	264	84	119	174	291
138	225	558	239	76	118	177	312
139	242	655	265	84	113	177	325
148	245	712	301	82	71	110	307
152	241	586	227	72	79	110	241
154	160	584	221	74	99	148	262
129	162	610	221	73	98	162	244
138	145	683	224	65	101	167	226
119	158	652	181	72	109	189	262
107	167	630	182	83	137	197	237
105	158	723	231	96	159	196	216
106	156	783	249	110	175	207	238
108	209	640	235	109	186	220	243
111	222	721	273	106	184	205	188
110	214	792	271	100	166	200	199
133	234	781	255	87	135	182	223
131	253	857	306	80	118	170	229
112	215	959	300	79	104	151	226
103	196	913	266	76	106	152	228
111	198	924	270	79	129	154	249
86	183	912	271	82	130	156	259
81	168	839	217	78	125	143	253
86	197	746	211	82	167	146	256
87	221	738	216	78	167	155	285
72	229	720	232	75	146	165	270
58	231	702	218	73	145	171	234
66	242	671	205	71	153	166	219
81	227	761	267	74	106	171	246
89	218	781	267	72	103	165	247
90	203	750	247	71	97	141	251
95	272	727	240	69	96	142	255
90	269	751	242	66	95	144	259
82	273	775	205	59	91	145	248
80	263	790	213	60	107	155	215
109	266	876	254	63	112	181	226
107	210	876	258	71	136	192	224
106	201	917	281	70	127	192	212
105	193	872	274	72	131	184	197
100	200	1010	331	82	115	164	206
71	238	926	315	85	121	139	172
78	253	969	316	80	94	104	194
75	265	908	291	78	98	127	196
71	264	865	289	87	102	120	187
72	255	682	225	76	108	132	182
78	220	773	230	73	98	127	233
76	207	693	224	74	103	136	206
84	204	672	217	73	116	129	213
105	200	716	256	75	115	169	261
112	224	784	339	102	128	188	265
105	254	734	330	99	127	185	213
103	236	754	332	98	122	176	225
102	232	819	346	107	138	175	221
86	232	842	311	96	134	190	172
92	230	773	241	72	120	174	193
111	213	829	245	74	121	173	200
111	229	894	245	69	121	174	190
127	292	888	262	64	101	179	189
129	290	816	266	70	101	124	179
123	290	853	261	70	107	122	134
107	296	907	319	76	109	124	129
116	286	828	321	85	128	152	154
106	245	874	303	81	124	142	158
100	325	977	307	80	123	145	176
100	330	961	297	84	121	139	179
105	314	893	263	89	124	153	174
105	322	1027	284	88	126	135	168
101	315	1003	310	92	132	120	167
106	256	1031	345	93	128	115	142
99	241	1012	343	91	124	111	146
95	257	991	317	91	143	120	145
91	254	884	307	86	125	120	125
86	242	871	284	84	119	142	117
81	218	813	241	83	121	148	122
92	249	942	340	97	122	158	142
101	242	931	350	96	98	137	156
102	264	1012	387	105	121	143	187
101	250	994	392	106	123	122	179
105	277	970	386	104	138	115	175
94	279	894	327	98	147	114	153
86	282	932	345	98	156	121	144
84	259	1053	326	106	146	105	100
83	273	1042	315	104	140	102	106
74	245	1021	332	110	124	105	128
81	206	1044	306	102	113	87	129
85	236	1002	268	96	94	76	134
85	303	855	247	76	83	75	136
88	313	860	242	75	86	85	140
92	336	947	246	76	106	106	123
95	337	969	255	76	115	110	125
92	314	1026	285	79	117	114	114
84	247	1044	277	79	128	120	120
100	226	1061	290	85	145	127	126
103	202	1079	316	83	134	108	144
111	204	1029	337	96	136	137	150
115	211	1063	356	104	139	136	153
115	223	1029	355	107	139	128	144
111	227	1013	350	103	116	117	138
112	264	935	313	100	114	115	129
106	260	938	279	88	100	80	122
105	255	866	218	80	116	95	123
104	267	847	221	75	105	97	142
102	298	857	223	74	105	97	148
106	356	890	249	89	110	106	146
98	368	891	290	95	119	100	144
89	366	900	305	103	109	102	140
94	370	839	296	104	107	103	123
84	351	890	308	103	106	109	125
71	274	869	298	95	96	97	127
78	259	835	263	89	84	102	132
95	250	833	253	74	65	79	131
102	270	895	276	77	89	113	129
111	260	871	272	79	87	107	111
111	241	895	257	81	121	114	91
123	253	891	249	84	142	114	93
117	263	845	246	85	144	115	97
121	226	811	207	86	170	93	106
117	245	752	191	85	182	109	117
120	273	687	208	79	165	106	117
120	299	728	222	74	158	108	126
115	312	729	212	75	195	113	122
102	292	708	210	77	224	129	140
104	280	704	236	76	226	127	145
110	264	820	216	75	226	129	157
91	225	790	219	76	220	123	154
89	210	748	214	79	208	133	167
95	225	728	214	72	140	108	154
95	218	832	196	68	121	96	152
84	360	633	181	67	123	101	144
84	433	607	162	66	127	105	147
101	447	603	163	71	110	98	143
100	455	672	197	84	119	98	139
91	487	688	220	92	117	95	128
99	450	719	228	92	115	89	134
104	408	739	235	92	132	113	120
124	406	772	239	84	127	111	116
153	461	901	243	66	114	111	118
160	451	856	202	61	124	116	125
153	401	851	195	67	126	122	112
164	384	865	204	68	110	106	111
144	380	959	248	72	125	125	104
110	319	800	215	75	130	131	100
108	304	702	211	72	123	132	96
138	296	680	218	70	120	133	106
118	277	624	200	65	109	127	105
114	292	572	153	69	101	119	109
119	274	557	152	65	106	119	120
130	294	638	169	64	108	122	126
104	304	734	204	62	108	117	127
109	323	738	205	64	114	120	138
108	290	693	203	56	103	106	155
108	286	774	235	73	101	100	147
84	315	737	227	73	102	88	145
74	289	679	190	68	100	76	136
87	264	818	216	72	95	75	133
103	344	896	261	75	83	72	141
119	341	839	242	64	83	84	159
132	299	892	240	64	74	85	171
135	345	960	244	67	72	89	171
126	389	888	222	63	75	99	165
116	353	807	175	59	81	102	147
95	357	804	182	76	81	97	131
75	336	849	212	78	82	97	112
71	306	813	218	77	93	115	111
97	276	893	255	82	93	103	129
93	236	858	244	82	89	110	139
92	234	854	234	64	83	119	136
106	278	808	224	61	93	130	142
109	283	836	223	63	85	122	144
83	250	795	206	67	78	122	140
94	250	806	213	73	87	114	124
99	277	851	220	82	85	109	142
86	260	869	241	92	94	126	148
85	239	860	234	92	100	128	178
86	275	775	208	86	109	156	186
71	306	865	224	83	102	159	210
83	300	889	255	81	107	160	199
83	284	920	248	76	90	137	192
89	291	887	260	81	88	129	177
101	283	895	281	87	107	145	210
109	267	815	278	88	115	152	204
96	273	736	252	93	119	145	200
96	273	581	220	88	124	150	203
96	272	591	239	87	133	158	209
89	273	549	239	81	117	130	171
97	255	568	244	83	110	113	149
95	217	541	230	81	107	111	165
101	218	646	250	85	114	116	162
94	195	589	240	101	99	101	141
88	160	595	218	104	92	76	142
75	154	589	208	104	90	78	152
76	144	645	247	102	84	82	146
67	111	588	237	116	68	72	141
70	108	641	227	105	71	70	143
74	119	705	231	102	73	97	151
68	158	698	222	100	67	95	137
66	166	718	194	107	65	92	126
66	185	750	262	125	60	86	163
64	185	719	276	137	75	86	173
66	183	804	296	144	76	61	161
68	147	892	337	144	79	75	178
74	174	862	336	138	77	82	192
128	154	839	304	107	75	101	251
146	163	896	288	103	51	102	275
144	158	816	258	93	48	106	281
153	158	769	228	103	54	100	281
164	119	829	225	106	51	94	276
131	117	893	220	103	51	72	215
112	142	881	245	97	52	69	181
129	143	965	275	95	49	55	176
125	149	1020	293	86	43	54	217
114	156	1081	392	91	68	68	211
113	158	1099	395	93	74	76	211
111	132	1088	384	79	72	80	215
89	121	1099	387	83	76	78	224
86	113	1033	354	80	77	79	190
97	99	921	248	62	66	72	204
94	94	799	216	61	69	74	217
116	84	829	216	63	70	77	235
129	88	662	170	58	67	79	236
133	80	578	169	63	65	87	233
130	115	615	168	69	55	81	219
157	144	717	178	69	49	86	235
180	145	596	151	68	50	83	221
180	147	670	159	69	74	117	216
195	152	763	200	65	76	114	217
239	145	741	211	61	77	122	231
237	123	705	220	59	75	118	205
217	123	842	251	61	76	119	194
258	123	881	269	58	52	86	195
264	118	838	243	61	56	83	186
229	114	871	239	60	57	75	178
289	123	872	240	63	57	78	175
301	124	825	220	64	55	76	175
274	118	781	194	62	55	81	191
277	117	766	192	59	47	77	213
336	121	725	171	58	42	78	213
282	137	661	159	53	39	74	224
277	137	615	150	45	37	71	281
370	166	565	160	48	34	66	286
356	174	566	160	45	33	68	317
305	160	541	175	46	36	75	330
462	143	534	165	45	43	78	317
486	146	515	178	50	45	85	275
467	143	482	182	51	48	84	263
490	142	507	206	58	49	84	213
497	147	468	183	55	47	76	271
360	140	453	196	57	40	69	299
363	167	399	176	54	40	63	308
309	168	424	157	49	36	68	318
328	198	352	126	46	37	76	375
312	197	344	125	47	36	78	319
336	206	356	125	51	44	89	351
305	182	348	118	50	53	103	352
389	178	275	111	50	54	102	339
399	155	236	103	48	54	94	270
409	156	262	100	47	57	104	302
407	143	230	75	42	53	99	251
446	141	220	78	46	51	90	252
394	125	198	83	51	56	98	315
353	109	190	77	48	56	102	321
377	108	143	78	47	55	110	318
387	119	111	60	48	57	141	339
345	120	102	61	50	56	145	341
331	108	90	55	48	56	172	297
351	113	88	59	54	60	186	306
343	127	91	63	58	64	191	317
306	121	91	63	58	67	173	315
344	119	86	60	56	65	171	345
415	138	82	60	54	63	162	352
392	138	80	56	55	60	154	349
376	122	66	50	50	53	149	328
396	120	64	48	48	51	162	336
383	124	64	46	46	47	166	294
352	108	65	43	47	46	143	271
373	94	57	42	42	45	130	257
430	119	62	42	43	72	157	271
431	128	58	44	42	74	152	231
433	123	56	43	44	91	174	227
378	127	54	41	41	90	174	219
366	143	62	42	40	92	179	210
343	129	62	42	39	76	145	173
352	138	68	37	38	70	128	226
335	137	70	37	38	55	109	218
367	133	76	41	39	56	115	229
361	126	89	41	41	56	106	228
322	127	94	44	51	66	102	228
318	112	100	47	57	71	109	164
375	117	112	53	76	101	84	218
363	118	117	59	127	120	75	213
411	118	122	75	164	148	73	224
397	113	120	78	168	146	81	240
379	113	123	87	170	148	78	227
383	108	112	85	203	146	80	201
406	120	129	82	182	138	100	195
350	113	121	70	156	113	105	205
353	116	125	73	150	113	100	180
397	105	114	62	155	123	109	182
363	112	112	61	103	118	127	151
345	120	139	68	98	115	113	147
362	120	267	136	100	113	108	115
456	120	277	141	100	113	140	152
441	123	288	145	93	111	135	178
401	130	300	149	88	98	112	172
380	115	280	145	79	105	111	168
362	116	160	90	76	143	112	165
277	127	137	74	75	150	64	124
371	136	118	65	67	139	58	83
376	122	111	62	72	146	61	71
395	117	105	67	88	146	59	69
423	112	104	63	78	109	59	71
403	99	382	181	93	104	68	70
300	99	566	266	102	104	85	92
300	101	618	274	96	89	87	94
284	102	690	302	102	109	98	102
246	101	711	311	103	112	105	154
237	91	629	275	99	152	108	167
202	91	544	278	101	153	96	180
347	117	532	293	110	160	103	216
362	113	466	274	94	143	116	258
360	121	495	276	91	136	115	254
441	129	544	288	87	87	131	263
442	120	489	225	75	97	131	260
389	102	441	193	58	103	145	280
371	108	477	191	63	120	137	250
374	110	494	212	72	130	143	245
320	122	464	182	63	127	133	236
327	124	535	169	62	123	146	263
255	147	577	244	74	114	129	216
277	167	571	251	72	101	138	256
267	166	654	270	73	115	164	267
214	166	676	285	76	127	180	287
191	169	622	282	79	128	170	263
212	148	721	249	82	134	181	294
322	126	738	268	93	131	178	270
330	136	738	271	95	113	156	243
339	123	740	278	103	107	145	235
343	141	810	290	104	109	147	246
330	139	759	302	98	108	155	221
198	139	835	293	91	105	147	227
194	134	748	251	82	104	165	268
161	144	777	307	86	111	180	255
154	127	762	311	88	101	177	241
155	141	779	292	87	91	163	241
138	150	725	294	95	90	162	232
107	143	726	299	112	100	149	188
94	139	721	222	106	109	149	199
91	138	705	215	110	121	151	225
107	150	657	212	118	123	159	252
112	173	601	200	120	135	180	258
117	196	632	197	107	134	194	300
122	219	665	205	107	125	169	291
128	224	650	195	104	121	171	318
113	215	629	186	95	120	162	291
131	194	709	195	85	108	164	305
144	244	757	206	83	106	147	291
142	245	687	211	86	97	163	315
142	240	726	223	86	92	171	278
140	235	771	236	90	105	185	285
116	251	732	216	84	106	167	253
103	194	767	213	91	100	161	263
99	165	759	192	80	99	150	233
84	187	689	175	76	103	139	237
78	210	718	182	69	82	118	229
73	197	765	202	71	86	148	262
73	213	730	199	68	82	149	286
85	230	747	209	75	100	171	309
88	222	821	212	80	131	191	300
100	239	762	208	85	137	209	307
110	274	761	185	81	137	215	371
107	254	730	167	77	147	227	332
112	245	770	170	78	147	222	340
114	244	815	178	72	119	208	340
112	219	863	178	72	123	193	350
114	179	841	204	77	124	170	264
116	179	836	214	80	119	166	286
102	176	792	205	69	108	154	257
97	183	689	203	71	106	147	253
102	234	669	179	62	100	143	237
96	293	637	157	60	105	152	304
103	291	599	144	52	106	151	295
102	308	750	164	56	101	150	298
121	329	882	218	65	116	172	317
112	308	918	252	72	121	181	313
112	249	938	252	72	119	170	244
110	283	997	283	80	115	154	215
114	276	893	280	84	118	149	200
116	260	791	247	87	110	134	245
122	259	800	231	87	106	132	242
116	261	826	228	86	114	130	261
107	256	866	210	81	125	150	267
107	264	902	217	80	123	151	271
85	261	893	206	65	128	165	197
75	283	960	222	67	130	159	220
80	287	945	228	70	121	163	203
93	285	848	219	70	104	146	224
109	282	855	211	69	104	167	252
113	266	913	220	77	102	154	254
113	227	749	181	74	105	155	239
111	212	797	194	75	99	143	230
99	204	798	195	74	108	154	210
84	203	802	202	75	110	146	188
81	287	777	214	71	101	149	221
88	310	875	256	71	89	147	215
86	361	838	282	73	87	153	219
91	356	908	288	71	84	148	220
97	354	1012	342	84	94	136	204
90	330	987	338	82	133	144	167
99	413	914	336	77	140	142	162
117	411	972	327	72	146	150	156
121	413	951	330	77	144	146	142
123	426	832	263	62	137	159	210
130	411	907	254	70	122	144	218
120	349	920	234	76	118	142	221
117	339	840	238	80	110	131	242
111	372	815	229	85	125	149	254
100	371	852	247	92	125	130	201
101	367	754	243	86	116	153	222
99	375	763	232	83	122	157	236
103	346	716	195	80	119	157	206
110	344	763	218	72	104	133	207
123	348	666	203	64	109	152	238
122	364	817	208	59	99	127	218
132	363	826	219	59	84	133	214
114	382	811	216	54	94	126	228
115	364	746	184	59	108	129	236
103	350	747	181	59	108	112	214
101	334	648	183	62	109	141	224
92	289	580	169	58	117	135	215
94	268	686	171	61	117	142	206
91	255	790	246	68	100	136	182
90	230	799	241	65	95	134	183
109	218	743	229	74	124	134	179
115	218	751	226	74	127	131	192
124	225	739	238	75	124	129	186
124	223	651	183	75	129	131	217
137	242	645	180	73	128	133	217
119	240	658	199	61	102	107	213
109	233	647	196	61	88	112	223
108	227	561	175	55	84	109	220
108	239	646	204	59	84	110	196
92	268	631	206	58	83	112	185
93	293	733	206	73	95	112	203
95	298	721	204	75	102	129	187
87	286	733	201	81	123	149	195
81	262	691	167	70	116	148	190
72	225	703	165	70	116	151	199
72	199	613	158	57	115	156	178
68	184	660	175	60	120	143	173
68	186	660	179	54	105	134	183
67	198	641	160	52	107	141	187
86	196	627	171	61	131	146	178
91	197	636	173	59	123	137	167
91	204	702	193	58	112	136	168
93	213	775	197	60	108	125	179
106	294	810	232	80	122	118	174
96	298	901	260	82	96	102	175
90	296	867	248	83	103	118	234
92	305	845	245	78	119	136	234
94	333	792	252	79	122	140	227
96	276	885	276	84	126	154	232
92	268	842	258	79	122	150	252
91	290	870	281	82	119	133	208
90	277	827	268	84	102	111	202
89	241	820	269	82	95	105	188
73	263	669	222	62	74	88	190
81	266	669	212	63	85	129	174
81	251	688	196	61	77	128	151
96	293	771	216	62	78	126	167
90	286	830	209	67	106	141	171
89	279	837	201	63	117	155	178
82	277	860	199	68	126	147	175
97	295	863	229	75	129	151	187
95	308	915	226	77	130	152	190
91	308	917	232	81	116	143	188
100	344	897	247	94	138	150	194
102	352	890	264	91	125	126	186
87	339	896	248	88	120	118	182
81	317	788	237	85	124	126	189
85	349	724	239	81	120	133	185
74	286	814	236	75	84	116	158
80	314	789	232	74	82	118	164
90	327	761	223	71	85	123	160
94	305	742	212	76	94	124	130
92	271	782	209	75	107	157	136
91	262	691	214	71	102	159	133
81	204	629	192	77	102	156	128
67	151	571	184	85	106	156	123
52	178	586	196	82	91	146	144
73	360	619	242	89	75	105	198
73	388	598	222	86	69	91	222
80	403	665	228	79	71	100	233
92	419	754	246	74	73	99	261
100	404	891	255	83	90	128	260
87	276	818	199	78	105	128	233
92	249	855	206	82	118	139	215
95	228	838	209	85	119	147	211
92	243	792	186	84	114	157	178
96	261	622	161	72	111	154	175
92	241	643	178	69	100	150	180
88	234	712	207	72	100	153	180
80	287	755	221	74	107	160	179
74	254	807	234	74	108	160	199
78	251	840	262	78	104	148	211
81	276	899	251	77	103	150	194
86	294	862	232	70	91	134	209
84	253	827	219	62	77	107	217
80	280	867	228	59	79	104	233
67	267	828	208	59	78	104	214
87	307	792	211	60	71	104	226
98	310	781	206	55	67	113	253
98	313	826	195	59	72	124	254
103	335	699	161	58	65	125	231
102	357	884	218	69	63	131	230
92	304	861	227	69	83	169	241
90	343	829	230	72	93	180	212
98	336	805	266	75	102	185	199
99	296	964	331	92	112	184	201
99	279	837	296	86	113	177	204
94	299	906	299	88	101	133	197
82	284	924	304	88	100	143	192
91	317	1013	297	93	104	152	210
100	416	911	247	83	94	158	222
99	437	919	251	81	88	162	225
105	451	909	262	78	84	164	216
106	429	911	271	83	83	155	230
94	411	851	269	76	69	137	207
96	311	878	259	72	79	132	201
100	282	911	268	76	90	148	204
96	229	941	271	77	95	156	208
108	224	1026	354	100	101	171	278
111	266	1074	362	100	105	181	288
113	270	1055	374	103	100	178	290
114	263	1047	381	109	112	167	315
127	281	1023	393	113	108	179	319
114	278	1042	327	98	101	163	262
111	226	1006	346	101	91	149	265
114	210	994	341	98	96	155	252
110	222	946	344	91	70	144	218
120	209	967	417	106	87	163	217
132	202	952	422	107	98	152	193
138	216	878	409	108	102	155	214
132	299	1002	460	120	96	145	211
140	285	1101	465	119	101	161	238
121	304	1062	390	106	95	145	235
107	313	1002	383	99	86	146	235
96	303	1055	374	93	89	149	237
97	232	965	311	81	103	189	259
102	246	858	341	92	99	193	256
99	210	824	333	88	96	174	240
102	204	797	314	89	105	168	251
102	202	778	308	90	99	164	225
90	257	716	293	87	84	120	214
68	258	878	244	72	89	95	174
69	267	867	243	76	94	100	173
78	334	931	264	78	86	116	163
83	332	964	244	74	86	113	156
91	284	1026	267	73	90	110	148
104	273	945	319	103	96	117	157
105	298	1006	325	100	89	123	170
106	257	1153	379	129	102	119	207
108	268	1103	388	129	111	147	243
114	275	1041	370	129	122	156	263
102	296	1036	314	109	116	178	292
104	294	1001	314	115	118	172	314
94	265	759	256	83	105	170	309
89	277	730	238	81	95	155	282
74	274	870	250	84	89	164	261
83	287	931	304	85	96	145	252
94	261	995	306	75	95	146	253
99	266	981	285	68	86	146	232
105	254	1078	316	82	93	145	231
104	248	1080	337	79	94	145	230
95	203	1023	281	71	86	151	214
83	193	1054	294	85	93	153	173
79	186	1036	294	88	106	170	176
69	218	1012	293	89	107	169	179
65	229	957	285	95	102	153	194
78	234	924	283	97	103	135	182
88	241	844	251	95	106	138	182
89	237	842	253	95	102	117	210
93	202	791	237	91	97	109	215
91	277	756	215	96	99	113	227
88	269	785	248	98	107	127	230
77	273	726	246	93	103	115	238
81	267	801	239	90	96	120	249
98	297	775	216	81	94	126	258
102	217	753	213	75	88	133	238
103	244	711	187	70	73	120	236
106	248	766	202	65	62	124	232
110	289	694	201	71	63	121	186
95	258	655	195	81	79	113	176
90	262	743	262	90	77	99	181
85	257	786	257	90	77	102	185
85	262	742	255	93	78	95	203
71	218	720	264	91	82	100	233
77	234	717	270	88	68	110	245
85	242	620	214	69	73	114	237
89	267	587	219	85	96	143	244
83	273	558	208	88	94	147	222
81	269	656	201	84	90	154	222
76	263	648	208	80	92	149	197
74	282	604	185	80	94	150	208
67	245	520	161	60	79	144	210
68	232	635	204	59	91	145	203
72	250	636	218	70	89	132	159
74	310	771	252	82	99	136	177
84	284	792	262	79	102	145	201
86	289	867	272	80	99	129	188
84	337	786	233	76	103	124	198
87	327	708	207	65	111	143	235
91	289	549	160	62	122	169	242
82	310	547	147	63	116	157	230
86	339	456	134	62	119	168	257
94	296	493	143	58	110	176	271
93	289	466	141	61	119	167	258
92	288	447	120	51	97	134	270
87	282	440	124	54	100	144	272
84	236	487	129	59	95	129	241
79	267	445	135	60	93	117	229
78	281	449	135	58	79	109	222
68	273	540	179	67	76	109	181
71	264	551	178	83	88	111	144
70	260	469	164	88	109	125	191
82	211	483	154	93	124	133	236
79	237	513	170	93	117	128	236
78	202	444	149	96	128	139	246
77	183	393	151	83	119	142	254
73	224	380	149	77	102	126	230
58	236	300	143	67	81	117	179
61	213	221	123	67	86	126	158
64	222	136	98	53	75	137	138
64	243	100	91	51	81	137	123
84	208	308	114	55	88	152	149
88	203	459	160	69	93	154	139
97	234	486	175	73	93	167	176
110	235	587	197	80	92	170	244
115	252	638	218	80	80	161	260
111	310	596	220	86	77	166	269
113	316	510	203	81	97	183	273
107	309	498	199	84	119	189	261
95	341	460	206	83	119	175	211
91	365	444	194	87	123	171	206
79	329	425	184	83	140	176	199
68	328	407	172	87	142	177	234
72	346	473	233	103	122	152	235
72	330	397	219	110	122	163	240
79	301	418	228	108	119	179	262
86	312	467	236	108	101	160	230
91	304	473	241	109	77	141	224
86	334	411	187	88	79	149	222
102	348	528	192	75	73	141	227
108	344	490	167	75	76	133	203
106	320	459	156	69	70	131	232
105	332	482	147	68	81	138	217
112	304	611	211	78	83	133	208
101	282	531	198	82	86	130	212
87	291	536	209	78	83	115	198
82	304	517	207	80	83	116	187
97	300	517	214	75	72	109	168
102	329	555	186	73	68	109	188
99	336	580	183	67	66	101	157
101	336	578	174	66	68	109	175
119	336	659	197	67	73	115	165
106	358	664	207	64	74	118	187
108	325	541	172	58	82	132	204
106	318	519	166	56	81	134	213
114	316	587	199	60	81	128	226
111	342	588	200	59	72	122	231
118	313	627	179	61	84	144	216
105	266	628	197	59	96	172	204
107	303	719	222	61	99	180	192
110	340	746	226	71	102	186	172
95	327	786	219	73	104	191	156
86	323	841	225	71	93	171	174
81	375	842	230	70	79	145	167
78	340	827	226	71	77	131	171
80	378	805	211	62	70	129	174
84	371	767	220	65	74	144	173
84	383	702	231	65	78	142	148
91	355	723	216	70	82	136	120
109	405	860	344	96	91	143	123
98	385	883	342	98	101	143	112
104	399	994	343	97	95	111	118
104	404	1143	413	109	99	116	124
103	435	1211	421	107	90	104	128
98	389	1098	314	82	85	111	123
103	380	1154	345	82	106	139	138
96	414	1063	342	82	112	144	131
97	475	973	286	67	115	149	128
104	456	971	294	68	121	148	126
91	469	995	300	74	117	143	124
98	431	912	271	70	90	106	94
96	375	969	285	76	109	114	114
96	289	940	244	72	96	106	114
85	261	868	217	70	92	108	118
93	264	966	226	79	138	139	128
86	325	1002	238	86	171	172	126
101	367	1011	224	86	176	186	137
100	421	1053	247	93	189	192	137
101	454	1067	263	98	196	212	133
100	448	1122	275	89	174	194	141
105	458	1155	253	81	146	175	175
97	421	1101	247	76	125	154	157
97	396	1078	248	70	115	142	157
105	380	1102	245	63	105	107	156
108	442	926	241	66	92	95	139
115	446	1029	301	79	107	90	103
113	502	1073	306	91	135	134	125
116	491	1078	303	92	134	137	134
109	508	1072	332	99	137	148	141
105	474	1127	332	100	141	150	143
89	438	1021	286	96	144	162	139
104	388	1012	279	83	119	130	114
100	380	979	276	81	114	129	110
99	380	967	240	74	115	165	108
100	355	894	219	70	124	173	107
107	375	808	218	77	144	169	128
89	377	755	225	81	146	177	136
92	369	685	201	82	150	192	144
97	359	680	194	88	159	157	149
95	369	726	187	86	153	147	165
93	321	758	187	77	118	139	150
105	341	776	171	70	109	124	167
103	333	867	191	69	104	94	162
106	289	872	189	63	100	102	159
105	386	872	213	63	98	128	137
98	424	1019	242	63	99	119	135
89	414	983	252	75	119	121	104
94	445	993	261	74	120	123	110
87	445	931	249	65	109	129	108
84	338	884	230	70	117	114	119
83	339	724	202	71	115	116	123
90	349	756	192	66	107	109	118
106	308	645	156	64	104	111	125
107	303	652	159	67	113	114	179
107	328	716	194	68	109	119	175
105	275	608	169	60	110	124	175
97	252	592	173	55	105	134	190
77	256	574	176	67	110	134	188
74	269	697	197	74	107	125	151
76	246	612	164	67	100	118	162
78	251	626	170	70	103	114	185
79	234	632	165	69	100	115	184
76	229	645	170	56	96	133	181
78	214	494	150	47	85	134	186
89	228	540	163	54	85	130	182
88	233	716	179	60	105	172	167
94	279	722	178	65	123	190	221
96	315	706	167	68	125	182	240
106	324	723	172	70	126	177	242
108	349	800	187	75	138	186	260
111	394	646	167	75	130	154	252
108	359	594	162	74	119	140	197
120	357	581	159	79	126	141	182
111	354	545	147	78	132	147	169
103	330	343	105	72	120	136	143
100	275	435	123	66	112	146	147
100	282	480	153	68	112	143	157
83	259	607	188	61	98	132	158
90	257	726	232	68	89	123	221
81	229	754	233	65	92	130	229
104	206	685	223	67	91	119	248
106	216	639	205	66	83	106	243
105	215	535	182	67	91	112	241
102	198	435	122	72	96	111	212
108	257	503	138	77	98	107	208
93	309	520	138	73	96	101	186
89	301	517	136	73	99	104	182
84	284	549	136	73	90	98	173
88	333	572	151	59	80	100	152
78	304	504	137	56	72	98	152
70	263	512	139	57	72	93	176
68	251	539	138	63	74	87	173
74	255	540	138	63	85	106	181
64	200	518	132	62	82	105	164
76	200	516	126	60	88	128	162
79	295	544	146	62	90	146	149
80	303	567	161	61	87	148	158
82	294	645	167	59	78	137	149
84	303	625	157	60	85	143	157
83	318	684	177	63	77	125	171
93	249	755	217	65	72	105	164
92	275	745	218	57	66	101	157
92	295	641	208	62	95	123	166
106	294	684	238	66	94	118	156
102	294	700	234	65	91	112	125
90	355	592	185	62	93	117	111
97	343	590	175	62	99	121	111
91	348	593	179	56	92	106	111
75	343	567	141	55	101	107	134
82	317	466	131	61	112	109	138
79	269	484	138	69	124	107	149
77	260	606	185	74	119	104	162
86	263	638	191	77	107	104	173
85	275	619	193	78	106	100	172
76	278	599	185	91	120	110	170
77	260	678	198	92	106	111	168
71	309	557	160	87	105	113	177
61	321	552	147	88	109	114	167
68	369	513	143	100	128	111	170
68	366	551	160	111	120	105	176
78	351	431	141	112	137	109	172
90	384	445	124	116	141	113	159
105	366	406	121	121	142	106	171
104	306	408	124	115	129	113	151
108	338	487	116	93	126	124	179
100	336	480	108	94	110	112	211
88	280	440	106	118	150	119	222
82	272	487	120	126	154	140	293
98	287	496	116	130	148	150	306
95	284	502	107	131	148	144	300
108	307	557	145	171	179	156	296
112	286	617	171	177	199	163	288
105	301	671	174	176	200	165	207
85	288	709	181	182	212	153	195
99	263	741	211	181	208	158	225
90	265	726	195	155	192	167	234
90	256	713	181	142	139	158	239
84	256	653	179	141	132	144	233
87	316	706	183	132	115	155	246
78	328	761	215	136	134	143	228
77	316	751	224	120	135	128	221
76	341	774	228	136	172	118	210
86	329	767	233	144	191	125	207
97	271	680	232	141	207	126	204
104	419	509	180	138	206	140	233
102	423	504	164	138	201	134	216
99	425	412	156	111	189	154	214
94	426	416	162	104	175	144	225
84	425	486	161	104	170	130	214
62	279	481	155	104	174	138	163
69	282	521	159	101	179	160	201
77	260	571	177	127	175	153	206
77	292	630	183	140	194	150	192
80	321	617	200	167	198	158	206
87	314	618	213	169	186	162	287
81	310	612	206	175	188	141	267
84	324	606	199	160	179	135	266
91	421	547	194	141	152	141	268
83	442	528	173	111	144	168	264
75	443	518	168	105	151	152	172
83	467	490	177	100	140	177	193
73	477	556	192	107	167	197	201
76	409	555	183	100	176	193	234
98	362	525	179	96	162	178	257
100	389	587	213	96	153	174	249
94	358	735	265	142	188	145	223
105	354	681	254	166	177	122	219
101	306	699	269	168	180	141	201
93	329	765	297	164	181	121	156
98	321	720	281	166	183	131	161
99	366	625	246	133	147	138	169
105	332	656	249	92	121	125	172
101	355	626	230	93	99	103	166
96	344	557	214	101	107	109	175
94	367	569	197	100	107	100	178
97	326	563	186	92	107	101	164
104	350	579	240	103	121	116	162
110	360	601	247	110	120	117	154
108	354	669	235	112	120	129	165
107	300	743	260	109	117	135	179
109	289	820	284	106	114	134	207
101	313	782	238	87	99	136	210
98	279	796	241	74	96	146	235
95	266	731	232	66	94	147	230
100	301	651	201	66	91	138	249
165	312	520	184	63	83	141	261
158	254	499	178	61	74	129	252
163	254	463	155	59	80	118	256
168	276	507	180	62	96	123	256
173	249	549	194	67	107	156	259
118	222	676	204	69	110	181	259
140	244	687	212	72	119	186	270
142	245	703	216	70	113	187	241
178	250	693	195	59	93	189	254
191	255	767	205	59	89	176	257
194	306	719	190	57	94	139	237
233	316	722	182	60	100	140	253
239	372	712	178	62	115	154	251
211	381	725	180	66	112	135	232
219	374	627	164	67	122	123	235
258	346	512	132	68	137	138	226
221	332	514	126	65	144	148	229
217	280	503	139	64	135	139	241
265	287	443	136	68	155	156	324
268	308	503	170	62	150	186	362
241	307	584	176	55	131	181	376
315	294	539	172	51	131	176	363
346	284	561	163	54	142	185	357
391	267	617	174	47	117	176	302
389	229	546	128	46	109	149	224
388	208	517	153	54	112	155	219
343	226	517	167	63	135	163	231
330	251	555	179	72	146	163	239
262	241	501	164	74	172	211	257
286	258	601	200	79	179	217	262
285	275	622	189	77	182	218	256
276	270	649	203	76	161	208	256
263	236	593	197	72	157	220	284
249	217	589	202	71	145	184	253
228	203	481	164	67	154	197	244
266	196	528	187	75	170	204	254
285	222	499	168	70	163	203	264
282	253	484	166	71	171	180	255
271	262	482	157	68	168	176	260
252	279	572	201	69	154	165	267
209	283	525	184	61	135	152	248
171	262	544	178	67	144	158	218
199	235	553	181	61	150	171	180
212	233	678	212	64	140	166	166
224	289	659	194	65	153	191	164
221	320	590	178	69	167	192	178
272	338	590	179	73	181	186	177
244	334	567	169	70	160	173	187
232	332	483	148	69	163	170	186
320	278	400	115	66	153	141	170
316	255	542	187	66	153	140	146
276	238	584	196	55	133	143	150
367	269	599	203	76	204	184	231
369	286	694	248	92	212	179	234
289	290	756	268	94	207	165	226
291	277	699	232	89	201	173	232
316	255	694	224	94	206	179	229
238	300	758	253	81	132	152	265
250	309	630	210	60	115	149	267
302	313	541	185	64	130	156	276
325	329	505	172	67	168	176	301
297	331	643	284	75	160	164	308
274	297	598	259	75	156	146	213
259	313	786	312	83	157	154	217
188	321	821	322	81	144	146	218
147	303	922	352	83	86	110	230
136	363	821	277	71	75	116	241
177	438	900	293	70	69	119	244
180	434	761	232	70	87	135	239
185	432	745	222	66	92	141	235
194	481	701	195	62	83	132	193
201	459	700	187	65	103	144	167
167	370	569	152	68	131	180	171
159	377	683	208	81	145	194	179
156	388	760	222	82	145	194	167
149	325	741	246	85	146	193	159
167	321	791	258	83	140	187	215
164	332	838	264	93	179	191	223
178	290	748	246	80	179	170	222
197	256	686	235	80	176	161	224
192	322	654	199	77	178	161	236
173	308	688	195	81	197	205	249
195	339	729	201	66	144	172	242
185	372	783	182	63	119	160	226
169	373	774	186	63	121	170	227
190	341	830	199	67	145	189	225
193	351	777	183	62	127	156	183
165	313	757	198	69	139	159	170
161	272	759	194	71	148	163	204
149	313	802	191	71	148	155	210
134	292	725	175	65	124	133	199
161	320	801	187	70	109	123	199
165	317	762	173	73	111	124	234
165	321	719	175	72	102	127	222
169	371	670	175	79	110	138	220
150	385	762	184	80	105	134	236
99	415	643	177	76	114	134	221
100	437	611	161	70	104	130	197
101	508	659	199	69	101	126	194
90	446	678	208	67	88	111	194
91	477	618	207	63	91	119	205
114	425	668	209	65	94	135	200
160	411	821	228	62	83	126	191
159	326	791	201	65	91	128	181
167	341	848	211	61	94	132	174
170	263	826	199	65	105	130	149
161	280	857	203	63	103	118	183
125	287	822	215	75	113	128	212
138	347	815	203	68	103	123	225
139	384	782	204	69	109	135	266
141	436	842	218	66	108	154	264
140	452	842	228	64	108	152	253
137	488	792	235	55	94	144	240
133	507	861	247	55	95	145	240
133	472	912	247	56	87	132	206
128	431	900	263	64	92	122	198
134	411	894	258	63	90	123	181
125	364	931	257	65	94	124	175
114	324	882	261	74	100	123	153
105	343	897	309	77	103	130	166
102	339	902	303	71	88	114	167
99	373	956	375	86	74	96	195
98	357	920	360	83	79	102	192
95	305	988	367	84	99	123	227
95	300	955	314	81	118	142	219
91	300	1042	349	86	125	147	229
84	250	1107	373	91	128	141	207
88	296	1115	381	93	152	153	205
84	336	1076	371	92	160	151	192
84	320	1034	369	90	150	129	193
91	372	990	345	86	144	126	196
94	370	843	227	65	144	131	207
90	350	828	210	58	117	111	217
95	328	800	211	58	94	107	199
92	320	834	240	65	102	116	191
89	279	824	212	70	116	133	175
93	274	918	268	96	132	144	168
90	293	978	268	96	136	155	225
90	269	1003	258	92	132	147	229
91	270	1011	245	90	129	168	232
91	236	997	244	86	118	156	259
76	261	882	169	62	96	149	266
76	254	819	175	64	90	135	203
82	254	865	194	68	117	173	213
83	326	862	191	74	135	158	209
91	335	829	201	81	168	184	183
95	316	842	215	81	177	205	203
105	304	869	223	82	183	215	227
103	375	816	204	80	191	188	219
108	335	785	197	71	176	187	226
99	332	813	192	66	147	169	229
97	329	828	182	64	138	149	199
85	331	820	199	72	148	167	180
76	257	754	197	73	124	164	176
72	248	758	190	75	126	155	169
72	262	710	183	74	129	154	195
80	273	706	203	78	131	150	202
79	269	702	188	70	114	112	188
82	268	707	194	73	105	113	179
74	285	682	219	75	98	138	190
77	292	696	220	81	99	131	163
69	272	725	211	82	103	142	158
90	251	764	231	88	169	197	166
91	349	863	258	103	170	200	200
94	337	889	248	102	185	198	196
101	326	910	252	99	198	215	203
111	367	858	246	98	192	214	233
95	386	855	221	92	136	166	232
102	298	808	219	76	136	163	208
107	366	819	222	72	122	173	205
101	368	832	231	74	100	150	211
94	349	931	283	76	108	156	191
105	410	957	276	76	108	157	198
104	432	955	259	73	116	150	196
102	397	939	270	81	111	115	181
102	433	873	259	74	100	113	165
100	511	853	233	76	119	98	134
91	465	975	322	79	128	93	128
86	460	974	314	79	121	122	153
92	439	1033	326	77	119	130	157
93	422	1068	341	85	124	134	158
102	343	1102	339	80	102	129	174
109	341	931	266	74	87	137	197
115	359	931	265	70	91	154	210
111	380	906	256	70	99	157	212
109	397	885	255	62	98	161	205
105	382	800	252	67	108	163	208
110	407	842	275	74	114	163	186
97	383	833	288	76	107	143	151
89	357	822	271	69	103	137	143
88	327	915	271	70	98	134	149
81	306	976	290	75	96	137	127
65	271	961	264	76	116	137	120
67	304	1036	263	85	132	129	118
70	307	1016	267	90	131	129	133
67	338	928	249	88	144	143	145
79	364	913	252	91	150	146	158
75	354	920	256	92	146	149	154
89	309	895	256	92	146	152	152
101	321	900	251	91	149	151	146
106	275	1069	293	94	138	133	128
98	261	983	257	82	131	126	118
102	252	972	253	78	133	140	125
95	268	974	250	72	119	133	129
84	349	983	248	70	115	126	125
81	371	964	202	68	118	126	121
82	383	994	194	74	117	133	122
81	397	967	180	69	104	126	121
80	397	959	202	67	99	122	116
74	323	902	204	69	98	121	114
75	289	800	198	67	112	128	140
82	259	856	209	71	119	120	144
82	273	917	226	71	115	106	150
82	259	866	210	75	129	113	147
84	229	866	195	72	138	160	178
86	245	850	191	70	125	157	160
76	287	794	185	68	114	153	148
71	278	772	174	69	112	152	153
68	269	855	217	68	104	179	154
68	311	907	216	69	101	150	123
69	304	875	235	82	134	160	121
80	268	853	235	78	155	178	133
84	237	777	231	81	177	200	155
83	245	702	185	83	177	173	154
91	186	692	202	86	179	166	150
87	177	708	186	74	159	155	156
75	168	758	188	75	135	141	153
70	171	739	181	77	140	147	121
69	158	716	172	77	145	148	126
67	206	761	172	74	135	144	132
79	225	748	177	74	133	154	141
82	223	798	195	73	141	168	141
87	260	868	214	70	135	162	153
93	295	880	222	63	134	164	160
94	303	935	240	63	142	182	178
81	298	942	243	65	141	178	170
87	364	879	219	63	149	167	171
97	345	839	213	64	146	147	167
113	321	873	227	74	150	155	186
112	308	759	199	72	146	163	171
115	294	778	196	71	156	161	171
112	277	804	205	71	171	180	168
109	357	811	203	67	159	178	165
90	390	721	179	60	169	186	131
88	378	706	173	67	178	185	161
90	383	731	189	76	174	180	196
92	347	683	188	79	146	156	208
81	293	678	181	82	146	158	203
77	259	698	175	77	116	141	205
86	260	727	184	75	125	148	195
90	265	739	173	68	131	155	165
83	246	745	175	67	133	153	153
85	212	734	188	67	125	144	206
91	195	890	218	68	136	146	229
86	218	885	221	68	121	124	213
80	224	772	206	69	116	133	218
80	251	776	205	75	119	143	225
89	280	859	215	73	124	152	222
83	284	757	196	76	116	147	193
76	301	704	180	71	109	138	201
80	289	805	208	73	101	126	187
89	265	778	206	63	98	119	173
83	230	665	180	62	100	124	127
81	231	706	161	54	99	136	159
93	179	762	169	53	88	135	151
97	191	658	129	53	100	138	184
88	243	686	132	56	104	139	189
92	241	696	139	77	135	166	204
108	251	560	139	82	141	166	192
97	250	484	134	83	143	169	197
89	288	565	156	77	146	176	186
106	305	537	151	78	161	194	203
111	311	594	158	58	141	167	190
100	310	648	169	59	135	168	203
104	311	639	168	88	178	209	243
109	283	611	164	87	173	208	240
94	250	619	226	95	159	199	232
84	240	625	300	131	152	203	225
83	241	604	315	142	164	204	229
84	247	611	326	154	139	174	262
80	243	616	350	196	136	167	266
93	230	643	368	206	136	167	263
90	249	636	317	269	175	172	279
95	239	605	304	307	208	171	311
92	240	668	326	311	208	177	254
87	232	645	331	302	233	185	242
80	260	643	318	311	246	175	260
85	233	583	322	306	237	191	272
80	239	590	324	284	205	187	233
82	237	540	319	277	211	179	236
86	234	547	289	273	183	183	250
90	176	640	316	287	179	190	241
88	178	661	335	242	177	178	219
88	158	641	331	256	199	178	207
85	154	646	356	335	198	181	209
96	149	636	399	354	207	167	207
85	159	564	387	346	239	178	194
79	164	598	375	348	250	181	186
82	163	671	394	332	294	218	189
82	150	672	377	258	292	215	200
77	142	683	350	225	297	219	181
77	124	670	409	229	272	227	191
83	125	627	417	226	269	210	194
75	124	569	428	222	245	185	187
71	133	563	413	214	240	187	167
59	127	567	425	209	251	180	184
58	146	547	322	252	255	159	177
61	143	563	348	365	245	191	232
64	138	562	325	363	248	210	247
72	134	546	317	370	307	206	242
79	159	635	334	377	304	218	238
80	146	586	333	353	299	240	238
77	143	579	279	282	302	222	176
77	153	623	279	291	282	194	161
69	159	614	292	292	237	215	167
65	139	547	228	317	234	240	191
77	138	543	242	339	320	218	226
79	137	631	272	305	326	224	221
86	125	607	263	307	327	238	212
90	120	663	259	299	316	240	228
98	112	622	274	278	309	221	259
96	125	668	295	261	257	214	240
102	125	646	272	243	247	198	242
96	134	654	268	224	252	207	256
99	130	605	281	220	252	183	266
103	126	630	293	208	275	164	237
102	114	612	275	178	231	169	228
92	119	571	302	179	230	176	228
89	160	535	298	185	210	141	212
101	170	538	282	181	196	141	198
91	172	499	255	195	165	177	193
83	174	516	244	200	184	180	191
88	191	512	205	206	166	176	207
93	166	540	208	194	149	176	237
78	152	529	211	202	205	195	224
73	151	525	201	182	208	165	206
74	160	518	298	163	190	155	203
72	139	458	306	150	200	157	220
68	129	416	311	152	207	205	190
64	136	440	314	169	223	186	187
66	146	510	371	190	263	189	174
68	141	483	300	174	266	186	175
69	150	472	304	188	270	203	127
66	173	465	296	195	274	203	160
70	185	531	297	167	224	206	172
72	181	455	244	132	159	211	192
77	179	468	241	158	179	211	196
76	179	537	250	169	257	249	196
73	158	571	275	162	259	214	166
75	166	582	312	161	256	210	186
77	178	655	299	159	256	201	177
75	171	647	296	133	253	210	169
80	163	594	281	101	160	134	190
87	160	567	266	102	140	116	192
84	163	570	212	125	160	121	173
75	149	482	201	136	169	116	157
73	153	477	223	139	148	121	158
64	149	482	228	141	153	139	132
60	157	465	217	135	166	146	156
61	121	312	195	111	157	161	179
63	135	379	210	101	151	165	180
61	148	420	200	93	149	151	182
57	154	427	190	98	141	143	178
57	141	425	205	120	163	163	152
60	145	422	233	141	166	140	108
62	126	371	225	150	160	130	115
69	109	332	216	152	156	126	117
86	135	325	209	137	201	181	188
86	152	339	209	122	178	163	198
85	153	331	192	97	172	161	205
85	161	306	182	95	183	196	230
81	196	329	184	113	192	213	235
61	198	325	194	111	143	170	190
56	190	364	189	109	133	167	185
57	186	400	182	110	148	183	210
68	185	416	197	97	161	177	205
67	163	383	178	80	172	170	207
67	145	409	182	82	173	167	211
73	141	362	179	79	175	169	226
66	184	325	175	79	155	157	202
62	212	459	201	83	128	120	189
63	201	452	202	76	104	114	180
70	195	456	199	77	143	138	178
66	205	454	193	74	148	137	204
69	180	536	221	107	159	160	199
69	149	492	236	135	185	169	190
76	165	493	241	136	184	164	190
77	167	468	237	144	161	166	188
77	157	552	259	157	157	166	160
85	180	560	292	149	162	145	161
83	204	539	334	127	131	135	166
80	194	554	345	159	133	144	177
78	197	589	354	228	192	135	181
85	212	636	350	227	202	134	154
85	204	660	307	224	197	126	149
79	179	655	229	229	199	125	147
96	210	758	277	217	199	127	169
100	266	797	263	141	148	114	176
101	271	799	258	152	127	116	185
93	257	803	288	175	115	113	183
95	262	850	310	185	120	134	221
80	252	842	319	183	126	124	191
76	193	789	363	185	126	161	177
72	179	739	390	184	133	161	189
74	183	744	422	184	131	179	196
73	170	757	412	179	130	164	158
69	147	689	361	183	146	171	173
