0	1	2	3	4	5	6	7
88	104	571	267	95	135	134	200
81	99	604	274	95	155	139	202
82	108	619	261	98	178	154	222
81	113	631	248	100	193	157	223
103	122	631	283	114	200	152	206
128	134	748	267	116	197	154	218
133	132	715	260	114	200	163	228
129	113	661	232	113	205	160	239
128	117	778	270	110	203	153	253
113	118	778	240	96	192	166	268
121	105	662	232	100	205	161	234
174	113	682	244	104	191	146	244
199	114	730	271	105	169	153	242
199	106	593	257	102	181	162	237
200	97	565	237	111	185	148	227
178	95	604	241	117	178	144	232
135	91	534	231	114	180	144	222
100	92	558	265	111	183	133	209
101	84	587	258	116	143	116	202
101	87	625	256	112	147	131	210
109	101	679	253	104	145	132	247
97	95	708	251	110	156	136	257
105	97	647	211	123	149	129	271
117	105	631	214	128	155	139	280
114	115	698	230	127	151	141	289
110	114	642	238	126	146	133	264
107	125	609	227	117	138	139	254
231	131	638	201	109	144	139	229
239	128	714	249	98	154	127	221
245	122	596	228	91	163	117	201
254	121	568	215	98	162	133	210
254	128	654	265	120	166	129	207
173	126	653	298	114	153	135	213
208	154	604	262	108	152	163	229
222	181	719	302	118	149	164	246
222	181	729	306	108	168	166	233
226	177	737	282	97	164	169	228
234	190	778	393	124	187	184	273
203	183	848	414	159	186	173	270
183	160	823	404	157	185	173	257
181	164	896	424	159	181	161	248
179	162	870	429	158	180	166	244
147	158	842	327	143	165	145	199
129	168	775	295	109	179	130	184
127	175	769	288	107	192	141	196
111	178	765	284	128	210	190	220
165	177	802	296	139	209	181	238
171	171	908	325	140	215	195	237
203	159	924	328	140	210	209	270
277	148	898	319	137	221	213	297
313	146	816	295	115	191	174	289
295	147	788	293	104	207	178	275
292	137	665	227	94	195	161	289
273	124	632	232	104	219	153	266
209	117	694	246	101	208	133	234
163	113	719	249	109	228	133	234
196	105	661	211	98	220	146	248
200	109	640	225	100	263	172	237
212	112	660	218	84	232	162	216
201	110	587	197	79	210	156	208
199	113	554	182	65	202	151	205
153	119	580	180	69	206	144	216
137	115	526	171	70	169	138	204
111	109	520	170	79	177	147	205
126	128	524	184	84	180	144	200
122	121	593	220	85	172	150	197
126	116	602	219	85	172	143	180
122	150	617	217	79	147	118	186
218	173	571	227	74	141	113	197
217	170	521	210	109	132	123	213
218	168	418	171	128	136	130	211
222	169	365	180	129	143	140	199
255	144	408	192	132	165	144	198
184	134	407	176	139	180	143	196
183	129	426	174	116	209	159	188
174	136	533	200	95	201	152	195
191	146	560	205	88	184	136	198
232	152	562	193	84	165	135	183
229	138	533	177	74	192	171	208
226	130	566	194	71	171	171	214
239	129	601	210	88	174	168	222
218	126	758	222	97	190	171	224
138	113	734	221	115	246	199	252
138	110	745	218	109	210	171	221
226	122	876	248	104	205	164	209
215	130	853	222	93	227	178	193
223	130	770	215	93	222	199	201
216	126	766	208	76	183	172	199
215	129	806	215	82	192	167	200
119	141	781	219	94	208	187	205
121	142	762	226	88	183	174	200
108	136	704	206	87	187	165	205
99	143	721	232	92	179	196	193
99	146	713	252	104	177	206	200
94	134	584	217	101	164	188	184
88	139	719	230	105	164	192	214
93	175	863	295	103	146	194	224
98	183	915	308	96	141	169	208
100	191	934	293	83	144	177	206
104	190	964	294	76	135	197	212
107	188	875	288	79	144	206	179
97	160	755	241	77	146	204	157
96	177	816	237	88	151	210	172
93	188	877	275	89	145	205	199
82	201	926	301	95	145	180	224
82	216	988	309	97	142	180	226
90	215	985	301	94	140	173	249
86	195	998	290	83	120	160	233
86	192	929	262	89	112	144	216
86	193	871	235	82	115	157	210
79	174	820	218	78	116	147	224
78	169	829	214	79	111	131	221
103	187	856	275	99	113	139	230
108	210	870	283	96	118	147	223
110	191	854	290	104	117	129	202
111	184	875	311	120	110	130	207
108	187	929	335	120	108	137	170
86	189	859	297	107	109	123	175
89	173	863	300	121	107	107	183
87	176	892	289	117	100	106	176
105	179	869	306	111	88	90	164
103	183	895	282	114	94	110	159
101	276	864	286	122	95	117	146
94	269	950	283	124	121	148	139
92	277	951	282	120	130	157	155
80	276	1015	271	112	140	161	152
74	276	924	268	112	134	142	172
77	178	932	247	101	134	139	177
92	203	888	305	78	120	117	174
92	198	870	326	82	117	111	171
93	202	801	325	84	106	104	161
97	193	869	360	105	124	128	223
104	183	905	378	109	123	127	251
89	141	850	343	109	119	124	251
109	140	822	319	107	110	122	277
103	243	857	310	103	122	124	298
114	254	955	316	85	110	96	262
104	250	899	291	76	115	118	236
109	246	1032	309	82	119	120	252
87	242	1087	315	80	122	123	220
103	139	1049	306	80	125	130	212
160	123	969	303	80	119	142	220
175	116	981	317	83	107	126	217
186	114	806	271	71	94	137	213
200	111	717	271	72	111	159	228
215	112	659	261	76	109	157	232
208	105	631	230	77	121	151	244
216	107	611	238	79	150	166	243
212	106	600	243	86	207	266	236
223	105	701	258	93	225	286	231
201	84	709	263	86	224	296	213
179	86	608	238	81	227	302	179
189	95	548	196	76	240	310	223
233	104	586	211	72	195	228	228
267	126	578	200	70	168	224	230
294	138	616	220	76	177	221	239
295	148	744	237	76	164	211	233
282	159	829	268	78	124	206	189
262	158	840	285	77	117	210	186
266	156	798	277	70	106	168	219
283	151	826	273	63	82	182	240
290	150	767	307	69	92	194	246
295	134	676	294	68	101	195	257
285	128	654	262	65	122	218	265
262	116	625	261	67	139	224	227
314	136	621	270	73	150	216	215
309	126	586	260	74	162	254	239
311	131	607	260	75	166	276	236
319	134	634	265	78	177	329	248
317	135	728	344	80	228	364	282
305	122	761	359	86	238	373	306
327	124	750	325	80	239	348	302
318	118	728	326	77	234	324	293
326	127	670	322	73	230	267	285
352	117	610	245	66	198	276	272
328	130	570	235	67	189	270	258
333	155	552	233	65	183	277	255
378	171	536	221	64	182	275	270
416	164	603	243	72	198	274	287
425	175	526	227	73	184	225	286
411	165	545	244	74	177	206	271
405	168	553	247	77	225	226	277
414	171	598	264	85	240	245	312
367	177	584	250	79	230	255	287
316	184	657	294	80	234	263	288
301	188	631	277	77	245	285	284
339	187	682	301	75	202	280	270
300	170	668	294	71	188	268	214
302	170	684	296	74	178	243	224
344	171	647	273	75	171	226	197
337	155	561	236	76	179	229	196
280	136	611	230	75	173	210	184
323	156	592	224	72	196	246	215
314	165	548	213	72	211	268	191
261	159	566	206	71	227	296	195
276	184	609	221	77	272	328	185
274	192	519	218	81	284	337	183
189	175	578	238	80	276	315	153
183	176	578	253	100	319	328	170
181	167	554	270	108	329	327	162
154	152	649	319	110	284	278	170
229	151	634	305	108	269	268	178
234	174	653	318	111	264	262	171
239	166	690	322	97	228	251	174
256	178	659	294	87	204	243	190
282	179	604	236	73	192	236	186
236	195	638	248	74	193	229	183
235	175	552	204	72	189	259	181
239	167	472	170	66	143	230	190
319	159	488	180	78	178	239	193
297	203	536	200	80	186	246	185
332	206	479	178	80	186	249	193
340	210	488	178	78	186	226	228
332	209	489	181	77	181	229	242
251	220	509	184	68	139	183	247
292	174	352	150	64	154	186	257
323	163	409	156	65	179	206	315
325	164	473	248	70	190	205	289
370	166	563	270	79	194	197	301
434	144	632	314	87	193	211	308
430	177	672	370	101	175	233	307
386	165	645	373	97	160	225	263
399	186	726	350	98	150	218	301
413	196	676	336	90	150	227	276
368	206	595	290	80	151	223	262
353	190	689	237	70	163	195	254
361	191	681	228	70	162	179	256
364	177	559	177	67	149	168	209
300	170	550	165	67	147	185	196
283	170	534	158	65	149	210	255
297	188	329	108	58	142	216	272
262	215	459	143	59	160	234	262
228	210	438	148	71	213	266	281
247	260	420	144	69	217	252	298
235	256	431	152	67	214	239	257
200	247	532	223	81	253	254	245
212	252	552	222	81	242	239	234
215	278	560	220	69	199	210	229
217	253	588	231	68	196	211	202
232	269	661	271	69	188	199	192
265	282	617	251	66	139	213	210
260	261	633	245	65	128	203	200
251	233	679	279	77	164	207	192
301	218	680	279	79	157	201	210
295	192	648	249	84	157	191	219
282	183	643	226	78	176	164	207
323	183	605	228	82	207	198	215
373	210	571	190	76	197	199	217
333	225	606	200	83	216	213	218
332	267	671	274	85	224	239	191
325	265	646	269	81	224	226	192
355	287	594	264	77	204	215	238
299	319	564	262	75	211	211	230
322	326	618	273	74	214	224	320
311	344	608	211	75	216	200	341
317	364	766	313	85	207	200	343
225	347	746	308	92	232	237	335
227	338	786	307	90	217	251	361
196	329	819	352	93	196	225	278
295	287	763	345	92	216	236	296
329	290	677	258	83	216	251	329
337	309	791	363	87	183	209	306
336	303	779	375	90	181	187	311
346	333	641	314	80	186	208	346
295	331	610	303	70	145	197	322
243	353	641	365	85	120	188	319
246	340	513	283	86	140	224	318
258	357	506	277	84	135	226	296
246	441	625	326	98	138	217	257
223	487	715	363	107	136	224	285
233	460	644	308	95	143	239	266
268	461	719	314	88	148	216	259
275	450	787	345	120	158	209	242
256	361	738	317	114	154	209	326
289	314	682	281	106	163	202	317
274	337	716	306	106	172	169	323
245	353	637	283	109	194	182	333
228	358	674	295	94	204	197	339
231	352	689	298	97	201	191	266
180	336	688	304	100	201	200	264
181	312	706	266	120	240	238	257
163	325	813	317	128	208	228	274
148	327	718	266	114	197	232	300
139	340	722	257	109	195	228	304
133	378	711	247	109	191	247	303
130	366	646	252	91	118	207	276
117	327	614	182	78	132	204	280
131	304	739	214	81	122	196	319
131	343	756	197	84	134	206	328
133	334	796	203	81	134	175	320
130	336	800	196	76	135	182	328
138	369	778	195	70	128	172	314
133	388	663	160	61	127	171	271
122	331	758	229	70	127	182	285
119	291	843	284	81	131	192	283
117	297	868	296	85	131	185	283
101	281	856	303	82	115	176	287
90	266	896	331	89	114	174	263
94	316	916	312	87	101	149	225
90	338	955	320	84	96	135	223
93	355	1039	327	84	99	143	208
97	396	1048	333	89	101	145	205
101	429	1105	344	88	107	136	208
106	423	997	326	84	135	161	204
102	459	916	267	76	132	165	202
107	508	1003	369	93	133	156	208
117	518	1057	410	100	145	161	206
123	526	1015	405	107	161	187	215
111	511	1130	443	109	146	179	207
116	483	1122	452	110	145	171	199
111	441	999	369	102	154	183	232
105	426	965	323	94	170	198	217
101	382	969	303	80	165	177	209
102	402	913	281	73	159	167	225
97	421	868	262	73	205	218	245
93	411	848	299	78	218	245	218
87	376	825	295	71	202	231	221
111	453	959	353	85	193	237	245
134	423	911	331	89	210	284	283
141	409	1025	357	86	167	249	266
142	388	1004	330	75	165	233	289
146	384	996	324	90	212	265	328
128	273	830	278	89	215	264	324
113	273	841	275	85	197	218	287
116	272	706	246	93	207	223	294
125	356	834	370	117	217	214	268
122	377	820	386	114	169	172	209
125	381	979	424	112	174	170	181
131	414	1070	438	117	181	160	168
130	400	1076	446	117	171	159	162
139	328	1023	347	96	139	167	177
138	321	1132	359	88	146	169	207
143	326	1010	278	80	145	163	211
137	314	932	282	81	148	196	222
129	367	949	268	74	191	200	223
116	366	1042	293	76	186	189	216
117	353	924	272	78	186	192	201
110	356	1012	338	87	202	198	200
103	350	1015	337	86	214	180	195
109	304	1119	361	106	217	171	218
116	323	1099	358	103	220	169	206
117	322	1167	361	105	223	194	195
117	326	1132	309	117	233	199	228
121	319	1176	319	118	242	189	222
122	366	1126	316	103	218	179	182
109	371	1139	339	101	213	179	199
103	389	1143	357	114	235	167	198
95	425	1098	374	105	231	181	174
95	426	1094	355	103	209	174	173
120	450	1111	389	104	203	203	206
127	454	1055	361	109	217	231	214
136	439	1023	360	105	189	211	229
139	462	1028	353	93	153	192	230
138	464	1023	371	102	167	204	240
105	407	1127	345	112	195	186	242
104	400	1149	349	109	184	139	234
98	414	1182	325	102	196	161	227
101	335	1237	399	115	198	156	227
109	310	1215	389	113	198	147	223
125	281	1133	395	103	164	137	196
121	255	1110	394	100	173	147	183
120	244	1037	389	97	159	161	178
122	255	1017	298	82	162	167	164
112	253	999	270	71	183	167	159
96	262	980	275	61	201	198	162
99	330	959	280	74	215	200	170
96	333	968	280	81	226	192	188
82	328	1015	312	90	229	201	186
87	337	960	315	88	196	205	192
82	341	1027	399	118	190	173	189
91	285	1014	381	114	174	188	191
98	270	998	390	111	179	172	163
100	253	915	384	113	188	159	162
101	253	964	395	114	188	150	154
111	234	828	282	91	177	155	149
105	222	898	305	98	190	135	149
105	244	961	308	93	185	147	172
106	249	965	331	97	173	156	189
107	251	961	335	99	183	173	199
101	259	993	366	110	198	196	217
100	264	922	358	103	182	190	225
100	265	887	351	118	206	204	223
106	266	874	341	112	207	194	200
105	253	928	346	117	206	195	192
106	246	895	289	104	231	179	183
125	261	847	284	103	250	187	178
120	216	850	283	87	219	156	173
114	239	938	274	83	231	153	169
109	275	932	294	99	251	130	159
105	291	911	303	96	218	123	151
70	269	924	308	98	198	111	144
72	265	945	303	95	194	113	133
81	279	845	271	93	170	126	149
82	249	778	222	64	132	135	157
82	243	803	220	69	141	130	149
86	254	838	203	69	156	126	139
86	254	753	193	81	173	133	145
78	210	754	198	84	174	112	129
77	200	727	201	97	227	117	145
80	195	655	201	96	221	120	145
72	179	699	213	97	212	132	155
83	207	753	219	92	199	141	167
85	193	746	218	93	210	150	178
96	184	744	219	87	151	141	156
95	183	885	225	84	147	148	163
100	196	818	221	78	129	151	151
90	165	783	221	79	134	144	128
90	173	790	214	78	120	148	107
84	175	759	196	82	113	154	158
95	169	678	169	84	117	151	176
94	182	774	181	86	131	141	180
94	190	870	176	100	146	141	196
90	195	840	174	107	163	137	212
92	225	908	196	112	198	150	183
81	239	962	219	123	204	172	155
80	292	912	244	138	199	171	154
83	298	855	250	126	181	179	151
81	299	859	247	121	165	181	155
80	291	805	250	110	138	181	158
80	291	675	234	99	119	154	162
79	226	671	201	89	117	157	173
75	215	706	205	105	120	140	160
75	207	735	261	117	151	157	141
72	262	769	258	121	134	147	145
74	266	825	271	119	144	149	141
75	271	817	281	122	151	145	132
82	270	809	271	118	161	165	135
93	281	882	238	113	127	146	148
90	230	955	249	122	132	142	150
93	216	941	241	126	141	154	154
91	200	942	235	135	136	165	156
80	196	895	225	129	119	149	149
72	186	814	221	129	139	155	131
72	166	697	221	117	161	157	112
84	177	666	222	113	151	153	172
104	220	663	219	85	149	146	183
116	227	745	244	80	176	161	193
118	242	751	239	72	163	157	192
117	242	773	216	70	134	146	192
110	225	825	229	73	130	132	152
96	208	853	236	78	172	156	147
94	203	778	210	80	148	135	150
97	214	759	191	72	161	140	151
108	223	772	189	73	184	147	179
111	227	744	173	73	192	158	200
123	221	745	179	88	159	132	211
116	239	765	203	94	175	155	218
117	203	767	232	95	172	165	228
114	231	712	232	95	156	166	253
114	226	689	240	92	156	168	227
99	209	686	222	74	161	173	234
100	193	706	255	80	143	152	247
95	227	807	283	83	135	129	266
102	184	833	300	98	162	161	248
96	187	868	310	103	152	165	259
110	182	992	345	116	144	179	280
112	197	1000	318	128	145	194	262
111	173	905	281	128	162	206	235
102	173	939	286	118	124	180	214
106	174	935	273	114	134	190	234
89	187	756	219	105	145	184	185
93	170	751	226	103	147	166	188
95	163	763	223	163	142	166	205
92	163	707	199	186	142	165	224
90	155	672	206	197	139	136	206
95	178	725	219	195	129	121	214
107	171	692	203	367	138	130	223
112	167	726	202	650	123	113	225
115	174	798	203	666	124	134	210
113	208	780	181	670	128	175	192
114	197	728	171	674	146	179	233
116	219	723	177	604	236	194	255
129	217	737	213	268	281	207	270
125	213	695	219	214	290	217	292
124	185	670	223	357	290	189	328
121	165	656	226	483	290	192	290
106	136	691	232	685	235	183	262
84	140	744	245	793	186	166	249
89	130	707	234	863	202	137	235
87	115	696	224	881	208	153	198
105	132	698	233	851	206	149	207
100	156	678	234	776	202	132	199
93	153	510	182	694	251	170	187
86	160	472	212	676	293	184	185
88	199	536	289	620	300	169	200
69	191	568	332	580	313	193	222
74	185	527	332	473	317	198	256
156	258	536	336	435	280	166	298
198	317	664	349	326	233	155	373
224	329	664	308	330	241	170	413
228	332	739	273	515	231	151	413
229	378	890	335	547	252	165	404
191	354	896	352	536	251	180	410
157	317	873	344	562	230	190	365
124	292	896	354	668	235	212	355
121	286	809	358	592	256	226	364
125	221	751	364	566	224	217	369
119	185	863	410	568	239	212	326
104	181	841	414	534	262	209	309
99	213	832	432	327	252	188	296
106	221	853	437	223	228	153	271
103	225	755	384	230	252	176	267
103	240	690	319	231	243	189	286
110	220	707	381	258	234	185	276
103	193	769	417	268	229	182	250
91	235	736	403	240	224	185	246
84	228	792	424	229	216	172	223
79	207	826	435	306	238	166	196
87	213	782	374	303	245	165	217
92	210	735	350	301	246	157	224
95	162	898	401	303	245	163	220
92	165	956	427	309	223	162	232
102	176	954	432	236	203	146	267
92	243	995	482	209	204	158	235
89	238	1073	444	205	204	164	196
88	241	1008	433	224	276	188	239
109	276	943	394	196	288	189	239
102	283	927	422	180	281	185	191
113	229	976	390	193	272	167	197
121	237	879	401	182	316	182	275
123	231	870	386	153	248	147	238
117	189	921	454	162	242	150	233
123	179	871	413	200	259	161	236
116	178	864	412	215	248	177	230
107	210	850	422	225	168	146	145
99	230	788	427	237	172	151	165
88	225	732	388	222	175	140	167
76	223	785	429	203	171	143	167
95	224	698	396	171	165	127	243
116	182	764	422	207	180	134	252
119	161	805	399	201	197	131	243
119	190	759	357	209	189	119	246
154	209	762	351	207	211	192	276
147	218	774	359	214	231	198	226
139	242	700	308	181	214	198	221
138	245	643	292	176	206	214	264
150	231	774	350	183	205	218	282
119	249	745	336	179	168	167	275
115	286	856	363	178	144	167	282
141	282	828	359	164	156	171	314
201	277	809	360	153	156	167	284
208	281	758	332	132	155	162	259
208	245	769	300	122	139	140	237
213	226	591	250	113	138	129	223
233	231	660	299	101	126	128	156
196	245	751	307	102	115	117	139
184	255	655	272	94	90	119	162
193	284	579	266	93	115	127	174
203	277	679	315	94	118	138	187
156	285	626	261	86	114	124	179
142	269	516	240	88	148	120	207
151	247	527	236	85	162	131	214
141	261	696	272	78	163	140	234
122	261	627	215	60	160	141	252
122	245	629	202	63	184	150	258
132	257	777	219	63	154	147	247
160	311	775	229	71	161	160	277
162	292	616	169	66	146	151	256
160	278	638	194	73	151	147	258
212	282	705	223	75	144	139	276
224	310	546	204	68	143	135	267
196	261	621	264	64	128	118	245
191	242	648	267	71	171	137	266
189	233	605	252	73	175	140	289
125	215	588	247	76	168	170	292
112	163	728	314	84	171	179	314
130	187	699	267	85	186	187	313
143	191	743	279	86	169	179	307
187	202	787	305	86	180	182	299
197	265	732	293	85	183	173	301
191	302	589	228	78	197	172	292
198	296	684	286	80	221	164	285
256	301	693	294	79	210	158	295
236	305	745	268	73	193	138	255
255	257	766	265	70	199	139	279
262	208	767	258	77	211	159	331
259	197	787	278	76	178	162	328
195	213	786	321	88	192	166	316
227	224	723	341	100	220	191	374
206	256	774	402	122	229	203	384
199	263	881	454	133	229	218	356
204	279	842	429	134	225	224	396
218	268	845	415	127	217	225	405
189	256	812	398	124	193	235	359
198	253	835	387	108	175	246	319
201	268	762	342	96	145	227	322
185	256	659	309	91	140	226	260
164	288	591	263	88	144	233	244
153	294	646	263	82	145	230	252
125	270	575	185	76	132	213	263
105	270	563	162	74	134	201	226
104	278	605	231	80	140	202	306
110	249	596	258	76	125	207	382
99	241	513	254	76	121	187	369
134	286	643	287	93	152	185	383
158	297	716	307	96	154	198	385
156	302	713	279	96	147	208	352
158	294	698	253	99	157	196	287
163	289	773	266	101	165	191	284
145	245	710	244	88	137	178	256
119	216	642	213	87	195	214	288
121	192	771	262	87	203	206	267
117	200	851	293	90	196	197	240
111	233	825	280	84	183	197	303
140	266	829	289	89	183	225	356
163	297	921	347	89	109	189	361
177	342	950	323	87	85	173	353
176	346	1013	354	105	104	170	362
176	373	995	375	110	108	176	335
176	360	936	357	112	102	160	324
152	354	844	299	102	93	149	293
134	334	741	287	106	119	194	329
142	350	564	234	93	114	205	331
178	291	567	196	89	116	200	333
154	301	646	238	78	120	180	293
165	286	641	245	90	140	189	299
169	300	547	233	87	122	143	287
184	290	624	324	106	109	131	290
161	300	611	335	132	132	139	277
158	295	505	305	135	147	143	273
160	292	466	305	132	132	135	262
153	285	486	300	126	128	137	241
131	326	405	244	112	133	144	250
109	347	416	238	79	108	132	231
112	330	562	248	76	82	128	233
103	337	640	250	69	88	126	236
143	316	628	241	79	87	124	239
147	311	631	177	87	84	116	231
151	309	687	196	93	87	118	231
156	341	644	206	106	102	139	257
168	346	691	218	119	107	141	270
146	370	806	223	122	117	148	308
141	347	836	224	125	121	150	294
146	347	809	224	340	119	162	321
139	319	811	228	391	123	164	313
123	340	784	215	509	117	155	308
115	352	679	217	548	111	151	286
132	356	635	221	564	104	151	292
122	332	627	193	599	108	157	273
121	333	674	180	957	90	130	248
117	298	634	182	950	79	130	244
126	273	718	231	995	96	145	218
100	346	743	232	996	98	169	253
127	342	722	234	923	91	154	252
157	362	634	219	506	99	164	265
162	376	615	210	400	116	175	272
154	377	502	138	176	111	165	297
161	313	523	124	76	113	134	265
143	394	574	127	70	122	146	292
115	406	697	169	71	118	148	279
130	408	698	171	68	108	164	349
129	390	767	188	69	98	157	319
131	375	824	251	85	98	160	317
130	310	787	252	82	92	150	296
125	364	725	228	76	102	140	301
109	352	747	232	77	98	114	228
118	380	692	274	88	101	119	232
107	374	659	242	80	105	123	255
116	385	728	287	89	109	144	249
114	382	716	304	89	94	141	284
117	374	657	305	90	128	169	268
124	386	653	261	85	148	196	267
137	395	635	262	81	147	196	267
133	454	664	221	71	145	179	265
136	493	707	203	78	193	213	258
127	541	714	193	75	178	190	267
111	512	730	209	70	165	158	279
116	501	708	196	66	160	155	272
127	437	645	184	79	174	174	366
121	310	574	168	72	131	150	391
118	225	580	181	77	128	155	382
121	282	627	169	76	127	157	367
117	325	592	169	84	131	169	377
100	339	559	167	71	105	147	285
107	383	654	218	74	94	130	218
108	445	687	256	84	110	133	202
110	425	646	277	88	119	146	215
96	414	674	274	86	115	130	200
120	410	717	280	88	126	141	239
118	418	739	275	89	129	154	247
120	370	722	229	72	113	151	265
119	398	806	212	65	129	149	267
124	391	826	227	62	128	156	249
100	463	866	256	66	118	146	198
95	418	770	223	68	121	157	177
97	455	797	228	69	120	147	170
107	480	832	263	71	108	147	177
97	488	801	244	71	108	146	209
96	414	722	216	75	114	148	210
97	447	806	258	79	120	126	222
104	439	824	258	91	155	139	209
103	474	743	221	90	140	134	197
110	535	782	246	97	143	129	152
112	528	801	247	90	160	153	172
112	512	863	241	93	183	175	157
117	474	847	242	81	152	168	180
111	424	865	257	82	153	165	183
104	328	830	243	77	165	171	197
103	358	855	252	81	155	177	187
105	363	766	230	72	135	152	188
95	351	760	241	75	141	147	167
105	330	907	312	93	146	150	159
114	375	989	315	100	152	154	149
118	365	954	300	95	144	118	216
125	368	933	329	97	139	124	215
120	374	970	335	97	141	126	219
105	335	850	263	85	144	120	217
96	312	829	282	78	129	108	223
99	326	860	289	82	127	104	155
89	321	895	269	76	116	100	159
92	387	863	256	73	119	115	173
101	448	1036	283	67	106	114	174
104	420	997	261	62	91	111	167
93	452	1040	279	67	100	117	170
93	454	1049	277	79	111	121	169
86	411	1112	305	92	121	117	151
75	365	919	271	96	126	126	161
66	426	922	288	100	145	140	159
69	360	873	268	97	144	155	149
69	362	869	264	93	153	190	187
74	343	875	245	85	150	185	196
74	337	1007	269	84	148	178	187
81	303	1049	266	82	131	171	191
82	317	1073	273	85	146	167	199
83	303	1094	306	98	150	131	153
77	321	1077	302	98	149	133	131
77	316	1077	331	107	161	144	126
93	289	1076	334	109	180	137	112
99	345	1059	341	107	176	128	113
93	353	1071	313	91	172	137	124
100	358	1082	316	92	182	152	126
104	347	1081	307	93	188	153	138
93	373	1152	329	93	176	152	134
94	355	1169	317	91	167	152	125
104	365	1178	323	95	153	140	116
107	360	1185	322	95	143	120	134
121	389	1193	327	83	136	118	122
116	362	1068	275	86	161	134	135
107	369	1128	312	87	174	149	135
106	390	1083	299	83	172	140	149
108	388	1069	333	95	185	157	141
95	385	973	284	101	198	166	149
109	402	1059	308	98	182	152	137
120	383	973	266	107	183	141	154
116	348	1086	326	117	208	162	136
111	375	1128	357	125	208	152	139
112	349	1192	398	126	192	145	136
97	350	1128	394	124	201	165	136
80	314	1150	422	128	201	157	113
80	315	1139	399	118	175	143	115
74	292	1030	335	92	152	133	100
72	303	898	287	87	162	134	94
76	285	967	335	101	151	112	101
79	314	909	313	86	133	107	102
77	324	733	273	86	142	99	117
79	315	724	260	89	144	95	120
86	300	706	259	85	123	85	118
85	296	593	189	66	122	81	116
89	263	698	180	75	154	93	117
97	258	740	241	78	145	94	103
95	267	783	269	75	139	101	98
85	272	826	277	76	141	94	91
81	271	786	262	86	151	103	101
85	277	720	253	91	150	110	98
111	268	839	323	105	153	110	103
114	246	812	310	109	163	110	104
115	236	743	303	115	169	130	115
122	219	742	307	137	207	149	128
119	258	824	356	148	189	142	137
94	262	727	268	142	190	150	130
97	303	728	270	146	210	192	138
96	299	834	277	142	216	189	144
98	295	943	329	122	166	174	131
98	367	858	277	95	166	174	124
88	359	855	272	89	179	184	119
83	335	1026	311	85	150	138	110
88	358	1033	320	87	132	122	94
81	400	965	265	75	128	127	83
80	321	1016	266	77	118	131	82
79	309	1016	255	79	115	118	78
86	292	897	219	76	120	122	82
84	290	996	277	84	117	119	87
89	248	1043	318	80	124	119	94
90	232	993	338	84	128	123	96
107	265	937	348	83	102	108	101
111	295	959	349	85	99	109	107
106	313	806	286	70	114	127	110
136	332	817	280	77	107	116	102
147	358	843	255	70	111	112	114
141	349	888	242	71	133	134	117
132	385	870	246	64	141	150	104
137	367	885	266	66	126	136	106
103	364	882	255	66	124	137	108
93	340	854	249	69	117	140	107
95	367	882	276	76	89	122	109
97	335	872	258	77	70	111	118
99	321	903	259	76	76	115	109
110	305	863	227	75	92	124	123
101	317	881	235	77	91	113	107
110	288	905	217	73	123	124	116
107	277	879	214	68	122	109	115
112	294	882	195	69	137	111	141
98	294	865	201	67	138	111	130
99	277	948	257	79	140	113	132
87	274	845	252	75	115	94	124
88	272	825	252	80	119	100	126
83	250	757	252	85	105	114	110
96	275	785	246	86	101	111	120
95	313	633	179	73	102	113	123
95	307	669	170	75	107	115	122
97	304	671	160	73	111	126	125
97	312	686	159	74	111	126	134
90	284	614	152	72	105	123	129
91	250	653	158	77	115	125	129
87	236	674	156	79	152	144	186
86	222	665	163	82	161	140	190
77	207	618	157	73	161	130	183
68	220	645	168	82	162	143	193
76	232	623	157	99	178	162	237
86	271	612	190	118	149	147	199
94	341	590	184	137	161	147	197
100	351	623	209	178	246	156	209
109	337	613	204	250	305	167	220
107	351	696	227	259	305	149	178
98	319	689	195	258	322	161	181
92	272	793	211	259	335	176	198
96	308	802	185	242	294	172	200
85	309	776	183	194	241	157	180
82	291	705	185	208	233	161	201
83	317	785	207	203	210	154	214
95	312	740	205	189	187	152	240
96	264	835	211	211	234	169	284
105	277	917	240	196	240	180	284
107	253	937	220	172	236	197	295
124	235	853	208	175	234	198	298
129	227	828	211	177	221	188	271
126	241	811	241	156	145	180	226
125	223	842	273	147	136	168	264
120	222	854	277	139	149	150	240
102	256	929	286	133	148	143	220
90	236	920	295	136	147	160	213
81	295	932	266	118	148	153	192
77	344	927	218	121	141	152	130
80	349	919	217	114	126	156	133
80	318	829	219	115	136	162	133
73	309	797	187	102	133	133	135
79	237	729	201	106	133	124	135
101	186	771	270	107	120	115	140
105	193	848	297	101	125	120	126
107	214	1090	345	109	163	181	124
108	294	1146	369	122	165	205	142
114	298	1107	361	123	172	210	143
99	288	1000	301	126	195	235	176
94	311	914	282	129	196	233	196
93	317	675	226	116	155	187	202
91	285	632	194	106	157	170	183
84	295	622	200	101	153	174	190
80	291	656	222	88	131	147	168
78	248	677	216	91	111	134	136
85	228	658	194	91	113	140	122
92	198	712	246	90	117	150	133
86	189	725	251	89	115	152	131
89	207	689	240	83	134	187	130
95	291	819	267	78	143	198	146
95	290	870	292	84	146	199	153
95	301	878	242	76	142	191	144
92	310	850	230	85	167	195	149
90	311	857	220	79	156	160	130
103	294	851	227	79	167	170	135
108	336	888	215	76	167	167	129
101	322	843	230	80	161	171	129
129	349	917	272	74	145	161	116
134	347	959	294	89	147	178	133
122	306	878	262	88	149	203	121
113	262	893	261	88	158	201	145
117	265	938	271	94	163	197	147
88	212	874	222	86	163	206	153
78	212	984	254	83	159	194	152
78	217	968	263	83	158	156	151
77	225	843	242	79	148	161	130
74	266	867	266	87	151	176	132
80	317	899	274	85	134	159	135
82	312	776	230	80	121	151	127
82	313	845	246	77	101	140	119
86	317	915	268	79	115	159	129
89	279	802	217	71	131	155	134
87	210	780	217	82	144	154	119
92	200	718	214	87	147	152	111
94	185	679	177	87	146	155	110
93	193	616	156	89	141	131	94
101	235	640	168	87	114	111	94
116	269	720	198	79	103	114	102
129	276	773	201	72	114	122	106
133	281	799	227	70	115	122	115
138	276	826	235	63	118	114	125
132	235	874	234	58	132	137	147
120	245	859	220	55	138	153	161
101	247	899	249	52	126	149	160
92	239	875	246	63	134	147	165
84	211	859	235	68	137	158	169
81	239	857	248	72	131	139	151
75	188	830	240	80	121	119	132
77	177	774	209	88	125	115	148
75	171	703	186	79	112	118	141
71	175	670	183	80	122	134	146
82	169	756	183	74	112	142	184
86	206	727	179	66	113	145	201
79	212	714	176	66	139	190	197
88	237	788	186	71	139	199	200
96	233	814	194	71	116	180	220
85	238	780	206	73	120	187	203
81	223	795	205	80	133	192	196
83	213	764	204	71	99	146	189
83	211	683	218	81	119	173	222
89	211	640	208	78	126	196	203
90	181	528	191	79	128	185	199
113	181	514	193	75	114	182	203
117	189	549	197	76	122	185	220
108	242	568	167	62	111	148	190
102	247	558	165	67	109	127	183
105	245	512	144	64	103	118	187
78	242	550	137	64	112	122	171
78	244	548	131	61	102	126	171
91	167	540	133	67	103	131	179
82	175	524	130	70	123	143	182
76	190	558	131	67	125	149	163
76	203	529	144	65	136	157	175
71	208	497	139	71	154	162	208
58	207	482	132	63	151	163	213
72	223	606	175	68	136	148	210
74	251	586	177	73	143	150	220
82	239	589	169	71	133	168	220
87	259	596	169	69	125	204	206
88	265	587	171	71	121	195	197
84	249	467	125	60	116	191	199
79	263	454	122	54	108	189	193
97	256	376	125	69	125	188	232
102	256	354	127	72	137	150	222
100	284	349	128	73	140	153	228
103	298	319	129	74	158	177	248
113	270	295	122	72	155	178	258
100	281	364	110	59	134	149	243
87	266	374	119	58	107	132	224
89	239	368	114	62	148	155	221
95	222	441	130	71	156	155	207
94	220	557	226	81	154	145	212
90	201	550	241	91	155	142	198
96	180	545	237	89	159	146	200
92	180	571	247	84	119	125	204
76	214	666	258	77	86	94	229
68	188	583	181	66	86	103	229
68	213	573	227	78	106	127	242
78	230	599	223	78	107	136	276
82	245	615	235	83	155	177	268
86	232	450	216	78	157	181	247
86	240	533	239	88	164	179	260
92	238	554	204	68	169	185	251
87	231	523	211	68	171	192	240
93	214	519	192	66	137	158	242
89	204	525	189	70	151	153	234
88	211	505	178	71	168	184	206
82	293	524	177	68	151	168	201
82	296	574	180	67	149	160	209
74	295	566	172	75	153	164	222
76	298	576	177	73	133	161	219
78	285	548	195	71	105	127	212
77	171	608	182	76	103	127	211
76	154	716	232	85	97	133	186
121	150	806	288	82	73	121	161
126	175	850	291	86	88	130	164
128	176	852	272	80	83	129	215
138	184	894	298	85	89	132	218
137	242	891	269	78	86	117	206
190	242	869	226	70	90	120	239
209	205	890	230	67	74	127	255
226	226	986	265	74	90	154	223
227	231	953	259	63	95	143	218
251	182	873	250	60	107	165	270
204	182	937	248	64	105	161	255
191	188	908	261	70	122	180	266
178	171	793	229	65	120	157	260
176	168	776	194	66	122	159	257
193	198	849	210	79	148	156	217
184	195	704	215	80	150	159	220
186	191	709	193	71	136	125	206
180	187	735	185	69	133	125	223
197	209	781	200	67	123	121	222
153	171	706	191	61	73	90	217
170	224	757	193	68	83	116	212
171	247	811	220	71	83	123	201
217	261	970	247	74	92	130	196
210	253	963	250	95	101	137	200
208	249	935	236	123	139	178	191
217	217	910	231	119	141	167	209
240	230	850	200	117	149	167	252
227	225	613	163	113	139	170	255
218	253	444	124	94	135	172	256
222	315	456	132	53	142	148	272
244	327	522	120	50	141	143	269
224	301	538	128	53	135	148	223
260	293	562	127	72	148	152	229
273	286	705	205	86	160	166	227
290	235	787	266	87	131	161	213
292	247	737	262	88	128	163	234
301	252	687	262	90	130	157	252
256	260	661	263	87	141	175	248
381	276	525	210	74	140	166	251
421	280	393	148	84	156	163	303
458	316	464	175	85	152	155	268
454	337	499	180	84	157	167	256
459	347	504	176	77	139	153	277
393	349	486	178	79	148	158	278
346	335	486	157	66	155	183	257
291	293	371	121	63	159	187	283
324	270	349	114	66	157	182	295
401	249	332	110	67	178	201	260
373	212	320	104	66	164	198	270
376	229	263	92	68	144	180	233
366	239	255	82	73	140	181	239
358	249	306	111	76	138	183	239
274	254	315	114	76	106	152	246
289	261	370	132	78	103	151	229
297	300	429	155	82	96	145	230
304	286	494	180	78	112	149	193
334	291	464	173	78	118	151	176
441	327	471	199	89	122	155	187
429	332	459	198	93	117	143	188
435	302	436	192	112	124	150	204
430	290	403	181	119	122	161	199
393	283	421	169	126	119	176	189
270	256	403	149	125	121	170	191
285	281	385	173	128	132	181	198
267	270	372	168	155	155	216	210
246	293	353	165	209	155	208	215
243	289	336	167	237	150	188	244
245	342	345	158	252	146	195	245
226	318	343	123	284	138	194	239
205	363	323	111	298	98	142	223
205	373	315	105	275	88	133	238
261	405	315	102	273	98	162	225
236	398	457	164	274	113	162	209
228	425	470	164	243	129	158	202
229	411	471	165	198	142	167	196
234	444	477	167	183	158	185	200
154	439	453	173	142	166	169	209
161	427	307	112	116	171	158	213
155	396	279	109	106	162	182	214
140	385	272	107	100	150	180	219
205	413	259	100	98	131	161	198
202	425	368	138	121	113	147	169
204	423	393	150	129	89	160	198
228	467	397	149	131	88	140	221
229	454	428	155	136	96	135	219
182	402	447	182	131	109	153	220
243	397	346	148	105	117	168	219
238	395	310	137	90	112	156	190
225	340	299	138	91	116	153	172
223	365	283	131	90	124	178	160
259	339	271	91	85	112	177	158
223	291	341	92	90	103	174	182
229	249	343	112	85	102	171	196
220	261	340	113	73	90	162	190
252	261	318	113	71	66	134	186
205	266	459	203	75	67	115	213
203	311	534	216	76	77	106	202
206	351	547	206	75	88	118	220
234	345	574	212	75	93	121	231
196	363	615	219	75	105	144	252
192	364	529	149	86	114	165	257
214	356	402	122	78	104	160	247
210	331	545	215	100	103	169	244
180	354	560	231	127	112	182	248
184	418	548	236	132	109	167	239
263	418	569	243	130	100	153	257
240	398	631	283	137	113	160	273
256	399	609	236	121	114	157	257
253	392	658	223	93	108	148	241
255	283	661	223	81	100	136	254
184	271	738	278	78	98	127	217
180	326	774	254	79	105	135	208
179	315	774	258	79	107	123	228
178	282	773	273	81	113	120	240
173	275	808	281	84	113	135	242
162	314	756	230	84	117	142	247
147	250	673	221	73	102	137	250
123	272	686	223	71	95	142	224
137	298	655	209	69	80	141	213
141	296	613	198	65	77	129	204
140	269	603	188	54	70	129	210
134	356	670	191	60	92	139	213
127	392	731	206	63	93	129	211
111	378	744	201	59	98	145	214
113	385	744	193	57	113	154	222
156	401	768	183	65	122	149	216
171	330	740	187	59	119	161	217
158	320	625	138	53	120	169	234
157	364	560	129	60	120	156	229
162	390	554	154	62	117	166	217
119	365	616	217	69	126	173	197
101	379	610	212	72	115	152	184
107	361	592	213	72	109	145	188
121	353	707	226	69	105	149	210
102	331	745	220	67	111	150	199
104	331	658	165	54	100	161	229
96	424	695	175	51	99	160	224
106	490	718	174	57	112	168	214
91	474	675	157	55	115	162	194
101	491	713	155	52	98	144	216
98	508	738	191	57	107	132	207
99	433	730	191	60	104	121	222
86	493	735	202	57	116	146	226
93	532	783	230	56	117	145	221
87	526	799	226	61	124	147	200
91	546	807	203	59	111	147	175
100	595	839	196	56	109	147	185
103	476	919	267	63	92	124	174
110	442	975	287	73	102	120	193
108	417	914	283	71	102	129	216
107	388	975	311	77	103	124	223
96	385	1011	353	92	106	138	207
107	389	1011	317	91	101	127	247
92	381	1075	314	96	127	175	253
92	387	1128	325	105	149	177	246
104	445	1148	322	103	174	182	259
119	379	1111	284	94	192	203	283
119	479	1057	268	94	194	200	265
123	477	941	259	87	176	161	250
124	520	884	246	75	167	174	264
123	510	854	244	79	151	178	273
122	564	909	265	74	126	152	256
121	477	898	263	72	132	156	240
113	471	875	262	71	136	175	242
128	429	948	372	98	145	160	209
131	392	919	355	91	135	155	184
122	376	914	362	102	150	157	218
111	425	959	386	112	145	168	221
111	422	1079	405	119	150	162	215
98	476	1125	323	102	141	159	215
101	484	1125	349	113	150	184	216
121	424	1189	354	112	147	177	222
128	374	1209	345	103	149	168	225
132	401	1130	310	94	139	157	229
130	366	1027	297	91	124	154	234
144	385	1089	296	83	132	121	236
129	426	1081	293	80	125	116	220
124	438	1010	272	73	117	105	218
127	453	956	272	70	112	109	238
132	434	1041	295	71	112	113	242
107	414	937	272	71	90	115	236
116	378	777	218	68	94	126	218
121	358	797	223	68	98	130	213
122	322	876	222	74	100	121	187
114	343	759	189	74	101	120	167
107	296	798	173	72	101	132	158
90	296	892	189	69	98	129	172
84	354	909	187	72	103	128	163
81	367	844	183	68	99	134	185
87	376	900	194	68	110	134	207
96	414	896	196	68	124	128	203
115	427	850	185	71	122	124	187
119	378	860	229	76	120	125	192
114	365	863	224	73	121	121	184
113	337	798	212	82	128	119	174
109	284	802	202	84	139	102	201
96	258	817	223	95	158	125	219
88	264	781	179	89	164	126	223
87	238	827	210	92	163	126	209
81	259	841	226	84	152	142	198
73	281	759	222	78	143	155	216
82	283	707	205	59	134	147	204
89	293	734	219	78	150	153	204
90	283	625	178	78	152	154	231
91	243	593	166	81	170	173	283
94	285	700	204	93	203	193	279
95	329	643	201	104	204	196	285
84	319	690	180	92	190	209	289
85	332	702	182	101	206	232	282
92	341	722	182	102	200	212	248
97	284	681	153	92	155	185	223
87	228	693	150	80	143	185	208
84	225	599	156	87	161	198	211
80	268	629	166	71	145	184	206
78	285	734	252	75	128	185	194
72	323	711	257	83	139	184	199
71	313	706	268	111	135	175	219
73	316	707	262	116	113	138	221
77	271	719	261	133	116	124	241
79	250	627	200	129	119	111	243
82	261	601	187	123	109	117	241
85	265	587	164	98	115	112	223
85	258	562	158	91	118	117	207
84	268	485	146	66	122	120	171
78	249	420	97	77	119	117	175
75	202	429	107	90	123	123	174
76	208	538	149	91	125	137	161
82	239	588	174	104	123	133	170
81	231	590	176	107	116	144	195
82	237	600	179	96	121	145	177
79	244	618	186	87	142	161	186
73	269	582	178	87	137	151	205
69	265	556	176	71	132	151	190
82	260	611	179	78	121	136	170
88	272	647	187	87	143	167	182
106	288	637	174	89	118	149	179
105	278	605	157	99	134	154	155
100	266	589	139	97	138	151	150
93	306	556	141	89	138	153	146
90	321	551	168	84	117	120	134
72	304	557	181	90	126	128	130
75	306	550	189	81	102	123	141
78	324	590	217	85	111	135	187
74	306	591	220	89	126	148	189
66	312	557	200	86	122	154	185
