0	1	2	3	4	5	6	7
85	261	628	173	90	129	116	210
94	272	649	189	83	109	117	204
110	302	704	195	87	115	119	220
113	296	735	209	100	115	119	211
112	308	647	179	96	111	109	206
108	412	698	186	88	84	99	167
103	425	786	210	98	91	87	169
91	443	745	222	102	89	101	192
78	434	765	221	90	108	104	196
78	417	735	214	99	105	99	194
85	328	714	222	96	101	83	179
80	294	610	201	89	112	89	177
80	211	584	195	81	124	111	155
80	213	512	182	82	110	111	149
79	212	517	183	76	123	112	148
73	223	434	148	80	130	116	143
79	272	366	117	106	141	178	133
77	273	513	182	152	178	264	109
79	270	532	193	162	190	279	100
82	312	535	198	160	181	285	99
90	292	519	195	198	182	285	89
92	252	514	195	196	178	251	84
94	229	274	113	178	159	146	65
91	228	191	85	173	147	147	55
91	201	136	69	172	147	140	70
81	226	120	59	129	139	142	69
85	236	115	62	117	136	140	69
83	245	111	67	91	100	126	70
85	319	153	67	92	98	79	68
83	309	156	67	168	158	114	53
82	332	159	65	185	170	112	53
84	335	149	54	185	167	111	54
85	437	157	51	186	167	111	51
96	554	136	57	190	170	110	55
105	594	153	59	145	118	74	53
110	639	174	75	204	143	95	75
103	655	184	80	248	149	101	70
103	645	211	76	250	153	102	73
131	562	219	75	256	181	106	75
136	534	214	81	266	185	102	77
146	479	204	70	211	161	75	58
158	505	221	78	156	144	70	61
158	508	222	79	151	137	93	68
137	550	208	77	133	90	89	61
134	619	202	70	136	118	87	59
123	631	205	68	130	114	87	67
104	636	192	61	132	122	90	94
101	614	419	119	134	123	76	104
89	545	479	136	128	120	78	113
73	439	478	135	82	82	76	114
83	408	487	138	83	77	93	108
95	342	596	190	75	63	89	85
104	403	612	208	76	63	77	67
112	456	589	207	78	62	81	56
112	493	594	210	77	52	82	52
105	484	586	209	88	67	58	51
95	493	498	167	90	67	53	52
87	454	403	176	90	66	53	47
78	492	400	173	87	63	39	44
77	467	398	171	83	64	35	44
79	545	443	176	67	45	35	49
77	619	426	197	63	40	38	47
73	608	428	179	84	47	35	44
79	615	577	187	84	47	38	45
87	643	613	191	89	52	41	48
91	646	591	188	87	51	43	48
92	568	596	173	88	53	40	51
96	600	527	140	73	51	49	56
107	549	341	127	112	72	54	63
100	568	280	124	110	70	53	58
90	513	394	182	112	73	56	60
94	572	630	392	141	75	58	62
88	509	670	409	145	72	53	56
62	470	666	411	123	52	43	50
65	509	748	432	123	49	45	81
68	510	724	421	121	49	54	87
59	439	544	248	84	46	52	97
67	434	538	281	79	49	56	146
74	421	613	299	73	47	57	156
87	264	526	277	67	45	54	157
83	190	479	262	67	41	41	154
84	153	456	252	64	36	41	152
80	126	402	176	49	31	30	106
76	85	276	132	42	34	30	91
52	62	222	106	39	32	30	65
48	55	225	101	36	31	28	60
47	48	217	94	38	33	26	41
41	40	208	87	36	30	27	46
31	38	189	76	36	38	26	42
33	34	190	74	34	41	26	39
31	34	166	80	34	41	26	38
30	29	145	69	33	38	23	38
27	29	121	65	30	40	23	31
25	31	118	64	26	27	22	30
28	34	122	71	29	22	22	25
29	33	131	66	34	23	23	27
28	34	124	62	32	23	23	26
27	38	118	59	32	21	23	28
27	37	122	60	33	23	24	25
27	36	105	51	32	26	24	26
26	35	94	56	26	31	26	24
27	31	90	58	26	33	27	24
26	27	114	62	28	34	26	25
27	36	115	59	30	33	26	26
22	43	121	65	32	32	27	26
26	42	119	58	30	29	26	25
25	43	129	64	30	28	25	26
25	44	111	60	28	29	38	25
23	39	110	61	26	30	41	24
