0	1	2	3	4	5	6	7
216	65	329	117	47	99	151	188
230	77	416	134	55	107	155	175
237	77	407	118	52	107	147	160
255	79	412	120	50	112	177	171
322	88	369	120	48	107	162	175
305	98	384	125	47	95	144	159
312	86	417	137	41	83	142	190
298	86	430	141	44	72	130	197
283	91	490	164	47	65	95	216
189	87	517	178	45	68	101	213
211	78	512	179	46	85	104	225
232	86	436	166	44	94	97	216
233	97	428	169	39	105	109	207
237	101	372	147	35	106	126	167
238	95	355	134	37	103	122	186
223	97	401	156	43	97	125	185
200	93	419	146	48	102	138	198
189	77	407	137	50	98	135	224
225	68	418	136	54	96	113	238
220	70	464	150	52	93	115	242
212	66	436	119	48	87	124	241
196	59	403	120	42	78	140	277
230	65	440	138	43	72	142	266
197	68	434	140	37	100	177	277
222	62	371	122	38	112	186	268
235	61	405	125	36	111	183	270
246	72	422	125	37	105	166	220
223	75	507	143	35	117	183	204
270	75	548	154	37	99	151	170
263	84	563	164	38	90	141	166
246	87	571	169	38	89	146	161
231	79	552	166	43	100	142	157
240	76	488	131	44	91	127	189
269	81	449	138	51	90	127	245
289	80	442	136	52	85	126	274
291	74	370	128	52	87	108	275
309	79	403	128	49	77	120	283
312	93	379	150	48	70	111	265
280	94	383	140	45	78	113	262
273	100	371	121	43	78	109	235
271	104	407	123	44	78	113	231
254	107	427	162	46	80	99	213
275	94	411	146	42	82	106	224
282	102	380	140	37	67	104	195
266	93	388	143	41	75	109	225
272	91	395	159	41	77	107	244
299	104	372	128	42	80	114	248
268	104	376	128	54	103	110	248
226	97	367	126	59	106	104	243
221	96	373	130	64	109	126	211
227	96	352	106	66	114	135	188
185	73	340	108	64	117	157	201
179	71	327	111	60	97	160	192
199	70	324	116	56	105	162	171
187	71	413	145	45	101	146	177
175	67	403	151	43	99	156	204
199	76	397	142	44	99	138	196
201	78	458	155	38	103	134	232
189	65	466	154	36	94	146	236
193	65	406	135	36	95	155	229
281	74	404	133	42	91	138	209
307	83	410	145	39	88	141	200
321	91	414	135	44	93	148	154
320	95	429	130	47	98	143	145
320	92	385	113	55	132	145	151
246	88	389	117	49	129	150	159
309	87	467	111	50	128	134	208
314	79	417	111	45	116	125	205
318	77	415	117	45	125	147	227
327	78	429	120	35	103	154	234
327	83	479	159	39	119	153	221
217	74	433	164	38	118	153	170
197	68	417	162	45	121	150	182
176	72	439	157	41	112	131	151
153	71	434	164	46	105	127	155
171	65	379	132	46	93	117	169
203	71	399	124	46	106	137	170
191	73	407	124	40	101	133	168
205	68	371	124	40	98	138	192
239	78	355	115	40	106	138	192
252	78	353	117	41	107	144	184
222	73	343	135	41	93	129	185
223	69	456	157	42	96	139	194
239	73	484	161	45	92	122	178
238	68	512	173	48	85	128	159
206	73	540	168	42	78	124	159
234	84	507	152	44	78	122	193
275	91	405	122	47	99	127	193
249	89	373	127	52	104	131	190
239	89	423	125	52	100	127	195
241	81	395	121	60	100	125	194
215	80	384	119	67	102	130	169
182	73	417	136	63	88	131	173
227	83	431	128	60	95	148	175
211	84	403	121	60	94	157	170
217	87	388	118	55	95	160	193
227	79	435	142	52	98	163	213
215	86	469	151	54	99	157	196
197	82	470	153	51	88	159	189
198	83	463	169	46	81	132	194
196	85	544	211	57	102	131	167
194	78	508	200	74	108	142	137
182	75	447	183	73	103	144	146
158	72	513	191	78	118	132	172
170	67	608	193	81	125	139	181
182	61	549	149	82	117	151	196
233	69	551	141	62	118	142	199
249	64	550	140	67	138	161	240
283	87	585	164	68	129	151	233
276	87	475	155	66	133	172	228
261	89	463	154	53	124	173	234
207	85	464	158	54	118	183	252
241	102	454	172	49	105	168	219
217	89	330	153	45	111	170	259
226	88	325	149	41	95	146	279
235	83	322	147	41	96	140	267
252	88	315	146	42	101	128	243
244	82	355	130	43	108	144	239
250	76	407	108	39	103	144	207
290	82	402	92	39	103	144	161
290	97	408	93	65	114	146	169
282	93	437	94	80	123	147	174
250	87	447	115	81	111	135	169
225	84	400	122	82	103	132	157
160	83	403	124	83	111	146	172
159	68	415	141	67	118	143	163
155	68	397	149	54	111	153	164
150	67	419	149	57	107	142	171
190	80	413	158	58	106	142	161
207	88	408	161	55	103	141	151
205	86	397	147	54	87	150	156
204	87	383	136	51	76	131	164
208	89	346	132	49	70	131	188
199	87	373	127	54	71	127	183
170	76	439	130	58	70	121	178
174	81	428	127	60	66	113	194
177	86	430	127	56	67	110	178
269	113	456	136	57	83	123	155
253	113	496	129	53	81	126	164
264	114	436	118	48	85	128	188
280	111	434	120	55	99	118	164
291	107	435	124	65	97	129	191
214	78	413	102	65	96	133	210
222	82	359	99	65	114	149	214
221	80	358	100	66	119	146	219
188	79	380	100	57	105	143	219
214	82	411	101	47	116	131	200
209	79	374	108	40	108	113	164
200	66	340	119	43	89	90	150
185	62	319	121	63	70	101	115
205	62	343	129	197	76	106	131
205	69	361	136	311	70	111	143
202	62	380	133	317	81	115	146
202	64	360	122	327	97	134	152
206	68	459	141	335	97	119	159
257	74	446	138	291	114	127	187
234	63	453	133	172	115	131	179
293	67	454	130	170	113	142	202
304	66	486	137	156	119	122	210
312	63	391	113	141	129	124	208
280	61	370	111	121	113	126	191
286	61	315	109	113	107	123	195
231	73	357	134	98	106	109	179
214	72	328	138	93	87	117	174
198	73	330	138	121	72	109	173
192	79	339	135	181	72	104	142
191	77	375	142	217	65	92	134
182	66	326	126	223	67	94	130
179	70	309	114	223	73	129	126
187	71	317	112	205	75	127	123
219	82	415	144	150	78	129	171
246	89	424	141	88	86	142	203
259	90	403	127	76	84	144	235
283	96	460	151	98	91	116	243
275	95	493	154	120	113	136	249
303	86	436	136	128	114	130	226
267	84	474	137	129	108	115	215
265	83	495	142	128	116	135	181
256	72	440	113	112	122	171	160
261	80	406	109	95	103	163	153
215	78	477	121	86	94	159	157
247	74	443	118	85	100	190	131
241	73	460	142	99	105	178	132
226	75	482	146	94	119	159	144
228	67	479	148	84	127	166	141
225	69	391	128	78	132	179	152
201	70	377	136	79	129	151	186
209	75	338	113	64	127	148	197
206	71	325	111	61	99	128	205
223	71	320	111	63	99	127	206
211	65	378	137	63	92	110	221
219	67	352	126	103	103	111	223
218	64	386	121	114	90	134	208
221	63	383	122	115	98	158	212
197	63	410	124	112	85	144	211
268	67	368	97	112	91	149	178
264	72	349	88	78	92	151	143
250	67	312	90	55	90	128	172
253	74	329	90	60	78	99	151
272	75	365	101	59	84	119	160
219	79	361	108	57	83	113	175
214	73	377	112	60	85	112	184
215	76	383	108	59	85	119	158
225	72	358	127	53	91	127	166
241	80	321	125	56	90	108	178
206	68	325	116	55	89	123	167
189	63	317	110	46	78	118	154
237	75	310	126	62	78	110	158
238	82	386	116	78	84	137	149
206	76	383	116	81	90	142	131
218	84	420	134	82	86	136	124
235	85	415	141	82	84	142	129
238	78	425	131	76	113	173	147
229	73	372	123	56	104	144	149
226	72	369	115	64	96	139	147
291	81	384	108	71	94	135	155
284	83	401	117	79	96	128	175
246	80	381	119	84	95	123	161
244	79	374	127	86	103	123	172
286	77	382	130	76	102	121	170
216	64	380	136	69	107	134	202
206	62	369	129	59	105	155	216
205	64	413	145	49	77	129	210
212	70	420	139	77	64	127	200
162	67	411	143	85	88	178	227
190	66	384	145	84	88	172	199
215	76	423	153	84	89	150	163
221	77	388	137	82	88	146	181
228	77	419	150	52	96	148	188
235	81	423	147	44	96	161	153
216	78	383	130	53	102	166	155
191	71	346	118	78	103	177	161
196	70	344	113	85	119	195	153
183	65	360	106	88	132	196	172
180	63	362	126	98	122	141	171
194	66	357	125	101	117	134	183
195	64	332	122	87	127	145	174
187	73	360	140	83	127	132	188
228	75	366	155	83	111	134	165
217	82	332	144	73	107	140	197
193	79	344	155	67	109	134	181
214	79	395	157	60	95	133	182
228	87	448	197	58	72	121	168
187	86	421	181	64	71	132	169
196	79	447	179	61	70	120	149
213	78	440	178	58	63	128	178
194	79	400	176	61	73	144	174
197	64	392	132	69	73	147	168
217	64	366	142	67	75	137	164
211	66	338	138	70	73	141	153
214	68	356	124	68	82	155	136
227	67	401	133	67	102	147	145
207	61	352	114	56	105	143	159
213	60	343	95	51	102	141	184
229	60	337	89	45	102	145	182
277	62	327	99	46	99	143	167
272	65	324	126	45	85	117	163
289	67	276	126	47	94	120	180
299	67	275	125	49	93	133	208
298	66	302	132	58	100	133	216
280	90	312	132	68	124	133	217
288	91	351	119	69	116	129	225
325	95	356	119	69	116	156	260
303	95	365	121	66	115	145	227
287	100	374	114	59	119	158	234
249	77	402	128	47	95	141	240
260	71	339	112	48	92	140	239
204	64	335	107	48	104	120	205
198	69	390	111	50	113	141	204
203	66	366	110	53	108	121	193
221	70	348	91	54	104	123	194
204	82	334	83	69	106	120	226
185	81	350	82	70	93	119	199
180	81	351	86	70	82	104	204
192	77	366	98	67	82	99	203
194	82	328	97	64	85	109	214
205	72	354	101	42	93	131	172
210	78	351	108	47	116	140	185
219	73	317	113	47	120	139	180
212	74	376	115	47	120	144	171
253	81	405	126	55	125	138	150
242	86	388	135	59	120	132	160
247	83	415	129	56	101	119	143
238	86	397	121	55	102	119	132
231	86	410	139	63	97	131	138
210	76	400	142	63	102	150	140
227	72	422	143	61	98	136	140
240	79	384	143	64	93	131	147
241	75	382	144	61	94	142	151
244	73	306	128	53	97	133	147
218	78	320	118	46	81	109	141
230	94	319	101	51	83	116	177
212	89	354	112	52	98	117	183
217	90	362	121	66	99	95	178
212	88	345	108	67	97	92	182
222	95	352	98	74	107	106	182
236	84	400	109	73	120	114	154
238	82	423	112	69	102	112	147
233	88	410	99	60	94	113	144
237	89	428	112	62	91	109	148
235	79	393	113	53	96	111	144
232	85	398	148	52	92	115	144
229	88	397	155	51	99	115	170
236	84	389	154	47	97	109	171
230	83	387	146	41	101	120	173
263	107	478	172	44	119	172	203
244	98	471	155	48	108	172	187
244	96	430	140	46	104	181	177
240	94	468	140	50	122	191	178
239	97	479	151	58	121	188	172
170	63	398	125	61	94	134	142
128	62	352	110	58	98	131	172
122	62	377	112	68	96	122	146
121	60	339	108	69	84	117	156
127	62	328	90	63	97	111	159
158	78	346	95	60	119	166	210
166	79	427	128	63	118	161	192
193	83	520	154	58	120	175	231
197	85	531	159	54	131	199	241
198	83	533	173	59	126	201	240
333	80	534	171	55	104	164	195
382	88	492	151	50	100	164	193
373	94	389	123	58	108	158	149
374	93	371	119	56	99	141	145
374	91	354	102	55	106	159	138
285	83	404	107	57	106	156	180
253	75	386	114	61	124	165	182
253	62	372	121	53	123	158	186
255	62	400	123	56	116	168	191
283	67	419	134	55	128	176	209
255	69	360	135	60	144	181	185
239	69	324	117	57	129	171	192
234	67	321	110	55	123	186	193
227	83	292	109	60	120	172	176
188	82	462	163	67	111	155	151
184	82	468	168	70	86	155	167
218	81	471	169	72	85	154	155
219	84	489	172	68	90	132	157
226	69	483	171	64	122	164	166
244	71	319	115	55	109	158	168
249	63	292	107	45	111	159	146
234	73	349	108	42	121	158	177
246	77	414	133	49	116	167	178
242	82	421	145	56	124	183	181
236	78	404	137	53	129	184	176
270	79	445	138	53	132	178	175
235	70	423	136	52	125	179	135
234	61	366	112	54	138	171	127
287	65	399	120	47	101	106	121
277	70	412	126	54	100	102	143
244	75	377	126	54	94	96	150
245	75	346	132	53	106	120	162
258	84	302	128	47	102	135	218
190	76	247	103	41	105	133	237
191	69	355	109	38	99	133	248
241	81	431	128	43	100	130	243
249	83	439	124	42	88	107	245
222	81	511	140	42	69	90	199
224	81	526	143	58	86	130	174
229	83	468	135	65	124	145	157
214	76	416	130	65	124	155	182
206	75	477	152	70	121	157	182
206	69	413	141	72	119	153	171
226	74	395	140	63	110	140	168
231	79	374	136	51	67	121	159
179	67	342	117	49	67	109	125
177	64	348	104	46	69	106	113
212	73	350	107	50	105	129	133
190	73	374	106	47	106	120	178
189	73	515	185	58	105	119	179
218	75	581	200	61	106	120	183
236	86	526	192	59	108	144	193
206	81	578	195	55	87	125	200
210	78	575	205	57	81	124	183
205	75	459	145	46	80	129	201
226	81	373	121	41	79	126	206
242	72	475	140	38	76	96	197
263	73	399	133	50	79	107	189
273	72	375	121	47	79	100	161
279	78	390	125	50	83	112	130
243	73	436	138	51	79	113	124
239	82	354	123	51	79	129	135
225	78	345	117	42	77	136	147
238	81	363	118	41	73	137	150
240	80	365	122	41	68	129	153
236	80	319	106	41	77	134	148
217	75	410	136	40	77	127	159
258	89	486	156	35	60	106	150
247	86	491	153	36	61	96	147
230	79	466	140	33	63	104	154
231	79	477	146	38	64	115	147
251	87	411	124	40	67	120	150
191	76	369	109	40	66	121	145
168	78	375	146	42	73	129	141
174	78	378	149	47	89	120	146
180	75	360	149	45	99	134	168
216	85	421	177	46	98	133	170
222	89	425	192	52	98	135	162
226	93	415	170	58	93	132	183
230	94	413	166	57	108	149	183
228	96	417	163	56	103	138	185
207	73	320	129	56	102	126	181
232	79	338	111	49	107	127	191
230	71	363	100	40	109	127	175
230	75	444	131	43	88	129	171
224	72	442	132	43	77	121	157
219	76	429	129	41	81	127	224
209	61	371	134	41	79	129	225
211	70	423	139	42	90	142	225
218	69	344	113	36	89	122	238
231	73	332	117	35	94	114	241
200	72	346	113	38	91	121	213
174	76	356	99	44	95	134	207
178	70	290	103	45	92	140	212
162	70	290	108	46	90	137	197
160	75	373	121	49	86	145	219
160	80	396	143	52	84	136	165
171	78	436	150	47	82	124	185
184	79	417	145	46	84	113	196
188	80	429	151	47	81	114	193
169	81	403	160	45	82	107	164
169	77	385	146	43	83	104	175
184	79	332	134	43	86	110	171
186	80	367	133	41	76	108	170
180	76	398	128	38	70	106	236
224	79	411	133	40	65	111	243
218	76	415	134	38	72	113	243
250	76	412	135	38	85	109	229
243	69	391	134	38	101	104	227
268	72	357	137	52	103	119	174
241	68	334	115	50	108	122	173
260	72	307	116	55	111	144	166
299	80	308	113	54	115	156	181
299	81	278	116	55	99	154	161
292	79	416	133	46	96	145	167
298	76	446	132	49	99	142	173
315	75	451	125	43	107	138	180
236	65	466	126	47	111	148	171
238	68	512	130	47	111	148	180
235	74	425	129	51	113	144	157
233	76	413	131	50	109	168	172
182	78	429	136	54	102	166	195
182	82	456	143	50	84	150	188
173	84	413	135	51	88	157	190
162	80	400	117	40	86	157	193
171	83	459	115	41	86	132	163
169	78	480	147	39	91	134	130
189	79	455	144	39	80	131	157
211	81	456	146	39	72	121	161
208	88	554	163	44	93	153	156
193	83	481	156	53	92	143	154
200	83	448	130	54	89	135	152
181	78	430	124	61	89	128	125
269	87	532	167	66	91	130	134
277	93	517	160	67	76	111	145
283	87	513	164	65	77	118	191
289	90	511	157	80	85	116	207
292	89	522	164	87	91	130	207
204	95	435	136	90	103	154	207
198	81	332	127	93	103	151	204
209	83	313	120	92	107	149	187
198	79	360	124	77	101	143	165
194	80	401	127	70	120	137	163
242	66	401	113	68	111	117	144
236	82	396	110	61	110	113	181
239	84	404	114	60	106	110	169
234	82	357	108	66	98	109	173
251	85	460	124	66	82	106	173
252	87	463	130	64	80	93	169
265	78	471	132	85	79	90	152
241	79	475	132	92	82	94	149
239	79	481	133	90	124	143	153
245	91	444	131	92	127	143	168
214	87	446	129	93	127	146	170
195	84	430	122	76	133	153	155
203	92	426	120	82	154	177	136
226	97	490	146	85	128	148	148
194	84	411	135	83	115	147	148
212	82	419	134	83	120	147	148
227	81	427	140	84	129	154	139
259	83	489	156	70	106	128	156
246	86	495	154	60	100	119	133
290	89	476	151	52	98	123	125
258	87	478	152	46	102	125	192
245	83	457	153	40	89	114	226
215	68	382	137	36	79	108	218
210	63	289	122	34	88	117	219
240	68	324	113	32	92	109	223
268	81	365	118	37	95	104	204
275	91	392	131	42	86	112	172
270	92	406	135	42	92	112	185
298	100	445	142	44	92	122	189
237	93	442	160	59	89	122	200
199	83	394	156	56	79	124	176
194	73	408	136	58	88	118	188
204	73	396	136	66	82	130	186
168	60	344	119	65	74	115	179
185	62	354	104	65	79	122	162
218	66	351	111	71	76	121	156
242	68	311	117	75	66	111	135
248	68	300	115	98	69	111	134
246	67	297	113	99	76	126	140
250	74	344	125	92	74	118	144
233	77	430	139	90	71	118	158
209	81	443	151	83	70	117	175
184	80	450	147	41	110	134	185
185	80	451	148	46	114	131	186
184	84	427	140	51	113	143	198
174	84	335	117	47	115	147	186
182	81	325	106	55	129	156	169
192	84	346	107	69	122	147	169
222	83	459	125	68	122	158	177
222	68	431	123	67	124	150	153
227	61	421	125	69	122	148	144
225	64	449	123	126	130	149	156
219	58	448	125	143	114	149	140
193	68	382	161	142	103	127	145
220	71	396	167	146	100	124	141
228	72	423	174	150	113	116	153
221	67	384	169	109	103	139	150
222	74	392	169	98	98	127	160
266	77	391	142	103	104	136	144
248	85	387	130	104	107	143	164
249	85	353	116	133	99	155	170
256	87	363	120	135	87	138	168
260	86	333	125	123	80	134	177
224	78	273	96	138	82	127	188
215	79	240	92	134	76	137	183
209	77	238	87	102	71	131	173
207	79	225	80	91	72	116	183
201	88	283	85	87	80	112	162
184	83	310	98	64	74	117	146
196	85	338	106	63	77	114	136
210	84	326	111	65	81	103	162
230	79	330	114	65	73	101	163
231	71	305	109	69	68	113	176
230	75	322	102	65	64	102	178
221	68	284	98	58	70	97	175
222	65	302	103	56	66	108	146
198	66	323	129	57	79	139	129
197	60	345	133	51	76	135	107
207	62	314	130	43	90	155	113
179	59	312	124	56	100	155	125
151	60	312	130	66	100	160	131
171	66	315	121	66	94	146	135
189	70	270	115	68	98	147	155
176	68	256	113	69	95	139	152
208	71	430	151	62	86	141	144
202	70	472	160	65	96	130	150
207	68	467	151	69	93	131	194
202	66	471	153	74	108	141	181
219	65	478	169	101	99	135	178
194	62	379	147	103	92	120	177
214	63	335	143	100	82	136	167
191	67	329	145	96	82	119	96
196	68	315	141	98	60	105	109
232	68	300	120	74	107	141	138
227	70	363	119	77	120	158	154
205	72	360	122	71	119	145	154
203	67	375	115	73	122	149	160
204	70	389	122	65	133	157	178
170	69	458	146	62	107	122	155
187	65	379	145	73	92	102	137
194	63	367	126	80	99	118	146
193	61	368	128	86	134	152	160
201	77	488	168	95	129	143	130
195	85	444	160	98	124	146	137
197	84	441	157	84	127	145	171
193	86	465	165	79	129	136	163
217	88	465	175	72	91	96	145
208	80	407	143	67	82	95	141
228	74	424	139	62	83	85	136
237	76	427	138	67	112	122	116
237	80	477	139	67	128	135	122
217	81	495	128	76	130	137	130
