0	1	2	3	4	5	6	7
76	91	282	191	69	34	32	43
77	57	299	198	73	35	53	46
80	58	356	258	87	34	57	44
78	56	370	278	100	35	59	41
96	66	368	290	106	40	75	58
99	69	430	340	123	48	83	60
100	74	435	372	125	46	74	59
108	72	379	344	131	53	74	66
109	77	433	324	120	52	84	67
101	78	455	313	111	51	77	55
104	77	412	321	105	45	69	56
103	72	384	314	113	54	73	57
121	78	370	317	101	49	94	62
126	72	267	355	118	53	90	64
120	70	241	371	120	53	87	65
117	76	192	327	109	52	86	63
118	84	191	298	94	46	83	64
100	93	196	298	93	47	60	60
89	92	211	238	72	42	50	57
70	88	185	208	70	38	63	48
67	105	213	189	66	36	66	47
64	103	267	230	72	37	61	44
48	94	333	261	74	36	58	34
48	102	345	262	73	39	59	33
47	131	353	263	78	41	42	34
46	131	354	276	86	44	53	43
51	190	342	263	82	43	55	40
72	260	286	232	81	46	58	45
71	271	256	226	82	53	58	43
75	270	248	224	75	64	76	45
83	288	220	223	83	69	67	41
98	360	194	210	98	72	65	43
109	411	184	189	98	72	65	44
120	462	196	194	97	69	66	50
128	533	198	184	96	90	41	51
127	542	220	152	82	95	42	48
120	492	207	150	70	94	57	49
105	456	224	289	99	91	55	44
92	408	223	294	105	94	57	38
88	348	225	305	109	69	59	38
83	313	193	309	111	72	58	38
78	290	172	288	103	75	44	37
95	264	160	150	66	74	67	39
97	261	186	137	59	78	63	43
92	237	287	126	64	98	62	46
93	246	296	109	59	94	61	46
86	256	304	104	59	93	61	55
62	232	302	91	61	151	50	57
82	332	309	76	59	160	58	66
115	381	276	53	52	147	61	71
118	378	282	55	52	146	60	72
121	401	280	58	51	183	61	67
131	416	305	67	57	158	52	68
119	350	326	67	55	156	42	59
99	305	327	75	56	169	41	50
135	349	351	80	66	401	54	79
162	369	381	98	80	404	59	85
162	354	492	105	101	404	67	98
180	372	538	109	113	493	79	108
177	352	535	105	112	539	81	117
153	320	572	102	112	453	78	103
188	409	644	115	108	440	78	123
208	484	599	112	88	448	70	121
213	463	549	109	73	363	68	146
269	533	592	108	80	433	73	216
283	539	554	108	72	378	70	231
254	463	490	82	72	378	63	225
243	401	518	111	81	367	72	224
237	420	540	117	80	350	62	212
186	418	477	117	73	133	58	140
165	414	465	119	75	118	69	113
151	401	480	115	73	102	88	102
132	394	398	97	66	74	87	93
118	373	367	156	88	66	86	71
96	270	381	170	94	48	90	60
88	258	397	173	94	48	85	57
107	253	467	187	109	52	67	55
105	207	460	198	110	51	58	49
97	200	448	170	99	50	59	48
89	191	433	173	100	51	48	35
94	184	410	181	104	53	39	32
99	160	249	267	120	57	39	32
114	170	236	292	124	56	37	33
115	162	212	291	122	52	43	35
123	154	202	284	116	48	69	45
125	137	210	359	142	51	71	55
113	122	210	326	119	38	71	63
123	118	204	309	115	46	74	67
187	123	219	308	115	47	83	77
189	127	219	330	124	50	102	80
196	134	243	264	97	46	107	77
209	124	274	298	109	62	141	75
211	112	278	288	100	72	229	81
162	98	275	298	103	72	254	80
168	77	290	277	91	92	367	85
189	67	266	266	91	141	490	117
179	66	216	201	70	144	506	117
172	63	215	194	72	139	478	116
170	67	205	166	65	140	471	112
159	56	153	155	64	128	391	104
112	47	130	135	47	73	230	61
96	45	104	85	44	56	188	58
72	43	75	73	36	48	177	47
54	33	55	58	31	44	208	42
43	35	47	54	32	44	217	41
44	39	64	57	35	37	204	41
41	37	65	61	34	34	194	35
39	36	64	60	38	35	194	34
42	36	64	61	39	32	155	35
38	33	63	60	36	30	127	34
36	30	45	50	32	30	129	36
36	33	95	62	42	28	136	36
38	35	97	68	45	28	135	34
39	34	98	67	44	29	114	35
41	42	100	68	45	24	116	32
41	40	111	84	47	30	123	30
42	43	159	91	61	35	105	31
43	44	236	124	74	41	111	31
42	44	251	128	76	40	131	31
37	39	252	131	77	41	116	31
41	42	250	119	76	39	105	36
41	39	209	115	59	36	121	37
38	37	142	102	46	30	117	38
37	38	143	107	46	31	93	35
37	37	142	109	45	32	99	36
32	34	137	112	44	31	92	30
30	34	131	107	46	30	80	30
28	31	104	91	37	27	89	28
30	33	73	87	33	28	87	30
29	33	69	83	32	25	80	27
31	31	68	78	31	27	91	29
31	28	70	72	29	26	82	26
32	31	104	67	28	30	85	27
30	27	105	63	37	28	87	27
34	30	108	64	38	33	111	31
33	32	119	81	38	31	107	31
33	32	122	91	38	32	107	32
32	31	95	95	40	30	93	31
37	31	86	91	32	32	105	35
34	30	84	92	36	27	84	32
35	30	68	77	36	28	76	34
34	31	65	70	35	30	75	34
35	31	74	66	33	29	106	36
30	31	72	68	34	28	93	34
30	34	71	63	32	27	89	33
27	32	71	62	31	27	101	32
30	36	70	60	32	25	102	31
30	37	56	53	33	25	72	30
34	38	84	73	33	24	76	27
32	36	89	79	34	26	72	28
37	37	88	81	35	30	82	26
37	35	87	77	33	29	82	28
40	36	83	78	39	32	78	28
38	34	52	58	40	31	95	31
40	34	83	99	47	32	98	32
36	32	83	103	48	30	78	31
33	29	85	104	50	30	77	29
31	26	84	108	46	28	81	29
29	26	86	107	46	31	69	30
27	25	51	70	36	28	62	29
