0	1	2	3	4	5	6	7
39	39	34	30	22	24	23	22
38	42	34	32	23	25	22	22
39	42	38	29	23	25	24	22
34	39	37	28	24	25	21	24
32	37	38	29	25	25	21	23
32	40	42	34	25	25	19	24
34	38	41	31	23	26	24	23
48	56	50	36	31	24	24	26
48	61	50	36	32	23	28	25
54	69	54	38	33	24	27	26
53	66	50	35	36	25	27	25
52	67	51	35	36	24	26	25
39	52	40	32	31	24	25	25
39	48	41	31	31	28	22	25
30	36	34	27	31	25	23	23
30	36	36	26	31	25	23	25
28	39	33	29	31	25	21	26
30	38	33	28	31	26	23	24
30	40	34	30	28	23	22	24
31	41	37	29	28	24	24	26
30	43	35	29	26	23	25	24
32	42	38	27	27	25	26	23
33	41	38	27	30	23	25	24
31	36	36	27	30	22	25	25
30	37	40	31	30	23	23	24
37	43	43	34	30	22	22	24
36	39	41	33	30	23	24	25
39	47	43	35	28	23	23	23
39	48	44	36	30	22	25	22
42	49	37	33	29	25	28	22
35	42	34	31	30	24	28	23
37	44	42	32	33	23	27	21
30	40	38	30	32	23	27	24
31	38	38	32	32	23	25	24
29	39	38	31	33	24	23	24
31	40	40	34	34	25	21	24
32	39	34	31	33	25	18	25
30	38	33	31	31	25	20	23
33	43	36	30	31	25	21	24
34	41	35	29	30	23	24	24
36	43	37	27	28	23	23	27
34	44	37	29	24	22	25	26
35	43	37	30	27	22	24	27
31	39	34	29	27	24	23	25
30	40	38	30	28	25	23	25
28	37	33	29	28	26	26	22
30	35	33	30	30	25	26	26
28	34	35	30	29	25	25	25
34	37	36	32	31	23	26	26
35	43	37	33	29	24	24	26
37	44	36	33	28	25	23	25
39	54	40	33	26	25	22	24
39	54	41	33	26	24	23	23
37	52	41	34	23	24	24	20
35	46	35	33	23	24	25	21
34	47	40	33	24	23	25	23
33	37	37	31	22	24	25	23
35	40	36	30	23	24	27	23
34	39	37	26	24	23	26	25
35	43	42	27	27	23	25	24
37	43	40	26	28	25	23	23
36	40	37	26	28	25	22	22
34	40	40	27	30	23	20	21
33	38	39	27	30	24	18	21
33	34	36	28	30	25	19	20
32	34	38	28	30	24	21	23
28	34	38	28	30	26	22	23
29	35	38	28	28	29	21	25
28	36	36	29	29	29	24	24
26	36	35	29	28	29	22	24
27	35	33	29	30	28	22	21
30	36	35	29	32	25	23	23
30	35	29	29	32	24	25	23
30	32	30	28	29	24	23	24
33	35	33	27	32	22	26	24
31	34	34	26	28	23	27	26
31	37	38	26	26	25	30	24
34	40	43	30	24	25	28	24
34	40	44	30	27	28	27	24
32	40	44	30	25	28	27	26
35	44	42	32	25	28	25	24
33	39	37	32	25	27	20	24
32	37	32	30	27	25	22	25
35	41	36	30	25	24	23	26
34	40	33	31	26	25	24	24
35	38	37	30	27	24	24	26
36	40	38	31	26	23	25	25
34	39	39	30	27	26	24	25
30	33	34	28	26	25	23	26
31	34	37	27	26	24	23	27
27	32	33	29	23	24	25	26
26	32	31	29	25	24	24	27
28	36	34	29	26	22	22	27
32	38	39	31	28	22	22	26
33	38	36	31	26	23	20	24
34	39	37	32	29	24	20	22
35	40	42	31	29	25	22	22
38	47	42	32	28	28	22	23
37	47	40	32	30	27	23	22
35	46	40	33	31	27	22	23
34	46	41	31	30	27	22	23
32	44	39	30	31	27	23	23
29	32	35	29	29	26	24	21
26	30	34	27	28	26	22	22
27	35	41	29	29	27	23	22
30	34	37	28	28	24	22	24
31	37	37	29	29	25	24	24
34	39	38	30	28	23	23	25
36	44	40	31	27	23	25	25
39	44	35	29	26	22	24	26
38	43	36	29	31	24	24	25
38	43	38	30	30	22	21	25
36	42	39	29	29	24	21	24
38	37	38	28	30	25	19	22
36	34	37	31	30	26	21	22
35	35	38	32	27	25	22	21
35	35	35	30	26	26	22	20
35	34	34	30	29	26	23	22
33	35	35	33	27	25	23	23
30	34	34	30	27	28	26	21
31	33	36	31	26	28	23	22
30	30	34	31	28	28	26	23
32	34	37	32	30	28	26	23
31	32	37	28	30	28	25	23
33	31	35	29	30	24	22	24
34	40	36	32	31	24	23	25
36	45	41	32	31	23	19	24
33	45	40	35	28	22	22	22
34	49	42	37	29	24	22	24
32	49	43	37	30	26	23	25
30	43	41	32	29	26	22	24
30	39	38	33	29	26	22	23
33	36	38	27	28	26	23	23
33	38	33	30	29	24	22	23
42	46	35	30	32	26	20	22
42	47	34	31	33	24	18	23
42	49	32	32	32	26	20	24
42	54	36	36	33	26	17	24
43	50	37	32	33	28	20	24
36	43	34	33	29	24	22	25
38	44	34	33	28	25	24	24
37	50	38	30	26	24	23	23
34	45	36	28	28	24	25	24
32	45	36	26	26	23	25	23
34	47	38	30	27	28	25	24
30	44	38	30	29	27	25	24
35	40	37	33	29	27	25	26
35	38	35	31	28	27	26	25
36	40	36	34	29	26	23	24
36	42	36	34	28	22	26	25
36	42	37	35	27	22	25	24
32	40	36	34	28	23	28	22
30	44	38	37	27	21	26	23
30	42	39	35	25	20	28	24
28	41	42	33	27	21	26	22
28	40	40	31	25	22	26	23
30	39	38	30	25	21	23	22
32	35	38	29	28	24	23	24
34	33	39	30	27	28	22	23
37	40	38	30	28	29	22	24
37	41	40	31	28	30	23	26
36	44	44	31	28	31	21	26
36	45	43	29	29	32	22	23
36	47	43	29	30	31	23	24
33	46	43	29	28	29	23	23
34	47	42	28	27	28	23	21
35	46	40	27	27	27	24	21
34	44	41	29	25	25	24	21
32	45	39	28	25	24	22	22
38	43	36	29	25	23	21	21
38	41	36	30	26	24	22	21
36	41	36	29	24	24	21	24
41	43	35	32	24	23	23	23
39	40	34	31	26	21	23	23
35	37	34	34	26	24	24	24
37	38	36	35	28	24	23	25
35	35	36	36	29	24	23	23
33	34	35	32	30	26	23	25
34	34	35	34	29	28	25	24
32	29	37	30	30	29	25	24
31	32	35	27	30	28	25	23
32	38	34	26	31	27	25	25
31	39	35	27	33	27	23	22
30	44	41	30	30	27	22	24
36	47	39	28	29	25	24	25
35	44	38	29	28	26	27	25
35	41	39	29	26	26	27	24
36	41	37	29	25	25	27	26
35	36	32	24	27	27	28	24
33	38	34	26	27	27	26	24
35	40	36	26	27	27	24	23
32	38	35	26	26	27	24	24
31	37	36	28	25	26	24	25
35	37	35	29	26	26	22	24
32	36	32	30	27	25	23	23
32	39	32	32	28	26	23	23
35	39	33	32	28	27	24	21
36	44	39	30	28	27	23	22
34	44	42	31	29	27	24	22
34	44	42	29	30	28	23	22
34	44	41	29	31	26	24	24
37	46	42	28	32	27	22	25
34	41	38	30	33	28	25	24
32	42	37	29	29	25	23	25
32	39	35	30	27	25	24	25
32	39	38	29	24	24	22	23
31	38	37	28	24	24	25	24
30	38	34	26	22	28	24	24
30	39	32	26	28	27	24	22
31	39	33	24	28	25	26	22
32	37	35	25	27	28	25	24
30	38	37	26	28	27	24	22
34	41	38	26	27	22	24	22
35	41	39	27	24	24	24	23
34	42	38	28	26	26	21	22
32	45	40	28	26	24	22	21
33	45	39	30	27	25	21	23
30	43	39	30	27	25	20	24
35	44	42	32	26	26	21	24
37	46	42	32	24	26	21	24
36	42	36	30	23	30	21	24
37	43	36	29	26	29	24	22
38	45	40	29	27	29	22	21
36	43	38	27	26	28	22	22
33	41	41	27	31	29	22	21
35	42	44	28	32	25	23	21
33	41	41	26	29	25	24	21
32	36	38	26	30	26	26	21
30	36	39	28	31	26	28	20
31	39	39	30	28	26	28	22
31	38	34	29	27	27	27	24
30	36	36	33	44	30	27	25
29	36	36	33	42	29	26	25
29	38	34	31	45	29	24	25
31	42	43	30	48	28	25	24
31	41	43	31	50	26	25	25
34	43	43	27	36	21	24	23
35	45	45	27	35	23	23	24
35	43	44	27	34	24	27	24
38	44	39	31	34	23	26	23
38	45	39	32	30	23	24	21
38	46	38	32	33	23	22	23
38	50	41	33	34	22	23	23
37	49	41	32	32	19	19	23
35	48	43	29	28	21	20	24
34	47	43	30	28	20	22	25
32	43	44	29	28	22	22	25
34	42	45	32	25	21	24	24
34	42	46	31	25	21	26	25
28	34	41	29	27	22	25	25
32	35	44	33	30	25	25	25
33	37	44	33	27	25	26	26
29	31	37	27	31	26	24	25
33	36	43	30	33	26	23	24
34	36	43	30	31	24	22	22
30	38	40	26	28	23	23	21
32	42	39	26	30	22	24	20
32	43	39	27	27	22	22	21
28	41	35	27	24	22	23	22
32	51	38	29	25	23	24	23
34	50	38	29	30	25	22	24
31	46	38	30	29	25	22	23
34	47	40	31	27	25	23	23
35	49	39	28	28	27	23	24
33	37	32	27	28	28	22	25
33	39	34	29	26	26	25	25
34	41	33	28	27	27	24	25
34	43	35	31	28	28	24	27
34	41	35	30	29	26	25	26
33	42	34	29	30	27	24	24
32	43	40	28	27	28	24	25
30	39	39	29	27	27	26	24
31	38	37	28	27	26	25	25
31	41	40	30	25	27	25	26
31	41	41	33	25	27	26	25
29	38	33	30	26	27	26	25
33	43	34	31	27	27	26	25
29	49	35	28	27	26	25	23
31	46	32	28	27	24	24	22
34	51	35	28	26	26	25	23
34	53	39	29	28	27	21	21
34	51	38	28	26	29	22	22
36	43	38	30	27	28	24	23
34	47	39	33	27	31	25	23
32	39	37	29	29	29	24	25
33	42	39	31	25	30	25	24
30	46	38	31	26	28	23	23
29	45	38	29	24	28	23	23
34	46	40	27	23	25	22	23
34	47	38	28	22	26	23	22
35	42	33	29	25	21	24	23
35	37	32	27	24	25	24	24
35	37	32	28	26	24	28	26
32	36	33	28	27	26	27	26
32	35	35	28	26	24	27	25
30	33	35	29	25	27	26	26
36	41	34	30	25	25	28	28
38	41	34	29	24	26	23	26
36	36	29	31	23	25	22	26
38	39	29	31	27	25	24	25
37	41	31	31	27	24	28	27
34	34	34	32	28	22	26	24
32	36	36	32	28	22	24	25
32	36	37	31	28	23	26	23
30	36	37	33	26	26	27	26
32	37	36	30	25	25	23	24
30	36	38	29	27	26	24	24
30	36	38	32	28	26	25	25
32	39	38	29	30	26	25	25
34	41	38	26	29	24	24	23
34	40	38	27	29	23	25	22
33	42	36	27	27	26	25	23
40	48	37	23	27	25	25	22
39	47	38	26	25	26	25	23
39	46	37	27	28	28	24	22
37	47	36	28	28	29	22	24
35	47	37	27	28	26	21	22
28	42	34	28	25	30	21	23
29	42	34	27	28	29	19	23
26	41	34	27	24	27	20	24
29	45	39	31	26	28	21	24
30	43	36	31	26	26	22	25
30	44	35	30	27	25	22	24
31	40	32	30	24	25	23	23
30	39	37	29	25	25	24	22
26	35	32	24	23	27	23	21
30	35	32	24	24	27	22	22
29	33	33	24	23	24	21	22
31	39	36	29	27	25	24	24
31	38	31	27	26	25	23	25
32	38	29	27	28	24	24	25
34	44	37	27	26	27	25	24
33	45	41	29	27	28	26	26
32	43	41	29	23	27	25	23
33	45	43	30	25	26	26	25
34	43	43	29	27	26	24	24
30	37	41	30	28	23	24	24
36	43	40	30	28	24	23	21
35	44	41	26	29	24	22	22
37	45	42	31	29	24	20	20
38	45	43	31	27	24	21	22
38	46	39	31	27	24	22	20
33	38	37	29	26	23	22	21
33	37	36	30	26	23	22	21
32	35	33	28	26	24	23	21
28	37	32	28	26	24	25	19
32	37	32	29	25	24	23	23
30	36	32	28	28	23	21	23
29	40	31	29	31	23	21	23
29	39	34	28	30	24	21	25
30	37	33	29	29	23	20	29
34	42	42	29	32	26	21	26
36	43	43	30	30	27	27	26
37	41	44	31	28	25	26	26
36	41	43	34	28	23	25	25
37	45	43	34	28	26	24	23
32	39	35	30	25	23	26	24
33	44	37	30	26	22	21	22
32	44	40	31	27	26	21	21
32	43	42	30	27	28	23	21
32	43	44	30	29	25	24	20
31	44	45	33	28	28	23	20
33	44	48	32	30	28	23	21
33	43	43	30	28	26	24	20
39	43	41	29	28	25	22	20
38	38	41	29	26	24	23	20
37	37	38	26	27	25	23	21
38	36	34	27	25	27	23	22
38	36	35	29	27	27	25	24
31	33	34	24	26	26	26	24
31	35	33	25	26	30	24	25
31	34	34	27	26	27	24	24
28	29	33	29	30	25	23	26
29	33	31	27	27	25	21	26
29	37	32	29	29	27	22	26
30	37	31	28	28	26	22	25
30	39	33	30	29	27	20	24
29	40	37	28	25	26	23	23
28	38	37	26	27	26	22	23
28	35	36	27	26	25	20	22
32	42	39	29	27	25	20	24
34	39	38	26	23	23	21	24
35	39	33	28	22	22	17	25
36	39	35	28	23	25	18	24
36	40	34	27	23	25	24	24
33	31	33	26	23	25	23	25
33	38	35	27	26	24	24	26
35	42	35	26	28	26	26	22
33	42	33	27	26	26	28	24
33	44	36	28	27	25	25	25
34	46	38	28	29	26	25	24
33	42	36	28	29	29	24	23
30	35	34	27	28	29	23	25
30	36	35	27	31	26	23	23
32	31	31	26	31	26	23	24
33	30	26	28	31	25	24	25
31	28	25	28	30	23	25	24
34	35	30	28	30	23	25	23
33	32	30	27	27	23	22	23
32	36	30	32	26	26	22	22
28	36	32	29	25	26	25	20
31	40	33	30	25	27	22	21
29	35	30	31	26	26	24	21
32	39	30	30	27	26	25	20
34	37	30	27	27	24	23	23
35	39	27	25	26	24	21	21
34	38	29	26	26	21	24	23
34	41	34	26	24	22	23	22
33	39	37	26	21	22	23	24
32	37	38	26	23	21	26	22
32	34	39	29	24	22	25	23
30	41	38	28	22	23	25	21
29	38	32	26	25	22	27	22
28	39	31	28	26	23	26	22
34	47	36	27	26	22	26	21
34	48	35	24	25	21	27	21
35	41	35	23	27	22	25	23
35	42	36	25	28	24	22	24
36	42	37	23	28	24	25	22
35	34	32	23	25	25	23	24
34	38	36	27	28	26	22	25
33	39	35	28	29	27	25	23
32	40	34	28	28	25	25	24
34	41	34	30	28	26	23	25
30	43	36	29	28	26	25	22
30	38	34	29	30	26	28	21
30	38	33	28	28	24	26	22
36	43	40	32	27	26	26	22
34	41	37	29	27	26	26	21
34	40	38	31	33	24	24	23
33	42	37	30	29	24	25	25
35	41	41	31	29	23	26	26
31	36	36	27	31	21	23	26
29	34	39	28	30	22	24	26
30	37	39	27	27	24	23	26
31	35	39	28	28	27	23	25
28	36	35	26	27	25	22	25
30	37	36	29	30	26	23	23
32	38	35	28	29	25	22	24
35	38	35	29	27	23	22	23
35	38	33	27	27	22	19	24
34	37	34	31	28	22	20	22
32	39	35	29	23	22	19	23
30	40	35	32	23	20	19	24
27	36	33	28	25	19	22	24
27	35	34	30	24	20	23	25
32	39	37	34	26	22	22	24
30	36	35	34	25	22	23	22
33	39	36	34	26	25	22	23
32	38	35	35	27	28	21	22
32	39	36	35	29	28	22	20
29	35	31	29	26	28	22	20
33	36	31	27	28	28	21	20
34	34	27	30	30	27	22	19
34	38	30	28	28	25	23	18
35	38	29	29	26	23	25	22
34	40	34	32	29	23	25	24
30	39	35	31	28	22	25	25
29	37	37	30	28	22	27	23
29	34	34	31	27	23	26	24
30	39	36	31	27	25	24	24
31	36	32	25	27	24	24	23
36	45	36	29	30	25	26	24
35	44	35	31	28	24	24	25
37	45	39	32	29	27	25	26
35	43	40	30	28	25	23	23
33	44	39	31	26	25	22	24
30	37	36	30	28	25	22	23
31	38	36	27	30	27	22	23
27	36	34	28	29	23	21	22
27	33	29	29	34	24	21	24
34	36	33	33	33	25	23	23
31	35	32	31	30	23	21	22
33	38	35	32	29	25	19	22
34	37	32	30	28	26	19	23
35	39	35	30	26	27	22	23
30	37	35	25	27	24	20	23
30	38	35	25	26	26	22	24
32	36	36	26	29	23	23	24
33	38	36	26	30	22	24	23
33	37	36	25	30	20	24	24
33	37	37	25	31	23	25	23
33	35	36	28	31	22	25	25
31	34	32	26	27	24	25	24
28	34	32	28	27	24	25	24
26	33	37	30	26	26	24	24
29	35	34	30	23	24	25	25
30	37	37	28	25	25	24	22
30	36	37	30	25	23	25	23
33	35	38	29	28	26	24	24
33	34	34	27	28	26	23	24
34	40	34	28	28	26	28	23
35	39	33	27	28	29	28	26
33	39	34	26	29	29	28	25
33	38	33	25	26	28	28	26
37	43	33	26	25	29	29	26
32	36	32	24	25	30	25	27
30	35	29	24	26	27	25	23
32	36	38	24	26	27	25	26
30	41	42	28	27	27	26	25
26	37	41	26	28	26	25	24
26	36	41	26	27	26	23	23
28	37	45	28	25	25	21	24
26	36	36	28	26	25	21	23
25	31	30	23	27	26	22	22
33	34	35	27	26	27	24	21
35	38	36	28	26	27	26	23
33	37	31	28	27	27	28	22
34	38	33	28	25	27	28	22
37	38	32	29	22	27	26	24
31	35	29	26	23	24	26	25
30	35	31	27	24	26	24	23
32	37	32	25	25	27	20	23
34	38	34	30	26	25	20	24
34	40	36	31	26	27	22	22
35	38	34	29	24	27	20	22
34	37	35	32	26	26	21	21
34	36	35	32	23	24	23	23
33	34	34	30	25	25	21	24
30	33	35	28	25	22	21	24
30	35	35	30	28	24	24	24
31	36	32	30	28	23	25	24
33	36	34	29	30	24	24	23
33	40	35	31	29	23	27	22
34	38	35	33	31	22	29	22
35	37	36	31	29	23	28	24
33	36	35	32	27	23	28	24
31	35	38	33	27	22	28	24
29	31	35	28	27	22	25	23
27	33	38	27	26	23	24	22
26	35	40	30	26	20	24	22
27	33	41	24	25	21	23	23
25	37	35	24	23	22	23	23
25	40	37	27	27	23	26	23
29	39	36	27	27	22	25	24
27	38	34	26	28	22	24	23
29	41	33	26	28	24	25	25
29	39	36	28	30	24	28	23
32	41	34	28	28	23	27	23
32	43	33	29	27	26	26	23
33	44	31	31	29	25	26	25
32	43	32	30	30	24	28	24
34	42	31	31	28	27	27	25
31	40	34	29	26	27	26	24
37	43	34	32	27	26	25	23
37	41	36	31	26	29	27	21
37	40	36	32	25	30	24	22
42	44	37	32	25	28	23	25
44	44	35	34	27	30	23	26
41	41	35	31	26	29	24	27
41	44	39	30	24	27	24	26
40	43	38	30	25	27	25	27
33	38	36	30	23	26	23	24
31	38	38	27	27	24	27	25
28	38	40	25	28	25	25	24
26	36	35	24	30	26	25	24
24	38	37	25	30	25	25	23
29	39	41	25	31	24	27	23
28	35	38	28	28	24	24	24
28	32	34	28	27	25	27	23
28	35	35	28	26	25	26	26
30	34	36	28	27	24	24	25
25	34	31	27	27	24	22	25
27	35	33	25	25	24	24	24
27	38	35	25	24	23	20	26
29	34	32	25	26	23	22	22
30	36	33	26	24	23	24	23
31	36	36	27	23	24	25	23
32	35	35	25	23	23	24	22
32	32	34	26	26	24	25	20
31	33	35	26	23	24	24	22
29	31	33	27	24	24	25	21
30	31	31	26	26	24	25	21
35	43	33	28	28	23	24	23
36	44	33	27	28	21	23	22
38	49	34	29	30	23	25	21
40	52	35	26	29	25	21	21
39	51	36	26	28	24	21	20
34	46	37	25	26	24	22	23
35	46	39	29	24	27	23	25
33	40	37	27	23	26	23	26
32	36	37	27	28	23	24	27
33	38	36	27	28	24	24	29
30	35	33	29	29	24	24	25
29	33	31	23	29	21	21	25
29	36	36	25	29	19	23	23
28	35	36	26	25	20	23	22
27	33	35	27	23	21	26	21
28	32	35	28	25	22	29	21
29	33	36	29	23	22	31	21
29	31	31	29	24	23	28	24
29	34	32	27	24	26	29	24
29	34	32	28	27	25	27	24
27	33	30	28	27	27	25	26
29	42	35	28	28	27	23	24
28	42	37	27	28	28	24	24
36	42	36	29	28	27	22	22
36	43	36	27	28	27	26	22
36	44	36	26	27	26	23	22
37	42	34	27	28	27	25	23
36	41	32	31	28	26	28	22
29	44	38	30	28	24	28	24
32	48	41	34	27	24	27	23
34	47	40	34	26	22	27	23
32	41	37	32	24	23	29	26
35	42	40	30	22	23	24	25
37	40	36	29	24	22	25	24
34	33	31	26	23	22	24	26
34	35	33	27	28	22	24	25
33	36	33	27	31	20	21	23
32	35	31	28	32	20	25	24
28	35	28	28	30	22	26	25
29	38	32	28	33	24	26	25
28	38	32	30	30	25	28	25
32	44	34	31	29	26	28	25
31	43	35	29	28	28	25	24
30	43	41	28	28	26	25	21
31	44	43	30	26	26	25	21
31	44	42	27	27	27	26	21
31	42	42	29	29	26	27	23
31	42	42	29	27	25	26	24
33	40	36	30	27	26	26	25
32	41	32	28	29	26	25	26
30	41	32	28	28	25	25	26
27	37	31	28	25	25	24	26
32	41	30	31	29	26	24	26
35	40	30	29	29	26	26	27
37	39	28	27	29	25	25	26
37	37	30	30	29	23	24	28
41	41	32	27	30	27	23	26
36	37	31	24	26	26	23	25
34	40	36	26	26	25	23	24
34	38	36	29	26	26	23	24
34	37	34	26	25	26	22	22
34	35	29	27	24	22	22	24
36	36	33	28	26	21	24	24
34	36	32	30	25	21	21	25
34	36	32	29	23	22	22	24
34	43	35	30	27	22	24	25
30	39	35	29	26	23	44	23
28	37	32	30	24	25	54	22
29	38	32	28	27	25	54	25
31	41	31	27	26	25	53	26
34	38	32	28	25	25	53	26
36	40	35	27	26	26	39	25
36	41	34	28	28	26	20	25
35	39	33	28	28	27	19	24
30	36	31	28	26	26	20	23
34	38	32	25	24	26	19	23
31	36	29	25	23	25	19	23
32	37	32	22	22	25	21	25
33	36	34	22	20	22	22	24
36	35	35	23	22	23	23	24
30	31	32	25	24	23	23	24
33	35	34	24	26	23	24	24
33	36	33	25	27	23	23	21
33	42	33	25	27	25	23	23
32	43	33	28	28	25	24	24
31	44	37	28	26	24	26	22
32	45	35	29	28	25	26	24
35	47	39	31	27	24	27	24
32	41	36	31	29	23	27	23
32	41	38	29	30	23	26	24
31	37	35	29	29	23	24	24
30	31	35	28	28	21	23	23
28	31	30	26	28	21	22	25
28	31	33	25	28	22	23	25
30	32	31	27	28	23	21	21
31	37	35	26	30	27	23	26
31	38	35	29	29	25	21	26
30	38	36	27	28	25	24	25
31	37	33	26	27	24	22	24
29	37	34	27	25	24	23	25
28	34	33	27	26	24	23	22
28	34	34	26	26	24	25	22
30	32	33	27	28	25	26	21
30	37	36	29	28	26	26	21
31	37	34	28	27	26	25	22
30	38	32	27	24	24	25	22
31	39	33	27	26	24	25	20
28	38	33	28	25	23	23	21
29	36	30	26	25	25	23	21
28	36	31	24	25	22	23	23
30	39	33	28	31	21	25	25
30	39	33	27	31	21	23	27
32	41	37	27	32	22	20	26
32	38	37	29	31	21	22	29
33	39	38	29	32	22	23	27
34	40	37	28	28	23	22	25
35	40	35	26	29	23	25	24
35	43	30	25	27	25	24	27
34	44	34	25	25	25	23	25
33	42	32	25	28	25	23	24
30	38	28	23	27	24	20	24
33	39	31	28	25	24	18	25
33	40	36	28	26	22	18	20
32	42	32	27	27	20	20	18
33	40	36	28	25	19	21	21
36	42	37	30	26	19	22	22
35	52	42	26	24	19	21	23
32	48	37	28	25	18	21	24
31	48	39	26	25	19	21	25
32	49	37	27	27	22	21	23
33	50	38	26	27	23	23	25
31	39	34	29	28	26	22	25
32	38	35	25	32	27	21	24
31	36	34	29	32	27	23	23
30	35	31	27	29	25	21	22
33	39	31	26	28	24	21	22
33	45	39	29	30	21	23	22
36	47	39	32	26	21	23	23
37	48	39	30	27	21	21	25
37	47	41	35	27	20	23	26
34	41	40	34	27	21	23	25
33	32	32	32	26	22	24	24
32	31	33	29	29	22	25	23
34	36	34	33	29	22	25	22
33	40	36	30	29	23	25	21
32	43	37	31	31	24	24	20
32	44	36	28	31	24	24	21
30	41	36	29	29	23	24	21
31	37	35	26	29	24	24	23
30	34	31	26	30	24	24	22
32	33	32	25	26	25	24	24
32	36	33	25	29	25	23	23
31	40	34	26	28	25	24	23
28	40	35	27	29	26	24	21
27	41	36	26	29	26	25	25
27	41	38	26	29	26	27	23
24	37	37	25	26	26	30	23
30	40	39	27	24	27	28	22
28	41	36	30	26	26	28	25
33	45	40	30	28	26	27	23
32	43	34	30	29	26	23	22
34	45	36	30	27	25	22	24
30	42	37	27	29	25	22	24
32	42	38	28	28	24	22	24
27	35	33	26	25	25	22	23
30	39	35	27	23	23	23	24
29	37	35	29	23	24	20	22
31	40	33	29	25	24	22	25
29	39	32	25	23	25	22	25
32	43	37	25	26	24	25	25
28	38	34	25	28	27	25	25
29	41	33	21	29	26	27	27
29	37	35	20	28	25	26	23
32	38	36	24	28	25	27	22
31	38	34	24	25	25	23	24
34	40	35	29	25	24	25	23
34	38	35	30	26	24	23	22
33	38	35	30	24	26	24	24
30	40	36	27	26	26	25	25
31	36	34	28	27	25	25	25
30	34	36	28	26	26	21	25
29	35	37	28	23	26	23	24
28	33	33	28	28	25	23	25
33	32	33	32	26	26	23	23
32	35	36	31	27	26	24	20
32	38	34	29	25	24	25	24
32	38	32	28	29	25	25	25
33	43	36	32	26	26	27	25
29	39	35	28	26	26	26	26
28	37	31	27	27	26	28	26
31	40	33	25	31	27	29	24
32	45	33	26	30	25	28	24
32	42	30	22	29	26	29	25
33	43	35	23	29	24	28	24
34	44	35	25	29	26	27	25
31	40	31	25	27	23	25	25
32	36	34	26	25	25	24	25
30	36	33	28	25	23	22	24
28	35	28	27	25	24	25	23
27	37	30	26	24	23	23	24
29	36	32	26	23	24	23	23
29	38	34	26	23	26	25	24
34	39	37	25	23	25	24	23
34	38	35	26	24	27	22	23
34	35	35	28	24	27	24	21
35	43	35	28	23	27	25	23
33	37	32	26	25	25	23	22
30	39	30	28	25	25	23	22
31	42	32	28	28	22	24	23
29	41	34	28	27	24	22	23
25	34	33	29	32	24	20	23
29	42	39	30	31	25	21	23
31	40	38	28	30	23	19	24
30	40	37	27	29	24	18	23
32	41	34	25	27	23	17	22
33	43	37	25	25	22	17	24
32	38	30	25	27	23	20	25
31	39	32	27	28	24	21	25
31	37	31	26	26	23	22	26
31	37	35	29	27	23	24	26
30	36	35	29	23	23	25	25
28	33	36	29	22	23	24	23
27	34	37	30	26	23	27	23
28	35	39	31	27	24	25	22
28	39	35	29	27	25	25	22
28	38	33	30	29	27	24	22
28	38	33	29	28	25	24	24
28	38	31	24	25	26	20	23
30	38	30	24	27	26	21	24
29	35	32	24	27	23	21	23
28	34	31	21	26	22	23	23
30	38	30	21	26	22	22	21
28	34	30	25	27	23	22	22
25	33	30	24	23	23	21	20
28	39	29	24	23	25	20	22
29	38	28	26	25	25	16	22
27	37	31	27	24	26	18	23
29	37	32	27	22	27	16	22
27	37	34	27	28	25	22	23
29	37	34	27	27	25	24	24
30	40	34	28	25	25	25	24
31	38	35	26	23	26	26	23
29	39	35	26	26	23	27	26
32	38	31	27	23	25	23	24
32	34	33	27	25	24	22	25
32	30	33	26	28	24	23	23
35	33	32	26	30	23	23	25
35	33	32	25	29	24	24	22
33	33	33	27	29	23	25	23
31	35	32	27	27	24	25	20
30	36	31	27	25	26	23	21
26	35	35	27	23	26	23	20
27	35	33	27	25	27	23	20
27	36	35	27	25	26	23	20
23	30	34	26	26	24	22	20
26	30	39	24	26	21	24	22
29	35	34	25	27	23	23	21
29	34	36	25	23	22	23	24
33	36	33	23	23	22	23	24
32	37	33	24	25	23	23	27
32	37	30	25	25	28	22	24
32	34	34	24	25	24	22	24
33	38	34	26	27	26	23	22
32	43	37	27	28	27	24	23
32	43	37	26	27	26	25	21
31	41	36	25	27	28	25	22
30	41	35	25	28	28	24	23
31	39	34	25	27	28	23	23
28	31	31	26	26	27	24	22
29	33	32	25	26	27	25	21
29	38	32	27	27	21	25	25
29	36	32	26	27	22	24	24
31	38	34	27	25	21	26	23
31	39	34	29	27	24	27	26
31	38	34	28	25	24	26	26
31	34	35	29	27	24	25	23
32	41	36	30	29	23	25	22
33	42	35	30	31	24	26	25
34	40	35	30	29	26	23	22
34	41	33	33	30	26	22	22
35	43	30	30	29	26	24	22
35	39	27	31	30	29	23	25
32	36	27	30	29	27	23	25
36	47	30	30	31	25	22	27
36	46	31	28	30	25	22	27
36	47	34	30	30	25	20	27
34	47	33	30	27	24	22	26
34	45	35	29	27	26	21	23
30	35	32	26	24	25	23	21
30	39	34	26	24	24	22	21
26	35	32	27	21	25	25	21
28	34	34	26	23	23	26	19
27	35	35	27	25	21	27	20
25	35	36	29	26	21	26	23
28	37	40	32	27	23	25	22
29	38	41	29	31	22	22	24
29	40	39	30	28	22	21	23
31	38	36	30	29	24	20	24
33	38	36	29	29	30	21	21
31	34	28	28	30	29	21	23
32	31	29	27	26	29	21	22
31	31	28	26	29	29	23	23
31	31	30	25	26	29	24	23
30	28	28	24	25	22	23	26
27	27	30	27	24	24	23	25
29	28	29	28	25	27	24	26
30	26	29	29	23	29	21	25
27	35	28	27	24	30	21	25
28	36	29	28	25	30	20	25
31	38	29	23	26	27	22	25
28	37	29	23	29	24	21	24
28	39	30	23	29	23	21	24
32	32	29	22	28	20	20	23
32	32	30	24	28	22	22	22
30	34	32	28	30	22	21	22
32	35	29	28	25	26	22	21
32	33	31	28	26	24	25	21
27	33	34	30	25	25	26	20
31	36	35	28	27	25	24	23
36	38	34	26	24	24	23	23
35	38	36	26	26	22	24	23
35	39	36	26	27	24	24	23
41	43	41	27	30	24	22	25
40	43	40	27	32	24	24	22
35	41	41	27	31	25	23	24
35	43	40	27	31	26	22	26
35	42	36	26	31	25	20	25
32	45	29	24	32	26	20	24
31	47	29	27	27	25	19	24
33	49	30	27	29	26	19	23
35	50	29	26	28	23	22	21
38	53	31	29	29	23	23	21
36	50	32	30	26	20	24	22
35	49	32	31	28	22	25	22
38	45	31	29	27	21	25	22
36	41	31	30	28	22	22	24
33	37	33	27	26	21	23	25
32	32	32	27	29	22	23	26
32	33	34	24	26	20	22	25
25	34	31	27	26	21	24	25
30	36	32	27	27	22	25	25
29	35	30	28	26	23	24	26
31	40	31	28	23	25	23	22
31	36	29	28	25	26	22	26
33	36	30	28	24	26	22	25
30	34	28	26	23	27	22	26
31	35	29	26	24	27	22	25
28	32	27	24	26	27	22	25
27	32	28	24	26	27	24	23
25	30	29	24	29	25	22	24
25	31	31	23	30	22	21	24
24	30	28	24	28	23	22	24
25	28	29	28	27	22	23	25
25	27	27	27	27	23	22	23
27	35	29	24	25	24	23	23
27	34	26	26	23	24	23	21
27	33	28	27	23	23	21	20
30	35	32	24	23	22	20	23
35	37	32	25	21	22	22	24
33	34	32	28	22	24	21	25
33	33	35	27	22	25	24	25
34	34	35	26	22	26	23	26
31	31	29	26	23	27	23	22
27	32	27	27	26	29	21	23
28	31	31	25	26	27	25	23
29	32	29	27	25	26	22	21
28	31	29	26	25	26	23	21
30	34	31	25	27	24	24	22
30	34	33	26	25	21	25	20
31	38	33	24	23	22	22	20
28	38	32	24	23	23	21	19
32	43	37	25	27	24	24	21
29	42	36	26	23	24	22	20
28	42	35	24	24	24	22	20
26	39	33	26	28	25	23	21
28	37	35	25	29	26	23	23
24	35	34	26	28	26	22	21
25	32	35	23	30	25	23	22
25	29	36	26	29	28	24	22
27	27	36	25	28	26	23	26
28	29	35	24	28	23	26	25
27	25	28	23	27	21	25	25
28	26	31	26	26	23	25	25
27	24	29	25	28	23	24	25
26	27	27	25	25	22	26	21
25	29	26	27	27	24	23	22
24	30	32	29	26	24	23	24
24	30	28	29	26	23	23	24
26	34	30	31	25	23	25	23
25	33	31	30	26	25	23	25
25	36	36	31	25	25	23	26
26	38	33	29	25	26	23	25
24	38	33	30	26	27	23	25
25	41	33	28	25	28	24	27
26	41	34	28	28	26	25	26
28	44	30	28	27	25	26	23
30	43	33	29	28	25	26	22
29	45	36	25	28	27	25	24
32	42	34	26	31	24	23	22
33	42	37	28	27	26	24	21
32	36	37	26	26	28	25	22
30	34	36	27	27	27	25	22
32	35	37	28	25	25	24	21
28	32	38	26	23	25	24	22
25	32	33	25	25	24	22	24
23	31	32	26	25	20	20	22
27	33	30	28	27	22	20	25
26	31	31	28	27	22	21	23
28	34	31	30	26	24	20	24
29	34	33	30	28	24	21	25
30	35	36	30	28	24	21	26
29	33	37	28	25	23	22	24
29	33	34	27	27	23	22	27
28	30	36	28	30	21	22	26
30	29	37	28	28	21	24	25
31	28	35	29	29	23	25	24
31	31	35	27	29	23	24	24
33	38	39	29	28	22	23	21
33	38	36	26	24	23	24	21
31	38	35	26	25	21	23	25
32	41	37	26	25	21	23	24
31	43	41	27	29	23	24	27
30	37	36	27	31	23	24	28
30	38	36	28	31	23	25	28
30	41	35	26	31	24	24	24
31	41	34	26	31	24	23	27
28	37	26	25	27	22	24	24
27	37	26	25	22	24	25	24
26	36	27	25	22	23	24	26
29	36	33	26	24	23	26	26
28	34	32	26	25	22	26	23
30	33	32	27	27	27	26	24
31	33	34	27	30	26	27	23
33	36	35	29	30	27	25	22
32	33	31	30	30	28	22	23
31	31	30	30	28	29	20	22
31	33	32	30	24	25	19	23
31	31	31	28	22	27	20	23
29	29	30	28	22	25	21	22
28	29	29	27	20	24	23	23
32	39	35	30	21	25	24	23
33	36	33	30	23	25	23	21
32	40	33	32	24	23	21	22
32	40	32	30	24	24	24	23
33	42	35	31	26	25	21	25
31	36	32	28	26	24	24	25
27	39	35	27	25	25	25	26
29	37	33	26	25	23	23	25
28	39	37	30	26	23	21	23
27	35	37	28	27	24	25	21
25	33	34	27	27	22	22	21
27	34	34	35	26	24	21	22
25	33	41	36	26	24	23	21
26	32	37	33	27	23	21	23
29	34	36	34	23	21	19	24
27	35	38	35	22	23	21	23
27	33	36	28	25	22	21	23
29	33	31	27	24	25	21	23
35	38	33	27	22	25	23	22
33	37	33	29	24	29	24	23
34	38	33	29	27	27	23	24
35	37	32	29	24	26	25	24
37	38	32	28	25	25	25	24
30	32	33	28	27	25	26	27
32	34	32	27	26	21	23	24
34	32	32	26	23	22	23	24
32	31	32	25	27	22	21	24
29	30	32	24	26	23	22	26
30	33	31	25	24	25	20	23
29	32	31	23	26	25	21	22
29	31	33	22	28	25	20	22
28	31	32	25	23	24	20	21
29	29	28	26	27	22	19	21
42	33	27	25	30	20	18	22
44	36	30	29	27	21	18	22
44	38	27	30	27	20	18	21
47	40	28	29	28	22	19	23
47	40	31	27	25	23	21	24
34	36	33	32	26	25	21	24
34	37	35	30	27	26	21	25
32	36	38	33	26	26	22	25
26	33	39	31	27	27	21	24
25	34	37	30	27	26	21	20
26	34	37	27	27	25	22	22
22	29	33	26	26	25	20	22
22	31	30	27	28	26	23	22
26	33	29	27	27	22	25	23
30	38	33	31	30	26	25	26
31	37	32	30	30	25	25	24
34	40	35	30	31	24	26	24
36	36	34	27	30	26	23	25
36	34	34	28	32	28	22	24
36	30	35	27	32	25	21	22
41	36	39	29	31	25	21	24
39	34	37	28	31	26	20	23
38	42	38	29	30	23	20	22
39	42	40	28	30	21	24	24
35	40	35	28	28	23	24	25
29	43	32	26	28	22	24	24
28	43	31	28	27	21	26	24
28	38	30	26	34	23	26	24
26	39	26	26	36	24	24	24
50	54	31	24	35	23	24	26
53	52	31	24	34	23	24	28
54	55	33	25	37	23	23	28
54	53	31	24	30	23	22	29
54	54	34	26	24	24	22	29
35	39	31	31	26	24	23	25
33	41	32	30	27	24	24	25
34	38	32	28	27	25	22	25
33	40	32	29	26	24	23	24
32	39	30	28	29	23	21	24
31	42	34	25	28	24	20	25
28	34	35	25	28	25	20	24
25	36	34	26	25	24	20	22
25	37	39	28	27	24	22	23
25	38	39	26	23	26	22	23
26	36	37	25	22	24	23	22
28	36	33	25	21	23	23	23
31	37	33	23	21	22	26	25
30	33	28	22	26	23	25	25
31	32	30	22	27	22	25	23
34	34	34	24	28	24	26	25
35	36	33	25	29	24	24	24
32	33	33	25	29	25	22	25
33	35	35	24	29	22	22	23
34	35	34	25	27	23	22	26
31	33	32	21	30	22	20	24
30	32	32	22	29	22	23	25
32	32	33	28	28	22	20	25
32	32	32	27	26	24	21	26
29	33	32	29	29	25	22	23
28	32	32	31	27	24	23	24
26	32	31	30	28	25	20	25
26	34	33	28	33	27	24	23
27	33	31	30	32	26	23	22
27	31	31	27	32	25	24	22
30	31	28	28	31	25	23	23
39	33	33	30	32	24	24	24
38	32	30	29	29	22	24	25
37	33	34	27	28	20	24	25
38	34	34	28	28	21	25	24
36	38	38	27	29	22	26	25
29	39	36	25	28	22	26	23
31	39	36	25	26	24	24	24
33	39	33	28	31	26	24	24
32	40	36	27	32	25	23	25
31	36	32	27	28	24	22	23
30	32	35	30	28	25	20	24
29	32	37	31	26	23	21	24
27	35	37	29	25	22	23	22
30	33	35	33	21	23	22	23
30	35	34	33	24	24	22	22
30	37	32	30	28	22	24	21
29	36	31	29	29	21	22	19
29	34	31	28	26	22	25	21
27	33	32	24	28	22	24	22
27	32	35	24	26	22	26	26
26	31	36	24	27	24	25	25
26	31	35	23	27	25	28	26
24	28	33	23	27	25	23	24
25	29	33	24	26	24	25	23
26	28	30	22	25	24	25	20
25	27	28	22	26	24	27	19
30	35	34	24	27	26	25	19
36	43	36	25	28	26	27	23
34	45	39	26	27	26	25	24
34	46	40	27	29	26	24	25
37	50	39	28	29	27	24	25
39	50	39	27	29	24	25	26
35	46	38	28	27	27	24	25
37	44	35	29	28	27	24	24
37	43	32	30	28	29	23	23
36	40	39	32	26	29	25	22
32	38	36	34	25	28	26	22
32	36	37	34	28	27	25	21
30	36	37	33	28	26	26	23
34	41	42	32	26	25	26	23
32	42	41	33	24	23	23	24
32	42	42	33	23	23	21	24
33	42	41	34	21	21	24	26
32	44	42	33	22	20	24	24
29	40	38	32	22	20	24	26
32	36	32	32	21	21	23	26
35	37	29	30	23	23	24	26
35	39	33	30	22	25	23	25
40	39	33	31	22	27	23	27
37	42	31	31	29	26	23	26
35	41	31	29	29	27	26	25
32	40	34	29	29	25	25	25
31	39	32	27	30	26	24	25
25	37	31	24	29	26	23	24
26	35	30	25	26	26	23	23
31	39	98	63	35	27	19	23
31	36	131	85	38	30	23	25
32	35	151	92	42	29	23	27
32	35	157	97	44	28	23	25
35	38	162	99	45	28	24	27
33	35	136	83	41	27	25	27
33	38	109	59	37	24	23	26
34	40	81	50	32	23	23	24
33	38	70	41	32	23	23	27
32	40	61	36	28	22	25	23
31	43	52	31	27	22	24	24
30	41	44	31	30	21	23	23
31	40	37	28	30	22	25	25
34	43	37	30	27	20	25	22
32	39	32	30	27	20	25	25
33	38	32	28	28	21	25	23
33	39	31	30	25	21	28	22
31	38	33	30	26	19	30	23
32	40	33	27	26	22	29	23
33	42	37	28	29	26	28	21
32	40	52	35	27	25	28	22
32	38	90	41	28	27	28	22
32	41	123	63	27	28	24	21
34	42	136	75	32	27	24	21
