0	1	2	3	4	5	6	7
53	36	204	205	64	33	28	30
57	37	195	204	65	33	27	35
56	40	210	196	63	32	32	33
60	42	215	179	64	34	30	34
61	43	222	181	66	36	57	32
59	39	223	178	67	34	57	32
62	38	230	184	72	35	59	27
60	36	223	187	72	35	57	26
53	36	233	172	66	33	57	25
37	34	229	169	64	28	35	27
44	35	245	176	64	31	43	28
41	41	294	184	61	33	55	31
43	40	289	188	68	35	56	29
43	43	274	191	68	36	58	33
45	48	308	197	73	36	56	31
39	48	297	190	73	35	53	31
39	49	280	198	77	36	40	28
40	52	282	189	75	40	46	31
47	51	316	223	87	46	60	36
44	49	283	235	91	48	63	36
50	51	310	271	96	47	59	38
52	45	301	262	94	46	61	38
54	44	298	261	92	43	59	38
49	42	263	284	103	38	40	29
53	42	259	269	97	35	56	31
50	42	221	233	90	35	57	31
44	42	204	254	94	36	55	29
52	45	214	274	102	39	53	32
56	45	240	236	88	41	53	32
51	41	237	240	88	41	31	30
52	39	243	244	91	42	28	31
54	41	233	217	88	45	33	31
44	36	218	190	83	44	48	30
39	35	193	200	85	43	51	34
39	38	222	202	83	43	50	33
39	42	208	205	81	43	52	30
36	41	217	206	75	38	49	34
45	45	233	216	71	42	59	35
48	51	265	235	80	41	60	32
48	51	258	284	96	45	61	33
53	57	280	295	106	52	62	36
53	57	272	308	116	56	61	33
46	56	261	305	118	55	42	33
49	52	203	261	103	53	55	34
49	54	204	220	89	49	55	34
43	43	196	215	75	39	53	31
44	41	235	214	67	38	57	32
44	40	261	232	72	34	54	31
38	37	269	233	74	35	51	31
40	37	266	219	75	35	51	31
39	39	258	209	77	36	50	30
39	39	281	201	78	33	47	28
37	38	274	195	71	29	61	25
48	46	296	210	71	27	50	27
49	46	282	216	71	29	51	34
52	51	317	239	81	33	56	36
53	53	303	245	77	32	72	39
59	62	307	234	77	36	61	41
51	58	292	244	83	41	59	38
51	54	305	267	89	48	61	36
48	52	311	248	85	47	72	37
47	49	301	245	87	48	59	38
39	38	292	245	87	47	59	36
41	38	278	221	82	46	60	36
38	38	264	178	72	36	58	33
36	30	205	172	67	32	57	32
35	41	206	149	64	31	56	26
34	40	201	151	63	30	55	26
34	44	236	171	64	29	56	27
33	45	251	174	64	33	69	31
33	49	258	173	66	35	53	29
33	43	250	195	65	34	53	32
33	46	251	198	68	37	64	35
33	45	230	193	69	39	65	35
42	50	217	223	76	39	54	36
45	49	204	222	73	42	59	37
47	52	249	208	72	44	66	36
47	50	263	197	71	43	56	34
46	46	314	227	77	42	55	37
39	41	332	241	77	40	66	35
35	41	340	241	79	41	62	36
31	39	294	234	80	40	54	35
36	42	271	259	82	40	67	35
36	46	237	243	82	42	69	31
36	45	204	208	80	43	57	28
36	46	188	211	79	40	56	25
39	46	204	249	84	40	70	25
35	47	229	223	80	37	58	29
37	46	233	251	85	38	62	31
38	47	248	257	87	39	76	34
40	47	257	257	88	38	74	33
41	44	250	232	82	37	61	35
40	38	232	254	90	37	73	32
41	40	185	212	80	33	65	28
40	41	178	201	78	34	49	25
38	41	198	194	75	33	54	27
40	43	270	204	74	35	70	27
44	48	282	191	64	38	62	30
40	47	303	181	60	39	63	29
44	50	310	164	54	37	62	32
43	49	301	163	55	38	78	32
41	47	237	134	53	37	63	32
38	43	261	163	69	40	64	34
41	41	244	178	70	41	74	39
41	33	237	190	74	44	79	37
43	33	235	193	74	44	62	35
42	32	223	199	77	46	81	37
44	33	177	179	65	43	81	34
41	35	217	224	76	44	88	30
41	39	215	245	86	48	90	30
53	42	218	254	90	51	89	37
53	44	223	254	89	49	74	33
52	49	276	248	90	50	86	36
55	51	278	253	86	49	72	40
54	50	305	271	90	46	77	39
41	48	303	263	87	44	76	34
49	46	301	256	86	44	77	37
49	46	278	248	83	40	58	35
44	41	251	220	77	34	60	30
42	41	208	175	63	34	54	33
43	43	232	183	60	36	54	32
33	43	234	192	59	35	58	34
40	41	215	192	59	37	65	32
43	41	211	163	55	38	62	35
41	41	266	242	66	37	54	32
43	42	249	251	73	35	65	35
43	46	260	262	85	40	58	34
35	43	263	262	87	40	52	31
34	46	289	267	88	41	69	29
45	47	239	204	77	42	68	36
44	46	277	200	78	42	60	33
45	44	271	195	77	40	61	30
51	48	296	198	79	39	63	32
52	47	268	192	83	43	60	32
46	50	349	260	94	43	60	26
45	48	349	264	93	42	60	27
47	45	352	266	90	40	72	31
44	40	326	277	92	38	71	30
46	44	325	285	97	34	59	34
41	41	244	218	87	32	57	33
46	45	243	245	86	31	71	35
47	47	246	243	84	32	57	39
45	45	276	261	82	38	61	38
44	43	279	265	79	39	77	36
48	47	297	276	87	47	83	37
45	43	260	236	83	46	71	36
44	45	256	241	83	47	82	32
43	48	243	235	87	46	78	31
47	47	254	235	84	47	65	29
42	41	223	220	73	38	78	29
41	43	235	218	74	45	84	29
44	43	286	237	77	44	74	30
44	40	264	203	65	41	74	33
40	44	259	199	61	38	80	34
44	44	257	220	73	43	61	33
47	42	237	224	76	38	54	32
43	42	168	189	71	37	79	31
45	42	190	200	72	39	78	28
42	39	207	204	74	40	70	30
40	41	221	175	62	39	87	32
38	41	220	168	54	36	86	34
35	37	240	203	69	39	68	32
38	38	267	216	75	39	79	35
39	34	247	196	71	39	82	33
38	35	268	223	81	38	65	29
38	39	325	234	84	41	69	33
37	40	319	200	71	39	71	31
31	42	289	171	62	38	61	30
31	48	298	178	60	36	56	30
39	49	271	140	48	36	54	31
36	44	206	125	50	35	71	26
37	43	224	122	47	33	65	28
40	42	222	150	69	34	63	28
39	35	218	157	70	34	64	29
30	34	231	209	82	32	74	29
37	38	232	224	85	38	51	29
37	41	196	224	87	37	50	29
37	42	224	220	76	36	49	28
38	46	244	233	80	38	49	28
43	47	234	196	72	38	55	33
43	47	250	181	66	31	57	36
45	48	266	200	65	31	57	36
46	45	236	186	63	32	55	36
46	43	206	150	59	35	67	38
44	42	209	206	85	45	49	34
40	44	185	212	93	49	50	33
39	38	192	221	97	49	50	32
35	39	243	243	102	48	52	32
38	43	242	254	104	47	62	35
38	41	234	211	80	38	65	33
40	47	273	216	80	39	64	31
43	50	276	212	79	40	65	31
43	47	249	194	72	39	64	32
38	43	242	183	69	37	38	25
42	46	239	178	67	34	33	26
41	40	260	170	64	31	31	27
45	46	281	173	68	35	31	32
45	48	301	201	76	36	52	30
48	51	301	212	75	34	52	31
45	49	306	220	76	38	52	31
46	48	275	221	72	37	68	32
38	41	270	218	67	33	69	26
39	42	239	193	64	36	57	27
38	38	249	180	64	36	56	29
39	39	283	176	63	35	57	28
40	38	286	191	67	35	52	26
41	38	238	183	73	38	52	28
41	37	234	175	69	33	51	29
39	38	244	184	67	32	52	27
37	35	213	189	74	30	52	28
33	36	193	181	69	31	37	27
33	35	204	183	67	32	47	29
41	39	202	191	65	33	47	29
43	40	188	182	68	36	47	30
