0	1	2	3	4	5	6	7
24	23	22	26	23	41	24	22
25	22	25	26	25	44	25	23
24	24	25	26	23	45	25	22
23	24	25	23	26	46	25	23
21	23	26	26	27	47	28	23
19	25	26	24	26	33	27	23
20	24	23	24	26	29	25	23
20	24	23	25	28	32	27	23
24	24	21	26	28	33	28	22
23	22	20	25	28	36	25	21
26	20	21	26	28	36	24	23
25	20	20	27	31	37	29	22
23	17	22	27	30	33	27	22
23	17	23	29	29	32	27	22
24	18	22	27	30	25	27	24
23	18	23	26	29	24	28	24
26	17	22	24	29	22	22	24
26	20	26	25	29	25	22	23
24	22	25	26	28	26	20	25
24	21	27	25	28	28	19	23
25	23	27	25	29	28	21	23
23	25	29	26	26	28	21	24
22	25	24	24	25	27	24	26
21	22	28	21	26	24	24	23
20	26	28	22	26	22	25	25
21	26	26	22	25	21	24	26
22	28	24	23	26	24	23	25
24	27	26	24	27	37	21	25
25	28	22	21	26	39	23	27
26	28	26	21	27	39	26	26
24	26	28	20	27	40	25	24
23	23	27	18	31	40	26	24
24	25	26	18	30	27	23	25
24	25	31	20	29	26	24	23
24	24	27	21	29	27	21	23
24	25	29	21	29	27	22	22
23	26	32	23	22	25	24	23
24	23	34	26	27	24	24	23
23	23	29	26	28	28	23	22
24	21	30	26	28	33	26	22
24	22	26	26	29	34	25	22
25	22	22	26	30	35	24	22
24	24	24	26	25	38	25	20
24	25	24	24	24	36	25	23
23	25	22	26	23	43	25	23
23	23	24	26	24	43	24	23
24	22	25	25	25	43	26	22
21	21	21	23	27	42	24	22
20	21	21	24	27	42	25	20
23	23	25	21	31	34	21	20
23	24	24	25	30	38	24	20
21	26	25	23	30	39	21	21
25	25	25	23	30	37	22	20
25	24	26	23	30	39	22	19
22	21	23	22	26	34	21	22
22	24	26	21	28	26	21	22
25	23	25	23	27	24	21	21
22	24	27	22	27	25	23	21
25	25	26	22	26	25	21	22
24	25	26	25	25	27	23	19
24	23	23	24	23	26	22	19
20	24	23	22	22	26	22	20
23	23	24	24	24	29	22	22
19	23	24	25	26	34	25	22
22	23	25	22	26	41	25	22
23	24	26	24	27	56	23	21
24	22	27	23	28	59	23	21
20	24	25	24	25	59	22	19
21	24	26	24	27	60	20	18
21	25	24	25	27	58	20	22
22	25	23	24	26	55	22	21
22	26	23	25	26	51	23	23
24	25	23	25	26	82	22	23
25	27	23	24	23	82	23	23
24	26	24	24	23	96	25	22
24	25	25	26	25	93	24	22
23	24	24	27	25	103	25	20
23	24	26	26	26	106	25	22
22	22	26	26	25	108	26	22
21	23	27	26	29	102	27	21
20	25	26	25	27	100	27	21
21	25	27	23	25	97	27	25
23	25	25	22	29	68	28	24
22	23	24	23	28	68	29	24
22	23	24	24	25	56	27	24
24	22	24	22	28	56	27	23
26	23	22	21	29	48	27	21
24	22	23	24	25	54	25	20
25	23	23	26	26	47	23	21
25	22	25	25	29	51	21	21
24	22	25	26	25	54	22	22
22	22	25	27	27	53	19	21
23	22	25	27	26	67	21	22
23	23	25	23	29	77	22	21
23	22	23	26	29	74	22	21
22	21	22	26	29	75	22	20
22	22	23	26	27	76	23	23
20	22	24	26	29	60	22	21
19	23	24	25	24	45	20	20
18	24	29	20	27	46	21	20
19	21	28	23	28	42	21	23
19	25	29	24	30	39	23	19
20	25	28	23	28	48	23	21
22	24	26	26	31	50	23	21
22	26	22	27	26	48	23	23
22	26	24	25	25	51	22	21
24	25	24	23	24	51	20	24
23	24	28	24	25	44	22	22
22	25	29	24	24	51	21	24
23	24	28	23	28	50	22	23
24	26	27	23	29	45	22	24
22	24	28	23	32	44	23	23
22	24	22	24	32	42	22	25
22	23	24	23	30	38	23	24
21	24	23	21	28	42	23	23
19	23	24	23	28	42	23	23
22	22	25	25	25	42	24	21
23	24	27	24	23	41	24	20
22	24	23	24	26	35	23	19
23	23	24	26	26	27	24	20
24	23	26	25	25	37	24	21
22	24	22	22	25	42	24	20
22	21	22	26	30	44	25	21
23	21	26	25	30	48	26	20
22	22	26	26	29	51	25	20
22	22	26	25	29	61	24	22
22	23	28	24	29	64	24	23
23	23	28	23	26	69	23	23
22	21	25	24	23	67	22	25
23	22	29	22	22	66	23	25
22	22	29	22	24	69	24	22
24	21	28	24	24	72	24	21
22	21	26	22	22	67	26	22
22	23	28	23	23	72	27	20
21	22	26	23	23	81	29	22
23	25	24	24	25	69	28	22
21	26	24	26	24	65	27	23
20	26	31	27	24	70	25	23
23	26	29	24	23	65	26	23
23	26	30	25	23	53	22	23
24	24	28	25	21	51	23	22
27	24	32	24	22	43	24	21
28	22	28	26	23	43	24	21
26	23	30	27	27	43	22	23
26	25	29	28	29	43	21	21
24	25	31	27	28	43	21	21
22	24	29	25	28	44	21	21
23	27	27	24	26	36	21	20
23	27	27	24	29	42	22	19
22	25	32	22	26	39	23	22
24	25	31	24	27	42	21	23
22	27	33	25	27	45	23	21
22	26	36	26	28	46	22	22
21	25	35	25	22	40	22	23
21	24	30	25	21	41	24	21
22	24	29	24	22	37	24	20
22	23	25	21	21	40	23	20
23	23	20	23	23	36	23	21
25	22	20	24	24	33	25	21
25	24	21	26	27	32	23	20
22	22	21	26	24	34	23	21
24	24	23	26	28	24	21	24
25	25	23	23	25	23	22	24
24	24	23	23	27	24	22	21
24	24	25	21	28	32	21	21
24	28	27	19	28	31	24	21
23	27	25	20	26	35	25	16
19	27	24	19	26	37	27	14
18	29	26	18	26	43	27	15
18	29	25	19	25	39	27	20
19	26	22	21	25	41	24	21
18	24	22	19	24	39	26	24
20	26	25	23	26	39	23	25
21	27	22	23	22	31	21	25
21	25	22	25	20	39	23	23
21	25	25	24	24	42	23	24
23	27	27	24	26	43	19	23
25	26	26	23	26	41	20	23
24	26	28	24	30	41	21	23
24	25	28	21	31	34	21	22
24	25	27	21	29	35	25	22
23	25	25	22	26	43	27	20
22	25	25	23	27	43	27	21
23	23	24	25	30	43	27	22
25	23	25	25	29	42	27	21
25	26	25	25	27	36	24	21
30	26	28	30	36	28	24	20
28	28	27	29	35	39	24	19
27	28	26	28	32	40	21	23
25	29	26	29	33	40	22	22
24	27	26	32	37	44	23	23
19	28	25	29	32	42	26	24
22	26	24	31	33	35	25	25
26	26	25	33	31	46	26	21
25	27	25	32	29	47	27	23
27	24	26	28	27	47	27	22
26	23	25	28	21	48	25	22
25	21	26	25	21	46	25	22
22	23	27	21	21	40	27	24
23	21	26	22	28	41	25	23
22	24	27	24	25	38	27	24
23	22	27	25	26	36	26	25
21	23	27	25	28	42	26	25
24	24	27	26	29	44	21	24
25	26	28	26	23	46	26	24
24	25	27	26	23	46	25	23
24	26	28	24	23	45	24	23
24	25	31	24	24	41	23	22
20	24	29	23	27	39	26	21
19	25	28	23	29	37	22	21
22	24	31	22	29	39	23	22
26	25	28	24	31	40	22	23
25	26	24	22	28	40	23	22
26	24	26	26	24	32	23	23
27	28	28	25	25	39	25	25
26	28	23	24	29	43	24	23
22	29	24	22	30	43	24	21
24	27	24	26	33	42	23	22
23	30	24	22	35	44	23	24
21	27	23	24	34	38	22	22
22	26	24	25	31	37	23	20
22	24	24	25	29	34	22	22
22	26	23	21	26	35	22	22
22	25	25	23	24	34	22	22
25	23	26	26	24	35	21	21
24	26	24	25	29	43	23	23
27	26	24	24	29	42	26	21
27	25	25	26	30	40	26	22
28	25	23	25	32	41	26	21
26	25	23	20	32	41	27	22
29	24	23	22	27	33	25	23
24	26	23	23	27	37	22	23
25	26	22	22	23	40	23	24
25	24	24	24	25	40	22	22
24	23	24	26	26	40	22	24
22	25	25	27	26	35	22	24
26	23	27	26	27	41	22	23
24	23	29	26	27	38	22	22
28	25	28	25	23	42	27	24
28	28	25	24	25	42	26	21
28	26	26	24	26	44	27	20
26	26	25	24	25	41	27	20
25	27	23	24	28	42	28	20
21	23	25	24	28	39	23	19
21	22	26	23	27	39	24	21
23	24	26	21	27	38	22	20
22	23	26	21	27	36	23	21
25	25	27	22	28	46	23	21
25	27	24	19	30	46	23	23
26	27	24	22	28	45	26	22
23	25	23	21	29	44	28	25
24	30	25	22	30	45	28	24
27	27	23	23	27	38	28	27
29	29	23	24	27	33	29	27
29	29	25	23	27	34	25	27
30	29	26	23	28	34	27	25
30	25	24	25	26	30	25	25
26	26	25	24	28	32	25	23
24	22	26	24	25	36	25	23
22	22	25	21	26	37	28	22
23	20	24	21	28	40	25	23
23	23	24	22	27	40	27	23
23	22	22	20	25	45	28	22
22	24	21	21	27	42	28	21
26	23	22	24	27	45	28	23
23	26	21	26	22	41	28	21
23	25	21	24	25	40	27	24
23	25	22	25	25	38	27	24
23	24	22	25	25	42	28	23
20	26	20	23	23	39	28	23
22	24	24	22	26	42	28	24
21	24	24	20	26	43	26	22
21	25	24	22	27	44	27	23
21	25	26	23	30	42	24	24
21	26	25	23	30	42	22	24
19	25	22	25	27	41	23	24
24	24	22	27	25	44	24	22
24	25	23	25	26	44	25	22
26	25	23	25	24	45	25	22
28	22	24	24	22	45	26	21
29	20	23	22	23	44	27	23
26	22	22	22	26	43	27	24
26	22	23	22	25	35	26	25
25	23	23	21	27	33	28	26
25	23	23	21	27	33	28	24
28	25	24	22	28	35	27	23
28	23	25	21	25	37	26	23
28	24	25	24	25	39	26	24
27	21	24	23	24	42	25	22
25	24	26	26	28	43	26	23
20	27	27	25	27	42	26	23
23	27	27	26	29	39	27	23
23	25	26	25	30	41	28	20
22	25	27	25	27	44	29	22
24	23	24	26	26	43	26	24
25	21	24	26	27	45	27	23
24	23	24	25	25	44	25	26
25	22	23	26	23	39	21	26
25	23	26	26	29	42	22	25
23	24	25	24	27	42	23	23
22	22	25	25	27	39	21	23
23	24	24	27	27	40	24	21
21	24	26	26	30	40	25	22
21	25	20	26	24	38	25	22
23	26	23	25	27	43	24	22
25	29	23	25	26	46	26	25
24	26	24	22	25	47	25	26
27	29	23	23	27	46	27	26
26	29	25	23	27	40	24	25
24	27	24	22	25	43	26	25
21	27	25	20	26	39	27	22
22	28	28	21	28	38	28	21
20	26	29	21	24	39	27	22
22	26	28	22	23	39	26	23
22	28	29	23	24	32	26	22
23	27	28	25	27	31	25	22
24	26	25	24	23	45	23	23
23	24	25	24	24	44	23	21
21	26	24	22	26	43	25	20
21	23	22	22	28	41	27	23
21	25	21	21	26	43	26	22
22	25	22	23	27	33	27	22
21	25	24	23	27	39	28	22
22	24	24	23	26	42	27	22
23	25	23	24	23	44	25	20
22	23	25	25	23	44	27	20
22	24	26	24	22	41	25	21
25	24	24	23	20	34	22	20
25	23	26	26	20	31	24	20
24	23	27	25	21	29	23	21
24	25	24	25	23	34	24	22
24	23	24	24	24	33	23	21
21	23	25	26	24	36	24	24
22	24	25	25	24	37	25	24
23	23	25	26	23	37	26	23
22	26	25	27	23	32	23	23
21	26	24	28	25	37	25	24
22	28	23	27	24	35	28	20
21	28	22	29	25	35	24	23
22	29	24	28	26	42	23	23
21	25	24	26	25	42	22	21
24	29	23	26	23	42	22	21
23	29	25	25	25	45	21	23
23	29	29	22	26	44	24	22
21	29	26	23	26	35	25	21
24	30	27	25	25	36	26	22
21	26	29	25	24	34	25	22
21	24	26	25	23	38	25	21
23	24	24	23	23	40	22	22
22	24	24	25	22	44	23	22
21	23	22	24	22	46	22	22
23	23	23	22	23	46	22	22
23	22	23	25	24	39	25	23
22	23	23	25	23	38	26	21
23	24	23	23	24	38	24	21
23	25	23	21	25	44	29	21
21	26	21	22	26	43	30	22
20	25	21	20	26	44	28	22
20	25	19	21	26	45	28	25
19	24	21	22	24	46	29	26
20	22	23	23	27	43	24	26
22	20	21	24	28	42	23	25
22	22	23	24	28	41	24	25
21	21	22	26	27	40	23	24
23	23	24	25	28	36	21	24
24	23	23	24	26	26	23	23
24	27	23	27	25	39	22	24
24	26	24	26	27	40	21	23
25	24	26	24	28	42	23	22
24	25	22	24	28	43	25	21
22	26	25	25	29	43	22	21
22	24	25	24	28	35	23	20
22	25	22	24	26	39	24	20
22	24	23	23	25	39	22	20
21	22	24	23	24	39	20	20
22	22	20	23	25	39	21	21
21	19	21	22	26	36	21	21
22	21	23	22	25	39	20	20
22	25	21	24	29	39	22	22
22	24	21	25	28	38	24	22
23	23	23	23	25	38	23	21
22	23	23	24	26	38	25	21
23	23	22	25	31	33	24	25
22	19	22	23	27	29	23	23
22	23	21	25	29	43	24	23
21	24	20	26	29	43	25	24
22	25	22	25	27	44	23	25
22	24	22	27	24	42	26	22
23	26	24	27	26	45	25	23
22	24	24	24	24	33	23	23
23	23	26	23	25	32	24	23
23	24	27	25	25	39	27	22
21	25	26	21	24	40	27	24
23	24	25	20	23	37	27	23
24	24	26	23	26	38	28	23
24	26	25	21	25	41	28	23
25	23	21	23	25	34	27	24
24	25	27	23	27	43	27	22
23	26	25	27	28	45	29	22
21	29	27	25	26	46	30	23
22	27	27	26	27	44	29	24
23	28	29	23	28	44	27	23
22	25	25	24	26	42	25	23
21	26	27	22	25	43	24	24
24	24	25	21	25	46	24	21
22	23	26	23	22	47	23	21
22	24	26	23	21	47	24	21
21	24	27	21	19	41	23	20
22	25	26	21	21	46	22	21
20	22	28	23	21	38	19	22
22	25	28	23	21	46	19	22
21	25	27	22	26	46	20	25
22	24	27	23	26	51	22	24
26	21	27	24	24	48	22	24
25	24	24	22	27	48	22	24
23	22	23	23	27	39	22	23
24	24	24	23	28	39	22	20
26	26	22	24	29	37	21	21
23	26	24	22	32	36	23	23
24	24	25	23	29	37	22	22
24	27	27	23	29	38	22	23
24	26	28	26	28	37	23	23
23	24	29	26	28	30	23	27
21	25	27	25	25	29	23	26
21	25	27	27	27	37	25	26
22	23	25	26	26	38	25	25
20	23	25	26	24	40	24	26
20	23	26	25	24	40	24	22
20	22	25	27	29	38	26	22
20	23	26	26	28	32	23	21
21	24	25	27	28	34	23	24
23	23	23	24	29	40	25	24
22	23	23	26	30	42	25	23
22	24	23	26	26	43	21	23
22	23	24	28	25	41	24	25
21	21	25	26	27	40	25	23
21	22	26	27	24	34	24	22
20	23	26	26	23	30	24	21
21	22	29	25	21	34	26	26
23	23	29	22	26	32	25	25
22	23	27	23	23	35	24	24
22	23	27	23	26	33	24	26
24	23	25	23	26	35	25	26
26	23	24	22	26	30	25	23
23	24	25	22	26	42	27	23
25	26	28	23	26	40	27	23
22	25	26	22	24	42	25	23
20	24	26	23	26	43	25	26
19	24	26	22	30	44	23	23
18	24	24	23	27	41	23	24
17	22	24	24	28	44	25	25
20	25	27	24	27	42	25	23
21	26	26	22	26	41	25	21
20	27	27	24	24	39	25	21
21	26	27	25	24	33	26	22
22	28	27	24	25	28	23	21
20	25	27	22	26	27	26	24
24	26	28	23	26	38	26	23
24	25	27	22	24	42	26	25
25	28	27	23	24	42	23	26
27	27	27	21	25	44	24	28
27	28	25	22	24	48	24	25
24	26	25	23	26	42	26	26
26	28	24	22	25	40	26	24
24	27	22	18	26	40	29	23
24	24	21	25	25	37	27	24
24	25	22	24	25	38	26	24
25	27	21	24	24	39	23	24
26	24	20	26	24	38	25	26
26	23	22	26	23	36	23	25
24	24	23	21	26	36	22	23
24	24	21	23	25	32	22	24
24	24	22	23	24	36	23	24
21	24	23	22	25	36	20	22
22	24	24	25	24	37	23	24
22	23	27	23	23	38	23	25
23	23	27	24	25	41	23	24
20	21	26	26	26	39	25	25
19	20	29	25	26	41	25	27
18	21	29	22	24	41	25	26
19	22	24	23	25	42	27	25
19	20	26	24	24	39	27	24
19	23	28	24	23	33	27	23
21	25	24	23	25	33	28	21
22	24	22	23	27	34	26	19
20	23	22	24	25	33	23	22
21	23	25	21	25	32	25	21
22	23	22	21	26	43	26	21
22	22	24	21	24	42	26	22
22	23	29	22	22	43	26	23
23	25	28	22	24	43	28	23
21	25	25	24	26	40	26	24
23	24	27	24	28	44	25	24
24	24	24	23	28	43	26	25
24	23	20	25	28	41	25	25
24	23	22	25	27	40	26	24
25	25	25	23	24	41	26	23
24	25	24	25	24	40	25	24
21	25	25	26	26	44	24	23
22	23	27	25	29	46	25	21
23	23	25	24	28	45	24	23
21	22	24	24	28	46	24	22
21	22	28	22	25	37	23	22
21	23	29	23	27	33	25	22
21	24	27	24	24	38	25	22
20	21	26	23	24	40	24	21
21	22	24	28	27	42	25	22
24	21	21	27	28	39	26	21
23	21	27	26	24	39	23	21
23	23	25	27	23	31	26	21
24	24	26	32	21	30	25	21
25	24	29	28	18	27	24	21
22	24	28	29	18	27	25	22
23	25	22	29	22	27	25	22
21	21	23	26	24	26	23	24
22	24	22	20	25	26	24	24
21	24	19	21	24	24	24	24
23	27	22	24	25	27	27	23
22	26	21	22	21	27	54	22
21	28	23	23	22	29	60	24
21	26	28	26	25	28	61	23
21	27	28	28	27	27	62	24
21	24	27	28	25	26	61	25
22	24	28	27	28	24	40	26
24	23	27	26	26	22	30	25
23	24	23	24	23	26	28	24
23	21	24	23	24	27	27	24
24	24	26	20	22	26	23	23
25	24	27	22	23	29	23	23
24	25	26	25	23	28	23	22
25	25	29	24	23	26	23	25
25	26	28	27	24	27	23	26
22	26	26	26	26	27	23	26
22	25	26	27	24	23	23	24
35	53	26	24	24	24	21	24
40	77	22	26	26	22	22	24
46	78	22	23	29	22	24	23
47	79	23	24	28	21	24	22
47	79	21	24	28	23	26	24
39	64	25	26	27	25	26	24
35	33	24	25	24	25	27	20
27	32	24	24	20	25	26	21
26	30	24	24	21	26	25	22
26	29	26	24	24	24	24	24
25	28	25	22	23	22	25	22
23	26	26	22	26	22	21	23
23	23	25	22	26	20	23	22
23	25	24	22	28	21	23	22
21	25	27	22	25	23	21	19
22	25	26	21	28	25	20	21
19	25	26	23	25	24	22	20
21	26	29	23	25	24	19	19
21	25	30	24	22	25	22	19
22	26	25	23	24	23	23	20
22	27	27	23	24	21	24	20
24	27	28	22	24	23	27	20
22	26	27	23	25	25	26	21
23	23	28	23	25	25	27	22
24	22	29	22	25	24	26	21
22	22	27	24	25	24	24	21
21	21	25	24	27	22	21	22
23	24	23	23	25	24	23	21
22	22	19	23	24	22	20	22
21	24	22	26	26	24	22	23
21	22	25	26	25	25	22	24
20	26	23	28	25	24	20	24
20	26	26	28	26	22	21	25
23	28	26	29	27	26	24	22
22	27	27	27	22	27	25	22
24	27	24	24	23	27	24	23
26	26	28	24	20	28	27	23
26	27	25	23	20	31	27	21
26	25	26	23	22	29	24	20
26	25	24	23	25	26	23	22
26	27	26	23	23	29	24	21
25	25	25	21	24	30	22	20
23	23	24	22	26	29	22	24
23	25	24	22	25	29	22	26
24	25	28	23	25	29	23	25
24	22	27	21	26	28	22	26
25	25	26	20	28	28	22	28
25	25	27	23	25	30	22	25
24	24	27	23	25	30	23	23
23	23	23	21	23	30	24	24
21	25	22	24	27	29	24	22
23	24	25	27	26	27	25	22
23	23	26	24	26	24	57	22
23	24	25	24	27	26	89	24
22	26	25	24	31	26	99	24
23	23	27	23	28	28	121	31
21	25	25	21	27	29	126	29
21	26	26	20	27	31	117	30
20	24	26	22	28	30	94	29
20	25	27	24	26	33	85	28
22	25	26	24	25	33	49	22
22	23	24	23	26	31	40	21
23	25	26	25	29	33	33	21
23	25	26	25	27	34	32	21
23	21	27	24	25	33	29	22
21	23	26	27	24	32	28	22
22	23	28	29	25	33	22	22
23	20	26	28	25	31	22	22
25	21	26	26	25	31	22	22
24	21	26	27	27	32	20	22
27	20	28	24	29	30	21	23
27	21	26	23	27	31	21	23
27	22	25	22	25	30	22	22
25	23	28	25	28	29	22	22
27	22	25	23	27	32	22	21
24	22	22	24	25	32	22	19
23	21	25	22	25	32	23	20
21	21	23	24	30	32	21	21
22	21	20	20	30	31	22	21
19	22	20	21	29	32	22	22
22	23	22	21	31	34	22	23
21	24	20	23	33	33	22	23
22	24	21	22	33	34	22	23
23	24	23	23	30	37	23	25
25	23	23	25	31	32	24	26
23	23	23	22	29	30	24	26
23	23	21	22	28	30	21	26
23	24	25	24	26	30	22	24
25	23	24	23	28	25	21	23
22	24	24	22	27	29	20	20
21	26	22	24	29	29	20	21
22	26	27	25	31	29	21	22
24	26	24	23	30	30	21	21
21	26	24	23	28	30	22	21
23	26	23	23	29	31	23	22
25	23	25	22	26	30	23	23
22	22	23	21	24	32	24	22
20	24	24	22	25	30	24	24
20	28	25	23	27	33	23	24
21	27	25	26	25	27	22	23
20	28	22	25	28	29	21	23
22	29	22	24	27	27	21	23
22	28	24	24	27	26	18	22
23	24	22	22	25	23	18	22
22	26	25	21	29	26	17	21
23	23	28	21	30	27	20	19
22	23	29	22	31	29	19	20
22	23	25	22	29	29	21	19
21	23	29	26	31	28	24	20
22	22	28	26	27	27	26	20
22	22	26	24	22	27	24	26
23	22	25	23	22	26	24	26
24	23	28	24	24	27	24	27
24	23	28	24	23	27	23	27
25	23	27	24	23	28	21	28
26	22	27	27	23	27	22	23
26	21	27	28	25	28	24	22
25	21	29	28	27	30	23	24
25	21	24	26	27	31	22	25
24	23	24	27	28	33	22	23
23	24	23	29	28	36	21	23
24	25	24	27	29	34	23	25
24	24	22	26	27	33	23	24
23	24	22	23	26	33	25	24
24	23	24	25	23	34	25	24
24	22	24	21	26	29	24	23
22	22	22	21	25	30	23	23
23	25	23	23	22	33	23	22
23	24	24	26	24	34	20	21
24	25	22	24	30	29	21	21
22	26	26	24	28	27	22	24
23	27	27	24	28	28	22	23
24	24	27	24	30	27	24	22
23	25	25	21	30	26	24	21
22	24	26	22	26	25	23	21
24	26	22	22	26	28	21	19
25	25	22	23	28	26	21	19
22	26	25	21	26	23	20	19
24	28	24	23	27	25	21	21
27	28	24	22	25	28	22	21
26	29	25	23	27	27	23	22
25	30	27	25	24	26	21	23
25	30	25	26	26	28	22	23
25	27	25	25	25	27	22	21
22	27	25	25	27	26	22	21
21	24	25	27	28	25	22	21
21	24	23	26	28	26	24	21
20	25	23	24	25	26	23	21
22	26	24	25	26	26	24	21
22	26	24	26	27	22	26	21
22	27	26	22	25	26	26	21
22	27	25	21	25	27	25	19
24	24	25	24	27	24	25	20
24	25	24	22	25	27	25	22
24	25	23	21	23	28	21	21
24	24	24	21	25	27	21	21
24	25	24	22	25	27	20	20
22	24	25	24	25	27	20	22
20	25	27	26	26	24	18	20
23	26	27	26	25	24	20	20
24	27	29	28	23	23	22	21
24	25	27	28	24	21	24	22
23	25	28	25	26	21	25	19
25	23	27	22	25	21	25	20
23	23	27	24	30	21	26	22
22	22	26	24	31	22	25	20
23	23	26	22	30	24	23	22
23	23	26	23	31	23	25	23
23	26	25	27	32	24	25	24
25	26	25	28	27	22	24	23
25	25	22	28	28	24	24	24
25	25	24	27	29	28	24	23
25	26	22	26	27	27	21	23
24	22	24	23	27	27	21	23
22	23	25	20	28	29	23	22
21	24	28	20	28	26	23	23
21	23	26	21	29	22	22	20
21	23	26	22	28	23	24	20
20	23	26	24	27	23	25	17
22	23	24	24	27	22	22	20
25	23	24	24	30	23	21	22
24	23	24	23	28	23	23	24
23	26	24	23	29	23	23	23
25	30	22	21	27	23	23	26
25	28	26	23	28	23	22	23
23	28	28	23	25	22	23	24
26	29	31	24	26	21	23	23
26	27	31	25	26	21	21	25
25	23	33	25	26	23	21	23
23	24	32	23	25	23	23	24
26	26	31	23	26	24	23	22
24	26	29	22	24	27	26	21
24	25	27	22	22	26	24	21
26	23	26	22	24	25	25	23
26	26	27	23	23	26	25	22
23	24	23	26	23	24	25	21
22	25	23	27	24	21	21	21
21	25	26	26	25	21	23	21
22	26	25	25	24	21	22	18
21	25	24	26	27	20	23	19
23	23	24	25	27	20	22	20
28	31	23	23	31	21	22	22
30	32	22	23	32	22	22	22
28	32	21	24	31	22	22	23
31	32	21	24	30	23	20	24
29	31	24	24	28	23	20	24
28	22	24	25	25	24	22	24
25	22	25	26	24	24	21	26
25	22	26	26	22	24	23	27
23	23	27	24	23	24	23	26
23	28	25	26	26	22	26	29
22	27	25	25	25	22	24	28
22	26	23	23	25	25	25	26
24	30	26	23	25	27	24	25
26	29	26	23	24	25	24	25
26	25	25	21	22	25	21	21
25	26	23	22	21	26	21	21
24	31	23	24	22	22	21	20
24	27	23	23	22	21	21	19
24	27	31	23	25	27	23	22
25	29	48	27	25	27	24	22
23	30	50	27	28	26	24	23
24	26	50	27	28	27	25	22
25	29	52	29	28	27	24	24
24	29	50	28	23	22	24	22
24	30	36	26	23	26	25	22
24	29	35	25	22	25	27	21
24	29	36	26	23	24	26	23
23	28	32	24	24	24	25	21
22	29	26	27	27	25	29	21
21	24	25	26	27	22	27	23
22	24	27	26	29	22	25	23
21	25	26	27	27	23	26	23
21	25	25	25	28	22	28	23
23	26	24	27	27	22	24	22
23	26	29	26	32	22	24	20
22	27	25	26	28	24	27	21
21	25	24	26	30	23	24	21
21	26	26	29	29	24	25	22
19	25	29	24	28	32	24	22
18	28	26	26	23	33	24	23
18	29	27	28	24	42	24	24
19	29	26	28	25	42	24	24
21	28	26	29	24	46	22	25
21	26	25	29	24	44	23	24
22	26	24	30	24	43	21	25
24	27	25	28	24	35	22	25
23	27	27	28	25	45	23	24
24	27	29	27	25	42	22	23
23	27	29	28	27	38	24	25
22	25	31	27	27	38	24	24
24	24	32	26	27	37	26	22
25	25	31	24	25	22	25	23
22	24	29	27	27	28	25	23
22	25	31	27	24	36	24	23
25	26	30	26	27	37	24	23
22	25	28	27	26	38	19	23
20	25	28	29	27	43	24	24
21	26	29	26	27	41	25	22
21	27	25	26	27	35	24	24
19	26	24	26	26	33	24	24
21	25	26	28	27	33	25	24
24	25	28	25	27	38	23	22
25	26	33	24	26	37	22	22
25	24	33	24	27	37	24	20
27	23	34	23	24	38	24	19
25	25	31	22	26	42	23	18
24	23	32	23	28	33	22	18
21	27	26	23	28	38	26	20
24	27	26	24	28	38	24	20
23	28	25	25	29	40	26	24
23	28	25	23	26	38	26	24
24	30	27	23	23	36	27	25
25	25	29	26	23	30	24	25
23	24	32	25	25	39	30	25
22	24	34	22	25	36	29	20
22	23	33	23	27	34	29	21
21	21	29	24	27	37	32	23
20	23	27	23	28	36	32	22
22	25	23	21	27	28	28	21
23	25	18	25	28	38	28	23
23	27	19	27	26	38	29	23
23	27	19	26	27	35	24	21
24	26	21	25	24	35	23	21
23	25	23	27	25	38	22	19
20	24	24	26	29	37	23	19
19	23	26	25	30	36	25	20
18	24	29	24	28	38	27	20
16	23	30	23	30	39	27	20
18	26	29	23	31	36	28	21
19	26	30	21	28	40	29	21
19	25	36	21	30	43	26	21
21	25	34	20	32	43	25	21
24	25	33	20	32	43	26	20
23	26	35	19	31	42	28	21
24	30	34	21	28	33	25	20
24	32	25	21	26	34	26	18
21	32	26	26	25	33	25	20
19	32	28	28	22	33	26	20
21	30	25	29	22	34	23	18
19	26	25	29	22	36	25	18
21	23	25	29	24	37	25	19
22	21	25	26	23	37	26	17
24	20	24	26	23	37	24	19
24	17	25	25	27	36	27	21
25	22	25	24	26	33	26	21
24	23	27	24	25	29	28	22
26	22	27	27	27	28	28	24
25	25	26	27	28	27	28	21
25	27	25	25	30	34	26	22
25	26	25	26	32	42	28	22
27	26	23	26	34	42	25	21
25	27	24	24	32	43	25	21
25	26	25	22	32	43	28	25
22	26	24	27	32	45	29	26
24	22	25	31	30	38	29	25
21	21	25	42	29	37	29	25
22	21	22	44	30	37	29	24
22	20	22	44	33	40	25	21
25	21	23	43	29	41	25	21
22	24	21	46	31	40	24	23
22	23	24	39	29	40	24	23
24	26	24	34	31	41	24	23
23	26	23	35	28	39	24	22
20	26	21	34	31	32	25	21
36	25	23	27	30	35	25	23
37	26	21	24	31	35	26	26
37	28	21	27	29	33	28	25
38	28	22	26	28	33	28	25
40	28	23	27	26	33	24	25
30	28	25	27	28	46	27	22
29	28	26	26	28	48	28	16
29	26	27	25	28	50	26	19
30	26	27	26	31	48	29	19
29	23	28	25	33	48	30	21
24	23	25	25	30	35	27	23
27	23	26	26	30	38	26	24
26	22	28	26	31	37	26	23
24	23	26	23	28	37	26	22
22	23	27	24	26	37	24	22
25	25	26	24	25	37	24	21
25	24	25	24	25	33	23	23
25	26	22	23	24	36	26	22
24	24	23	24	26	40	25	23
26	25	21	23	26	40	24	21
23	23	21	23	29	37	24	22
20	24	21	22	31	35	25	20
21	23	26	21	29	34	22	21
22	24	27	21	27	42	23	19
21	22	27	22	28	41	23	20
21	24	25	23	28	43	24	18
23	24	30	24	25	43	25	18
23	23	29	25	27	40	25	19
23	24	28	25	27	29	23	20
23	27	29	25	28	34	24	21
23	27	30	24	27	38	26	22
22	27	25	24	28	38	24	23
21	27	25	23	25	37	22	22
22	27	27	25	26	35	20	23
22	25	25	24	28	29	21	22
20	24	26	25	29	23	18	22
23	23	27	24	28	26	21	22
24	22	24	25	30	23	22	21
24	23	23	23	31	26	22	21
25	27	24	23	27	28	23	23
28	26	26	21	27	27	21	24
24	27	25	25	26	25	21	23
28	28	23	24	27	30	22	25
26	27	23	26	27	27	24	24
28	21	23	29	27	26	23	22
27	21	21	29	26	26	24	22
27	20	21	26	26	39	24	24
24	21	23	27	23	38	23	22
24	24	26	25	21	40	23	24
22	24	26	24	23	41	22	24
22	24	24	26	23	41	23	25
24	26	26	25	25	29	23	24
23	25	24	24	25	36	25	26
22	27	23	24	31	35	25	23
24	26	23	25	29	34	26	25
23	27	25	24	28	38	24	21
21	25	23	23	28	38	25	22
22	24	24	25	29	29	25	21
22	19	24	26	25	26	24	21
21	19	25	25	26	25	23	22
22	22	25	25	29	20	23	24
21	22	23	26	28	21	24	23
20	23	24	25	27	22	23	23
20	26	25	27	28	23	24	23
19	26	24	25	28	23	23	21
21	23	25	26	27	22	24	21
22	22	27	26	27	22	22	24
25	22	27	27	32	22	22	24
26	25	26	26	28	22	23	24
27	26	24	25	27	23	23	25
26	26	26	24	24	22	23	23
26	27	25	25	28	25	23	20
26	28	26	24	25	25	25	17
27	25	25	22	26	24	24	19
25	25	27	22	27	24	26	20
25	26	24	24	29	27	25	21
25	26	24	23	26	24	27	22
23	25	22	22	25	25	26	25
21	25	24	23	25	25	26	23
20	24	22	24	23	26	25	22
20	22	23	22	23	24	26	23
22	27	25	24	25	25	22	23
21	25	24	23	26	24	24	23
20	25	25	21	26	25	24	23
21	24	25	23	28	26	22	24
22	25	24	23	28	26	23	23
20	21	23	22	29	25	26	22
20	23	26	23	27	26	23	20
24	21	24	24	25	26	23	20
23	25	24	21	27	23	25	20
22	27	23	21	26	22	24	23
23	27	23	20	23	22	25	21
25	27	20	23	23	23	25	22
22	30	22	21	26	23	24	22
25	27	24	21	25	23	26	22
26	24	24	22	26	24	25	20
25	28	24	23	25	24	24	23
25	30	25	21	26	24	24	24
24	28	23	22	24	23	23	24
23	27	22	24	23	23	21	25
22	29	22	24	22	24	20	24
22	26	24	23	22	24	20	22
21	23	24	22	21	22	20	22
20	23	26	21	23	23	20	21
23	25	26	20	22	23	21	22
24	26	28	19	21	22	23	22
24	24	27	19	24	22	21	23
25	25	25	21	25	22	22	22
26	26	25	22	24	23	21	23
24	24	24	21	24	22	20	22
26	24	23	23	26	23	19	24
25	24	23	24	22	22	18	22
25	22	23	21	26	23	19	22
24	23	23	21	28	22	22	22
23	22	25	23	29	24	22	21
22	21	23	20	29	24	23	19
21	21	23	21	28	24	23	22
19	21	22	22	27	24	23	21
20	21	24	21	25	24	21	19
20	25	23	22	23	22	22	20
19	26	23	23	23	21	22	20
19	31	22	22	25	19	22	18
19	30	22	25	23	20	23	18
21	31	23	26	23	22	24	20
20	28	24	23	21	22	24	21
22	27	24	22	24	24	25	21
23	24	27	22	23	26	25	22
24	25	28	20	22	24	25	22
22	23	27	19	24	23	23	23
21	23	25	19	26	26	24	23
20	24	24	22	24	26	25	23
20	25	21	24	24	23	24	23
20	24	22	23	25	26	23	23
19	25	22	23	24	24	24	22
21	25	24	22	22	22	24	22
22	23	25	23	23	22	25	24
22	20	24	22	23	25	26	24
21	23	23	21	22	23	25	24
25	25	23	22	22	24	25	22
24	26	22	23	23	27	26	23
24	25	21	21	24	28	24	23
22	27	21	21	25	28	23	22
22	27	20	21	28	28	25	23
19	24	19	22	28	29	25	26
19	24	21	21	29	25	23	24
20	29	25	24	32	25	24	23
19	26	26	25	29	24	24	22
20	26	27	24	27	25	24	21
23	26	26	24	28	24	23	19
24	28	26	27	25	23	22	20
22	24	25	24	21	23	20	20
23	24	28	24	24	24	21	22
24	28	27	24	23	23	21	23
20	27	28	27	24	21	21	24
19	24	26	24	24	23	24	22
20	24	27	24	26	23	24	22
21	25	21	22	24	22	25	21
21	23	24	22	30	22	23	21
22	22	24	20	28	23	24	20
21	23	23	24	29	24	23	23
20	23	23	24	27	24	23	23
25	23	25	25	30	25	23	23
24	22	25	25	25	24	24	24
26	24	25	25	25	25	24	23
27	24	29	22	27	23	23	22
26	24	27	22	26	23	23	21
23	23	24	21	29	22	23	23
25	26	24	23	28	23	24	21
22	26	24	20	32	25	22	21
21	26	22	21	30	25	22	20
21	27	24	21	33	25	21	22
21	27	27	22	29	27	22	22
19	26	28	22	30	27	21	24
21	27	27	25	26	25	22	24
22	26	26	25	26	26	24	24
23	25	26	26	23	25	25	23
24	25	25	27	23	26	23	23
24	25	22	27	25	25	24	22
23	21	24	24	26	25	24	23
23	24	24	23	26	26	24	23
25	25	21	21	26	27	23	24
23	24	23	23	27	25	24	24
23	24	23	21	26	24	23	23
25	25	21	22	26	26	24	26
23	23	24	24	24	22	27	26
22	24	25	23	26	24	27	25
20	24	22	23	24	23	26	26
21	25	23	23	23	24	28	27
22	24	25	23	22	28	27	25
22	26	25	22	23	27	24	24
22	24	23	24	22	26	24	24
23	25	25	21	23	27	23	22
23	22	26	23	23	26	20	19
22	23	26	23	21	20	20	17
24	20	26	24	27	23	21	19
24	24	26	23	27	21	21	20
24	22	26	24	26	24	24	20
24	24	27	21	29	24	24	23
24	24	26	23	29	23	26	23
23	24	23	22	24	24	25	22
24	26	26	25	25	25	24	23
25	27	25	24	25	22	21	23
24	26	25	26	22	25	19	23
23	26	27	24	21	25	21	23
24	27	27	24	21	22	21	25
25	27	26	24	20	23	22	23
24	26	27	24	24	24	22	22
22	25	25	25	24	21	24	23
23	25	25	27	25	24	19	21
22	25	25	27	26	27	21	20
21	21	26	26	25	26	21	20
21	22	25	26	24	26	25	21
21	23	24	25	26	27	25	20
21	23	24	24	27	25	27	20
21	25	23	26	27	21	27	20
20	23	20	25	31	22	27	22
22	23	22	24	29	24	25	23
22	25	24	25	27	23	24	22
21	27	24	24	27	24	23	24
21	24	24	21	27	27	21	25
21	25	24	23	23	29	21	24
20	24	24	24	22	26	21	23
20	24	24	24	25	28	24	23
19	24	26	25	23	29	23	23
19	23	26	25	25	26	25	22
20	24	27	31	25	22	26	24
20	26	28	32	25	24	24	23
19	24	27	30	26	24	21	22
20	23	27	30	26	23	23	21
21	24	28	29	25	24	21	22
21	25	27	23	24	25	19	20
21	24	26	20	26	24	20	20
22	23	27	22	24	23	20	21
23	24	23	22	24	24	20	22
21	24	24	21	24	23	20	21
24	23	24	20	25	25	21	24
26	25	25	22	26	25	23	26
25	26	24	22	26	25	24	26
24	27	24	23	27	23	24	27
27	27	23	24	26	23	25	25
24	27	24	23	28	23	24	25
21	24	27	23	27	23	23	23
23	24	28	27	26	22	21	22
23	22	28	24	24	23	19	21
21	22	31	26	24	23	21	24
21	23	31	26	23	22	20	22
24	26	29	28	25	23	20	24
23	25	28	24	25	23	21	24
22	25	27	25	27	23	23	24
22	25	26	25	26	24	21	21
22	23	24	24	25	22	25	24
20	21	22	24	23	19	25	22
22	25	23	24	22	23	23	23
23	25	22	26	20	23	25	22
22	23	21	24	23	24	24	21
22	26	25	25	25	25	23	21
22	27	27	21	25	27	24	20
20	24	28	22	26	24	23	21
21	24	29	22	26	26	22	21
20	25	30	22	26	25	22	24
20	26	28	23	24	24	21	22
19	24	25	26	25	23	20	23
21	25	24	25	28	25	21	22
21	25	24	22	27	23	20	23
21	26	23	23	26	24	22	22
22	23	25	22	27	22	21	22
23	24	25	23	26	22	22	23
21	23	25	22	23	22	22	21
20	23	27	23	24	20	24	21
20	23	27	23	22	21	25	19
18	22	27	23	21	25	27	20
23	22	25	21	20	25	26	19
24	22	27	20	23	23	27	19
26	22	24	23	26	30	25	24
26	21	25	24	28	29	24	24
30	22	25	25	27	26	23	23
26	21	24	25	28	27	24	24
26	24	24	25	26	28	23	25
23	28	26	24	24	22	25	22
25	27	25	22	22	22	23	24
20	27	24	23	24	22	23	24
20	29	26	21	27	21	22	24
20	27	26	23	25	21	26	24
21	23	21	23	29	20	25	23
18	24	23	22	30	22	25	21
18	25	22	20	30	22	24	22
21	22	21	23	29	26	25	22
21	22	21	21	31	26	21	21
21	22	24	20	26	25	21	21
23	22	24	22	26	24	22	22
23	22	24	22	28	26	23	21
20	23	26	20	25	24	22	23
21	23	26	25	24	23	22	24
21	23	26	25	24	23	23	23
20	23	25	27	25	24	22	21
21	23	26	26	22	23	22	24
22	24	25	26	23	23	21	22
20	25	26	22	26	28	24	21
20	26	26	24	28	31	21	22
19	24	26	23	26	30	22	23
19	23	24	25	27	28	22	21
22	23	25	25	28	35	23	24
24	24	27	25	27	75	21	23
24	24	25	24	27	75	23	24
26	27	27	22	28	79	25	23
24	28	27	23	26	80	23	22
21	27	26	23	27	78	26	18
23	28	23	24	29	36	26	22
23	27	25	24	29	33	26	19
22	25	26	24	29	22	25	19
24	24	29	24	32	19	25	21
24	25	27	26	30	17	22	20
24	23	28	26	27	21	21	18
24	22	27	26	25	23	19	20
23	23	27	27	26	26	21	22
24	26	23	24	22	25	23	21
25	24	25	25	24	25	24	22
25	23	24	24	23	24	25	22
25	25	25	25	25	24	23	23
27	25	20	26	24	22	22	24
26	24	21	26	24	24	18	24
25	25	21	24	25	23	18	22
24	24	23	24	26	22	19	23
23	24	24	23	26	24	20	22
22	23	26	23	26	22	19	20
22	24	26	23	29	24	25	20
23	23	27	24	29	24	24	21
25	25	26	24	29	24	23	20
26	24	24	22	29	22	24	20
26	23	25	21	29	25	24	20
27	22	27	23	26	23	19	21
28	24	25	24	28	24	23	21
25	27	24	27	25	23	24	24
24	28	26	27	27	25	22	23
22	30	25	27	27	24	26	23
21	31	23	27	26	25	26	22
22	29	23	24	25	25	22	25
22	26	24	22	26	26	21	22
22	25	23	23	24	24	22	21
22	22	23	24	23	22	18	22
23	20	22	23	25	21	20	23
21	22	22	21	22	21	19	19
23	23	23	22	21	21	19	20
22	23	22	21	22	21	19	22
23	24	19	20	24	24	21	21
23	26	19	22	21	24	21	22
23	24	18	24	22	23	22	22
24	22	17	25	26	24	23	21
26	25	21	28	26	24	23	21
27	26	24	28	28	24	22	23
25	24	26	28	29	25	20	21
25	26	27	27	30	23	19	21
