0	1	2	3	4	5	6	7
47	53	227	195	81	37	87	37
49	51	226	191	82	39	77	34
48	44	234	195	82	40	82	30
54	58	201	273	122	51	84	33
50	67	234	280	123	53	80	32
61	69	249	278	125	55	79	33
61	69	247	298	129	53	82	37
61	67	243	300	129	53	69	37
61	71	321	293	96	42	65	37
73	80	323	278	90	38	80	40
68	79	316	286	86	35	83	36
65	79	333	270	80	35	74	32
67	80	348	318	93	39	74	34
62	73	321	301	99	41	77	32
46	64	328	313	96	44	74	30
41	66	315	296	90	44	67	31
45	66	306	294	89	43	66	33
44	69	313	248	76	41	76	29
51	68	291	211	65	42	83	34
53	73	257	204	68	39	71	34
59	69	260	217	70	37	82	35
67	70	264	256	73	37	86	33
67	68	256	256	72	36	76	34
61	67	250	255	66	33	75	30
60	55	298	250	65	34	75	30
58	57	296	238	64	34	64	31
47	57	292	189	58	36	70	30
46	55	277	193	57	35	75	33
49	61	249	169	52	33	69	34
53	59	222	179	56	32	68	33
48	56	227	183	54	29	94	31
53	54	220	189	57	28	85	30
56	61	251	177	60	29	79	25
60	56	280	200	64	31	77	30
57	63	272	209	62	31	95	32
60	66	281	204	62	33	73	37
54	66	283	269	97	35	73	37
52	60	242	279	100	39	87	39
46	55	254	275	102	39	88	34
46	41	237	257	103	40	67	33
42	41	235	265	109	43	77	28
47	40	256	213	79	41	82	30
44	43	279	230	84	40	66	28
44	49	240	205	79	38	66	29
44	50	249	200	76	40	84	28
47	51	242	189	69	38	74	27
40	56	230	173	69	38	69	28
46	63	236	181	75	37	68	29
46	61	244	193	82	38	85	28
44	64	255	229	89	36	67	28
40	59	250	234	92	35	63	32
46	55	263	251	94	38	76	37
46	58	263	262	89	37	84	38
45	55	293	270	94	44	66	40
50	55	287	243	93	45	66	42
49	56	304	252	89	43	90	40
50	57	305	258	92	41	81	33
50	48	291	233	89	43	74	35
50	48	294	261	87	39	87	37
48	43	289	256	79	37	89	41
53	47	270	248	79	38	75	41
52	50	262	249	78	38	78	42
48	54	260	265	89	35	84	38
46	56	257	236	87	34	68	35
44	58	267	267	92	35	76	29
38	55	279	268	91	39	77	32
45	49	301	243	89	38	76	33
45	42	315	215	70	36	68	34
47	36	291	212	64	37	69	37
45	36	300	191	57	39	54	36
48	37	300	184	57	32	38	33
35	41	275	189	54	33	37	31
37	52	271	216	60	35	37	33
36	54	261	206	54	35	36	31
42	54	248	212	62	38	35	29
44	54	265	217	61	39	32	32
49	51	277	230	72	42	60	32
48	48	260	188	73	41	66	29
49	58	257	228	93	43	66	28
45	60	236	205	91	39	70	27
39	64	267	237	100	41	80	20
34	65	262	249	106	44	64	21
35	63	251	251	103	42	57	21
31	61	249	264	105	40	56	21
39	62	254	275	103	43	72	29
41	61	204	253	102	43	63	29
49	63	188	233	92	39	70	33
48	57	192	269	105	43	69	33
62	60	247	279	122	56	98	44
57	55	242	285	130	56	93	42
57	55	265	352	145	60	91	42
60	67	271	359	150	65	102	43
70	73	272	330	141	67	110	50
63	70	240	290	112	56	86	41
63	75	245	284	103	52	78	42
66	76	208	187	77	49	92	44
59	62	195	159	64	43	72	39
50	56	202	191	61	39	61	32
46	56	195	202	71	42	62	33
47	49	202	217	78	48	90	37
43	47	201	216	74	46	83	34
45	47	193	216	80	47	83	33
41	47	225	207	82	44	91	32
42	45	229	210	77	40	94	35
47	45	244	201	86	41	72	32
46	42	245	205	85	43	64	33
45	42	252	215	79	39	79	37
49	42	226	217	84	41	80	37
48	40	233	209	85	41	78	35
41	41	229	204	72	34	77	32
44	50	246	206	73	35	90	35
44	48	248	202	74	34	76	31
42	60	299	186	70	33	78	30
43	55	318	202	77	35	75	28
50	57	319	207	79	38	87	38
47	48	303	200	80	34	77	35
48	52	313	201	80	36	78	36
47	37	269	224	79	42	88	41
46	38	227	243	79	43	96	42
43	35	206	236	77	40	84	34
55	40	218	237	74	39	80	35
55	37	190	231	74	41	93	36
55	39	166	210	75	34	87	35
54	40	150	246	98	39	77	32
61	41	160	256	96	41	78	36
50	36	175	259	103	43	87	36
52	37	175	277	108	44	78	37
56	36	176	281	109	46	58	36
58	57	174	256	97	45	84	37
49	61	190	252	99	45	102	33
48	64	188	270	100	45	98	33
44	67	185	257	94	43	94	28
45	67	181	251	90	41	94	28
46	50	192	201	77	38	79	29
51	45	231	212	72	34	56	34
50	42	212	195	62	34	53	32
49	37	223	190	63	32	75	36
44	40	228	190	62	32	81	34
43	43	263	195	58	32	76	34
40	47	270	193	66	37	75	33
42	48	306	176	63	36	86	33
44	55	322	185	65	37	69	37
42	53	334	188	65	36	61	36
45	50	318	195	68	34	60	35
45	46	317	207	68	31	72	36
46	50	283	214	72	33	68	37
41	45	263	215	69	31	67	29
45	43	252	211	70	32	67	31
40	42	260	200	72	34	81	31
39	50	248	179	71	32	69	27
37	53	258	210	76	31	67	26
40	53	252	222	84	36	76	29
40	57	258	223	84	36	88	30
39	60	243	214	79	34	75	30
44	60	243	211	75	34	75	31
43	52	238	180	67	36	86	32
39	50	257	191	71	33	83	31
40	47	245	196	71	36	72	33
42	46	255	236	85	37	76	31
39	39	221	233	89	38	91	32
45	42	213	265	100	39	76	34
56	55	204	255	97	47	75	40
53	54	201	249	96	44	74	37
53	52	177	253	90	46	71	40
67	55	160	253	89	53	65	46
63	54	179	266	90	52	63	47
54	42	177	277	95	46	55	42
55	49	181	283	98	49	69	44
54	48	181	271	104	49	73	43
36	46	265	302	105	42	59	37
40	46	250	255	94	41	58	34
42	46	253	230	82	39	60	32
45	46	264	284	94	41	43	29
49	46	275	283	90	40	55	29
51	50	210	260	90	41	55	24
50	55	218	259	89	43	58	26
49	60	214	270	90	43	60	27
43	57	215	209	73	38	82	29
43	64	270	236	69	36	70	28
37	62	263	219	63	35	70	30
36	61	259	228	70	35	77	32
38	57	265	222	78	38	76	31
45	57	296	236	80	38	50	30
43	58	231	184	70	36	50	31
49	58	235	178	67	33	51	31
50	56	248	186	69	30	46	30
48	53	242	180	67	26	53	30
46	57	234	241	88	29	55	33
48	53	248	258	98	34	57	34
42	51	240	275	99	37	56	34
44	50	232	270	93	38	60	34
47	53	245	272	89	40	51	35
47	62	258	212	64	37	50	31
51	59	277	245	70	38	50	32
51	61	286	224	68	37	52	33
51	63	294	216	68	37	61	36
49	62	290	241	72	35	61	35
46	49	251	236	76	35	61	36
39	46	260	189	71	35	70	34
47	46	288	211	80	36	69	34
45	47	303	219	85	38	51	31
43	47	302	192	83	40	51	31
44	47	313	214	88	43	52	30
46	46	273	214	84	42	36	31
37	47	234	208	75	41	56	29
38	43	219	212	71	39	58	28
40	46	229	233	79	41	57	28
39	50	302	223	70	38	57	27
46	52	332	218	69	37	60	30
45	48	339	219	78	38	57	34
48	51	338	225	87	40	59	36
46	52	341	211	81	36	59	37
44	45	273	207	81	36	58	36
35	44	234	197	78	35	63	32
41	45	224	203	74	33	58	32
39	43	213	185	72	34	55	33
39	52	196	213	78	39	56	31
39	63	218	257	86	41	56	33
43	68	244	267	89	44	64	40
37	67	245	268	89	44	57	37
38	69	250	271	88	41	61	35
43	65	314	256	80	39	61	35
50	60	289	204	71	44	83	41
47	54	271	193	67	40	73	34
48	59	273	171	65	42	71	34
45	57	270	169	51	41	68	33
42	51	185	164	57	43	89	35
36	47	217	180	69	38	71	28
40	48	221	182	69	37	69	30
41	50	216	184	65	35	68	31
41	50	203	195	82	39	80	33
40	50	224	190	79	36	57	32
41	52	221	172	67	32	53	33
41	53	245	220	71	35	53	30
39	49	282	240	81	40	69	29
39	49	297	228	74	40	56	29
37	45	288	231	78	40	54	28
34	49	268	236	83	43	58	25
33	47	264	188	79	42	72	35
35	46	254	165	75	37	61	34
37	46	255	183	71	33	60	32
41	46	253	163	69	32	62	32
54	45	255	162	65	29	80	37
51	43	245	165	64	27	67	28
52	42	224	165	60	31	65	30
53	46	222	145	55	30	65	31
51	47	214	145	45	32	67	33
37	50	216	164	64	35	39	29
41	50	203	175	72	40	63	32
39	50	237	186	70	36	65	29
