0	1	2	3	4	5	6	7
40	97	215	136	57	40	26	28
41	91	213	160	61	44	25	29
43	84	237	165	62	41	31	31
41	69	251	170	59	40	26	27
48	75	216	174	60	39	28	33
49	83	222	184	64	37	29	33
51	89	217	169	65	36	30	39
49	81	196	165	62	36	27	37
52	84	185	155	68	37	28	38
47	81	174	154	65	40	29	35
53	91	160	144	68	41	29	37
51	93	182	161	84	40	29	29
55	96	170	165	90	44	32	31
51	106	168	163	89	45	33	31
50	106	175	160	96	48	32	29
48	97	186	161	91	46	32	32
48	99	159	134	72	44	30	34
43	99	166	128	78	47	29	34
47	88	159	152	84	46	30	34
47	84	163	159	81	43	28	34
42	77	141	154	81	43	32	32
44	80	144	148	86	45	33	29
43	81	165	152	74	39	29	29
41	82	168	150	73	43	31	30
41	84	197	142	79	48	31	30
41	86	191	142	82	49	27	26
33	74	180	144	79	49	28	26
36	76	228	190	84	50	27	28
44	97	230	184	82	50	29	29
52	115	218	194	73	43	28	30
54	117	231	204	80	44	33	37
58	117	237	212	83	45	34	39
55	116	199	165	86	48	36	37
50	115	197	153	80	46	35	37
44	100	173	137	81	46	35	40
42	94	189	119	67	41	29	33
39	93	192	110	62	39	25	32
42	93	186	126	61	37	24	34
40	69	235	137	63	39	25	37
36	60	239	145	69	41	27	34
37	67	228	149	71	43	29	33
37	71	224	146	76	44	32	31
36	100	223	128	68	43	31	30
36	108	173	120	70	41	32	24
39	108	182	153	78	47	31	28
39	104	175	155	83	49	33	30
40	106	169	156	80	50	31	31
42	87	179	155	83	52	34	33
43	79	189	160	79	51	32	33
40	87	183	131	67	44	32	30
42	89	187	131	65	40	28	30
41	92	189	141	77	43	27	30
38	86	167	150	76	42	28	28
41	99	153	147	75	41	28	29
43	103	188	146	75	43	28	34
43	111	174	151	75	42	30	34
43	111	167	137	64	35	30	35
49	112	159	139	64	35	30	40
45	110	157	133	64	37	30	40
52	119	137	129	64	35	29	37
60	113	158	125	65	40	28	41
77	109	170	131	63	39	28	45
80	117	193	143	65	40	28	40
87	115	224	151	79	47	33	41
84	96	221	149	80	55	32	39
95	97	213	174	92	56	32	44
81	96	240	183	94	58	34	38
78	112	235	172	93	56	33	41
77	109	211	172	88	58	30	46
80	113	215	178	88	53	30	50
59	110	241	151	74	49	28	41
63	123	228	141	75	49	26	46
62	109	246	157	77	48	24	43
55	123	238	156	87	41	24	38
48	120	224	153	89	37	25	38
49	123	194	168	95	36	25	41
48	118	208	182	101	36	28	38
46	108	199	168	97	36	28	40
42	91	220	167	84	37	30	37
46	98	226	167	81	43	32	34
48	96	251	168	78	44	32	31
45	95	254	166	70	50	37	36
45	97	257	168	75	52	38	34
48	97	239	155	75	51	36	37
49	111	234	156	72	46	33	38
50	107	205	141	72	47	36	39
53	100	200	128	79	43	31	33
53	105	179	138	81	43	32	35
52	135	184	144	79	40	31	37
46	123	187	146	83	46	31	35
44	122	219	147	78	48	29	33
44	124	202	156	73	48	30	34
45	117	192	141	68	47	27	31
42	80	216	150	73	52	32	28
46	99	208	150	78	50	33	30
44	108	191	143	83	47	33	30
42	118	233	134	90	50	32	31
38	116	236	141	97	49	33	32
43	125	229	132	95	44	28	33
39	104	259	145	93	42	26	32
43	94	262	149	94	50	32	39
42	84	249	154	79	46	33	39
49	100	263	145	69	47	31	39
48	117	266	167	77	54	36	40
48	121	243	146	72	51	36	40
50	127	254	142	68	52	40	38
51	124	239	126	75	54	38	36
49	114	224	146	79	59	41	41
55	93	216	125	73	54	39	38
57	95	213	133	75	60	45	42
52	91	192	152	77	57	41	38
48	90	161	156	76	56	42	39
46	132	148	139	76	52	43	35
36	126	137	146	72	58	42	34
36	123	152	151	71	51	36	28
42	125	147	152	82	54	38	32
45	127	151	166	84	52	38	32
44	89	149	171	83	50	34	31
47	94	160	158	86	43	33	33
48	91	166	184	84	45	34	36
45	90	166	183	76	40	29	34
45	92	198	184	81	46	32	35
52	112	203	185	88	55	37	37
48	111	218	219	90	59	37	35
45	110	215	203	91	58	37	32
48	121	217	195	85	56	39	34
46	122	207	187	81	50	35	31
51	104	225	198	78	42	30	33
52	114	196	193	92	44	29	32
53	115	179	195	95	45	28	32
51	129	177	197	95	43	23	30
55	138	157	188	94	47	27	33
44	131	140	173	89	48	27	29
43	118	153	137	67	40	27	31
47	121	168	115	64	40	29	32
50	90	169	105	63	39	29	35
50	116	196	132	59	32	27	35
55	125	203	144	65	33	30	37
58	132	196	148	69	35	28	37
56	134	186	151	63	34	28	35
52	134	195	151	61	34	28	30
47	100	173	130	59	35	26	30
41	95	153	120	53	34	26	29
38	93	153	114	50	33	26	31
38	96	177	114	54	35	26	32
37	97	204	136	67	40	27	33
38	93	232	137	68	42	28	32
42	88	253	156	68	41	24	31
43	81	255	158	68	40	25	27
42	69	239	162	72	39	26	27
44	75	206	148	64	36	28	26
46	78	166	157	65	34	27	28
49	78	139	139	69	38	27	27
49	85	144	135	67	37	28	31
49	97	143	132	66	40	28	32
56	108	131	136	62	37	25	35
57	104	119	133	67	40	28	37
52	105	134	133	62	36	27	37
52	118	142	138	67	37	27	38
51	107	140	129	64	33	26	39
46	109	144	123	66	36	27	36
44	109	151	113	58	34	25	34
44	112	152	117	59	34	23	35
44	98	154	115	58	36	24	34
43	99	161	126	69	42	27	32
41	96	183	139	79	45	29	34
38	94	187	143	84	47	30	32
37	94	176	142	84	46	32	33
37	96	161	142	85	46	31	29
40	98	154	134	77	42	29	32
39	115	159	131	66	39	27	30
39	116	161	132	65	39	28	29
39	107	153	123	60	39	28	27
40	116	149	128	63	37	29	29
37	117	154	133	61	35	29	29
41	100	123	115	63	36	28	28
41	100	116	121	64	32	28	30
43	102	120	121	68	36	26	31
41	93	116	140	77	41	28	32
44	91	106	133	78	45	25	33
37	82	122	131	79	43	25	34
42	102	141	125	77	47	27	35
41	126	145	137	76	44	28	35
40	124	149	114	59	41	25	33
39	128	157	150	63	39	28	31
45	159	157	160	63	41	29	30
40	152	131	153	61	38	26	27
42	156	132	158	63	44	31	28
43	159	133	154	63	42	30	27
45	175	214	156	61	44	31	26
49	154	201	149	58	44	31	28
51	152	217	165	61	42	31	30
48	137	219	162	58	38	26	29
51	148	226	165	57	37	30	32
49	125	147	130	53	33	31	31
41	116	164	138	52	36	31	28
42	113	151	128	49	37	33	30
47	129	145	116	51	36	34	30
43	112	138	115	55	40	31	28
46	114	142	117	67	44	34	32
48	108	130	111	71	42	33	32
47	112	156	110	73	43	33	32
44	84	161	103	74	44	32	33
45	80	151	108	78	42	31	33
42	70	176	120	70	38	24	32
41	78	175	130	74	41	25	33
39	74	177	141	75	40	22	31
39	77	174	147	74	42	27	28
38	74	186	153	67	41	28	30
37	77	176	157	68	41	28	27
40	85	184	147	60	39	29	30
41	88	168	145	61	37	30	33
42	84	180	148	66	36	26	34
42	91	191	171	80	41	24	31
45	92	186	172	83	44	24	35
46	81	180	170	83	42	23	31
43	73	173	158	80	43	24	27
40	68	158	154	75	42	26	26
45	61	140	123	63	37	26	29
42	64	144	122	59	33	28	28
38	58	144	130	61	35	28	28
43	63	135	129	58	34	25	30
43	73	180	163	69	38	25	30
40	97	174	166	74	44	29	30
39	104	164	151	74	46	29	29
43	109	162	144	77	51	34	34
38	106	162	142	94	57	35	32
44	103	119	104	99	54	34	35
43	84	133	107	95	47	31	32
46	79	149	121	101	45	29	32
44	89	148	127	98	36	24	27
46	87	148	131	87	31	27	32
40	86	144	134	78	33	30	30
45	87	161	121	75	35	28	31
45	79	138	110	67	35	29	31
