0	1	2	3	4	5	6	7
89	238	247	74	45	31	30	40
142	322	243	88	58	40	39	77
150	322	256	90	55	52	37	82
166	311	249	91	56	55	38	93
196	421	381	102	77	65	50	107
195	438	443	109	81	69	50	116
172	424	441	91	72	64	43	98
189	520	435	91	76	75	49	99
190	562	460	90	73	76	49	89
197	506	451	115	65	78	41	94
200	467	395	108	59	79	40	91
280	523	433	126	69	86	49	112
309	513	468	137	73	82	47	174
320	550	474	135	73	115	50	179
323	610	417	123	63	118	61	177
338	658	414	181	116	119	72	179
336	649	464	186	118	124	77	178
344	614	460	184	116	118	84	128
332	564	427	191	118	85	91	128
306	491	414	196	123	70	86	120
291	478	457	263	136	79	81	115
228	452	400	346	194	88	76	100
159	441	376	357	203	88	71	84
156	499	390	369	206	88	59	76
154	531	439	376	211	92	58	76
149	507	451	350	185	83	53	65
122	456	474	449	158	66	61	61
155	449	551	489	156	89	392	136
155	347	543	486	157	91	437	145
163	273	530	510	158	91	437	145
160	220	537	602	194	94	440	145
160	218	498	506	174	90	445	147
120	233	406	476	174	68	228	83
127	271	465	507	177	64	124	67
113	267	488	565	218	72	119	63
122	271	476	458	191	68	107	59
187	270	535	539	202	70	76	75
327	250	579	603	224	73	57	152
370	236	560	616	229	76	64	173
438	231	519	638	213	78	80	216
657	315	528	688	220	81	104	299
717	367	471	613	204	81	111	329
809	368	427	554	175	79	120	359
818	415	400	510	165	79	123	376
831	418	408	373	127	65	114	366
702	389	383	403	142	64	99	309
640	364	403	423	142	60	92	280
460	348	386	406	152	74	92	211
420	271	370	411	159	80	145	166
318	299	385	425	160	94	236	145
236	270	359	282	137	102	275	133
190	235	302	240	135	102	276	116
144	298	369	304	132	89	272	99
97	307	386	338	133	83	250	91
76	293	343	330	131	68	170	73
88	291	318	325	117	46	96	66
93	304	334	335	119	56	94	67
95	241	287	286	114	62	87	59
92	262	304	276	106	64	110	44
114	240	306	273	107	68	165	47
142	222	321	328	130	72	170	52
137	204	378	424	157	70	187	50
134	208	419	513	168	67	193	52
135	160	417	505	162	64	194	58
122	196	447	534	166	70	178	63
82	208	494	558	160	66	188	58
78	219	481	495	133	60	171	57
79	238	432	401	114	58	165	55
76	239	467	425	115	55	152	49
72	208	497	390	104	40	117	42
71	197	439	317	89	37	98	46
80	206	419	325	109	59	103	48
79	165	460	337	109	62	102	48
77	162	392	311	125	69	84	51
131	157	339	303	127	70	98	77
133	147	338	297	123	73	99	78
131	102	335	286	106	60	91	76
132	98	282	281	106	58	91	78
132	86	288	268	87	52	92	76
93	88	250	272	85	49	91	50
93	95	272	277	82	44	77	43
96	117	258	258	78	42	77	43
100	112	262	238	73	42	99	40
101	119	286	229	72	47	101	43
84	122	292	238	80	47	94	39
78	138	262	235	84	48	105	41
87	127	240	234	78	46	124	48
84	130	239	245	88	51	109	46
83	125	230	237	88	49	113	43
101	153	242	215	80	51	120	48
100	143	276	223	82	50	121	47
83	140	277	226	98	52	99	40
83	138	319	216	91	46	107	39
91	149	345	229	94	41	102	41
82	116	344	225	93	41	84	36
84	105	332	220	92	41	69	36
85	91	326	220	81	38	77	33
80	89	279	229	84	38	64	35
68	130	246	239	82	41	63	31
58	144	259	268	84	39	65	28
54	150	263	250	81	38	64	27
69	153	265	247	78	41	74	37
72	150	300	239	74	42	73	37
78	118	289	222	67	39	72	40
78	98	307	208	64	37	72	40
87	97	287	206	70	40	83	46
74	90	325	201	71	36	67	37
69	93	310	186	73	43	68	42
63	69	316	177	77	44	67	44
63	73	312	179	84	47	73	45
49	61	324	195	83	47	59	39
51	59	307	230	89	48	57	40
51	66	285	231	88	42	55	33
49	67	321	275	98	44	53	31
49	59	279	261	94	44	59	31
47	64	294	273	95	41	62	29
42	96	295	320	105	42	62	29
41	95	287	333	107	43	64	30
38	100	271	305	99	40	64	29
34	101	278	308	99	39	70	29
32	98	281	296	94	39	64	27
34	68	255	213	81	39	67	27
38	66	248	183	77	39	64	27
37	56	202	162	77	38	65	26
41	68	228	177	80	40	41	25
47	68	211	157	83	40	37	29
50	98	238	169	78	39	49	31
47	93	248	175	77	36	51	33
58	104	308	210	81	43	54	36
58	96	316	224	81	42	55	38
54	95	304	232	77	42	54	38
59	81	299	220	75	42	43	38
59	89	358	273	81	44	55	37
50	90	321	256	75	39	55	34
54	95	303	245	74	37	54	32
56	95	291	237	73	38	56	32
46	84	270	235	71	31	52	28
47	75	178	184	66	34	56	28
48	59	202	184	66	30	53	29
43	50	182	172	66	33	55	30
41	56	188	176	69	33	53	27
