0	1	2	3	4	5	6	7
230	264	220	189	88	50	63	131
290	269	227	191	92	55	62	118
315	304	286	257	112	60	63	115
314	315	308	295	120	57	61	113
310	322	322	337	128	61	100	99
357	325	329	325	125	72	227	93
401	349	337	358	159	100	238	101
501	337	316	314	159	114	240	165
516	326	309	288	156	120	247	170
533	285	266	220	145	124	252	183
504	293	255	225	142	119	172	185
408	276	283	196	106	96	172	174
267	254	356	257	126	89	170	139
268	213	346	254	125	84	168	193
356	251	363	305	151	86	163	286
364	321	399	315	157	93	159	300
358	312	393	311	156	90	143	302
349	314	303	268	127	81	160	296
329	317	321	290	144	83	166	269
189	311	344	246	121	81	141	157
187	222	328	253	119	75	186	168
192	230	345	283	125	81	288	184
182	225	364	279	119	79	285	175
156	245	358	258	100	77	280	161
173	218	390	315	120	76	288	163
167	325	395	318	128	82	252	128
169	343	386	341	141	84	126	98
179	371	392	346	147	87	110	103
187	361	385	354	148	83	103	106
184	363	327	335	142	77	79	105
166	300	315	330	133	68	66	96
148	283	311	282	114	57	62	100
144	253	285	290	114	60	61	95
134	255	287	315	120	85	81	97
152	248	287	286	107	92	136	104
155	207	270	281	112	94	138	105
208	220	261	264	110	94	140	120
206	214	249	273	115	90	139	121
201	217	263	228	107	67	130	116
202	261	257	227	114	64	92	104
206	253	303	223	109	62	89	115
163	220	302	232	111	63	84	97
158	227	299	191	98	63	96	97
157	224	295	210	109	66	95	98
135	181	292	195	95	58	83	99
111	188	269	192	93	54	94	80
94	199	253	198	95	55	96	70
99	191	251	195	92	51	84	69
133	189	226	158	77	48	82	76
130	181	220	172	84	48	69	74
145	191	180	165	86	58	75	78
148	212	176	148	81	57	73	81
150	217	181	147	90	61	73	82
122	209	196	153	89	63	74	77
123	209	225	134	86	65	72	69
109	212	220	137	81	54	44	64
117	186	235	132	83	54	39	66
118	163	231	130	70	56	39	65
118	170	212	135	67	52	36	63
107	174	179	123	64	47	34	59
118	158	246	130	74	51	34	64
108	156	240	144	69	46	56	57
100	176	248	151	72	38	55	54
96	161	260	139	69	39	55	51
95	160	287	148	69	41	56	53
80	159	240	138	58	39	63	56
89	179	231	126	59	42	46	59
93	177	280	143	66	41	44	57
98	183	275	147	65	42	44	61
101	178	269	147	69	42	42	59
103	191	273	154	78	45	29	54
101	180	281	156	76	49	30	55
106	195	234	135	76	53	32	62
107	191	234	134	79	51	33	63
102	194	228	144	77	49	35	61
93	191	231	132	73	46	35	58
94	190	206	137	75	42	32	59
90	189	199	130	65	41	28	51
81	201	282	145	67	48	34	45
84	210	305	140	65	49	34	48
85	218	310	140	62	47	36	53
75	216	318	131	69	45	37	56
75	210	326	135	69	48	41	65
91	204	281	155	67	41	36	67
88	190	239	151	67	39	33	65
87	173	220	161	66	41	32	63
80	172	233	172	63	41	32	55
90	152	236	185	65	35	27	46
103	193	218	164	65	33	30	49
108	224	257	165	70	34	31	56
111	223	253	155	67	34	31	55
115	239	276	159	64	37	32	59
