0	1	2	3	4	5	6	7
195	99	292	339	108	69	89	84
173	135	321	341	106	67	129	83
152	153	407	300	100	67	133	84
134	156	455	324	101	68	135	85
131	160	492	299	91	67	137	85
119	160	491	263	85	60	127	68
93	129	470	239	78	53	91	52
82	109	415	295	90	47	83	42
99	101	373	325	96	44	82	48
157	100	325	331	97	46	96	77
170	97	354	334	113	47	91	78
227	107	343	340	117	52	77	90
237	102	336	397	128	54	74	90
235	105	328	362	125	51	74	88
200	97	334	376	138	49	55	67
185	95	278	392	128	51	57	63
111	79	277	397	124	44	53	46
97	85	240	317	112	44	60	48
93	77	223	305	108	41	58	47
90	103	286	326	94	40	57	62
90	141	294	308	93	46	69	69
95	150	299	294	91	48	74	73
125	146	295	247	72	45	69	77
135	146	343	288	93	58	73	81
163	127	340	281	102	63	72	72
164	93	420	300	101	58	65	68
164	79	424	312	104	60	63	66
153	71	422	329	106	61	63	63
173	71	394	286	82	53	63	64
153	78	372	245	70	49	63	62
