0	1	2	3	4	5	6	7
239	73	324	369	121	65	259	80
245	73	383	327	89	59	264	88
249	73	416	376	84	60	266	90
215	76	450	396	84	59	247	75
247	83	466	427	81	47	187	88
227	81	479	447	95	45	193	87
223	91	471	425	102	49	188	80
233	106	463	410	111	52	195	96
269	104	506	478	139	70	262	108
240	98	500	453	142	72	242	93
237	98	497	461	143	74	225	93
248	91	478	463	141	73	231	104
214	71	454	435	139	78	286	90
165	67	433	357	106	60	232	84
167	73	445	398	110	60	221	85
164	68	389	382	103	62	220	83
141	125	364	367	97	65	239	74
148	262	374	352	96	59	196	73
124	278	321	342	95	57	204	61
109	283	305	317	94	54	201	59
115	289	311	303	94	52	199	63
122	283	342	288	89	47	170	59
103	242	318	280	79	41	124	48
108	279	349	438	121	50	95	49
106	286	324	440	125	53	95	48
91	283	339	416	119	90	133	43
90	360	334	424	125	122	151	41
86	338	343	427	125	128	145	37
92	308	289	261	102	182	143	60
129	346	360	214	108	188	147	74
134	363	332	196	105	175	106	73
128	293	302	161	95	166	70	76
135	291	347	146	100	201	78	116
128	289	365	110	87	166	73	105
109	278	296	75	60	162	54	100
104	306	448	84	72	172	53	102
138	367	528	84	75	162	67	125
200	482	586	113	85	133	77	120
235	595	617	137	111	127	88	131
238	596	619	141	113	122	88	128
242	594	588	148	116	430	104	135
313	751	599	163	132	471	122	160
312	736	524	141	124	470	116	157
307	741	470	120	101	472	109	151
310	761	478	123	103	482	112	157
313	750	460	110	97	259	97	151
233	590	354	85	70	172	61	103
214	588	405	90	65	160	54	86
181	484	416	85	59	144	50	83
162	450	482	91	64	113	47	74
152	445	436	115	61	67	44	72
198	395	431	141	81	62	52	87
179	279	395	163	111	64	47	75
185	245	444	199	125	67	51	80
190	211	361	196	121	55	47	77
198	251	342	182	120	55	48	81
168	257	364	163	108	49	58	61
176	255	327	146	87	50	59	77
188	250	238	132	92	46	56	76
180	237	259	155	97	44	56	72
172	177	247	158	98	44	63	75
175	160	213	177	106	49	73	75
169	218	221	214	113	41	77	68
161	211	229	227	105	41	78	68
189	204	258	240	105	42	94	80
219	207	308	299	116	44	127	79
202	199	312	308	125	43	128	88
184	96	321	373	143	44	204	82
194	87	358	391	146	48	238	88
170	84	334	514	204	68	253	81
134	79	318	491	205	83	297	92
121	73	313	482	198	80	306	84
122	73	294	426	180	85	329	84
85	73	227	396	171	86	339	78
78	67	186	187	92	78	348	76
59	46	130	160	73	61	313	59
58	47	106	152	67	61	300	56
55	41	105	125	54	53	225	47
50	38	96	112	50	46	178	40
47	38	73	98	43	30	150	37
43	36	65	97	42	28	121	27
41	32	68	98	40	34	134	28
37	30	74	109	47	36	145	31
42	33	93	116	49	38	140	33
41	30	95	112	44	38	129	30
41	29	95	109	43	38	139	32
39	33	96	113	45	34	149	32
40	31	83	85	38	32	141	31
38	32	104	93	43	30	154	30
36	33	107	92	50	36	147	33
40	32	106	91	50	35	135	33
41	35	101	79	48	33	147	36
37	35	100	74	46	31	144	34
32	31	56	49	40	31	129	31
42	33	59	61	33	21	121	30
38	33	58	62	33	24	127	29
37	29	104	77	36	24	94	29
38	28	108	83	39	24	92	29
39	32	113	88	39	26	106	33
28	30	110	77	37	23	105	30
30	31	110	74	39	25	107	30
28	31	68	60	33	24	111	29
27	33	68	66	31	24	104	28
29	31	56	67	37	24	92	26
33	38	79	101	43	25	97	27
33	37	78	104	44	22	101	28
33	36	79	104	44	27	89	27
33	36	74	96	43	27	93	28
29	35	71	89	38	26	109	27
26	26	44	53	30	28	106	29
27	28	46	49	29	31	118	30
27	27	65	56	28	30	114	28
27	28	70	61	31	30	112	29
29	29	71	62	28	30	94	28
27	29	69	59	30	31	92	27
27	29	71	63	29	28	86	26
27	31	53	58	33	27	84	27
29	30	61	72	34	28	114	26
27	29	59	79	37	27	124	26
34	31	62	81	37	25	126	26
33	31	60	77	37	28	109	25
33	33	62	86	40	28	126	26
31	33	49	69	40	29	101	27
32	33	54	60	37	30	91	27
26	32	53	55	37	32	104	28
28	33	69	83	45	33	105	29
29	32	67	77	45	31	82	29
32	33	69	82	43	29	78	28
30	32	66	84	44	28	93	26
30	32	62	84	43	25	76	26
28	31	41	53	35	24	71	26
29	32	56	51	31	24	71	27
26	30	52	45	35	23	94	30
28	31	53	40	34	24	81	31
30	30	53	38	35	25	79	34
30	30	53	38	35	25	79	34
